0.22710215
0.0146021815
0.006518805
0.0068471073
0.012634717
0.0046351478
0.0043625915
0.0041028904
0.012284686
0.0025894872
0.0030555574
0.0021665283
0.00752472
0.002144424
0.0032366554
0.010869043
0.006437599
0.0012843343
0.0010710676
0.0016972602
0.003762454
0.0023760013
0.0012060133
0.00085911783
0.0029867052
0.0011549069
0.0007054542
0.00095192424
0.0027949156
0.0007861268
0.00072332576
0.00145681
0.009849082
0.00080170954
0.0014281216
0.0009881062
0.012822367
0.0011117018
0.0010084233
0.0008778986
0.002141226
0.0012155133
0.0007064262
0.001224261
0.0017609706
0.001061787
0.0016052376
0.000762016
0.0043369443
0.002828464
0.0019457055
0.0056650485
0.0021708237
0.0017016496
0.0014543331
0.0014168969
0.0030770346
0.0029151563
0.0019990692
0.00343829
0.0024178582
0.0019563343
0.0014776601
0.001577427
0.0050318013
0.005365528
0.001815118
0.0029491435
0.0063910703
0.012163097
0.0029957662
0.0016037953
0.008318873
0.002715591
0.0012186173
0.00122169
0.005338439
0.008000416
0.0018296033
0.0013234008
0.009500901
0.0028377445
0.0021221004
0.004822234
0.0031752966
0.004390559
0.00404335
0.0031479876
0.0022810001
0.003034237
0.0013513995
0.002160665
0.0026140998
0.0035651461
0.0029071611
0.0026731386
0.0018408593
0.004029147
0.0014088391
0.0025173428
0.0032645287
0.007051313
0.004196261
0.0013251252
0.0037656205
0.0039882935
0.004332586
0.0010103672
0.0038006739
0.0015794337
0.003580478
0.00409963
0.0031300534
0.0006622804
0.0046296297
0.0039489446
0.010979721
0.007891869
0.0016931528
0.0013478879
0.001972795
0.0014516367
0.0008048135
0.00065607246
0.0017799081
0.002095983
0.0013751969
0.00080029864
0.003526017
0.0015173537
0.0013180707
0.0120158605
0.0048055854
0.007149669
0.0010947082
0.0008537564
0.002341481
0.017094756
0.0011439646
0.028979871
0.0013654459
0.0133987395
0.00066441245
0.000595811
0.003696831
0.0003907276
0.00046381264
0.0008882766
0.0014513859
0.0008825703
0.000474222
0.00050291047
0.0010453264
0.0005779708
0.00041994906
0.00040364524
0.0011526495
0.0006428413
0.00047271705
0.0004736263
0.0011440587
0.001052569
0.0004343717
0.00070119015
0.0010460162
0.00072925154
0.0004398272
0.00045823172
0.0011670408
0.00046791995
0.0006057814
0.0004429939
0.0013798372
0.00043358785
0.00051219115
0.0004588588
0.001424171
0.00047945805
0.0004343717
0.0005288398
0.0013452228
0.0008196438
0.0020558818
0.00086212775
0.0029575464
0.00088413793
0.0009975123
0.0006905613
0.0013659789
0.0007823331
0.0008514362
0.0007188108
0.00700955
0.0029003262
0.0026999144
0.004152962
0.0041219536
0.0010635115
0.0041618976
0.0052117393
0.0028761213
0.002028761
0.0008973378
0.0010017137
0.007502051
0.00075602747
0.0015604647
0.0009920881
0.0022074447
0.0011505801
0.001306658
0.0009449011
0.0017410611
0.00064240233
0.000787914
0.00079343223
0.0026088639
0.0009308861
0.00076486915
0.0012006517
0.0013731902
0.0006273526
0.0006376679
0.000650711
0.0022199233
0.00075499277
0.00087332097
0.0006447852
0.0018551565
0.0011135204
0.00080741587
0.00093837956
0.015614147
0.0051596607
0.0010887197
0.0030937775
0.0047454494
0.00081650843
0.00072251057
0.0012318485
0.0041423333
0.0018459386
0.0013955139
0.0013642231
0.0021359273
0.0011151193
0.0022124613
0.0021653057
0.0038024297
0.0019961533
0.0020310185
0.0019620094
0.006408691
0.0025673204
0.0035386526
0.057261094
0.033395443
5.628286e-06
1.8813213e-06
2.335974e-06
2.9474033e-06
1.7574675e-05
7.870194e-06
1.3263315e-05
1.1601481e-06
1.1131151e-06
6.898178e-07
1.4893793e-06
1.2228588e-06
1.0974373e-06
8.4659456e-07
1.8499659e-06
0.005888504
5.573414e-05
7.4155414e-06
7.149021e-06
8.450268e-06
5.622015e-05
1.5426835e-05
4.8146147e-05
3.7156094e-06
1.9753872e-06
4.6876253e-06
4.797369e-06
7.039277e-06
8.889243e-06
3.1355355e-06
1.1319283e-05
0.0021048223
3.482012e-05
1.2557819e-05
6.3808147e-06
2.1384352e-05
2.180765e-05
1.48781155e-05
1.6649694e-05
6.4748806e-06
5.926162e-06
6.161327e-06
4.86008e-06
5.0168564e-06
4.6405926e-06
5.2206665e-06
8.058326e-06
0.0019008556
6.829196e-05
2.8705826e-05
7.901549e-06
7.852948e-05
4.3709362e-05
2.4065233e-05
2.1102152e-05
1.9001345e-05
7.729095e-06
7.807483e-06
6.647335e-06
8.575689e-06
8.418912e-06
8.967631e-06
3.935097e-05
0.002146666
6.948347e-05
7.27601e-05
5.1375748e-05
4.6656765e-05
4.4038596e-05
4.751904e-05
5.070161e-05
3.138671e-05
2.611901e-05
2.787491e-05
2.7984654e-05
2.2905086e-05
1.9111088e-05
3.563536e-05
0.0011006199
0.0036668363
0.00017617006
0.00019234941
7.653842e-05
0.00012169013
9.2090675e-05
0.00012844721
9.050723e-05
6.592463e-05
3.710906e-05
3.1951105e-05
2.740458e-05
3.381675e-05
6.1848434e-05
0.00012722435
0.00081740273
0.009524643
0.0004222939
0.00037107494
0.00031543485
0.00024327051
0.00043102636
0.0007175673
0.00030471134
0.00022597803
0.00012131387
9.579061e-05
8.854752e-05
0.00011250301
0.00018488684
0.00040254003
0.0014649065
0.029779058
0.0011073144
0.0013957992
0.00061602297
0.0012182182
0.0021934167
0.0033001667
0.0019932128
0.00056552514
0.00059764873
0.00034509704
0.00035945777
0.00045153277
0.0004609394
0.00068000355
0.0053780703
0.055201884
0.0016101288
0.004720799
0.002287577
0.003275882
0.0035624541
0.0105109885
0.005869111
0.0017124099
0.0008266682
0.00092670746
0.0008785927
0.0009199347
0.00074313756
0.0010632914
0.008025607
0.023489127
0.0011617158
0.0026625555
0.0013748852
0.0034933158
0.0017302198
0.0065743714
0.003660769
0.0010194409
0.00032952908
0.0003606336
0.00052755384
0.001140018
0.0007468375
0.00094892277
0.0027627673
0.011711962
0.0006836878
0.0023204372
0.0014103638
0.003279723
0.001976516
0.006105922
0.003570293
0.0005944034
0.00037554308
0.00038825767
0.00041729273
0.00043671738
0.00039205168
0.0006551858
0.00106453
0.0115461545
0.0015336531
0.0022904458
0.012580897
0.0030604394
0.0019181011
0.0036082175
0.0025755444
0.0023354252
0.0011726746
0.0012006749
0.001299115
0.0015400653
0.0011769859
0.0014107244
0.0026693284
0.023908269
0.0030722131
0.0048622903
0.002890117
0.007763382
0.003561545
0.0027971799
0.0025163298
0.013050459
0.001551165
0.0013363966
0.002101279
0.004770858
0.0021741646
0.003908915
0.009091673
0.07647759
0.0125469705
0.014032618
0.011242541
0.031782635
0.023301715
0.010517244
0.013956973
0.052669376
0.0054292423
0.003681636
0.0073061893
0.025435025
0.0073782755
0.020168219
0.040792327
0.03313731
0.0072693625
0.00595689
0.007044482
0.013402031
0.0152110625
0.0068852594
0.01004279
0.025118649
0.003044354
0.002644244
0.0037341404
0.013642134
0.004588668
0.011847009
0.022272037
0.000795501
0.0004358551
0.00043471062
0.00046274232
0.00048503597
0.00046644226
0.0005338876
0.0004893473
0.0004489146
0.0004104259
0.00041434533
0.0004120407
0.00041047295
0.00041846855
0.0004151292
0.00044781718
118658.0
17.184168
2039039.0
0.07431099
0.0015536731
0.0073014786
0.0018817688
0.011561329
0.0036718277
0.0013403373
0.0010902195
0.0051632165
0.0029690457
0.0009273977
0.0011260207
0.005874826
0.006268149
0.011405373
0.0036424021
0.017622028
0.010487293
0.010014522
0.009251417
0.008294104
0.0071357144
0.0070430236
0.0072445893
0.009298498
0.008093518
0.009281333
0.0071955468
0.009570194
0.009379908
0.007952276
0.00981786
0.017180642
0.017283631
0.0037566717
0.01225087
0.010642269
0.0065133623
0.00576448
0.005035215
0.007671751
0.008046438
0.0013584831
0.0019842682
0.0074275187
0.005370667
0.00482286
0.0037292077
0.010491707
0.0022647923
0.00524708
0.01694818
0.008686445
0.007568271
0.010092009
0.0071141357
0.004159312
0.0022716583
0.0010813918
0.0038807497
0.005659038
0.0043819663
0.003936168
0.0108717885
0.00273266
0.031765945
0.008247512
0.020926524
0.01895746
0.057647746
0.008937053
0.009455435
0.010405392
0.03333335
0.0035045922
0.0034839942
0.025136352
0.0127118705
0.031136727
0.03415187
0.017421443
0.00160762
0.034879666
0.027205463
0.047575355
0.014341069
0.00607443
0.004946448
0.005693859
0.008640345
0.0011932092
0.00074986304
0.0028954817
0.00063412223
0.0014722622
0.0008719794
5.931979
52.0
839.0
64.0
341.0
31894344.0
2199552.0
0.0
0.0
9.0
1.0
1.0
0.0
0.0
0.0
1515235000.0
0.0
0.0
0.0
0.0
0.0
1.0
0.0
0.0
0.0
0.0
0.0
0.0
-1.0
1.0
-1.0
-1.0
1.0
0.0
0.0
0.0
0.0
0.0
0.0
0.0
0.0
0.0
0.0
0.0
-1.0
0.0
0.0
0.0
0.0
0.0
0.0
0.0
0.0
0.0
0.0
0.0
0.0
-1.0
0.0
0.0
0.0
0.0
0.0
0.0
0.0
0.0
0.0
0.0
6.0
0.0
4.0
0.0
4.0
0.0
1089536.0
1024.0
4096.0
4.0
0.0
0.0
2.0
4.0
0.0
0.0
0.0
0.0
0.0
0.0
0.0
0.0
0.0
0.0
0.0
0.0
0.0
0.0
0.0
0.0
0.0
-4608.0
0.0
0.0
0.0
0.0
0.0
0.0
0.0
0.0
0.0
0.0
-1086976.0
0.0
0.0
0.0
0.0
0.0
1093632.0
0.0
0.0
0.0
0.0
0.0
0.0
0.0
0.0
1536.0
0.0
0.0
0.0
0.0
0.0
0.0
0.0
0.0
0.0
0.0
0.0
0.0
0.0
0.0
0.0
0.0
0.0
0.0
0.0
0.0
0.0
0.0
0.0
-4.6010494
0.0
0.0
0.0
0.0
0.0
0.0
0.0
0.0
0.0
0.0
-5.831549
0.0
0.0
0.0
0.0
0.0
6.4525476
0.0
0.0
0.0
0.0
0.0
0.0
0.0
0.0
4.65822
0.0
0.0
0.0
0.0
0.0
0.0
0.0
0.0
0.0
0.0
0.0
0.0
0.0
0.0
0.0
0.0
0.0
0.0
0.0
0.0
0.0
0.0
0.0
-8192.0
0.0
0.0
0.0
0.0
0.0
0.0
0.0
0.0
0.0
0.0
-1089536.0
0.0
0.0
0.0
0.0
0.0
1093632.0
0.0
0.0
0.0
0.0
0.0
0.0
0.0
0.0
4096.0
0.0
0.0
0.0
0.0
0.0
0.0
0.0
0.0
0.0
0.0
0.0
0.0
0.0
0.0
0.0
0.0
0.0
0.0
1.0
0.0
0.0
0.0
0.0
0.0
0.0
0.0
-1.0
0.0
0.0
0.0
0.0
0.0
0.0
0.0
0.0
0.0
0.0
-1.0
0.0
0.0
0.0
0.0
0.0
0.0
0.0
-1.0
0.0
0.0
0.0
0.0
0.0
0.0
0.0
0.0
0.0
0.0
0.0
0.0
0.0
0.0
0.0
0.0
0.0
0.0
0.0
0.0
0.0
0.0
0.0
-1.0
0.0
0.0
0.0
0.0
0.0
0.0
0.0
0.0
0.0
1.0
0.0
0.0
0.0
0.0
1.0
0.0
0.0
0.0
0.0
0.0
0.0
0.0
0.0
1.0
0.0
0.0
0.0
0.0
0.0
0.0
0.0
0.0
0.0
-1.0
0.0
0.0
0.0
0.0
0.0
0.0
0.0
0.0
0.0
0.0
0.0
0.0
0.0
0.0
0.0
0.0
0.0
0.0
0.0
0.0
0.0
0.0
0.0
0.0
0.0
0.0
0.0
0.0
0.0
0.0
0.0
0.0
-1.0
0.0
0.0
0.0
0.0
0.0
0.0
0.0
0.0
0.0
0.0
0.0
0.0
0.0
0.0
0.0
0.0
0.0
0.0
0.0
0.0
0.0
0.0
-1.0
0.0
0.0
0.0
0.0
0.0
0.0
0.0
0.0
0.0
0.0
0.0
0.0
0.0
0.0
-1.0
0.0
0.0
0.0
0.0
0.0
0.0
0.0
0.0
0.0
0.0
0.0
0.0
0.0
0.0
0.0
0.0
0.0
0.0
0.0
0.0
0.0
0.0
0.0
0.0
0.0
0.0
0.0
0.0
0.0
0.0
0.0
-1.0
0.0
0.0
0.0
0.0
0.0
1.0
0.0
0.0
0.0
0.0
0.0
0.0
0.0
0.0
0.0
0.0
1.0
0.0
0.0
0.0
0.0
0.0
0.0
0.0
0.0
0.0
0.0
0.0
0.0
0.0
0.0
0.0
0.0
0.0
0.0
0.0
0.0
0.0
0.0
0.0
0.0
0.0
0.0
0.0
0.0
0.0
0.0
0.0
0.0
0.0
0.0
0.0
0.0
0.0
0.0
0.0
0.0
0.0
0.0
0.0
0.0
0.0
0.0
0.0
0.0
0.0
0.0
0.0
0.0
0.0
0.0
0.0
0.0
0.0
0.0
0.0
0.0
0.0
0.0
0.0
0.0
0.0
0.0
0.0
0.0
0.0
0.0
0.0
0.0
0.0
0.0
0.0
0.0
0.0
0.0
0.0
0.0
0.0
0.0
0.0
0.0
0.0
0.0
0.0
0.0
0.0
0.0
0.0
0.0
0.0
0.0
0.0
0.0
0.0
0.0
0.0
0.0
0.0
0.0
0.0
0.0
0.0
0.0
0.0
0.0
0.0
0.0
0.0
0.0
0.0
-1.0
0.0
0.0
0.0
0.0
0.0
0.0
0.0
0.0
0.0
0.0
0.0
0.0
0.0
0.0
0.0
0.0
0.0
0.0
0.0
0.0
0.0
0.0
0.0
0.0
0.0
0.0
-1.0
0.0
0.0
0.0
0.0
0.0
0.0
0.0
0.0
0.0
0.0
1.0
0.0
0.0
0.0
0.0
0.0
0.0
0.0
0.0
0.0
0.0
0.0
0.0
0.0
0.0
0.0
0.0
0.0
0.0
0.0
0.0
0.0
0.0
0.0
0.0
0.0
0.0
0.0
0.0
0.0
0.0
0.0
0.0
0.0
0.0
0.0
0.0
0.0
0.0
0.0
0.0
0.0
0.0
0.0
0.0
0.0
0.0
0.0
0.0
0.0
0.0
0.0
0.0
0.0
0.0
0.0
0.0
0.0
0.0
0.0
0.0
0.0
0.0
0.0
0.0
0.0
0.0
0.0
0.0
0.0
0.0
0.0
0.0
0.0
0.0
0.0
0.0
0.0
0.0
0.0
0.0
0.0
0.0
0.0
0.0
0.0
1.0
0.0
0.0
0.0
0.0
0.0
0.0
0.0
0.0
0.0
0.0
0.0
0.0
0.0
0.0
0.0
0.0
0.0
0.0
0.0
0.0
0.0
0.0
0.0
0.0
0.0
0.0
0.0
0.0
0.0
0.0
0.0
0.0
0.0
0.0
0.0
0.0
0.0
0.0
0.0
0.0
0.0
0.0
0.0
0.0
0.0
0.0
0.0
0.0
0.0
0.0
0.0
0.0
0.0
0.0
0.0
0.0
0.0
0.0
0.0
0.0
0.0
0.0
0.0
0.0
0.0
0.0
0.0
0.0
0.0
0.0
0.0
0.0
0.0
0.0
0.0
0.0
0.0
0.0
0.0
0.0
0.0
0.0
0.0
0.0
0.0
0.0
0.0
0.0
0.0
0.0
0.0
0.0
0.0
0.0
0.0
0.0
0.0
0.0
0.0
0.0
0.0
0.0
0.0
0.0
0.0
0.0
0.0
0.0
0.0
0.0
0.0
0.0
0.0
0.0
0.0
0.0
0.0
0.0
0.0
0.0
0.0
0.0
0.0
0.0
0.0
0.0
0.0
0.0
0.0
0.0
0.0
0.0
0.0
0.0
0.0
0.0
0.0
0.0
0.0
0.0
0.0
0.0
0.0
0.0
0.0
0.0
0.0
0.0
0.0
0.0
0.0
0.0
0.0
0.0
0.0
0.0
0.0
0.0
0.0
0.0
0.0
0.0
0.0
0.0
0.0
0.0
0.0
0.0
0.0
0.0
0.0
0.0
0.0
0.0
0.0
0.0
0.0
0.0
0.0
0.0
0.0
0.0
0.0
0.0
0.0
0.0
0.0
0.0
0.0
0.0
0.0
0.0
0.0
0.0
0.0
0.0
0.0
0.0
0.0
0.0
0.0
0.0
0.0
0.0
0.0
0.0
0.0
0.0
0.0
0.0
0.0
0.0
0.0
0.0
0.0
0.0
0.0
0.0
0.0
0.0
0.0
0.0
0.0
0.0
0.0
0.0
0.0
0.0
0.0
0.0
0.0
0.0
0.0
0.0
0.0
0.0
0.0
0.0
0.0
0.0
0.0
0.0
0.0
0.0
0.0
0.0
0.0
0.0
0.0
0.0
0.0
0.0
0.0
0.0
0.0
0.0
0.0
0.0
0.0
0.0
0.0
0.0
-1.0
0.0
0.0
0.0
0.0
0.0
0.0
0.0
0.0
0.0
0.0
0.0
0.0
0.0
0.0
0.0
0.0
0.0
0.0
0.0
0.0
0.0
0.0
0.0
0.0
0.0
0.0
0.0
0.0
0.0
0.0
0.0
0.0
0.0
0.0
0.0
0.0
0.0
0.0
0.0
0.0
0.0
0.0
0.0
0.0
0.0
0.0
0.0
0.0
0.0
0.0
0.0
0.0
0.0
0.0
0.0
0.0
0.0
0.0
0.0
0.0
0.0
0.0
0.0
0.0
0.0
0.0
0.0
0.0
0.0
0.0
0.0
0.0
0.0
0.0
0.0
0.0
0.0
0.0
0.0
0.0
0.0
0.0
0.0
0.0
0.0
0.0
0.0
0.0
0.0
0.0
0.0
0.0
0.0
0.0
0.0
0.0
0.0
0.0
0.0
1.0
0.0
0.0
0.0
0.0
0.0
0.0
0.0
1.0
0.0
0.0
0.0
0.0
0.0
0.0
0.0
0.0
0.0
0.0
0.0
0.0
0.0
0.0
0.0
0.0
0.0
0.0
0.0
0.0
0.0
0.0
0.0
0.0
0.0
0.0
0.0
0.0
0.0
0.0
0.0
0.0
0.0
0.0
0.0
0.0
0.0
0.0
0.0
0.0
0.0
0.0
0.0
0.0
0.0
0.0
0.0
0.0
0.0
0.0
0.0
0.0
0.0
0.0
0.0
0.0
0.0
0.0
0.0
0.0
0.0
0.0
0.0
0.0
0.0
0.0
1.0
0.0
0.0
0.0
0.0
0.0
0.0
0.0
0.0
0.0
0.0
0.0
0.0
0.0
0.0
0.0
0.0
0.0
0.0
0.0
0.0
0.0
0.0
0.0
0.0
0.0
0.0
0.0
0.0
0.0
0.0
0.0
0.0
0.0
0.0
0.0
0.0
0.0
0.0
0.0
0.0
0.0
0.0
0.0
0.0
0.0
0.0
0.0
0.0
0.0
0.0
0.0
0.0
0.0
0.0
0.0
0.0
0.0
0.0
0.0
0.0
0.0
0.0
0.0
0.0
0.0
0.0
0.0
0.0
0.0
0.0
0.0
0.0
0.0
0.0
0.0
0.0
0.0
0.0
0.0
0.0
0.0
0.0
0.0
0.0
0.0
0.0
0.0
0.0
0.0
0.0
0.0
0.0
0.0
0.0
0.0
0.0
0.0
0.0
0.0
0.0
0.0
0.0
0.0
0.0
0.0
0.0
0.0
0.0
0.0
0.0
0.0
0.0
0.0
0.0
0.0
0.0
0.0
0.0
0.0
0.0
0.0
0.0
0.0
0.0
0.0
0.0
0.0
0.0
0.0
0.0
0.0
0.0
0.0
0.0
0.0
0.0
0.0
0.0
0.0
0.0
0.0
0.0
0.0
0.0
0.0
0.0
0.0
0.0
0.0
0.0
0.0
0.0
0.0
0.0
0.0
0.0
0.0
0.0
0.0
0.0
0.0
0.0
0.0
0.0
0.0
0.0
0.0
0.0
0.0
0.0
0.0
0.0
0.0
0.0
0.0
0.0
0.0
0.0
0.0
0.0
0.0
0.0
0.0
0.0
0.0
0.0
0.0
0.0
0.0
0.0
0.0
0.0
0.0
0.0
0.0
0.0
0.0
0.0
0.0
0.0
0.0
0.0
0.0
0.0
0.0
0.0
0.0
0.0
0.0
0.0
0.0
0.0
0.0
0.0
0.0
0.0
0.0
0.0
0.0
0.0
0.0
0.0
0.0
0.0
0.0
0.0
0.0
0.0
0.0
0.0
0.0
0.0
0.0
0.0
0.0
0.0
0.0
0.0
0.0
0.0
0.0
0.0
0.0
0.0
0.0
0.0
0.0
0.0
1.0
0.0
0.0
0.0
0.0
0.0
0.0
0.0
0.0
0.0
0.0
0.0
0.0
0.0
0.0
0.0
0.0
0.0
0.0
0.0
0.0
0.0
0.0
0.0
0.0
0.0
0.0
0.0
0.0
0.0
0.0
0.0
0.0
0.0
0.0
0.0
0.0
0.0
0.0
0.0
0.0
0.0
0.0
0.0
0.0
0.0
0.0
0.0
0.0
0.0
0.0
0.0
-1.0
0.0
0.0
0.0
0.0
0.0
0.0
0.0
0.0
0.0
0.0
0.0
0.0
0.0
0.0
0.0
0.0
0.0
0.0
0.0
0.0
0.0
0.0
0.0
0.0
0.0
0.0
0.0
0.0
0.0
0.0
0.0
0.0
0.0
0.0
0.0
0.0
0.0
0.0
0.0
0.0
0.0
0.0
0.0
0.0
0.0
0.0
0.0
0.0
0.0
0.0
0.0
0.0
0.0
0.0
0.0
0.0
0.0
0.0
0.0
0.0
0.0
0.0
0.0
0.0
0.0
0.0
0.0
0.0
0.0
0.0
0.0
0.0
0.0
0.0
0.0
0.0
0.0
0.0
0.0
0.0
0.0
0.0
0.0
0.0
0.0
0.0
0.0
0.0
0.0
0.0
0.0
0.0
0.0
0.0
0.0
0.0
0.0
0.0
0.0
0.0
0.0
0.0
0.0
0.0
0.0
0.0
0.0
0.0
0.0
0.0
0.0
0.0
0.0
0.0
0.0
0.0
0.0
0.0
0.0
0.0
0.0
0.0
0.0
0.0
0.0
0.0
0.0
0.0
0.0
0.0
0.0
0.0
0.0
0.0
0.0
0.0
0.0
0.0
0.0
0.0
0.0
0.0
0.0
0.0
0.0
0.0
0.0
0.0
0.0
0.0
0.0
0.0
0.0
0.0
0.0
0.0
0.0
0.0
0.0
0.0
0.0
0.0
0.0
0.0
0.0
0.0
0.0
0.0
0.0
0.0
0.0
0.0
0.0
0.0
0.0
0.0
0.0
0.0
0.0
0.0
0.0
0.0
0.0
0.0
0.0
0.0
0.0
0.0
0.0
0.0
0.0
0.0
0.0
0.0
0.0
0.0
0.0
0.0
0.0
0.0
0.0
0.0
0.0
0.0
0.0
0.0
0.0
0.0
0.0
0.0
0.0
0.0
0.0
0.0
0.0
0.0
0.0
0.0
0.0
0.0
0.0
0.0
0.0
0.0
0.0
0.0
0.0
0.0
0.0
0.0
0.0
0.0
0.0
0.0
0.0
0.0
0.0
0.0
0.0
0.0
0.0
0.0
0.0
0.0
0.0
0.0
0.0
0.0
0.0
0.0
0.0
0.0
0.0
0.0
0.0
0.0
0.0
0.0
0.0
0.0
0.0
0.0
0.0
0.0
0.0
0.0
0.0
0.0
0.0
0.0
0.0
0.0
0.0
0.0
0.0
0.0
0.0
0.0
0.0
0.0
0.0
0.0
0.0
0.0
0.0
0.0
0.0
0.0
0.0
0.0
0.0
0.0
0.0
0.0
0.0
0.0
0.0
0.0
0.0
0.0
0.0
0.0
0.0
0.0
0.0
0.0
0.0
0.0
0.0
0.0
0.0
0.0
0.0
0.0
0.0
200.0
2191360.0
792.0
2187264.0
0.0
0.0
0.0
0.0
12.0
2188608.0
0.0
0.0
0.0
0.0
0.0
0.0
0.0
0.0
0.0
0.0
0.0
0.0
0.0
0.0
0.0
0.0
0.0
0.0
