0.24882938
0.017401429
0.011408316
0.0065681804
0.013123734
0.006231836
0.0069359336
0.003675558
0.008824575
0.003220049
0.00524861
0.002779061
0.005544785
0.0036662456
0.0038874499
0.011179693
0.0064273137
0.0030817864
0.0023767424
0.0023212638
0.0032696878
0.0023262354
0.0017011341
0.0015451943
0.0034153685
0.0014845071
0.0010471493
0.0014074842
0.0030151017
0.0012158738
0.0014404714
0.002646954
0.016307244
0.0014572807
0.0018724629
0.0014273712
0.012484507
0.001802937
0.0015983054
0.0012598305
0.004254177
0.001941831
0.0019257319
0.0012112176
0.0025355234
0.0014867168
0.0026448234
0.001024658
0.013177793
0.0037591308
0.0021365192
0.004457625
0.00245779
0.0016916641
0.0016546521
0.0016606498
0.0030165222
0.0030521138
0.0017342004
0.0026070222
0.0029807729
0.0021647713
0.0015928601
0.00145223
0.0042214263
0.0058255717
0.0017947297
0.0037491873
0.006394484
0.006175332
0.0024448477
0.0015528492
0.008669108
0.0036046114
0.001656625
0.0016726451
0.0062003485
0.0035159087
0.0019539841
0.0016362644
0.005132365
0.0015305157
0.0019834992
0.004422191
0.0032850767
0.002956861
0.0032181551
0.0024439795
0.0018744358
0.0016372114
0.00079130044
0.0018663073
0.0019228909
0.0021579845
0.0024605521
0.0028615294
0.0024568432
0.005477469
0.0017077632
0.0033814344
0.003914676
0.010564615
0.0050988253
0.0019363067
0.0036426494
0.0060063703
0.0019314139
0.001079663
0.004892063
0.0025991304
0.0057801944
0.0072694365
0.0043999366
0.0009824374
0.006280765
0.005325712
0.011352916
0.006002109
0.0019392266
0.0015676067
0.0020742535
0.001990286
0.0013423776
0.0019419099
0.0018750671
0.0017451699
0.001698451
0.00064490945
0.00468167
0.0018606253
0.00087140116
0.0076442133
0.0048461333
0.005818706
0.0012861098
0.0009930911
0.0019761599
0.014098911
0.0007167239
0.020983864
0.0016004362
0.008003917
0.00061365834
0.000572148
0.005281676
0.0007944571
0.0013405626
0.0009646021
0.0018412118
0.0011802822
0.0009781758
0.0007324284
0.0010638008
0.0007284036
0.000542712
0.0004896009
0.0011469793
0.0005823283
0.00045929675
0.00046860895
0.0015612144
0.0008084254
0.0010072172
0.00076210115
0.0010956832
0.0010000358
0.0005982695
0.00047271265
0.0010185024
0.0005789349
0.0005828018
0.00086911255
0.0012562003
0.00039797826
0.0004650577
0.0004422507
0.0015298055
0.00048589177
0.00068665657
0.0005720691
0.0013788373
0.00078711787
0.0019803424
0.0007418195
0.0020781995
0.001610064
0.0015448786
0.000735664
0.0012498869
0.0007798575
0.0007093057
0.0006924964
0.006158286
0.002401759
0.0019231276
0.0032574558
0.0021600362
0.00081544905
0.0021725053
0.004008351
0.0018981899
0.0013841247
0.0007651
0.000899101
0.0059067775
0.00049402023
0.0015095238
0.000921908
0.0023293132
0.0009365866
0.001743197
0.0010000358
0.0011524245
0.00055328687
0.00088063447
0.0007491588
0.0017660828
0.0010203964
0.0006794751
0.00092467014
0.0012790073
0.0008863954
0.0006333876
0.00077662186
0.0018592048
0.00090304686
0.0010204753
0.00051730074
0.0013369324
0.00072824577
0.00079074805
0.0007895643
0.010765143
0.003470926
0.0012225028
0.0025526483
0.0033857748
0.0012153214
0.00093319314
0.0011010496
0.0033385034
0.0013057601
0.0009446361
0.0010877915
0.0016220594
0.0006926542
0.0013808891
0.0011865166
0.0026126252
0.0021122915
0.0014469426
0.0013366167
0.0022333502
0.0019876817
0.0029630165
0.038935106
0.05378375
3.0386855e-06
4.8934676e-06
1.578538e-06
5.8405903e-06
3.5122468e-06
6.4325422e-06
3.3149297e-06
3.3938566e-06
5.9195173e-07
3.1570758e-07
1.5785379e-07
3.946345e-07
1.3022938e-06
2.0126358e-06
6.3536154e-06
0.003083516
1.0378887e-05
1.7127137e-05
1.12076195e-05
2.0520993e-05
1.3930598e-05
1.0023716e-05
9.826399e-06
1.5666988e-05
3.9858082e-06
4.8145407e-06
4.4988333e-06
5.130248e-06
5.2486384e-06
6.8271765e-06
1.01421065e-05
0.0022748704
1.1681181e-05
1.1168156e-05
7.2612747e-06
2.4861973e-05
1.3141328e-05
1.7916405e-05
1.4838257e-05
7.722997e-05
8.839813e-06
5.6038098e-06
4.6172236e-06
4.4988333e-06
4.735614e-06
4.222589e-06
1.9968506e-05
0.0015628709
1.06945945e-05
1.5627525e-05
1.487772e-05
3.4372664e-05
1.5035574e-05
1.625894e-05
1.3457036e-05
4.2817843e-05
5.1697116e-06
5.801127e-06
5.011858e-06
5.7222e-06
6.4720057e-06
6.4325422e-06
1.7442844e-05
0.0026841064
8.409661e-05
8.374144e-05
7.76246e-05
0.00014025309
9.9408426e-05
3.985808e-05
2.7427097e-05
5.1420873e-05
1.0576205e-05
1.3496499e-05
1.4009524e-05
1.6495722e-05
1.5311818e-05
1.1878498e-05
2.4783045e-05
0.007043318
0.00021255013
0.00032127195
0.0002588013
0.0009030421
0.0006381634
0.0001662595
0.00011902176
0.00011819303
3.859525e-05
5.0434286e-05
5.3236192e-05
5.2920484e-05
5.2486386e-05
6.310205e-05
0.00017288937
0.01826329
0.0008184325
0.00075497525
0.0010832322
0.0006856774
0.0004706411
0.0024980758
0.0011900202
0.0002395826
0.00010086857
0.000120916004
0.00013354431
0.00014266037
0.00022194244
0.0002138919
0.0015921134
0.040141903
0.0005722595
0.006226227
0.0011671709
0.0034734148
0.0025337113
0.02224598
0.010911998
0.00024171363
0.00011992942
0.00011294439
0.000121468496
0.00014889559
0.00012158688
0.00013216308
0.001359279
0.023541408
0.0017974812
0.003925587
0.0015305504
0.003016507
0.0017159102
0.007570431
0.0044981227
0.00073181017
0.0003466864
0.00030126396
0.0002808219
0.00037146945
0.00032506042
0.00026262924
0.0012673292
0.040992856
0.006006613
0.005847457
0.0022889194
0.0039831246
0.0022873804
0.005456611
0.0053207385
0.0021273955
0.0008099084
0.0007359144
0.0007211156
0.0013996896
0.0006958195
0.0007085662
0.0021664249
0.020864641
0.002422661
0.0038898727
0.0036663122
0.0032076286
0.0020380109
0.0065654945
0.0042278375
0.001634063
0.0007590794
0.0007109735
0.00064605614
0.0007993716
0.0006403734
0.00070312025
0.0029102715
0.019819215
0.0034237304
0.0037875834
0.013757668
0.0036223894
0.002460704
0.004361224
0.0031885284
0.0029215976
0.0016305902
0.0014708422
0.0014380481
0.0018533219
0.0013889555
0.0016240787
0.0027577057
0.02883381
0.0049305633
0.006200497
0.0052431137
0.0066044447
0.003274598
0.0036958703
0.0032671394
0.01093615
0.002154507
0.0017298802
0.002262479
0.004346386
0.0019265661
0.0035818606
0.00767422
0.062507816
0.009964126
0.013629846
0.010442186
0.02349859
0.012711966
0.0075675896
0.00957624
0.03685251
0.0051016766
0.003121243
0.0064103636
0.015978198
0.006138421
0.0142801255
0.02626178
0.031168351
0.00752418
0.008988472
0.008998614
0.010762038
0.011396452
0.006474255
0.007961395
0.019818228
0.006104917
0.0036568805
0.004742954
0.010904659
0.005212056
0.010480347
0.017712774
0.001955414
0.0009282592
0.0015311424
0.001045663
0.0010872575
0.0008722606
0.0010453868
0.00083291554
0.00076026336
0.0013975586
0.00087336556
0.0007243911
0.00064712163
0.000553317
0.0005115252
0.001236745
65395.0
17.121737
1119676.0
0.06202062
0.001630829
0.005812396
0.0011065701
0.0054730116
0.002103287
0.0010645937
0.00078236917
0.0042744507
0.0033491831
0.0011994542
0.0008725739
0.0056418106
0.005583758
0.012299987
0.0035528135
0.017437188
0.0102520725
0.009097274
0.0077424184
0.0066367416
0.005936539
0.0054319287
0.006377738
0.0062071527
0.006724267
0.0062982505
0.0044110976
0.006882348
0.0074807354
0.006164283
0.0033599006
0.002505189
0.012288377
0.004600438
0.011966854
0.009091022
0.0096081365
0.005991912
0.005389952
0.0066778245
0.009316088
0.0011333636
0.002783841
0.00917051
0.0076879384
0.006283961
0.0049380357
0.01085046
0.0014307711
0.0073958896
0.016300252
0.0121463705
0.0050121644
0.006487591
0.006154459
0.0028365348
0.0025176925
0.0011699813
0.0034849367
0.004244978
0.0036439113
0.0034143806
0.015175818
0.002295307
0.035312
0.00814432
0.022033159
0.022033159
0.07166448
0.008031787
0.012646516
0.010060946
0.037894
0.0027865204
0.00395025
0.028453767
0.016861128
0.037918113
0.04242388
0.015527707
0.001461137
0.039509643
0.028811906
0.052854575
0.01692186
0.0070002396
0.0071484963
0.0056328797
0.010012718
0.002752582
0.00095831294
0.0019130534
0.0009949306
0.00068859203
0.00039475705
5.821962
36.0
567.0
30.0
187.0
12671546.0
2199552.0
0.0
0.0
9.0
1.0
1.0
0.0
0.0
0.0
1515235000.0
0.0
0.0
0.0
0.0
0.0
1.0
0.0
0.0
0.0
0.0
0.0
0.0
-1.0
1.0
-1.0
-1.0
1.0
0.0
0.0
0.0
0.0
0.0
0.0
0.0
0.0
0.0
0.0
0.0
-1.0
0.0
0.0
0.0
0.0
0.0
0.0
0.0
0.0
0.0
0.0
0.0
0.0
-1.0
0.0
0.0
0.0
0.0
0.0
0.0
0.0
0.0
0.0
0.0
6.0
0.0
4.0
0.0
4.0
0.0
1089536.0
1024.0
4096.0
4.0
0.0
0.0
2.0
4.0
0.0
0.0
0.0
0.0
0.0
0.0
0.0
0.0
0.0
0.0
0.0
0.0
0.0
0.0
0.0
0.0
0.0
-4608.0
0.0
0.0
0.0
0.0
0.0
0.0
0.0
0.0
0.0
0.0
-1086976.0
0.0
0.0
0.0
0.0
0.0
1093632.0
0.0
0.0
0.0
0.0
0.0
0.0
0.0
0.0
1536.0
0.0
0.0
0.0
0.0
0.0
0.0
0.0
0.0
0.0
0.0
0.0
0.0
0.0
0.0
0.0
0.0
0.0
0.0
0.0
0.0
0.0
0.0
0.0
-4.6010494
0.0
0.0
0.0
0.0
0.0
0.0
0.0
0.0
0.0
0.0
-5.831549
0.0
0.0
0.0
0.0
0.0
6.4525476
0.0
0.0
0.0
0.0
0.0
0.0
0.0
0.0
4.65822
0.0
0.0
0.0
0.0
0.0
0.0
0.0
0.0
0.0
0.0
0.0
0.0
0.0
0.0
0.0
0.0
0.0
0.0
0.0
0.0
0.0
0.0
0.0
-8192.0
0.0
0.0
0.0
0.0
0.0
0.0
0.0
0.0
0.0
0.0
-1089536.0
0.0
0.0
0.0
0.0
0.0
1093632.0
0.0
0.0
0.0
0.0
0.0
0.0
0.0
0.0
4096.0
0.0
0.0
0.0
0.0
0.0
0.0
0.0
0.0
0.0
0.0
0.0
0.0
0.0
0.0
0.0
0.0
0.0
0.0
1.0
0.0
0.0
0.0
0.0
0.0
0.0
0.0
-1.0
0.0
0.0
0.0
0.0
0.0
0.0
0.0
0.0
0.0
0.0
-1.0
0.0
0.0
0.0
0.0
0.0
0.0
0.0
-1.0
0.0
0.0
0.0
0.0
0.0
0.0
0.0
0.0
0.0
0.0
0.0
0.0
0.0
0.0
0.0
0.0
0.0
0.0
0.0
0.0
0.0
0.0
0.0
-1.0
0.0
0.0
0.0
0.0
0.0
0.0
0.0
0.0
0.0
1.0
0.0
0.0
0.0
0.0
1.0
0.0
0.0
0.0
0.0
0.0
0.0
0.0
0.0
1.0
0.0
0.0
0.0
0.0
0.0
0.0
0.0
0.0
0.0
-1.0
0.0
0.0
0.0
0.0
0.0
0.0
0.0
0.0
0.0
0.0
0.0
0.0
0.0
0.0
0.0
0.0
0.0
0.0
0.0
0.0
0.0
0.0
0.0
0.0
0.0
0.0
0.0
0.0
0.0
0.0
0.0
0.0
-1.0
0.0
0.0
0.0
0.0
0.0
0.0
0.0
0.0
0.0
0.0
0.0
0.0
0.0
0.0
0.0
0.0
0.0
0.0
0.0
0.0
0.0
0.0
-1.0
0.0
0.0
0.0
0.0
0.0
0.0
0.0
0.0
0.0
0.0
0.0
0.0
0.0
0.0
-1.0
0.0
0.0
0.0
0.0
0.0
0.0
0.0
0.0
0.0
0.0
0.0
0.0
0.0
0.0
0.0
0.0
0.0
0.0
0.0
0.0
0.0
0.0
0.0
0.0
0.0
0.0
0.0
0.0
0.0
0.0
0.0
-1.0
0.0
0.0
0.0
0.0
0.0
1.0
0.0
0.0
0.0
0.0
0.0
0.0
0.0
0.0
0.0
0.0
1.0
0.0
0.0
0.0
0.0
0.0
0.0
0.0
0.0
0.0
0.0
0.0
0.0
0.0
0.0
0.0
0.0
0.0
0.0
0.0
0.0
0.0
0.0
0.0
0.0
0.0
0.0
0.0
0.0
0.0
0.0
0.0
0.0
0.0
0.0
0.0
0.0
0.0
0.0
0.0
0.0
0.0
0.0
0.0
0.0
0.0
0.0
0.0
0.0
0.0
0.0
0.0
0.0
0.0
0.0
0.0
0.0
0.0
0.0
0.0
0.0
0.0
0.0
0.0
0.0
0.0
0.0
0.0
0.0
0.0
0.0
0.0
0.0
0.0
0.0
0.0
0.0
0.0
0.0
0.0
0.0
0.0
0.0
0.0
0.0
0.0
0.0
0.0
0.0
0.0
0.0
0.0
0.0
0.0
0.0
0.0
0.0
0.0
0.0
0.0
0.0
0.0
0.0
0.0
0.0
0.0
0.0
0.0
0.0
0.0
0.0
0.0
0.0
0.0
-1.0
0.0
0.0
0.0
0.0
0.0
0.0
0.0
0.0
0.0
0.0
0.0
0.0
0.0
0.0
0.0
0.0
0.0
0.0
0.0
0.0
0.0
0.0
0.0
0.0
0.0
0.0
-1.0
0.0
0.0
0.0
0.0
0.0
0.0
0.0
0.0
0.0
0.0
1.0
0.0
0.0
0.0
0.0
0.0
0.0
0.0
0.0
0.0
0.0
0.0
0.0
0.0
0.0
0.0
0.0
0.0
0.0
0.0
0.0
0.0
0.0
0.0
0.0
0.0
0.0
0.0
0.0
0.0
0.0
0.0
0.0
0.0
0.0
0.0
0.0
0.0
0.0
0.0
0.0
0.0
0.0
0.0
0.0
0.0
0.0
0.0
0.0
0.0
0.0
0.0
0.0
0.0
0.0
0.0
0.0
0.0
0.0
0.0
0.0
0.0
0.0
0.0
0.0
0.0
0.0
0.0
0.0
0.0
0.0
0.0
0.0
0.0
0.0
0.0
0.0
0.0
0.0
0.0
0.0
0.0
0.0
0.0
0.0
0.0
1.0
0.0
0.0
0.0
0.0
0.0
0.0
0.0
0.0
0.0
0.0
0.0
0.0
0.0
0.0
0.0
0.0
0.0
0.0
0.0
0.0
0.0
0.0
0.0
0.0
0.0
0.0
0.0
0.0
0.0
0.0
0.0
0.0
0.0
0.0
0.0
0.0
0.0
0.0
0.0
0.0
0.0
0.0
0.0
0.0
0.0
0.0
0.0
0.0
0.0
0.0
0.0
0.0
0.0
0.0
0.0
0.0
0.0
0.0
0.0
0.0
0.0
0.0
0.0
0.0
0.0
0.0
0.0
0.0
0.0
0.0
0.0
0.0
0.0
0.0
0.0
0.0
0.0
0.0
0.0
0.0
0.0
0.0
0.0
0.0
0.0
0.0
0.0
0.0
0.0
0.0
0.0
0.0
0.0
0.0
0.0
0.0
0.0
0.0
0.0
0.0
0.0
0.0
0.0
0.0
0.0
0.0
0.0
0.0
0.0
0.0
0.0
0.0
0.0
0.0
0.0
0.0
0.0
0.0
0.0
0.0
0.0
0.0
0.0
0.0
0.0
0.0
0.0
0.0
0.0
0.0
0.0
0.0
0.0
0.0
0.0
0.0
0.0
0.0
0.0
0.0
0.0
0.0
0.0
0.0
0.0
0.0
0.0
0.0
0.0
0.0
0.0
0.0
0.0
0.0
0.0
0.0
0.0
0.0
0.0
0.0
0.0
0.0
0.0
0.0
0.0
0.0
0.0
0.0
0.0
0.0
0.0
0.0
0.0
0.0
0.0
0.0
0.0
0.0
0.0
0.0
0.0
0.0
0.0
0.0
0.0
0.0
0.0
0.0
0.0
0.0
0.0
0.0
0.0
0.0
0.0
0.0
0.0
0.0
0.0
0.0
0.0
0.0
0.0
0.0
0.0
0.0
0.0
0.0
0.0
0.0
0.0
0.0
0.0
0.0
0.0
0.0
0.0
0.0
0.0
0.0
0.0
0.0
0.0
0.0
0.0
0.0
0.0
0.0
0.0
0.0
0.0
0.0
0.0
0.0
0.0
0.0
0.0
0.0
0.0
0.0
0.0
0.0
0.0
0.0
0.0
0.0
0.0
0.0
0.0
0.0
0.0
0.0
0.0
0.0
0.0
0.0
0.0
0.0
0.0
0.0
0.0
0.0
-1.0
0.0
0.0
0.0
0.0
0.0
0.0
0.0
0.0
0.0
0.0
0.0
0.0
0.0
0.0
0.0
0.0
0.0
0.0
0.0
0.0
0.0
0.0
0.0
0.0
0.0
0.0
0.0
0.0
0.0
0.0
0.0
0.0
0.0
0.0
0.0
0.0
0.0
0.0
0.0
0.0
0.0
0.0
0.0
0.0
0.0
0.0
0.0
0.0
0.0
0.0
0.0
0.0
0.0
0.0
0.0
0.0
0.0
0.0
0.0
0.0
0.0
0.0
0.0
0.0
0.0
0.0
0.0
0.0
0.0
0.0
0.0
0.0
0.0
0.0
0.0
0.0
0.0
0.0
0.0
0.0
0.0
0.0
0.0
0.0
0.0
0.0
0.0
0.0
0.0
0.0
0.0
0.0
0.0
0.0
0.0
0.0
0.0
0.0
0.0
1.0
0.0
0.0
0.0
0.0
0.0
0.0
0.0
1.0
0.0
0.0
0.0
0.0
0.0
0.0
0.0
0.0
0.0
0.0
0.0
0.0
0.0
0.0
0.0
0.0
0.0
0.0
0.0
0.0
0.0
0.0
0.0
0.0
0.0
0.0
0.0
0.0
0.0
0.0
0.0
0.0
0.0
0.0
0.0
0.0
0.0
0.0
0.0
0.0
0.0
0.0
0.0
0.0
0.0
0.0
0.0
0.0
0.0
0.0
0.0
0.0
0.0
0.0
0.0
0.0
0.0
0.0
0.0
0.0
0.0
0.0
0.0
0.0
0.0
0.0
1.0
0.0
0.0
0.0
0.0
0.0
0.0
0.0
0.0
0.0
0.0
0.0
0.0
0.0
0.0
0.0
0.0
0.0
0.0
0.0
0.0
0.0
0.0
0.0
0.0
0.0
0.0
0.0
0.0
0.0
0.0
0.0
0.0
0.0
0.0
0.0
0.0
0.0
0.0
0.0
0.0
0.0
0.0
0.0
0.0
0.0
0.0
0.0
0.0
0.0
0.0
0.0
0.0
0.0
0.0
0.0
0.0
0.0
0.0
0.0
0.0
0.0
0.0
0.0
0.0
0.0
0.0
0.0
0.0
0.0
0.0
0.0
0.0
0.0
0.0
0.0
0.0
0.0
0.0
0.0
0.0
0.0
0.0
0.0
0.0
0.0
0.0
0.0
0.0
0.0
0.0
0.0
0.0
0.0
0.0
0.0
0.0
0.0
0.0
0.0
0.0
0.0
0.0
0.0
0.0
0.0
0.0
0.0
0.0
0.0
0.0
0.0
0.0
0.0
0.0
0.0
0.0
0.0
0.0
0.0
0.0
0.0
0.0
0.0
0.0
0.0
0.0
0.0
0.0
0.0
0.0
0.0
0.0
0.0
0.0
0.0
0.0
0.0
0.0
0.0
0.0
0.0
0.0
0.0
0.0
0.0
0.0
0.0
0.0
0.0
0.0
0.0
0.0
0.0
0.0
0.0
0.0
0.0
0.0
0.0
0.0
0.0
0.0
0.0
0.0
0.0
0.0
0.0
0.0
0.0
0.0
0.0
0.0
0.0
0.0
0.0
0.0
0.0
0.0
0.0
0.0
0.0
0.0
0.0
0.0
0.0
0.0
0.0
0.0
0.0
0.0
0.0
0.0
0.0
0.0
0.0
0.0
0.0
0.0
0.0
0.0
0.0
0.0
0.0
0.0
0.0
0.0
0.0
0.0
0.0
0.0
0.0
0.0
0.0
0.0
0.0
0.0
0.0
0.0
0.0
0.0
0.0
0.0
0.0
0.0
0.0
0.0
0.0
0.0
0.0
0.0
0.0
0.0
0.0
0.0
0.0
0.0
0.0
0.0
0.0
0.0
0.0
0.0
0.0
0.0
0.0
0.0
0.0
0.0
1.0
0.0
0.0
0.0
0.0
0.0
0.0
0.0
0.0
0.0
0.0
0.0
0.0
0.0
0.0
0.0
0.0
0.0
0.0
0.0
0.0
0.0
0.0
0.0
0.0
0.0
0.0
0.0
0.0
0.0
0.0
0.0
0.0
0.0
0.0
0.0
0.0
0.0
0.0
0.0
0.0
0.0
0.0
0.0
0.0
0.0
0.0
0.0
0.0
0.0
0.0
0.0
-1.0
0.0
0.0
0.0
0.0
0.0
0.0
0.0
0.0
0.0
0.0
0.0
0.0
0.0
0.0
0.0
0.0
0.0
0.0
0.0
0.0
0.0
0.0
0.0
0.0
0.0
0.0
0.0
0.0
0.0
0.0
0.0
0.0
0.0
0.0
0.0
0.0
0.0
0.0
0.0
0.0
0.0
0.0
0.0
0.0
0.0
0.0
0.0
0.0
0.0
0.0
0.0
0.0
0.0
0.0
0.0
0.0
0.0
0.0
0.0
0.0
0.0
0.0
0.0
0.0
0.0
0.0
0.0
0.0
0.0
0.0
0.0
0.0
0.0
0.0
0.0
0.0
0.0
0.0
0.0
0.0
0.0
0.0
0.0
0.0
0.0
0.0
0.0
0.0
0.0
0.0
0.0
0.0
0.0
0.0
0.0
0.0
0.0
0.0
0.0
0.0
0.0
0.0
0.0
0.0
0.0
0.0
0.0
0.0
0.0
0.0
0.0
0.0
0.0
0.0
0.0
0.0
0.0
0.0
0.0
0.0
0.0
0.0
0.0
0.0
0.0
0.0
0.0
0.0
0.0
0.0
0.0
0.0
0.0
0.0
0.0
0.0
0.0
0.0
0.0
0.0
0.0
0.0
0.0
0.0
0.0
0.0
0.0
0.0
0.0
0.0
0.0
0.0
0.0
0.0
0.0
0.0
0.0
0.0
0.0
0.0
0.0
0.0
0.0
0.0
0.0
0.0
0.0
0.0
0.0
0.0
0.0
0.0
0.0
0.0
0.0
0.0
0.0
0.0
0.0
0.0
0.0
0.0
0.0
0.0
0.0
0.0
0.0
0.0
0.0
0.0
0.0
0.0
0.0
0.0
0.0
0.0
0.0
0.0
0.0
0.0
0.0
0.0
0.0
0.0
0.0
0.0
0.0
0.0
0.0
0.0
0.0
0.0
0.0
0.0
0.0
0.0
0.0
0.0
0.0
0.0
0.0
0.0
0.0
0.0
0.0
0.0
0.0
0.0
0.0
0.0
0.0
0.0
0.0
0.0
0.0
0.0
0.0
0.0
0.0
0.0
0.0
0.0
0.0
0.0
0.0
0.0
0.0
0.0
0.0
0.0
0.0
0.0
0.0
0.0
0.0
0.0
0.0
0.0
0.0
0.0
0.0
0.0
0.0
0.0
0.0
0.0
0.0
0.0
0.0
0.0
0.0
0.0
0.0
0.0
0.0
0.0
0.0
0.0
0.0
0.0
0.0
0.0
0.0
0.0
0.0
0.0
0.0
0.0
0.0
0.0
0.0
0.0
0.0
0.0
0.0
0.0
0.0
0.0
0.0
0.0
0.0
0.0
0.0
0.0
0.0
0.0
0.0
0.0
0.0
0.0
0.0
0.0
0.0
0.0
0.0
200.0
2191360.0
792.0
2187264.0
0.0
0.0
0.0
0.0
12.0
2188608.0
0.0
0.0
0.0
0.0
0.0
0.0
0.0
0.0
0.0
0.0
0.0
0.0
0.0
0.0
0.0
0.0
0.0
0.0
