0.26552582
0.0148270745
0.010189463
0.009375131
0.011471238
0.0076455316
0.011359073
0.008025663
0.012095278
0.0047142594
0.0071558543
0.0032648828
0.0070595127
0.0028460482
0.0026586768
0.007990184
0.0059725842
0.0022259925
0.0018269653
0.0014029323
0.0025979273
0.0026239953
0.0015517517
0.0010851828
0.0028043848
0.0011570501
0.0008978494
0.0010942515
0.0018588388
0.0011734803
0.00091154745
0.0014398147
0.01265337
0.001042419
0.0012088828
0.001176364
0.010665367
0.00169044
0.0012914126
0.0010716744
0.0033451738
0.0012879596
0.0015112268
0.0011893791
0.0023193746
0.0013875647
0.002179586
0.0011631593
0.0047773616
0.002294331
0.0013748532
0.0040991744
0.0015731526
0.0012721746
0.00094080286
0.0008819885
0.0022893983
0.0021123479
0.0014351475
0.0024960076
0.0014040706
0.0014848552
0.00091978145
0.0008348231
0.003876249
0.004963329
0.0048732483
0.0031241835
0.0059711426
0.00595604
0.0024409876
0.0015136931
0.015176698
0.0029255047
0.0020692807
0.0011271876
0.005043734
0.0034353686
0.0015501202
0.0013357701
0.0053568925
0.0017123341
0.0019445182
0.0039363913
0.0025648396
0.0028498427
0.0031303305
0.0027562329
0.0017410963
0.0022942172
0.00084078044
0.0018866145
0.0017200748
0.0021353425
0.0021589063
0.0025812315
0.0019217513
0.005139658
0.001868363
0.0032959594
0.0037977793
0.0092380745
0.0042417333
0.0018418396
0.0038998886
0.0053561334
0.0024670558
0.0012014835
0.004457032
0.002472482
0.005043127
0.0061008376
0.003705801
0.0009589025
0.0056123366
0.0047493586
0.010590692
0.006275308
0.0017919802
0.0015597581
0.0021924493
0.0019050556
0.0011262769
0.0015031825
0.0018244989
0.0019376501
0.0015808175
0.00089504145
0.0041061565
0.0016613742
0.0010428743
0.007595862
0.0037651088
0.005660564
0.0012206836
0.00093951274
0.005132866
0.0108176395
0.0009921042
0.020849405
0.0014791634
0.00691426
0.0007678126
0.0007697099
0.0047575543
0.00079968624
0.0010514878
0.00088578294
0.0015319446
0.0009481262
0.0009247522
0.0007498268
0.0013048451
0.0008495457
0.0006609601
0.0006422534
0.0010307699
0.00072622515
0.00062100426
0.00068027404
0.0018149747
0.0012559722
0.0011403165
0.001120092
0.00116407
0.0009886133
0.00077578105
0.00075658096
0.0014104075
0.00088639004
0.0008677212
0.0009078668
0.0012132843
0.0008006728
0.00088722486
0.0007857605
0.0015401028
0.00060225953
0.00070915
0.000618462
0.0010649961
0.0008284484
0.0017191262
0.000806023
0.0019202336
0.0009882338
0.0015385849
0.00091788423
0.0010124806
0.00076682604
0.00076454936
0.00075866794
0.0058351485
0.0021573885
0.0018564863
0.003006289
0.0023848293
0.00088768016
0.002081461
0.003564988
0.0021098815
0.0018173653
0.00082977646
0.0012375311
0.008472462
0.00078909966
0.0010144158
0.0010435194
0.0024708882
0.0010301248
0.001518664
0.001348899
0.0009362495
0.0007081634
0.0010888634
0.0010570657
0.0020853314
0.0013273463
0.00075198966
0.0010374861
0.0009941532
0.00065519253
0.0007031547
0.0011556462
0.002091023
0.0008748169
0.0007612482
0.0006591008
0.0012062266
0.00083672034
0.00067632773
0.0006781491
0.009218533
0.002901903
0.00095931994
0.0026293835
0.0027501239
0.00073324493
0.0006917333
0.00080511236
0.0026829995
0.00093180995
0.00090005016
0.0014158715
0.0016260097
0.00078325614
0.0013267392
0.0011414549
0.002855003
0.0013767504
0.0013013921
0.0012666347
0.0029297164
0.0016153093
0.0023655535
0.056092706
0.05987328
1.0852803e-05
1.02266795e-05
6.0904713e-06
9.145194e-06
5.86279e-06
7.817053e-06
5.0089857e-06
4.4587564e-06
1.7265822e-06
1.0814856e-06
2.1439978e-06
0.000117255804
2.4285991e-06
5.0089857e-06
8.915615e-05
0.005430234
4.9558603e-05
2.4475727e-05
1.0511281e-05
2.7947865e-05
1.2598358e-05
9.505689e-06
1.4002392e-05
5.6882345e-05
5.2176933e-06
5.8817636e-06
5.6540825e-06
4.2272804e-05
6.41302e-06
3.8516064e-06
4.59157e-05
0.0033721668
7.5457334e-05
2.7777103e-05
1.6943273e-05
4.26333e-05
3.460754e-05
2.3754736e-05
1.3015774e-05
4.8363276e-05
5.86279e-06
7.5134785e-06
5.86279e-06
9.164167e-06
6.6217276e-06
4.8761717e-06
3.5708e-05
0.005987161
0.00029346207
0.00012723583
3.62772e-05
0.00011141199
0.0001300439
5.7413603e-05
7.090371e-05
5.2385643e-05
1.6905327e-05
1.8347308e-05
2.0851801e-05
3.3279397e-05
2.2976825e-05
2.3602948e-05
6.982223e-05
0.014964156
0.00031552816
0.0003100638
0.00026107443
0.0005109166
0.00022198915
0.00019362387
0.00020261727
0.00034025055
6.230875e-05
7.164368e-05
5.6920293e-05
0.00010539741
6.458556e-05
7.0695e-05
0.00047243843
0.012259891
0.00030634503
0.0002872957
0.0002181565
0.00067294965
0.00034290683
0.00031905723
0.00019168858
0.0003604193
7.189033e-05
6.762131e-05
7.027759e-05
8.361591e-05
7.367384e-05
8.530455e-05
0.0005593747
0.01362372
0.0003337047
0.0005825413
0.00037793178
0.0006451156
0.0008258945
0.0032967096
0.0010282651
0.00027075087
0.00013552723
0.00014666462
0.0001496055
0.0001853135
0.00018950662
0.00016341817
0.004740493
0.051461753
0.0007866954
0.00557798
0.0009506448
0.0033808947
0.0022960887
0.017569415
0.009550106
0.0012328177
0.00025126516
0.00043963338
0.0005497172
0.0006335608
0.0005661672
0.000720535
0.008248775
0.04750469
0.0017454608
0.004070313
0.001635984
0.0035875533
0.0016458882
0.009037311
0.005462773
0.0023679032
0.0019602021
0.0020925987
0.001969594
0.0016507454
0.0012041677
0.0010109044
0.012529333
0.033284996
0.0035943459
0.004351215
0.001758192
0.003522076
0.0017620625
0.0057110786
0.0043671336
0.0021950172
0.0007867523
0.0006421178
0.0007253732
0.0012689241
0.00066116714
0.00061965326
0.0025563852
0.019944625
0.0016837022
0.002854306
0.0017920785
0.0030126392
0.0016542366
0.005390314
0.003444911
0.0018005976
0.00075093046
0.00076005666
0.00062684424
0.00080041314
0.0010407876
0.000631986
0.0024612714
0.016566215
0.0020883486
0.0029859059
0.0035311263
0.0026610047
0.0016640458
0.003013626
0.0022822572
0.0026016939
0.0013602622
0.0041279355
0.0010793416
0.0016523772
0.001665298
0.0012961889
0.003027249
0.018358788
0.002255903
0.0038464267
0.002254499
0.0060552945
0.0022698676
0.0021305075
0.001958779
0.007608194
0.0012737813
0.0011156946
0.0014468001
0.0035230056
0.001403958
0.0022592044
0.0049554426
0.05275202
0.008497725
0.011518675
0.008081145
0.026607884
0.013321796
0.006490412
0.008973826
0.033963524
0.0043592406
0.0026321083
0.0049999165
0.017343177
0.0054319603
0.012035682
0.021770779
0.027826415
0.007036088
0.0069245626
0.0076621925
0.012961415
0.012007583
0.007440014
0.009156483
0.01938043
0.0055984524
0.003279918
0.0036296742
0.010323008
0.005341647
0.008362255
0.017554028
0.0029941401
0.0015502052
0.0016838161
0.0015960829
0.0015750794
0.0014140519
0.0016518459
0.0014870616
0.0014330253
0.001523889
0.0013661439
0.0012167662
0.0013174771
0.0011876419
0.001179768
0.0014975729
109652.0
16.662651
1827093.0
0.059551977
0.0029297906
0.005245491
0.0014038695
0.0056116465
0.0034273022
0.0012774391
0.0016414053
0.0033807803
0.0028039077
0.0015193535
0.0012577357
0.0047184243
0.004183695
0.011933711
0.0031525488
0.01203387
0.008431974
0.0065388023
0.005657074
0.0032160378
0.0031831986
0.0027770891
0.003275148
0.003581646
0.004125132
0.0041760327
0.002411481
0.003197429
0.005152447
0.003162948
0.0023808312
0.0043325652
0.01684698
0.0040085535
0.011303201
0.012107758
0.008800866
0.007219665
0.005805397
0.008268873
0.008157767
0.0012522625
0.0026955388
0.006908789
0.0069925287
0.005906103
0.00477644
0.010474015
0.0028022656
0.009474066
0.017390467
0.011114924
0.007945956
0.009794247
0.009995112
0.0029155605
0.0029516832
0.0018056005
0.005236734
0.0048021637
0.006219169
0.0054638707
0.015037549
0.0017607204
0.037755605
0.008425406
0.02382473
0.023648495
0.07327761
0.009568205
0.0123863425
0.010168612
0.038889647
0.0028624707
0.0044152103
0.029278204
0.015540534
0.037339095
0.04419589
0.01627777
0.001868542
0.04029078
0.029646548
0.055075467
0.01725309
0.00638829
0.007007306
0.005427748
0.010218965
0.0026911602
0.0011389677
0.002347992
0.0012993318
0.0025078089
0.0010765735
5.801754
17.0
601.0
47.0
293.0
26354086.0
2199552.0
0.0
0.0
9.0
1.0
1.0
0.0
0.0
0.0
1515235000.0
0.0
0.0
0.0
0.0
0.0
1.0
0.0
0.0
0.0
0.0
0.0
0.0
-1.0
1.0
-1.0
-1.0
1.0
0.0
0.0
0.0
0.0
0.0
0.0
0.0
0.0
0.0
0.0
0.0
-1.0
0.0
0.0
0.0
0.0
0.0
0.0
0.0
0.0
0.0
0.0
0.0
0.0
-1.0
0.0
0.0
0.0
0.0
0.0
0.0
0.0
0.0
0.0
0.0
6.0
0.0
4.0
0.0
4.0
0.0
1089536.0
1024.0
4096.0
4.0
0.0
0.0
2.0
4.0
0.0
0.0
0.0
0.0
0.0
0.0
0.0
0.0
0.0
0.0
0.0
0.0
0.0
0.0
0.0
0.0
0.0
-4608.0
0.0
0.0
0.0
0.0
0.0
0.0
0.0
0.0
0.0
0.0
-1086976.0
0.0
0.0
0.0
0.0
0.0
1093632.0
0.0
0.0
0.0
0.0
0.0
0.0
0.0
0.0
1536.0
0.0
0.0
0.0
0.0
0.0
0.0
0.0
0.0
0.0
0.0
0.0
0.0
0.0
0.0
0.0
0.0
0.0
0.0
0.0
0.0
0.0
0.0
0.0
-4.6010494
0.0
0.0
0.0
0.0
0.0
0.0
0.0
0.0
0.0
0.0
-5.831549
0.0
0.0
0.0
0.0
0.0
6.4525476
0.0
0.0
0.0
0.0
0.0
0.0
0.0
0.0
4.65822
0.0
0.0
0.0
0.0
0.0
0.0
0.0
0.0
0.0
0.0
0.0
0.0
0.0
0.0
0.0
0.0
0.0
0.0
0.0
0.0
0.0
0.0
0.0
-8192.0
0.0
0.0
0.0
0.0
0.0
0.0
0.0
0.0
0.0
0.0
-1089536.0
0.0
0.0
0.0
0.0
0.0
1093632.0
0.0
0.0
0.0
0.0
0.0
0.0
0.0
0.0
4096.0
0.0
0.0
0.0
0.0
0.0
0.0
0.0
0.0
0.0
0.0
0.0
0.0
0.0
0.0
0.0
0.0
0.0
0.0
1.0
0.0
0.0
0.0
0.0
0.0
0.0
0.0
-1.0
0.0
0.0
0.0
0.0
0.0
0.0
0.0
0.0
0.0
0.0
-1.0
0.0
0.0
0.0
0.0
0.0
0.0
0.0
-1.0
0.0
0.0
0.0
0.0
0.0
0.0
0.0
0.0
0.0
0.0
0.0
0.0
0.0
0.0
0.0
0.0
0.0
0.0
0.0
0.0
0.0
0.0
0.0
-1.0
0.0
0.0
0.0
0.0
0.0
0.0
0.0
0.0
0.0
1.0
0.0
0.0
0.0
0.0
1.0
0.0
0.0
0.0
0.0
0.0
0.0
0.0
0.0
1.0
0.0
0.0
0.0
0.0
0.0
0.0
0.0
0.0
0.0
-1.0
0.0
0.0
0.0
0.0
0.0
0.0
0.0
0.0
0.0
0.0
0.0
0.0
0.0
0.0
0.0
0.0
0.0
0.0
0.0
0.0
0.0
0.0
0.0
0.0
0.0
0.0
0.0
0.0
0.0
0.0
0.0
0.0
-1.0
0.0
0.0
0.0
0.0
0.0
0.0
0.0
0.0
0.0
0.0
0.0
0.0
0.0
0.0
0.0
0.0
0.0
0.0
0.0
0.0
0.0
0.0
-1.0
0.0
0.0
0.0
0.0
0.0
0.0
0.0
0.0
0.0
0.0
0.0
0.0
0.0
0.0
-1.0
0.0
0.0
0.0
0.0
0.0
0.0
0.0
0.0
0.0
0.0
0.0
0.0
0.0
0.0
0.0
0.0
0.0
0.0
0.0
0.0
0.0
0.0
0.0
0.0
0.0
0.0
0.0
0.0
0.0
0.0
0.0
-1.0
0.0
0.0
0.0
0.0
0.0
1.0
0.0
0.0
0.0
0.0
0.0
0.0
0.0
0.0
0.0
0.0
1.0
0.0
0.0
0.0
0.0
0.0
0.0
0.0
0.0
0.0
0.0
0.0
0.0
0.0
0.0
0.0
0.0
0.0
0.0
0.0
0.0
0.0
0.0
0.0
0.0
0.0
0.0
0.0
0.0
0.0
0.0
0.0
0.0
0.0
0.0
0.0
0.0
0.0
0.0
0.0
0.0
0.0
0.0
0.0
0.0
0.0
0.0
0.0
0.0
0.0
0.0
0.0
0.0
0.0
0.0
0.0
0.0
0.0
0.0
0.0
0.0
0.0
0.0
0.0
0.0
0.0
0.0
0.0
0.0
0.0
0.0
0.0
0.0
0.0
0.0
0.0
0.0
0.0
0.0
0.0
0.0
0.0
0.0
0.0
0.0
0.0
0.0
0.0
0.0
0.0
0.0
0.0
0.0
0.0
0.0
0.0
0.0
0.0
0.0
0.0
0.0
0.0
0.0
0.0
0.0
0.0
0.0
0.0
0.0
0.0
0.0
0.0
0.0
0.0
-1.0
0.0
0.0
0.0
0.0
0.0
0.0
0.0
0.0
0.0
0.0
0.0
0.0
0.0
0.0
0.0
0.0
0.0
0.0
0.0
0.0
0.0
0.0
0.0
0.0
0.0
0.0
-1.0
0.0
0.0
0.0
0.0
0.0
0.0
0.0
0.0
0.0
0.0
1.0
0.0
0.0
0.0
0.0
0.0
0.0
0.0
0.0
0.0
0.0
0.0
0.0
0.0
0.0
0.0
0.0
0.0
0.0
0.0
0.0
0.0
0.0
0.0
0.0
0.0
0.0
0.0
0.0
0.0
0.0
0.0
0.0
0.0
0.0
0.0
0.0
0.0
0.0
0.0
0.0
0.0
0.0
0.0
0.0
0.0
0.0
0.0
0.0
0.0
0.0
0.0
0.0
0.0
0.0
0.0
0.0
0.0
0.0
0.0
0.0
0.0
0.0
0.0
0.0
0.0
0.0
0.0
0.0
0.0
0.0
0.0
0.0
0.0
0.0
0.0
0.0
0.0
0.0
0.0
0.0
0.0
0.0
0.0
0.0
0.0
1.0
0.0
0.0
0.0
0.0
0.0
0.0
0.0
0.0
0.0
0.0
0.0
0.0
0.0
0.0
0.0
0.0
0.0
0.0
0.0
0.0
0.0
0.0
0.0
0.0
0.0
0.0
0.0
0.0
0.0
0.0
0.0
0.0
0.0
0.0
0.0
0.0
0.0
0.0
0.0
0.0
0.0
0.0
0.0
0.0
0.0
0.0
0.0
0.0
0.0
0.0
0.0
0.0
0.0
0.0
0.0
0.0
0.0
0.0
0.0
0.0
0.0
0.0
0.0
0.0
0.0
0.0
0.0
0.0
0.0
0.0
0.0
0.0
0.0
0.0
0.0
0.0
0.0
0.0
0.0
0.0
0.0
0.0
0.0
0.0
0.0
0.0
0.0
0.0
0.0
0.0
0.0
0.0
0.0
0.0
0.0
0.0
0.0
0.0
0.0
0.0
0.0
0.0
0.0
0.0
0.0
0.0
0.0
0.0
0.0
0.0
0.0
0.0
0.0
0.0
0.0
0.0
0.0
0.0
0.0
0.0
0.0
0.0
0.0
0.0
0.0
0.0
0.0
0.0
0.0
0.0
0.0
0.0
0.0
0.0
0.0
0.0
0.0
0.0
0.0
0.0
0.0
0.0
0.0
0.0
0.0
0.0
0.0
0.0
0.0
0.0
0.0
0.0
0.0
0.0
0.0
0.0
0.0
0.0
0.0
0.0
0.0
0.0
0.0
0.0
0.0
0.0
0.0
0.0
0.0
0.0
0.0
0.0
0.0
0.0
0.0
0.0
0.0
0.0
0.0
0.0
0.0
0.0
0.0
0.0
0.0
0.0
0.0
0.0
0.0
0.0
0.0
0.0
0.0
0.0
0.0
0.0
0.0
0.0
0.0
0.0
0.0
0.0
0.0
0.0
0.0
0.0
0.0
0.0
0.0
0.0
0.0
0.0
0.0
0.0
0.0
0.0
0.0
0.0
0.0
0.0
0.0
0.0
0.0
0.0
0.0
0.0
0.0
0.0
0.0
0.0
0.0
0.0
0.0
0.0
0.0
0.0
0.0
0.0
0.0
0.0
0.0
0.0
0.0
0.0
0.0
0.0
0.0
0.0
0.0
0.0
0.0
0.0
0.0
0.0
0.0
0.0
0.0
0.0
0.0
0.0
0.0
0.0
-1.0
0.0
0.0
0.0
0.0
0.0
0.0
0.0
0.0
0.0
0.0
0.0
0.0
0.0
0.0
0.0
0.0
0.0
0.0
0.0
0.0
0.0
0.0
0.0
0.0
0.0
0.0
0.0
0.0
0.0
0.0
0.0
0.0
0.0
0.0
0.0
0.0
0.0
0.0
0.0
0.0
0.0
0.0
0.0
0.0
0.0
0.0
0.0
0.0
0.0
0.0
0.0
0.0
0.0
0.0
0.0
0.0
0.0
0.0
0.0
0.0
0.0
0.0
0.0
0.0
0.0
0.0
0.0
0.0
0.0
0.0
0.0
0.0
0.0
0.0
0.0
0.0
0.0
0.0
0.0
0.0
0.0
0.0
0.0
0.0
0.0
0.0
0.0
0.0
0.0
0.0
0.0
0.0
0.0
0.0
0.0
0.0
0.0
0.0
0.0
1.0
0.0
0.0
0.0
0.0
0.0
0.0
0.0
1.0
0.0
0.0
0.0
0.0
0.0
0.0
0.0
0.0
0.0
0.0
0.0
0.0
0.0
0.0
0.0
0.0
0.0
0.0
0.0
0.0
0.0
0.0
0.0
0.0
0.0
0.0
0.0
0.0
0.0
0.0
0.0
0.0
0.0
0.0
0.0
0.0
0.0
0.0
0.0
0.0
0.0
0.0
0.0
0.0
0.0
0.0
0.0
0.0
0.0
0.0
0.0
0.0
0.0
0.0
0.0
0.0
0.0
0.0
0.0
0.0
0.0
0.0
0.0
0.0
0.0
0.0
1.0
0.0
0.0
0.0
0.0
0.0
0.0
0.0
0.0
0.0
0.0
0.0
0.0
0.0
0.0
0.0
0.0
0.0
0.0
0.0
0.0
0.0
0.0
0.0
0.0
0.0
0.0
0.0
0.0
0.0
0.0
0.0
0.0
0.0
0.0
0.0
0.0
0.0
0.0
0.0
0.0
0.0
0.0
0.0
0.0
0.0
0.0
0.0
0.0
0.0
0.0
0.0
0.0
0.0
0.0
0.0
0.0
0.0
0.0
0.0
0.0
0.0
0.0
0.0
0.0
0.0
0.0
0.0
0.0
0.0
0.0
0.0
0.0
0.0
0.0
0.0
0.0
0.0
0.0
0.0
0.0
0.0
0.0
0.0
0.0
0.0
0.0
0.0
0.0
0.0
0.0
0.0
0.0
0.0
0.0
0.0
0.0
0.0
0.0
0.0
0.0
0.0
0.0
0.0
0.0
0.0
0.0
0.0
0.0
0.0
0.0
0.0
0.0
0.0
0.0
0.0
0.0
0.0
0.0
0.0
0.0
0.0
0.0
0.0
0.0
0.0
0.0
0.0
0.0
0.0
0.0
0.0
0.0
0.0
0.0
0.0
0.0
0.0
0.0
0.0
0.0
0.0
0.0
0.0
0.0
0.0
0.0
0.0
0.0
0.0
0.0
0.0
0.0
0.0
0.0
0.0
0.0
0.0
0.0
0.0
0.0
0.0
0.0
0.0
0.0
0.0
0.0
0.0
0.0
0.0
0.0
0.0
0.0
0.0
0.0
0.0
0.0
0.0
0.0
0.0
0.0
0.0
0.0
0.0
0.0
0.0
0.0
0.0
0.0
0.0
0.0
0.0
0.0
0.0
0.0
0.0
0.0
0.0
0.0
0.0
0.0
0.0
0.0
0.0
0.0
0.0
0.0
0.0
0.0
0.0
0.0
0.0
0.0
0.0
0.0
0.0
0.0
0.0
0.0
0.0
0.0
0.0
0.0
0.0
0.0
0.0
0.0
0.0
0.0
0.0
0.0
0.0
0.0
0.0
0.0
0.0
0.0
0.0
0.0
0.0
0.0
0.0
0.0
0.0
0.0
0.0
0.0
0.0
0.0
1.0
0.0
0.0
0.0
0.0
0.0
0.0
0.0
0.0
0.0
0.0
0.0
0.0
0.0
0.0
0.0
0.0
0.0
0.0
0.0
0.0
0.0
0.0
0.0
0.0
0.0
0.0
0.0
0.0
0.0
0.0
0.0
0.0
0.0
0.0
0.0
0.0
0.0
0.0
0.0
0.0
0.0
0.0
0.0
0.0
0.0
0.0
0.0
0.0
0.0
0.0
0.0
-1.0
0.0
0.0
0.0
0.0
0.0
0.0
0.0
0.0
0.0
0.0
0.0
0.0
0.0
0.0
0.0
0.0
0.0
0.0
0.0
0.0
0.0
0.0
0.0
0.0
0.0
0.0
0.0
0.0
0.0
0.0
0.0
0.0
0.0
0.0
0.0
0.0
0.0
0.0
0.0
0.0
0.0
0.0
0.0
0.0
0.0
0.0
0.0
0.0
0.0
0.0
0.0
0.0
0.0
0.0
0.0
0.0
0.0
0.0
0.0
0.0
0.0
0.0
0.0
0.0
0.0
0.0
0.0
0.0
0.0
0.0
0.0
0.0
0.0
0.0
0.0
0.0
0.0
0.0
0.0
0.0
0.0
0.0
0.0
0.0
0.0
0.0
0.0
0.0
0.0
0.0
0.0
0.0
0.0
0.0
0.0
0.0
0.0
0.0
0.0
0.0
0.0
0.0
0.0
0.0
0.0
0.0
0.0
0.0
0.0
0.0
0.0
0.0
0.0
0.0
0.0
0.0
0.0
0.0
0.0
0.0
0.0
0.0
0.0
0.0
0.0
0.0
0.0
0.0
0.0
0.0
0.0
0.0
0.0
0.0
0.0
0.0
0.0
0.0
0.0
0.0
0.0
0.0
0.0
0.0
0.0
0.0
0.0
0.0
0.0
0.0
0.0
0.0
0.0
0.0
0.0
0.0
0.0
0.0
0.0
0.0
0.0
0.0
0.0
0.0
0.0
0.0
0.0
0.0
0.0
0.0
0.0
0.0
0.0
0.0
0.0
0.0
0.0
0.0
0.0
0.0
0.0
0.0
0.0
0.0
0.0
0.0
0.0
0.0
0.0
0.0
0.0
0.0
0.0
0.0
0.0
0.0
0.0
0.0
0.0
0.0
0.0
0.0
0.0
0.0
0.0
0.0
0.0
0.0
0.0
0.0
0.0
0.0
0.0
0.0
0.0
0.0
0.0
0.0
0.0
0.0
0.0
0.0
0.0
0.0
0.0
0.0
0.0
0.0
0.0
0.0
0.0
0.0
0.0
0.0
0.0
0.0
0.0
0.0
0.0
0.0
0.0
0.0
0.0
0.0
0.0
0.0
0.0
0.0
0.0
0.0
0.0
0.0
0.0
0.0
0.0
0.0
0.0
0.0
0.0
0.0
0.0
0.0
0.0
0.0
0.0
0.0
0.0
0.0
0.0
0.0
0.0
0.0
0.0
0.0
0.0
0.0
0.0
0.0
0.0
0.0
0.0
0.0
0.0
0.0
0.0
0.0
0.0
0.0
0.0
0.0
0.0
0.0
0.0
0.0
0.0
0.0
0.0
0.0
0.0
0.0
0.0
0.0
0.0
0.0
0.0
0.0
0.0
0.0
0.0
0.0
0.0
0.0
0.0
0.0
0.0
200.0
2191360.0
792.0
2187264.0
0.0
0.0
0.0
0.0
12.0
2188608.0
0.0
0.0
0.0
0.0
0.0
0.0
0.0
0.0
0.0
0.0
0.0
0.0
0.0
0.0
0.0
0.0
0.0
0.0
