0.5733805
0.0038492708
0.0026932978
0.0024728286
0.0036883878
0.0016803318
0.0012691867
0.0010487176
0.004677519
0.0008937935
0.001155973
0.0011202212
0.002925684
0.0014300696
0.00082229
0.003211698
0.0028780152
0.0007031176
0.0005124416
0.00042306224
0.001138097
0.001138097
0.0006137382
0.0007388693
0.0015373249
0.0006077796
0.0005601106
0.00060182094
0.0010010487
0.0008401659
0.0005243588
0.00077462103
0.0022404424
0.0008342073
0.00058990374
0.001042759
0.0055772713
0.00090571074
0.00047668986
0.00054819335
0.000965297
0.00059586234
0.0006196968
0.001281104
0.001233435
0.0011440556
0.0008640004
0.0005660692
0.002353656
0.0017220421
0.0017697111
0.0037241396
0.0020199732
0.0018590905
0.0015432835
0.0013943178
0.001978263
0.0022642768
0.0009950901
0.0015730766
0.0011917247
0.0009712556
0.00046477263
0.0008878349
0.00458814
0.004063781
0.00062565546
0.0015611593
0.002735008
0.0045285537
0.0021451043
0.001060635
0.001328773
0.00081037276
0.00054223475
0.00060182094
0.0013585661
0.0020914767
0.0007031176
0.0005184002
0.002085518
0.0009891315
0.0007150348
0.0015492421
0.0012274764
0.0016147869
0.0014360282
0.0013466489
0.0010904281
0.0019723044
0.00067332445
0.0008461245
0.0020914767
0.0013168558
0.0012453523
0.0010785108
0.0008878349
0.0028839738
0.0017697111
0.0019067595
0.002341739
0.004379588
0.0025681667
0.00060182094
0.0011142626
0.0015730766
0.002073601
0.00050052436
0.0019901802
0.00067928305
0.0016743732
0.0014598627
0.0010546764
0.0004826485
0.0018888836
0.0015254075
0.005636858
0.00406974
0.0008401659
0.00090571074
0.0013168558
0.0006077796
0.000458814
0.00036347602
0.0016207455
0.0016326628
0.00089975214
0.0012691867
0.0028243875
0.0013645247
0.001042759
0.005726237
0.0015790352
0.0028720563
0.0004886071
0.00062565546
0.0013406903
0.0035692153
0.0014598627
0.008377824
0.0012215178
0.002895891
0.0008878349
0.0008759176
0.0012096005
0.00082229
0.0005243588
0.00039922775
0.0005660692
0.00077462103
0.00042306224
0.00047668986
0.0004886071
0.009831728
0.00036943465
0.0008282486
0.0007090762
0.00047073123
0.0009533797
0.0010963867
0.0016684146
0.0011202212
0.00042306224
0.0010963867
0.0004826485
0.00063757267
0.00054819335
0.0010487176
0.00089975214
0.00059586234
0.0005362761
0.00068524166
0.00047668986
0.0005124416
0.00044689674
0.0004349795
0.000965297
0.0006554486
0.0005243588
0.0005839451
0.0006554486
0.0006077796
0.0010546764
0.0007031176
0.0010785108
0.00075078657
0.0007090762
0.0006077796
0.00047668986
0.0006912003
0.00067332445
0.0011440556
0.0027588427
0.0022523596
0.0010189246
0.0031878634
0.0022285252
0.00055415195
0.0013108972
0.0017935457
0.0011083039
0.0016088283
0.0007150348
0.0007031176
0.0017220421
0.0011083039
0.00076270377
0.00068524166
0.00076270377
0.0008461245
0.00067928305
0.0006971589
0.00045285537
0.00031580703
0.0005720278
0.0004886071
0.0012393936
0.002627753
0.00054819335
0.0020318904
0.0010070073
0.0017995043
0.00085804175
0.0009474211
0.0019901802
0.0010963867
0.00076866243
0.0009891315
0.00092954526
0.00049456576
0.00085208315
0.0006196968
0.0042067883
0.0013943178
0.00075674517
0.0033785393
0.001978263
0.0019961388
0.001042759
0.0010129659
0.003622843
0.00147178
0.0034857946
0.0017101249
0.001960387
0.0028720563
0.0016982077
0.0029793116
0.0028422633
0.0016564972
0.0030448565
0.0018173801
0.005172085
0.0013943178
0.0018412146
0.04831252
0.38864776
2.1098573e-05
3.616898e-05
9.042245e-06
4.2197145e-05
6.0281636e-06
6.0281636e-06
6.0281636e-06
1.2056327e-05
1.2056327e-05
1.808449e-05
6.0281636e-06
3.0140818e-06
1.2056327e-05
1.2056327e-05
3.918306e-05
0.023416402
3.918306e-05
3.3154898e-05
9.94647e-05
4.822531e-05
4.2197145e-05
0.00013261959
7.535204e-05
0.00020797165
0.00043402778
9.042245e-06
1.2056327e-05
2.4112655e-05
1.5070409e-05
1.5070409e-05
8.740837e-05
0.0057177134
1.5070409e-05
9.042245e-06
1.2056327e-05
3.0140818e-06
9.042245e-06
1.808449e-05
1.808449e-05
2.4112655e-05
1.808449e-05
4.5211225e-05
2.1098573e-05
6.3295716e-05
6.6309796e-05
6.6309796e-05
6.6309796e-05
0.006004051
5.4253473e-05
4.2197145e-05
7.233796e-05
9.343654e-05
9.042245e-06
9.645062e-05
2.7126736e-05
6.0281636e-05
0.00052143616
4.5211225e-05
1.2056327e-05
6.0281636e-05
1.808449e-05
6.0281636e-06
0.0052234037
0.011559004
0.0
0.00010247878
6.6309796e-05
9.94647e-05
4.5211225e-05
0.00048828125
0.0002622251
9.042245e-05
0.0011091821
3.0140818e-06
3.0140818e-06
2.4112655e-05
0.0
0.0
0.010838638
0.013430748
0.00021701389
0.00017783082
0.0005485629
0.0002833237
0.00022605613
7.836612e-05
0.00023811247
0.00012056327
0.0039876304
0.00015371817
0.00013864777
0.00022304205
0.00012056327
9.042245e-05
0.0046567563
0.0065043885
0.00016878858
0.0001657745
0.00053650653
0.0005606192
4.5211225e-05
8.740837e-05
8.138021e-05
0.00013864777
0.003505377
0.00020797165
0.000114535105
0.000114535105
8.740837e-05
0.00038580247
0.005814164
0.036265433
0.0005033517
0.00083490065
0.007589458
0.0020314911
0.0012719425
0.0063205296
0.0015311536
0.0006721402
0.0006419994
0.0006088445
0.00040087287
0.000515408
0.00033456308
0.0013412664
0.007037881
0.020643447
9.94647e-05
0.000587746
0.0024142796
0.0018174914
0.0011905623
0.006154755
0.0026644482
0.0003616898
0.00022907021
0.0005274643
0.00034963348
0.00034059124
0.00039183063
0.0011182243
0.010492018
0.0059166425
5.7267553e-05
0.000331549
0.00030743633
0.0003104504
0.0001989294
0.0005636333
0.00025016878
0.00042799962
0.000111521025
0.00025016878
0.000111521025
0.0002320843
0.00011754919
0.00053047837
0.0026282794
0.006823881
0.00030442225
0.00032853492
0.00034059124
0.0005666474
0.00026523918
0.0006781684
0.00044909818
0.000331549
0.0001657745
0.0003827884
0.00022907021
0.0002983941
0.00015371817
0.00034059124
0.00068721065
0.0067907264
0.0004641686
0.0009735484
0.00037073207
0.00062391494
0.00033456308
0.00038580247
0.0004822531
0.0010579427
0.0005033517
0.00038881655
0.00059076
0.0007474923
0.00043402778
0.001326196
0.0030442227
0.013689959
0.0010398582
0.0012267313
0.001030816
0.0013322241
0.0009102527
0.0010368441
0.0007263937
0.0016758295
0.001293041
0.0013231819
0.0016185619
0.0018536603
0.0017270689
0.003725405
0.009000048
0.031503182
0.0038489825
0.00679374
0.0044005592
0.0093828365
0.0059407554
0.004723066
0.0070921346
0.01490162
0.0026343074
0.0028874904
0.0035988137
0.008249542
0.004753207
0.006190924
0.012728468
0.028067129
0.0054283612
0.0057388116
0.005187235
0.0093828365
0.008128978
0.0037495177
0.008002387
0.015389902
0.0022726178
0.0026493778
0.0024926458
0.008222415
0.005675516
0.0066581066
0.012583791
0.002212336
0.0024142796
0.0022183643
0.0022937162
0.0025679977
0.0025348428
0.0024685329
0.0026071807
0.001992308
0.0027307582
0.0022002796
0.0022786458
0.002652392
0.0021219135
0.0018807871
0.0018627025
375.0
10.104
3789.0
0.02111375
0.0018474532
0.0018474532
0.004486672
0.008973344
0.00079176563
0.0005278438
0.0015835313
0.002111375
0.0031670625
0.0013196093
0.0055423593
0.0015835313
0.01398786
0.0084455
0.0026392187
0.0081815785
0.004750594
0.011084719
0.047242016
0.0050145155
0.0036949064
0.006598047
0.002111375
0.0031670625
0.0026392187
0.0013196093
0.0013196093
0.002111375
0.0015835313
0.0010556875
0.004486672
0.0034309844
0.013460016
0.0039588283
0.012140406
0.006598047
0.01398786
0.02797572
0.014779625
0.00976511
0.0055423593
0.0013196093
0.002375297
0.009237266
0.007917657
0.0055423593
0.0029031406
0.008709422
0.0010556875
0.010029031
0.019266298
0.0084455
0.005806281
0.0052784374
0.010029031
0.0018474532
0.002375297
0.0015835313
0.0026392187
0.0039588283
0.0031670625
0.0029031406
0.0031670625
0.0029031406
0.034045924
0.004750594
0.016099235
0.022697281
0.08313539
0.006861969
0.011084719
0.011348641
0.038796518
0.004486672
0.0029031406
0.03510161
0.009237266
0.043283187
0.038004752
0.016627079
0.0005278438
0.045394562
0.020321984
0.06254949
0.016627079
0.006861969
0.0052784374
0.014779625
0.006070203
0.00422275
0.0013196093
0.002375297
0.0013196093
0.002375297
0.011084719
5.721786
0.0
0.0
0.0
2.0
167824.0
167936.0
0.0
0.0
5.0
0.0
1.0
0.0
0.0
0.0
1436872600.0
0.0
0.0
0.0
0.0
0.0
1.0
0.0
0.0
0.0
0.0
0.0
0.0
-1.0
0.0
-1.0
-1.0
1.0
0.0
0.0
0.0
0.0
0.0
0.0
0.0
0.0
0.0
0.0
0.0
-1.0
0.0
0.0
0.0
0.0
0.0
0.0
0.0
0.0
0.0
0.0
0.0
0.0
-1.0
0.0
0.0
0.0
0.0
0.0
0.0
0.0
0.0
8.0
2.0
6.0
0.0
4.0
0.0
4.0
0.0
36864.0
512.0
4096.0
4.0
0.0
0.0
2.0
4.0
0.0
0.0
0.0
0.0
0.0
0.0
0.0
0.0
0.0
0.0
-133632.0
0.0
0.0
0.0
0.0
0.0
0.0
-1536.0
0.0
0.0
0.0
0.0
0.0
0.0
0.0
0.0
0.0
0.0
0.0
0.0
0.0
0.0
0.0
0.0
0.0
0.0
0.0
0.0
0.0
0.0
0.0
3584.0
0.0
20480.0
0.0
0.0
0.0
0.0
0.0
0.0
0.0
0.0
0.0
0.0
0.0
0.0
0.0
0.0
0.0
0.0
-3.5570714
0.0
0.0
0.0
0.0
0.0
0.0
-3.735563
0.0
0.0
0.0
0.0
0.0
0.0
0.0
0.0
0.0
0.0
0.0
0.0
0.0
0.0
0.0
0.0
0.0
0.0
0.0
0.0
0.0
0.0
0.0
5.6807623
0.0
5.6825194
0.0
0.0
0.0
0.0
0.0
0.0
0.0
0.0
0.0
0.0
0.0
0.0
0.0
0.0
0.0
0.0
-135168.0
0.0
0.0
0.0
0.0
0.0
0.0
-4096.0
0.0
0.0
0.0
0.0
0.0
0.0
0.0
0.0
0.0
0.0
0.0
0.0
0.0
0.0
0.0
0.0
0.0
0.0
0.0
0.0
0.0
0.0
0.0
4096.0
0.0
20480.0
0.0
0.0
0.0
0.0
0.0
0.0
0.0
0.0
0.0
-1.0
0.0
0.0
0.0
-1.0
0.0
0.0
1.0
0.0
0.0
0.0
0.0
0.0
0.0
1.0
0.0
0.0
0.0
0.0
0.0
0.0
0.0
0.0
0.0
0.0
0.0
1.0
0.0
-1.0
0.0
0.0
0.0
0.0
0.0
0.0
-2.0
0.0
0.0
0.0
0.0
0.0
0.0
0.0
0.0
0.0
0.0
0.0
1.0
0.0
0.0
0.0
0.0
0.0
0.0
0.0
0.0
0.0
0.0
0.0
0.0
-1.0
0.0
0.0
0.0
0.0
0.0
0.0
0.0
0.0
0.0
1.0
0.0
0.0
0.0
0.0
1.0
0.0
0.0
0.0
0.0
0.0
0.0
0.0
0.0
1.0
0.0
0.0
0.0
0.0
0.0
0.0
0.0
0.0
0.0
-1.0
0.0
0.0
0.0
0.0
0.0
0.0
0.0
0.0
0.0
0.0
0.0
0.0
0.0
0.0
0.0
0.0
0.0
0.0
0.0
0.0
0.0
0.0
0.0
0.0
0.0
0.0
0.0
0.0
0.0
0.0
0.0
0.0
-1.0
0.0
0.0
0.0
0.0
0.0
0.0
0.0
0.0
0.0
0.0
0.0
0.0
-1.0
0.0
0.0
0.0
0.0
0.0
0.0
0.0
-1.0
0.0
-1.0
0.0
0.0
0.0
0.0
0.0
0.0
0.0
0.0
0.0
0.0
0.0
0.0
0.0
0.0
0.0
0.0
0.0
0.0
0.0
0.0
0.0
0.0
0.0
0.0
0.0
0.0
0.0
0.0
0.0
0.0
0.0
0.0
0.0
0.0
0.0
0.0
0.0
0.0
0.0
0.0
0.0
0.0
0.0
0.0
0.0
0.0
0.0
0.0
0.0
0.0
0.0
0.0
0.0
0.0
0.0
0.0
0.0
0.0
0.0
0.0
0.0
0.0
0.0
1.0
0.0
0.0
0.0
0.0
0.0
0.0
0.0
0.0
0.0
0.0
0.0
0.0
0.0
0.0
0.0
0.0
0.0
0.0
0.0
0.0
0.0
0.0
0.0
0.0
0.0
0.0
0.0
0.0
0.0
0.0
0.0
0.0
0.0
0.0
0.0
0.0
0.0
0.0
0.0
0.0
0.0
0.0
0.0
0.0
0.0
0.0
0.0
0.0
0.0
0.0
0.0
0.0
0.0
0.0
0.0
0.0
0.0
0.0
0.0
0.0
0.0
0.0
0.0
0.0
0.0
0.0
0.0
0.0
0.0
0.0
0.0
0.0
0.0
0.0
0.0
0.0
0.0
0.0
0.0
0.0
0.0
0.0
0.0
0.0
0.0
0.0
0.0
0.0
0.0
0.0
0.0
0.0
0.0
0.0
0.0
0.0
0.0
0.0
0.0
0.0
0.0
0.0
0.0
0.0
0.0
0.0
0.0
0.0
0.0
0.0
0.0
0.0
0.0
0.0
0.0
0.0
0.0
0.0
0.0
0.0
0.0
0.0
0.0
0.0
0.0
0.0
0.0
0.0
0.0
0.0
0.0
0.0
0.0
0.0
0.0
0.0
0.0
0.0
0.0
0.0
0.0
0.0
0.0
0.0
0.0
0.0
0.0
0.0
0.0
0.0
0.0
0.0
0.0
0.0
0.0
0.0
0.0
0.0
0.0
0.0
0.0
0.0
0.0
0.0
0.0
0.0
0.0
0.0
0.0
0.0
0.0
0.0
0.0
0.0
0.0
0.0
0.0
0.0
0.0
0.0
0.0
0.0
0.0
0.0
0.0
0.0
0.0
0.0
0.0
0.0
0.0
0.0
0.0
0.0
0.0
0.0
0.0
0.0
0.0
0.0
0.0
0.0
0.0
0.0
0.0
0.0
0.0
0.0
0.0
0.0
0.0
0.0
0.0
0.0
0.0
0.0
0.0
0.0
0.0
0.0
0.0
0.0
0.0
0.0
0.0
0.0
0.0
0.0
0.0
0.0
0.0
0.0
0.0
0.0
0.0
0.0
0.0
0.0
0.0
0.0
0.0
0.0
0.0
0.0
0.0
0.0
0.0
0.0
0.0
0.0
0.0
0.0
0.0
0.0
0.0
0.0
0.0
0.0
0.0
-1.0
0.0
0.0
0.0
0.0
0.0
0.0
0.0
0.0
0.0
-1.0
0.0
0.0
0.0
0.0
0.0
0.0
0.0
0.0
0.0
0.0
0.0
0.0
0.0
0.0
0.0
0.0
0.0
0.0
0.0
0.0
0.0
0.0
0.0
1.0
0.0
0.0
0.0
0.0
0.0
0.0
0.0
0.0
0.0
0.0
0.0
0.0
0.0
0.0
0.0
0.0
0.0
0.0
0.0
0.0
0.0
0.0
0.0
0.0
0.0
0.0
0.0
0.0
0.0
0.0
0.0
0.0
0.0
0.0
0.0
0.0
0.0
0.0
0.0
0.0
0.0
0.0
0.0
0.0
0.0
0.0
0.0
0.0
0.0
0.0
0.0
0.0
0.0
0.0
0.0
0.0
0.0
0.0
0.0
0.0
0.0
0.0
0.0
0.0
0.0
0.0
0.0
0.0
0.0
0.0
0.0
0.0
0.0
0.0
0.0
0.0
0.0
0.0
0.0
0.0
0.0
0.0
0.0
0.0
0.0
0.0
0.0
0.0
0.0
0.0
0.0
0.0
0.0
0.0
0.0
0.0
0.0
0.0
0.0
0.0
0.0
0.0
0.0
0.0
0.0
0.0
0.0
0.0
0.0
0.0
0.0
0.0
0.0
0.0
0.0
0.0
0.0
0.0
0.0
0.0
0.0
0.0
0.0
0.0
0.0
0.0
0.0
0.0
0.0
0.0
0.0
0.0
0.0
0.0
0.0
0.0
0.0
0.0
0.0
0.0
0.0
0.0
0.0
0.0
0.0
0.0
0.0
0.0
0.0
0.0
0.0
0.0
0.0
0.0
0.0
0.0
0.0
0.0
0.0
0.0
0.0
0.0
0.0
0.0
0.0
0.0
0.0
0.0
0.0
0.0
0.0
0.0
0.0
0.0
0.0
0.0
0.0
0.0
0.0
0.0
0.0
0.0
0.0
0.0
0.0
0.0
0.0
0.0
0.0
0.0
0.0
0.0
0.0
0.0
0.0
0.0
0.0
0.0
0.0
0.0
0.0
0.0
0.0
0.0
0.0
0.0
0.0
0.0
0.0
0.0
0.0
0.0
0.0
0.0
0.0
0.0
0.0
0.0
0.0
0.0
0.0
0.0
0.0
0.0
0.0
0.0
0.0
0.0
0.0
0.0
0.0
0.0
0.0
0.0
0.0
0.0
0.0
0.0
0.0
0.0
0.0
0.0
0.0
0.0
0.0
0.0
0.0
0.0
0.0
0.0
0.0
0.0
0.0
0.0
0.0
0.0
0.0
0.0
0.0
0.0
0.0
0.0
0.0
0.0
0.0
0.0
0.0
0.0
0.0
0.0
0.0
0.0
0.0
0.0
0.0
0.0
0.0
0.0
0.0
0.0
0.0
0.0
0.0
0.0
0.0
0.0
0.0
0.0
0.0
0.0
0.0
0.0
0.0
0.0
0.0
0.0
0.0
0.0
0.0
0.0
0.0
0.0
0.0
0.0
0.0
0.0
0.0
0.0
-1.0
0.0
0.0
0.0
0.0
0.0
0.0
0.0
0.0
0.0
0.0
0.0
0.0
0.0
0.0
0.0
0.0
0.0
0.0
0.0
0.0
0.0
0.0
0.0
0.0
0.0
0.0
0.0
0.0
0.0
0.0
0.0
0.0
0.0
0.0
0.0
0.0
0.0
0.0
0.0
0.0
0.0
0.0
0.0
0.0
0.0
0.0
0.0
0.0
0.0
0.0
0.0
0.0
0.0
0.0
0.0
0.0
0.0
0.0
0.0
0.0
0.0
0.0
0.0
0.0
0.0
0.0
0.0
0.0
0.0
0.0
0.0
0.0
0.0
0.0
0.0
0.0
0.0
0.0
0.0
0.0
0.0
0.0
0.0
0.0
0.0
0.0
0.0
0.0
0.0
0.0
0.0
0.0
0.0
0.0
0.0
0.0
0.0
0.0
0.0
0.0
0.0
0.0
0.0
0.0
0.0
0.0
0.0
0.0
0.0
0.0
0.0
0.0
0.0
0.0
0.0
0.0
0.0
0.0
0.0
0.0
0.0
0.0
0.0
0.0
0.0
0.0
0.0
0.0
0.0
0.0
0.0
0.0
0.0
0.0
0.0
0.0
0.0
0.0
0.0
0.0
0.0
0.0
0.0
0.0
0.0
0.0
0.0
0.0
0.0
0.0
0.0
0.0
0.0
0.0
0.0
0.0
0.0
0.0
0.0
0.0
0.0
0.0
0.0
0.0
0.0
0.0
0.0
0.0
0.0
0.0
0.0
0.0
0.0
0.0
0.0
0.0
0.0
0.0
0.0
0.0
0.0
0.0
0.0
0.0
0.0
0.0
0.0
0.0
0.0
0.0
0.0
0.0
0.0
0.0
0.0
0.0
0.0
0.0
0.0
0.0
0.0
0.0
0.0
0.0
0.0
0.0
0.0
0.0
0.0
0.0
0.0
0.0
0.0
0.0
0.0
0.0
0.0
0.0
0.0
0.0
0.0
0.0
0.0
0.0
0.0
0.0
0.0
0.0
0.0
0.0
0.0
0.0
0.0
0.0
0.0
0.0
0.0
0.0
0.0
0.0
0.0
0.0
0.0
0.0
0.0
0.0
0.0
0.0
0.0
0.0
0.0
0.0
0.0
0.0
0.0
0.0
0.0
0.0
0.0
0.0
0.0
0.0
0.0
0.0
0.0
0.0
0.0
0.0
0.0
0.0
0.0
0.0
0.0
0.0
0.0
0.0
0.0
0.0
0.0
0.0
0.0
0.0
0.0
0.0
0.0
0.0
0.0
0.0
0.0
0.0
0.0
0.0
0.0
0.0
0.0
0.0
0.0
0.0
0.0
0.0
0.0
0.0
0.0
0.0
0.0
0.0
0.0
0.0
0.0
0.0
0.0
0.0
0.0
0.0
0.0
0.0
0.0
0.0
0.0
0.0
0.0
0.0
0.0
0.0
0.0
0.0
0.0
0.0
0.0
0.0
0.0
0.0
0.0
0.0
0.0
0.0
0.0
0.0
0.0
0.0
0.0
0.0
0.0
0.0
0.0
0.0
0.0
0.0
0.0
0.0
0.0
0.0
0.0
0.0
0.0
0.0
0.0
0.0
0.0
0.0
0.0
0.0
0.0
0.0
0.0
0.0
0.0
0.0
0.0
0.0
0.0
0.0
0.0
0.0
0.0
0.0
0.0
0.0
0.0
0.0
0.0
0.0
0.0
0.0
0.0
0.0
0.0
0.0
0.0
0.0
0.0
0.0
0.0
0.0
0.0
0.0
0.0
0.0
0.0
0.0
0.0
0.0
0.0
0.0
0.0
0.0
0.0
0.0
0.0
0.0
0.0
0.0
0.0
0.0
0.0
0.0
0.0
0.0
0.0
0.0
0.0
0.0
0.0
0.0
0.0
0.0
0.0
0.0
0.0
0.0
0.0
0.0
0.0
0.0
0.0
0.0
0.0
0.0
0.0
0.0
0.0
0.0
0.0
0.0
0.0
0.0
0.0
0.0
0.0
0.0
0.0
0.0
0.0
0.0
0.0
0.0
0.0
0.0
0.0
0.0
0.0
0.0
0.0
0.0
0.0
0.0
0.0
0.0
0.0
0.0
0.0
0.0
0.0
0.0
0.0
0.0
0.0
0.0
0.0
0.0
0.0
0.0
0.0
0.0
0.0
0.0
0.0
0.0
0.0
0.0
0.0
0.0
0.0
0.0
0.0
0.0
0.0
0.0
0.0
0.0
0.0
0.0
0.0
0.0
0.0
0.0
0.0
0.0
0.0
0.0
0.0
0.0
0.0
0.0
0.0
0.0
0.0
0.0
0.0
0.0
-1.0
0.0
0.0
0.0
0.0
0.0
0.0
0.0
0.0
0.0
0.0
0.0
0.0
0.0
0.0
0.0
0.0
0.0
0.0
0.0
0.0
0.0
0.0
0.0
0.0
0.0
0.0
0.0
0.0
0.0
0.0
0.0
0.0
0.0
0.0
0.0
0.0
0.0
0.0
0.0
0.0
0.0
0.0
0.0
0.0
0.0
0.0
0.0
0.0
0.0
0.0
0.0
0.0
0.0
0.0
0.0
0.0
0.0
0.0
0.0
0.0
0.0
0.0
0.0
0.0
0.0
0.0
0.0
0.0
0.0
0.0
0.0
0.0
0.0
0.0
0.0
0.0
0.0
0.0
0.0
0.0
0.0
0.0
0.0
0.0
0.0
0.0
0.0
0.0
0.0
0.0
0.0
0.0
0.0
0.0
0.0
0.0
0.0
0.0
0.0
0.0
0.0
0.0
0.0
0.0
0.0
0.0
0.0
0.0
0.0
0.0
0.0
0.0
0.0
0.0
0.0
0.0
0.0
0.0
0.0
0.0
0.0
0.0
0.0
0.0
0.0
0.0
0.0
0.0
0.0
0.0
0.0
0.0
0.0
0.0
0.0
0.0
0.0
0.0
0.0
0.0
0.0
0.0
0.0
0.0
0.0
0.0
0.0
0.0
0.0
0.0
0.0
0.0
0.0
0.0
0.0
0.0
0.0
0.0
0.0
0.0
0.0
0.0
0.0
0.0
0.0
0.0
0.0
0.0
120.0
163840.0
20344.0
143360.0
0.0
0.0
0.0
0.0
0.0
0.0
0.0
0.0
0.0
0.0
0.0
0.0
0.0
0.0
0.0
0.0
0.0
0.0
0.0
0.0
0.0
0.0
0.0
0.0
