0.49513322
0.003040316
0.0068006073
0.0029998964
0.0029380037
0.0030087382
0.0028129555
0.0029152678
0.0033674627
0.0031767325
0.0028230604
0.0028988472
0.0029127416
0.0029001103
0.0027497998
0.0029468457
0.0028344286
0.0028129555
0.0027889563
0.0027952718
0.0029392669
0.0028697955
0.003027685
0.0027321163
0.0030883143
0.0044966866
0.0026361195
0.0026904335
0.0029758972
0.0026538032
0.0028230604
0.0027270638
0.0028281128
0.0027119063
0.0028205342
0.0026980122
0.002830639
0.0028091662
0.002719485
0.0027839039
0.0030592629
0.0028281128
0.0026538032
0.0029215834
0.0027359056
0.00272959
0.0026613818
0.0029127416
0.0027927456
0.0027712728
0.002720748
0.0029253727
0.0027018015
0.0026891704
0.0027662204
0.0026815915
0.0026815915
0.0029380037
0.0026474874
0.0028748482
0.0029556875
0.0027927456
0.0026272777
0.0028647431
0.0037274503
0.002772536
0.0027346425
0.0027447473
0.0028116924
0.0031325235
0.0027144325
0.0028041138
0.002829376
0.002762431
0.0027801145
0.0029316882
0.0028356917
0.0029266358
0.0027687466
0.0027055908
0.00345967
0.002762431
0.002762431
0.002740958
0.0027169588
0.002949372
0.0028647431
0.0026942228
0.0029771603
0.002753589
0.0028028507
0.0027940087
0.0027952718
0.0027712728
0.0027687466
0.0026651712
0.0027460104
0.0029721078
0.0028116924
0.002852112
0.0030744202
0.0031552594
0.0026815915
0.002949372
0.0027977983
0.0036857675
0.0029001103
0.002840744
0.0027106432
0.0028281128
0.002818008
0.0028116924
0.002830639
0.0027485366
0.0027940087
0.0029127416
0.0039131283
0.0030100013
0.0027599046
0.0027270638
0.00280664
0.0028116924
0.0027156956
0.0030441054
0.0027043277
0.0027990614
0.0027018015
0.0033687258
0.00094354636
0.00097512425
0.0009902816
0.001414688
0.00094354636
0.0017633075
0.001182275
0.0009119685
0.0011241717
0.0012694298
0.0010067021
0.002090454
0.0010218595
0.001105225
0.0011115406
0.0011835381
0.0010660684
0.00093975704
0.0010231226
0.00090691604
0.00094733573
0.00095870375
0.0011304873
0.000995334
0.00096754555
0.0010723841
0.0009852292
0.00097638735
0.001116593
0.00094859884
0.00094354636
0.00089049555
0.0012226946
0.0011216454
0.0010862782
0.0011544864
0.00096628245
0.0010521743
0.0012782717
0.0012214315
0.0015561568
0.00094228325
0.0010862782
0.00087912753
0.00094480946
0.00097007176
0.00095112505
0.00094733573
0.00090438983
0.00094607257
0.0009018636
0.00090438983
0.0012315364
0.0010572267
0.0009940709
0.0009372308
0.0009978603
0.00091575785
0.00092586275
0.00095365127
0.00097007176
0.001016807
0.0010521743
0.00094354636
0.001160802
0.0010445955
0.0011456447
0.000982703
0.00093344145
0.0009965972
0.001071121
0.0009776504
0.000982703
0.0009928078
0.0010357538
0.00091702095
0.0012176422
0.00094607257
0.0010104914
0.0010155439
0.0010092283
0.0010155439
0.0011848012
0.0010395431
0.0013212175
0.0010408062
0.0009928078
0.00090438983
0.001370479
0.0010029128
0.0010850151
0.000983966
0.0010445955
0.00091323163
0.00095996686
0.001116593
0.0012429045
0.001050911
0.00095996686
0.00092081033
0.00096122996
0.0010231226
0.00094354636
0.0010471217
0.0012744823
0.0011216454
0.0012163791
0.0011355397
0.0012504831
0.0009789136
0.0010395431
0.000972598
0.0012176422
0.000983966
0.00092459965
0.001149434
0.00096501934
0.0009195472
0.000982703
0.0011696438
0.0011519602
0.00095617754
0.0010117545
0.0011671176
0.0012694298
0.00096122996
0.0008829169
0.0017961485
0.029728232
0.0
1.2649773e-06
1.2649773e-06
3.794932e-06
1.2649773e-06
3.794932e-06
2.5299546e-06
3.794932e-06
2.5299546e-06
2.5299546e-06
2.5299546e-06
1.2649773e-06
2.5299546e-06
3.415439e-05
1.2649773e-06
0.0012365154
1.897466e-06
4.4274207e-06
3.1624434e-06
5.059909e-06
1.0752307e-05
3.1624434e-06
3.1624434e-06
5.692398e-06
0.0
4.4274207e-06
6.3248865e-07
3.794932e-06
1.2649773e-06
3.794932e-06
7.589864e-06
0.0
0.0
0.0
0.0
0.0
0.0
0.0
0.0
0.0
0.0
0.0
0.0
0.0
0.0
0.0
0.0
0.0
0.0
0.0
0.0
0.0
0.0
0.0
0.0
0.0
0.0
0.0
0.0
0.0
0.0
0.0
0.0
0.0
0.0
0.0
0.0
0.0
0.0
0.0
0.0
0.0
0.0
0.0
0.0
0.0
0.0
0.0
0.0
0.0
0.0
0.0
0.0
0.0
0.0
0.0
0.0
0.0
0.0
0.0
0.0
0.0
0.0
0.0
0.0
0.0
0.0
0.0
0.0
0.0
0.0
0.0
0.0
0.0
0.0
0.0
0.0
0.0
0.0
0.0
0.0
0.0018190374
3.9846786e-05
3.668434e-05
3.668434e-05
7.336868e-05
4.300923e-05
0.00016065213
9.234335e-05
3.794932e-05
4.8069138e-05
3.1624433e-05
3.35219e-05
4.237674e-05
3.794932e-05
3.1624433e-05
2.5932035e-05
0.0
0.0
0.0
0.0
0.0
0.0
0.0
0.0
0.0
0.0
0.0
0.0
0.0
0.0
0.0
0.0
0.000781756
8.91809e-05
2.5932035e-05
3.4786877e-05
5.692398e-06
1.7077195e-05
4.8069138e-05
5.4394026e-05
3.731683e-05
1.6444705e-05
3.225692e-05
1.897466e-05
2.846199e-05
3.9846786e-05
3.288941e-05
3.225692e-05
0.49973246
0.042649977
0.042584196
0.042378005
0.042763826
0.043074377
0.04294851
0.04285933
0.014536487
0.014266415
0.01411019
0.014303098
0.014058325
0.014327133
0.014309424
0.014310689
0.0
0.0
0.0
0.0
0.0
0.0
0.0
0.0
0.0
0.0
0.0
0.0
0.0
0.0
0.0
0.0
0.0
0.0
0.0
0.0
0.0
0.0
0.0
0.0
0.0
0.0
0.0
0.0
0.0
0.0
0.0
0.0
0.002960047
0.0008747318
0.00019860144
0.00022706343
0.0017298565
0.0009183735
0.0003453388
0.00039214297
0.0016659752
7.906109e-05
0.00056670984
0.00018278923
0.0005357179
0.00031940677
0.0006634806
0.0012940718
0.00585052
0.002259882
0.0012668748
0.0011795914
0.00089623645
0.00077732856
0.002232685
0.002726026
0.0018582518
0.0007412767
0.0018253623
0.00061161653
0.0011871812
0.0015495972
0.0012188057
0.0010208368
0.0011283598
0.0010024945
0.00060086424
0.00059453933
0.00052180316
0.0004579218
0.0009044588
0.0005401453
0.0009044588
0.000724832
0.00081211544
0.00050535845
0.00057303475
0.0007140797
0.00085575716
0.00081780786
194.0
8.5
1649.0
0.00970285
0.0018192844
0.0012128563
0.004244997
0.00060642813
0.0054578534
0.0024257125
0.014554275
0.0024257125
0.0018192844
0.00060642813
0.0060642813
0.008489994
0.0060642813
0.009096422
0.0024257125
0.0018192844
0.0054578534
0.0066707097
0.004244997
0.0018192844
0.0018192844
0.0036385688
0.0018192844
0.004851425
0.015767131
0.0018192844
0.0072771376
0.004244997
0.0054578534
0.0036385688
0.0024257125
0.0030321407
0.025469981
0.0018192844
0.0072771376
0.0036385688
0.0078835655
0.010915707
0.016979989
0.012734991
0.0054578534
0.0024257125
0.014554275
0.012734991
0.0054578534
0.004244997
0.0018192844
0.013947847
0.0030321407
0.0078835655
0.011522135
0.0018192844
0.0018192844
0.009096422
0.0018192844
0.0036385688
0.0012128563
0.010915707
0.004851425
0.0012128563
0.0030321407
0.0018192844
0.00060642813
0.0036385688
0.06367496
0.0066707097
0.017586416
0.03941783
0.078229226
0.0066707097
0.0030321407
0.0030321407
0.03517283
0.0024257125
0.0078835655
0.03941783
0.01637356
0.018192844
0.03335355
0.018799271
0.0030321407
0.04972711
0.024863554
0.05518496
0.02001213
0.0024257125
0.004244997
0.0072771376
0.010309278
0.0018192844
0.008489994
0.004851425
0.0024257125
0.0018192844
0.04548211
5.701091
0.0
0.0
0.0
6.0
791694.0
126976.0
0.0
0.0
2.0
1.0
0.0
0.0
0.0
0.0
1258072400.0
0.0
0.0
0.0
0.0
0.0
1.0
0.0
0.0
0.0
0.0
0.0
0.0
-1.0
1.0
-1.0
-1.0
1.0
0.0
0.0
0.0
0.0
0.0
0.0
0.0
0.0
0.0
0.0
0.0
-1.0
0.0
0.0
0.0
0.0
0.0
0.0
0.0
0.0
0.0
0.0
0.0
0.0
-1.0
0.0
0.0
0.0
0.0
0.0
0.0
0.0
0.0
0.0
0.0
6.0
0.0
4.0
0.0
4.0
0.0
28672.0
1024.0
4096.0
4.0
0.0
0.0
2.0
4.0
0.0
0.0
0.0
0.0
0.0
0.0
0.0
0.0
0.0
0.0
0.0
0.0
0.0
0.0
0.0
0.0
0.0
-512.0
0.0
0.0
0.0
0.0
0.0
-512.0
0.0
0.0
0.0
0.0
-27136.0
0.0
0.0
0.0
0.0
0.0
43008.0
0.0
0.0
0.0
0.0
0.0
0.0
0.0
0.0
0.0
0.0
0.0
0.0
0.0
0.0
0.0
0.0
0.0
0.0
0.0
0.0
0.0
0.0
0.0
0.0
0.0
0.0
0.0
0.0
0.0
0.0
0.0
0.0
-4.19976
0.0
0.0
0.0
0.0
0.0
-2.2809806
0.0
0.0
0.0
0.0
-2.478273
0.0
0.0
0.0
0.0
0.0
6.483652
0.0
0.0
0.0
0.0
0.0
0.0
0.0
0.0
0.0
0.0
0.0
0.0
0.0
0.0
0.0
0.0
0.0
0.0
0.0
0.0
0.0
0.0
0.0
0.0
0.0
0.0
0.0
0.0
0.0
0.0
0.0
0.0
-4096.0
0.0
0.0
0.0
0.0
0.0
-4096.0
0.0
0.0
0.0
0.0
-28672.0
0.0
0.0
0.0
0.0
0.0
86016.0
0.0
0.0
0.0
0.0
0.0
0.0
0.0
0.0
0.0
0.0
0.0
0.0
0.0
0.0
0.0
0.0
0.0
0.0
0.0
0.0
0.0
0.0
0.0
0.0
0.0
0.0
0.0
1.0
0.0
0.0
0.0
0.0
0.0
0.0
0.0
-1.0
0.0
0.0
0.0
0.0
0.0
0.0
0.0
0.0
0.0
0.0
-1.0
0.0
0.0
0.0
0.0
0.0
0.0
0.0
-1.0
0.0
0.0
0.0
0.0
0.0
0.0
0.0
0.0
0.0
0.0
0.0
0.0
0.0
0.0
0.0
0.0
0.0
0.0
0.0
0.0
0.0
0.0
0.0
-1.0
0.0
0.0
0.0
0.0
0.0
0.0
0.0
0.0
0.0
1.0
0.0
0.0
0.0
0.0
1.0
0.0
0.0
0.0
0.0
0.0
0.0
0.0
0.0
1.0
0.0
0.0
0.0
0.0
0.0
0.0
0.0
0.0
0.0
-1.0
0.0
0.0
0.0
0.0
0.0
0.0
0.0
0.0
0.0
0.0
0.0
0.0
0.0
0.0
0.0
0.0
0.0
0.0
0.0
0.0
0.0
0.0
0.0
0.0
0.0
0.0
0.0
0.0
0.0
0.0
0.0
0.0
-1.0
0.0
0.0
0.0
0.0
0.0
0.0
0.0
0.0
0.0
0.0
0.0
0.0
0.0
0.0
0.0
0.0
0.0
0.0
0.0
0.0
0.0
0.0
0.0
0.0
0.0
0.0
0.0
0.0
0.0
0.0
0.0
0.0
0.0
0.0
0.0
0.0
0.0
0.0
0.0
0.0
0.0
0.0
0.0
0.0
0.0
0.0
0.0
0.0
0.0
0.0
0.0
0.0
0.0
0.0
0.0
0.0
0.0
0.0
0.0
0.0
0.0
0.0
0.0
0.0
0.0
0.0
0.0
0.0
0.0
0.0
0.0
0.0
0.0
0.0
0.0
0.0
0.0
0.0
0.0
0.0
0.0
0.0
0.0
0.0
0.0
0.0
1.0
0.0
0.0
0.0
0.0
0.0
0.0
0.0
0.0
0.0
0.0
0.0
0.0
0.0
0.0
0.0
0.0
0.0
0.0
0.0
0.0
0.0
0.0
0.0
0.0
0.0
0.0
0.0
0.0
0.0
0.0
0.0
0.0
0.0
0.0
0.0
0.0
0.0
0.0
0.0
0.0
0.0
0.0
0.0
0.0
0.0
0.0
0.0
0.0
0.0
0.0
0.0
0.0
0.0
0.0
0.0
0.0
0.0
0.0
0.0
0.0
0.0
0.0
0.0
0.0
0.0
0.0
0.0
0.0
0.0
0.0
0.0
0.0
0.0
0.0
0.0
0.0
0.0
0.0
0.0
0.0
0.0
0.0
0.0
0.0
0.0
0.0
0.0
0.0
0.0
0.0
0.0
0.0
0.0
0.0
0.0
0.0
0.0
0.0
0.0
0.0
0.0
0.0
0.0
0.0
0.0
0.0
0.0
0.0
0.0
0.0
0.0
0.0
0.0
0.0
0.0
0.0
0.0
0.0
0.0
0.0
0.0
0.0
0.0
0.0
0.0
0.0
0.0
0.0
0.0
0.0
0.0
0.0
0.0
0.0
0.0
0.0
0.0
0.0
0.0
0.0
0.0
0.0
0.0
0.0
0.0
0.0
0.0
0.0
0.0
0.0
0.0
0.0
0.0
0.0
0.0
0.0
0.0
0.0
0.0
0.0
0.0
0.0
0.0
0.0
0.0
0.0
0.0
0.0
0.0
0.0
0.0
0.0
0.0
0.0
0.0
0.0
0.0
0.0
0.0
0.0
0.0
0.0
0.0
0.0
0.0
0.0
0.0
0.0
0.0
0.0
0.0
0.0
0.0
0.0
0.0
0.0
0.0
0.0
0.0
0.0
0.0
0.0
0.0
0.0
0.0
0.0
0.0
0.0
0.0
0.0
0.0
0.0
0.0
0.0
0.0
0.0
0.0
0.0
0.0
0.0
0.0
0.0
0.0
0.0
0.0
0.0
0.0
0.0
0.0
0.0
0.0
0.0
0.0
0.0
0.0
0.0
0.0
0.0
0.0
0.0
0.0
0.0
0.0
0.0
0.0
0.0
0.0
0.0
0.0
0.0
0.0
0.0
0.0
0.0
0.0
0.0
0.0
0.0
0.0
0.0
0.0
0.0
0.0
0.0
0.0
0.0
0.0
0.0
0.0
0.0
0.0
0.0
0.0
0.0
0.0
0.0
0.0
0.0
0.0
0.0
0.0
0.0
0.0
0.0
0.0
0.0
0.0
0.0
0.0
0.0
0.0
0.0
0.0
0.0
0.0
0.0
0.0
0.0
0.0
0.0
0.0
0.0
0.0
0.0
0.0
0.0
0.0
0.0
0.0
0.0
0.0
0.0
0.0
0.0
0.0
0.0
0.0
0.0
0.0
0.0
0.0
0.0
0.0
0.0
0.0
0.0
0.0
0.0
0.0
0.0
0.0
0.0
0.0
0.0
0.0
0.0
0.0
0.0
0.0
0.0
0.0
0.0
0.0
0.0
0.0
0.0
0.0
0.0
0.0
0.0
0.0
0.0
0.0
0.0
0.0
0.0
0.0
0.0
0.0
0.0
0.0
0.0
0.0
0.0
0.0
0.0
0.0
0.0
0.0
0.0
0.0
0.0
0.0
0.0
0.0
0.0
0.0
0.0
0.0
0.0
0.0
0.0
0.0
0.0
0.0
0.0
0.0
0.0
0.0
0.0
0.0
0.0
0.0
0.0
0.0
0.0
0.0
0.0
0.0
0.0
0.0
0.0
0.0
0.0
0.0
0.0
0.0
0.0
0.0
0.0
0.0
0.0
0.0
0.0
0.0
0.0
0.0
0.0
0.0
0.0
0.0
0.0
0.0
0.0
0.0
0.0
0.0
0.0
0.0
0.0
0.0
0.0
0.0
0.0
0.0
0.0
0.0
0.0
0.0
0.0
0.0
0.0
0.0
0.0
0.0
0.0
0.0
0.0
0.0
0.0
0.0
0.0
0.0
0.0
0.0
0.0
-1.0
0.0
0.0
0.0
0.0
0.0
0.0
0.0
0.0
0.0
0.0
0.0
0.0
0.0
0.0
0.0
0.0
0.0
0.0
0.0
0.0
0.0
0.0
0.0
0.0
0.0
0.0
0.0
0.0
0.0
0.0
0.0
0.0
0.0
0.0
0.0
0.0
0.0
0.0
0.0
0.0
0.0
0.0
0.0
0.0
0.0
0.0
0.0
0.0
0.0
0.0
0.0
0.0
0.0
0.0
0.0
0.0
0.0
0.0
0.0
0.0
0.0
0.0
0.0
0.0
0.0
0.0
0.0
0.0
0.0
0.0
0.0
0.0
0.0
0.0
0.0
0.0
0.0
0.0
0.0
0.0
0.0
0.0
0.0
0.0
0.0
0.0
0.0
0.0
0.0
0.0
0.0
0.0
0.0
0.0
0.0
0.0
0.0
0.0
0.0
0.0
0.0
0.0
0.0
0.0
0.0
0.0
0.0
0.0
0.0
0.0
0.0
0.0
0.0
0.0
0.0
0.0
0.0
0.0
0.0
0.0
0.0
0.0
0.0
0.0
0.0
0.0
0.0
0.0
0.0
0.0
0.0
0.0
0.0
0.0
0.0
0.0
0.0
0.0
0.0
0.0
0.0
0.0
0.0
0.0
0.0
0.0
0.0
0.0
0.0
0.0
0.0
0.0
0.0
0.0
0.0
0.0
0.0
0.0
0.0
0.0
0.0
0.0
0.0
0.0
0.0
0.0
0.0
0.0
0.0
0.0
0.0
0.0
0.0
0.0
0.0
0.0
0.0
0.0
0.0
0.0
0.0
0.0
0.0
0.0
0.0
0.0
0.0
0.0
0.0
0.0
0.0
0.0
0.0
0.0
0.0
0.0
0.0
0.0
0.0
0.0
0.0
0.0
0.0
0.0
0.0
0.0
0.0
0.0
0.0
0.0
0.0
0.0
0.0
0.0
0.0
0.0
0.0
0.0
0.0
0.0
0.0
0.0
0.0
0.0
0.0
0.0
0.0
0.0
0.0
0.0
0.0
0.0
0.0
0.0
0.0
0.0
0.0
0.0
0.0
0.0
0.0
0.0
0.0
0.0
0.0
0.0
0.0
0.0
0.0
0.0
0.0
0.0
0.0
0.0
0.0
0.0
0.0
0.0
0.0
0.0
0.0
0.0
0.0
0.0
0.0
0.0
0.0
0.0
0.0
0.0
0.0
0.0
0.0
0.0
0.0
0.0
0.0
0.0
0.0
0.0
0.0
0.0
0.0
0.0
0.0
0.0
0.0
0.0
0.0
0.0
0.0
0.0
0.0
0.0
0.0
0.0
0.0
0.0
0.0
0.0
0.0
0.0
0.0
0.0
0.0
0.0
0.0
0.0
0.0
0.0
0.0
0.0
0.0
0.0
0.0
0.0
0.0
0.0
0.0
0.0
0.0
0.0
0.0
0.0
0.0
0.0
0.0
0.0
0.0
0.0
0.0
0.0
0.0
0.0
0.0
0.0
0.0
0.0
0.0
0.0
0.0
0.0
0.0
0.0
0.0
0.0
0.0
0.0
0.0
0.0
0.0
0.0
0.0
0.0
0.0
0.0
0.0
0.0
0.0
0.0
0.0
0.0
0.0
0.0
0.0
0.0
0.0
0.0
0.0
0.0
0.0
0.0
0.0
0.0
0.0
0.0
0.0
0.0
0.0
0.0
0.0
0.0
0.0
0.0
0.0
0.0
0.0
0.0
0.0
0.0
0.0
0.0
0.0
0.0
0.0
0.0
0.0
0.0
0.0
0.0
0.0
0.0
0.0
0.0
0.0
0.0
0.0
0.0
0.0
0.0
0.0
0.0
0.0
0.0
0.0
0.0
0.0
0.0
0.0
0.0
0.0
0.0
0.0
0.0
0.0
0.0
0.0
0.0
0.0
0.0
0.0
0.0
0.0
0.0
0.0
0.0
0.0
0.0
0.0
0.0
0.0
0.0
0.0
0.0
0.0
0.0
0.0
0.0
0.0
0.0
0.0
0.0
0.0
0.0
0.0
0.0
0.0
0.0
0.0
0.0
0.0
0.0
0.0
0.0
0.0
0.0
0.0
0.0
0.0
0.0
0.0
0.0
0.0
0.0
0.0
0.0
0.0
0.0
0.0
0.0
0.0
0.0
0.0
0.0
0.0
0.0
0.0
0.0
0.0
0.0
0.0
0.0
0.0
0.0
0.0
0.0
0.0
0.0
0.0
0.0
0.0
0.0
0.0
0.0
0.0
0.0
0.0
0.0
0.0
0.0
0.0
0.0
0.0
0.0
0.0
0.0
0.0
0.0
0.0
0.0
0.0
0.0
0.0
0.0
0.0
0.0
0.0
0.0
0.0
0.0
0.0
0.0
0.0
0.0
0.0
0.0
0.0
0.0
0.0
0.0
0.0
0.0
0.0
0.0
0.0
0.0
0.0
0.0
0.0
0.0
0.0
0.0
0.0
0.0
0.0
0.0
0.0
0.0
0.0
0.0
0.0
0.0
0.0
0.0
0.0
0.0
0.0
0.0
0.0
0.0
0.0
0.0
0.0
0.0
0.0
0.0
0.0
0.0
0.0
0.0
0.0
0.0
0.0
0.0
0.0
0.0
0.0
0.0
0.0
0.0
0.0
0.0
0.0
0.0
0.0
0.0
0.0
0.0
0.0
0.0
0.0
0.0
0.0
0.0
0.0
0.0
0.0
0.0
0.0
0.0
0.0
0.0
0.0
0.0
0.0
0.0
0.0
0.0
0.0
0.0
0.0
0.0
0.0
0.0
0.0
0.0
0.0
0.0
0.0
0.0
0.0
0.0
0.0
0.0
0.0
0.0
0.0
0.0
0.0
0.0
0.0
0.0
0.0
0.0
0.0
0.0
0.0
0.0
0.0
0.0
0.0
0.0
0.0
0.0
0.0
0.0
0.0
0.0
0.0
0.0
0.0
0.0
0.0
0.0
0.0
0.0
0.0
0.0
0.0
0.0
0.0
0.0
0.0
0.0
0.0
0.0
0.0
0.0
0.0
0.0
1.0
0.0
0.0
0.0
0.0
0.0
0.0
0.0
0.0
0.0
0.0
0.0
0.0
0.0
0.0
0.0
0.0
0.0
0.0
0.0
0.0
0.0
0.0
0.0
0.0
0.0
0.0
0.0
0.0
0.0
0.0
0.0
0.0
0.0
0.0
0.0
0.0
0.0
0.0
0.0
0.0
0.0
0.0
0.0
0.0
0.0
0.0
0.0
0.0
0.0
0.0
0.0
0.0
0.0
0.0
0.0
0.0
0.0
0.0
0.0
0.0
0.0
0.0
0.0
0.0
0.0
0.0
0.0
0.0
0.0
0.0
0.0
0.0
0.0
0.0
0.0
0.0
0.0
0.0
0.0
0.0
0.0
0.0
0.0
0.0
0.0
0.0
0.0
0.0
0.0
0.0
0.0
0.0
0.0
0.0
0.0
0.0
0.0
0.0
0.0
0.0
0.0
0.0
0.0
0.0
0.0
0.0
0.0
0.0
0.0
0.0
0.0
0.0
0.0
0.0
0.0
0.0
0.0
0.0
0.0
0.0
0.0
0.0
0.0
0.0
0.0
0.0
0.0
0.0
0.0
0.0
0.0
0.0
0.0
0.0
0.0
0.0
0.0
0.0
0.0
0.0
0.0
0.0
0.0
0.0
0.0
0.0
0.0
0.0
0.0
0.0
0.0
0.0
0.0
0.0
60.0
122880.0
0.0
0.0
0.0
0.0
0.0
0.0
12.0
119008.0
0.0
0.0
0.0
0.0
0.0
0.0
0.0
0.0
0.0
0.0
0.0
0.0
0.0
0.0
0.0
0.0
0.0
0.0
