0.35989848
0.021029731
0.0021754894
0.0024655547
0.004350979
0.001595359
0.0010877447
0.001595359
0.0037708485
0.0021029732
0.0022480057
0.0012327774
0.0017403916
0.0026831038
0.0021029732
0.002030457
0.004350979
0.0008701958
0.0009427121
0.0013052936
0.0018854243
0.0017403916
0.0007976795
0.0006526468
0.008701958
0.0008701958
0.001595359
0.0006526468
0.00137781
0.00072516315
0.00058013055
0.0036258157
0.028643945
0.004568528
0.0051486585
0.0031182016
0.0051486585
0.0029731689
0.0022480057
0.0018129079
0.0039883973
0.0028281363
0.0124728065
0.0026831038
0.0026831038
0.00275562
0.0046410444
0.0033357504
0.0062364032
0.005583756
0.0061638867
0.0059463377
0.0053662076
0.004858593
0.010877447
0.004786077
0.006671501
0.005801305
0.004350979
0.0021754894
0.00275562
0.0021754894
0.0022480057
0.0015228427
0.011167512
0.0022480057
0.0014503263
0.00413343
0.0026831038
0.007831763
0.0030456854
0.0014503263
0.0032632342
0.0013052936
0.001595359
0.0019579406
0.0022480057
0.003408267
0.001595359
0.0019579406
0.004568528
0.0016678752
0.0033357504
0.0024655547
0.0015228427
0.0022480057
0.0013052936
0.00275562
0.0036983322
0.0021029732
0.0018129079
0.0019579406
0.0069615664
0.0072516315
0.0012327774
0.0018854243
0.0032632342
0.008194344
0.004568528
0.00551124
0.0061638867
0.01573604
0.00413343
0.0018854243
0.004350979
0.0056562726
0.006816534
0.0014503263
0.0039158813
0.0039883973
0.004568528
0.0049311095
0.003408267
0.0026831038
0.0047135605
0.0071791154
0.0060913707
0.0039883973
0.0019579406
0.002538071
0.0039158813
0.0013052936
0.00137781
0.0010152285
0.0004350979
0.0018129079
0.0009427121
0.0010152285
0.0039158813
0.00036258157
0.00072516315
0.0006526468
0.0009427121
0.0015228427
0.00072516315
0.0006526468
0.0030456854
0.0012327774
0.0009427121
0.0067440174
0.0006526468
0.0009427121
0.0004350979
0.00036258157
0.0018129079
0.0004350979
0.0005076142
0.00058013055
0.0004350979
0.0006526468
0.005583756
0.0005076142
0.0029006526
0.00029006528
0.00021754895
0.00036258157
0.00036258157
0.0004350979
0.00021754895
0.0004350979
0.0032632342
0.00029006528
0.0013052936
0.0015228427
0.00072516315
0.0008701958
0.00029006528
0.0008701958
0.0023930385
0.00021754895
0.00036258157
0.00021754895
0.0004350979
0.00029006528
0.00021754895
0.00014503264
0.00275562
0.0006526468
0.0012327774
0.0009427121
0.0006526468
0.0007976795
0.00014503264
0.00058013055
0.004568528
0.00137781
0.0018129079
0.00137781
0.0010152285
0.00036258157
0.0004350979
0.0017403916
0.005003626
0.0007976795
0.0012327774
0.00072516315
0.00072516315
0.00029006528
0.0013052936
0.0015228427
0.004568528
0.002030457
0.00072516315
0.00072516315
0.0015228427
0.0011602611
0.0008701958
0.0007976795
0.004060914
0.0023205222
0.00058013055
0.0011602611
0.0005076142
0.001595359
0.0013052936
0.0013052936
0.0033357504
0.00029006528
0.00072516315
0.0004350979
0.0015228427
0.0010152285
0.0013052936
0.0006526468
0.0044960114
0.00072516315
0.0006526468
0.0008701958
0.0008701958
0.0010877447
0.00058013055
0.0010877447
0.002030457
0.0006526468
0.00021754895
0.00058013055
0.0010877447
0.00072516315
0.00058013055
0.00036258157
0.0016678752
0.00072516315
0.0017403916
0.00058013055
0.0010152285
0.00072516315
0.0008701958
0.0010877447
0.0013052936
0.00058013055
0.0008701958
0.0006526468
0.002538071
0.0006526468
0.00036258157
0.011457578
0.0
0.0
0.0
0.0
0.0
0.0
0.0
0.0
0.0
0.0
0.0
0.0
0.0
0.0
0.0
0.0
0.0
0.0
0.0
0.0
0.0
0.0
0.0
0.0
0.0
0.0
0.0
0.0
0.0
0.0
0.0
0.0
0.0
0.0
0.0
0.0
0.0
0.0
0.0
0.0
0.0
0.0
0.0
0.0
0.0
0.0
0.0
0.0
0.0
0.0
0.0
0.0
0.0
0.0
0.0
0.0
0.0
0.0
0.0
0.0
0.0
0.0
0.0
0.0
0.0
0.0
0.0
0.0
0.0
0.0
0.0
0.0
0.0
0.0
0.0
0.0
0.0
0.0
0.0
0.0
0.0
0.0
0.0
0.0
0.0
0.0
0.0
0.0
0.0
0.0
0.0
0.0
0.0
0.0
0.0
0.0
0.0
0.0
0.0
0.0
0.0
0.0
0.0
0.0
0.0
0.0
0.0
0.0
0.0
0.0
0.0
0.0
0.0
0.0
0.0
0.0
0.0
0.0
0.0
0.0
0.0
0.0
0.0
0.0
0.0
0.0
0.0
0.0
0.09448242
0.0014241537
0.0052490234
0.021647135
0.006591797
0.0078125
0.018717447
0.0063476562
0.00020345052
4.0690105e-05
4.0690105e-05
4.0690105e-05
8.138021e-05
4.0690105e-05
0.0013834635
0.0025634766
0.079549156
0.0016276041
0.04300944
0.008422852
0.0039876304
0.0031738281
0.0029296875
0.0025227864
0.0019938152
0.0068359375
0.000773112
0.0019124349
0.0016682943
0.0015869141
0.0021565754
0.0045166016
0.0
0.0
0.0
0.0
0.0
0.0
0.0
0.0
0.0
0.0
0.0
0.0
0.0
0.0
0.0
0.0
0.10205078
0.008992513
0.026733398
0.010213216
0.016520182
0.011311849
0.030476889
0.017781576
0.00394694
0.0025227864
0.0030110676
0.0036621094
0.0054117837
0.0030517578
0.0020345051
0.0022786458
0.037109375
0.0032145183
0.0033772786
0.0038655598
0.0028483074
0.0041503906
0.0032552083
0.0025634766
0.0022379558
0.0011800131
0.0017496744
0.003092448
0.0037434895
0.005493164
0.0025227864
0.0029296875
0.057291668
0.008097331
0.012207031
0.009399414
0.012410481
0.010335286
0.01566569
0.009684245
0.0072021484
0.0021565754
0.0029703777
0.0037027996
0.0056559243
0.0023600261
0.002400716
0.005126953
0.0
0.0
0.0
0.0
0.0
0.0
0.0
0.0
0.0
0.0
0.0
0.0
0.0
0.0
0.0
0.0
0.018432617
0.010294597
0.0081380205
0.013020833
0.013509114
0.013305664
0.008504231
0.008585612
0.010823567
0.004801432
0.0064697266
0.010335286
0.009969075
0.010498047
0.00801595
0.011962891
197.0
11.010152
2169.0
0.10742278
0.01890272
0.027201476
0.011526049
0.011987091
0.011065007
0.008759798
0.0059935455
0.0032272937
0.012909175
0.06777317
0.010603965
0.0050714617
0.011065007
0.013370217
0.014753343
0.0073766713
0.0032272937
0.008759798
0.009681881
0.0050714617
0.0050714617
0.012448133
0.0027662518
0.0059935455
0.008298756
0.007837714
0.0050714617
0.0069156294
0.0069156294
0.010603965
0.0036883357
0.012448133
0.010142923
0.0027662518
0.004149378
0.0055325036
0.011987091
0.0092208395
0.0055325036
0.0055325036
0.004149378
0.0013831259
0.0069156294
0.0055325036
0.0050714617
0.0046104197
0.0023052099
0.0064545874
0.0023052099
0.0055325036
0.0055325036
0.0036883357
0.004149378
0.0032272937
0.0055325036
0.0046104197
0.0046104197
0.0032272937
0.004149378
0.0064545874
0.011987091
0.004149378
0.0023052099
0.0036883357
0.023974182
0.0064545874
0.013370217
0.012448133
0.048409406
0.0059935455
0.009681881
0.0055325036
0.022591056
0.0152143845
0.0050714617
0.017519595
0.013370217
0.017058553
0.020285847
0.007837714
0.009681881
0.019363763
0.03227294
0.02812356
0.012909175
0.0073766713
0.0032272937
0.0050714617
0.0036883357
0.00046104196
0.0009220839
0.00046104196
0.00046104196
0.00046104196
0.00046104196
5.8903394
0.0
0.0
0.0
1.0
13790.0
24576.0
0.0
0.0
26.0
0.0
1.0
0.0
0.0
0.0
1384497300.0
0.0
0.0
0.0
0.0
0.0
1.0
0.0
0.0
0.0
0.0
0.0
0.0
-1.0
0.0
0.0
0.0
0.0
0.0
0.0
0.0
0.0
0.0
0.0
0.0
0.0
0.0
0.0
0.0
-1.0
0.0
0.0
0.0
0.0
0.0
0.0
0.0
0.0
0.0
0.0
0.0
0.0
-1.0
0.0
0.0
0.0
0.0
0.0
0.0
0.0
0.0
0.0
0.0
9.0
0.0
5.0
0.0
5.0
0.0
3584.0
1024.0
4096.0
4.0
0.0
0.0
1.0
1.0
0.0
0.0
0.0
0.0
0.0
0.0
0.0
0.0
0.0
0.0
0.0
0.0
0.0
0.0
1536.0
0.0
0.0
0.0
0.0
0.0
0.0
0.0
0.0
0.0
0.0
0.0
0.0
0.0
0.0
0.0
0.0
0.0
-512.0
0.0
0.0
0.0
0.0
0.0
0.0
0.0
0.0
-3584.0
0.0
4608.0
0.0
0.0
0.0
0.0
0.0
0.0
0.0
0.0
0.0
0.0
0.0
0.0
0.0
0.0
0.0
0.0
0.0
0.0
0.0
0.0
6.0381675
0.0
0.0
0.0
0.0
0.0
0.0
0.0
0.0
0.0
0.0
0.0
0.0
0.0
0.0
0.0
0.0
0.0
-5.673092
0.0
0.0
0.0
0.0
0.0
0.0
0.0
0.0
-7.2273464
0.0
4.9087386
0.0
0.0
0.0
0.0
0.0
0.0
0.0
0.0
0.0
0.0
0.0
0.0
0.0
0.0
0.0
0.0
0.0
0.0
0.0
0.0
1412.0
0.0
0.0
0.0
0.0
0.0
0.0
0.0
0.0
0.0
0.0
0.0
0.0
0.0
0.0
0.0
0.0
0.0
-516.0
0.0
0.0
0.0
0.0
0.0
0.0
0.0
0.0
-3292.0
0.0
4368.0
0.0
0.0
0.0
0.0
0.0
0.0
0.0
0.0
0.0
-1.0
0.0
0.0
0.0
0.0
0.0
1.0
0.0
0.0
0.0
0.0
0.0
0.0
0.0
0.0
0.0
0.0
0.0
0.0
0.0
0.0
0.0
0.0
0.0
0.0
0.0
0.0
0.0
0.0
0.0
0.0
0.0
0.0
0.0
0.0
0.0
-2.0
0.0
0.0
0.0
1.0
0.0
0.0
0.0
0.0
0.0
0.0
0.0
0.0
0.0
0.0
0.0
0.0
0.0
0.0
0.0
0.0
0.0
0.0
0.0
-1.0
0.0
0.0
0.0
0.0
0.0
0.0
0.0
0.0
0.0
1.0
0.0
0.0
0.0
0.0
1.0
0.0
0.0
0.0
0.0
0.0
0.0
0.0
0.0
0.0
0.0
0.0
0.0
0.0
0.0
0.0
0.0
0.0
0.0
0.0
0.0
0.0
0.0
0.0
0.0
0.0
0.0
0.0
0.0
0.0
0.0
0.0
0.0
0.0
0.0
0.0
0.0
0.0
0.0
0.0
0.0
0.0
0.0
0.0
0.0
0.0
0.0
0.0
0.0
0.0
0.0
0.0
-1.0
0.0
0.0
0.0
0.0
0.0
0.0
0.0
0.0
0.0
0.0
0.0
0.0
0.0
0.0
0.0
0.0
0.0
0.0
0.0
0.0
0.0
0.0
0.0
0.0
0.0
0.0
0.0
0.0
0.0
0.0
0.0
0.0
0.0
0.0
0.0
0.0
0.0
0.0
0.0
0.0
0.0
0.0
0.0
0.0
0.0
0.0
0.0
0.0
0.0
0.0
0.0
0.0
0.0
0.0
0.0
0.0
0.0
0.0
0.0
0.0
0.0
0.0
0.0
0.0
0.0
0.0
0.0
0.0
0.0
0.0
0.0
0.0
0.0
0.0
0.0
0.0
0.0
0.0
0.0
0.0
0.0
0.0
0.0
0.0
0.0
0.0
1.0
0.0
0.0
0.0
0.0
0.0
0.0
0.0
0.0
0.0
0.0
0.0
0.0
0.0
0.0
0.0
0.0
0.0
0.0
0.0
0.0
0.0
0.0
0.0
0.0
0.0
0.0
0.0
0.0
0.0
0.0
0.0
0.0
0.0
0.0
0.0
0.0
0.0
0.0
0.0
0.0
0.0
0.0
0.0
0.0
0.0
0.0
0.0
0.0
0.0
0.0
0.0
0.0
0.0
0.0
0.0
0.0
0.0
0.0
0.0
0.0
0.0
0.0
0.0
0.0
0.0
0.0
0.0
0.0
0.0
0.0
0.0
0.0
0.0
0.0
0.0
0.0
0.0
0.0
0.0
0.0
0.0
0.0
0.0
0.0
0.0
0.0
0.0
0.0
0.0
0.0
0.0
0.0
0.0
0.0
0.0
0.0
0.0
0.0
0.0
0.0
0.0
0.0
0.0
0.0
0.0
0.0
0.0
0.0
0.0
0.0
0.0
0.0
0.0
0.0
0.0
0.0
0.0
0.0
0.0
0.0
0.0
0.0
0.0
0.0
0.0
0.0
0.0
0.0
0.0
0.0
0.0
0.0
0.0
0.0
0.0
0.0
0.0
0.0
0.0
0.0
0.0
0.0
0.0
0.0
0.0
0.0
0.0
0.0
0.0
0.0
0.0
1.0
0.0
0.0
0.0
0.0
0.0
0.0
0.0
0.0
0.0
0.0
0.0
0.0
0.0
0.0
0.0
0.0
0.0
0.0
0.0
0.0
0.0
0.0
0.0
0.0
0.0
0.0
0.0
0.0
0.0
0.0
0.0
0.0
0.0
0.0
0.0
0.0
0.0
0.0
0.0
0.0
0.0
0.0
0.0
0.0
0.0
0.0
0.0
0.0
0.0
0.0
0.0
0.0
0.0
0.0
0.0
0.0
0.0
0.0
0.0
0.0
0.0
0.0
0.0
0.0
0.0
0.0
0.0
0.0
0.0
0.0
0.0
0.0
0.0
0.0
0.0
0.0
0.0
0.0
0.0
0.0
0.0
0.0
0.0
0.0
0.0
0.0
0.0
0.0
0.0
0.0
0.0
0.0
0.0
0.0
0.0
0.0
0.0
0.0
0.0
0.0
0.0
0.0
0.0
1.0
0.0
0.0
0.0
0.0
0.0
0.0
0.0
0.0
0.0
0.0
0.0
0.0
0.0
0.0
0.0
0.0
0.0
0.0
0.0
0.0
0.0
0.0
0.0
0.0
0.0
0.0
0.0
0.0
0.0
0.0
0.0
0.0
0.0
0.0
0.0
0.0
0.0
0.0
0.0
0.0
0.0
0.0
0.0
0.0
0.0
0.0
0.0
0.0
0.0
0.0
0.0
0.0
0.0
0.0
0.0
0.0
0.0
0.0
0.0
0.0
0.0
0.0
0.0
0.0
0.0
0.0
0.0
0.0
0.0
0.0
0.0
0.0
0.0
0.0
0.0
0.0
0.0
0.0
0.0
0.0
0.0
0.0
0.0
0.0
0.0
0.0
0.0
0.0
0.0
0.0
0.0
0.0
0.0
0.0
0.0
0.0
0.0
0.0
0.0
0.0
0.0
0.0
0.0
-1.0
0.0
0.0
0.0
0.0
0.0
0.0
0.0
0.0
0.0
0.0
0.0
0.0
0.0
0.0
0.0
0.0
0.0
0.0
0.0
0.0
0.0
0.0
0.0
0.0
0.0
0.0
0.0
0.0
0.0
0.0
0.0
0.0
0.0
0.0
0.0
0.0
0.0
0.0
0.0
0.0
0.0
0.0
0.0
0.0
0.0
0.0
0.0
0.0
0.0
0.0
0.0
0.0
0.0
0.0
0.0
0.0
0.0
0.0
-1.0
0.0
0.0
0.0
0.0
0.0
0.0
0.0
0.0
0.0
0.0
0.0
0.0
0.0
0.0
0.0
0.0
0.0
0.0
0.0
0.0
0.0
0.0
0.0
0.0
0.0
0.0
0.0
0.0
0.0
0.0
0.0
0.0
0.0
0.0
0.0
0.0
0.0
0.0
0.0
0.0
0.0
0.0
0.0
0.0
0.0
0.0
0.0
0.0
0.0
0.0
0.0
0.0
0.0
0.0
0.0
-1.0
0.0
0.0
0.0
0.0
0.0
0.0
0.0
0.0
0.0
-1.0
0.0
0.0
0.0
0.0
0.0
0.0
0.0
0.0
0.0
0.0
0.0
0.0
0.0
0.0
0.0
-1.0
0.0
0.0
0.0
0.0
0.0
0.0
0.0
0.0
0.0
0.0
0.0
0.0
0.0
0.0
0.0
0.0
0.0
0.0
0.0
0.0
0.0
0.0
0.0
0.0
0.0
0.0
0.0
0.0
0.0
-1.0
0.0
0.0
0.0
0.0
0.0
0.0
0.0
0.0
0.0
0.0
0.0
0.0
0.0
0.0
0.0
0.0
1.0
0.0
0.0
0.0
0.0
0.0
0.0
0.0
0.0
0.0
0.0
-1.0
0.0
0.0
0.0
0.0
0.0
0.0
0.0
0.0
0.0
0.0
0.0
0.0
0.0
0.0
0.0
0.0
0.0
0.0
0.0
0.0
0.0
0.0
1.0
0.0
0.0
0.0
0.0
0.0
0.0
0.0
0.0
0.0
0.0
0.0
0.0
0.0
0.0
0.0
0.0
0.0
0.0
0.0
0.0
-1.0
0.0
0.0
0.0
0.0
0.0
0.0
0.0
0.0
0.0
0.0
0.0
0.0
0.0
0.0
0.0
0.0
0.0
0.0
0.0
0.0
0.0
0.0
0.0
0.0
0.0
0.0
0.0
0.0
0.0
0.0
0.0
0.0
0.0
0.0
0.0
0.0
0.0
0.0
0.0
0.0
0.0
0.0
0.0
0.0
-1.0
0.0
0.0
0.0
0.0
0.0
0.0
0.0
0.0
0.0
0.0
0.0
0.0
0.0
0.0
0.0
0.0
0.0
0.0
0.0
0.0
0.0
0.0
0.0
0.0
0.0
0.0
0.0
0.0
0.0
0.0
0.0
0.0
0.0
0.0
0.0
0.0
0.0
0.0
0.0
0.0
0.0
-1.0
0.0
0.0
0.0
0.0
0.0
0.0
0.0
0.0
0.0
0.0
0.0
0.0
0.0
0.0
0.0
0.0
0.0
0.0
0.0
0.0
0.0
0.0
0.0
0.0
0.0
0.0
0.0
0.0
0.0
0.0
0.0
0.0
0.0
0.0
0.0
0.0
0.0
0.0
0.0
0.0
0.0
0.0
0.0
0.0
0.0
0.0
0.0
0.0
0.0
0.0
0.0
0.0
0.0
0.0
0.0
0.0
0.0
0.0
0.0
0.0
0.0
0.0
0.0
0.0
0.0
0.0
0.0
0.0
0.0
0.0
0.0
0.0
1.0
0.0
0.0
0.0
0.0
0.0
0.0
0.0
0.0
0.0
0.0
0.0
0.0
0.0
0.0
0.0
0.0
0.0
0.0
0.0
0.0
0.0
0.0
0.0
0.0
0.0
0.0
0.0
0.0
0.0
0.0
0.0
0.0
0.0
0.0
0.0
0.0
0.0
0.0
0.0
0.0
0.0
0.0
0.0
0.0
0.0
0.0
0.0
0.0
0.0
0.0
0.0
0.0
0.0
0.0
0.0
0.0
0.0
0.0
0.0
0.0
0.0
0.0
0.0
0.0
0.0
0.0
0.0
0.0
0.0
0.0
0.0
0.0
0.0
0.0
0.0
0.0
0.0
0.0
0.0
0.0
0.0
0.0
0.0
0.0
0.0
0.0
0.0
0.0
0.0
0.0
0.0
0.0
0.0
0.0
0.0
0.0
0.0
0.0
0.0
0.0
0.0
0.0
0.0
0.0
0.0
0.0
0.0
0.0
0.0
0.0
0.0
0.0
0.0
0.0
0.0
0.0
0.0
0.0
0.0
0.0
0.0
0.0
0.0
0.0
0.0
0.0
0.0
0.0
0.0
0.0
0.0
0.0
0.0
0.0
0.0
0.0
0.0
0.0
0.0
0.0
0.0
0.0
0.0
0.0
0.0
0.0
0.0
0.0
0.0
0.0
0.0
0.0
0.0
0.0
0.0
0.0
0.0
0.0
0.0
0.0
-1.0
0.0
0.0
0.0
0.0
0.0
0.0
0.0
0.0
0.0
0.0
0.0
0.0
0.0
0.0
0.0
0.0
0.0
0.0
0.0
0.0
0.0
0.0
0.0
0.0
0.0
0.0
0.0
0.0
0.0
0.0
0.0
0.0
0.0
0.0
0.0
0.0
0.0
0.0
0.0
0.0
0.0
1.0
0.0
-1.0
0.0
0.0
0.0
0.0
0.0
0.0
0.0
0.0
0.0
0.0
0.0
0.0
0.0
0.0
0.0
0.0
0.0
0.0
1.0
0.0
0.0
0.0
0.0
0.0
0.0
0.0
0.0
1.0
0.0
0.0
0.0
0.0
0.0
0.0
0.0
0.0
0.0
0.0
0.0
0.0
0.0
0.0
0.0
0.0
0.0
0.0
0.0
0.0
0.0
0.0
0.0
0.0
0.0
0.0
0.0
0.0
0.0
0.0
0.0
0.0
0.0
0.0
0.0
0.0
0.0
0.0
0.0
0.0
0.0
0.0
0.0
0.0
0.0
0.0
0.0
0.0
0.0
0.0
0.0
0.0
0.0
0.0
1.0
0.0
0.0
0.0
0.0
0.0
0.0
0.0
0.0
0.0
0.0
0.0
0.0
0.0
0.0
0.0
0.0
0.0
0.0
0.0
0.0
0.0
0.0
0.0
0.0
0.0
-1.0
0.0
0.0
0.0
0.0
0.0
0.0
0.0
0.0
0.0
0.0
0.0
0.0
0.0
0.0
0.0
0.0
0.0
0.0
0.0
0.0
0.0
0.0
0.0
0.0
0.0
0.0
0.0
0.0
0.0
0.0
0.0
0.0
0.0
0.0
0.0
0.0
0.0
0.0
0.0
-1.0
0.0
0.0
0.0
0.0
-1.0
0.0
0.0
0.0
0.0
0.0
0.0
0.0
0.0
0.0
0.0
0.0
0.0
0.0
0.0
0.0
0.0
0.0
0.0
0.0
0.0
0.0
0.0
0.0
0.0
0.0
0.0
0.0
0.0
0.0
0.0
0.0
0.0
0.0
0.0
0.0
0.0
0.0
0.0
0.0
0.0
0.0
0.0
0.0
0.0
0.0
0.0
0.0
0.0
0.0
0.0
0.0
0.0
0.0
0.0
0.0
0.0
0.0
0.0
0.0
0.0
0.0
0.0
0.0
0.0
0.0
0.0
0.0
0.0
0.0
0.0
0.0
0.0
0.0
0.0
0.0
0.0
0.0
0.0
0.0
0.0
0.0
0.0
0.0
0.0
0.0
0.0
0.0
0.0
0.0
0.0
0.0
0.0
0.0
0.0
0.0
0.0
0.0
0.0
0.0
0.0
0.0
0.0
0.0
0.0
0.0
0.0
0.0
0.0
0.0
0.0
0.0
0.0
0.0
0.0
0.0
0.0
0.0
0.0
0.0
0.0
0.0
0.0
0.0
0.0
0.0
0.0
0.0
0.0
0.0
0.0
0.0
0.0
0.0
0.0
0.0
0.0
0.0
0.0
0.0
0.0
0.0
0.0
0.0
0.0
0.0
0.0
0.0
0.0
0.0
0.0
0.0
0.0
0.0
0.0
0.0
0.0
0.0
0.0
0.0
0.0
0.0
0.0
0.0
0.0
0.0
0.0
0.0
0.0
0.0
0.0
60.0
8992.0
4368.0
16384.0
0.0
0.0
0.0
0.0
0.0
0.0
0.0
0.0
0.0
0.0
0.0
0.0
0.0
0.0
0.0
0.0
0.0
0.0
112.0
8192.0
0.0
0.0
0.0
0.0
