0.07571449
0.008412721
0.0056637754
0.006943457
0.009336935
0.0046684677
0.0066116876
0.003791649
0.0057111713
0.0038627423
0.003270297
0.0039812312
0.004976539
0.00388644
0.0026304564
0.0069197593
0.0038627423
0.0028674344
0.0024645717
0.003910138
0.0031044125
0.0027489455
0.003033319
0.0031044125
0.0023934783
0.002440874
0.0022986871
0.0025356652
0.0029385278
0.0032465993
0.0024882695
0.0029622256
0.004739561
0.0026304564
0.00291483
0.002203896
0.010995782
0.0022986871
0.0027015498
0.0025830609
0.0041708136
0.00291483
0.003270297
0.003530973
0.0033176928
0.00950282
0.005332006
0.00291483
0.012607233
0.008720793
0.006114034
0.006706479
0.0077017867
0.0058770557
0.0067775724
0.0061377315
0.006256221
0.0069908528
0.0030096213
0.0024645717
0.0028674344
0.0022986871
0.0022275937
0.0027015498
0.002820039
0.0061614295
0.006351012
0.006706479
0.0073463195
0.008246836
0.00561638
0.0029622256
0.0037205555
0.0025830609
0.0025356652
0.002440874
0.0029859236
0.0039575337
0.0031044125
0.0021091048
0.0033413905
0.0025830609
0.0023934783
0.0037442532
0.0035072751
0.00561638
0.0031992036
0.0028911324
0.0024645717
0.0022275937
0.008934073
0.002559363
0.002796341
0.0028674344
0.003175506
0.0028437367
0.0047869566
0.0040760227
0.003293995
0.0034361817
0.0051898193
0.005497891
0.0071093417
0.0033650885
0.004763259
0.0047869566
0.0023223849
0.0027252475
0.0028437367
0.003270297
0.0039812312
0.0033176928
0.003649462
0.001824731
0.0051898193
0.00409972
0.006232523
0.0039812312
0.0033650885
0.0031044125
0.0022986871
0.0023223849
0.002796341
0.0038153466
0.0031044125
0.005332006
0.002559363
0.0028911324
0.0031992036
0.0040760227
0.0038390446
0.005237215
0.0028911324
0.003412484
0.004004929
0.0029859236
0.003791649
0.0068960614
0.003293995
0.0077017867
0.0023460828
0.0061851274
0.002559363
0.0033887862
0.0033413905
0.0025830609
0.0022749894
0.0027015498
0.0021565002
0.0027252475
0.0029622256
0.0020143134
0.0022749894
0.0018010333
0.0023460828
0.0025356652
0.006090336
0.0026541543
0.0021565002
0.0029385278
0.0022986871
0.0023934783
0.0026541543
0.0027015498
0.003057017
0.0023223849
0.0025119674
0.0019195223
0.002061709
0.0022275937
0.0018010333
0.002796341
0.0023697806
0.0025356652
0.002061709
0.002677852
0.002440874
0.0018958244
0.0020380113
0.0029622256
0.0028437367
0.0025356652
0.0033176928
0.0027252475
0.0024645717
0.002440874
0.0034598797
0.0022749894
0.00291483
0.002796341
0.0026067586
0.003175506
0.0032465993
0.004905446
0.0028911324
0.0022749894
0.0030096213
0.0029622256
0.0036257643
0.0037205555
0.0027489455
0.0027015498
0.0027726432
0.0021328025
0.0021565002
0.0023223849
0.0021565002
0.0026067586
0.0027489455
0.002677852
0.0027252475
0.003033319
0.002440874
0.0023460828
0.0025356652
0.0023223849
0.0024171763
0.0023697806
0.0024171763
0.0030096213
0.0020380113
0.0019906156
0.003175506
0.0026067586
0.0035072751
0.0027015498
0.0025830609
0.0022512914
0.0031044125
0.0021091048
0.0021801982
0.0029622256
0.0054030996
0.0061614295
0.0029385278
0.003175506
0.002677852
0.0030096213
0.0032229016
0.0024171763
0.0029622256
0.0031044125
0.003057017
0.0027726432
0.0031992036
0.0034361817
0.0032465993
0.0036020665
0.0043130005
0.0036968577
0.0037679512
0.00291483
0.0029622256
0.002440874
0.005237215
0.016754348
0.0
0.0
0.0
0.0
0.0
0.0
0.0
0.0
0.0
0.0
0.0
0.0
0.0
0.0
0.0
0.0
0.0
0.0
0.0
0.0
0.0
0.0
0.0
0.0
0.0
0.0
0.0
0.0
0.0
0.0
0.0
0.0
0.0
0.0
0.0
0.0
0.0
0.0
0.0
0.0
0.0
0.0
0.0
0.0
0.0
0.0
0.0
0.0
0.0
0.0
0.0
0.0
0.0
0.0
0.0
0.0
0.0
0.0
0.0
0.0
0.0
0.0
0.0
0.0
0.0
0.0
0.0
0.0
0.0
0.0
0.0
0.0
0.0
0.0
0.0
0.0
0.0
0.0
0.0
0.0
0.0
0.0
0.0
0.0
0.0
0.0
0.0
0.0
0.0
0.0
0.0
0.0
0.0
0.0
0.0
0.0
0.0
0.0
0.0026245117
0.013574218
0.00748291
0.0
0.0
0.0013183594
0.0
0.0
0.0
0.0
0.0
0.0
0.0
0.0
0.0
0.0
0.0
0.0
0.0
0.0
0.0
0.0
0.0
0.0
0.0
0.0
0.0
0.0
0.0
0.0
0.017297363
0.0005493164
0.0004394531
0.00040283203
0.0006469727
0.00046386718
0.0010009765
0.0005371094
0.0006225586
0.0006591797
0.0002685547
0.0004272461
0.0004272461
0.0002807617
0.00046386718
0.0005126953
0.0
0.0
0.0
0.0
0.0
0.0
0.0
0.0
0.0
0.0
0.0
0.0
0.0
0.0
0.0
0.0
0.0010986328
0.0004394531
0.0024658204
0.010705566
0.0060180663
0.00034179687
0.0005859375
0.0013549805
0.0004272461
0.00021972656
0.0001953125
0.0003173828
0.00017089843
0.00017089843
0.00017089843
0.0003173828
0.012487793
0.0011474609
0.0013549805
0.0016357421
0.00081787107
0.0009643555
0.0018676758
0.0011230469
0.00081787107
0.00059814454
0.00035400392
0.0003173828
0.00030517578
0.00018310547
0.0002685547
0.0007568359
0.0099487305
0.00040283203
0.0025146485
0.00057373045
0.0007324219
0.0020996095
0.0010131836
0.00080566405
0.001184082
0.0012207031
0.00023193359
0.0005493164
0.00035400392
0.00023193359
0.0005126953
0.0026245117
0.008032227
0.0007568359
0.00068359374
0.0009399414
0.0012939454
0.0010131836
0.0005126953
0.0010864257
0.003540039
0.0002807617
0.00035400392
0.0006713867
0.001574707
0.0006225586
0.0015991211
0.0020385743
0.066223145
0.0137084965
0.025720214
0.024499511
0.017834473
0.020886231
0.030578613
0.018029785
0.02821045
0.012133789
0.008178711
0.010241699
0.014453125
0.010571289
0.017053222
0.031677246
0.035620116
0.0305542
0.03013916
0.030249024
0.031262208
0.030883789
0.030725097
0.032922365
0.03293457
0.029553223
0.029956054
0.031604003
0.030273438
0.030004883
0.031811524
0.03150635
224.0
23.254465
5209.0
0.018237665
0.001343828
0.002303705
0.0021117297
0.0030716069
0.0024956805
0.0030716069
0.0011518525
0.0055672876
0.0028796315
0.001343828
0.0021117297
0.0024956805
0.058552504
0.010174697
0.004991361
0.054329045
0.0437704
0.032443848
0.03321175
0.033787675
0.030716069
0.032059897
0.03148397
0.029948168
0.034171626
0.0028796315
0.001343828
0.0005759263
0.0007679017
0.0005759263
0.00095987716
0.002303705
0.03321175
0.030140143
0.037051257
0.03148397
0.03148397
0.023229027
0.002687656
0.0015358034
0.0021117297
0.001343828
0.002303705
0.0030716069
0.0024956805
0.0019197543
0.0030716069
0.004415435
0.002303705
0.0007679017
0.008062968
0.008062968
0.002687656
0.003647533
0.0030716069
0.0011518525
0.0017277788
0.0032635822
0.0015358034
0.0021117297
0.0034555576
0.0017277788
0.0021117297
0.0011518525
0.011518526
0.0038395086
0.0113265505
0.004991361
0.025148781
0.0028796315
0.008638894
0.008446919
0.021309273
0.001343828
0.002303705
0.00671914
0.008446919
0.014014206
0.010366673
0.0065271645
0.0005759263
0.016701862
0.008638894
0.019773468
0.0059512383
0.0061432137
0.008254943
0.001343828
0.0024956805
0.0019197543
0.015166059
0.0015358034
0.01555001
0.0011518525
0.001343828
5.6704974
0.0
8.0
0.0
1.0
42198.0
118784.0
0.0
0.0
1.0
1.0
1.0
1.0
0.0
0.0
1960406500.0
0.0
0.0
0.0
0.0
0.0
1.0
0.0
0.0
0.0
0.0
0.0
0.0
-1.0
1.0
-1.0
-1.0
0.0
0.0
0.0
0.0
0.0
0.0
0.0
0.0
0.0
0.0
0.0
0.0
-1.0
0.0
0.0
0.0
0.0
0.0
0.0
0.0
0.0
0.0
0.0
0.0
0.0
-1.0
0.0
0.0
0.0
0.0
0.0
0.0
0.0
0.0
0.0
0.0
5.0
12.0
4.0
0.0
4.0
0.0
0.0
584.0
4096.0
4.0
0.0
0.0
3.0
1.0
0.0
0.0
0.0
0.0
0.0
0.0
0.0
0.0
0.0
0.0
0.0
0.0
0.0
0.0
0.0
0.0
0.0
-512.0
0.0
0.0
0.0
0.0
0.0
0.0
0.0
0.0
0.0
0.0
0.0
0.0
0.0
0.0
0.0
0.0
0.0
24557.0
0.0
0.0
0.0
0.0
-512.0
0.0
0.0
0.0
0.0
0.0
0.0
0.0
7168.0
0.0
0.0
0.0
0.0
0.0
0.0
0.0
0.0
0.0
0.0
0.0
0.0
0.0
0.0
0.0
0.0
0.0
0.0
-1.3390435
0.0
0.0
0.0
0.0
0.0
0.0
0.0
0.0
0.0
0.0
0.0
0.0
0.0
0.0
0.0
0.0
0.0
7.926267
0.0
0.0
0.0
0.0
-3.4460957
0.0
0.0
0.0
0.0
0.0
0.0
0.0
6.738382
0.0
0.0
0.0
0.0
0.0
0.0
0.0
0.0
0.0
0.0
0.0
0.0
0.0
0.0
0.0
0.0
0.0
0.0
-61440.0
0.0
0.0
0.0
0.0
0.0
0.0
0.0
0.0
0.0
0.0
0.0
0.0
0.0
0.0
0.0
0.0
0.0
39374.0
0.0
0.0
0.0
0.0
-36.0
0.0
0.0
0.0
0.0
0.0
0.0
0.0
6906.0
0.0
0.0
0.0
0.0
0.0
0.0
0.0
0.0
0.0
0.0
2.0
1.0
0.0
0.0
1.0
0.0
0.0
0.0
0.0
0.0
0.0
0.0
0.0
-1.0
0.0
0.0
0.0
0.0
0.0
0.0
0.0
0.0
0.0
0.0
0.0
0.0
0.0
0.0
0.0
0.0
0.0
0.0
0.0
1.0
-1.0
-1.0
0.0
0.0
0.0
0.0
0.0
0.0
0.0
0.0
0.0
0.0
0.0
0.0
0.0
0.0
0.0
0.0
0.0
0.0
-1.0
0.0
0.0
0.0
0.0
0.0
0.0
0.0
0.0
0.0
1.0
0.0
0.0
0.0
0.0
1.0
0.0
0.0
0.0
0.0
0.0
0.0
0.0
0.0
0.0
0.0
0.0
0.0
0.0
0.0
0.0
0.0
0.0
0.0
0.0
0.0
0.0
0.0
0.0
0.0
0.0
0.0
0.0
0.0
0.0
0.0
0.0
0.0
0.0
0.0
0.0
0.0
0.0
0.0
0.0
0.0
0.0
0.0
0.0
0.0
0.0
0.0
0.0
0.0
0.0
0.0
0.0
0.0
0.0
0.0
0.0
0.0
0.0
0.0
0.0
0.0
0.0
0.0
0.0
0.0
0.0
0.0
0.0
0.0
0.0
0.0
0.0
0.0
0.0
0.0
0.0
0.0
0.0
0.0
0.0
0.0
0.0
0.0
0.0
0.0
0.0
0.0
0.0
0.0
0.0
0.0
0.0
0.0
0.0
0.0
0.0
0.0
0.0
0.0
0.0
0.0
0.0
0.0
0.0
0.0
0.0
0.0
0.0
0.0
0.0
0.0
0.0
0.0
0.0
0.0
0.0
0.0
0.0
0.0
0.0
0.0
0.0
0.0
0.0
0.0
0.0
0.0
0.0
0.0
0.0
0.0
0.0
0.0
0.0
0.0
0.0
0.0
0.0
0.0
1.0
0.0
0.0
0.0
0.0
0.0
0.0
0.0
0.0
0.0
0.0
0.0
0.0
0.0
0.0
0.0
0.0
0.0
0.0
0.0
0.0
0.0
0.0
0.0
0.0
0.0
0.0
0.0
0.0
0.0
0.0
0.0
0.0
0.0
0.0
0.0
0.0
0.0
0.0
0.0
0.0
0.0
0.0
0.0
0.0
0.0
0.0
0.0
0.0
0.0
0.0
0.0
0.0
0.0
0.0
0.0
0.0
0.0
0.0
0.0
0.0
0.0
0.0
0.0
0.0
0.0
0.0
0.0
0.0
0.0
0.0
0.0
0.0
0.0
0.0
0.0
0.0
0.0
0.0
0.0
0.0
0.0
0.0
0.0
0.0
0.0
0.0
0.0
0.0
0.0
0.0
0.0
0.0
0.0
0.0
0.0
0.0
0.0
0.0
0.0
0.0
0.0
0.0
0.0
0.0
0.0
0.0
0.0
0.0
0.0
0.0
0.0
0.0
0.0
0.0
0.0
0.0
0.0
0.0
0.0
0.0
0.0
0.0
0.0
0.0
0.0
0.0
0.0
0.0
0.0
0.0
0.0
0.0
0.0
0.0
0.0
0.0
0.0
0.0
0.0
0.0
0.0
0.0
0.0
0.0
0.0
0.0
0.0
0.0
0.0
0.0
0.0
0.0
0.0
0.0
0.0
0.0
0.0
0.0
0.0
0.0
0.0
0.0
0.0
0.0
0.0
0.0
0.0
0.0
0.0
0.0
0.0
0.0
0.0
0.0
0.0
0.0
0.0
0.0
0.0
0.0
0.0
0.0
0.0
0.0
0.0
0.0
0.0
0.0
0.0
0.0
0.0
0.0
0.0
0.0
0.0
0.0
0.0
0.0
0.0
0.0
0.0
0.0
0.0
0.0
0.0
0.0
0.0
0.0
0.0
0.0
0.0
0.0
0.0
0.0
0.0
0.0
0.0
0.0
0.0
0.0
0.0
0.0
0.0
0.0
0.0
0.0
0.0
0.0
0.0
0.0
0.0
0.0
0.0
0.0
0.0
0.0
0.0
0.0
0.0
0.0
0.0
0.0
0.0
0.0
0.0
0.0
0.0
0.0
0.0
0.0
0.0
0.0
0.0
0.0
0.0
0.0
0.0
0.0
0.0
0.0
0.0
0.0
0.0
0.0
0.0
0.0
0.0
0.0
0.0
0.0
0.0
0.0
0.0
0.0
0.0
0.0
0.0
0.0
0.0
0.0
0.0
0.0
0.0
0.0
0.0
0.0
0.0
0.0
0.0
0.0
0.0
0.0
0.0
0.0
0.0
0.0
0.0
0.0
0.0
0.0
0.0
0.0
0.0
0.0
0.0
0.0
0.0
0.0
0.0
0.0
0.0
0.0
0.0
0.0
0.0
0.0
0.0
0.0
0.0
0.0
0.0
0.0
0.0
0.0
0.0
0.0
0.0
0.0
0.0
0.0
0.0
0.0
0.0
0.0
0.0
0.0
0.0
0.0
0.0
0.0
0.0
0.0
0.0
0.0
0.0
0.0
0.0
0.0
0.0
0.0
0.0
0.0
0.0
0.0
0.0
0.0
0.0
0.0
0.0
0.0
0.0
0.0
0.0
0.0
0.0
0.0
0.0
0.0
0.0
0.0
0.0
0.0
0.0
0.0
0.0
0.0
0.0
0.0
0.0
0.0
0.0
0.0
0.0
0.0
0.0
0.0
0.0
0.0
0.0
0.0
0.0
0.0
0.0
0.0
0.0
0.0
0.0
0.0
0.0
0.0
0.0
0.0
0.0
0.0
0.0
0.0
0.0
0.0
0.0
0.0
0.0
0.0
0.0
0.0
0.0
0.0
0.0
0.0
0.0
0.0
0.0
0.0
0.0
0.0
0.0
0.0
0.0
0.0
0.0
0.0
0.0
0.0
0.0
0.0
0.0
0.0
0.0
0.0
0.0
0.0
0.0
0.0
0.0
0.0
0.0
0.0
0.0
0.0
0.0
0.0
0.0
0.0
0.0
0.0
0.0
0.0
0.0
0.0
0.0
0.0
0.0
0.0
0.0
0.0
0.0
0.0
0.0
0.0
0.0
0.0
0.0
0.0
0.0
0.0
0.0
0.0
0.0
0.0
0.0
0.0
0.0
0.0
0.0
0.0
0.0
0.0
0.0
0.0
0.0
0.0
0.0
0.0
0.0
0.0
0.0
0.0
0.0
0.0
0.0
0.0
0.0
0.0
0.0
0.0
0.0
0.0
0.0
0.0
0.0
0.0
0.0
0.0
0.0
0.0
0.0
0.0
0.0
0.0
0.0
0.0
0.0
0.0
0.0
0.0
0.0
0.0
0.0
0.0
0.0
0.0
0.0
0.0
0.0
0.0
0.0
0.0
0.0
0.0
0.0
0.0
0.0
0.0
0.0
0.0
0.0
0.0
0.0
0.0
0.0
0.0
0.0
0.0
0.0
0.0
0.0
0.0
0.0
0.0
0.0
0.0
0.0
0.0
0.0
0.0
0.0
0.0
0.0
0.0
0.0
0.0
0.0
0.0
0.0
0.0
0.0
0.0
0.0
0.0
0.0
0.0
0.0
0.0
0.0
0.0
0.0
0.0
0.0
0.0
0.0
0.0
0.0
0.0
0.0
0.0
0.0
0.0
0.0
0.0
0.0
0.0
0.0
0.0
0.0
0.0
0.0
0.0
0.0
0.0
0.0
0.0
0.0
0.0
0.0
0.0
0.0
0.0
0.0
0.0
0.0
0.0
0.0
0.0
0.0
0.0
0.0
0.0
0.0
0.0
0.0
0.0
0.0
0.0
0.0
0.0
0.0
0.0
0.0
0.0
0.0
0.0
0.0
0.0
0.0
0.0
0.0
0.0
0.0
0.0
0.0
0.0
0.0
0.0
0.0
0.0
0.0
0.0
0.0
0.0
0.0
0.0
0.0
0.0
0.0
0.0
0.0
0.0
0.0
0.0
0.0
0.0
0.0
0.0
0.0
0.0
0.0
0.0
0.0
0.0
0.0
0.0
0.0
0.0
0.0
0.0
0.0
0.0
0.0
0.0
0.0
0.0
0.0
0.0
0.0
0.0
0.0
0.0
0.0
0.0
0.0
0.0
0.0
0.0
0.0
0.0
0.0
0.0
0.0
0.0
0.0
0.0
0.0
0.0
0.0
0.0
0.0
0.0
0.0
0.0
0.0
0.0
0.0
0.0
0.0
0.0
0.0
0.0
0.0
0.0
0.0
0.0
0.0
0.0
0.0
0.0
0.0
0.0
0.0
0.0
0.0
0.0
0.0
0.0
0.0
0.0
0.0
0.0
0.0
0.0
0.0
0.0
0.0
0.0
0.0
0.0
0.0
0.0
0.0
0.0
0.0
0.0
0.0
0.0
0.0
0.0
0.0
0.0
0.0
0.0
0.0
0.0
0.0
0.0
0.0
0.0
0.0
0.0
0.0
0.0
0.0
0.0
0.0
0.0
0.0
0.0
0.0
0.0
0.0
0.0
0.0
0.0
0.0
0.0
0.0
0.0
0.0
0.0
0.0
0.0
0.0
0.0
0.0
0.0
0.0
0.0
0.0
0.0
0.0
0.0
0.0
0.0
0.0
0.0
0.0
0.0
0.0
0.0
0.0
0.0
0.0
0.0
0.0
0.0
0.0
0.0
0.0
0.0
0.0
0.0
0.0
0.0
0.0
0.0
0.0
0.0
0.0
0.0
0.0
0.0
0.0
0.0
0.0
0.0
0.0
0.0
0.0
0.0
0.0
0.0
0.0
0.0
0.0
0.0
0.0
0.0
0.0
0.0
0.0
0.0
0.0
0.0
0.0
0.0
0.0
0.0
0.0
0.0
0.0
0.0
0.0
0.0
0.0
0.0
0.0
0.0
0.0
0.0
0.0
0.0
0.0
0.0
1.0
0.0
0.0
0.0
0.0
0.0
0.0
0.0
0.0
0.0
0.0
0.0
0.0
0.0
0.0
0.0
0.0
0.0
0.0
0.0
0.0
0.0
0.0
0.0
0.0
0.0
0.0
0.0
0.0
0.0
0.0
0.0
0.0
0.0
0.0
0.0
0.0
0.0
0.0
0.0
0.0
0.0
0.0
0.0
0.0
0.0
0.0
0.0
0.0
0.0
0.0
0.0
0.0
0.0
0.0
0.0
0.0
0.0
0.0
0.0
0.0
0.0
0.0
0.0
0.0
0.0
0.0
0.0
0.0
0.0
0.0
0.0
0.0
0.0
0.0
0.0
0.0
0.0
0.0
0.0
0.0
0.0
0.0
0.0
0.0
0.0
0.0
0.0
0.0
0.0
0.0
0.0
0.0
0.0
0.0
0.0
0.0
0.0
0.0
0.0
0.0
0.0
0.0
0.0
0.0
0.0
0.0
0.0
0.0
0.0
0.0
0.0
0.0
0.0
0.0
0.0
0.0
0.0
0.0
0.0
0.0
0.0
0.0
0.0
0.0
0.0
0.0
0.0
0.0
0.0
0.0
0.0
0.0
0.0
0.0
0.0
0.0
0.0
0.0
0.0
0.0
0.0
0.0
0.0
0.0
0.0
0.0
0.0
0.0
0.0
0.0
0.0
0.0
0.0
0.0
0.0
0.0
0.0
0.0
0.0
0.0
0.0
0.0
0.0
0.0
0.0
0.0
0.0
0.0
0.0
0.0
0.0
0.0
0.0
0.0
0.0
0.0
0.0
0.0
0.0
0.0
0.0
0.0
0.0
0.0
0.0
0.0
0.0
0.0
0.0
0.0
0.0
0.0
0.0
0.0
0.0
0.0
0.0
0.0
0.0
0.0
0.0
0.0
0.0
0.0
0.0
0.0
0.0
0.0
0.0
0.0
0.0
0.0
0.0
0.0
0.0
0.0
0.0
0.0
0.0
0.0
0.0
0.0
0.0
0.0
0.0
0.0
0.0
0.0
0.0
0.0
0.0
0.0
0.0
0.0
0.0
0.0
0.0
0.0
0.0
0.0
0.0
0.0
0.0
0.0
0.0
0.0
0.0
0.0
0.0
0.0
0.0
0.0
0.0
0.0
0.0
0.0
0.0
0.0
0.0
0.0
0.0
0.0
0.0
0.0
0.0
0.0
0.0
0.0
0.0
0.0
0.0
0.0
0.0
0.0
0.0
0.0
0.0
0.0
0.0
0.0
0.0
0.0
0.0
0.0
0.0
0.0
0.0
0.0
0.0
0.0
0.0
0.0
0.0
0.0
0.0
0.0
0.0
0.0
0.0
0.0
0.0
0.0
0.0
0.0
0.0
0.0
0.0
0.0
0.0
0.0
0.0
0.0
0.0
0.0
0.0
0.0
0.0
0.0
0.0
0.0
0.0
0.0
0.0
0.0
0.0
0.0
0.0
0.0
0.0
0.0
0.0
0.0
0.0
0.0
0.0
0.0
0.0
0.0
0.0
0.0
0.0
0.0
0.0
0.0
0.0
0.0
0.0
0.0
0.0
0.0
0.0
0.0
0.0
0.0
0.0
0.0
0.0
0.0
0.0
0.0
0.0
0.0
0.0
0.0
0.0
0.0
0.0
0.0
0.0
0.0
0.0
0.0
0.0
0.0
0.0
0.0
0.0
0.0
0.0
0.0
0.0
0.0
0.0
0.0
0.0
0.0
0.0
0.0
0.0
0.0
0.0
0.0
0.0
0.0
0.0
0.0
0.0
0.0
0.0
0.0
0.0
0.0
0.0
0.0
0.0
0.0
0.0
0.0
0.0
0.0
0.0
40.0
84062.0
136.0
65536.0
0.0
0.0
5632.0
33792.0
36.0
114688.0
0.0
0.0
0.0
0.0
0.0
0.0
0.0
0.0
0.0
0.0
0.0
0.0
0.0
0.0
0.0
0.0
0.0
0.0
