0.6500862
0.0029537927
0.0014196523
0.0015799355
0.0025645331
0.0010456579
0.0010990857
0.00059533806
0.0021600085
0.0005571754
0.0008090491
0.00048084997
0.0012441039
0.0010532904
0.0006029706
0.0015112427
0.0016638935
0.0005419103
0.00029766903
0.00038162695
0.00075562135
0.001076188
0.00042742217
0.00069456105
0.00088537455
0.0007021936
0.0004503198
0.00063350075
0.00083957927
0.000580073
0.00053427776
0.0006411333
0.0019997251
0.0006869285
0.0006640309
0.00090827217
0.0015188752
0.0006640309
0.0010456579
0.001175411
0.0007250912
0.000496115
0.0004884825
0.00083957927
0.0005648079
0.0006869285
0.0008701095
0.0005877055
0.0013051642
0.0011677785
0.0014654475
0.0015417729
0.0012898991
0.001457815
0.0009540674
0.0009388023
0.001175411
0.0014043872
0.00085484434
0.0011906761
0.0005648079
0.0008243142
0.0005877055
0.0008090491
0.004007083
0.0014425499
0.0006029706
0.0011067182
0.0015570379
0.0016944236
0.0010990857
0.0012898991
0.00077851897
0.0007403563
0.0005419103
0.0009388023
0.00083957927
0.0027400814
0.00059533806
0.0006182357
0.0019920927
0.00077851897
0.00067166344
0.001274634
0.0010990857
0.0012517364
0.0011219833
0.001060923
0.0006029706
0.001076188
0.0006258682
0.0008014166
0.0015265078
0.0009159047
0.00090827217
0.00090827217
0.00073272374
0.0029232625
0.00096933247
0.001358592
0.0016104657
0.0033125218
0.0011830436
0.00073272374
0.0010838206
0.0015646705
0.0014196523
0.0006411333
0.0014959776
0.0010227602
0.002121846
0.0017249539
0.0010151276
0.0006029706
0.0018776046
0.0015417729
0.003129341
0.0027935093
0.0006869285
0.0009159047
0.0009159047
0.0007403563
0.0003510968
0.00032819918
0.00069456105
0.0008472118
0.0005113801
0.00038162695
0.0015494054
0.0005877055
0.0005877055
0.0025874306
0.00096169993
0.0021676412
0.0003739944
0.00081668166
0.0014196523
0.002152376
0.0012288388
0.0043810774
0.000877742
0.0020073578
0.0007861515
0.0013509594
0.00088537455
0.00067166344
0.00053427776
0.0004503198
0.0006258682
0.0006029706
0.0005190127
0.00083957927
0.00053427776
0.002663756
0.00038925948
0.00063350075
0.0007098261
0.00057244045
0.00090827217
0.0011372484
0.000496115
0.001060923
0.00038162695
0.00090827217
0.00041978963
0.0005571754
0.0005571754
0.0005571754
0.00096169993
0.00077851897
0.00069456105
0.0008930071
0.00043505474
0.00057244045
0.000496115
0.00043505474
0.0008701095
0.0009006396
0.00096169993
0.0007021936
0.0011983087
0.0011372484
0.001160146
0.0007250912
0.00069456105
0.00048084997
0.00077851897
0.0006029706
0.0004655849
0.0007098261
0.00059533806
0.0013509594
0.001755484
0.0011372484
0.0007250912
0.001671526
0.0011525134
0.0006258682
0.0009159047
0.0019310324
0.0007098261
0.00096933247
0.00048084997
0.00047321743
0.0012822666
0.0012822666
0.0005190127
0.0006182357
0.00057244045
0.0007632539
0.0005877055
0.0006258682
0.00042742217
0.0003739944
0.000496115
0.000679296
0.00071745866
0.0008701095
0.00065639836
0.0011372484
0.00075562135
0.0006640309
0.00085484434
0.00071745866
0.0014196523
0.00096169993
0.0007632539
0.0013433269
0.00083957927
0.00067166344
0.00077851897
0.00050374755
0.0025950633
0.001076188
0.00086247694
0.0023431894
0.0017860142
0.002335557
0.001060923
0.0012822666
0.0038544321
0.001671526
0.004220794
0.0019386649
0.0017020561
0.003610191
0.0014196523
0.0032667266
0.0028240394
0.0019920927
0.0036636188
0.0017020561
0.0059533804
0.018692087
0.0015036102
0.04339862
0.4839332
1.1625744e-05
1.5500993e-05
1.1625744e-05
3.1001986e-05
7.7504965e-06
1.1625744e-05
0.0
7.7504965e-06
1.937624e-05
0.0
7.7504965e-06
3.4877234e-05
7.7504965e-06
7.7504965e-06
0.007955885
0.022154793
3.1001986e-05
2.3251489e-05
1.5500993e-05
2.3251489e-05
3.875248e-05
0.00044952877
2.3251489e-05
3.1001986e-05
3.875248e-05
3.1001986e-05
3.1001986e-05
1.5500993e-05
3.875248e-05
2.3251489e-05
0.0008409288
0.0
0.0
0.0
0.0
0.0
0.0
0.0
0.0
0.0
0.0
0.0
0.0
0.0
0.0
0.0
0.0
0.030641586
0.00032552084
0.00044177828
0.00017438616
0.00024026538
0.00015113468
0.0007828001
0.00037202382
0.0002906436
5.812872e-05
0.00021313864
7.3629715e-05
0.00011238219
0.00010075645
5.812872e-05
0.0056462362
0.008037264
0.00018213666
0.00015888517
7.7504965e-06
0.0001046317
2.3251489e-05
7.750496e-05
3.875248e-05
0.00013950893
0.0008060516
6.587922e-05
1.1625744e-05
5.812872e-05
5.0378225e-05
2.3251489e-05
0.0060880147
0.009416853
1.937624e-05
8.525546e-05
0.00055416045
0.00018213666
0.00025189112
0.0009571863
0.0003797743
1.5500993e-05
0.0
0.0
3.8752482e-06
3.8752482e-06
7.7504965e-06
3.8752482e-06
0.0039915056
0.009064205
0.00021313864
5.812872e-05
9.3005954e-05
0.0003797743
0.00024414062
0.00022088914
9.68812e-05
0.00036427332
0.00036039806
5.4253473e-05
7.3629715e-05
0.00025576638
7.3629715e-05
0.00017438616
0.0041465154
0.0078125
4.6502977e-05
0.00010075645
0.0012090774
0.0002828931
0.00039140004
0.001844618
0.00054253475
3.1001986e-05
5.812872e-05
0.00033714657
0.00021313864
0.00013950893
0.00016663567
0.0016353547
0.008998326
0.025456505
0.00027901787
0.0009920635
0.0018097408
0.0013175843
0.0010463169
0.004235646
0.0018717448
0.0009029328
0.0018484934
0.0010269408
0.0008254278
0.00084867934
0.0008370536
0.002282521
0.025847904
0.009781126
0.00036039806
0.00039140004
0.00037589905
0.00043402778
0.000437903
0.00033714657
0.000484406
0.0005890377
7.3629715e-05
0.00018601191
0.00018213666
0.0003952753
0.00014725943
0.00045727927
0.0012400794
0.006894066
0.00013175844
0.00051928323
0.00038364955
0.0010036892
0.0006394159
0.0027436756
0.0012749566
0.00019763765
0.00035652283
0.00012788319
0.00025189112
0.000468905
0.00026351688
0.00023639013
0.0003797743
0.008944073
0.0006316654
0.0012207031
0.0007905506
0.0007866754
0.0007207961
0.0008719308
0.0003875248
0.0010424417
0.00064329116
0.00065879215
0.0010075645
0.00093781
0.0012827071
0.0033327134
0.008486793
0.007277716
0.00060841395
0.00039140004
0.00034489707
0.0011858259
0.0006549169
0.00052703376
0.0004960318
0.0013020834
0.0010811941
0.0006665427
0.0010501922
0.0013369606
0.0007556734
0.0015966021
0.00453404
0.026130797
0.0035264757
0.003689236
0.003344339
0.0063011535
0.0047239275
0.0034334697
0.0045999195
0.009567987
0.0029490637
0.002778553
0.0048091826
0.004906064
0.0026274181
0.0050378223
0.014749194
0.009641617
0.0018368675
0.002123636
0.0021740142
0.0038558717
0.0028366814
0.0010269408
0.0027475508
0.006111266
0.0008370536
0.00085255457
0.0014183407
0.0025576637
0.0012323288
0.002282521
0.0060841395
0.005967882
0.0030110676
0.0037706164
0.0041775173
0.0045379153
0.0042937747
0.0043247766
0.0036969867
0.0036001054
0.003735739
0.003235832
0.0035264757
0.004406157
0.0034605965
0.0037783668
0.003968254
209.0
11.0
2299.0
0.037842542
0.0017398869
0.0039147455
0.003044802
0.0039147455
0.0017398869
0.0026098303
0.0021748587
0.0043497174
0.0039147455
0.0017398869
0.0056546326
0.00086994347
0.007394519
0.009134406
0.0039147455
0.014354067
0.0056546326
0.011309265
0.009569378
0.0069595478
0.0052196607
0.007829491
0.003044802
0.0034797739
0.0039147455
0.003044802
0.0034797739
0.0026098303
0.0034797739
0.0026098303
0.0021748587
0.007394519
0.014789038
0.0069595478
0.01000435
0.0039147455
0.008699435
0.01000435
0.013484123
0.0056546326
0.004784689
0.00043497173
0.0052196607
0.006089604
0.007829491
0.003044802
0.0052196607
0.006524576
0.0021748587
0.010439321
0.02044367
0.008264462
0.0056546326
0.0069595478
0.0139190955
0.0017398869
0.0043497174
0.00086994347
0.0026098303
0.0026098303
0.003044802
0.0043497174
0.0039147455
0.0043497174
0.038712483
0.0069595478
0.01739887
0.022183558
0.077424966
0.008264462
0.016963897
0.015224011
0.03827751
0.004784689
0.003044802
0.031317964
0.01261418
0.046976946
0.044367116
0.019573728
0.0021748587
0.048716832
0.019573728
0.057416268
0.021313615
0.009134406
0.007829491
0.008264462
0.008699435
0.0043497174
0.0013049152
0.0034797739
0.0021748587
0.0017398869
0.0013049152
5.803071
0.0
0.0
0.0
3.0
131018.0
929792.0
0.0
0.0
56.0
0.0
1.0
0.0
0.0
0.0
1437047800.0
0.0
0.0
0.0
0.0
0.0
1.0
0.0
0.0
0.0
0.0
0.0
0.0
-1.0
0.0
-1.0
-1.0
0.0
0.0
0.0
0.0
0.0
0.0
0.0
0.0
0.0
0.0
0.0
0.0
-1.0
0.0
0.0
0.0
0.0
0.0
0.0
0.0
0.0
0.0
0.0
0.0
0.0
-1.0
0.0
0.0
0.0
0.0
0.0
0.0
0.0
0.0
8.0
2.0
6.0
0.0
4.0
0.0
4.0
0.0
16384.0
4096.0
4096.0
5.0
0.0
0.0
1.0
1.0
0.0
0.0
0.0
0.0
0.0
0.0
0.0
0.0
0.0
0.0
0.0
0.0
0.0
0.0
8192.0
0.0
0.0
0.0
0.0
0.0
0.0
0.0
0.0
0.0
0.0
0.0
0.0
0.0
0.0
0.0
-4096.0
0.0
-69632.0
0.0
0.0
0.0
0.0
0.0
0.0
0.0
0.0
-16384.0
0.0
24576.0
0.0
0.0
0.0
0.0
0.0
0.0
0.0
0.0
0.0
0.0
0.0
0.0
0.0
0.0
0.0
0.0
0.0
0.0
0.0
0.0
2.168431
0.0
0.0
0.0
0.0
0.0
0.0
0.0
0.0
0.0
0.0
0.0
0.0
0.0
0.0
0.0
0.0
0.0
-1.7326905
0.0
0.0
0.0
0.0
0.0
0.0
0.0
0.0
-6.516523
0.0
5.358065
0.0
0.0
0.0
0.0
0.0
0.0
0.0
0.0
0.0
0.0
0.0
0.0
0.0
0.0
0.0
0.0
0.0
0.0
0.0
0.0
8042.0
0.0
0.0
0.0
0.0
0.0
0.0
0.0
0.0
0.0
0.0
0.0
0.0
0.0
0.0
0.0
-2257.0
0.0
-869980.0
0.0
0.0
0.0
0.0
0.0
0.0
0.0
0.0
-13278.0
0.0
23904.0
0.0
0.0
0.0
0.0
0.0
0.0
0.0
0.0
0.0
-1.0
0.0
0.0
0.0
0.0
0.0
1.0
0.0
0.0
0.0
0.0
0.0
0.0
0.0
0.0
0.0
0.0
0.0
0.0
0.0
0.0
0.0
0.0
0.0
0.0
0.0
0.0
0.0
0.0
0.0
0.0
0.0
0.0
0.0
0.0
0.0
-2.0
0.0
0.0
0.0
1.0
0.0
0.0
0.0
0.0
0.0
0.0
0.0
0.0
0.0
0.0
0.0
0.0
0.0
0.0
0.0
0.0
0.0
0.0
0.0
-1.0
0.0
0.0
0.0
0.0
0.0
0.0
0.0
0.0
0.0
1.0
0.0
0.0
0.0
0.0
1.0
0.0
0.0
0.0
0.0
0.0
0.0
0.0
0.0
0.0
0.0
0.0
0.0
0.0
0.0
0.0
0.0
0.0
0.0
0.0
0.0
0.0
0.0
0.0
0.0
0.0
0.0
0.0
0.0
0.0
0.0
0.0
0.0
0.0
0.0
0.0
0.0
0.0
0.0
0.0
0.0
0.0
0.0
0.0
0.0
0.0
0.0
0.0
0.0
0.0
0.0
0.0
-1.0
0.0
0.0
0.0
0.0
0.0
0.0
0.0
0.0
0.0
0.0
0.0
0.0
-1.0
0.0
0.0
0.0
0.0
0.0
0.0
0.0
-1.0
0.0
-1.0
0.0
0.0
0.0
0.0
0.0
0.0
0.0
0.0
0.0
0.0
0.0
0.0
0.0
0.0
0.0
0.0
0.0
0.0
0.0
0.0
0.0
0.0
0.0
0.0
0.0
0.0
0.0
0.0
0.0
0.0
0.0
0.0
0.0
0.0
0.0
0.0
0.0
0.0
0.0
0.0
0.0
0.0
0.0
0.0
0.0
0.0
0.0
0.0
0.0
0.0
0.0
0.0
0.0
0.0
0.0
0.0
0.0
0.0
0.0
0.0
0.0
0.0
0.0
1.0
0.0
0.0
0.0
0.0
0.0
1.0
0.0
0.0
0.0
0.0
0.0
0.0
0.0
0.0
0.0
0.0
0.0
0.0
0.0
0.0
0.0
0.0
0.0
0.0
0.0
0.0
0.0
0.0
0.0
0.0
0.0
0.0
0.0
0.0
0.0
0.0
0.0
0.0
0.0
0.0
0.0
0.0
0.0
0.0
0.0
0.0
0.0
0.0
0.0
0.0
0.0
0.0
0.0
0.0
0.0
0.0
0.0
0.0
0.0
0.0
0.0
0.0
0.0
0.0
0.0
0.0
0.0
0.0
0.0
0.0
0.0
0.0
0.0
0.0
0.0
0.0
0.0
0.0
0.0
0.0
0.0
0.0
0.0
0.0
0.0
0.0
0.0
0.0
0.0
0.0
0.0
0.0
0.0
0.0
0.0
0.0
0.0
0.0
0.0
0.0
0.0
0.0
0.0
0.0
0.0
0.0
0.0
0.0
0.0
0.0
0.0
0.0
0.0
0.0
0.0
0.0
0.0
0.0
0.0
0.0
0.0
0.0
0.0
0.0
0.0
0.0
0.0
0.0
0.0
0.0
0.0
0.0
0.0
0.0
0.0
0.0
0.0
0.0
0.0
0.0
0.0
0.0
0.0
0.0
0.0
0.0
0.0
0.0
0.0
0.0
0.0
0.0
0.0
0.0
0.0
0.0
0.0
0.0
0.0
0.0
0.0
0.0
0.0
0.0
0.0
0.0
0.0
0.0
0.0
0.0
0.0
0.0
0.0
0.0
0.0
0.0
0.0
0.0
0.0
0.0
-1.0
0.0
0.0
0.0
0.0
0.0
0.0
0.0
0.0
0.0
0.0
0.0
0.0
0.0
0.0
0.0
0.0
0.0
0.0
0.0
0.0
0.0
0.0
0.0
0.0
0.0
0.0
0.0
0.0
0.0
0.0
0.0
0.0
0.0
0.0
0.0
0.0
0.0
0.0
1.0
0.0
0.0
0.0
0.0
0.0
0.0
0.0
0.0
0.0
0.0
0.0
0.0
0.0
0.0
0.0
0.0
0.0
0.0
0.0
0.0
0.0
0.0
0.0
0.0
1.0
0.0
0.0
0.0
0.0
0.0
0.0
0.0
0.0
0.0
0.0
0.0
0.0
0.0
0.0
-1.0
0.0
0.0
0.0
0.0
0.0
0.0
0.0
0.0
0.0
-1.0
0.0
0.0
0.0
0.0
0.0
0.0
0.0
0.0
0.0
0.0
0.0
0.0
0.0
0.0
-1.0
0.0
0.0
0.0
0.0
0.0
0.0
0.0
0.0
1.0
0.0
0.0
0.0
0.0
0.0
0.0
0.0
0.0
0.0
0.0
0.0
0.0
0.0
0.0
0.0
0.0
0.0
0.0
0.0
0.0
0.0
0.0
0.0
0.0
0.0
0.0
0.0
0.0
0.0
0.0
0.0
0.0
-1.0
0.0
0.0
0.0
0.0
0.0
0.0
0.0
0.0
0.0
0.0
0.0
0.0
0.0
0.0
0.0
0.0
0.0
0.0
0.0
0.0
0.0
0.0
0.0
0.0
0.0
0.0
0.0
0.0
0.0
0.0
0.0
0.0
0.0
0.0
0.0
0.0
0.0
0.0
0.0
0.0
0.0
0.0
0.0
0.0
0.0
0.0
0.0
0.0
0.0
0.0
0.0
0.0
0.0
0.0
0.0
0.0
0.0
0.0
0.0
0.0
0.0
0.0
0.0
0.0
0.0
0.0
0.0
0.0
0.0
0.0
0.0
0.0
0.0
0.0
0.0
0.0
0.0
0.0
0.0
0.0
0.0
0.0
0.0
0.0
0.0
0.0
0.0
0.0
0.0
0.0
0.0
-1.0
0.0
0.0
0.0
1.0
0.0
0.0
0.0
0.0
0.0
0.0
0.0
0.0
0.0
0.0
0.0
0.0
0.0
0.0
0.0
0.0
0.0
0.0
0.0
0.0
0.0
0.0
0.0
0.0
0.0
0.0
0.0
0.0
0.0
0.0
0.0
0.0
0.0
0.0
0.0
0.0
0.0
0.0
-1.0
0.0
0.0
1.0
0.0
0.0
0.0
0.0
0.0
1.0
0.0
0.0
0.0
0.0
0.0
0.0
0.0
0.0
0.0
0.0
0.0
0.0
0.0
0.0
0.0
0.0
0.0
0.0
0.0
0.0
1.0
0.0
0.0
0.0
0.0
0.0
0.0
0.0
0.0
0.0
0.0
0.0
0.0
0.0
0.0
0.0
0.0
-1.0
0.0
0.0
0.0
-1.0
0.0
0.0
0.0
0.0
0.0
0.0
0.0
0.0
0.0
0.0
0.0
0.0
0.0
0.0
0.0
0.0
0.0
0.0
0.0
0.0
0.0
0.0
0.0
0.0
0.0
0.0
0.0
0.0
0.0
0.0
0.0
0.0
0.0
0.0
0.0
0.0
0.0
0.0
0.0
0.0
0.0
0.0
0.0
0.0
0.0
-1.0
0.0
0.0
0.0
0.0
0.0
0.0
0.0
0.0
0.0
0.0
0.0
0.0
0.0
0.0
0.0
0.0
0.0
0.0
0.0
0.0
0.0
0.0
0.0
0.0
0.0
0.0
0.0
0.0
0.0
0.0
1.0
0.0
0.0
0.0
0.0
0.0
0.0
0.0
0.0
0.0
0.0
0.0
0.0
-1.0
0.0
0.0
0.0
0.0
0.0
0.0
0.0
0.0
0.0
0.0
0.0
0.0
0.0
0.0
0.0
0.0
0.0
0.0
0.0
0.0
0.0
0.0
0.0
0.0
0.0
-1.0
0.0
0.0
0.0
0.0
0.0
0.0
0.0
0.0
0.0
0.0
0.0
0.0
0.0
0.0
0.0
0.0
0.0
0.0
0.0
0.0
0.0
0.0
0.0
0.0
0.0
0.0
0.0
0.0
0.0
0.0
0.0
0.0
0.0
0.0
0.0
0.0
0.0
0.0
0.0
0.0
0.0
0.0
0.0
0.0
0.0
0.0
0.0
0.0
0.0
0.0
0.0
0.0
0.0
0.0
0.0
0.0
0.0
0.0
0.0
0.0
0.0
0.0
0.0
0.0
0.0
0.0
0.0
0.0
0.0
0.0
0.0
0.0
0.0
0.0
0.0
0.0
0.0
0.0
0.0
0.0
0.0
0.0
0.0
0.0
0.0
0.0
0.0
1.0
0.0
0.0
-2.0
0.0
0.0
0.0
0.0
0.0
0.0
0.0
0.0
0.0
0.0
0.0
0.0
0.0
0.0
1.0
0.0
0.0
0.0
-1.0
0.0
0.0
0.0
0.0
0.0
0.0
0.0
0.0
0.0
0.0
0.0
-1.0
0.0
0.0
0.0
0.0
0.0
0.0
1.0
0.0
0.0
0.0
0.0
0.0
0.0
0.0
0.0
0.0
0.0
0.0
0.0
0.0
1.0
0.0
0.0
0.0
1.0
0.0
1.0
0.0
0.0
0.0
0.0
0.0
1.0
0.0
0.0
0.0
0.0
0.0
0.0
0.0
0.0
-1.0
0.0
0.0
0.0
0.0
0.0
0.0
0.0
0.0
0.0
0.0
0.0
0.0
0.0
0.0
1.0
0.0
0.0
0.0
0.0
0.0
0.0
0.0
0.0
-1.0
0.0
0.0
0.0
0.0
0.0
0.0
0.0
0.0
0.0
0.0
0.0
0.0
0.0
0.0
0.0
0.0
0.0
0.0
0.0
0.0
0.0
0.0
0.0
0.0
0.0
-1.0
0.0
0.0
0.0
0.0
0.0
0.0
0.0
0.0
0.0
0.0
0.0
0.0
0.0
-1.0
0.0
0.0
0.0
0.0
0.0
0.0
0.0
0.0
0.0
0.0
0.0
0.0
0.0
0.0
0.0
0.0
0.0
1.0
0.0
0.0
0.0
0.0
0.0
1.0
0.0
0.0
0.0
0.0
0.0
0.0
1.0
0.0
0.0
0.0
0.0
0.0
0.0
0.0
0.0
0.0
0.0
0.0
0.0
0.0
0.0
0.0
0.0
0.0
0.0
0.0
0.0
0.0
0.0
0.0
0.0
0.0
0.0
0.0
0.0
0.0
0.0
0.0
0.0
0.0
0.0
0.0
-1.0
0.0
0.0
0.0
0.0
0.0
0.0
0.0
0.0
0.0
-1.0
0.0
0.0
0.0
0.0
0.0
0.0
0.0
0.0
0.0
0.0
0.0
0.0
0.0
0.0
1.0
0.0
0.0
0.0
0.0
0.0
0.0
0.0
0.0
0.0
0.0
0.0
0.0
0.0
0.0
0.0
0.0
-1.0
0.0
0.0
1.0
0.0
0.0
0.0
0.0
0.0
0.0
0.0
0.0
0.0
0.0
0.0
0.0
0.0
0.0
0.0
0.0
0.0
1.0
0.0
0.0
-1.0
-1.0
0.0
0.0
0.0
0.0
0.0
0.0
0.0
0.0
1.0
0.0
0.0
0.0
0.0
0.0
0.0
0.0
0.0
0.0
0.0
0.0
0.0
0.0
0.0
0.0
0.0
0.0
0.0
0.0
0.0
0.0
0.0
0.0
0.0
-1.0
0.0
0.0
0.0
0.0
0.0
0.0
-1.0
0.0
0.0
0.0
0.0
0.0
0.0
0.0
0.0
0.0
0.0
0.0
0.0
0.0
0.0
0.0
0.0
0.0
0.0
0.0
0.0
0.0
0.0
0.0
0.0
0.0
0.0
0.0
0.0
0.0
0.0
0.0
0.0
0.0
0.0
0.0
0.0
0.0
0.0
0.0
-1.0
0.0
0.0
0.0
0.0
0.0
0.0
0.0
-1.0
0.0
0.0
0.0
0.0
0.0
0.0
0.0
0.0
0.0
0.0
0.0
0.0
0.0
0.0
0.0
0.0
0.0
0.0
-1.0
0.0
0.0
0.0
0.0
0.0
0.0
0.0
0.0
0.0
0.0
0.0
0.0
0.0
0.0
0.0
0.0
0.0
0.0
0.0
0.0
0.0
0.0
0.0
0.0
-1.0
0.0
0.0
0.0
0.0
0.0
0.0
0.0
0.0
0.0
0.0
0.0
0.0
0.0
0.0
0.0
0.0
0.0
0.0
0.0
0.0
0.0
0.0
0.0
0.0
0.0
0.0
0.0
0.0
0.0
0.0
0.0
0.0
0.0
0.0
0.0
0.0
0.0
0.0
0.0
0.0
0.0
0.0
0.0
0.0
0.0
0.0
0.0
0.0
0.0
0.0
0.0
0.0
0.0
0.0
0.0
0.0
0.0
0.0
0.0
0.0
0.0
0.0
0.0
0.0
0.0
0.0
0.0
0.0
0.0
0.0
0.0
0.0
0.0
0.0
0.0
0.0
0.0
0.0
0.0
0.0
0.0
0.0
0.0
0.0
0.0
0.0
0.0
0.0
0.0
0.0
0.0
0.0
0.0
0.0
0.0
0.0
0.0
0.0
0.0
0.0
0.0
0.0
0.0
0.0
0.0
0.0
0.0
0.0
0.0
0.0
0.0
0.0
0.0
0.0
0.0
0.0
0.0
0.0
0.0
0.0
0.0
0.0
0.0
0.0
0.0
0.0
0.0
0.0
0.0
0.0
0.0
0.0
0.0
0.0
0.0
0.0
0.0
0.0
0.0
0.0
0.0
0.0
0.0
0.0
0.0
0.0
0.0
0.0
0.0
0.0
0.0
0.0
0.0
0.0
0.0
0.0
0.0
0.0
0.0
0.0
0.0
0.0
0.0
0.0
0.0
0.0
0.0
0.0
140.0
27124.0
23904.0
901120.0
0.0
0.0
0.0
0.0
0.0
0.0
0.0
0.0
0.0
0.0
0.0
0.0
0.0
0.0
0.0
0.0
0.0
0.0
248.0
20480.0
0.0
0.0
0.0
0.0
