0.44803745
0.0040830798
0.0032261703
0.0034222656
0.003481363
0.0028151763
0.0023397123
0.0026137084
0.004867461
0.002417613
0.0023182223
0.0021865969
0.0037473002
0.0028232348
0.00231285
0.0032046805
0.0063287737
0.002428358
0.002030795
0.0027372753
0.0022994187
0.0039326507
0.0022591252
0.0020845197
0.0023665747
0.0018964831
0.002154362
0.0022725563
0.0025707285
0.0021785381
0.002157048
0.0021140683
0.0030139578
0.0020791474
0.002143617
0.001985129
0.0028420386
0.0023746332
0.001974384
0.002052285
0.0022295765
0.0018508171
0.002280615
0.0020737748
0.002484769
0.0024122407
0.0023047912
0.0019690115
0.0027211579
0.002439103
0.0028554697
0.0030461925
0.0026056496
0.00254118
0.0022430078
0.0022188316
0.0026298258
0.0031912492
0.0029414294
0.002868901
0.003153642
0.0023692609
0.0022268903
0.0022376352
0.0059822495
0.0029118806
0.002382692
0.0023021048
0.0035538913
0.0062240106
0.00231285
0.0023853783
0.002337026
0.0022322629
0.0025331213
0.0020872059
0.0026029635
0.004241568
0.00231285
0.0022322629
0.004163667
0.0030435063
0.0024874553
0.0024525342
0.0024095543
0.0032127392
0.0027426477
0.0026110222
0.0024793965
0.0037284966
0.0020925784
0.0021355583
0.0026969817
0.0025223764
0.00231285
0.0022242041
0.002847411
0.0028742733
0.0033873445
0.0028124899
0.0027023542
0.004185157
0.0029951541
0.0021865969
0.004308724
0.0026163945
0.0044215457
0.002030795
0.0029548605
0.0024713378
0.0028608423
0.0027319028
0.0066645537
0.0021060097
0.0032019943
0.0029468017
0.0042818612
0.0048701474
0.0031402109
0.0023612021
0.002756079
0.00224838
0.002017364
0.0023316536
0.0024901414
0.005251593
0.0026137084
0.00224838
0.0020146775
0.0014801165
0.0011121021
0.0046498757
0.0013914707
0.0036479095
0.000862282
0.00079243985
0.0016547219
0.0034733042
0.0013216285
0.0075322078
0.0008031848
0.012053144
0.0007951261
0.001394157
0.0030730548
0.0013350596
0.0007655775
0.0008891444
0.00085690955
0.0007870674
0.0006849904
0.000862282
0.0008972031
0.0010234562
0.0008783994
0.00090257556
0.00089988933
0.0023343398
0.0011738854
0.0008542233
0.0016278595
0.001555331
0.0009885351
0.0012759625
0.0010959846
0.0012034341
0.0021919692
0.0008783994
0.0008972031
0.0012571588
0.00079243985
0.00085690955
0.0011121021
0.00085690955
0.0009213792
0.0011738854
0.0010798672
0.0007655775
0.0012222377
0.00093749666
0.0011873166
0.0012088065
0.0008810857
0.0008246747
0.0009589865
0.0008945169
0.0008112435
0.0007951261
0.0011658268
0.0009777902
0.0011523956
0.0009804764
0.0024713378
0.001214179
0.0011631405
0.0016520356
0.0013646083
0.0009965939
0.0010476323
0.0014049019
0.001122847
0.0013699807
0.0007682637
0.0008676545
0.0016439769
0.0009965939
0.0007521463
0.00076289126
0.0015741348
0.0009724177
0.0009294379
0.0007548325
0.0011040433
0.00063932437
0.0008542233
0.00096704526
0.0012383552
0.0010825534
0.00076289126
0.00087034074
0.001010025
0.0009992801
0.0010852397
0.0007091665
0.0013377459
0.00084347837
0.0011067296
0.0007951261
0.0016869567
0.0008649682
0.00077900867
0.00083541963
0.003301385
0.0016466632
0.0008891444
0.0021489894
0.002358516
0.00072797015
0.00084347837
0.0009133205
0.0016815843
0.001587566
0.0008676545
0.0010959846
0.00360493
0.00087034074
0.0010986709
0.0013753532
0.0024901414
0.0011362782
0.001168513
0.0019878151
0.0035914986
0.0012464139
0.0022430078
0.014062449
0.05797868
5.395373e-06
5.395373e-06
8.0930595e-06
2.6976866e-06
5.395373e-06
0.0
0.0
2.6976866e-06
0.0
0.0
0.0
0.0
0.0
0.0
2.6976866e-06
0.0053036516
2.4279178e-05
1.0790746e-05
1.2139589e-05
1.6186119e-05
1.7534961e-05
4.586067e-05
2.8325709e-05
1.3488432e-05
6.744216e-06
4.0465297e-06
8.0930595e-06
4.0465297e-06
1.3488433e-06
1.3488432e-05
1.4837276e-05
0.0075670104
4.0465296e-05
2.4279178e-05
0.00013758201
6.879101e-05
3.776761e-05
0.00015376812
8.9023655e-05
2.6976864e-05
6.609332e-05
1.2139589e-05
1.6186119e-05
8.0930595e-06
1.0790746e-05
1.4837276e-05
1.3488432e-05
0.009799346
0.00015646582
0.00016995425
1.8883806e-05
9.576787e-05
5.530257e-05
0.00020772185
0.00010655862
7.9581754e-05
9.8465556e-05
3.641877e-05
2.9674551e-05
4.3162985e-05
4.0465296e-05
4.3162985e-05
6.879101e-05
0.00465216
0.00014837275
0.00015107045
2.2930335e-05
6.0697945e-05
4.7209513e-05
0.000103860926
7.553522e-05
6.339563e-05
9.441903e-06
2.4279178e-05
8.0930595e-06
2.8325709e-05
3.776761e-05
3.2372238e-05
5.9349102e-05
0.0
0.0
0.0
0.0
0.0
0.0
0.0
0.0
0.0
0.0
0.0
0.0
0.0
0.0
0.0
0.0
0.002151405
7.418638e-05
5.9349102e-05
5.395373e-05
6.204679e-05
6.339563e-05
7.148869e-05
6.609332e-05
2.2930335e-05
3.1023395e-05
1.8883806e-05
1.4837276e-05
2.5628022e-05
9.441903e-06
2.5628022e-05
1.2139589e-05
0.0018573571
8.093059e-05
3.9116454e-05
4.99072e-05
0.00029809435
2.9674551e-05
3.372108e-05
2.6976864e-05
2.6976864e-05
0.00017939616
1.8883806e-05
1.7534961e-05
2.4279178e-05
1.7534961e-05
1.0790746e-05
5.1256044e-05
0.0043742987
3.372108e-05
0.0002279545
0.0002306522
0.0002616756
0.00014432623
0.0016307514
0.0010386093
0.00014702391
3.641877e-05
3.1023395e-05
3.372108e-05
2.8325709e-05
1.6186119e-05
1.4837276e-05
3.776761e-05
0.00511886
0.00022660567
0.00011195399
0.00013893086
0.0003021409
0.00026707095
0.00017534962
0.00025762906
0.0004842347
0.00013758201
0.0001092563
3.776761e-05
0.00018883805
5.9349102e-05
0.00022525682
0.0004464671
0.35642642
0.030191159
0.030367857
0.031545397
0.031227069
0.030833207
0.034021873
0.0331775
0.010719257
0.010078557
0.01003944
0.010236371
0.010375302
0.010209395
0.010128464
0.010643722
0.0029634086
0.00023200104
0.00038307148
0.002427918
0.00069735193
0.0003021409
0.0013002849
0.00086865504
0.00030079205
0.0004963743
0.00018344268
0.00018074499
0.00017939616
0.00017669846
0.00016051234
0.00019693111
0.0011370749
0.0004397229
4.181414e-05
6.609332e-05
5.9349102e-05
0.0005152581
0.0004397229
7.9581754e-05
0.0004397229
0.00010655862
0.00025223367
8.632597e-05
0.00010655862
3.2372238e-05
0.0002684198
0.001454053
0.028553663
0.006558076
0.0022255913
0.0034638294
0.010955305
0.006609332
0.0042029954
0.00504872
0.018966084
0.0030308508
0.002778617
0.00213387
0.0059241196
0.0020407997
0.006548634
0.020793768
0.0044943457
0.0030348974
0.0018465663
0.0036715514
0.0036432256
0.0036243417
0.0054897917
0.009475623
0.012702057
0.0034382015
0.00453616
0.0024845693
0.0023281034
0.002365871
0.0029984785
0.0056894207
0.00091856223
0.0005827003
0.0003803738
0.0005314442
0.0009172134
0.00080121285
0.00053818844
0.0012706104
0.0010966095
0.0004950255
0.0006528401
0.00057190954
0.00037228075
0.0005597699
0.00063395634
0.0007270265
742.0
11.354447
8425.0
0.023264095
0.001661721
0.0017804154
0.0010682492
0.0014243324
0.007596439
0.0008308605
0.001305638
0.0024925815
0.0010682492
0.0035608308
0.0010682492
0.001661721
0.0067655784
0.011275965
0.002967359
0.01115727
0.008664688
0.011869436
0.0084273
0.007596439
0.0048664687
0.0062908013
0.005816024
0.00735905
0.007477745
0.009614243
0.008071217
0.0056973295
0.0070029674
0.005816024
0.0061721066
0.02694362
0.013768546
0.002611276
0.009970326
0.00652819
0.011038575
0.008189911
0.0077151335
0.0051038577
0.0071216617
0.0061721066
0.002255193
0.0070029674
0.0056973295
0.0053412463
0.004272997
0.0070029674
0.005222552
0.009732937
0.012225519
0.0056973295
0.0032047478
0.00652819
0.008664688
0.0027299703
0.0030860533
0.001661721
0.0005934718
0.009376855
0.003323442
0.0009495549
0.004391691
0.00462908
0.0315727
0.010919881
0.024094956
0.02207715
0.07252225
0.01198813
0.010089021
0.011513353
0.028605342
0.004510386
0.003916914
0.027655786
0.015074184
0.034421366
0.033115726
0.05139466
0.0014243324
0.04462908
0.036083087
0.043916915
0.016973294
0.00925816
0.009495549
0.011275965
0.008189911
0.002967359
0.0018991098
0.001661721
0.0032047478
0.003916914
0.0011869436
5.8939714
3.0
4.0
0.0
5.0
372268.0
135168.0
0.0
0.0
49.0
0.0
0.0
0.0
0.0
0.0
1260567000.0
0.0
0.0
0.0
0.0
0.0
1.0
0.0
0.0
0.0
0.0
0.0
0.0
-1.0
0.0
-1.0
-1.0
0.0
0.0
0.0
0.0
0.0
0.0
0.0
0.0
0.0
0.0
0.0
0.0
-1.0
0.0
0.0
0.0
0.0
0.0
0.0
0.0
0.0
0.0
0.0
0.0
0.0
-1.0
0.0
0.0
0.0
0.0
0.0
0.0
0.0
0.0
0.0
0.0
6.0
0.0
4.0
0.0
4.0
0.0
25600.0
1024.0
4096.0
3.0
0.0
0.0
1.0
1.0
0.0
0.0
0.0
0.0
0.0
0.0
0.0
0.0
0.0
0.0
0.0
0.0
0.0
0.0
4096.0
0.0
0.0
0.0
0.0
0.0
0.0
0.0
0.0
0.0
0.0
0.0
0.0
0.0
0.0
0.0
0.0
0.0
-98304.0
0.0
0.0
0.0
0.0
0.0
0.0
0.0
0.0
-28672.0
0.0
0.0
0.0
0.0
0.0
0.0
0.0
0.0
0.0
0.0
0.0
0.0
0.0
0.0
0.0
0.0
0.0
0.0
0.0
0.0
0.0
0.0
5.706604
0.0
0.0
0.0
0.0
0.0
0.0
0.0
0.0
0.0
0.0
0.0
0.0
0.0
0.0
0.0
0.0
0.0
-5.685262
0.0
0.0
0.0
0.0
0.0
0.0
0.0
0.0
-6.3513203
0.0
0.0
0.0
0.0
0.0
0.0
0.0
0.0
0.0
0.0
0.0
0.0
0.0
0.0
0.0
0.0
0.0
0.0
0.0
0.0
0.0
0.0
2284.0
0.0
0.0
0.0
0.0
0.0
0.0
0.0
0.0
0.0
0.0
0.0
0.0
0.0
0.0
0.0
0.0
0.0
-96056.0
0.0
0.0
0.0
0.0
0.0
0.0
0.0
0.0
-25252.0
0.0
0.0
0.0
0.0
0.0
0.0
0.0
0.0
0.0
0.0
0.0
-1.0
0.0
0.0
0.0
0.0
0.0
1.0
0.0
0.0
0.0
0.0
0.0
0.0
0.0
0.0
0.0
0.0
0.0
0.0
0.0
0.0
0.0
0.0
0.0
0.0
0.0
0.0
0.0
0.0
0.0
0.0
0.0
0.0
0.0
0.0
0.0
-2.0
0.0
0.0
0.0
1.0
0.0
0.0
0.0
0.0
0.0
0.0
0.0
0.0
0.0
0.0
0.0
0.0
0.0
0.0
0.0
0.0
0.0
0.0
0.0
-1.0
0.0
0.0
0.0
0.0
0.0
0.0
0.0
0.0
0.0
1.0
0.0
0.0
0.0
0.0
1.0
0.0
0.0
0.0
0.0
0.0
0.0
0.0
0.0
0.0
0.0
0.0
0.0
0.0
0.0
0.0
0.0
0.0
0.0
0.0
0.0
0.0
0.0
0.0
0.0
0.0
0.0
0.0
0.0
0.0
0.0
0.0
0.0
0.0
0.0
0.0
0.0
0.0
0.0
0.0
0.0
0.0
0.0
0.0
0.0
0.0
0.0
0.0
0.0
0.0
0.0
0.0
0.0
0.0
0.0
0.0
0.0
0.0
0.0
0.0
0.0
0.0
0.0
0.0
0.0
0.0
0.0
0.0
0.0
0.0
0.0
0.0
0.0
0.0
0.0
0.0
0.0
0.0
0.0
0.0
0.0
0.0
0.0
0.0
0.0
0.0
0.0
0.0
0.0
0.0
0.0
0.0
0.0
0.0
0.0
0.0
0.0
0.0
0.0
0.0
0.0
0.0
0.0
0.0
0.0
0.0
0.0
0.0
0.0
0.0
0.0
0.0
0.0
0.0
0.0
0.0
0.0
0.0
0.0
0.0
0.0
0.0
0.0
0.0
0.0
0.0
0.0
0.0
0.0
0.0
0.0
0.0
0.0
0.0
0.0
0.0
0.0
0.0
0.0
1.0
0.0
0.0
0.0
0.0
0.0
0.0
0.0
0.0
0.0
0.0
0.0
0.0
0.0
0.0
0.0
0.0
0.0
0.0
0.0
0.0
0.0
0.0
0.0
0.0
0.0
0.0
0.0
0.0
0.0
0.0
0.0
0.0
0.0
0.0
0.0
0.0
0.0
0.0
0.0
0.0
0.0
0.0
0.0
0.0
0.0
0.0
0.0
0.0
0.0
0.0
0.0
0.0
0.0
0.0
0.0
0.0
0.0
0.0
0.0
0.0
0.0
0.0
0.0
0.0
0.0
0.0
0.0
0.0
0.0
0.0
0.0
0.0
0.0
0.0
0.0
0.0
0.0
0.0
0.0
0.0
0.0
0.0
0.0
0.0
0.0
0.0
0.0
0.0
0.0
0.0
0.0
0.0
0.0
0.0
0.0
0.0
0.0
0.0
0.0
0.0
0.0
0.0
0.0
0.0
0.0
0.0
0.0
0.0
0.0
0.0
0.0
0.0
0.0
0.0
0.0
0.0
0.0
0.0
0.0
0.0
0.0
0.0
0.0
0.0
0.0
0.0
0.0
0.0
0.0
0.0
0.0
0.0
0.0
0.0
0.0
0.0
0.0
0.0
0.0
0.0
0.0
0.0
0.0
0.0
0.0
0.0
0.0
0.0
0.0
0.0
0.0
0.0
0.0
0.0
0.0
0.0
0.0
0.0
0.0
0.0
0.0
0.0
0.0
0.0
0.0
0.0
0.0
0.0
0.0
0.0
0.0
0.0
0.0
0.0
0.0
0.0
0.0
0.0
0.0
0.0
0.0
0.0
0.0
0.0
0.0
0.0
0.0
0.0
0.0
0.0
0.0
0.0
0.0
0.0
0.0
0.0
0.0
0.0
0.0
0.0
0.0
0.0
0.0
0.0
0.0
0.0
0.0
0.0
0.0
0.0
0.0
0.0
0.0
0.0
0.0
0.0
0.0
0.0
0.0
0.0
0.0
0.0
0.0
0.0
0.0
0.0
0.0
0.0
0.0
0.0
0.0
0.0
0.0
0.0
0.0
0.0
0.0
0.0
0.0
0.0
0.0
0.0
0.0
0.0
1.0
0.0
0.0
0.0
0.0
0.0
0.0
0.0
0.0
0.0
0.0
1.0
0.0
0.0
0.0
0.0
0.0
0.0
0.0
0.0
0.0
1.0
0.0
0.0
0.0
0.0
0.0
0.0
0.0
0.0
0.0
0.0
0.0
0.0
0.0
0.0
0.0
0.0
0.0
0.0
0.0
0.0
0.0
0.0
0.0
0.0
0.0
0.0
0.0
0.0
0.0
0.0
0.0
0.0
0.0
0.0
0.0
0.0
0.0
0.0
0.0
0.0
0.0
0.0
0.0
0.0
0.0
0.0
0.0
0.0
0.0
0.0
0.0
0.0
0.0
0.0
0.0
0.0
0.0
0.0
0.0
0.0
0.0
0.0
0.0
0.0
0.0
0.0
0.0
0.0
0.0
0.0
0.0
0.0
0.0
0.0
0.0
0.0
0.0
0.0
0.0
0.0
0.0
0.0
0.0
0.0
0.0
0.0
0.0
0.0
0.0
0.0
0.0
0.0
0.0
0.0
0.0
0.0
0.0
0.0
0.0
0.0
0.0
0.0
0.0
0.0
0.0
0.0
0.0
0.0
0.0
0.0
0.0
0.0
0.0
0.0
0.0
0.0
0.0
0.0
0.0
0.0
0.0
0.0
0.0
0.0
1.0
0.0
0.0
0.0
0.0
0.0
0.0
0.0
0.0
0.0
0.0
0.0
0.0
0.0
0.0
0.0
0.0
0.0
0.0
0.0
0.0
0.0
0.0
0.0
0.0
0.0
0.0
0.0
-2.0
0.0
0.0
0.0
0.0
0.0
0.0
0.0
0.0
0.0
0.0
0.0
0.0
0.0
0.0
0.0
0.0
0.0
0.0
0.0
0.0
0.0
0.0
0.0
0.0
0.0
0.0
0.0
0.0
0.0
0.0
0.0
0.0
0.0
0.0
0.0
0.0
0.0
-1.0
0.0
0.0
0.0
0.0
-1.0
0.0
0.0
1.0
0.0
0.0
0.0
0.0
0.0
0.0
0.0
0.0
0.0
0.0
0.0
0.0
0.0
0.0
0.0
0.0
0.0
0.0
0.0
0.0
0.0
0.0
0.0
0.0
0.0
0.0
0.0
0.0
0.0
0.0
0.0
0.0
0.0
0.0
0.0
0.0
0.0
0.0
0.0
0.0
0.0
0.0
0.0
-1.0
0.0
0.0
0.0
-1.0
0.0
0.0
0.0
0.0
0.0
0.0
0.0
0.0
0.0
0.0
0.0
0.0
0.0
0.0
0.0
0.0
0.0
0.0
0.0
0.0
0.0
0.0
0.0
0.0
0.0
0.0
0.0
0.0
0.0
0.0
0.0
0.0
0.0
0.0
0.0
0.0
0.0
0.0
0.0
0.0
0.0
0.0
0.0
0.0
0.0
-1.0
0.0
0.0
0.0
0.0
0.0
0.0
0.0
0.0
0.0
0.0
0.0
0.0
0.0
0.0
0.0
0.0
0.0
0.0
0.0
0.0
0.0
0.0
0.0
0.0
0.0
0.0
0.0
0.0
0.0
0.0
1.0
0.0
0.0
0.0
0.0
0.0
0.0
0.0
0.0
0.0
0.0
0.0
0.0
0.0
0.0
0.0
0.0
0.0
0.0
0.0
0.0
0.0
0.0
0.0
0.0
0.0
0.0
0.0
0.0
0.0
0.0
0.0
0.0
0.0
0.0
0.0
0.0
0.0
0.0
-1.0
0.0
0.0
0.0
0.0
0.0
0.0
0.0
0.0
0.0
0.0
0.0
0.0
0.0
0.0
0.0
0.0
0.0
0.0
0.0
0.0
0.0
0.0
0.0
0.0
0.0
0.0
0.0
0.0
0.0
0.0
0.0
0.0
0.0
0.0
0.0
0.0
0.0
0.0
0.0
0.0
0.0
0.0
0.0
0.0
0.0
0.0
0.0
0.0
0.0
0.0
0.0
0.0
0.0
0.0
0.0
0.0
0.0
0.0
0.0
0.0
0.0
0.0
0.0
0.0
0.0
0.0
0.0
0.0
0.0
0.0
0.0
0.0
0.0
0.0
0.0
0.0
0.0
0.0
0.0
0.0
0.0
0.0
0.0
0.0
0.0
0.0
0.0
1.0
0.0
0.0
-2.0
0.0
0.0
0.0
0.0
0.0
0.0
0.0
0.0
0.0
0.0
0.0
0.0
0.0
0.0
1.0
0.0
0.0
0.0
-1.0
0.0
0.0
0.0
0.0
0.0
0.0
0.0
0.0
0.0
0.0
0.0
-1.0
0.0
0.0
0.0
0.0
0.0
0.0
1.0
0.0
0.0
0.0
0.0
0.0
0.0
0.0
0.0
0.0
0.0
0.0
0.0
0.0
0.0
0.0
0.0
0.0
1.0
0.0
1.0
0.0
0.0
0.0
0.0
0.0
1.0
0.0
0.0
0.0
0.0
0.0
0.0
0.0
0.0
-1.0
0.0
0.0
0.0
0.0
0.0
0.0
0.0
0.0
0.0
0.0
0.0
0.0
0.0
0.0
1.0
0.0
0.0
0.0
0.0
0.0
0.0
0.0
0.0
0.0
1.0
0.0
0.0
0.0
0.0
0.0
0.0
0.0
0.0
0.0
0.0
0.0
0.0
0.0
0.0
0.0
0.0
0.0
0.0
0.0
0.0
0.0
0.0
0.0
0.0
0.0
0.0
0.0
0.0
0.0
0.0
0.0
0.0
0.0
0.0
0.0
0.0
0.0
0.0
-1.0
0.0
0.0
0.0
0.0
0.0
0.0
0.0
0.0
0.0
0.0
0.0
0.0
1.0
0.0
0.0
0.0
0.0
0.0
0.0
0.0
0.0
0.0
0.0
1.0
0.0
0.0
0.0
0.0
0.0
0.0
1.0
0.0
0.0
0.0
0.0
0.0
0.0
0.0
0.0
0.0
0.0
0.0
0.0
0.0
0.0
0.0
0.0
0.0
0.0
0.0
0.0
0.0
0.0
0.0
0.0
0.0
0.0
0.0
0.0
0.0
0.0
0.0
0.0
0.0
0.0
0.0
-1.0
0.0
0.0
0.0
0.0
0.0
0.0
0.0
0.0
0.0
-1.0
0.0
0.0
0.0
0.0
0.0
0.0
0.0
0.0
0.0
0.0
0.0
0.0
0.0
0.0
1.0
0.0
0.0
0.0
0.0
0.0
0.0
0.0
0.0
0.0
0.0
0.0
0.0
0.0
0.0
0.0
0.0
-1.0
0.0
-1.0
1.0
0.0
0.0
0.0
0.0
0.0
0.0
0.0
0.0
0.0
0.0
0.0
0.0
0.0
0.0
0.0
0.0
0.0
1.0
0.0
0.0
0.0
-1.0
0.0
0.0
1.0
0.0
0.0
0.0
0.0
0.0
1.0
0.0
0.0
0.0
0.0
0.0
0.0
0.0
0.0
0.0
0.0
0.0
0.0
0.0
0.0
0.0
0.0
0.0
0.0
0.0
0.0
0.0
0.0
0.0
0.0
-1.0
0.0
0.0
0.0
0.0
0.0
0.0
0.0
0.0
0.0
0.0
0.0
0.0
0.0
0.0
0.0
0.0
0.0
0.0
0.0
0.0
0.0
0.0
-1.0
0.0
0.0
0.0
0.0
0.0
0.0
0.0
0.0
0.0
0.0
0.0
0.0
0.0
0.0
0.0
0.0
0.0
0.0
0.0
0.0
0.0
0.0
0.0
-1.0
0.0
0.0
0.0
0.0
0.0
0.0
0.0
0.0
0.0
0.0
0.0
0.0
0.0
0.0
0.0
0.0
0.0
0.0
0.0
0.0
0.0
0.0
0.0
0.0
0.0
-1.0
-1.0
0.0
0.0
0.0
0.0
0.0
0.0
0.0
0.0
0.0
0.0
0.0
0.0
0.0
0.0
0.0
0.0
0.0
0.0
0.0
0.0
0.0
0.0
0.0
0.0
-1.0
0.0
0.0
0.0
0.0
0.0
0.0
0.0
0.0
0.0
0.0
0.0
0.0
0.0
0.0
0.0
0.0
0.0
0.0
0.0
0.0
0.0
0.0
0.0
0.0
0.0
0.0
0.0
0.0
0.0
0.0
0.0
0.0
0.0
0.0
0.0
0.0
0.0
0.0
0.0
0.0
0.0
0.0
0.0
0.0
0.0
0.0
0.0
0.0
0.0
0.0
0.0
0.0
0.0
0.0
0.0
0.0
0.0
0.0
0.0
0.0
0.0
0.0
0.0
0.0
0.0
0.0
0.0
0.0
0.0
0.0
0.0
0.0
0.0
0.0
0.0
0.0
0.0
0.0
0.0
0.0
0.0
0.0
0.0
0.0
0.0
0.0
0.0
0.0
0.0
0.0
0.0
0.0
0.0
0.0
0.0
0.0
0.0
0.0
0.0
0.0
0.0
0.0
0.0
0.0
0.0
0.0
0.0
0.0
0.0
0.0
0.0
0.0
0.0
0.0
0.0
0.0
0.0
0.0
0.0
0.0
0.0
0.0
0.0
0.0
0.0
0.0
0.0
0.0
0.0
0.0
0.0
0.0
0.0
0.0
0.0
0.0
0.0
0.0
0.0
0.0
0.0
0.0
0.0
0.0
0.0
0.0
0.0
0.0
0.0
0.0
0.0
0.0
0.0
0.0
0.0
0.0
0.0
0.0
0.0
0.0
0.0
0.0
0.0
0.0
0.0
0.0
0.0
0.0
40.0
33956.0
0.0
0.0
0.0
0.0
0.0
0.0
0.0
0.0
0.0
0.0
0.0
0.0
0.0
0.0
0.0
0.0
0.0
0.0
0.0
0.0
200.0
32768.0
0.0
0.0
0.0
0.0
