0.58033425
0.037679166
0.0046786005
0.0052419105
0.00555486
0.0051167305
0.004882018
0.0042248233
0.0009388496
0.00028165488
0.00051636726
0.00040683482
0.00053201476
0.00029730238
0.00032859735
0.00054766226
0.00079802214
0.0013456844
0.00029730238
0.00029730238
0.00035989235
0.00040683482
0.00026600738
0.00028165488
0.00034424485
0.00020341741
0.00018776993
0.00039118732
0.00042248232
0.00040683482
0.000109532455
0.0007197847
0.0018151092
0.00050071976
0.00051636726
0.00012517994
0.0006884897
0.001079677
0.00020341741
0.0014082744
0.00031294985
0.00057895726
0.00020341741
0.00057895726
0.00025035988
0.00032859735
0.0015647493
0.00018776993
0.0044908305
0.0041778805
0.0050071976
0.004944608
0.0043343557
0.0049289605
0.0044595357
0.0040839957
0.004788133
0.004318708
0.0021124117
0.00029730238
0.0004694248
0.00042248232
0.00032859735
0.00061025226
0.0013926269
0.0012674469
0.0006415472
0.002472304
0.0016742818
0.0010640295
0.00061025226
0.00059460476
0.0004694248
0.00042248232
0.0002347124
0.00028165488
0.0006258997
0.00059460476
0.0004694248
0.0004537773
0.00081366964
0.00018776993
0.00057895726
0.00079802214
0.00056330976
0.0006884897
0.00051636726
0.0006258997
0.00053201476
0.00042248232
0.0004694248
0.00029730238
0.003739751
0.00040683482
0.0007197847
0.00057895726
0.00034424485
0.0061651124
0.0053827376
0.00542968
0.00605558
0.012079865
0.004882018
0.0010327345
0.0006258997
0.0019089942
0.00034424485
0.00056330976
0.0017681668
0.0014865119
0.0030199662
0.002284534
0.0009701446
0.00028165488
0.002190649
0.0030982036
0.0032546786
0.0014708644
0.00037553985
0.00089190714
0.0015647493
0.00059460476
0.00025035988
0.00014082744
0.00059460476
0.00037553985
0.00040683482
0.00031294985
0.0017368718
0.0016429868
0.00040683482
0.00089190714
0.00079802214
0.00040683482
0.00018776993
0.00057895726
0.0012987419
0.00076672714
0.00087625964
0.0018307567
0.0006728422
0.00031294985
0.00015647493
0.00031294985
0.00040683482
0.00015647493
0.00031294985
0.00061025226
0.00043812982
0.00012517994
0.00039118732
0.00026600738
0.001110972
0.00081366964
0.0004694248
0.002190649
0.0044595357
0.0009544971
0.00076672714
0.0006415472
0.001236152
0.00043812982
0.00040683482
0.00061025226
0.0009232021
0.00053201476
0.00037553985
0.00028165488
0.0007510797
0.00031294985
0.00020341741
0.00029730238
0.00061025226
0.00059460476
0.00059460476
0.00025035988
0.00043812982
0.00040683482
0.00031294985
0.00021906491
0.00042248232
0.0004850723
0.0006258997
0.00057895726
0.00050071976
0.00026600738
0.00035989235
0.00034424485
0.00012517994
0.00025035988
0.00040683482
0.0004537773
0.002315829
0.0004694248
0.00031294985
0.00034424485
0.00035989235
0.0006728422
0.00014082744
0.00056330976
0.0004537773
0.0006415472
0.0006258997
0.0007354322
0.00032859735
0.00032859735
0.00014082744
0.00032859735
0.00031294985
0.00040683482
0.0006884897
0.003583276
0.00086061214
0.0009075546
0.001048382
0.0006258997
0.0006258997
0.0007510797
0.0006728422
0.0004850723
0.0009701446
0.00053201476
0.00076672714
0.00035989235
0.0014552169
0.0013926269
0.00021906491
0.0006258997
0.00057895726
0.00079802214
0.0004694248
0.00042248232
0.0006258997
0.00040683482
0.00029730238
0.00086061214
0.0011266195
0.002315829
0.002284534
0.0015647493
0.0009544971
0.001173562
0.0004694248
0.0006258997
0.001204857
0.002347124
0.0059616948
0.0077611567
0.009857921
0.009685799
0.01136008
0.01148526
0.0058208676
0.0024253614
0.0025661888
0.033016212
0.32732454
1.600922e-05
1.600922e-05
1.600922e-05
1.600922e-05
1.600922e-05
1.600922e-05
4.8027665e-05
3.201844e-05
0.0
3.201844e-05
0.0
3.201844e-05
0.0
1.600922e-05
0.000288166
0.015857134
1.600922e-05
4.0023053e-05
2.4013832e-05
3.201844e-05
6.403688e-05
9.605533e-05
4.8027665e-05
4.0023053e-05
8.00461e-06
0.0
2.4013832e-05
1.600922e-05
0.0
2.4013832e-05
0.00010405994
0.0
0.0
0.0
0.0
0.0
0.0
0.0
0.0
0.0
0.0
0.0
0.0
0.0
0.0
0.0
0.0
0.0
0.0
0.0
0.0
0.0
0.0
0.0
0.0
0.0
0.0
0.0
0.0
0.0
0.0
0.0
0.0
0.013960041
0.0001520876
0.00032018442
2.4013832e-05
1.600922e-05
0.00016009221
9.605533e-05
2.4013832e-05
0.00011206455
0.00049628585
0.00033619365
4.8027665e-05
8.8050714e-05
0.00011206455
0.00017610143
0.00027215676
0.01427222
0.00024013832
0.00027215676
0.00020011526
0.00035220286
0.00042424435
0.0002961706
0.00026415216
0.00044025359
0.00033619365
0.0003762167
0.00035220286
0.00038422132
0.0010245901
0.00048027665
0.01307153
0.02663134
0.00023213371
0.00023213371
0.0089651635
0.0007364242
0.0008244749
0.005259029
0.00047227202
0.0006003458
0.00038422132
0.00028016136
0.00041623975
0.0002241291
0.0019611297
0.0011286502
0.017225923
0.093870066
7.20415e-05
0.0010165855
0.032098487
0.003433978
0.0036981301
0.026471248
0.00545114
0.0007124104
0.000576332
0.0003041752
0.0005923412
0.0004482582
0.0027375768
0.0022733095
0.022965228
0.029721119
0.0006083504
0.0016409452
0.002345351
0.0010646132
0.0011286502
0.0070040342
0.0032338628
0.0017690189
0.0008484887
0.0006883965
0.000576332
0.0006883965
0.0025134478
0.0012727331
0.026863473
0.06659836
0.0018650743
0.0022492956
0.00144083
0.0017450051
0.0019211066
0.0052350154
0.0018090421
0.0036420978
0.004970863
0.0033859503
0.0020811989
0.0029136783
0.0032658812
0.0050268956
0.022997247
0.03383549
0.0016169314
0.001953125
0.00093653944
0.0015608991
0.00133677
0.0033139088
0.0021212217
0.0025774846
0.005595223
0.0017690189
0.0007364242
0.0015528945
0.0008965164
0.0031217982
0.002649526
0.025014408
0.0015448899
0.0017450051
0.0016169314
0.0028736552
0.0014088114
0.0019291112
0.0016409452
0.0023613602
0.0008164703
0.0010405994
0.0010325948
0.0017850281
0.00080046104
0.001624936
0.0019451204
0.0071241036
0.0003762167
0.00047227202
0.0005683274
0.0007124104
0.00063236424
0.0016889728
0.0011446594
0.00049628585
0.00038422132
0.00035220286
0.00039222592
0.0005443135
0.0005363089
0.00041623975
0.0005523181
0.0
0.0
0.0
0.0
0.0
0.0
0.0
0.0
0.0
0.0
0.0
0.0
0.0
0.0
0.0
0.0
0.0
0.0
0.0
0.0
0.0
0.0
0.0
0.0
0.0
0.0
0.0
0.0
0.0
0.0
0.0
0.0
0.0
0.0
0.0
0.0
0.0
0.0
0.0
0.0
0.0
0.0
0.0
0.0
0.0
0.0
0.0
0.0
79.0
14.797468
1169.0
0.037639007
0.000855432
0.013686912
0.0
0.0
0.0
0.0
0.000855432
0.000855432
0.0
0.0
0.0
0.0
0.00427716
0.01710864
0.00427716
0.001710864
0.002566296
0.010265184
0.0111206155
0.0
0.0
0.0
0.000855432
0.000855432
0.0
0.00427716
0.0
0.009409752
0.006843456
0.009409752
0.003421728
0.0
0.024807528
0.0
0.009409752
0.00427716
0.0111206155
0.00427716
0.00855432
0.005988024
0.005132592
0.0
0.003421728
0.014542344
0.011976048
0.001710864
0.0
0.014542344
0.001710864
0.003421728
0.007698888
0.003421728
0.000855432
0.001710864
0.007698888
0.001710864
0.000855432
0.000855432
0.0
0.0
0.0
0.0
0.0
0.0
0.049615055
0.005132592
0.031650983
0.038494438
0.1283148
0.006843456
0.01283148
0.003421728
0.037639007
0.001710864
0.002566296
0.047904193
0.028229255
0.03421728
0.044482462
0.007698888
0.003421728
0.053892214
0.06928999
0.046193328
0.023952097
0.00855432
0.006843456
0.00855432
0.00855432
0.0
0.0
0.0
0.0
0.0
0.0
5.105406
0.0
0.0
0.0
2.0
63908.0
65536.0
0.0
0.0
4.0
0.0
1.0
0.0
0.0
0.0
1382534000.0
0.0
0.0
0.0
0.0
0.0
1.0
0.0
0.0
0.0
0.0
0.0
0.0
-1.0
0.0
-1.0
-1.0
1.0
0.0
0.0
0.0
0.0
0.0
0.0
0.0
0.0
0.0
0.0
0.0
-1.0
0.0
0.0
0.0
0.0
0.0
0.0
0.0
0.0
0.0
0.0
0.0
0.0
-1.0
0.0
0.0
0.0
0.0
0.0
0.0
0.0
0.0
0.0
0.0
1.0
70.0
1.0
0.0
4.0
0.0
3072.0
512.0
0.0
4.0
0.0
0.0
2.0
4.0
0.0
0.0
0.0
-50688.0
0.0
0.0
0.0
0.0
0.0
0.0
0.0
0.0
0.0
0.0
0.0
0.0
0.0
-512.0
0.0
0.0
0.0
0.0
0.0
0.0
0.0
0.0
0.0
0.0
0.0
0.0
0.0
0.0
0.0
0.0
0.0
0.0
0.0
0.0
0.0
0.0
0.0
0.0
0.0
0.0
0.0
0.0
0.0
0.0
0.0
0.0
0.0
0.0
0.0
-13.083896
0.0
0.0
0.0
0.0
0.0
0.0
0.0
0.0
0.0
0.0
0.0
0.0
0.0
-3.6238215
0.0
0.0
0.0
0.0
0.0
0.0
0.0
0.0
0.0
0.0
0.0
0.0
0.0
0.0
0.0
0.0
0.0
0.0
0.0
0.0
0.0
0.0
0.0
0.0
0.0
0.0
0.0
0.0
0.0
0.0
0.0
0.0
0.0
0.0
0.0
-57344.0
0.0
0.0
0.0
0.0
0.0
0.0
0.0
0.0
0.0
0.0
0.0
0.0
0.0
-4096.0
0.0
0.0
0.0
0.0
0.0
0.0
0.0
0.0
0.0
0.0
0.0
0.0
0.0
0.0
0.0
0.0
0.0
0.0
0.0
0.0
0.0
0.0
0.0
0.0
0.0
0.0
0.0
0.0
0.0
0.0
0.0
0.0
0.0
0.0
0.0
-1.0
0.0
0.0
0.0
0.0
0.0
0.0
0.0
0.0
0.0
0.0
0.0
0.0
0.0
0.0
0.0
0.0
0.0
0.0
0.0
0.0
0.0
0.0
0.0
0.0
0.0
0.0
0.0
0.0
0.0
0.0
0.0
0.0
0.0
0.0
0.0
0.0
0.0
0.0
0.0
0.0
0.0
0.0
0.0
0.0
0.0
0.0
3.0
0.0
0.0
0.0
0.0
0.0
0.0
0.0
0.0
0.0
0.0
0.0
0.0
-2.0
0.0
0.0
0.0
0.0
0.0
0.0
0.0
0.0
0.0
3.0
0.0
0.0
0.0
0.0
2.0
0.0
0.0
0.0
0.0
0.0
0.0
0.0
0.0
3.0
0.0
0.0
0.0
0.0
0.0
0.0
0.0
0.0
0.0
-2.0
0.0
0.0
0.0
0.0
0.0
0.0
0.0
0.0
0.0
0.0
0.0
0.0
0.0
0.0
0.0
0.0
0.0
0.0
0.0
0.0
0.0
0.0
0.0
0.0
0.0
0.0
0.0
0.0
0.0
0.0
0.0
0.0
-1.0
0.0
0.0
0.0
0.0
0.0
0.0
0.0
0.0
0.0
0.0
0.0
0.0
0.0
0.0
0.0
0.0
0.0
0.0
0.0
0.0
0.0
0.0
0.0
0.0
0.0
0.0
0.0
0.0
0.0
0.0
0.0
0.0
0.0
0.0
0.0
0.0
0.0
0.0
0.0
0.0
0.0
0.0
0.0
0.0
0.0
0.0
0.0
0.0
0.0
0.0
0.0
0.0
0.0
0.0
0.0
0.0
0.0
0.0
0.0
0.0
0.0
0.0
0.0
0.0
0.0
1.0
0.0
0.0
0.0
0.0
0.0
0.0
0.0
0.0
0.0
0.0
0.0
0.0
0.0
0.0
0.0
0.0
0.0
0.0
0.0
0.0
1.0
0.0
0.0
0.0
0.0
0.0
0.0
0.0
0.0
0.0
0.0
0.0
0.0
0.0
0.0
0.0
0.0
0.0
0.0
0.0
0.0
0.0
0.0
1.0
0.0
0.0
0.0
0.0
0.0
0.0
0.0
0.0
0.0
0.0
0.0
0.0
0.0
0.0
0.0
0.0
0.0
0.0
0.0
0.0
0.0
0.0
0.0
0.0
0.0
0.0
0.0
0.0
0.0
0.0
0.0
0.0
0.0
0.0
0.0
0.0
0.0
0.0
0.0
0.0
0.0
0.0
0.0
0.0
0.0
0.0
0.0
0.0
0.0
0.0
0.0
0.0
0.0
0.0
0.0
0.0
0.0
0.0
0.0
0.0
0.0
0.0
0.0
0.0
0.0
0.0
0.0
0.0
0.0
0.0
0.0
0.0
0.0
0.0
0.0
0.0
0.0
0.0
0.0
0.0
0.0
0.0
0.0
0.0
0.0
0.0
0.0
0.0
0.0
0.0
0.0
0.0
0.0
0.0
0.0
0.0
0.0
0.0
0.0
0.0
0.0
0.0
0.0
0.0
0.0
0.0
0.0
0.0
0.0
0.0
0.0
0.0
0.0
0.0
0.0
0.0
0.0
0.0
0.0
0.0
0.0
0.0
0.0
0.0
0.0
0.0
0.0
0.0
0.0
0.0
0.0
0.0
0.0
0.0
0.0
0.0
0.0
0.0
0.0
0.0
0.0
0.0
0.0
0.0
0.0
0.0
0.0
0.0
0.0
0.0
0.0
0.0
0.0
0.0
0.0
0.0
0.0
0.0
0.0
0.0
0.0
0.0
0.0
0.0
0.0
0.0
0.0
0.0
0.0
0.0
0.0
0.0
0.0
0.0
0.0
0.0
0.0
0.0
0.0
0.0
0.0
0.0
0.0
0.0
0.0
0.0
0.0
0.0
0.0
0.0
0.0
0.0
0.0
0.0
0.0
0.0
0.0
0.0
0.0
0.0
0.0
0.0
0.0
0.0
0.0
0.0
0.0
0.0
0.0
0.0
0.0
0.0
0.0
0.0
0.0
0.0
0.0
0.0
0.0
0.0
0.0
0.0
0.0
0.0
0.0
0.0
0.0
0.0
0.0
0.0
0.0
0.0
0.0
0.0
0.0
0.0
0.0
0.0
0.0
0.0
0.0
0.0
0.0
0.0
0.0
0.0
0.0
0.0
0.0
0.0
0.0
0.0
0.0
0.0
0.0
0.0
0.0
0.0
0.0
0.0
0.0
0.0
0.0
0.0
0.0
0.0
0.0
0.0
0.0
0.0
0.0
0.0
0.0
0.0
0.0
0.0
0.0
0.0
0.0
0.0
0.0
0.0
0.0
0.0
0.0
0.0
0.0
0.0
0.0
0.0
0.0
0.0
0.0
0.0
0.0
0.0
0.0
0.0
0.0
0.0
0.0
0.0
0.0
0.0
0.0
0.0
0.0
0.0
0.0
0.0
0.0
0.0
0.0
0.0
0.0
0.0
0.0
0.0
0.0
0.0
0.0
0.0
0.0
0.0
0.0
0.0
0.0
0.0
0.0
0.0
0.0
0.0
0.0
0.0
0.0
0.0
0.0
0.0
0.0
0.0
0.0
0.0
0.0
0.0
0.0
0.0
0.0
0.0
0.0
0.0
0.0
0.0
0.0
0.0
0.0
0.0
0.0
0.0
0.0
0.0
0.0
0.0
0.0
0.0
0.0
0.0
0.0
0.0
0.0
0.0
0.0
0.0
0.0
0.0
0.0
0.0
0.0
0.0
0.0
0.0
0.0
0.0
0.0
0.0
0.0
0.0
0.0
0.0
0.0
0.0
0.0
0.0
0.0
0.0
0.0
0.0
0.0
0.0
0.0
0.0
0.0
0.0
0.0
0.0
0.0
0.0
0.0
0.0
0.0
0.0
0.0
0.0
0.0
0.0
0.0
0.0
0.0
0.0
0.0
0.0
0.0
0.0
0.0
0.0
0.0
0.0
0.0
0.0
0.0
0.0
0.0
0.0
0.0
0.0
0.0
0.0
0.0
0.0
0.0
0.0
0.0
0.0
0.0
0.0
0.0
0.0
0.0
0.0
0.0
0.0
0.0
0.0
0.0
0.0
0.0
0.0
0.0
0.0
0.0
0.0
0.0
0.0
0.0
0.0
0.0
0.0
0.0
0.0
0.0
0.0
0.0
0.0
-1.0
0.0
0.0
0.0
0.0
0.0
0.0
0.0
0.0
0.0
0.0
0.0
0.0
0.0
0.0
0.0
0.0
0.0
0.0
0.0
0.0
0.0
0.0
0.0
0.0
0.0
0.0
0.0
0.0
0.0
0.0
0.0
0.0
0.0
0.0
0.0
0.0
0.0
0.0
0.0
0.0
0.0
0.0
0.0
0.0
0.0
0.0
0.0
0.0
0.0
0.0
0.0
0.0
0.0
0.0
0.0
0.0
0.0
0.0
0.0
0.0
0.0
0.0
0.0
0.0
0.0
0.0
0.0
0.0
0.0
0.0
0.0
0.0
0.0
0.0
0.0
0.0
0.0
0.0
0.0
0.0
0.0
0.0
0.0
0.0
0.0
0.0
0.0
0.0
0.0
0.0
0.0
0.0
0.0
0.0
0.0
0.0
0.0
0.0
0.0
0.0
0.0
0.0
0.0
0.0
0.0
0.0
-1.0
0.0
0.0
0.0
0.0
0.0
0.0
0.0
0.0
0.0
0.0
0.0
0.0
0.0
0.0
0.0
0.0
0.0
0.0
0.0
0.0
0.0
0.0
0.0
0.0
0.0
0.0
0.0
0.0
0.0
0.0
0.0
0.0
0.0
0.0
0.0
0.0
0.0
0.0
0.0
0.0
0.0
0.0
0.0
0.0
0.0
0.0
0.0
0.0
0.0
0.0
0.0
0.0
0.0
0.0
0.0
0.0
0.0
0.0
0.0
0.0
0.0
0.0
0.0
0.0
0.0
0.0
0.0
0.0
0.0
0.0
0.0
0.0
0.0
0.0
0.0
0.0
0.0
0.0
0.0
0.0
0.0
0.0
0.0
0.0
0.0
0.0
0.0
0.0
0.0
0.0
0.0
0.0
0.0
0.0
0.0
0.0
0.0
0.0
0.0
0.0
0.0
0.0
0.0
0.0
0.0
0.0
0.0
0.0
0.0
0.0
0.0
0.0
0.0
0.0
0.0
0.0
0.0
0.0
0.0
0.0
0.0
0.0
0.0
0.0
0.0
0.0
0.0
0.0
0.0
0.0
0.0
0.0
0.0
0.0
0.0
0.0
0.0
0.0
0.0
0.0
0.0
0.0
0.0
0.0
0.0
0.0
1.0
0.0
0.0
0.0
0.0
0.0
0.0
0.0
0.0
0.0
0.0
0.0
0.0
0.0
0.0
0.0
0.0
0.0
0.0
0.0
0.0
0.0
0.0
0.0
0.0
0.0
0.0
0.0
0.0
0.0
0.0
0.0
0.0
0.0
0.0
0.0
0.0
0.0
0.0
0.0
0.0
0.0
0.0
0.0
0.0
0.0
0.0
0.0
0.0
0.0
0.0
0.0
0.0
0.0
0.0
0.0
0.0
0.0
0.0
0.0
0.0
0.0
0.0
0.0
0.0
0.0
0.0
0.0
0.0
0.0
0.0
0.0
0.0
0.0
0.0
0.0
0.0
0.0
0.0
0.0
0.0
0.0
0.0
0.0
0.0
0.0
0.0
0.0
0.0
0.0
0.0
0.0
0.0
0.0
0.0
0.0
0.0
0.0
0.0
0.0
0.0
0.0
0.0
0.0
0.0
0.0
0.0
0.0
0.0
0.0
0.0
0.0
0.0
0.0
0.0
0.0
0.0
0.0
0.0
0.0
0.0
0.0
0.0
0.0
0.0
0.0
0.0
0.0
0.0
0.0
0.0
0.0
0.0
0.0
0.0
0.0
0.0
0.0
0.0
0.0
0.0
0.0
0.0
0.0
0.0
0.0
0.0
0.0
0.0
0.0
0.0
0.0
0.0
0.0
0.0
0.0
0.0
0.0
0.0
0.0
0.0
0.0
0.0
0.0
0.0
0.0
0.0
0.0
0.0
0.0
0.0
0.0
0.0
0.0
0.0
0.0
0.0
0.0
0.0
0.0
0.0
0.0
0.0
0.0
0.0
0.0
0.0
0.0
0.0
0.0
0.0
0.0
0.0
0.0
0.0
0.0
0.0
0.0
0.0
0.0
0.0
0.0
0.0
0.0
0.0
0.0
0.0
0.0
0.0
0.0
0.0
0.0
0.0
0.0
0.0
0.0
0.0
0.0
0.0
0.0
0.0
0.0
0.0
0.0
0.0
0.0
0.0
0.0
0.0
0.0
0.0
0.0
0.0
0.0
0.0
0.0
0.0
0.0
0.0
0.0
0.0
0.0
0.0
0.0
0.0
0.0
0.0
0.0
0.0
0.0
0.0
0.0
0.0
0.0
0.0
0.0
0.0
0.0
0.0
0.0
0.0
0.0
0.0
0.0
0.0
0.0
0.0
0.0
0.0
0.0
0.0
0.0
0.0
0.0
0.0
0.0
0.0
0.0
0.0
0.0
0.0
0.0
0.0
0.0
0.0
0.0
0.0
0.0
0.0
0.0
0.0
0.0
0.0
0.0
0.0
0.0
0.0
0.0
0.0
0.0
0.0
0.0
0.0
0.0
0.0
0.0
0.0
0.0
0.0
0.0
0.0
0.0
0.0
0.0
0.0
0.0
0.0
0.0
0.0
0.0
0.0
0.0
0.0
0.0
0.0
0.0
0.0
0.0
0.0
0.0
0.0
0.0
0.0
0.0
0.0
0.0
0.0
0.0
0.0
0.0
0.0
0.0
0.0
0.0
0.0
0.0
0.0
0.0
0.0
-1.0
0.0
0.0
0.0
0.0
0.0
0.0
0.0
0.0
0.0
0.0
0.0
0.0
0.0
0.0
0.0
0.0
0.0
0.0
0.0
0.0
0.0
0.0
0.0
0.0
0.0
0.0
0.0
0.0
0.0
0.0
0.0
0.0
0.0
0.0
0.0
0.0
0.0
0.0
0.0
0.0
0.0
0.0
0.0
0.0
0.0
0.0
0.0
0.0
0.0
0.0
0.0
0.0
0.0
0.0
0.0
0.0
0.0
0.0
0.0
0.0
0.0
0.0
0.0
0.0
0.0
0.0
0.0
0.0
0.0
0.0
0.0
0.0
0.0
0.0
0.0
0.0
0.0
0.0
0.0
0.0
0.0
0.0
0.0
0.0
0.0
0.0
0.0
0.0
0.0
0.0
0.0
0.0
0.0
0.0
0.0
0.0
0.0
0.0
0.0
0.0
0.0
0.0
0.0
0.0
0.0
0.0
0.0
0.0
0.0
0.0
0.0
0.0
0.0
0.0
0.0
0.0
0.0
0.0
0.0
0.0
0.0
0.0
0.0
0.0
0.0
0.0
0.0
0.0
0.0
0.0
0.0
0.0
0.0
0.0
0.0
0.0
0.0
0.0
0.0
0.0
0.0
0.0
0.0
0.0
0.0
0.0
0.0
0.0
0.0
0.0
0.0
0.0
0.0
0.0
0.0
0.0
0.0
0.0
0.0
0.0
0.0
0.0
0.0
0.0
0.0
0.0
0.0
0.0
0.0
0.0
0.0
0.0
0.0
0.0
0.0
0.0
0.0
0.0
0.0
0.0
0.0
0.0
0.0
0.0
0.0
0.0
0.0
0.0
0.0
0.0
0.0
0.0
0.0
100.0
61440.0
15064.0
45056.0
0.0
0.0
0.0
0.0
0.0
0.0
0.0
0.0
0.0
0.0
0.0
0.0
0.0
0.0
0.0
0.0
0.0
0.0
0.0
0.0
0.0
0.0
0.0
0.0
