0.49323186
0.0030517748
0.0076356335
0.003056422
0.0029309432
0.0029805151
0.0028844695
0.003017694
0.0034297612
0.0032144329
0.0028348975
0.0028705273
0.002915452
0.0028860185
0.0027481464
0.0028085622
0.00286588
0.002805464
0.0026985744
0.0027016727
0.0029836134
0.002793071
0.0029495326
0.0027744817
0.0032175311
0.0049045277
0.002580841
0.0027667359
0.0028875677
0.0026195692
0.002779129
0.0026598463
0.002827152
0.002593234
0.0026954762
0.0027109676
0.0028860185
0.0027450481
0.002819406
0.0027961694
0.0030610696
0.0027605395
0.0025095814
0.002991359
0.0026536498
0.0027574413
0.0026830833
0.0027156149
0.002655199
0.0027357535
0.0027419499
0.002779129
0.0028132098
0.0027868745
0.0026211182
0.0026706902
0.0027326553
0.002991359
0.0026691412
0.0028240536
0.0028225044
0.0029123537
0.0027496957
0.0027450481
0.0038805562
0.002844192
0.0027651868
0.0025730955
0.00283025
0.003375542
0.0027388518
0.0029340414
0.0027651868
0.0027992676
0.0028379958
0.0029262959
0.0028209554
0.0028581342
0.0027373026
0.0026861816
0.003576928
0.0026613956
0.002827152
0.0026582973
0.0027140658
0.002968122
0.0027218114
0.002728008
0.0026939271
0.0026939271
0.0027729324
0.0027450481
0.0026939271
0.0026350603
0.0027078693
0.002557604
0.0026985744
0.002793071
0.0026737885
0.0029077062
0.0030254398
0.003065717
0.0027342043
0.002827152
0.0027822272
0.0038480246
0.002867429
0.002805464
0.0026644939
0.0028503886
0.0029092554
0.0029077062
0.002855036
0.0027264587
0.002853487
0.0029216483
0.004201225
0.003017694
0.0026025288
0.0026335113
0.0026582973
0.0027481464
0.002656748
0.0030192432
0.002754343
0.0027078693
0.0026474535
0.0035165122
0.0009372202
0.0009666536
0.0009836939
0.0014654716
0.0009542606
0.001995272
0.0012114152
0.00096820266
0.0011990222
0.001307461
0.0009821448
0.0023422758
0.0010270694
0.0011448029
0.0012300047
0.0011835309
0.0010425607
0.00090778683
0.0010270694
0.0008876482
0.00095271145
0.00093412196
0.00118508
0.0010193238
0.0009201798
0.001084387
0.0009031395
0.00096200616
0.0011649415
0.00090159033
0.00089539384
0.00094961317
0.0012625363
0.0011695889
0.0011231151
0.0012671837
0.000997636
0.0009867921
0.0012935188
0.001420547
0.0016219331
0.00095271145
0.0011184678
0.0009124342
0.0009418676
0.0009604571
0.0009418676
0.0009573588
0.00092172896
0.00092327804
0.000847371
0.0008814517
0.001197473
0.00095890794
0.0009635553
0.0009604571
0.0010936818
0.0009000412
0.0010208728
0.00088455
0.000985243
0.0009666536
0.0009774974
0.00089849206
0.001209866
0.0010874852
0.0012145134
0.00094961317
0.0009805957
0.0009000412
0.0010657975
0.00095580966
0.0010503063
0.0009542606
0.0010007343
0.00089229556
0.0012857731
0.0009960869
0.001059601
0.0010038326
0.0010626992
0.0010007343
0.0011912766
0.0010518554
0.0013368942
0.00109678
0.00095580966
0.0010162255
0.0014995523
0.0010115781
0.0010859361
0.0009248272
0.001071994
0.0009666536
0.0010332658
0.0011912766
0.0013895645
0.0011091729
0.0009914396
0.0009248272
0.0009031395
0.0010890344
0.00096200616
0.0010394624
0.0012795767
0.0010874852
0.001209866
0.0011355081
0.0013306978
0.0008535675
0.0010998782
0.0009666536
0.0012516924
0.001022422
0.0009898904
0.0011695889
0.0010038326
0.0009139833
0.00096510444
0.0012067679
0.0012207099
0.00093412196
0.00092327804
0.001160294
0.0013632294
0.00095271145
0.0009480641
0.0020014686
0.036486797
0.0
1.5525636e-06
1.5525636e-06
4.6576906e-06
1.5525636e-06
4.6576906e-06
3.1051272e-06
4.6576906e-06
3.1051272e-06
3.1051272e-06
3.1051272e-06
1.5525636e-06
3.1051272e-06
4.191922e-05
1.5525636e-06
0.0015176309
2.3288453e-06
5.4339725e-06
3.881409e-06
6.2102545e-06
1.3196791e-05
3.881409e-06
3.881409e-06
6.9865364e-06
0.0
5.4339725e-06
7.762818e-07
4.6576906e-06
1.5525636e-06
4.6576906e-06
9.315381e-06
0.0
0.0
0.0
0.0
0.0
0.0
0.0
0.0
0.0
0.0
0.0
0.0
0.0
0.0
0.0
0.0
0.0
0.0
0.0
0.0
0.0
0.0
0.0
0.0
0.0
0.0
0.0
0.0
0.0
0.0
0.0
0.0
0.0
0.0
0.0
0.0
0.0
0.0
0.0
0.0
0.0
0.0
0.0
0.0
0.0
0.0
0.0
0.0
0.0
0.0
0.0
0.0
0.0
0.0
0.0
0.0
0.0
0.0
0.0
0.0
0.0
0.0
0.0
0.0
0.0
0.0
0.0
0.0
0.0
0.0
0.0
0.0
0.0
0.0
0.0
0.0
0.0
0.0
0.0
0.0
0.0022325865
4.8905753e-05
4.5024342e-05
4.5024342e-05
9.0048685e-05
5.2787163e-05
0.00019717557
0.00011333714
4.6576908e-05
5.8997415e-05
3.881409e-05
4.1142936e-05
5.201088e-05
4.6576908e-05
3.881409e-05
3.1827552e-05
0.0
0.0
0.0
0.0
0.0
0.0
0.0
0.0
0.0
0.0
0.0
0.0
0.0
0.0
0.0
0.0
0.0009594843
0.00010945573
3.1827552e-05
4.2695498e-05
6.9865364e-06
2.095961e-05
5.8997415e-05
6.6760236e-05
4.5800625e-05
2.0183326e-05
3.959037e-05
2.3288454e-05
3.493268e-05
4.8905753e-05
4.0366653e-05
3.959037e-05
0.4888557
0.041775607
0.041602492
0.041717384
0.042422246
0.041645188
0.041825287
0.041871086
0.0143751865
0.013770463
0.013915627
0.013733977
0.013702926
0.014243218
0.013903983
0.014121342
0.0
0.0
0.0
0.0
0.0
0.0
0.0
0.0
0.0
0.0
0.0
0.0
0.0
0.0
0.0
0.0
0.0
0.0
0.0
0.0
0.0
0.0
0.0
0.0
0.0
0.0
0.0
0.0
0.0
0.0
0.0
0.0
0.0036329988
0.0010735977
0.00024375248
0.00027868515
0.0021231307
0.0011271612
0.00042384985
0.0004812947
0.0020447262
9.703523e-05
0.0006955485
0.00022434544
0.00065751065
0.0003920223
0.0008143196
0.0015882725
0.0071806065
0.0027736549
0.0015548924
0.0014477655
0.0010999913
0.00095405034
0.0027402746
0.0033457745
0.0022807159
0.0009098023
0.0022403493
0.0007506645
0.001457081
0.0019018904
0.001495895
0.0012529189
0.0013848867
0.0012304067
0.0007374677
0.0007297049
0.00064043247
0.000562028
0.001110083
0.0006629446
0.001110083
0.00088961894
0.0009967458
0.00062024913
0.0007033113
0.00087642216
0.0010503093
0.0010037323
194.0
8.5
1649.0
0.00970285
0.0018192844
0.0012128563
0.004244997
0.00060642813
0.0054578534
0.0024257125
0.014554275
0.0024257125
0.0018192844
0.00060642813
0.0060642813
0.008489994
0.0060642813
0.009096422
0.0024257125
0.0018192844
0.0054578534
0.0066707097
0.004244997
0.0018192844
0.0018192844
0.0036385688
0.0018192844
0.004851425
0.015767131
0.0018192844
0.0072771376
0.004244997
0.0054578534
0.0036385688
0.0024257125
0.0030321407
0.025469981
0.0018192844
0.0072771376
0.0036385688
0.0078835655
0.010915707
0.016979989
0.012734991
0.0054578534
0.0024257125
0.014554275
0.012734991
0.0054578534
0.004244997
0.0018192844
0.013947847
0.0030321407
0.0078835655
0.011522135
0.0018192844
0.0018192844
0.009096422
0.0018192844
0.0036385688
0.0012128563
0.010915707
0.004851425
0.0012128563
0.0030321407
0.0018192844
0.00060642813
0.0036385688
0.06367496
0.0066707097
0.017586416
0.03941783
0.078229226
0.0066707097
0.0030321407
0.0030321407
0.03517283
0.0024257125
0.0078835655
0.03941783
0.01637356
0.018192844
0.03335355
0.018799271
0.0030321407
0.04972711
0.024863554
0.05518496
0.02001213
0.0024257125
0.004244997
0.0072771376
0.010309278
0.0018192844
0.008489994
0.004851425
0.0024257125
0.0018192844
0.04548211
5.701091
0.0
0.0
0.0
4.0
645526.0
126976.0
0.0
0.0
2.0
1.0
0.0
0.0
0.0
0.0
1258072400.0
0.0
0.0
0.0
0.0
0.0
1.0
0.0
0.0
0.0
0.0
0.0
0.0
-1.0
1.0
-1.0
-1.0
1.0
0.0
0.0
0.0
0.0
0.0
0.0
0.0
0.0
0.0
0.0
0.0
-1.0
0.0
0.0
0.0
0.0
0.0
0.0
0.0
0.0
0.0
0.0
0.0
0.0
-1.0
0.0
0.0
0.0
0.0
0.0
0.0
0.0
0.0
0.0
0.0
6.0
0.0
4.0
0.0
4.0
0.0
28672.0
1024.0
4096.0
4.0
0.0
0.0
2.0
4.0
0.0
0.0
0.0
0.0
0.0
0.0
0.0
0.0
0.0
0.0
0.0
0.0
0.0
0.0
0.0
0.0
0.0
-512.0
0.0
0.0
0.0
0.0
0.0
-512.0
0.0
0.0
0.0
0.0
-27136.0
0.0
0.0
0.0
0.0
0.0
43008.0
0.0
0.0
0.0
0.0
0.0
0.0
0.0
0.0
0.0
0.0
0.0
0.0
0.0
0.0
0.0
0.0
0.0
0.0
0.0
0.0
0.0
0.0
0.0
0.0
0.0
0.0
0.0
0.0
0.0
0.0
0.0
0.0
-4.19976
0.0
0.0
0.0
0.0
0.0
-2.2809806
0.0
0.0
0.0
0.0
-2.478273
0.0
0.0
0.0
0.0
0.0
6.483652
0.0
0.0
0.0
0.0
0.0
0.0
0.0
0.0
0.0
0.0
0.0
0.0
0.0
0.0
0.0
0.0
0.0
0.0
0.0
0.0
0.0
0.0
0.0
0.0
0.0
0.0
0.0
0.0
0.0
0.0
0.0
0.0
-4096.0
0.0
0.0
0.0
0.0
0.0
-4096.0
0.0
0.0
0.0
0.0
-28672.0
0.0
0.0
0.0
0.0
0.0
86016.0
0.0
0.0
0.0
0.0
0.0
0.0
0.0
0.0
0.0
0.0
0.0
0.0
0.0
0.0
0.0
0.0
0.0
0.0
0.0
0.0
0.0
0.0
0.0
0.0
0.0
0.0
0.0
1.0
0.0
0.0
0.0
0.0
0.0
0.0
0.0
-1.0
0.0
0.0
0.0
0.0
0.0
0.0
0.0
0.0
0.0
0.0
-1.0
0.0
0.0
0.0
0.0
0.0
0.0
0.0
-1.0
0.0
0.0
0.0
0.0
0.0
0.0
0.0
0.0
0.0
0.0
0.0
0.0
0.0
0.0
0.0
0.0
0.0
0.0
0.0
0.0
0.0
0.0
0.0
-1.0
0.0
0.0
0.0
0.0
0.0
0.0
0.0
0.0
0.0
1.0
0.0
0.0
0.0
0.0
1.0
0.0
0.0
0.0
0.0
0.0
0.0
0.0
0.0
1.0
0.0
0.0
0.0
0.0
0.0
0.0
0.0
0.0
0.0
-1.0
0.0
0.0
0.0
0.0
0.0
0.0
0.0
0.0
0.0
0.0
0.0
0.0
0.0
0.0
0.0
0.0
0.0
0.0
0.0
0.0
0.0
0.0
0.0
0.0
0.0
0.0
0.0
0.0
0.0
0.0
0.0
0.0
-1.0
0.0
0.0
0.0
0.0
0.0
0.0
0.0
0.0
0.0
0.0
0.0
0.0
0.0
0.0
0.0
0.0
0.0
0.0
0.0
0.0
0.0
0.0
0.0
0.0
0.0
0.0
0.0
0.0
0.0
0.0
0.0
0.0
0.0
0.0
0.0
0.0
0.0
0.0
0.0
0.0
0.0
0.0
0.0
0.0
0.0
0.0
0.0
0.0
0.0
0.0
0.0
0.0
0.0
0.0
0.0
0.0
0.0
0.0
0.0
0.0
0.0
0.0
0.0
0.0
0.0
0.0
0.0
0.0
0.0
0.0
0.0
0.0
0.0
0.0
0.0
0.0
0.0
0.0
0.0
0.0
0.0
0.0
0.0
0.0
0.0
0.0
1.0
0.0
0.0
0.0
0.0
0.0
0.0
0.0
0.0
0.0
0.0
0.0
0.0
0.0
0.0
0.0
0.0
0.0
0.0
0.0
0.0
0.0
0.0
0.0
0.0
0.0
0.0
0.0
0.0
0.0
0.0
0.0
0.0
0.0
0.0
0.0
0.0
0.0
0.0
0.0
0.0
0.0
0.0
0.0
0.0
0.0
0.0
0.0
0.0
0.0
0.0
0.0
0.0
0.0
0.0
0.0
0.0
0.0
0.0
0.0
0.0
0.0
0.0
0.0
0.0
0.0
0.0
0.0
0.0
0.0
0.0
0.0
0.0
0.0
0.0
0.0
0.0
0.0
0.0
0.0
0.0
0.0
0.0
0.0
0.0
0.0
0.0
0.0
0.0
0.0
0.0
0.0
0.0
0.0
0.0
0.0
0.0
0.0
0.0
0.0
0.0
0.0
0.0
0.0
0.0
0.0
0.0
0.0
0.0
0.0
0.0
0.0
0.0
0.0
0.0
0.0
0.0
0.0
0.0
0.0
0.0
0.0
0.0
0.0
0.0
0.0
0.0
0.0
0.0
0.0
0.0
0.0
0.0
0.0
0.0
0.0
0.0
0.0
0.0
0.0
0.0
0.0
0.0
0.0
0.0
0.0
0.0
0.0
0.0
0.0
0.0
0.0
0.0
0.0
0.0
0.0
0.0
0.0
0.0
0.0
0.0
0.0
0.0
0.0
0.0
0.0
0.0
0.0
0.0
0.0
0.0
0.0
0.0
0.0
0.0
0.0
0.0
0.0
0.0
0.0
0.0
0.0
0.0
0.0
0.0
0.0
0.0
0.0
0.0
0.0
0.0
0.0
0.0
0.0
0.0
0.0
0.0
0.0
0.0
0.0
0.0
0.0
0.0
0.0
0.0
0.0
0.0
0.0
0.0
0.0
0.0
0.0
0.0
0.0
0.0
0.0
0.0
0.0
0.0
0.0
0.0
0.0
0.0
0.0
0.0
0.0
0.0
0.0
0.0
0.0
0.0
0.0
0.0
0.0
0.0
0.0
0.0
0.0
0.0
0.0
0.0
0.0
0.0
0.0
0.0
0.0
0.0
0.0
0.0
0.0
0.0
0.0
0.0
0.0
0.0
0.0
0.0
0.0
0.0
0.0
0.0
0.0
0.0
0.0
0.0
0.0
0.0
0.0
0.0
0.0
0.0
0.0
0.0
0.0
0.0
0.0
0.0
0.0
0.0
0.0
0.0
0.0
0.0
0.0
0.0
0.0
0.0
0.0
0.0
0.0
0.0
0.0
0.0
0.0
0.0
0.0
0.0
0.0
0.0
0.0
0.0
0.0
0.0
0.0
0.0
0.0
0.0
0.0
0.0
0.0
0.0
0.0
0.0
0.0
0.0
0.0
0.0
0.0
0.0
0.0
0.0
0.0
0.0
0.0
0.0
0.0
0.0
0.0
0.0
0.0
0.0
0.0
0.0
0.0
0.0
0.0
0.0
0.0
0.0
0.0
0.0
0.0
0.0
0.0
0.0
0.0
0.0
0.0
0.0
0.0
0.0
0.0
0.0
0.0
0.0
0.0
0.0
0.0
0.0
0.0
0.0
0.0
0.0
0.0
0.0
0.0
0.0
0.0
0.0
0.0
0.0
0.0
0.0
0.0
0.0
0.0
0.0
0.0
0.0
0.0
0.0
0.0
0.0
0.0
0.0
0.0
0.0
0.0
0.0
0.0
0.0
0.0
0.0
0.0
0.0
0.0
0.0
0.0
0.0
0.0
0.0
0.0
0.0
0.0
0.0
0.0
0.0
0.0
0.0
0.0
0.0
0.0
0.0
0.0
0.0
0.0
0.0
0.0
0.0
0.0
0.0
0.0
0.0
0.0
0.0
0.0
0.0
0.0
0.0
0.0
0.0
0.0
0.0
0.0
0.0
0.0
0.0
0.0
0.0
0.0
0.0
0.0
0.0
0.0
0.0
0.0
0.0
0.0
0.0
0.0
0.0
0.0
0.0
0.0
0.0
0.0
0.0
-1.0
0.0
0.0
0.0
0.0
0.0
0.0
0.0
0.0
0.0
0.0
0.0
0.0
0.0
0.0
0.0
0.0
0.0
0.0
0.0
0.0
0.0
0.0
0.0
0.0
0.0
0.0
0.0
0.0
0.0
0.0
0.0
0.0
0.0
0.0
0.0
0.0
0.0
0.0
0.0
0.0
0.0
0.0
0.0
0.0
0.0
0.0
0.0
0.0
0.0
0.0
0.0
0.0
0.0
0.0
0.0
0.0
0.0
0.0
0.0
0.0
0.0
0.0
0.0
0.0
0.0
0.0
0.0
0.0
0.0
0.0
0.0
0.0
0.0
0.0
0.0
0.0
0.0
0.0
0.0
0.0
0.0
0.0
0.0
0.0
0.0
0.0
0.0
0.0
0.0
0.0
0.0
0.0
0.0
0.0
0.0
0.0
0.0
0.0
0.0
0.0
0.0
0.0
0.0
0.0
0.0
0.0
0.0
0.0
0.0
0.0
0.0
0.0
0.0
0.0
0.0
0.0
0.0
0.0
0.0
0.0
0.0
0.0
0.0
0.0
0.0
0.0
0.0
0.0
0.0
0.0
0.0
0.0
0.0
0.0
0.0
0.0
0.0
0.0
0.0
0.0
0.0
0.0
0.0
0.0
0.0
0.0
0.0
0.0
0.0
0.0
0.0
0.0
0.0
0.0
0.0
0.0
0.0
0.0
0.0
0.0
0.0
0.0
0.0
0.0
0.0
0.0
0.0
0.0
0.0
0.0
0.0
0.0
0.0
0.0
0.0
0.0
0.0
0.0
0.0
0.0
0.0
0.0
0.0
0.0
0.0
0.0
0.0
0.0
0.0
0.0
0.0
0.0
0.0
0.0
0.0
0.0
0.0
0.0
0.0
0.0
0.0
0.0
0.0
0.0
0.0
0.0
0.0
0.0
0.0
0.0
0.0
0.0
0.0
0.0
0.0
0.0
0.0
0.0
0.0
0.0
0.0
0.0
0.0
0.0
0.0
0.0
0.0
0.0
0.0
0.0
0.0
0.0
0.0
0.0
0.0
0.0
0.0
0.0
0.0
0.0
0.0
0.0
0.0
0.0
0.0
0.0
0.0
0.0
0.0
0.0
0.0
0.0
0.0
0.0
0.0
0.0
0.0
0.0
0.0
0.0
0.0
0.0
0.0
0.0
0.0
0.0
0.0
0.0
0.0
0.0
0.0
0.0
0.0
0.0
0.0
0.0
0.0
0.0
0.0
0.0
0.0
0.0
0.0
0.0
0.0
0.0
0.0
0.0
0.0
0.0
0.0
0.0
0.0
0.0
0.0
0.0
0.0
0.0
0.0
0.0
0.0
0.0
0.0
0.0
0.0
0.0
0.0
0.0
0.0
0.0
0.0
0.0
0.0
0.0
0.0
0.0
0.0
0.0
0.0
0.0
0.0
0.0
0.0
0.0
0.0
0.0
0.0
0.0
0.0
0.0
0.0
0.0
0.0
0.0
0.0
0.0
0.0
0.0
0.0
0.0
0.0
0.0
0.0
0.0
0.0
0.0
0.0
0.0
0.0
0.0
0.0
0.0
0.0
0.0
0.0
0.0
0.0
0.0
0.0
0.0
0.0
0.0
0.0
0.0
0.0
0.0
0.0
0.0
0.0
0.0
0.0
0.0
0.0
0.0
0.0
0.0
0.0
0.0
0.0
0.0
0.0
0.0
0.0
0.0
0.0
0.0
0.0
0.0
0.0
0.0
0.0
0.0
0.0
0.0
0.0
0.0
0.0
0.0
0.0
0.0
0.0
0.0
0.0
0.0
0.0
0.0
0.0
0.0
0.0
0.0
0.0
0.0
0.0
0.0
0.0
0.0
0.0
0.0
0.0
0.0
0.0
0.0
0.0
0.0
0.0
0.0
0.0
0.0
0.0
0.0
0.0
0.0
0.0
0.0
0.0
0.0
0.0
0.0
0.0
0.0
0.0
0.0
0.0
0.0
0.0
0.0
0.0
0.0
0.0
0.0
0.0
0.0
0.0
0.0
0.0
0.0
0.0
0.0
0.0
0.0
0.0
0.0
0.0
0.0
0.0
0.0
0.0
0.0
0.0
0.0
0.0
0.0
0.0
0.0
0.0
0.0
0.0
0.0
0.0
0.0
0.0
0.0
0.0
0.0
0.0
0.0
0.0
0.0
0.0
0.0
0.0
0.0
0.0
0.0
0.0
0.0
0.0
0.0
0.0
0.0
0.0
0.0
0.0
0.0
0.0
0.0
0.0
0.0
0.0
0.0
0.0
0.0
0.0
0.0
0.0
0.0
0.0
0.0
0.0
0.0
0.0
0.0
0.0
0.0
0.0
0.0
0.0
0.0
0.0
0.0
0.0
0.0
0.0
0.0
0.0
0.0
0.0
0.0
0.0
0.0
0.0
0.0
0.0
0.0
0.0
0.0
0.0
0.0
0.0
0.0
0.0
0.0
0.0
0.0
0.0
0.0
0.0
0.0
0.0
0.0
0.0
0.0
0.0
0.0
0.0
0.0
0.0
0.0
0.0
0.0
0.0
0.0
0.0
0.0
0.0
0.0
0.0
0.0
0.0
0.0
0.0
0.0
0.0
0.0
0.0
0.0
0.0
0.0
0.0
0.0
0.0
0.0
0.0
0.0
0.0
0.0
0.0
0.0
0.0
0.0
0.0
0.0
0.0
0.0
0.0
0.0
0.0
0.0
0.0
0.0
0.0
0.0
0.0
0.0
0.0
0.0
0.0
0.0
0.0
0.0
0.0
0.0
0.0
0.0
0.0
0.0
0.0
0.0
0.0
0.0
0.0
0.0
0.0
0.0
0.0
0.0
0.0
0.0
0.0
0.0
0.0
0.0
0.0
0.0
0.0
0.0
0.0
0.0
0.0
0.0
0.0
0.0
0.0
0.0
0.0
0.0
0.0
0.0
0.0
0.0
0.0
0.0
0.0
0.0
0.0
0.0
0.0
0.0
0.0
0.0
0.0
0.0
0.0
0.0
0.0
0.0
0.0
0.0
0.0
0.0
1.0
0.0
0.0
0.0
0.0
0.0
0.0
0.0
0.0
0.0
0.0
0.0
0.0
0.0
0.0
0.0
0.0
0.0
0.0
0.0
0.0
0.0
0.0
0.0
0.0
0.0
0.0
0.0
0.0
0.0
0.0
0.0
0.0
0.0
0.0
0.0
0.0
0.0
0.0
0.0
0.0
0.0
0.0
0.0
0.0
0.0
0.0
0.0
0.0
0.0
0.0
0.0
0.0
0.0
0.0
0.0
0.0
0.0
0.0
0.0
0.0
0.0
0.0
0.0
0.0
0.0
0.0
0.0
0.0
0.0
0.0
0.0
0.0
0.0
0.0
0.0
0.0
0.0
0.0
0.0
0.0
0.0
0.0
0.0
0.0
0.0
0.0
0.0
0.0
0.0
0.0
0.0
0.0
0.0
0.0
0.0
0.0
0.0
0.0
0.0
0.0
0.0
0.0
0.0
0.0
0.0
0.0
0.0
0.0
0.0
0.0
0.0
0.0
0.0
0.0
0.0
0.0
0.0
0.0
0.0
0.0
0.0
0.0
0.0
0.0
0.0
0.0
0.0
0.0
0.0
0.0
0.0
0.0
0.0
0.0
0.0
0.0
0.0
0.0
0.0
0.0
0.0
0.0
0.0
0.0
0.0
0.0
0.0
0.0
0.0
0.0
0.0
0.0
0.0
0.0
60.0
122880.0
0.0
0.0
0.0
0.0
0.0
0.0
12.0
119008.0
0.0
0.0
0.0
0.0
0.0
0.0
0.0
0.0
0.0
0.0
0.0
0.0
0.0
0.0
0.0
0.0
0.0
0.0
