0.4265372
0.0020342367
0.0014201275
0.0012282183
0.0008444001
0.00076763646
0.00080601824
0.0011514546
0.0012666001
0.0009211637
0.0007292546
0.0004989637
0.00095954555
0.0014585092
0.0008444001
0.0014585092
0.001727182
0.000652491
0.0015736547
0.0006908728
0.0008827819
0.0011898365
0.00080601824
0.00076763646
0.0008444001
0.0008827819
0.0015352729
0.0011898365
0.0021877638
0.0013817456
0.0012282183
0.0025332002
0.008328855
0.0013433638
0.0024948185
0.0018039456
0.00080601824
0.00080601824
0.00095954555
0.00042220004
0.001496891
0.0011514546
0.0004989637
0.0016120365
0.0012282183
0.0015352729
0.0071390187
0.0015352729
0.01116911
0.0067552007
0.006908728
0.011399401
0.0070622554
0.0077147465
0.0067552007
0.007906656
0.006064328
0.006870346
0.0072925463
0.00061410916
0.0011514546
0.00080601824
0.00080601824
0.00061410916
0.00694711
0.0020342367
0.0023029093
0.0088278195
0.0023029093
0.005219928
0.0016504184
0.0022645276
0.0019574729
0.0015352729
0.001304982
0.0011514546
0.0015736547
0.0019958548
0.0013817456
0.0016504184
0.0017655639
0.0011130729
0.0020726183
0.0018423274
0.0016888002
0.002571582
0.0016504184
0.0021877638
0.0015736547
0.0012666001
0.0011514546
0.0010363092
0.010247947
0.0008444001
0.0004989637
0.0019574729
0.00053734554
0.010708529
0.006294619
0.0074460735
0.009748983
0.02379673
0.006640055
0.0011130729
0.0052583097
0.004720964
0.0048744916
0.0011514546
0.0037998005
0.002609964
0.004797728
0.0052583097
0.0021110002
0.0010363092
0.0037998005
0.005987564
0.004951255
0.003032164
0.0015736547
0.0021493821
0.007599601
0.0013433638
0.0008444001
0.00061410916
0.00053734554
0.0019190911
0.0005757273
0.000652491
0.0008827819
0.00038381823
0.0011514546
0.0005757273
0.0008444001
0.0008827819
0.00030705458
0.0004989637
0.00053734554
0.00095954555
0.0014585092
0.004951255
0.00019190912
0.00080601824
0.00046058185
0.0006908728
0.0007292546
0.00076763646
0.00046058185
0.0009979274
0.0010746911
0.0010363092
0.0010746911
0.00046058185
0.0008444001
0.0009211637
0.00038381823
0.0003454364
0.00046058185
0.0004989637
0.0009211637
0.0003454364
0.00046058185
0.0007292546
0.0003454364
0.0008444001
0.00080601824
0.0010746911
0.00042220004
0.0011130729
0.0009211637
0.000652491
0.000652491
0.0005757273
0.00061410916
0.0003454364
0.0006908728
0.00061410916
0.00046058185
0.00046058185
0.00046058185
0.0007292546
0.00076763646
0.00080601824
0.00023029093
0.00076763646
0.0014585092
0.0011130729
0.0013433638
0.0007292546
0.001496891
0.00076763646
0.00061410916
0.0009979274
0.001304982
0.00076763646
0.0011898365
0.0007292546
0.0012282183
0.0011898365
0.0015352729
0.0011514546
0.0009979274
0.00076763646
0.0005757273
0.0007292546
0.0010363092
0.0012282183
0.0008444001
0.000652491
0.0009211637
0.001727182
0.00061410916
0.00061410916
0.00076763646
0.0009211637
0.0008444001
0.0013817456
0.000652491
0.00030705458
0.00061410916
0.00095954555
0.0009211637
0.0009979274
0.00076763646
0.00046058185
0.0018807093
0.0011514546
0.0019958548
0.0016504184
0.002379673
0.002571582
0.0015736547
0.0015736547
0.0011130729
0.00061410916
0.0009211637
0.0011130729
0.002993782
0.0028786366
0.0033008368
0.0037998005
0.0054886006
0.0042987643
0.005373455
0.004529055
0.0052966913
0.003876564
0.0041452367
0.0028786366
0.0026867276
0.003032164
0.004337146
0.004490673
0.0065249098
0.006256237
0.0058724186
0.01792431
0.0
0.0
0.0
0.0
0.0
0.0
0.0
0.0
0.0
0.0
0.0
0.0
0.0
0.0
0.0
0.0
0.0
0.0
0.0
0.0
0.0
0.0
0.0
0.0
0.0
0.0
0.0
0.0
0.0
0.0
0.0
0.0
0.0
0.0
0.0
0.0
0.0
0.0
0.0
0.0
0.0
0.0
0.0
0.0
0.0
0.0
0.0
0.0
0.0
0.0
0.0
0.0
0.0
0.0
0.0
0.0
0.0
0.0
0.0
0.0
0.0
0.0
0.0
0.0
0.0
0.0
0.0
0.0
0.0
0.0
0.0
0.0
0.0
0.0
0.0
0.0
0.0
0.0
0.0
0.0
0.0
0.0
0.0
0.0
0.0
0.0
0.0
0.0
0.0
0.0
0.0
0.0
0.0
0.0
0.0
0.0
0.0
0.0
0.0
0.0
0.0
0.0
0.0
0.0
0.0
0.0
0.0
0.0
0.0
0.0
0.0
0.0
0.16300456
0.0013834635
0.0037841797
0.044840496
0.006754557
0.008666992
0.046875
0.011555989
0.00022379558
4.0690105e-05
8.138021e-05
4.0690105e-05
0.00010172526
4.0690105e-05
0.0014851888
0.0027872722
0.13580322
0.0013020834
0.006245931
0.02290853
0.012634277
0.010803223
0.024251303
0.0132039385
0.0015258789
0.0010579427
0.0013224283
0.0015258789
0.0015055338
0.0013834635
0.003967285
0.05222575
0.037597656
0.001953125
0.0020548503
0.00197347
0.0012207031
0.0007527669
0.0002644857
0.00020345052
0.00095621747
0.0004679362
0.0007527669
0.0028279622
0.0021565754
0.0016276041
0.012430827
0.016092936
0.021931967
0.0011800131
0.0020955403
0.0010782877
0.0029296875
0.0016479492
0.0052083335
0.0029907227
0.00020345052
0.00016276042
0.00014241536
0.00014241536
0.0005289714
0.00044759116
0.00030517578
0.0006713867
0.019632975
0.0010782877
0.0018920898
0.0018717448
0.003540039
0.0021565754
0.0032755535
0.00071207684
0.0018717448
0.00022379558
0.00040690103
0.0005289714
0.0010782877
0.0012410482
0.00040690103
0.0017496744
0.014404297
0.001200358
0.0029093425
0.002380371
0.0035807292
0.0018310547
0.005859375
0.003133138
0.0010782877
0.000386556
0.0004272461
0.00034586588
0.0010172526
0.00095621747
0.00061035156
0.001546224
0.009847005
0.003458659
0.0025431316
0.0002644857
0.00061035156
0.00083414715
0.0004272461
0.0010172526
0.0014444987
0.0026041667
0.001566569
0.00091552734
0.0010375977
0.0018717448
0.007710775
0.0055135093
0.028340658
0.0069986978
0.009806315
0.008870442
0.00970459
0.004740397
0.006958008
0.00390625
0.0061035156
0.0050455728
0.0047810874
0.0056966147
0.006612142
0.0043538413
0.0047200522
0.008361816
0.0040690103
0.002339681
0.0030110676
0.0037231445
0.004211426
0.0020751953
0.002726237
0.002298991
0.0028279622
0.0019124349
0.0020141602
0.0017903646
0.0026041667
0.0014648438
0.0016479492
0.0029500325
122.0
10.795082
1317.0
0.069855735
0.0007593014
0.0098709185
0.0022779044
0.0015186028
0.0
0.0015186028
0.0007593014
0.0030372057
0.0022779044
0.0015186028
0.0015186028
0.0007593014
0.0030372057
0.012148823
0.006833713
0.028853456
0.0022779044
0.00531511
0.039483674
0.004555809
0.0015186028
0.0015186028
0.0030372057
0.0015186028
0.0015186028
0.004555809
0.0007593014
0.0098709185
0.0060744113
0.0075930143
0.0022779044
0.034927867
0.014426728
0.006833713
0.006833713
0.0075930143
0.03264996
0.0075930143
0.01063022
0.0075930143
0.0060744113
0.0015186028
0.004555809
0.009111618
0.008352316
0.0037965071
0.0030372057
0.00531511
0.0015186028
0.0060744113
0.008352316
0.006833713
0.0037965071
0.0015186028
0.011389522
0.0022779044
0.0015186028
0.0022779044
0.0030372057
0.0030372057
0.0015186028
0.0
0.0022779044
0.0022779044
0.03796507
0.0060744113
0.020501139
0.022779044
0.076689444
0.006833713
0.009111618
0.029612755
0.028094154
0.025816249
0.0015186028
0.03189066
0.012148823
0.022019742
0.030372057
0.006833713
0.0030372057
0.028853456
0.044798784
0.044798784
0.013667426
0.006833713
0.0060744113
0.009111618
0.00531511
0.0
0.0
0.0
0.0015186028
0.0
0.0007593014
5.608502
0.0
0.0
0.0
1.0
26054.0
24576.0
0.0
0.0
30.0
0.0
1.0
0.0
0.0
0.0
1384181500.0
0.0
0.0
0.0
0.0
0.0
1.0
0.0
0.0
0.0
0.0
0.0
0.0
-1.0
0.0
0.0
0.0
0.0
0.0
0.0
0.0
0.0
0.0
0.0
0.0
0.0
0.0
0.0
0.0
-1.0
0.0
0.0
0.0
0.0
0.0
0.0
0.0
0.0
0.0
0.0
0.0
0.0
-1.0
0.0
0.0
0.0
0.0
0.0
0.0
0.0
0.0
0.0
0.0
9.0
0.0
5.0
0.0
5.0
0.0
4096.0
1024.0
4096.0
4.0
0.0
0.0
1.0
1.0
0.0
0.0
0.0
0.0
0.0
0.0
0.0
0.0
0.0
0.0
0.0
0.0
0.0
0.0
1536.0
0.0
0.0
0.0
0.0
0.0
0.0
0.0
0.0
0.0
0.0
0.0
0.0
0.0
0.0
0.0
0.0
0.0
-512.0
0.0
0.0
0.0
0.0
0.0
0.0
0.0
0.0
-4096.0
0.0
8192.0
0.0
0.0
0.0
0.0
0.0
0.0
0.0
0.0
0.0
0.0
0.0
0.0
0.0
0.0
0.0
0.0
0.0
0.0
0.0
0.0
5.8300624
0.0
0.0
0.0
0.0
0.0
0.0
0.0
0.0
0.0
0.0
0.0
0.0
0.0
0.0
0.0
0.0
0.0
-5.8814797
0.0
0.0
0.0
0.0
0.0
0.0
0.0
0.0
-7.00477
0.0
5.325907
0.0
0.0
0.0
0.0
0.0
0.0
0.0
0.0
0.0
0.0
0.0
0.0
0.0
0.0
0.0
0.0
0.0
0.0
0.0
0.0
1108.0
0.0
0.0
0.0
0.0
0.0
0.0
0.0
0.0
0.0
0.0
0.0
0.0
0.0
0.0
0.0
0.0
0.0
-208.0
0.0
0.0
0.0
0.0
0.0
0.0
0.0
0.0
-3706.0
0.0
7952.0
0.0
0.0
0.0
0.0
0.0
0.0
0.0
0.0
0.0
-1.0
0.0
0.0
0.0
0.0
0.0
1.0
0.0
0.0
0.0
0.0
0.0
0.0
0.0
0.0
0.0
0.0
0.0
0.0
0.0
0.0
0.0
0.0
0.0
0.0
0.0
0.0
0.0
0.0
0.0
0.0
0.0
0.0
0.0
0.0
0.0
-2.0
0.0
0.0
0.0
1.0
0.0
0.0
0.0
0.0
0.0
0.0
0.0
0.0
0.0
0.0
0.0
0.0
0.0
0.0
0.0
0.0
0.0
0.0
0.0
-1.0
0.0
0.0
0.0
0.0
0.0
0.0
0.0
0.0
0.0
1.0
0.0
0.0
0.0
0.0
1.0
0.0
0.0
0.0
0.0
0.0
0.0
0.0
0.0
0.0
0.0
0.0
0.0
0.0
0.0
0.0
0.0
0.0
0.0
0.0
0.0
0.0
0.0
0.0
0.0
0.0
0.0
0.0
0.0
0.0
0.0
0.0
0.0
0.0
0.0
0.0
0.0
0.0
0.0
0.0
0.0
0.0
0.0
0.0
0.0
0.0
0.0
0.0
0.0
0.0
0.0
0.0
-1.0
0.0
0.0
0.0
0.0
0.0
0.0
0.0
0.0
0.0
0.0
0.0
0.0
0.0
0.0
0.0
0.0
0.0
0.0
0.0
0.0
0.0
0.0
-1.0
0.0
0.0
0.0
0.0
0.0
0.0
0.0
0.0
0.0
0.0
0.0
0.0
0.0
0.0
0.0
0.0
0.0
0.0
0.0
0.0
0.0
0.0
0.0
0.0
0.0
0.0
0.0
0.0
0.0
0.0
0.0
0.0
0.0
0.0
0.0
0.0
0.0
0.0
0.0
0.0
0.0
0.0
0.0
0.0
0.0
0.0
0.0
0.0
0.0
0.0
0.0
0.0
0.0
0.0
0.0
0.0
0.0
0.0
0.0
0.0
0.0
0.0
0.0
1.0
0.0
0.0
0.0
0.0
0.0
0.0
0.0
0.0
0.0
0.0
0.0
0.0
0.0
0.0
0.0
0.0
0.0
0.0
0.0
0.0
0.0
0.0
0.0
0.0
0.0
0.0
0.0
0.0
0.0
0.0
0.0
0.0
0.0
0.0
0.0
0.0
0.0
0.0
0.0
0.0
0.0
0.0
0.0
0.0
0.0
0.0
0.0
0.0
0.0
0.0
0.0
0.0
0.0
0.0
0.0
0.0
0.0
0.0
0.0
0.0
0.0
0.0
0.0
0.0
0.0
0.0
0.0
0.0
0.0
0.0
0.0
0.0
0.0
0.0
0.0
0.0
0.0
0.0
0.0
0.0
0.0
0.0
0.0
0.0
0.0
0.0
0.0
0.0
0.0
0.0
0.0
0.0
0.0
0.0
0.0
0.0
0.0
0.0
0.0
0.0
0.0
0.0
0.0
0.0
0.0
0.0
0.0
0.0
0.0
0.0
0.0
0.0
0.0
0.0
0.0
0.0
0.0
0.0
0.0
0.0
0.0
0.0
0.0
0.0
0.0
0.0
0.0
0.0
0.0
0.0
0.0
0.0
0.0
0.0
0.0
0.0
0.0
0.0
0.0
0.0
0.0
0.0
0.0
0.0
0.0
0.0
0.0
0.0
0.0
0.0
0.0
1.0
0.0
0.0
0.0
0.0
0.0
0.0
0.0
0.0
0.0
0.0
0.0
0.0
0.0
0.0
0.0
0.0
0.0
0.0
0.0
0.0
0.0
0.0
0.0
0.0
0.0
0.0
0.0
0.0
1.0
0.0
0.0
0.0
0.0
0.0
0.0
0.0
0.0
0.0
0.0
0.0
0.0
0.0
0.0
0.0
0.0
0.0
0.0
0.0
0.0
0.0
0.0
0.0
0.0
0.0
0.0
0.0
0.0
0.0
0.0
0.0
0.0
0.0
0.0
0.0
0.0
0.0
0.0
0.0
0.0
0.0
0.0
0.0
0.0
1.0
0.0
0.0
0.0
0.0
0.0
0.0
0.0
0.0
0.0
0.0
0.0
0.0
0.0
0.0
0.0
0.0
0.0
0.0
0.0
0.0
0.0
0.0
0.0
0.0
0.0
0.0
0.0
0.0
0.0
1.0
0.0
0.0
0.0
0.0
0.0
0.0
0.0
0.0
0.0
0.0
0.0
0.0
0.0
0.0
0.0
0.0
0.0
0.0
0.0
0.0
0.0
0.0
0.0
0.0
0.0
0.0
0.0
0.0
0.0
0.0
0.0
0.0
0.0
0.0
0.0
0.0
0.0
0.0
0.0
0.0
0.0
0.0
0.0
0.0
0.0
0.0
0.0
0.0
0.0
0.0
0.0
0.0
0.0
0.0
0.0
0.0
0.0
0.0
0.0
0.0
-1.0
0.0
0.0
0.0
0.0
0.0
0.0
0.0
0.0
0.0
0.0
0.0
0.0
0.0
0.0
0.0
0.0
0.0
0.0
0.0
0.0
0.0
0.0
0.0
0.0
0.0
0.0
0.0
0.0
0.0
0.0
0.0
0.0
0.0
0.0
0.0
0.0
0.0
0.0
0.0
0.0
0.0
0.0
0.0
0.0
0.0
0.0
0.0
0.0
0.0
0.0
0.0
0.0
0.0
0.0
0.0
0.0
0.0
0.0
0.0
0.0
0.0
0.0
0.0
0.0
0.0
0.0
0.0
0.0
0.0
0.0
0.0
0.0
0.0
0.0
0.0
0.0
0.0
0.0
0.0
0.0
0.0
0.0
-2.0
0.0
0.0
0.0
0.0
0.0
0.0
0.0
0.0
0.0
0.0
0.0
0.0
0.0
0.0
0.0
0.0
0.0
0.0
-1.0
0.0
0.0
0.0
0.0
0.0
0.0
0.0
0.0
0.0
0.0
0.0
0.0
0.0
0.0
0.0
0.0
0.0
0.0
0.0
0.0
0.0
0.0
0.0
0.0
0.0
0.0
0.0
0.0
0.0
0.0
0.0
0.0
0.0
0.0
0.0
0.0
0.0
0.0
0.0
0.0
0.0
0.0
0.0
0.0
0.0
0.0
0.0
0.0
0.0
0.0
0.0
0.0
0.0
0.0
0.0
-1.0
0.0
0.0
0.0
0.0
0.0
0.0
0.0
0.0
0.0
-1.0
0.0
0.0
0.0
0.0
0.0
0.0
0.0
0.0
0.0
0.0
0.0
0.0
0.0
0.0
0.0
-1.0
0.0
0.0
0.0
0.0
0.0
0.0
0.0
0.0
0.0
0.0
0.0
0.0
0.0
0.0
0.0
0.0
0.0
0.0
0.0
0.0
0.0
0.0
0.0
0.0
0.0
0.0
0.0
0.0
0.0
-1.0
-1.0
0.0
0.0
0.0
0.0
0.0
0.0
0.0
0.0
0.0
0.0
0.0
0.0
0.0
0.0
0.0
1.0
0.0
0.0
0.0
0.0
0.0
0.0
0.0
0.0
0.0
0.0
-1.0
0.0
0.0
0.0
0.0
0.0
0.0
0.0
0.0
0.0
0.0
0.0
0.0
0.0
0.0
0.0
0.0
0.0
0.0
0.0
0.0
0.0
0.0
1.0
0.0
0.0
0.0
0.0
0.0
0.0
0.0
0.0
0.0
0.0
0.0
0.0
0.0
0.0
0.0
0.0
0.0
0.0
0.0
0.0
-1.0
0.0
0.0
0.0
0.0
0.0
0.0
0.0
0.0
0.0
0.0
0.0
0.0
0.0
0.0
0.0
0.0
0.0
0.0
0.0
0.0
0.0
0.0
0.0
0.0
0.0
0.0
0.0
0.0
0.0
0.0
0.0
0.0
0.0
0.0
0.0
0.0
0.0
0.0
0.0
0.0
0.0
0.0
0.0
0.0
0.0
0.0
0.0
0.0
0.0
0.0
0.0
0.0
0.0
0.0
0.0
0.0
0.0
0.0
0.0
0.0
0.0
0.0
0.0
0.0
0.0
0.0
0.0
0.0
0.0
0.0
0.0
0.0
0.0
0.0
0.0
0.0
0.0
0.0
0.0
0.0
0.0
0.0
0.0
0.0
0.0
0.0
0.0
0.0
0.0
0.0
0.0
0.0
0.0
0.0
0.0
0.0
0.0
0.0
0.0
0.0
0.0
0.0
0.0
0.0
0.0
0.0
0.0
0.0
0.0
0.0
0.0
0.0
0.0
0.0
0.0
0.0
0.0
0.0
0.0
0.0
0.0
0.0
0.0
0.0
0.0
0.0
0.0
0.0
0.0
0.0
0.0
0.0
0.0
0.0
0.0
0.0
0.0
0.0
0.0
0.0
0.0
0.0
0.0
0.0
0.0
0.0
0.0
0.0
0.0
0.0
0.0
0.0
0.0
0.0
0.0
0.0
0.0
0.0
0.0
1.0
0.0
0.0
0.0
0.0
0.0
0.0
0.0
0.0
0.0
0.0
0.0
0.0
0.0
0.0
0.0
0.0
0.0
0.0
0.0
0.0
0.0
0.0
0.0
0.0
0.0
0.0
0.0
0.0
0.0
0.0
0.0
0.0
0.0
0.0
0.0
0.0
0.0
0.0
0.0
0.0
0.0
0.0
0.0
0.0
1.0
0.0
0.0
0.0
0.0
0.0
0.0
0.0
0.0
0.0
0.0
0.0
0.0
0.0
0.0
0.0
0.0
0.0
0.0
0.0
0.0
0.0
0.0
0.0
0.0
0.0
0.0
0.0
0.0
0.0
0.0
0.0
0.0
0.0
0.0
0.0
0.0
0.0
0.0
0.0
0.0
0.0
0.0
0.0
0.0
0.0
0.0
0.0
0.0
0.0
0.0
0.0
0.0
0.0
0.0
0.0
0.0
0.0
0.0
0.0
0.0
0.0
0.0
0.0
0.0
0.0
0.0
0.0
0.0
0.0
0.0
0.0
0.0
0.0
0.0
0.0
0.0
0.0
0.0
0.0
0.0
0.0
0.0
0.0
0.0
0.0
0.0
0.0
0.0
0.0
0.0
0.0
0.0
0.0
0.0
0.0
0.0
0.0
0.0
0.0
0.0
0.0
0.0
0.0
0.0
-1.0
0.0
0.0
0.0
0.0
0.0
0.0
0.0
0.0
0.0
0.0
-1.0
0.0
0.0
0.0
0.0
0.0
0.0
0.0
0.0
0.0
0.0
0.0
0.0
0.0
0.0
0.0
0.0
0.0
0.0
0.0
0.0
0.0
0.0
0.0
0.0
0.0
0.0
0.0
0.0
0.0
0.0
0.0
0.0
0.0
0.0
0.0
0.0
0.0
0.0
0.0
0.0
0.0
0.0
0.0
-1.0
0.0
0.0
0.0
0.0
0.0
0.0
0.0
0.0
0.0
0.0
0.0
0.0
0.0
0.0
0.0
0.0
0.0
0.0
1.0
0.0
0.0
0.0
0.0
0.0
0.0
0.0
0.0
1.0
0.0
0.0
0.0
-1.0
0.0
0.0
0.0
0.0
0.0
0.0
0.0
0.0
0.0
0.0
0.0
0.0
0.0
0.0
0.0
0.0
0.0
0.0
0.0
0.0
0.0
0.0
0.0
0.0
0.0
0.0
0.0
0.0
0.0
0.0
0.0
0.0
0.0
0.0
0.0
0.0
0.0
0.0
0.0
0.0
0.0
0.0
0.0
0.0
0.0
0.0
0.0
0.0
0.0
0.0
1.0
0.0
0.0
0.0
0.0
0.0
0.0
0.0
0.0
0.0
0.0
0.0
0.0
0.0
0.0
0.0
0.0
0.0
0.0
0.0
0.0
-1.0
0.0
0.0
0.0
0.0
0.0
0.0
0.0
0.0
0.0
0.0
0.0
0.0
0.0
0.0
0.0
0.0
0.0
0.0
0.0
0.0
0.0
0.0
0.0
0.0
0.0
0.0
0.0
0.0
0.0
0.0
0.0
0.0
0.0
0.0
0.0
0.0
0.0
0.0
0.0
0.0
0.0
0.0
0.0
0.0
0.0
0.0
0.0
0.0
0.0
0.0
1.0
0.0
0.0
0.0
0.0
0.0
0.0
0.0
0.0
0.0
0.0
0.0
0.0
0.0
0.0
0.0
0.0
0.0
0.0
0.0
0.0
0.0
0.0
0.0
0.0
0.0
0.0
0.0
0.0
-1.0
0.0
0.0
0.0
-1.0
0.0
0.0
0.0
0.0
0.0
0.0
0.0
0.0
0.0
0.0
0.0
0.0
0.0
0.0
0.0
0.0
0.0
0.0
0.0
0.0
0.0
0.0
0.0
0.0
0.0
0.0
0.0
0.0
0.0
0.0
0.0
0.0
0.0
0.0
0.0
0.0
0.0
0.0
0.0
0.0
0.0
0.0
0.0
0.0
0.0
0.0
0.0
0.0
0.0
0.0
0.0
0.0
0.0
0.0
0.0
0.0
0.0
0.0
0.0
0.0
0.0
0.0
0.0
0.0
0.0
0.0
0.0
0.0
0.0
0.0
0.0
0.0
0.0
0.0
0.0
0.0
0.0
0.0
0.0
0.0
0.0
0.0
0.0
0.0
0.0
0.0
0.0
0.0
0.0
0.0
0.0
0.0
0.0
0.0
0.0
0.0
0.0
0.0
0.0
0.0
0.0
0.0
0.0
0.0
0.0
0.0
0.0
0.0
0.0
0.0
0.0
0.0
0.0
0.0
0.0
0.0
0.0
0.0
0.0
0.0
0.0
0.0
0.0
0.0
0.0
0.0
0.0
0.0
0.0
0.0
0.0
0.0
0.0
0.0
0.0
0.0
80.0
8576.0
7952.0
16384.0
0.0
0.0
0.0
0.0
0.0
0.0
0.0
0.0
0.0
0.0
0.0
0.0
0.0
0.0
0.0
0.0
92.0
640.0
132.0
8192.0
0.0
0.0
0.0
0.0
