0.38159773
0.0061055636
0.002681883
0.008587732
0.0030527818
0.005363766
0.0028530671
0.0030813124
0.003024251
0.0017689016
0.0017403709
0.0018259629
0.0009985735
0.0018259629
0.0011982882
0.0029101283
0.0014550642
0.0010271041
0.0013980028
0.0011126961
0.0014550642
0.0039372323
0.00074179744
0.0009415121
0.0011697575
0.0005991441
0.0018830242
0.0014265336
0.001997147
0.0017974322
0.0016547788
0.0010841655
0.003994294
0.0014265336
0.002425107
0.0014265336
0.00079885876
0.0011697575
0.0011126961
0.00068473606
0.0016262482
0.0011126961
0.0008844508
0.0014550642
0.0013409415
0.0011697575
0.0047931527
0.0014550642
0.0065335236
0.0039372323
0.0047931527
0.005278174
0.004336662
0.004336662
0.0040228246
0.0040228246
0.0040228246
0.004593438
0.0046219686
0.0013409415
0.001911555
0.0011982882
0.0010556348
0.00034236803
0.0040228246
0.0017689016
0.0020256776
0.0057061343
0.0020256776
0.0023965763
0.0015977175
0.0011982882
0.013666191
0.0017403709
0.0012268189
0.0009985735
0.0013980028
0.0013694721
0.0017974322
0.0013124108
0.0125820255
0.0010841655
0.0033095577
0.0011982882
0.0010841655
0.0010841655
0.0022824537
0.0016833096
0.00091298146
0.00068473606
0.0010841655
0.00039942938
0.0047360915
0.00045649073
0.00091298146
0.00091298146
0.00079885876
0.006733238
0.00382311
0.004336662
0.0056776037
0.015121255
0.004422254
0.0013124108
0.017061342
0.0034522112
0.003024251
0.0008844508
0.0036804564
0.0018544936
0.0037375179
0.0033380885
0.001997147
0.001911555
0.0033951497
0.004051355
0.004422254
0.0049643368
0.0013124108
0.0012553495
0.0044507845
0.0010841655
0.0012553495
0.00054208277
0.0012268189
0.00037089872
0.00079885876
0.00054208277
0.0025677604
0.0011412269
0.00074179744
0.0015691869
0.00074179744
0.0011982882
0.00068473606
0.00054208277
0.0014265336
0.0016262482
0.0026533525
0.004308131
0.0013124108
0.0014550642
0.0017974322
0.00068473606
0.0010556348
0.0013409415
0.0007132668
0.00068473606
0.0013124108
0.00037089872
0.0009415121
0.0004850214
0.0008273894
0.0009415121
0.0014835949
0.00054208277
0.00051355205
0.0005706134
0.0011412269
0.00054208277
0.00074179744
0.0009415121
0.00037089872
0.0012553495
0.0007703281
0.0007132668
0.0008273894
0.00051355205
0.0009415121
0.00034236803
0.0011412269
0.00051355205
0.0007703281
0.00062767474
0.00068473606
0.0010556348
0.00054208277
0.00051355205
0.0006562054
0.00062767474
0.0006562054
0.00079885876
0.00054208277
0.0006562054
0.00091298146
0.00068473606
0.0014835949
0.0008273894
0.0012268189
0.00079885876
0.00085592014
0.0015121255
0.0018830242
0.0009985735
0.0009985735
0.0011126961
0.0009700428
0.0013980028
0.0013409415
0.0014550642
0.0013124108
0.0009985735
0.0013124108
0.001997147
0.0008844508
0.00054208277
0.0017118403
0.0017118403
0.0011126961
0.0010271041
0.00045649073
0.0010271041
0.0012268189
0.0006562054
0.0009700428
0.0005991441
0.0009415121
0.0005706134
0.00068473606
0.0012268189
0.0011697575
0.0008844508
0.0009700428
0.00091298146
0.0021398002
0.0010841655
0.0013694721
0.0012553495
0.0028815977
0.0033380885
0.0029671898
0.0018544936
0.013780314
0.0012838802
0.00051355205
0.0035378032
0.002510699
0.0018830242
0.0026248216
0.0031669044
0.0046219686
0.0034236806
0.004850214
0.004422254
0.0045649074
0.0037089873
0.0031669044
0.0024821684
0.0031383738
0.0020542082
0.0036804564
0.0049643368
0.0047360915
0.0053352355
0.007703281
0.06544936
0.0
0.0
0.0
0.0
0.0
0.0
0.0
0.0
0.0
0.0
0.0
0.0
0.0
0.0
0.0
0.0
0.0
0.0
0.0
0.0
0.0
0.0
0.0
0.0
0.0
0.0
0.0
0.0
0.0
0.0
0.0
0.0
0.0
0.0
0.0
0.0
0.0
0.0
0.0
0.0
0.0
0.0
0.0
0.0
0.0
0.0
0.0
0.0
0.0
0.0
0.0
0.0
0.0
0.0
0.0
0.0
0.0
0.0
0.0
0.0
0.0
0.0
0.0
0.0
0.0
0.0
0.0
0.0
0.0
0.0
0.0
0.0
0.0
0.0
0.0
0.0
0.0
0.0
0.0
0.0
0.0
0.0
0.0
0.0
0.0
0.0
0.0
0.0
0.0
0.0
0.0
0.0
0.0
0.0
0.0
0.0
0.022179807
0.00026633524
0.00029592804
0.00019235323
0.00017755682
0.00013316762
0.00038470645
0.00056226325
0.00029592804
0.00014796402
0.00023674243
0.00038470645
0.00026633524
0.00036991003
0.0025301846
0.032182172
0.09013968
0.00075461646
0.001657197
0.024266098
0.002944484
0.0029296875
0.014811198
0.0028113164
0.0017163826
0.0009765625
0.0009617661
0.0010653409
0.0009173769
0.0007694129
0.0030480586
0.032049004
0.1024059
0.0008285985
0.00427616
0.018243963
0.008700284
0.0073538115
0.01837713
0.008212003
0.0011541193
0.00044389206
0.00038470645
0.00042909564
0.00053267047
0.00014796402
0.0013464725
0.008981416
0.076083094
0.0028113164
0.0037286931
0.002544981
0.0065104165
0.003758286
0.012576941
0.006110914
0.0019235322
0.00062144885
0.0010653409
0.0021306819
0.002470999
0.001435251
0.011200876
0.016542377
0.0
0.0
0.0
0.0
0.0
0.0
0.0
0.0
0.0
0.0
0.0
0.0
0.0
0.0
0.0
0.0
0.027654475
0.001805161
0.0013612689
0.0010061553
0.003950639
0.003758286
0.004779238
0.0023082385
0.0019087358
0.0008285985
0.00081380206
0.00057705963
0.0012724905
0.0009469697
0.0033439868
0.0042909565
0.012147846
0.004424124
0.0048088306
0.0014500474
0.0007102273
0.0006510417
0.00044389206
0.00073982007
0.0009025805
0.0020123105
0.0018643466
0.0028261128
0.002944484
0.0022194602
0.007013494
0.015447443
0.09055398
0.013464726
0.011156486
0.007294626
0.02195786
0.015891336
0.025952889
0.012384588
0.017208215
0.008833452
0.007294626
0.006303267
0.012724905
0.009070194
0.019398082
0.023541074
0.0
0.0
0.0
0.0
0.0
0.0
0.0
0.0
0.0
0.0
0.0
0.0
0.0
0.0
0.0
0.0
0.0
0.0
0.0
0.0
0.0
0.0
0.0
0.0
0.0
0.0
0.0
0.0
0.0
0.0
0.0
0.0
117.0
11.0
1287.0
0.045066044
0.0023310024
0.013986014
0.0031080032
0.0023310024
0.0023310024
0.0007770008
0.0031080032
0.0031080032
0.0023310024
0.0054390053
0.0
0.0007770008
0.0031080032
0.013986014
0.008547009
0.010878011
0.0031080032
0.0054390053
0.0054390053
0.010878011
0.003885004
0.0054390053
0.0062160064
0.0093240095
0.0054390053
0.011655011
0.0007770008
0.01942502
0.0046620048
0.013986014
0.0023310024
0.0054390053
0.017094018
0.0093240095
0.010878011
0.0062160064
0.007770008
0.008547009
0.0093240095
0.0054390053
0.0062160064
0.0015540016
0.0007770008
0.0054390053
0.008547009
0.0023310024
0.0007770008
0.013986014
0.0015540016
0.0046620048
0.0031080032
0.003885004
0.0015540016
0.0046620048
0.0093240095
0.0007770008
0.0007770008
0.003885004
0.0015540016
0.0007770008
0.0015540016
0.0023310024
0.0007770008
0.0023310024
0.038073037
0.0054390053
0.026418027
0.027195027
0.08469308
0.0093240095
0.012432013
0.012432013
0.037296038
0.0054390053
0.003885004
0.030303031
0.017094018
0.035742037
0.041181043
0.0093240095
0.0054390053
0.04195804
0.05361305
0.051282052
0.021756021
0.008547009
0.006993007
0.0093240095
0.0054390053
0.0007770008
0.0
0.0031080032
0.0007770008
0.0015540016
0.0007770008
5.680411
0.0
0.0
0.0
2.0
35050.0
40960.0
0.0
0.0
32.0
1.0
1.0
0.0
0.0
0.0
1380718500.0
0.0
0.0
0.0
0.0
0.0
1.0
0.0
0.0
0.0
0.0
0.0
0.0
-1.0
1.0
-1.0
-1.0
0.0
0.0
0.0
0.0
0.0
0.0
0.0
0.0
0.0
0.0
0.0
0.0
-1.0
0.0
0.0
0.0
0.0
0.0
0.0
0.0
0.0
0.0
0.0
0.0
0.0
-1.0
0.0
0.0
0.0
0.0
0.0
0.0
0.0
0.0
0.0
0.0
8.0
0.0
5.0
0.0
5.0
0.0
11776.0
1024.0
4096.0
5.0
0.0
0.0
1.0
1.0
0.0
0.0
0.0
0.0
0.0
-1024.0
0.0
0.0
0.0
0.0
0.0
0.0
0.0
0.0
1536.0
0.0
0.0
0.0
0.0
0.0
0.0
0.0
0.0
0.0
0.0
0.0
0.0
0.0
0.0
0.0
0.0
0.0
-1024.0
0.0
0.0
0.0
0.0
0.0
0.0
0.0
0.0
-11776.0
0.0
11264.0
0.0
0.0
0.0
0.0
0.0
0.0
0.0
0.0
0.0
0.0
0.0
-5.4755807
0.0
0.0
0.0
0.0
0.0
0.0
0.0
0.0
4.990076
0.0
0.0
0.0
0.0
0.0
0.0
0.0
0.0
0.0
0.0
0.0
0.0
0.0
0.0
0.0
0.0
0.0
-3.7623165
0.0
0.0
0.0
0.0
0.0
0.0
0.0
0.0
-6.145203
0.0
5.0728364
0.0
0.0
0.0
0.0
0.0
0.0
0.0
0.0
0.0
0.0
0.0
-542.0
0.0
0.0
0.0
0.0
0.0
0.0
0.0
0.0
1222.0
0.0
0.0
0.0
0.0
0.0
0.0
0.0
0.0
0.0
0.0
0.0
0.0
0.0
0.0
0.0
0.0
0.0
-1563.0
0.0
0.0
0.0
0.0
0.0
0.0
0.0
0.0
-11471.0
0.0
10952.0
0.0
0.0
0.0
0.0
0.0
0.0
0.0
0.0
0.0
-1.0
0.0
0.0
0.0
0.0
0.0
1.0
0.0
0.0
0.0
0.0
0.0
0.0
0.0
0.0
0.0
0.0
0.0
0.0
0.0
0.0
0.0
0.0
0.0
0.0
0.0
0.0
0.0
0.0
0.0
0.0
0.0
0.0
0.0
0.0
0.0
-2.0
0.0
0.0
0.0
1.0
0.0
0.0
0.0
0.0
0.0
0.0
0.0
0.0
0.0
0.0
0.0
0.0
0.0
0.0
0.0
0.0
0.0
0.0
0.0
-1.0
0.0
0.0
0.0
0.0
0.0
0.0
0.0
0.0
0.0
1.0
0.0
0.0
0.0
0.0
1.0
0.0
0.0
0.0
0.0
0.0
0.0
0.0
0.0
0.0
0.0
0.0
0.0
0.0
0.0
0.0
0.0
0.0
0.0
0.0
0.0
0.0
0.0
0.0
0.0
0.0
0.0
0.0
0.0
0.0
0.0
0.0
0.0
0.0
0.0
0.0
0.0
0.0
0.0
0.0
0.0
0.0
0.0
0.0
0.0
0.0
0.0
0.0
0.0
0.0
0.0
0.0
-1.0
0.0
0.0
0.0
0.0
0.0
0.0
0.0
0.0
0.0
0.0
0.0
0.0
0.0
0.0
0.0
0.0
0.0
0.0
0.0
0.0
0.0
0.0
-1.0
0.0
0.0
0.0
0.0
0.0
0.0
0.0
0.0
0.0
0.0
0.0
0.0
0.0
0.0
0.0
0.0
0.0
0.0
0.0
0.0
0.0
0.0
0.0
0.0
0.0
0.0
0.0
0.0
0.0
0.0
0.0
0.0
0.0
0.0
0.0
0.0
0.0
0.0
0.0
0.0
0.0
0.0
0.0
0.0
0.0
0.0
0.0
0.0
0.0
0.0
0.0
0.0
0.0
0.0
0.0
0.0
0.0
0.0
0.0
0.0
0.0
0.0
0.0
1.0
0.0
0.0
0.0
0.0
0.0
0.0
0.0
0.0
0.0
0.0
0.0
0.0
0.0
0.0
0.0
0.0
0.0
0.0
0.0
0.0
0.0
0.0
0.0
0.0
0.0
0.0
0.0
0.0
0.0
0.0
0.0
0.0
0.0
0.0
0.0
0.0
0.0
0.0
0.0
0.0
0.0
0.0
0.0
0.0
0.0
0.0
0.0
0.0
0.0
0.0
0.0
0.0
0.0
0.0
0.0
0.0
0.0
0.0
0.0
0.0
0.0
0.0
0.0
0.0
0.0
0.0
0.0
0.0
0.0
0.0
0.0
0.0
0.0
0.0
0.0
0.0
0.0
0.0
0.0
0.0
0.0
0.0
0.0
0.0
0.0
0.0
0.0
0.0
0.0
0.0
0.0
0.0
0.0
0.0
0.0
0.0
0.0
0.0
0.0
0.0
0.0
0.0
0.0
0.0
0.0
0.0
0.0
0.0
0.0
0.0
0.0
0.0
0.0
0.0
0.0
0.0
0.0
0.0
0.0
0.0
0.0
0.0
0.0
0.0
0.0
0.0
0.0
0.0
0.0
0.0
0.0
0.0
0.0
0.0
0.0
0.0
0.0
0.0
0.0
0.0
0.0
0.0
0.0
0.0
0.0
0.0
0.0
0.0
0.0
0.0
-1.0
1.0
0.0
0.0
0.0
0.0
0.0
0.0
0.0
0.0
0.0
0.0
0.0
0.0
0.0
0.0
0.0
0.0
0.0
0.0
0.0
0.0
0.0
0.0
0.0
0.0
0.0
0.0
0.0
0.0
-1.0
0.0
0.0
0.0
0.0
0.0
0.0
0.0
0.0
1.0
0.0
0.0
0.0
0.0
0.0
0.0
0.0
0.0
0.0
0.0
0.0
0.0
0.0
0.0
0.0
0.0
0.0
0.0
0.0
0.0
0.0
0.0
0.0
0.0
0.0
0.0
0.0
0.0
0.0
0.0
0.0
0.0
0.0
0.0
0.0
1.0
0.0
0.0
0.0
0.0
0.0
0.0
0.0
0.0
0.0
0.0
0.0
0.0
0.0
0.0
0.0
0.0
0.0
0.0
0.0
0.0
0.0
0.0
0.0
0.0
0.0
0.0
0.0
0.0
0.0
0.0
0.0
0.0
0.0
0.0
0.0
0.0
0.0
0.0
0.0
0.0
0.0
0.0
0.0
0.0
0.0
0.0
0.0
0.0
0.0
0.0
0.0
0.0
0.0
0.0
0.0
0.0
0.0
0.0
0.0
0.0
0.0
0.0
0.0
0.0
0.0
0.0
0.0
0.0
0.0
0.0
0.0
0.0
0.0
0.0
0.0
0.0
0.0
0.0
0.0
0.0
0.0
0.0
0.0
0.0
0.0
0.0
0.0
0.0
0.0
0.0
0.0
0.0
0.0
0.0
0.0
0.0
0.0
0.0
0.0
0.0
0.0
0.0
0.0
0.0
0.0
0.0
0.0
0.0
0.0
0.0
0.0
0.0
0.0
0.0
0.0
0.0
0.0
0.0
0.0
0.0
0.0
0.0
0.0
0.0
0.0
0.0
0.0
0.0
0.0
0.0
0.0
0.0
0.0
-1.0
0.0
0.0
0.0
0.0
0.0
0.0
0.0
0.0
0.0
0.0
0.0
0.0
0.0
0.0
0.0
0.0
0.0
0.0
0.0
0.0
0.0
0.0
-1.0
0.0
0.0
0.0
0.0
0.0
0.0
0.0
1.0
0.0
0.0
0.0
0.0
0.0
0.0
0.0
0.0
-1.0
0.0
0.0
0.0
0.0
0.0
0.0
0.0
0.0
0.0
0.0
0.0
0.0
0.0
0.0
0.0
0.0
0.0
0.0
-1.0
0.0
0.0
0.0
0.0
0.0
0.0
0.0
0.0
0.0
0.0
0.0
0.0
0.0
0.0
0.0
0.0
0.0
0.0
0.0
0.0
0.0
0.0
0.0
0.0
0.0
0.0
0.0
0.0
0.0
0.0
0.0
0.0
0.0
0.0
0.0
0.0
0.0
0.0
0.0
0.0
0.0
0.0
-1.0
0.0
0.0
0.0
0.0
0.0
0.0
0.0
0.0
0.0
0.0
0.0
0.0
0.0
0.0
0.0
0.0
0.0
0.0
0.0
0.0
0.0
0.0
0.0
0.0
0.0
0.0
0.0
0.0
0.0
0.0
0.0
0.0
0.0
0.0
0.0
0.0
0.0
0.0
-1.0
0.0
0.0
0.0
0.0
0.0
0.0
0.0
0.0
0.0
0.0
0.0
0.0
0.0
0.0
0.0
0.0
0.0
0.0
0.0
0.0
0.0
0.0
0.0
0.0
0.0
0.0
0.0
0.0
0.0
0.0
0.0
0.0
0.0
0.0
0.0
0.0
0.0
0.0
0.0
0.0
0.0
0.0
0.0
0.0
0.0
0.0
1.0
0.0
0.0
0.0
0.0
0.0
0.0
0.0
0.0
0.0
0.0
0.0
0.0
0.0
0.0
0.0
0.0
0.0
0.0
0.0
0.0
0.0
0.0
0.0
0.0
0.0
0.0
0.0
0.0
0.0
0.0
0.0
0.0
0.0
0.0
0.0
0.0
0.0
0.0
0.0
0.0
0.0
0.0
0.0
0.0
0.0
0.0
0.0
0.0
0.0
0.0
0.0
0.0
0.0
0.0
-1.0
0.0
0.0
0.0
0.0
0.0
0.0
0.0
0.0
0.0
0.0
0.0
0.0
0.0
0.0
0.0
0.0
0.0
0.0
0.0
0.0
0.0
0.0
0.0
0.0
0.0
0.0
0.0
0.0
0.0
0.0
0.0
0.0
0.0
0.0
0.0
0.0
0.0
0.0
0.0
0.0
0.0
0.0
0.0
0.0
-1.0
0.0
0.0
0.0
0.0
0.0
0.0
0.0
0.0
0.0
0.0
0.0
0.0
0.0
0.0
0.0
0.0
0.0
0.0
0.0
0.0
0.0
0.0
0.0
0.0
0.0
0.0
0.0
0.0
0.0
0.0
0.0
0.0
0.0
0.0
0.0
0.0
0.0
0.0
0.0
0.0
0.0
-1.0
0.0
0.0
0.0
0.0
0.0
0.0
0.0
0.0
0.0
0.0
0.0
0.0
0.0
0.0
-1.0
0.0
0.0
0.0
0.0
-1.0
0.0
0.0
0.0
0.0
0.0
0.0
0.0
0.0
0.0
-1.0
0.0
0.0
0.0
0.0
0.0
0.0
0.0
0.0
0.0
0.0
0.0
0.0
0.0
0.0
0.0
0.0
0.0
0.0
0.0
0.0
0.0
0.0
0.0
0.0
0.0
0.0
0.0
0.0
0.0
0.0
0.0
0.0
0.0
0.0
0.0
0.0
0.0
0.0
0.0
0.0
0.0
0.0
1.0
0.0
0.0
0.0
0.0
0.0
0.0
0.0
0.0
0.0
0.0
0.0
1.0
0.0
0.0
0.0
0.0
0.0
0.0
0.0
0.0
0.0
0.0
0.0
0.0
0.0
0.0
0.0
0.0
0.0
0.0
0.0
0.0
0.0
0.0
0.0
0.0
0.0
0.0
0.0
0.0
0.0
0.0
0.0
0.0
0.0
0.0
0.0
0.0
0.0
0.0
0.0
0.0
0.0
0.0
0.0
0.0
0.0
0.0
0.0
0.0
0.0
0.0
0.0
0.0
0.0
0.0
0.0
0.0
0.0
0.0
0.0
0.0
0.0
0.0
0.0
0.0
0.0
0.0
0.0
0.0
0.0
0.0
0.0
0.0
0.0
0.0
0.0
0.0
0.0
0.0
0.0
0.0
0.0
0.0
0.0
0.0
0.0
0.0
0.0
0.0
0.0
0.0
0.0
0.0
0.0
0.0
0.0
0.0
0.0
0.0
0.0
0.0
0.0
0.0
0.0
0.0
0.0
0.0
0.0
0.0
0.0
0.0
0.0
0.0
1.0
0.0
0.0
0.0
0.0
0.0
0.0
0.0
0.0
0.0
0.0
0.0
0.0
0.0
0.0
0.0
0.0
0.0
0.0
0.0
0.0
0.0
0.0
0.0
0.0
-1.0
0.0
0.0
0.0
0.0
0.0
0.0
0.0
0.0
0.0
0.0
0.0
0.0
0.0
0.0
0.0
0.0
0.0
0.0
0.0
0.0
-1.0
0.0
0.0
0.0
0.0
0.0
0.0
0.0
0.0
0.0
0.0
0.0
0.0
0.0
0.0
0.0
1.0
0.0
0.0
0.0
0.0
0.0
0.0
0.0
0.0
0.0
0.0
0.0
0.0
0.0
0.0
0.0
1.0
0.0
0.0
0.0
0.0
0.0
0.0
0.0
0.0
0.0
0.0
0.0
0.0
0.0
0.0
0.0
0.0
0.0
0.0
0.0
0.0
1.0
0.0
0.0
0.0
0.0
0.0
0.0
0.0
0.0
1.0
0.0
0.0
0.0
0.0
0.0
0.0
0.0
0.0
0.0
0.0
0.0
0.0
0.0
0.0
0.0
0.0
0.0
0.0
0.0
0.0
0.0
0.0
0.0
0.0
0.0
0.0
0.0
0.0
-1.0
0.0
0.0
0.0
0.0
0.0
0.0
0.0
0.0
0.0
0.0
0.0
0.0
0.0
0.0
0.0
0.0
0.0
0.0
0.0
0.0
0.0
0.0
0.0
0.0
0.0
0.0
0.0
0.0
0.0
0.0
0.0
0.0
0.0
0.0
0.0
0.0
0.0
0.0
0.0
0.0
0.0
0.0
0.0
0.0
0.0
0.0
0.0
0.0
0.0
0.0
0.0
0.0
0.0
0.0
0.0
0.0
0.0
0.0
0.0
0.0
0.0
0.0
0.0
0.0
0.0
0.0
0.0
0.0
0.0
0.0
0.0
0.0
0.0
0.0
0.0
0.0
0.0
0.0
0.0
0.0
0.0
0.0
0.0
0.0
0.0
0.0
0.0
0.0
0.0
0.0
0.0
0.0
0.0
0.0
0.0
0.0
0.0
0.0
0.0
0.0
0.0
0.0
0.0
0.0
0.0
0.0
0.0
0.0
0.0
0.0
0.0
0.0
0.0
0.0
0.0
0.0
0.0
0.0
0.0
0.0
0.0
0.0
0.0
0.0
0.0
0.0
0.0
0.0
0.0
0.0
-1.0
0.0
0.0
0.0
0.0
0.0
0.0
0.0
0.0
0.0
0.0
0.0
0.0
0.0
0.0
0.0
0.0
0.0
0.0
0.0
0.0
0.0
0.0
0.0
0.0
0.0
0.0
0.0
0.0
0.0
0.0
0.0
0.0
0.0
0.0
0.0
0.0
0.0
0.0
0.0
0.0
0.0
0.0
0.0
0.0
0.0
0.0
0.0
0.0
0.0
0.0
0.0
0.0
0.0
0.0
0.0
0.0
0.0
0.0
0.0
0.0
0.0
0.0
0.0
0.0
0.0
0.0
0.0
0.0
0.0
0.0
0.0
0.0
0.0
0.0
0.0
0.0
0.0
0.0
0.0
0.0
0.0
0.0
0.0
0.0
0.0
0.0
0.0
0.0
0.0
0.0
0.0
0.0
0.0
0.0
0.0
0.0
0.0
0.0
0.0
0.0
0.0
0.0
0.0
0.0
0.0
0.0
0.0
0.0
0.0
0.0
0.0
0.0
0.0
0.0
0.0
0.0
0.0
0.0
0.0
0.0
0.0
0.0
0.0
0.0
0.0
0.0
0.0
0.0
0.0
0.0
0.0
0.0
0.0
0.0
0.0
0.0
80.0
16848.0
10952.0
24576.0
0.0
0.0
0.0
0.0
444.0
36864.0
0.0
0.0
0.0
0.0
0.0
0.0
0.0
0.0
0.0
0.0
0.0
0.0
140.0
16384.0
0.0
0.0
0.0
0.0
