0.39748245
0.005398315
0.0023712225
0.007592957
0.0026991575
0.004742445
0.002522577
0.0027243833
0.0026739317
0.0015639978
0.001538772
0.0016144493
0.00088290195
0.0016144493
0.0010594823
0.0025730287
0.0012865143
0.00090812775
0.0012360627
0.000983805
0.0012865143
0.0034811564
0.00065587
0.00083245046
0.0010342567
0.00052974117
0.0016649009
0.0012612885
0.0017658039
0.0015892235
0.0014630947
0.0009585793
0.0035316078
0.0012612885
0.0021441905
0.0012612885
0.00070632156
0.0010342567
0.000983805
0.0006054185
0.0014378689
0.000983805
0.0007819989
0.0012865143
0.0011856112
0.0010342567
0.004742445
0.0012865143
0.008248827
0.0054739923
0.0068614096
0.0069118612
0.006155088
0.0059785075
0.006155088
0.005852379
0.0059280563
0.006483023
0.005171283
0.0011856112
0.0016901266
0.0010594823
0.0009333535
0.00030270926
0.0035568336
0.0015892235
0.0017658039
0.006155088
0.002194642
0.0021441905
0.0014378689
0.0010847081
0.012083144
0.0015639978
0.0010847081
0.00088290195
0.0012865143
0.001210837
0.0016144493
0.0011351596
0.011149791
0.0010090308
0.0029009636
0.0010594823
0.0010090308
0.0013874174
0.0020432875
0.0015639978
0.00080722466
0.00063064427
0.000983805
0.00035316078
0.0065839263
0.00040361233
0.00080722466
0.00090812775
0.00070632156
0.008879472
0.00572625
0.006710055
0.008425407
0.017077846
0.006634378
0.0011856112
0.015085011
0.0039099944
0.0026739317
0.00080722466
0.0037838656
0.0023207709
0.0042379294
0.00393522
0.0021441905
0.0017405782
0.0035568336
0.0049694767
0.0041874778
0.0044901874
0.00131174
0.0015135462
0.004389284
0.0009585793
0.0011603854
0.00047928965
0.0010847081
0.000327935
0.00070632156
0.00047928965
0.0022703193
0.0010090308
0.00065587
0.0013874174
0.00065587
0.0010594823
0.0006054185
0.00047928965
0.0012612885
0.0014378689
0.0023459967
0.0038090914
0.0011603854
0.0012865143
0.0015892235
0.0006054185
0.0009333535
0.0011856112
0.00063064427
0.0006054185
0.0011603854
0.000327935
0.00083245046
0.0004288381
0.00073154736
0.00083245046
0.00131174
0.00047928965
0.00045406388
0.0005045154
0.0010090308
0.00047928965
0.00065587
0.00083245046
0.000327935
0.001109934
0.0006810958
0.00063064427
0.00073154736
0.00045406388
0.00083245046
0.00030270926
0.0010090308
0.00045406388
0.0006810958
0.000554967
0.0006054185
0.0009333535
0.00047928965
0.00045406388
0.0005801927
0.000554967
0.0005801927
0.00070632156
0.00047928965
0.0005801927
0.00080722466
0.0006054185
0.00131174
0.00073154736
0.0010847081
0.00070632156
0.0007567731
0.0013369658
0.0016649009
0.00088290195
0.00088290195
0.000983805
0.0008576762
0.0012360627
0.0011856112
0.0012865143
0.0011603854
0.00088290195
0.0011603854
0.0017658039
0.0007819989
0.00047928965
0.0015135462
0.0015135462
0.000983805
0.00090812775
0.00040361233
0.00090812775
0.0010847081
0.0005801927
0.0008576762
0.00052974117
0.00083245046
0.0005045154
0.0006054185
0.0010847081
0.0010342567
0.0007819989
0.0008576762
0.00080722466
0.0018919328
0.0009585793
0.001210837
0.001109934
0.0025478029
0.0029514153
0.00262348
0.0016396751
0.012184047
0.0011351596
0.00045406388
0.0031279956
0.002219868
0.0016649009
0.0023207709
0.0028000604
0.004086575
0.0030270924
0.004288381
0.0039099944
0.0040361234
0.0032793502
0.0028000604
0.002194642
0.0027748349
0.0018162555
0.0032541244
0.004389284
0.0041874778
0.004717219
0.006810958
0.05786792
0.0
0.0
0.0
0.0
0.0
0.0
0.0
0.0
0.0
0.0
0.0
0.0
0.0
0.0
0.0
0.0
0.0
0.0
0.0
0.0
0.0
0.0
0.0
0.0
0.0
0.0
0.0
0.0
0.0
0.0
0.0
0.0
0.0
0.0
0.0
0.0
0.0
0.0
0.0
0.0
0.0
0.0
0.0
0.0
0.0
0.0
0.0
0.0
0.0
0.0
0.0
0.0
0.0
0.0
0.0
0.0
0.0
0.0
0.0
0.0
0.0
0.0
0.0
0.0
0.0
0.0
0.0
0.0
0.0
0.0
0.0
0.0
0.0
0.0
0.0
0.0
0.0
0.0
0.0
0.0
0.0
0.0
0.0
0.0
0.0
0.0
0.0
0.0
0.0
0.0
0.0
0.0
0.0
0.0
0.0
0.0
0.019781988
0.00023754223
0.0002639358
0.00017155828
0.00015836148
0.00011877112
0.00034311655
0.00050147803
0.0002639358
0.0001319679
0.00021114865
0.00034311655
0.00023754223
0.00032991977
0.0022566512
0.028703019
0.13667916
0.0006730363
0.00213788
0.04182063
0.0045133024
0.0061365077
0.03424567
0.007047086
0.0015308277
0.0008709882
0.0008577914
0.00095016893
0.000818201
0.0006862331
0.0027185387
0.028584247
0.09133498
0.0007390203
0.0038138726
0.016271643
0.0077597126
0.006558805
0.016390413
0.0073242188
0.0010293496
0.0003959037
0.00034311655
0.00038270693
0.00047508447
0.0001319679
0.001200908
0.008010452
0.0678579
0.0025073902
0.0033255913
0.002269848
0.0058065876
0.0033519848
0.011217272
0.0054502743
0.0017155828
0.0005542652
0.00095016893
0.0019003379
0.002203864
0.0012800887
0.00998997
0.014754012
0.0
0.0
0.0
0.0
0.0
0.0
0.0
0.0
0.0
0.0
0.0
0.0
0.0
0.0
0.0
0.0
0.0246648
0.0016100084
0.0012141047
0.00089738175
0.003523543
0.0033519848
0.0042625633
0.0020586993
0.001702386
0.0007390203
0.00072582345
0.0005146748
0.001134924
0.0008445946
0.0029824746
0.0038270692
0.010834565
0.0039458405
0.004288957
0.0012932855
0.0006334459
0.0005806588
0.0003959037
0.00065983954
0.0008050042
0.0017947635
0.0016627957
0.002520587
0.0026261613
0.0019795187
0.006255279
0.01377745
0.08076436
0.01200908
0.00995038
0.006506018
0.019584037
0.014173353
0.023147171
0.011045714
0.015347867
0.007878484
0.006506018
0.005621833
0.01134924
0.008089633
0.017300993
0.020996094
0.0
0.0
0.0
0.0
0.0
0.0
0.0
0.0
0.0
0.0
0.0
0.0
0.0
0.0
0.0
0.0
0.0
0.0
0.0
0.0
0.0
0.0
0.0
0.0
0.0
0.0
0.0
0.0
0.0
0.0
0.0
0.0
117.0
11.0
1287.0
0.045066044
0.0023310024
0.013986014
0.0031080032
0.0023310024
0.0023310024
0.0007770008
0.0031080032
0.0031080032
0.0023310024
0.0054390053
0.0
0.0007770008
0.0031080032
0.013986014
0.008547009
0.010878011
0.0031080032
0.0054390053
0.0054390053
0.010878011
0.003885004
0.0054390053
0.0062160064
0.0093240095
0.0054390053
0.011655011
0.0007770008
0.01942502
0.0046620048
0.013986014
0.0023310024
0.0054390053
0.017094018
0.0093240095
0.010878011
0.0062160064
0.007770008
0.008547009
0.0093240095
0.0054390053
0.0062160064
0.0015540016
0.0007770008
0.0054390053
0.008547009
0.0023310024
0.0007770008
0.013986014
0.0015540016
0.0046620048
0.0031080032
0.003885004
0.0015540016
0.0046620048
0.0093240095
0.0007770008
0.0007770008
0.003885004
0.0015540016
0.0007770008
0.0015540016
0.0023310024
0.0007770008
0.0023310024
0.038073037
0.0054390053
0.026418027
0.027195027
0.08469308
0.0093240095
0.012432013
0.012432013
0.037296038
0.0054390053
0.003885004
0.030303031
0.017094018
0.035742037
0.041181043
0.0093240095
0.0054390053
0.04195804
0.05361305
0.051282052
0.021756021
0.008547009
0.006993007
0.0093240095
0.0054390053
0.0007770008
0.0
0.0031080032
0.0007770008
0.0015540016
0.0007770008
5.680411
0.0
0.0
0.0
2.0
39642.0
40960.0
0.0
0.0
32.0
1.0
1.0
0.0
0.0
0.0
1380718500.0
0.0
0.0
0.0
0.0
0.0
1.0
0.0
0.0
0.0
0.0
0.0
0.0
-1.0
1.0
-1.0
-1.0
0.0
0.0
0.0
0.0
0.0
0.0
0.0
0.0
0.0
0.0
0.0
0.0
-1.0
0.0
0.0
0.0
0.0
0.0
0.0
0.0
0.0
0.0
0.0
0.0
0.0
-1.0
0.0
0.0
0.0
0.0
0.0
0.0
0.0
0.0
0.0
0.0
8.0
0.0
5.0
0.0
5.0
0.0
11776.0
1024.0
4096.0
5.0
0.0
0.0
1.0
1.0
0.0
0.0
0.0
0.0
0.0
-1024.0
0.0
0.0
0.0
0.0
0.0
0.0
0.0
0.0
1536.0
0.0
0.0
0.0
0.0
0.0
0.0
0.0
0.0
0.0
0.0
0.0
0.0
0.0
0.0
0.0
0.0
0.0
-1024.0
0.0
0.0
0.0
0.0
0.0
0.0
0.0
0.0
-11776.0
0.0
11264.0
0.0
0.0
0.0
0.0
0.0
0.0
0.0
0.0
0.0
0.0
0.0
-5.4755807
0.0
0.0
0.0
0.0
0.0
0.0
0.0
0.0
4.990076
0.0
0.0
0.0
0.0
0.0
0.0
0.0
0.0
0.0
0.0
0.0
0.0
0.0
0.0
0.0
0.0
0.0
-3.7623165
0.0
0.0
0.0
0.0
0.0
0.0
0.0
0.0
-6.145203
0.0
5.0728364
0.0
0.0
0.0
0.0
0.0
0.0
0.0
0.0
0.0
0.0
0.0
-542.0
0.0
0.0
0.0
0.0
0.0
0.0
0.0
0.0
1222.0
0.0
0.0
0.0
0.0
0.0
0.0
0.0
0.0
0.0
0.0
0.0
0.0
0.0
0.0
0.0
0.0
0.0
-1563.0
0.0
0.0
0.0
0.0
0.0
0.0
0.0
0.0
-11471.0
0.0
10952.0
0.0
0.0
0.0
0.0
0.0
0.0
0.0
0.0
0.0
-1.0
0.0
0.0
0.0
0.0
0.0
1.0
0.0
0.0
0.0
0.0
0.0
0.0
0.0
0.0
0.0
0.0
0.0
0.0
0.0
0.0
0.0
0.0
0.0
0.0
0.0
0.0
0.0
0.0
0.0
0.0
0.0
0.0
0.0
0.0
0.0
-2.0
0.0
0.0
0.0
1.0
0.0
0.0
0.0
0.0
0.0
0.0
0.0
0.0
0.0
0.0
0.0
0.0
0.0
0.0
0.0
0.0
0.0
0.0
0.0
-1.0
0.0
0.0
0.0
0.0
0.0
0.0
0.0
0.0
0.0
1.0
0.0
0.0
0.0
0.0
1.0
0.0
0.0
0.0
0.0
0.0
0.0
0.0
0.0
0.0
0.0
0.0
0.0
0.0
0.0
0.0
0.0
0.0
0.0
0.0
0.0
0.0
0.0
0.0
0.0
0.0
0.0
0.0
0.0
0.0
0.0
0.0
0.0
0.0
0.0
0.0
0.0
0.0
0.0
0.0
0.0
0.0
0.0
0.0
0.0
0.0
0.0
0.0
0.0
0.0
0.0
0.0
-1.0
0.0
0.0
0.0
0.0
0.0
0.0
0.0
0.0
0.0
0.0
0.0
0.0
0.0
0.0
0.0
0.0
0.0
0.0
0.0
0.0
0.0
0.0
-1.0
0.0
0.0
0.0
0.0
0.0
0.0
0.0
0.0
0.0
0.0
0.0
0.0
0.0
0.0
0.0
0.0
0.0
0.0
0.0
0.0
0.0
0.0
0.0
0.0
0.0
0.0
0.0
0.0
0.0
0.0
0.0
0.0
0.0
0.0
0.0
0.0
0.0
0.0
0.0
0.0
0.0
0.0
0.0
0.0
0.0
0.0
0.0
0.0
0.0
0.0
0.0
0.0
0.0
0.0
0.0
0.0
0.0
0.0
0.0
0.0
0.0
0.0
0.0
1.0
0.0
0.0
0.0
0.0
0.0
0.0
0.0
0.0
0.0
0.0
0.0
0.0
0.0
0.0
0.0
0.0
0.0
0.0
0.0
0.0
0.0
0.0
0.0
0.0
0.0
0.0
0.0
0.0
0.0
0.0
0.0
0.0
0.0
0.0
0.0
0.0
0.0
0.0
0.0
0.0
0.0
0.0
0.0
0.0
0.0
0.0
0.0
0.0
0.0
0.0
0.0
0.0
0.0
0.0
0.0
0.0
0.0
0.0
0.0
0.0
0.0
0.0
0.0
0.0
0.0
0.0
0.0
0.0
0.0
0.0
0.0
0.0
0.0
0.0
0.0
0.0
0.0
0.0
0.0
0.0
0.0
0.0
0.0
0.0
0.0
0.0
0.0
0.0
0.0
0.0
0.0
0.0
0.0
0.0
0.0
0.0
0.0
0.0
0.0
0.0
0.0
0.0
0.0
0.0
0.0
0.0
0.0
0.0
0.0
0.0
0.0
0.0
0.0
0.0
0.0
0.0
0.0
0.0
0.0
0.0
0.0
0.0
0.0
0.0
0.0
0.0
0.0
0.0
0.0
0.0
0.0
0.0
0.0
0.0
0.0
0.0
0.0
0.0
0.0
0.0
0.0
0.0
0.0
0.0
0.0
0.0
0.0
0.0
0.0
0.0
-1.0
1.0
0.0
0.0
0.0
0.0
0.0
0.0
0.0
0.0
0.0
0.0
0.0
0.0
0.0
0.0
0.0
0.0
0.0
0.0
0.0
0.0
0.0
0.0
0.0
0.0
0.0
0.0
0.0
0.0
-1.0
0.0
0.0
0.0
0.0
0.0
0.0
0.0
0.0
1.0
0.0
0.0
0.0
0.0
0.0
0.0
0.0
0.0
0.0
0.0
0.0
0.0
0.0
0.0
0.0
0.0
0.0
0.0
0.0
0.0
0.0
0.0
0.0
0.0
0.0
0.0
0.0
0.0
0.0
0.0
0.0
0.0
0.0
0.0
0.0
1.0
0.0
0.0
0.0
0.0
0.0
0.0
0.0
0.0
0.0
0.0
0.0
0.0
0.0
0.0
0.0
0.0
0.0
0.0
0.0
0.0
0.0
0.0
0.0
0.0
0.0
0.0
0.0
0.0
0.0
0.0
0.0
0.0
0.0
0.0
0.0
0.0
0.0
0.0
0.0
0.0
0.0
0.0
0.0
0.0
0.0
0.0
0.0
0.0
0.0
0.0
0.0
0.0
0.0
0.0
0.0
0.0
0.0
0.0
0.0
0.0
0.0
0.0
0.0
0.0
0.0
0.0
0.0
0.0
0.0
0.0
0.0
0.0
0.0
0.0
0.0
0.0
0.0
0.0
0.0
0.0
0.0
0.0
0.0
0.0
0.0
0.0
0.0
0.0
0.0
0.0
0.0
0.0
0.0
0.0
0.0
0.0
0.0
0.0
0.0
0.0
0.0
0.0
0.0
0.0
0.0
0.0
0.0
0.0
0.0
0.0
0.0
0.0
0.0
0.0
0.0
0.0
0.0
0.0
0.0
0.0
0.0
0.0
0.0
0.0
0.0
0.0
0.0
0.0
0.0
0.0
0.0
0.0
0.0
-1.0
0.0
0.0
0.0
0.0
0.0
0.0
0.0
0.0
0.0
0.0
0.0
0.0
0.0
0.0
0.0
0.0
0.0
0.0
0.0
0.0
0.0
0.0
-1.0
0.0
0.0
0.0
0.0
0.0
0.0
0.0
1.0
0.0
0.0
0.0
0.0
0.0
0.0
0.0
0.0
-1.0
0.0
0.0
0.0
0.0
0.0
0.0
0.0
0.0
0.0
0.0
0.0
0.0
0.0
0.0
0.0
0.0
0.0
0.0
-1.0
0.0
0.0
0.0
0.0
0.0
0.0
0.0
0.0
0.0
0.0
0.0
0.0
0.0
0.0
0.0
0.0
0.0
0.0
0.0
0.0
0.0
0.0
0.0
0.0
0.0
0.0
0.0
0.0
0.0
0.0
0.0
0.0
0.0
0.0
0.0
0.0
0.0
0.0
0.0
0.0
0.0
0.0
-1.0
0.0
0.0
0.0
0.0
0.0
0.0
0.0
0.0
0.0
0.0
0.0
0.0
0.0
0.0
0.0
0.0
0.0
0.0
0.0
0.0
0.0
0.0
0.0
0.0
0.0
0.0
0.0
0.0
0.0
0.0
0.0
0.0
0.0
0.0
0.0
0.0
0.0
0.0
-1.0
0.0
0.0
0.0
0.0
0.0
0.0
0.0
0.0
0.0
0.0
0.0
0.0
0.0
0.0
0.0
0.0
0.0
0.0
0.0
0.0
0.0
0.0
0.0
0.0
0.0
0.0
0.0
0.0
0.0
0.0
0.0
0.0
0.0
0.0
0.0
0.0
0.0
0.0
0.0
0.0
0.0
0.0
0.0
0.0
0.0
0.0
1.0
0.0
0.0
0.0
0.0
0.0
0.0
0.0
0.0
0.0
0.0
0.0
0.0
0.0
0.0
0.0
0.0
0.0
0.0
0.0
0.0
0.0
0.0
0.0
0.0
0.0
0.0
0.0
0.0
0.0
0.0
0.0
0.0
0.0
0.0
0.0
0.0
0.0
0.0
0.0
0.0
0.0
0.0
0.0
0.0
0.0
0.0
0.0
0.0
0.0
0.0
0.0
0.0
0.0
0.0
-1.0
0.0
0.0
0.0
0.0
0.0
0.0
0.0
0.0
0.0
0.0
0.0
0.0
0.0
0.0
0.0
0.0
0.0
0.0
0.0
0.0
0.0
0.0
0.0
0.0
0.0
0.0
0.0
0.0
0.0
0.0
0.0
0.0
0.0
0.0
0.0
0.0
0.0
0.0
0.0
0.0
0.0
0.0
0.0
0.0
-1.0
0.0
0.0
0.0
0.0
0.0
0.0
0.0
0.0
0.0
0.0
0.0
0.0
0.0
0.0
0.0
0.0
0.0
0.0
0.0
0.0
0.0
0.0
0.0
0.0
0.0
0.0
0.0
0.0
0.0
0.0
0.0
0.0
0.0
0.0
0.0
0.0
0.0
0.0
0.0
0.0
0.0
-1.0
0.0
0.0
0.0
0.0
0.0
0.0
0.0
0.0
0.0
0.0
0.0
0.0
0.0
0.0
-1.0
0.0
0.0
0.0
0.0
-1.0
0.0
0.0
0.0
0.0
0.0
0.0
0.0
0.0
0.0
-1.0
0.0
0.0
0.0
0.0
0.0
0.0
0.0
0.0
0.0
0.0
0.0
0.0
0.0
0.0
0.0
0.0
0.0
0.0
0.0
0.0
0.0
0.0
0.0
0.0
0.0
0.0
0.0
0.0
0.0
0.0
0.0
0.0
0.0
0.0
0.0
0.0
0.0
0.0
0.0
0.0
0.0
0.0
1.0
0.0
0.0
0.0
0.0
0.0
0.0
0.0
0.0
0.0
0.0
0.0
1.0
0.0
0.0
0.0
0.0
0.0
0.0
0.0
0.0
0.0
0.0
0.0
0.0
0.0
0.0
0.0
0.0
0.0
0.0
0.0
0.0
0.0
0.0
0.0
0.0
0.0
0.0
0.0
0.0
0.0
0.0
0.0
0.0
0.0
0.0
0.0
0.0
0.0
0.0
0.0
0.0
0.0
0.0
0.0
0.0
0.0
0.0
0.0
0.0
0.0
0.0
0.0
0.0
0.0
0.0
0.0
0.0
0.0
0.0
0.0
0.0
0.0
0.0
0.0
0.0
0.0
0.0
0.0
0.0
0.0
0.0
0.0
0.0
0.0
0.0
0.0
0.0
0.0
0.0
0.0
0.0
0.0
0.0
0.0
0.0
0.0
0.0
0.0
0.0
0.0
0.0
0.0
0.0
0.0
0.0
0.0
0.0
0.0
0.0
0.0
0.0
0.0
0.0
0.0
0.0
0.0
0.0
0.0
0.0
0.0
0.0
0.0
0.0
1.0
0.0
0.0
0.0
0.0
0.0
0.0
0.0
0.0
0.0
0.0
0.0
0.0
0.0
0.0
0.0
0.0
0.0
0.0
0.0
0.0
0.0
0.0
0.0
0.0
-1.0
0.0
0.0
0.0
0.0
0.0
0.0
0.0
0.0
0.0
0.0
0.0
0.0
0.0
0.0
0.0
0.0
0.0
0.0
0.0
0.0
-1.0
0.0
0.0
0.0
0.0
0.0
0.0
0.0
0.0
0.0
0.0
0.0
0.0
0.0
0.0
0.0
1.0
0.0
0.0
0.0
0.0
0.0
0.0
0.0
0.0
0.0
0.0
0.0
0.0
0.0
0.0
0.0
1.0
0.0
0.0
0.0
0.0
0.0
0.0
0.0
0.0
0.0
0.0
0.0
0.0
0.0
0.0
0.0
0.0
0.0
0.0
0.0
0.0
1.0
0.0
0.0
0.0
0.0
0.0
0.0
0.0
0.0
1.0
0.0
0.0
0.0
0.0
0.0
0.0
0.0
0.0
0.0
0.0
0.0
0.0
0.0
0.0
0.0
0.0
0.0
0.0
0.0
0.0
0.0
0.0
0.0
0.0
0.0
0.0
0.0
0.0
-1.0
0.0
0.0
0.0
0.0
0.0
0.0
0.0
0.0
0.0
0.0
0.0
0.0
0.0
0.0
0.0
0.0
0.0
0.0
0.0
0.0
0.0
0.0
0.0
0.0
0.0
0.0
0.0
0.0
0.0
0.0
0.0
0.0
0.0
0.0
0.0
0.0
0.0
0.0
0.0
0.0
0.0
0.0
0.0
0.0
0.0
0.0
0.0
0.0
0.0
0.0
0.0
0.0
0.0
0.0
0.0
0.0
0.0
0.0
0.0
0.0
0.0
0.0
0.0
0.0
0.0
0.0
0.0
0.0
0.0
0.0
0.0
0.0
0.0
0.0
0.0
0.0
0.0
0.0
0.0
0.0
0.0
0.0
0.0
0.0
0.0
0.0
0.0
0.0
0.0
0.0
0.0
0.0
0.0
0.0
0.0
0.0
0.0
0.0
0.0
0.0
0.0
0.0
0.0
0.0
0.0
0.0
0.0
0.0
0.0
0.0
0.0
0.0
0.0
0.0
0.0
0.0
0.0
0.0
0.0
0.0
0.0
0.0
0.0
0.0
0.0
0.0
0.0
0.0
0.0
0.0
-1.0
0.0
0.0
0.0
0.0
0.0
0.0
0.0
0.0
0.0
0.0
0.0
0.0
0.0
0.0
0.0
0.0
0.0
0.0
0.0
0.0
0.0
0.0
0.0
0.0
0.0
0.0
0.0
0.0
0.0
0.0
0.0
0.0
0.0
0.0
0.0
0.0
0.0
0.0
0.0
0.0
0.0
0.0
0.0
0.0
0.0
0.0
0.0
0.0
0.0
0.0
0.0
0.0
0.0
0.0
0.0
0.0
0.0
0.0
0.0
0.0
0.0
0.0
0.0
0.0
0.0
0.0
0.0
0.0
0.0
0.0
0.0
0.0
0.0
0.0
0.0
0.0
0.0
0.0
0.0
0.0
0.0
0.0
0.0
0.0
0.0
0.0
0.0
0.0
0.0
0.0
0.0
0.0
0.0
0.0
0.0
0.0
0.0
0.0
0.0
0.0
0.0
0.0
0.0
0.0
0.0
0.0
0.0
0.0
0.0
0.0
0.0
0.0
0.0
0.0
0.0
0.0
0.0
0.0
0.0
0.0
0.0
0.0
0.0
0.0
0.0
0.0
0.0
0.0
0.0
0.0
0.0
0.0
0.0
0.0
0.0
0.0
80.0
16848.0
10952.0
24576.0
0.0
0.0
0.0
0.0
444.0
36864.0
0.0
0.0
0.0
0.0
0.0
0.0
0.0
0.0
0.0
0.0
0.0
0.0
140.0
16384.0
0.0
0.0
0.0
0.0
