0.4960037
0.0030141072
0.0063379207
0.0029588025
0.002966545
0.002964333
0.002836026
0.0029676512
0.0032950551
0.0031700665
0.0028094796
0.0029455293
0.0029532718
0.0029333623
0.0028150103
0.0029477414
0.002918983
0.00286036
0.0028304954
0.0027685543
0.003022956
0.0028072675
0.0030118949
0.0027353712
0.003131353
0.0044022556
0.0027265225
0.0028172224
0.0030030461
0.0027298408
0.0027497506
0.0027165678
0.0028824818
0.0026402473
0.0028647843
0.0026822789
0.0027840396
0.0028083737
0.0027519627
0.002848193
0.0030992765
0.0028448747
0.0027442202
0.002917877
0.0028559356
0.0027563872
0.0027132495
0.00278957
0.002766342
0.002813904
0.0027143555
0.0028647843
0.0026988701
0.002778509
0.0027342653
0.002766342
0.0027840396
0.0028758454
0.0026800667
0.002932256
0.0029101341
0.002790676
0.0027762968
0.002801737
0.003645687
0.002836026
0.0027685543
0.0027243104
0.0028570418
0.0032430687
0.002686703
0.0028105858
0.0028006309
0.0028227528
0.002787358
0.002848193
0.0028448747
0.0029278318
0.002826071
0.0026933397
0.0033979218
0.0027165678
0.0027685543
0.0027541749
0.0027021884
0.0029687572
0.0028216466
0.0027364774
0.0029344684
0.0027375836
0.0027541749
0.0028161162
0.0028327077
0.0028216466
0.002801737
0.0027563872
0.0027276287
0.0029864549
0.0027386895
0.002767448
0.0030428655
0.0030030461
0.0027939943
0.002883588
0.0027884638
0.0035461385
0.0028824818
0.0028570418
0.0027508566
0.0029034978
0.002907922
0.0028459807
0.0028293894
0.0027032946
0.0028105858
0.0028935429
0.0039056193
0.0030495021
0.0027818272
0.0028426624
0.0027154617
0.0028415564
0.0028515114
0.0030152132
0.0027364774
0.0028658905
0.0027928883
0.0033027977
0.0009888484
0.0010165008
0.0009479229
0.0013427986
0.0010021215
0.0016569294
0.0011425954
0.00090920954
0.001124898
0.0012023245
0.0009822118
0.0019323468
0.0010441531
0.001124898
0.0010762298
0.0011580808
0.0010806542
0.0009368619
0.0009656204
0.0008881938
0.00095345336
0.00092690706
0.001171354
0.0010165008
0.0009512411
0.0010518958
0.0009888484
0.0009457107
0.0010972456
0.0008992547
0.0009346497
0.00091252784
0.0011116249
0.0011536564
0.0011072004
0.0011625051
0.0010142885
0.00097336306
0.001160293
0.0012355074
0.0015098188
0.00091805833
0.0010850786
0.00089261815
0.0009479229
0.0009423924
0.0009280132
0.0009954849
0.0009280132
0.000937968
0.00091363396
0.0009412863
0.0011536564
0.0010253495
0.00096893864
0.0009634082
0.00097225694
0.0009390741
0.0009866362
0.00093575584
0.00096451427
0.0009855301
0.0009888484
0.0009412863
0.0010828663
0.0011049883
0.0011536564
0.0010076519
0.0009744691
0.00095234724
0.0010353043
0.0010010154
0.0009545594
0.0009899545
0.0010463652
0.00085501093
0.0012001124
0.0009479229
0.0010220312
0.0009932728
0.0009866362
0.0010209251
0.0011868393
0.0010408348
0.0012620536
0.0010109702
0.0009811057
0.0009390741
0.001301873
0.0009976971
0.0011072004
0.00096893864
0.0010430469
0.00096672645
0.000984424
0.0011204736
0.0012100672
0.0010695932
0.0009833178
0.0009578777
0.000937968
0.0009921667
0.0009634082
0.0010452592
0.0012023245
0.0010153946
0.0011735661
0.001102776
0.0011890514
0.00096672645
0.0010817603
0.0009932728
0.0011647174
0.0009788935
0.0009346497
0.0011824148
0.0009545594
0.0009235888
0.0009623021
0.0010662749
0.0011779905
0.0009235888
0.00096672645
0.0011237919
0.0012720085
0.00096893864
0.00089261815
0.0016934305
0.026050165
0.0
1.1084705e-06
1.1084705e-06
3.3254114e-06
1.1084705e-06
3.3254114e-06
2.216941e-06
3.3254114e-06
2.216941e-06
2.216941e-06
2.216941e-06
1.1084705e-06
2.216941e-06
2.9928704e-05
1.1084705e-06
0.0010835299
1.6627057e-06
3.8796466e-06
2.7711762e-06
4.433882e-06
9.4219995e-06
2.7711762e-06
2.7711762e-06
4.9881173e-06
0.0
3.8796466e-06
5.5423527e-07
3.3254114e-06
1.1084705e-06
3.3254114e-06
6.650823e-06
0.0
0.0
0.0
0.0
0.0
0.0
0.0
0.0
0.0
0.0
0.0
0.0
0.0
0.0
0.0
0.0
0.0
0.0
0.0
0.0
0.0
0.0
0.0
0.0
0.0
0.0
0.0
0.0
0.0
0.0
0.0
0.0
0.0
0.0
0.0
0.0
0.0
0.0
0.0
0.0
0.0
0.0
0.0
0.0
0.0
0.0
0.0
0.0
0.0
0.0
0.0
0.0
0.0
0.0
0.0
0.0
0.0
0.0
0.0
0.0
0.0
0.0
0.0
0.0
0.0
0.0
0.0
0.0
0.0
0.0
0.0
0.0
0.0
0.0
0.0
0.0
0.0
0.0
0.0
0.0
0.0015939806
3.4916822e-05
3.2145643e-05
3.2145643e-05
6.4291286e-05
3.7687998e-05
0.00014077575
8.091835e-05
3.3254113e-05
4.212188e-05
2.7711762e-05
2.9374469e-05
3.7133763e-05
3.3254113e-05
2.7711762e-05
2.2723645e-05
0.0
0.0
0.0
0.0
0.0
0.0
0.0
0.0
0.0
0.0
0.0
0.0
0.0
0.0
0.0
0.0
0.0006850348
7.814717e-05
2.2723645e-05
3.048294e-05
4.9881173e-06
1.4964352e-05
4.212188e-05
4.766423e-05
3.2699878e-05
1.4410116e-05
2.8265997e-05
1.6627057e-05
2.4940586e-05
3.4916822e-05
2.8820232e-05
2.8265997e-05
0.5056083
0.043507468
0.043136127
0.042880073
0.04330794
0.043398835
0.043193214
0.043611664
0.014709958
0.014314233
0.014275991
0.0143663315
0.01424828
0.014594123
0.014403465
0.014394044
0.0
0.0
0.0
0.0
0.0
0.0
0.0
0.0
0.0
0.0
0.0
0.0
0.0
0.0
0.0
0.0
0.0
0.0
0.0
0.0
0.0
0.0
0.0
0.0
0.0
0.0
0.0
0.0
0.0
0.0
0.0
0.0
0.002593821
0.00076650735
0.00017402986
0.00019897045
0.0015158334
0.00080474955
0.00030261243
0.00034362584
0.0014598556
6.9279406e-05
0.00049659476
0.00016017398
0.00046943725
0.0002798888
0.0005813928
0.0011339653
0.005126676
0.0019802826
0.0011101332
0.0010336487
0.0007853513
0.0006811551
0.0019564505
0.002388754
0.0016283431
0.0006495637
0.0015995229
0.00053594547
0.0010402995
0.0013578763
0.0010680113
0.0008945357
0.0009887557
0.00087846286
0.0005265235
0.00052098115
0.00045724408
0.00040126633
0.0007925564
0.0004733169
0.0007925564
0.0006351536
0.0007116381
0.00044283396
0.0005021371
0.0006257316
0.0007498803
0.0007166262
194.0
8.5
1649.0
0.00970285
0.0018192844
0.0012128563
0.004244997
0.00060642813
0.0054578534
0.0024257125
0.014554275
0.0024257125
0.0018192844
0.00060642813
0.0060642813
0.008489994
0.0060642813
0.009096422
0.0024257125
0.0018192844
0.0054578534
0.0066707097
0.004244997
0.0018192844
0.0018192844
0.0036385688
0.0018192844
0.004851425
0.015767131
0.0018192844
0.0072771376
0.004244997
0.0054578534
0.0036385688
0.0024257125
0.0030321407
0.025469981
0.0018192844
0.0072771376
0.0036385688
0.0078835655
0.010915707
0.016979989
0.012734991
0.0054578534
0.0024257125
0.014554275
0.012734991
0.0054578534
0.004244997
0.0018192844
0.013947847
0.0030321407
0.0078835655
0.011522135
0.0018192844
0.0018192844
0.009096422
0.0018192844
0.0036385688
0.0012128563
0.010915707
0.004851425
0.0012128563
0.0030321407
0.0018192844
0.00060642813
0.0036385688
0.06367496
0.0066707097
0.017586416
0.03941783
0.078229226
0.0066707097
0.0030321407
0.0030321407
0.03517283
0.0024257125
0.0078835655
0.03941783
0.01637356
0.018192844
0.03335355
0.018799271
0.0030321407
0.04972711
0.024863554
0.05518496
0.02001213
0.0024257125
0.004244997
0.0072771376
0.010309278
0.0018192844
0.008489994
0.004851425
0.0024257125
0.0018192844
0.04548211
5.701091
0.0
0.0
0.0
7.0
904082.0
126976.0
0.0
0.0
2.0
1.0
0.0
0.0
0.0
0.0
1258072400.0
0.0
0.0
0.0
0.0
0.0
1.0
0.0
0.0
0.0
0.0
0.0
0.0
-1.0
1.0
-1.0
-1.0
1.0
0.0
0.0
0.0
0.0
0.0
0.0
0.0
0.0
0.0
0.0
0.0
-1.0
0.0
0.0
0.0
0.0
0.0
0.0
0.0
0.0
0.0
0.0
0.0
0.0
-1.0
0.0
0.0
0.0
0.0
0.0
0.0
0.0
0.0
0.0
0.0
6.0
0.0
4.0
0.0
4.0
0.0
28672.0
1024.0
4096.0
4.0
0.0
0.0
2.0
4.0
0.0
0.0
0.0
0.0
0.0
0.0
0.0
0.0
0.0
0.0
0.0
0.0
0.0
0.0
0.0
0.0
0.0
-512.0
0.0
0.0
0.0
0.0
0.0
-512.0
0.0
0.0
0.0
0.0
-27136.0
0.0
0.0
0.0
0.0
0.0
43008.0
0.0
0.0
0.0
0.0
0.0
0.0
0.0
0.0
0.0
0.0
0.0
0.0
0.0
0.0
0.0
0.0
0.0
0.0
0.0
0.0
0.0
0.0
0.0
0.0
0.0
0.0
0.0
0.0
0.0
0.0
0.0
0.0
-4.19976
0.0
0.0
0.0
0.0
0.0
-2.2809806
0.0
0.0
0.0
0.0
-2.478273
0.0
0.0
0.0
0.0
0.0
6.483652
0.0
0.0
0.0
0.0
0.0
0.0
0.0
0.0
0.0
0.0
0.0
0.0
0.0
0.0
0.0
0.0
0.0
0.0
0.0
0.0
0.0
0.0
0.0
0.0
0.0
0.0
0.0
0.0
0.0
0.0
0.0
0.0
-4096.0
0.0
0.0
0.0
0.0
0.0
-4096.0
0.0
0.0
0.0
0.0
-28672.0
0.0
0.0
0.0
0.0
0.0
86016.0
0.0
0.0
0.0
0.0
0.0
0.0
0.0
0.0
0.0
0.0
0.0
0.0
0.0
0.0
0.0
0.0
0.0
0.0
0.0
0.0
0.0
0.0
0.0
0.0
0.0
0.0
0.0
1.0
0.0
0.0
0.0
0.0
0.0
0.0
0.0
-1.0
0.0
0.0
0.0
0.0
0.0
0.0
0.0
0.0
0.0
0.0
-1.0
0.0
0.0
0.0
0.0
0.0
0.0
0.0
-1.0
0.0
0.0
0.0
0.0
0.0
0.0
0.0
0.0
0.0
0.0
0.0
0.0
0.0
0.0
0.0
0.0
0.0
0.0
0.0
0.0
0.0
0.0
0.0
-1.0
0.0
0.0
0.0
0.0
0.0
0.0
0.0
0.0
0.0
1.0
0.0
0.0
0.0
0.0
1.0
0.0
0.0
0.0
0.0
0.0
0.0
0.0
0.0
1.0
0.0
0.0
0.0
0.0
0.0
0.0
0.0
0.0
0.0
-1.0
0.0
0.0
0.0
0.0
0.0
0.0
0.0
0.0
0.0
0.0
0.0
0.0
0.0
0.0
0.0
0.0
0.0
0.0
0.0
0.0
0.0
0.0
0.0
0.0
0.0
0.0
0.0
0.0
0.0
0.0
0.0
0.0
-1.0
0.0
0.0
0.0
0.0
0.0
0.0
0.0
0.0
0.0
0.0
0.0
0.0
0.0
0.0
0.0
0.0
0.0
0.0
0.0
0.0
0.0
0.0
0.0
0.0
0.0
0.0
0.0
0.0
0.0
0.0
0.0
0.0
0.0
0.0
0.0
0.0
0.0
0.0
0.0
0.0
0.0
0.0
0.0
0.0
0.0
0.0
0.0
0.0
0.0
0.0
0.0
0.0
0.0
0.0
0.0
0.0
0.0
0.0
0.0
0.0
0.0
0.0
0.0
0.0
0.0
0.0
0.0
0.0
0.0
0.0
0.0
0.0
0.0
0.0
0.0
0.0
0.0
0.0
0.0
0.0
0.0
0.0
0.0
0.0
0.0
0.0
1.0
0.0
0.0
0.0
0.0
0.0
0.0
0.0
0.0
0.0
0.0
0.0
0.0
0.0
0.0
0.0
0.0
0.0
0.0
0.0
0.0
0.0
0.0
0.0
0.0
0.0
0.0
0.0
0.0
0.0
0.0
0.0
0.0
0.0
0.0
0.0
0.0
0.0
0.0
0.0
0.0
0.0
0.0
0.0
0.0
0.0
0.0
0.0
0.0
0.0
0.0
0.0
0.0
0.0
0.0
0.0
0.0
0.0
0.0
0.0
0.0
0.0
0.0
0.0
0.0
0.0
0.0
0.0
0.0
0.0
0.0
0.0
0.0
0.0
0.0
0.0
0.0
0.0
0.0
0.0
0.0
0.0
0.0
0.0
0.0
0.0
0.0
0.0
0.0
0.0
0.0
0.0
0.0
0.0
0.0
0.0
0.0
0.0
0.0
0.0
0.0
0.0
0.0
0.0
0.0
0.0
0.0
0.0
0.0
0.0
0.0
0.0
0.0
0.0
0.0
0.0
0.0
0.0
0.0
0.0
0.0
0.0
0.0
0.0
0.0
0.0
0.0
0.0
0.0
0.0
0.0
0.0
0.0
0.0
0.0
0.0
0.0
0.0
0.0
0.0
0.0
0.0
0.0
0.0
0.0
0.0
0.0
0.0
0.0
0.0
0.0
0.0
0.0
0.0
0.0
0.0
0.0
0.0
0.0
0.0
0.0
0.0
0.0
0.0
0.0
0.0
0.0
0.0
0.0
0.0
0.0
0.0
0.0
0.0
0.0
0.0
0.0
0.0
0.0
0.0
0.0
0.0
0.0
0.0
0.0
0.0
0.0
0.0
0.0
0.0
0.0
0.0
0.0
0.0
0.0
0.0
0.0
0.0
0.0
0.0
0.0
0.0
0.0
0.0
0.0
0.0
0.0
0.0
0.0
0.0
0.0
0.0
0.0
0.0
0.0
0.0
0.0
0.0
0.0
0.0
0.0
0.0
0.0
0.0
0.0
0.0
0.0
0.0
0.0
0.0
0.0
0.0
0.0
0.0
0.0
0.0
0.0
0.0
0.0
0.0
0.0
0.0
0.0
0.0
0.0
0.0
0.0
0.0
0.0
0.0
0.0
0.0
0.0
0.0
0.0
0.0
0.0
0.0
0.0
0.0
0.0
0.0
0.0
0.0
0.0
0.0
0.0
0.0
0.0
0.0
0.0
0.0
0.0
0.0
0.0
0.0
0.0
0.0
0.0
0.0
0.0
0.0
0.0
0.0
0.0
0.0
0.0
0.0
0.0
0.0
0.0
0.0
0.0
0.0
0.0
0.0
0.0
0.0
0.0
0.0
0.0
0.0
0.0
0.0
0.0
0.0
0.0
0.0
0.0
0.0
0.0
0.0
0.0
0.0
0.0
0.0
0.0
0.0
0.0
0.0
0.0
0.0
0.0
0.0
0.0
0.0
0.0
0.0
0.0
0.0
0.0
0.0
0.0
0.0
0.0
0.0
0.0
0.0
0.0
0.0
0.0
0.0
0.0
0.0
0.0
0.0
0.0
0.0
0.0
0.0
0.0
0.0
0.0
0.0
0.0
0.0
0.0
0.0
0.0
0.0
0.0
0.0
0.0
0.0
0.0
0.0
0.0
0.0
0.0
0.0
0.0
0.0
0.0
0.0
0.0
0.0
0.0
0.0
0.0
0.0
0.0
0.0
0.0
0.0
0.0
0.0
0.0
0.0
0.0
0.0
0.0
0.0
0.0
0.0
0.0
0.0
0.0
0.0
0.0
0.0
0.0
0.0
0.0
0.0
0.0
0.0
0.0
0.0
0.0
0.0
0.0
0.0
0.0
0.0
0.0
0.0
0.0
0.0
0.0
0.0
0.0
0.0
0.0
0.0
0.0
0.0
0.0
0.0
0.0
0.0
0.0
0.0
0.0
0.0
0.0
0.0
0.0
0.0
0.0
0.0
0.0
0.0
0.0
0.0
0.0
0.0
0.0
0.0
0.0
0.0
0.0
0.0
0.0
0.0
0.0
0.0
0.0
-1.0
0.0
0.0
0.0
0.0
0.0
0.0
0.0
0.0
0.0
0.0
0.0
0.0
0.0
0.0
0.0
0.0
0.0
0.0
0.0
0.0
0.0
0.0
0.0
0.0
0.0
0.0
0.0
0.0
0.0
0.0
0.0
0.0
0.0
0.0
0.0
0.0
0.0
0.0
0.0
0.0
0.0
0.0
0.0
0.0
0.0
0.0
0.0
0.0
0.0
0.0
0.0
0.0
0.0
0.0
0.0
0.0
0.0
0.0
0.0
0.0
0.0
0.0
0.0
0.0
0.0
0.0
0.0
0.0
0.0
0.0
0.0
0.0
0.0
0.0
0.0
0.0
0.0
0.0
0.0
0.0
0.0
0.0
0.0
0.0
0.0
0.0
0.0
0.0
0.0
0.0
0.0
0.0
0.0
0.0
0.0
0.0
0.0
0.0
0.0
0.0
0.0
0.0
0.0
0.0
0.0
0.0
0.0
0.0
0.0
0.0
0.0
0.0
0.0
0.0
0.0
0.0
0.0
0.0
0.0
0.0
0.0
0.0
0.0
0.0
0.0
0.0
0.0
0.0
0.0
0.0
0.0
0.0
0.0
0.0
0.0
0.0
0.0
0.0
0.0
0.0
0.0
0.0
0.0
0.0
0.0
0.0
0.0
0.0
0.0
0.0
0.0
0.0
0.0
0.0
0.0
0.0
0.0
0.0
0.0
0.0
0.0
0.0
0.0
0.0
0.0
0.0
0.0
0.0
0.0
0.0
0.0
0.0
0.0
0.0
0.0
0.0
0.0
0.0
0.0
0.0
0.0
0.0
0.0
0.0
0.0
0.0
0.0
0.0
0.0
0.0
0.0
0.0
0.0
0.0
0.0
0.0
0.0
0.0
0.0
0.0
0.0
0.0
0.0
0.0
0.0
0.0
0.0
0.0
0.0
0.0
0.0
0.0
0.0
0.0
0.0
0.0
0.0
0.0
0.0
0.0
0.0
0.0
0.0
0.0
0.0
0.0
0.0
0.0
0.0
0.0
0.0
0.0
0.0
0.0
0.0
0.0
0.0
0.0
0.0
0.0
0.0
0.0
0.0
0.0
0.0
0.0
0.0
0.0
0.0
0.0
0.0
0.0
0.0
0.0
0.0
0.0
0.0
0.0
0.0
0.0
0.0
0.0
0.0
0.0
0.0
0.0
0.0
0.0
0.0
0.0
0.0
0.0
0.0
0.0
0.0
0.0
0.0
0.0
0.0
0.0
0.0
0.0
0.0
0.0
0.0
0.0
0.0
0.0
0.0
0.0
0.0
0.0
0.0
0.0
0.0
0.0
0.0
0.0
0.0
0.0
0.0
0.0
0.0
0.0
0.0
0.0
0.0
0.0
0.0
0.0
0.0
0.0
0.0
0.0
0.0
0.0
0.0
0.0
0.0
0.0
0.0
0.0
0.0
0.0
0.0
0.0
0.0
0.0
0.0
0.0
0.0
0.0
0.0
0.0
0.0
0.0
0.0
0.0
0.0
0.0
0.0
0.0
0.0
0.0
0.0
0.0
0.0
0.0
0.0
0.0
0.0
0.0
0.0
0.0
0.0
0.0
0.0
0.0
0.0
0.0
0.0
0.0
0.0
0.0
0.0
0.0
0.0
0.0
0.0
0.0
0.0
0.0
0.0
0.0
0.0
0.0
0.0
0.0
0.0
0.0
0.0
0.0
0.0
0.0
0.0
0.0
0.0
0.0
0.0
0.0
0.0
0.0
0.0
0.0
0.0
0.0
0.0
0.0
0.0
0.0
0.0
0.0
0.0
0.0
0.0
0.0
0.0
0.0
0.0
0.0
0.0
0.0
0.0
0.0
0.0
0.0
0.0
0.0
0.0
0.0
0.0
0.0
0.0
0.0
0.0
0.0
0.0
0.0
0.0
0.0
0.0
0.0
0.0
0.0
0.0
0.0
0.0
0.0
0.0
0.0
0.0
0.0
0.0
0.0
0.0
0.0
0.0
0.0
0.0
0.0
0.0
0.0
0.0
0.0
0.0
0.0
0.0
0.0
0.0
0.0
0.0
0.0
0.0
0.0
0.0
0.0
0.0
0.0
0.0
0.0
0.0
0.0
0.0
0.0
0.0
0.0
0.0
0.0
0.0
0.0
0.0
0.0
0.0
0.0
0.0
0.0
0.0
0.0
0.0
0.0
0.0
0.0
0.0
0.0
0.0
0.0
0.0
0.0
0.0
0.0
0.0
0.0
0.0
0.0
0.0
0.0
0.0
0.0
0.0
0.0
0.0
0.0
0.0
0.0
0.0
0.0
0.0
0.0
0.0
0.0
0.0
0.0
0.0
0.0
0.0
0.0
0.0
0.0
0.0
0.0
0.0
0.0
0.0
0.0
0.0
0.0
0.0
0.0
0.0
0.0
0.0
0.0
0.0
0.0
0.0
0.0
0.0
0.0
0.0
0.0
0.0
0.0
0.0
0.0
0.0
0.0
0.0
0.0
0.0
0.0
0.0
0.0
0.0
0.0
0.0
0.0
0.0
0.0
0.0
0.0
0.0
0.0
0.0
0.0
0.0
0.0
0.0
0.0
0.0
0.0
0.0
0.0
0.0
0.0
0.0
0.0
0.0
0.0
0.0
0.0
0.0
0.0
0.0
0.0
0.0
0.0
0.0
0.0
0.0
0.0
0.0
0.0
0.0
0.0
0.0
0.0
0.0
0.0
0.0
0.0
0.0
0.0
0.0
0.0
0.0
0.0
0.0
0.0
0.0
0.0
0.0
0.0
0.0
0.0
0.0
0.0
0.0
0.0
0.0
0.0
0.0
0.0
0.0
0.0
0.0
0.0
0.0
0.0
0.0
0.0
0.0
0.0
0.0
0.0
0.0
0.0
0.0
0.0
0.0
0.0
0.0
0.0
0.0
0.0
0.0
0.0
0.0
0.0
0.0
0.0
0.0
0.0
0.0
0.0
0.0
0.0
0.0
0.0
0.0
0.0
0.0
0.0
0.0
0.0
0.0
0.0
0.0
0.0
0.0
0.0
1.0
0.0
0.0
0.0
0.0
0.0
0.0
0.0
0.0
0.0
0.0
0.0
0.0
0.0
0.0
0.0
0.0
0.0
0.0
0.0
0.0
0.0
0.0
0.0
0.0
0.0
0.0
0.0
0.0
0.0
0.0
0.0
0.0
0.0
0.0
0.0
0.0
0.0
0.0
0.0
0.0
0.0
0.0
0.0
0.0
0.0
0.0
0.0
0.0
0.0
0.0
0.0
0.0
0.0
0.0
0.0
0.0
0.0
0.0
0.0
0.0
0.0
0.0
0.0
0.0
0.0
0.0
0.0
0.0
0.0
0.0
0.0
0.0
0.0
0.0
0.0
0.0
0.0
0.0
0.0
0.0
0.0
0.0
0.0
0.0
0.0
0.0
0.0
0.0
0.0
0.0
0.0
0.0
0.0
0.0
0.0
0.0
0.0
0.0
0.0
0.0
0.0
0.0
0.0
0.0
0.0
0.0
0.0
0.0
0.0
0.0
0.0
0.0
0.0
0.0
0.0
0.0
0.0
0.0
0.0
0.0
0.0
0.0
0.0
0.0
0.0
0.0
0.0
0.0
0.0
0.0
0.0
0.0
0.0
0.0
0.0
0.0
0.0
0.0
0.0
0.0
0.0
0.0
0.0
0.0
0.0
0.0
0.0
0.0
0.0
0.0
0.0
0.0
0.0
0.0
60.0
122880.0
0.0
0.0
0.0
0.0
0.0
0.0
12.0
119008.0
0.0
0.0
0.0
0.0
0.0
0.0
0.0
0.0
0.0
0.0
0.0
0.0
0.0
0.0
0.0
0.0
0.0
0.0
