0.16477928
0.017597701
0.011613738
0.006188041
0.009877122
0.005830907
0.003185757
0.002854132
0.010346106
0.0021683164
0.0023812233
0.0030493787
0.008204281
0.0020299756
0.0019524657
0.01219261
0.0057435855
0.0017022755
0.0017101245
0.00487724
0.003511495
0.0037293078
0.0017807665
0.0016689168
0.0030101333
0.0012872538
0.00138733
0.0014187264
0.0025529226
0.0013696695
0.0017012943
0.001756238
0.004490671
0.0015423498
0.0013912545
0.0013961602
0.008933267
0.0016031804
0.0022036373
0.001338273
0.002519564
0.0012627253
0.001274499
0.0019279374
0.0019357865
0.0017375965
0.001338273
0.0012941218
0.0037067416
0.0021791088
0.0023723932
0.006016342
0.0027560182
0.0022340526
0.0023380532
0.0023351097
0.0031229642
0.0032387385
0.0021535992
0.0049155043
0.0033074182
0.0035134573
0.002590206
0.0049302215
0.008726247
0.003079794
0.002286053
0.0029816802
0.005952568
0.010376521
0.0043758783
0.003044473
0.006058531
0.0038617614
0.001854352
0.002823717
0.008595755
0.0053609414
0.0024165444
0.0020260513
0.0074860873
0.0031376812
0.0024018274
0.004217915
0.0028708116
0.004778145
0.004914523
0.004337614
0.002478356
0.0036351185
0.0014609153
0.0021987315
0.0020554853
0.0043641045
0.0031602473
0.0034388907
0.0017729175
0.0030130767
0.0017591815
0.0019691451
0.0024410728
0.003872554
0.0056552826
0.001677747
0.0039775358
0.0022909585
0.0066011003
0.0011695172
0.002243864
0.0021683164
0.0025431113
0.0024724694
0.0023900536
0.0011430265
0.008445641
0.00261964
0.0096338
0.009987991
0.001974051
0.0018386537
0.0020839383
0.0017307284
0.0011793285
0.0022929208
0.0022006938
0.0032593424
0.0022193354
0.0021271084
0.0035193441
0.0029924726
0.0012470272
0.011161433
0.0052490914
0.00853983
0.0014609153
0.0015031043
0.0029532271
0.010825884
0.0015354819
0.037093908
0.0016836338
0.009365949
0.0013294428
0.0013049144
0.0017111057
0.0009399308
0.0010390257
0.0009909499
0.0014628776
0.0011744229
0.0010213653
0.00096249697
0.0013696695
0.0012666499
0.00094679877
0.001054724
0.001401066
0.0010586486
0.0010841582
0.0012784236
0.0016934453
0.0013539713
0.0010272521
0.0012342724
0.0013343485
0.0012431026
0.0010586486
0.0010017426
0.0015482367
0.0010125351
0.0009909499
0.0011224225
0.001345141
0.001005667
0.0011067244
0.0010929884
0.0019259751
0.001203857
0.0009634781
0.0011871777
0.0014422737
0.0014599342
0.0022968454
0.0025019033
0.002010353
0.0015315573
0.0014972175
0.0010468749
0.001620841
0.0015590292
0.001436387
0.001791559
0.0075518237
0.0034791175
0.0031317943
0.0028511886
0.0026392627
0.0011616681
0.0027638674
0.0071240473
0.002802132
0.0026706592
0.0012843104
0.0019514847
0.0023704309
0.0009605347
0.0027422823
0.0018945786
0.0019662017
0.0015354819
0.0015207648
0.00130982
0.001599256
0.0008810625
0.001259782
0.0012117062
0.002832547
0.0018092196
0.0012568386
0.0018749558
0.0019603148
0.0018867295
0.0012676311
0.001274499
0.0028521698
0.0014913307
0.0013892923
0.0012362347
0.0028119432
0.002195788
0.0011950268
0.0011597058
0.014545379
0.004637842
0.0010507994
0.004921391
0.004707503
0.0010684599
0.0012117062
0.0014000848
0.0038274217
0.0022203166
0.0018347292
0.0015923879
0.00266281
0.0012941218
0.003404551
0.002838434
0.007092651
0.0043866704
0.0024263558
0.0024430351
0.0074095586
0.0027726977
0.0041502165
0.040899742
0.012072435
0.0
0.0
0.0
0.0
0.0
0.0
0.0
0.0040084254
0.0
0.0
0.0
0.0
1.4736858e-05
9.824572e-07
0.0
0.00097361516
0.0
3.4386003e-06
1.9649144e-06
7.368429e-06
9.185975e-05
1.0315801e-05
4.9122864e-06
0.0009166326
0.0
0.0
0.0
0.0
1.9649144e-06
0.0
0.0
0.0
0.0
0.0
0.0
0.0
0.0
0.0
0.0
0.0
0.0
0.0
0.0
0.0
0.0
0.0
0.0
0.0008753694
1.4736859e-06
3.929829e-06
3.929829e-06
1.080703e-05
6.8772006e-06
5.9438662e-05
4.0280745e-05
4.912286e-07
1.9649144e-06
4.912286e-07
0.0
0.0
4.912286e-07
0.0
4.912286e-07
0.004639163
0.00064940425
8.645624e-05
4.0771974e-05
8.3508865e-05
3.3894776e-05
0.00011101767
0.00043866716
0.0007368429
1.7193002e-05
1.0315801e-05
7.368429e-06
7.859658e-06
2.3087745e-05
1.6701773e-05
0.00014000016
0.01223847
0.0012781769
0.0005786673
0.00049908826
0.0025745293
0.0016416861
0.00015178965
0.00027164942
4.224566e-05
1.3263173e-05
2.505266e-05
0.0004411233
0.00015375456
3.3894776e-05
3.978952e-05
0.00013754402
0.0123357335
0.0012821067
0.0008139658
0.00031340387
0.0016259667
0.0009971941
0.0006788779
0.0017743178
0.0009333344
2.3578974e-05
3.4877234e-05
9.235098e-05
3.8807062e-05
0.0001218247
0.0005167725
0.0005496848
0.026693854
0.0017301072
0.0017188089
0.0009839309
0.0020273004
0.0010143871
0.0037485657
0.005620638
0.0005752287
0.00038561446
0.0006459656
0.0013769139
0.0015360719
0.0005988077
0.0011504574
0.0004951584
0.014106613
0.0008699659
0.0012914401
0.0004548777
0.001452563
0.00056540413
0.0023456167
0.0019113705
0.00023087746
0.0002588775
0.00020140373
0.00016701773
0.00094807125
0.00051382516
0.000391018
0.0004480005
0.022088585
0.0014363525
0.0017571248
0.0010910188
0.0052242163
0.0014623876
0.00632113
0.0033482143
0.0006641411
0.00035957934
0.0005098953
0.0005487024
0.0026737575
0.00055508834
0.0005369129
0.0017247037
0.007397412
0.00043473733
0.00053593045
0.00042933383
0.0008950186
0.00051087776
0.0009549484
0.0008606326
0.0009657555
0.00033010563
0.00024610554
0.00041066713
0.00056049187
0.00046961455
0.00050743914
0.0025995818
0.005448708
0.0010974047
0.0009854046
0.013953349
0.0012049838
0.0014466683
0.0015542473
0.0013715103
0.0017757915
0.0012516505
0.0011131241
0.0011155802
0.0011037907
0.001362177
0.0012938962
0.0031571263
0.01134689
0.00091958
0.0012560716
0.0022783184
0.0025637222
0.0011401416
0.0011617556
0.0017831599
0.004406321
0.0005727726
0.00039543904
0.001080703
0.0018283529
0.0007481412
0.0014024577
0.004339514
0.07781307
0.011785066
0.009494958
0.012247804
0.02833898
0.022407886
0.011649487
0.016510686
0.044973455
0.0045104614
0.0044721453
0.0066001476
0.01707609
0.006873271
0.018460372
0.039784115
0.046905946
0.009623169
0.009549975
0.009798537
0.019809285
0.017625283
0.008921694
0.013236155
0.033564176
0.003117337
0.0036375478
0.005380427
0.013460646
0.006160498
0.014919104
0.02976305
0.009065133
0.008109202
0.008113624
0.00965166
0.007951518
0.007985412
0.007942185
0.007989833
0.008078255
0.007914185
0.007877342
0.008257553
0.008010465
0.007980009
0.008673132
0.008191237
3739.0
10.8224125
40465.0
0.021252934
0.0027925367
0.004324725
0.0033609292
0.012479921
0.0032373655
0.0030890894
0.003805758
0.005881626
0.0041023106
0.003039664
0.0036821945
0.0050661066
0.004151736
0.004769554
0.0029902384
0.014555789
0.011713827
0.011936241
0.013641419
0.012949462
0.012628198
0.012875324
0.0125046335
0.012405783
0.015890276
0.013097739
0.016236253
0.013147164
0.012554059
0.013443717
0.012455208
0.009983936
0.005659212
0.0038304708
0.0083281845
0.011268998
0.0067959963
0.0074879527
0.007537378
0.01092302
0.009020141
0.0029161004
0.0037069072
0.009094279
0.0051402445
0.0048931176
0.005387372
0.014605215
0.006499444
0.006351168
0.012949462
0.007537378
0.006351168
0.008204621
0.013443717
0.006326455
0.0057580625
0.004151736
0.0041023106
0.00546151
0.006128753
0.0037810453
0.021450637
0.0055850735
0.026294328
0.006845422
0.0152477445
0.013814407
0.04477944
0.012776474
0.008278759
0.010329914
0.022192018
0.014679353
0.0043741507
0.017719017
0.010527616
0.023699494
0.02493513
0.010132213
0.0034844927
0.027826516
0.019943161
0.038823675
0.015420734
0.0068948474
0.0062028915
0.0071172616
0.0072408253
0.004695416
0.029828247
0.00464599
0.0029161004
0.0042011617
0.0034103547
6.260208
0.0
0.0
0.0
5.0
1019224.0
1011712.0
1.0
0.0
504.0
1.0
1.0
0.0
0.0
0.0
1559211600.0
0.0
0.0
0.0
0.0
0.0
1.0
0.0
0.0
0.0
0.0
0.0
0.0
-1.0
2.0
0.0
0.0
0.0
0.0
0.0
0.0
0.0
0.0
0.0
0.0
0.0
0.0
0.0
0.0
-1.0
0.0
0.0
-1.0
0.0
-1.0
0.0
0.0
0.0
0.0
0.0
0.0
0.0
-1.0
0.0
0.0
0.0
0.0
0.0
0.0
0.0
0.0
0.0
0.0
12.0
0.0
5.0
1.0
5.0
1.0
581632.0
1024.0
4096.0
5.0
0.0
0.0
1.0
1.0
0.0
0.0
0.0
0.0
0.0
-29184.0
0.0
0.0
0.0
0.0
0.0
0.0
0.0
0.0
196096.0
0.0
0.0
0.0
0.0
0.0
0.0
0.0
0.0
0.0
0.0
0.0
0.0
0.0
0.0
0.0
0.0
0.0
-20992.0
0.0
0.0
0.0
0.0
0.0
0.0
0.0
0.0
-581632.0
0.0
156160.0
0.0
0.0
0.0
0.0
0.0
0.0
0.0
0.0
0.0
0.0
0.0
-6.79917
0.0
0.0
0.0
0.0
0.0
0.0
0.0
0.0
5.765612
0.0
0.0
0.0
0.0
0.0
0.0
0.0
0.0
0.0
0.0
0.0
0.0
0.0
0.0
0.0
0.0
0.0
-1.1963819
0.0
0.0
0.0
0.0
0.0
0.0
0.0
0.0
-6.6754565
0.0
7.620016
0.0
0.0
0.0
0.0
0.0
0.0
0.0
0.0
0.0
0.0
0.0
-28980.0
0.0
0.0
0.0
0.0
0.0
0.0
0.0
0.0
195982.0
0.0
0.0
0.0
0.0
0.0
0.0
0.0
0.0
0.0
0.0
0.0
0.0
0.0
0.0
0.0
0.0
0.0
-36724.0
0.0
0.0
0.0
0.0
0.0
0.0
0.0
0.0
-581597.0
0.0
156108.0
0.0
0.0
0.0
0.0
0.0
0.0
0.0
0.0
0.0
-1.0
0.0
0.0
0.0
0.0
0.0
1.0
0.0
0.0
0.0
0.0
0.0
0.0
0.0
0.0
0.0
0.0
0.0
0.0
0.0
0.0
0.0
0.0
0.0
0.0
0.0
0.0
0.0
0.0
0.0
0.0
0.0
0.0
0.0
0.0
0.0
-2.0
0.0
0.0
0.0
1.0
0.0
0.0
0.0
0.0
0.0
0.0
0.0
0.0
0.0
0.0
0.0
0.0
0.0
0.0
0.0
0.0
0.0
0.0
0.0
-1.0
0.0
0.0
0.0
0.0
0.0
0.0
0.0
0.0
0.0
1.0
0.0
0.0
0.0
0.0
1.0
0.0
0.0
0.0
0.0
0.0
0.0
0.0
0.0
0.0
0.0
0.0
0.0
0.0
0.0
0.0
0.0
0.0
0.0
0.0
0.0
0.0
0.0
0.0
0.0
0.0
0.0
0.0
0.0
0.0
-1.0
0.0
0.0
0.0
0.0
0.0
0.0
0.0
0.0
0.0
0.0
0.0
0.0
-1.0
0.0
0.0
0.0
0.0
0.0
0.0
0.0
0.0
-1.0
0.0
0.0
0.0
0.0
0.0
0.0
0.0
0.0
0.0
0.0
0.0
0.0
0.0
0.0
0.0
0.0
0.0
0.0
0.0
0.0
0.0
0.0
-1.0
0.0
0.0
0.0
0.0
0.0
0.0
0.0
0.0
0.0
0.0
0.0
0.0
0.0
0.0
0.0
0.0
0.0
0.0
0.0
0.0
0.0
0.0
0.0
0.0
0.0
0.0
0.0
1.0
0.0
0.0
0.0
0.0
0.0
0.0
0.0
0.0
0.0
0.0
0.0
0.0
0.0
0.0
1.0
0.0
0.0
0.0
-1.0
0.0
0.0
0.0
0.0
0.0
0.0
0.0
0.0
0.0
0.0
0.0
1.0
0.0
0.0
0.0
0.0
1.0
0.0
0.0
0.0
0.0
0.0
0.0
0.0
0.0
0.0
0.0
0.0
0.0
0.0
0.0
0.0
0.0
0.0
0.0
0.0
0.0
0.0
0.0
0.0
0.0
0.0
0.0
0.0
0.0
0.0
0.0
0.0
0.0
0.0
0.0
0.0
0.0
0.0
0.0
0.0
0.0
0.0
0.0
0.0
0.0
0.0
0.0
0.0
0.0
0.0
0.0
0.0
0.0
0.0
0.0
0.0
0.0
0.0
0.0
0.0
0.0
0.0
0.0
0.0
0.0
0.0
0.0
0.0
0.0
0.0
0.0
-1.0
0.0
0.0
0.0
0.0
0.0
0.0
0.0
0.0
0.0
0.0
0.0
0.0
0.0
0.0
0.0
0.0
0.0
0.0
0.0
0.0
0.0
0.0
0.0
0.0
0.0
0.0
0.0
0.0
0.0
1.0
0.0
0.0
0.0
0.0
0.0
0.0
0.0
0.0
0.0
0.0
0.0
0.0
-1.0
0.0
0.0
0.0
0.0
0.0
0.0
0.0
0.0
1.0
0.0
0.0
0.0
0.0
0.0
0.0
-1.0
0.0
0.0
0.0
0.0
0.0
0.0
0.0
0.0
-1.0
0.0
-1.0
-1.0
1.0
0.0
0.0
1.0
-1.0
1.0
0.0
0.0
0.0
2.0
0.0
2.0
1.0
0.0
1.0
0.0
0.0
-1.0
0.0
0.0
0.0
-1.0
0.0
0.0
0.0
1.0
0.0
1.0
0.0
0.0
1.0
0.0
1.0
-1.0
1.0
0.0
2.0
0.0
0.0
0.0
1.0
1.0
0.0
0.0
0.0
0.0
-1.0
0.0
-1.0
-2.0
1.0
-1.0
0.0
0.0
0.0
1.0
1.0
0.0
0.0
0.0
0.0
0.0
0.0
1.0
1.0
-1.0
-1.0
0.0
0.0
0.0
1.0
0.0
0.0
0.0
0.0
0.0
-1.0
1.0
0.0
-1.0
0.0
0.0
1.0
1.0
1.0
0.0
0.0
1.0
0.0
0.0
-3.0
-1.0
-1.0
0.0
0.0
0.0
0.0
0.0
0.0
-1.0
0.0
0.0
1.0
0.0
0.0
0.0
-1.0
1.0
0.0
0.0
0.0
0.0
-1.0
1.0
0.0
-3.0
0.0
0.0
0.0
0.0
1.0
-1.0
0.0
0.0
1.0
0.0
0.0
-1.0
0.0
0.0
0.0
0.0
0.0
0.0
-1.0
0.0
0.0
1.0
-1.0
0.0
1.0
0.0
1.0
-1.0
0.0
0.0
0.0
-2.0
1.0
0.0
0.0
0.0
0.0
-1.0
0.0
0.0
0.0
1.0
1.0
0.0
0.0
1.0
0.0
1.0
2.0
0.0
1.0
1.0
-1.0
0.0
0.0
1.0
1.0
0.0
-1.0
0.0
0.0
0.0
0.0
0.0
-1.0
-2.0
-1.0
-1.0
0.0
0.0
0.0
-1.0
0.0
-1.0
0.0
0.0
-1.0
-1.0
0.0
0.0
1.0
-1.0
-1.0
0.0
0.0
-1.0
1.0
0.0
0.0
1.0
0.0
0.0
1.0
-1.0
0.0
3.0
0.0
0.0
0.0
0.0
0.0
0.0
0.0
-1.0
0.0
0.0
-1.0
0.0
1.0
0.0
0.0
-1.0
-1.0
0.0
0.0
0.0
0.0
-1.0
0.0
0.0
0.0
0.0
-1.0
1.0
1.0
1.0
0.0
1.0
1.0
0.0
0.0
-1.0
2.0
0.0
-2.0
0.0
1.0
0.0
0.0
0.0
0.0
-1.0
0.0
0.0
-2.0
1.0
1.0
1.0
-1.0
0.0
-1.0
0.0
0.0
0.0
1.0
0.0
-1.0
0.0
-1.0
0.0
-1.0
0.0
-1.0
-2.0
0.0
0.0
0.0
-1.0
0.0
0.0
0.0
0.0
0.0
0.0
0.0
1.0
0.0
0.0
0.0
0.0
0.0
0.0
-1.0
0.0
0.0
0.0
0.0
0.0
0.0
0.0
1.0
0.0
0.0
0.0
0.0
0.0
0.0
0.0
0.0
0.0
1.0
0.0
-1.0
-2.0
1.0
0.0
0.0
0.0
0.0
-1.0
0.0
0.0
1.0
1.0
0.0
0.0
-1.0
-1.0
-1.0
0.0
-1.0
0.0
0.0
0.0
0.0
1.0
-1.0
2.0
0.0
0.0
0.0
0.0
0.0
1.0
0.0
0.0
0.0
1.0
0.0
-1.0
1.0
-1.0
0.0
0.0
0.0
0.0
-1.0
1.0
-1.0
-1.0
0.0
0.0
0.0
0.0
-1.0
-1.0
1.0
-1.0
0.0
0.0
1.0
0.0
-1.0
0.0
-1.0
0.0
0.0
1.0
-1.0
-1.0
0.0
0.0
0.0
-2.0
0.0
0.0
0.0
0.0
0.0
-1.0
0.0
0.0
-1.0
0.0
0.0
0.0
0.0
0.0
0.0
2.0
0.0
-2.0
0.0
-1.0
0.0
0.0
0.0
0.0
0.0
0.0
-1.0
-1.0
1.0
1.0
0.0
0.0
0.0
0.0
-1.0
0.0
0.0
1.0
0.0
-2.0
0.0
0.0
0.0
0.0
0.0
0.0
-1.0
-1.0
0.0
-1.0
1.0
0.0
1.0
0.0
0.0
1.0
2.0
3.0
0.0
0.0
0.0
0.0
0.0
-1.0
-1.0
0.0
-1.0
-1.0
0.0
1.0
0.0
-1.0
0.0
-2.0
0.0
2.0
1.0
0.0
0.0
0.0
0.0
1.0
-3.0
-1.0
-1.0
0.0
-1.0
0.0
0.0
0.0
0.0
0.0
-2.0
0.0
0.0
0.0
-1.0
0.0
2.0
1.0
1.0
1.0
0.0
-1.0
0.0
-1.0
0.0
0.0
0.0
0.0
1.0
0.0
0.0
1.0
-1.0
2.0
0.0
0.0
0.0
0.0
1.0
0.0
0.0
-1.0
-1.0
-1.0
0.0
0.0
-1.0
0.0
1.0
-1.0
-1.0
0.0
0.0
1.0
0.0
0.0
0.0
0.0
-1.0
2.0
1.0
0.0
1.0
0.0
0.0
0.0
4.0
0.0
0.0
0.0
0.0
0.0
0.0
0.0
-1.0
1.0
1.0
-1.0
1.0
1.0
0.0
0.0
1.0
0.0
-1.0
0.0
0.0
0.0
1.0
1.0
0.0
-1.0
-1.0
0.0
0.0
-1.0
0.0
0.0
-1.0
0.0
1.0
1.0
1.0
0.0
1.0
-2.0
0.0
0.0
0.0
0.0
1.0
0.0
0.0
0.0
0.0
0.0
0.0
0.0
0.0
0.0
0.0
0.0
0.0
0.0
-1.0
0.0
0.0
1.0
0.0
0.0
-1.0
0.0
0.0
0.0
0.0
0.0
-1.0
-1.0
0.0
0.0
-1.0
0.0
0.0
0.0
0.0
0.0
0.0
0.0
0.0
0.0
-2.0
0.0
0.0
-1.0
0.0
-1.0
0.0
2.0
0.0
0.0
1.0
1.0
0.0
1.0
0.0
0.0
-1.0
-1.0
0.0
2.0
-1.0
0.0
-1.0
0.0
0.0
0.0
1.0
0.0
0.0
-1.0
-1.0
-2.0
1.0
-1.0
1.0
0.0
1.0
0.0
0.0
-1.0
0.0
0.0
0.0
0.0
-1.0
2.0
1.0
0.0
1.0
-1.0
0.0
-1.0
-1.0
1.0
0.0
0.0
0.0
-1.0
1.0
0.0
2.0
0.0
-1.0
1.0
0.0
0.0
0.0
0.0
1.0
0.0
0.0
0.0
1.0
-2.0
0.0
0.0
1.0
0.0
-1.0
-1.0
0.0
0.0
0.0
0.0
0.0
0.0
0.0
0.0
0.0
-2.0
-1.0
0.0
-1.0
-1.0
0.0
0.0
0.0
0.0
1.0
0.0
0.0
0.0
2.0
1.0
0.0
0.0
0.0
0.0
0.0
0.0
1.0
-1.0
0.0
0.0
0.0
-1.0
1.0
0.0
0.0
1.0
1.0
0.0
0.0
-1.0
1.0
-1.0
1.0
0.0
1.0
0.0
0.0
0.0
0.0
0.0
0.0
-1.0
0.0
0.0
0.0
0.0
0.0
0.0
1.0
0.0
1.0
0.0
-1.0
0.0
2.0
-1.0
0.0
1.0
0.0
1.0
0.0
0.0
0.0
0.0
1.0
-1.0
0.0
1.0
0.0
0.0
0.0
0.0
0.0
-2.0
-1.0
-1.0
-1.0
0.0
0.0
0.0
0.0
0.0
0.0
0.0
0.0
1.0
0.0
-1.0
0.0
1.0
0.0
1.0
0.0
-1.0
-1.0
0.0
2.0
0.0
1.0
0.0
0.0
1.0
0.0
0.0
0.0
0.0
0.0
0.0
0.0
1.0
0.0
0.0
1.0
0.0
0.0
1.0
0.0
0.0
0.0
-1.0
0.0
0.0
0.0
0.0
0.0
0.0
1.0
0.0
0.0
0.0
0.0
0.0
-1.0
0.0
0.0
1.0
2.0
1.0
0.0
0.0
0.0
0.0
1.0
0.0
1.0
1.0
0.0
-1.0
-1.0
0.0
0.0
0.0
-1.0
-1.0
1.0
0.0
-1.0
0.0
0.0
1.0
0.0
0.0
0.0
0.0
-1.0
-1.0
-2.0
0.0
0.0
0.0
0.0
-1.0
2.0
-1.0
0.0
0.0
-1.0
0.0
0.0
-1.0
0.0
0.0
-1.0
0.0
0.0
0.0
0.0
0.0
0.0
-1.0
0.0
1.0
0.0
0.0
0.0
-1.0
0.0
0.0
0.0
0.0
-1.0
0.0
-1.0
0.0
1.0
0.0
0.0
0.0
-1.0
0.0
0.0
1.0
1.0
0.0
0.0
-1.0
0.0
0.0
0.0
1.0
0.0
0.0
1.0
-1.0
1.0
0.0
0.0
0.0
1.0
-1.0
1.0
0.0
1.0
0.0
0.0
2.0
1.0
0.0
0.0
-1.0
-2.0
0.0
-1.0
0.0
0.0
0.0
0.0
-1.0
2.0
1.0
0.0
-1.0
0.0
0.0
0.0
0.0
0.0
0.0
-1.0
-1.0
0.0
-1.0
0.0
-2.0
1.0
-1.0
0.0
0.0
0.0
0.0
-1.0
0.0
-1.0
0.0
0.0
-3.0
0.0
-2.0
0.0
0.0
0.0
1.0
0.0
0.0
0.0
0.0
0.0
0.0
0.0
-1.0
0.0
0.0
0.0
-1.0
0.0
-2.0
0.0
0.0
-3.0
0.0
0.0
0.0
-1.0
0.0
0.0
0.0
0.0
0.0
0.0
0.0
0.0
0.0
0.0
0.0
0.0
0.0
0.0
0.0
0.0
0.0
0.0
0.0
0.0
0.0
0.0
0.0
0.0
0.0
0.0
0.0
0.0
0.0
0.0
0.0
0.0
0.0
0.0
0.0
0.0
0.0
0.0
0.0
0.0
0.0
0.0
0.0
0.0
0.0
0.0
0.0
0.0
0.0
0.0
0.0
0.0
0.0
0.0
0.0
0.0
0.0
0.0
0.0
0.0
0.0
0.0
0.0
0.0
0.0
0.0
0.0
0.0
0.0
0.0
0.0
0.0
0.0
0.0
0.0
0.0
0.0
0.0
0.0
0.0
0.0
0.0
0.0
0.0
0.0
0.0
0.0
0.0
0.0
0.0
0.0
0.0
0.0
0.0
0.0
0.0
0.0
0.0
0.0
0.0
0.0
0.0
0.0
0.0
0.0
0.0
0.0
0.0
0.0
0.0
0.0
0.0
0.0
0.0
0.0
0.0
0.0
0.0
0.0
0.0
0.0
0.0
0.0
0.0
0.0
0.0
0.0
0.0
0.0
0.0
0.0
380.0
770252.0
156108.0
819200.0
0.0
0.0
0.0
0.0
28980.0
978944.0
28.0
601024.0
0.0
0.0
0.0
0.0
0.0
0.0
64.0
674640.0
0.0
0.0
2180.0
585728.0
0.0
0.0
0.0
0.0
