0.40682095
0.014659823
0.0038280843
0.0026535583
0.004045589
0.0033930747
0.0022620498
0.0013485297
0.00317557
0.0019140422
0.0022620498
0.0015660345
0.0029145642
0.0022620498
0.0018270402
0.0021315468
0.0038280843
0.009309205
0.0027405603
0.0011310249
0.002001044
0.033321735
0.0017835392
0.0012180269
0.0052201147
0.0066121453
0.0017400383
0.0015660345
0.0018705411
0.0023055507
0.0012615278
0.009613711
0.0046981033
0.0016530363
0.0015225335
0.0007395163
0.0033930747
0.0016095354
0.0009135201
0.0009570211
0.0018705411
0.0016530363
0.0006960153
0.0033495736
0.0010875239
0.0012180269
0.0048721074
0.0016095354
0.006133635
0.0056551243
0.0118322605
0.0048721074
0.004045589
0.0042630937
0.004002088
0.0035670784
0.005046111
0.00317557
0.0043935967
0.0016530363
0.0025230555
0.0043935967
0.0012615278
0.0009135201
0.008134679
0.0017835392
0.0014790326
0.0058291284
0.003132069
0.0073951627
0.0067861495
0.0026535583
0.0022620498
0.0021315468
0.0012615278
0.0010875239
0.0021315468
0.002088046
0.0011310249
0.002001044
0.0046111015
0.0013485297
0.003958587
0.0036105795
0.0033930747
0.0029580651
0.00500261
0.0013485297
0.0018270402
0.0021750478
0.0018270402
0.0009570211
0.0045676003
0.0035235775
0.002088046
0.0014790326
0.0014790326
0.00682965
0.0047416044
0.0055681225
0.0056116236
0.015486341
0.0046111015
0.0012180269
0.0023490516
0.0038280843
0.001957543
0.0015660345
0.004306595
0.0024795546
0.0045676003
0.0044805985
0.001957543
0.001044023
0.0048286063
0.003915086
0.0055681225
0.004306595
0.0026100574
0.0012180269
0.005046111
0.0014790326
0.0013485297
0.00047851054
0.00082651817
0.00065251434
0.002044545
0.0012180269
0.002001044
0.0006960153
0.0006960153
0.0023490516
0.0009570211
0.0017835392
0.00087001914
0.00034800766
0.0016965374
0.0026970594
0.00065251434
0.003132069
0.00056551246
0.0015660345
0.0023055507
0.0017835392
0.0013920306
0.0006960153
0.00065251434
0.00056551246
0.0009135201
0.00065251434
0.0007395163
0.00056551246
0.0017835392
0.0011745258
0.00078301725
0.0005220115
0.0010875239
0.00039150863
0.001000522
0.00047851054
0.0013920306
0.0010875239
0.0017400383
0.00082651817
0.0024795546
0.00078301725
0.0010875239
0.00043500957
0.001957543
0.0007395163
0.0007395163
0.001000522
0.00056551246
0.0005220115
0.0007395163
0.001044023
0.0012615278
0.0006960153
0.0012615278
0.0006960153
0.00043500957
0.00056551246
0.0005220115
0.00039150863
0.0023925526
0.00078301725
0.00078301725
0.0006090134
0.00056551246
0.00065251434
0.00034800766
0.00047851054
0.0026535583
0.00056551246
0.0016095354
0.0006960153
0.00056551246
0.00065251434
0.0022620498
0.0014790326
0.002001044
0.001000522
0.00039150863
0.0006960153
0.00065251434
0.00065251434
0.0006090134
0.00039150863
0.0016965374
0.00087001914
0.00065251434
0.0010875239
0.00078301725
0.0005220115
0.00056551246
0.0006960153
0.0017400383
0.0009570211
0.0006090134
0.00087001914
0.0011310249
0.0005220115
0.0009570211
0.0023490516
0.0033930747
0.00056551246
0.0011310249
0.0005220115
0.00078301725
0.00082651817
0.00082651817
0.00021750478
0.0026100574
0.0012180269
0.0018705411
0.0064381417
0.0010875239
0.00043500957
0.0006960153
0.0007395163
0.0011745258
0.00082651817
0.00065251434
0.00087001914
0.0009570211
0.001000522
0.0006090134
0.0011745258
0.0016965374
0.0007395163
0.00056551246
0.001000522
0.0014790326
0.0007395163
0.001044023
0.014398817
0.0
0.0
0.0
0.0
0.0
0.0
0.0
0.0
0.0
0.0
0.0
0.0
0.0
0.0
0.0
0.0
0.0
0.0
0.0
0.0
0.0
0.0
0.0
0.0
0.0
0.0
0.0
0.0
0.0
0.0
0.0
0.0
0.0
0.0
0.0
0.0
0.0
0.0
0.0
0.0
0.0
0.0
0.0
0.0
0.0
0.0
0.0
0.0
0.0
0.0
0.0
0.0
0.0
0.0
0.0
0.0
0.0
0.0
0.0
0.0
0.0
0.0
0.0
0.0
0.0
0.0
0.0
0.0
0.0
0.0
0.0
0.0
0.0
0.0
0.0
0.0
0.0
0.0
0.0
0.0
0.0
0.0
0.0
0.0
0.0
0.0
0.0
0.0
0.0
0.0
0.0
0.0
0.0
0.0
0.0
0.0
0.0
0.0
0.0
0.0
0.0
0.0
0.0
0.0
0.0
0.0
0.0
0.0
0.0
0.0
0.0
0.0
0.10823568
0.008649553
0.0025344123
0.029529389
0.0069986978
0.0059291297
0.021670386
0.0046502976
0.00027901787
0.00025576638
0.00027901787
0.00027901787
0.00034877233
0.00023251488
0.00023251488
0.00037202382
0.0
0.0
0.0
0.0
0.0
0.0
0.0
0.0
0.0
0.0
0.0
0.0
0.0
0.0
0.0
0.0
0.1078869
0.014415923
0.0068824403
0.00920759
0.007719494
0.0044177826
0.013253348
0.008719308
0.003952753
0.0017438616
0.002139137
0.0023716518
0.0016973587
0.0013950893
0.0016973587
0.0029761905
0.04408482
0.010184152
0.0018833706
0.0026739212
0.0067429314
0.005487351
0.009788876
0.005673363
0.0022786458
0.0010695684
0.000999814
0.0005347842
0.00048828125
0.00046502976
0.0011393229
0.0017438616
0.041178387
0.012532552
0.002232143
0.0016741072
0.0036969867
0.00516183
0.008254278
0.005394345
0.0017438616
0.0017438616
0.002139137
0.0018833706
0.002232143
0.0019763764
0.0017671131
0.0016276041
0.05612909
0.014997209
0.0049293153
0.008393787
0.0070219496
0.008068266
0.0052780877
0.003627232
0.0036969867
0.0035109748
0.0040690103
0.0032319569
0.003859747
0.003627232
0.0050455728
0.0073707215
0.07661365
0.023879278
0.011346726
0.011997768
0.015834263
0.013230097
0.009393601
0.008440291
0.010532924
0.0047200522
0.006952195
0.004138765
0.00734747
0.006905692
0.013137091
0.013625372
0.009300595
0.006394159
0.0028831845
0.0018833706
0.00390625
0.002999442
0.0016741072
0.002139137
0.0031854538
0.0012555803
0.0017206101
0.0007905506
0.0019763764
0.0024646576
0.0018833706
0.0031622024
0.0
0.0
0.0
0.0
0.0
0.0
0.0
0.0
0.0
0.0
0.0
0.0
0.0
0.0
0.0
0.0
124.0
14.82258
1838.0
0.03427639
0.0005440696
0.009793254
0.0010881393
0.0
0.0
0.0
0.0021762785
0.0010881393
0.0016322089
0.0010881393
0.0065288357
0.0032644179
0.004896627
0.008705114
0.004352557
0.0038084874
0.0032644179
0.04733406
0.0032644179
0.0005440696
0.0027203483
0.0005440696
0.0021762785
0.0027203483
0.0027203483
0.0032644179
0.013601741
0.008161045
0.008705114
0.007616975
0.0038084874
0.0027203483
0.011425463
0.0038084874
0.012513602
0.0032644179
0.005984766
0.055495102
0.019042438
0.004896627
0.008705114
0.0010881393
0.0021762785
0.008705114
0.009793254
0.0027203483
0.0070729055
0.013601741
0.0027203483
0.004896627
0.010881393
0.010881393
0.0130576715
0.0027203483
0.007616975
0.0027203483
0.0038084874
0.0054406966
0.0027203483
0.0005440696
0.0054406966
0.004352557
0.0021762785
0.0021762785
0.038628943
0.010337323
0.021218715
0.023939064
0.07508161
0.008161045
0.008705114
0.004352557
0.032100108
0.0032644179
0.004896627
0.0304679
0.01468988
0.0304679
0.040261153
0.008161045
0.0027203483
0.04134929
0.040805224
0.051686615
0.017954297
0.0070729055
0.004896627
0.007616975
0.008705114
0.0010881393
0.0005440696
0.0
0.0005440696
0.007616975
0.0038084874
5.6671343
0.0
0.0
0.0
1.0
22988.0
32768.0
0.0
0.0
50.0
0.0
1.0
0.0
0.0
0.0
1085032800.0
0.0
0.0
0.0
0.0
0.0
1.0
0.0
0.0
0.0
0.0
0.0
0.0
-1.0
1.0
-1.0
-1.0
0.0
0.0
0.0
0.0
0.0
0.0
0.0
0.0
0.0
0.0
0.0
0.0
-1.0
0.0
0.0
0.0
0.0
0.0
0.0
0.0
0.0
0.0
0.0
0.0
0.0
-1.0
0.0
0.0
0.0
0.0
0.0
0.0
0.0
0.0
0.0
0.0
11.0
1.0
4.0
1.0
4.0
1.0
6144.0
1024.0
0.0
5.0
0.0
0.0
2.0
4.0
0.0
0.0
0.0
0.0
0.0
0.0
0.0
0.0
0.0
0.0
0.0
0.0
0.0
0.0
2560.0
0.0
0.0
0.0
0.0
0.0
0.0
0.0
0.0
0.0
0.0
0.0
0.0
0.0
0.0
0.0
0.0
0.0
-2048.0
0.0
0.0
0.0
0.0
0.0
0.0
0.0
0.0
-6144.0
-1536.0
5120.0
0.0
0.0
0.0
0.0
0.0
0.0
0.0
0.0
0.0
0.0
0.0
0.0
0.0
0.0
0.0
0.0
0.0
0.0
0.0
0.0
6.4171233
0.0
0.0
0.0
0.0
0.0
0.0
0.0
0.0
0.0
0.0
0.0
0.0
0.0
0.0
0.0
0.0
0.0
-6.281918
0.0
0.0
0.0
0.0
0.0
0.0
0.0
0.0
-5.9554167
-4.504363
4.706423
0.0
0.0
0.0
0.0
0.0
0.0
0.0
0.0
0.0
0.0
0.0
0.0
0.0
0.0
0.0
0.0
0.0
0.0
0.0
0.0
2387.0
0.0
0.0
0.0
0.0
0.0
0.0
0.0
0.0
0.0
0.0
0.0
0.0
0.0
0.0
0.0
0.0
0.0
-1665.0
0.0
0.0
0.0
0.0
0.0
0.0
0.0
0.0
-5776.0
-1332.0
4820.0
0.0
0.0
0.0
0.0
0.0
0.0
0.0
0.0
0.0
-1.0
0.0
0.0
0.0
0.0
0.0
1.0
0.0
0.0
0.0
0.0
0.0
0.0
0.0
0.0
0.0
0.0
0.0
0.0
0.0
0.0
0.0
0.0
0.0
0.0
0.0
0.0
0.0
0.0
0.0
0.0
0.0
0.0
0.0
0.0
0.0
-2.0
0.0
0.0
0.0
1.0
0.0
0.0
0.0
0.0
0.0
0.0
0.0
0.0
0.0
0.0
0.0
0.0
0.0
0.0
0.0
0.0
0.0
0.0
0.0
-1.0
0.0
0.0
0.0
0.0
0.0
0.0
0.0
0.0
0.0
1.0
0.0
0.0
0.0
0.0
1.0
0.0
0.0
0.0
0.0
0.0
0.0
0.0
0.0
1.0
0.0
0.0
0.0
0.0
0.0
0.0
0.0
0.0
0.0
0.0
0.0
0.0
0.0
0.0
0.0
0.0
0.0
0.0
0.0
0.0
0.0
0.0
0.0
0.0
0.0
0.0
0.0
0.0
0.0
0.0
0.0
0.0
0.0
0.0
0.0
0.0
0.0
0.0
0.0
0.0
0.0
0.0
-1.0
0.0
0.0
0.0
0.0
0.0
0.0
0.0
0.0
0.0
0.0
0.0
0.0
0.0
0.0
0.0
0.0
0.0
0.0
0.0
0.0
0.0
0.0
0.0
0.0
0.0
0.0
0.0
0.0
0.0
0.0
0.0
0.0
0.0
0.0
0.0
0.0
0.0
0.0
0.0
0.0
0.0
0.0
0.0
0.0
0.0
0.0
0.0
0.0
0.0
0.0
0.0
0.0
0.0
0.0
0.0
0.0
0.0
0.0
0.0
0.0
0.0
0.0
0.0
0.0
0.0
0.0
0.0
0.0
0.0
0.0
0.0
0.0
0.0
0.0
0.0
0.0
0.0
0.0
0.0
0.0
0.0
0.0
0.0
0.0
0.0
0.0
1.0
0.0
0.0
0.0
0.0
0.0
0.0
0.0
0.0
0.0
0.0
0.0
0.0
0.0
0.0
0.0
0.0
0.0
0.0
0.0
0.0
0.0
0.0
0.0
0.0
0.0
0.0
0.0
0.0
0.0
0.0
0.0
0.0
0.0
0.0
0.0
0.0
0.0
0.0
0.0
0.0
0.0
0.0
0.0
0.0
0.0
0.0
0.0
0.0
0.0
0.0
0.0
0.0
0.0
0.0
0.0
0.0
0.0
0.0
0.0
0.0
0.0
0.0
0.0
0.0
0.0
0.0
0.0
0.0
0.0
0.0
0.0
0.0
0.0
0.0
0.0
0.0
0.0
0.0
0.0
0.0
0.0
0.0
0.0
0.0
0.0
0.0
0.0
0.0
0.0
0.0
0.0
0.0
0.0
0.0
0.0
0.0
0.0
0.0
0.0
0.0
0.0
0.0
0.0
0.0
0.0
0.0
0.0
0.0
0.0
0.0
0.0
0.0
0.0
0.0
0.0
0.0
0.0
0.0
0.0
0.0
0.0
0.0
0.0
0.0
0.0
0.0
0.0
0.0
0.0
0.0
0.0
0.0
0.0
0.0
0.0
0.0
0.0
0.0
0.0
0.0
0.0
0.0
0.0
0.0
0.0
0.0
0.0
0.0
0.0
0.0
-1.0
0.0
0.0
0.0
0.0
0.0
0.0
0.0
0.0
0.0
0.0
0.0
0.0
0.0
0.0
0.0
0.0
0.0
0.0
0.0
-1.0
0.0
0.0
0.0
0.0
0.0
0.0
0.0
0.0
0.0
0.0
0.0
0.0
0.0
0.0
0.0
0.0
0.0
0.0
0.0
0.0
0.0
0.0
0.0
0.0
0.0
0.0
0.0
0.0
0.0
0.0
0.0
0.0
0.0
0.0
1.0
0.0
0.0
0.0
0.0
0.0
0.0
1.0
0.0
0.0
0.0
0.0
0.0
0.0
1.0
0.0
0.0
0.0
0.0
0.0
0.0
0.0
0.0
0.0
0.0
0.0
0.0
0.0
0.0
0.0
0.0
0.0
0.0
0.0
0.0
0.0
0.0
0.0
0.0
0.0
0.0
0.0
0.0
-1.0
0.0
0.0
0.0
0.0
0.0
0.0
0.0
0.0
0.0
0.0
0.0
0.0
0.0
0.0
0.0
0.0
0.0
0.0
0.0
0.0
0.0
0.0
0.0
0.0
0.0
0.0
0.0
0.0
0.0
0.0
0.0
0.0
0.0
0.0
0.0
0.0
0.0
0.0
0.0
0.0
0.0
0.0
0.0
0.0
0.0
0.0
0.0
0.0
0.0
0.0
0.0
0.0
0.0
0.0
0.0
0.0
0.0
0.0
0.0
0.0
0.0
0.0
0.0
0.0
0.0
0.0
0.0
0.0
0.0
0.0
0.0
0.0
0.0
0.0
0.0
-1.0
0.0
0.0
0.0
0.0
0.0
0.0
0.0
0.0
0.0
0.0
0.0
0.0
0.0
0.0
0.0
-1.0
0.0
0.0
0.0
0.0
0.0
0.0
0.0
0.0
0.0
0.0
0.0
0.0
0.0
0.0
0.0
0.0
1.0
0.0
0.0
0.0
0.0
0.0
0.0
0.0
0.0
0.0
0.0
0.0
0.0
0.0
0.0
0.0
0.0
0.0
0.0
0.0
0.0
0.0
0.0
0.0
0.0
0.0
0.0
0.0
0.0
0.0
0.0
0.0
0.0
0.0
0.0
-1.0
0.0
0.0
0.0
0.0
0.0
0.0
-1.0
0.0
0.0
0.0
0.0
0.0
0.0
0.0
0.0
-1.0
0.0
0.0
0.0
1.0
0.0
0.0
0.0
0.0
0.0
-1.0
0.0
0.0
0.0
0.0
0.0
0.0
0.0
0.0
0.0
0.0
-1.0
0.0
0.0
0.0
0.0
0.0
0.0
0.0
0.0
0.0
0.0
0.0
0.0
0.0
0.0
0.0
0.0
0.0
0.0
0.0
0.0
0.0
0.0
0.0
0.0
0.0
0.0
0.0
0.0
0.0
0.0
0.0
0.0
0.0
0.0
0.0
0.0
0.0
0.0
0.0
0.0
0.0
0.0
0.0
0.0
-1.0
0.0
0.0
0.0
0.0
0.0
0.0
0.0
0.0
0.0
0.0
0.0
0.0
0.0
0.0
0.0
0.0
0.0
0.0
0.0
0.0
0.0
0.0
0.0
0.0
0.0
0.0
0.0
0.0
0.0
0.0
0.0
0.0
0.0
0.0
0.0
0.0
0.0
0.0
0.0
0.0
0.0
0.0
0.0
0.0
0.0
0.0
0.0
0.0
0.0
0.0
0.0
0.0
0.0
0.0
0.0
0.0
0.0
0.0
0.0
0.0
0.0
0.0
0.0
0.0
0.0
0.0
0.0
0.0
0.0
0.0
0.0
0.0
0.0
0.0
-1.0
0.0
0.0
0.0
0.0
0.0
0.0
0.0
1.0
-1.0
0.0
0.0
0.0
0.0
0.0
0.0
0.0
0.0
0.0
0.0
0.0
0.0
0.0
0.0
0.0
1.0
0.0
0.0
0.0
0.0
0.0
1.0
1.0
0.0
0.0
0.0
0.0
0.0
0.0
0.0
0.0
0.0
0.0
0.0
0.0
0.0
0.0
0.0
0.0
0.0
0.0
0.0
0.0
-1.0
0.0
0.0
0.0
0.0
0.0
0.0
0.0
0.0
0.0
0.0
0.0
0.0
0.0
0.0
0.0
0.0
0.0
0.0
0.0
0.0
0.0
0.0
0.0
0.0
0.0
0.0
0.0
0.0
0.0
0.0
0.0
0.0
0.0
0.0
0.0
0.0
0.0
0.0
0.0
0.0
0.0
0.0
1.0
0.0
0.0
1.0
0.0
0.0
-1.0
0.0
0.0
0.0
0.0
0.0
0.0
0.0
0.0
0.0
0.0
0.0
0.0
0.0
0.0
0.0
0.0
0.0
0.0
0.0
0.0
0.0
0.0
0.0
1.0
0.0
0.0
0.0
0.0
0.0
0.0
0.0
0.0
0.0
0.0
0.0
0.0
0.0
0.0
0.0
0.0
0.0
0.0
0.0
0.0
0.0
0.0
0.0
0.0
0.0
0.0
0.0
0.0
0.0
0.0
0.0
0.0
0.0
0.0
0.0
0.0
0.0
0.0
0.0
0.0
0.0
0.0
0.0
0.0
0.0
0.0
0.0
0.0
0.0
0.0
0.0
0.0
0.0
0.0
0.0
0.0
0.0
0.0
0.0
0.0
0.0
0.0
0.0
0.0
0.0
0.0
0.0
0.0
0.0
0.0
0.0
0.0
0.0
0.0
0.0
0.0
0.0
0.0
0.0
0.0
0.0
0.0
0.0
1.0
0.0
0.0
0.0
0.0
0.0
0.0
0.0
0.0
0.0
-1.0
0.0
0.0
0.0
0.0
1.0
0.0
0.0
0.0
0.0
0.0
0.0
0.0
0.0
0.0
0.0
0.0
0.0
0.0
0.0
0.0
0.0
0.0
0.0
0.0
0.0
0.0
0.0
0.0
0.0
0.0
0.0
0.0
0.0
0.0
0.0
-1.0
0.0
0.0
0.0
0.0
0.0
0.0
-1.0
0.0
0.0
0.0
0.0
1.0
0.0
0.0
0.0
0.0
0.0
0.0
0.0
0.0
0.0
0.0
0.0
0.0
0.0
0.0
0.0
0.0
0.0
0.0
0.0
0.0
0.0
0.0
0.0
0.0
0.0
0.0
0.0
0.0
0.0
0.0
0.0
0.0
0.0
0.0
0.0
0.0
0.0
-1.0
0.0
0.0
0.0
0.0
0.0
0.0
0.0
0.0
0.0
0.0
0.0
0.0
0.0
0.0
0.0
0.0
-1.0
0.0
0.0
0.0
0.0
0.0
0.0
0.0
0.0
0.0
0.0
0.0
0.0
0.0
0.0
0.0
0.0
0.0
0.0
0.0
1.0
0.0
0.0
0.0
0.0
0.0
0.0
0.0
0.0
0.0
0.0
0.0
0.0
0.0
0.0
0.0
0.0
0.0
0.0
0.0
0.0
0.0
0.0
0.0
0.0
0.0
0.0
0.0
0.0
0.0
0.0
0.0
0.0
0.0
0.0
0.0
0.0
0.0
0.0
0.0
0.0
0.0
0.0
0.0
0.0
0.0
0.0
0.0
0.0
0.0
0.0
0.0
0.0
0.0
0.0
0.0
0.0
0.0
0.0
0.0
-1.0
0.0
0.0
0.0
0.0
0.0
0.0
0.0
0.0
0.0
0.0
0.0
0.0
0.0
0.0
0.0
0.0
0.0
0.0
0.0
0.0
0.0
0.0
0.0
1.0
-1.0
0.0
1.0
0.0
0.0
0.0
0.0
0.0
0.0
0.0
0.0
0.0
0.0
0.0
0.0
0.0
0.0
0.0
0.0
0.0
0.0
0.0
0.0
0.0
0.0
0.0
0.0
0.0
0.0
0.0
0.0
0.0
0.0
0.0
0.0
0.0
0.0
0.0
0.0
0.0
0.0
0.0
0.0
0.0
0.0
0.0
0.0
0.0
0.0
0.0
0.0
0.0
0.0
0.0
0.0
0.0
0.0
0.0
1.0
0.0
0.0
0.0
0.0
0.0
0.0
0.0
0.0
0.0
0.0
0.0
0.0
0.0
0.0
0.0
0.0
0.0
0.0
0.0
0.0
0.0
0.0
0.0
0.0
0.0
0.0
0.0
0.0
0.0
0.0
0.0
0.0
0.0
0.0
0.0
0.0
0.0
0.0
0.0
0.0
0.0
0.0
0.0
0.0
1.0
0.0
0.0
0.0
0.0
0.0
0.0
0.0
0.0
0.0
0.0
0.0
0.0
0.0
0.0
0.0
0.0
0.0
-1.0
0.0
0.0
0.0
0.0
0.0
0.0
0.0
1.0
0.0
0.0
0.0
1.0
0.0
0.0
0.0
0.0
0.0
0.0
0.0
0.0
0.0
0.0
0.0
0.0
0.0
0.0
1.0
0.0
0.0
0.0
0.0
0.0
0.0
0.0
0.0
0.0
0.0
0.0
0.0
0.0
0.0
0.0
0.0
0.0
0.0
0.0
0.0
0.0
0.0
0.0
0.0
0.0
0.0
0.0
0.0
0.0
0.0
0.0
0.0
0.0
0.0
0.0
0.0
0.0
0.0
0.0
0.0
0.0
0.0
0.0
0.0
0.0
0.0
0.0
0.0
0.0
0.0
0.0
0.0
0.0
0.0
0.0
0.0
0.0
0.0
0.0
0.0
0.0
0.0
0.0
0.0
0.0
0.0
0.0
0.0
0.0
0.0
0.0
0.0
0.0
0.0
0.0
0.0
0.0
0.0
0.0
0.0
0.0
0.0
0.0
0.0
0.0
0.0
0.0
0.0
0.0
0.0
0.0
0.0
0.0
0.0
0.0
0.0
0.0
0.0
0.0
0.0
0.0
0.0
0.0
0.0
0.0
0.0
0.0
0.0
0.0
0.0
0.0
0.0
0.0
0.0
0.0
0.0
0.0
0.0
0.0
0.0
0.0
0.0
0.0
0.0
0.0
0.0
0.0
0.0
0.0
0.0
0.0
0.0
0.0
0.0
0.0
0.0
0.0
0.0
0.0
0.0
0.0
0.0
0.0
0.0
0.0
0.0
0.0
0.0
0.0
0.0
0.0
0.0
0.0
0.0
0.0
0.0
0.0
0.0
0.0
0.0
0.0
0.0
0.0
0.0
0.0
0.0
1332.0
20480.0
4820.0
24576.0
0.0
0.0
0.0
0.0
0.0
0.0
0.0
0.0
0.0
0.0
0.0
0.0
0.0
0.0
0.0
0.0
0.0
0.0
0.0
0.0
0.0
0.0
0.0
0.0
