0.4936136
0.0031886972
0.007422795
0.0029937157
0.003020713
0.0030162134
0.0027237413
0.0030552098
0.0034346737
0.003221694
0.0028167325
0.00284373
0.0028812264
0.0029127232
0.0028377303
0.0028617282
0.00284223
0.0028512292
0.0026772458
0.0027492389
0.0029307215
0.0029922158
0.0030462106
0.0027027433
0.0032051955
0.0049000345
0.0026667467
0.0024987627
0.002854229
0.0026142516
0.0027807357
0.0027117424
0.002695244
0.0026502481
0.0026937441
0.0027282408
0.0029082238
0.0027762363
0.0027072427
0.0027027433
0.0030807073
0.0027042432
0.0027777362
0.0030597092
0.00273574
0.002779236
0.0026052524
0.0027942345
0.0027207416
0.002726741
0.0026502481
0.0027312406
0.002830231
0.0027777362
0.002759738
0.0026247506
0.0028602283
0.0029517196
0.0027012434
0.0028692274
0.0029232223
0.0027162419
0.0026937441
0.0027627375
0.00389663
0.002873727
0.002569256
0.0026127517
0.0027942345
0.0033221843
0.0026757459
0.002830231
0.0027777362
0.002641249
0.0027192417
0.0029142231
0.002726741
0.0029427204
0.0026787454
0.0027177418
0.0035396637
0.0027762363
0.0027612378
0.0026187513
0.0026892445
0.0029442203
0.002759738
0.0027237413
0.0028572285
0.0027552382
0.0027897349
0.002726741
0.0026577476
0.0026817452
0.0027717366
0.0026802453
0.0027537383
0.0029592188
0.0026922442
0.0028602283
0.0030327118
0.0031137043
0.0026937441
0.0028362304
0.0027177418
0.0037076478
0.0028407301
0.0027417396
0.0027072427
0.0028392302
0.0029022242
0.0028227319
0.0027912348
0.0027432393
0.002882726
0.0028722272
0.004168104
0.003011714
0.0027897349
0.002641249
0.0028047336
0.0027072427
0.0027282408
0.0028872257
0.00273724
0.002770237
0.0026172514
0.0034286743
0.0009644084
0.0010244027
0.0009989052
0.0014053665
0.00094790995
0.001925817
0.0011668891
0.0009659082
0.0012013859
0.001252381
0.0010514001
0.0022122897
0.0009884061
0.0011713887
0.001168389
0.0011833876
0.0010963959
0.0009074138
0.001010904
0.00092691195
0.00093441125
0.00093291135
0.0011698889
0.001040901
0.0009944055
0.0010933961
0.0009464101
0.0009734075
0.001094896
0.0009254121
0.00087891653
0.00094790995
0.0012073853
0.001189387
0.0011533904
0.0012178842
0.0009704078
0.0009899059
0.0013213744
0.0013693699
0.0015883491
0.0009569091
0.0011398917
0.0009719077
0.0009254121
0.0009869062
0.00097640726
0.0009494098
0.0009524095
0.00095390936
0.0008894155
0.0009224124
0.0012298832
0.001040901
0.0009674081
0.00094790995
0.0009299117
0.00092091254
0.0010139036
0.0009014144
0.0009959054
0.00097490737
0.0010094041
0.00092091254
0.0011533904
0.0010514001
0.0011773881
0.00097490737
0.0009854063
0.0009704078
0.0011038951
0.0010543999
0.0010004049
0.0009929057
0.0009314115
0.0009374109
0.0012688795
0.0009359111
0.0010978957
0.0010139036
0.001010904
0.0010064044
0.0012823782
0.0009674081
0.0012973767
0.0010888965
0.0009014144
0.00090591394
0.0014278643
0.0010903964
0.0010888965
0.001010904
0.0010768977
0.0009524095
0.0010019048
0.001115894
0.001336373
0.0010813973
0.0009374109
0.00091341324
0.0009494098
0.0010903964
0.0009314115
0.001042401
0.001294377
0.0010978957
0.0012553807
0.0011533904
0.0013033762
0.0009389108
0.001040901
0.0010663987
0.0012703793
0.0010064044
0.0009029142
0.001168389
0.0009974053
0.00091341324
0.0009854063
0.0011983862
0.0011728886
0.0009359111
0.0009629085
0.0012043855
0.0013468721
0.00094790995
0.00093291135
0.0019603139
0.035307992
0.0
1.5024038e-06
1.5024038e-06
4.5072115e-06
1.5024038e-06
4.5072115e-06
3.0048077e-06
4.5072115e-06
3.0048077e-06
3.0048077e-06
3.0048077e-06
1.5024038e-06
3.0048077e-06
4.0564904e-05
1.5024038e-06
0.0014685998
2.2536058e-06
5.2584132e-06
3.7560096e-06
6.0096154e-06
1.27704325e-05
3.7560096e-06
3.7560096e-06
6.760817e-06
0.0
5.2584132e-06
7.512019e-07
4.5072115e-06
1.5024038e-06
4.5072115e-06
9.014423e-06
0.0
0.0
0.0
0.0
0.0
0.0
0.0
0.0
0.0
0.0
0.0
0.0
0.0
0.0
0.0
0.0
0.0
0.0
0.0
0.0
0.0
0.0
0.0
0.0
0.0
0.0
0.0
0.0
0.0
0.0
0.0
0.0
0.0
0.0
0.0
0.0
0.0
0.0
0.0
0.0
0.0
0.0
0.0
0.0
0.0
0.0
0.0
0.0
0.0
0.0
0.0
0.0
0.0
0.0
0.0
0.0
0.0
0.0
0.0
0.0
0.0
0.0
0.0
0.0
0.0
0.0
0.0
0.0
0.0
0.0
0.0
0.0
0.0
0.0
0.0
0.0
0.0
0.0
0.0
0.0
0.0021604567
4.732572e-05
4.356971e-05
4.356971e-05
8.713942e-05
5.108173e-05
0.0001908053
0.00010967548
4.5072116e-05
5.7091347e-05
3.7560098e-05
3.98137e-05
5.0330527e-05
4.5072116e-05
3.7560098e-05
3.0799278e-05
0.0
0.0
0.0
0.0
0.0
0.0
0.0
0.0
0.0
0.0
0.0
0.0
0.0
0.0
0.0
0.0
0.0009284856
0.00010591947
3.0799278e-05
4.1316107e-05
6.760817e-06
2.0282452e-05
5.7091347e-05
6.4603366e-05
4.4320914e-05
1.953125e-05
3.8311297e-05
2.2536058e-05
3.3804088e-05
4.732572e-05
3.90625e-05
3.8311297e-05
0.4909465
0.04197641
0.04189528
0.04186298
0.041873496
0.04210712
0.041833684
0.04207557
0.014274339
0.013970102
0.014039213
0.013976112
0.013840895
0.014070012
0.014064753
0.014116586
0.0
0.0
0.0
0.0
0.0
0.0
0.0
0.0
0.0
0.0
0.0
0.0
0.0
0.0
0.0
0.0
0.0
0.0
0.0
0.0
0.0
0.0
0.0
0.0
0.0
0.0
0.0
0.0
0.0
0.0
0.0
0.0
0.003515625
0.0010389122
0.0002358774
0.00026968148
0.0020545372
0.0010907452
0.00041015624
0.0004657452
0.0019786658
9.390024e-05
0.0006730769
0.00021709736
0.00063626806
0.00037935696
0.00078801083
0.0015369591
0.0069486178
0.0026840444
0.0015046574
0.0014009916
0.0010644532
0.00092322717
0.002651743
0.0032376803
0.0022070312
0.0008804087
0.0021679688
0.0007264123
0.001410006
0.0018404447
0.0014475661
0.0012124398
0.0013401442
0.001190655
0.0007136418
0.0007061298
0.00061974156
0.0005438702
0.0010742188
0.0006415264
0.0010742188
0.0008608774
0.00096454326
0.00060021033
0.00068058894
0.000848107
0.0010163762
0.0009713041
194.0
8.5
1649.0
0.00970285
0.0018192844
0.0012128563
0.004244997
0.00060642813
0.0054578534
0.0024257125
0.014554275
0.0024257125
0.0018192844
0.00060642813
0.0060642813
0.008489994
0.0060642813
0.009096422
0.0024257125
0.0018192844
0.0054578534
0.0066707097
0.004244997
0.0018192844
0.0018192844
0.0036385688
0.0018192844
0.004851425
0.015767131
0.0018192844
0.0072771376
0.004244997
0.0054578534
0.0036385688
0.0024257125
0.0030321407
0.025469981
0.0018192844
0.0072771376
0.0036385688
0.0078835655
0.010915707
0.016979989
0.012734991
0.0054578534
0.0024257125
0.014554275
0.012734991
0.0054578534
0.004244997
0.0018192844
0.013947847
0.0030321407
0.0078835655
0.011522135
0.0018192844
0.0018192844
0.009096422
0.0018192844
0.0036385688
0.0012128563
0.010915707
0.004851425
0.0012128563
0.0030321407
0.0018192844
0.00060642813
0.0036385688
0.06367496
0.0066707097
0.017586416
0.03941783
0.078229226
0.0066707097
0.0030321407
0.0030321407
0.03517283
0.0024257125
0.0078835655
0.03941783
0.01637356
0.018192844
0.03335355
0.018799271
0.0030321407
0.04972711
0.024863554
0.05518496
0.02001213
0.0024257125
0.004244997
0.0072771376
0.010309278
0.0018192844
0.008489994
0.004851425
0.0024257125
0.0018192844
0.04548211
5.701091
0.0
0.0
0.0
7.0
666730.0
126976.0
0.0
0.0
2.0
1.0
0.0
0.0
0.0
0.0
1258072400.0
0.0
0.0
0.0
0.0
0.0
1.0
0.0
0.0
0.0
0.0
0.0
0.0
-1.0
1.0
-1.0
-1.0
1.0
0.0
0.0
0.0
0.0
0.0
0.0
0.0
0.0
0.0
0.0
0.0
-1.0
0.0
0.0
0.0
0.0
0.0
0.0
0.0
0.0
0.0
0.0
0.0
0.0
-1.0
0.0
0.0
0.0
0.0
0.0
0.0
0.0
0.0
0.0
0.0
6.0
0.0
4.0
0.0
4.0
0.0
28672.0
1024.0
4096.0
4.0
0.0
0.0
2.0
4.0
0.0
0.0
0.0
0.0
0.0
0.0
0.0
0.0
0.0
0.0
0.0
0.0
0.0
0.0
0.0
0.0
0.0
-512.0
0.0
0.0
0.0
0.0
0.0
-512.0
0.0
0.0
0.0
0.0
-27136.0
0.0
0.0
0.0
0.0
0.0
43008.0
0.0
0.0
0.0
0.0
0.0
0.0
0.0
0.0
0.0
0.0
0.0
0.0
0.0
0.0
0.0
0.0
0.0
0.0
0.0
0.0
0.0
0.0
0.0
0.0
0.0
0.0
0.0
0.0
0.0
0.0
0.0
0.0
-4.19976
0.0
0.0
0.0
0.0
0.0
-2.2809806
0.0
0.0
0.0
0.0
-2.478273
0.0
0.0
0.0
0.0
0.0
6.483652
0.0
0.0
0.0
0.0
0.0
0.0
0.0
0.0
0.0
0.0
0.0
0.0
0.0
0.0
0.0
0.0
0.0
0.0
0.0
0.0
0.0
0.0
0.0
0.0
0.0
0.0
0.0
0.0
0.0
0.0
0.0
0.0
-4096.0
0.0
0.0
0.0
0.0
0.0
-4096.0
0.0
0.0
0.0
0.0
-28672.0
0.0
0.0
0.0
0.0
0.0
86016.0
0.0
0.0
0.0
0.0
0.0
0.0
0.0
0.0
0.0
0.0
0.0
0.0
0.0
0.0
0.0
0.0
0.0
0.0
0.0
0.0
0.0
0.0
0.0
0.0
0.0
0.0
0.0
1.0
0.0
0.0
0.0
0.0
0.0
0.0
0.0
-1.0
0.0
0.0
0.0
0.0
0.0
0.0
0.0
0.0
0.0
0.0
-1.0
0.0
0.0
0.0
0.0
0.0
0.0
0.0
-1.0
0.0
0.0
0.0
0.0
0.0
0.0
0.0
0.0
0.0
0.0
0.0
0.0
0.0
0.0
0.0
0.0
0.0
0.0
0.0
0.0
0.0
0.0
0.0
-1.0
0.0
0.0
0.0
0.0
0.0
0.0
0.0
0.0
0.0
1.0
0.0
0.0
0.0
0.0
1.0
0.0
0.0
0.0
0.0
0.0
0.0
0.0
0.0
1.0
0.0
0.0
0.0
0.0
0.0
0.0
0.0
0.0
0.0
-1.0
0.0
0.0
0.0
0.0
0.0
0.0
0.0
0.0
0.0
0.0
0.0
0.0
0.0
0.0
0.0
0.0
0.0
0.0
0.0
0.0
0.0
0.0
0.0
0.0
0.0
0.0
0.0
0.0
0.0
0.0
0.0
0.0
-1.0
0.0
0.0
0.0
0.0
0.0
0.0
0.0
0.0
0.0
0.0
0.0
0.0
0.0
0.0
0.0
0.0
0.0
0.0
0.0
0.0
0.0
0.0
0.0
0.0
0.0
0.0
0.0
0.0
0.0
0.0
0.0
0.0
0.0
0.0
0.0
0.0
0.0
0.0
0.0
0.0
0.0
0.0
0.0
0.0
0.0
0.0
0.0
0.0
0.0
0.0
0.0
0.0
0.0
0.0
0.0
0.0
0.0
0.0
0.0
0.0
0.0
0.0
0.0
0.0
0.0
0.0
0.0
0.0
0.0
0.0
0.0
0.0
0.0
0.0
0.0
0.0
0.0
0.0
0.0
0.0
0.0
0.0
0.0
0.0
0.0
0.0
1.0
0.0
0.0
0.0
0.0
0.0
0.0
0.0
0.0
0.0
0.0
0.0
0.0
0.0
0.0
0.0
0.0
0.0
0.0
0.0
0.0
0.0
0.0
0.0
0.0
0.0
0.0
0.0
0.0
0.0
0.0
0.0
0.0
0.0
0.0
0.0
0.0
0.0
0.0
0.0
0.0
0.0
0.0
0.0
0.0
0.0
0.0
0.0
0.0
0.0
0.0
0.0
0.0
0.0
0.0
0.0
0.0
0.0
0.0
0.0
0.0
0.0
0.0
0.0
0.0
0.0
0.0
0.0
0.0
0.0
0.0
0.0
0.0
0.0
0.0
0.0
0.0
0.0
0.0
0.0
0.0
0.0
0.0
0.0
0.0
0.0
0.0
0.0
0.0
0.0
0.0
0.0
0.0
0.0
0.0
0.0
0.0
0.0
0.0
0.0
0.0
0.0
0.0
0.0
0.0
0.0
0.0
0.0
0.0
0.0
0.0
0.0
0.0
0.0
0.0
0.0
0.0
0.0
0.0
0.0
0.0
0.0
0.0
0.0
0.0
0.0
0.0
0.0
0.0
0.0
0.0
0.0
0.0
0.0
0.0
0.0
0.0
0.0
0.0
0.0
0.0
0.0
0.0
0.0
0.0
0.0
0.0
0.0
0.0
0.0
0.0
0.0
0.0
0.0
0.0
0.0
0.0
0.0
0.0
0.0
0.0
0.0
0.0
0.0
0.0
0.0
0.0
0.0
0.0
0.0
0.0
0.0
0.0
0.0
0.0
0.0
0.0
0.0
0.0
0.0
0.0
0.0
0.0
0.0
0.0
0.0
0.0
0.0
0.0
0.0
0.0
0.0
0.0
0.0
0.0
0.0
0.0
0.0
0.0
0.0
0.0
0.0
0.0
0.0
0.0
0.0
0.0
0.0
0.0
0.0
0.0
0.0
0.0
0.0
0.0
0.0
0.0
0.0
0.0
0.0
0.0
0.0
0.0
0.0
0.0
0.0
0.0
0.0
0.0
0.0
0.0
0.0
0.0
0.0
0.0
0.0
0.0
0.0
0.0
0.0
0.0
0.0
0.0
0.0
0.0
0.0
0.0
0.0
0.0
0.0
0.0
0.0
0.0
0.0
0.0
0.0
0.0
0.0
0.0
0.0
0.0
0.0
0.0
0.0
0.0
0.0
0.0
0.0
0.0
0.0
0.0
0.0
0.0
0.0
0.0
0.0
0.0
0.0
0.0
0.0
0.0
0.0
0.0
0.0
0.0
0.0
0.0
0.0
0.0
0.0
0.0
0.0
0.0
0.0
0.0
0.0
0.0
0.0
0.0
0.0
0.0
0.0
0.0
0.0
0.0
0.0
0.0
0.0
0.0
0.0
0.0
0.0
0.0
0.0
0.0
0.0
0.0
0.0
0.0
0.0
0.0
0.0
0.0
0.0
0.0
0.0
0.0
0.0
0.0
0.0
0.0
0.0
0.0
0.0
0.0
0.0
0.0
0.0
0.0
0.0
0.0
0.0
0.0
0.0
0.0
0.0
0.0
0.0
0.0
0.0
0.0
0.0
0.0
0.0
0.0
0.0
0.0
0.0
0.0
0.0
0.0
0.0
0.0
0.0
0.0
0.0
0.0
0.0
0.0
0.0
0.0
0.0
0.0
0.0
0.0
0.0
0.0
0.0
0.0
0.0
0.0
0.0
0.0
0.0
0.0
0.0
0.0
0.0
0.0
0.0
0.0
0.0
0.0
0.0
0.0
0.0
0.0
0.0
0.0
0.0
0.0
0.0
0.0
0.0
0.0
0.0
0.0
0.0
0.0
0.0
0.0
0.0
0.0
0.0
0.0
0.0
0.0
0.0
0.0
0.0
0.0
0.0
0.0
0.0
0.0
0.0
0.0
0.0
0.0
0.0
0.0
0.0
0.0
0.0
0.0
0.0
0.0
0.0
0.0
0.0
0.0
0.0
0.0
0.0
0.0
0.0
0.0
0.0
0.0
0.0
0.0
0.0
0.0
0.0
0.0
0.0
0.0
-1.0
0.0
0.0
0.0
0.0
0.0
0.0
0.0
0.0
0.0
0.0
0.0
0.0
0.0
0.0
0.0
0.0
0.0
0.0
0.0
0.0
0.0
0.0
0.0
0.0
0.0
0.0
0.0
0.0
0.0
0.0
0.0
0.0
0.0
0.0
0.0
0.0
0.0
0.0
0.0
0.0
0.0
0.0
0.0
0.0
0.0
0.0
0.0
0.0
0.0
0.0
0.0
0.0
0.0
0.0
0.0
0.0
0.0
0.0
0.0
0.0
0.0
0.0
0.0
0.0
0.0
0.0
0.0
0.0
0.0
0.0
0.0
0.0
0.0
0.0
0.0
0.0
0.0
0.0
0.0
0.0
0.0
0.0
0.0
0.0
0.0
0.0
0.0
0.0
0.0
0.0
0.0
0.0
0.0
0.0
0.0
0.0
0.0
0.0
0.0
0.0
0.0
0.0
0.0
0.0
0.0
0.0
0.0
0.0
0.0
0.0
0.0
0.0
0.0
0.0
0.0
0.0
0.0
0.0
0.0
0.0
0.0
0.0
0.0
0.0
0.0
0.0
0.0
0.0
0.0
0.0
0.0
0.0
0.0
0.0
0.0
0.0
0.0
0.0
0.0
0.0
0.0
0.0
0.0
0.0
0.0
0.0
0.0
0.0
0.0
0.0
0.0
0.0
0.0
0.0
0.0
0.0
0.0
0.0
0.0
0.0
0.0
0.0
0.0
0.0
0.0
0.0
0.0
0.0
0.0
0.0
0.0
0.0
0.0
0.0
0.0
0.0
0.0
0.0
0.0
0.0
0.0
0.0
0.0
0.0
0.0
0.0
0.0
0.0
0.0
0.0
0.0
0.0
0.0
0.0
0.0
0.0
0.0
0.0
0.0
0.0
0.0
0.0
0.0
0.0
0.0
0.0
0.0
0.0
0.0
0.0
0.0
0.0
0.0
0.0
0.0
0.0
0.0
0.0
0.0
0.0
0.0
0.0
0.0
0.0
0.0
0.0
0.0
0.0
0.0
0.0
0.0
0.0
0.0
0.0
0.0
0.0
0.0
0.0
0.0
0.0
0.0
0.0
0.0
0.0
0.0
0.0
0.0
0.0
0.0
0.0
0.0
0.0
0.0
0.0
0.0
0.0
0.0
0.0
0.0
0.0
0.0
0.0
0.0
0.0
0.0
0.0
0.0
0.0
0.0
0.0
0.0
0.0
0.0
0.0
0.0
0.0
0.0
0.0
0.0
0.0
0.0
0.0
0.0
0.0
0.0
0.0
0.0
0.0
0.0
0.0
0.0
0.0
0.0
0.0
0.0
0.0
0.0
0.0
0.0
0.0
0.0
0.0
0.0
0.0
0.0
0.0
0.0
0.0
0.0
0.0
0.0
0.0
0.0
0.0
0.0
0.0
0.0
0.0
0.0
0.0
0.0
0.0
0.0
0.0
0.0
0.0
0.0
0.0
0.0
0.0
0.0
0.0
0.0
0.0
0.0
0.0
0.0
0.0
0.0
0.0
0.0
0.0
0.0
0.0
0.0
0.0
0.0
0.0
0.0
0.0
0.0
0.0
0.0
0.0
0.0
0.0
0.0
0.0
0.0
0.0
0.0
0.0
0.0
0.0
0.0
0.0
0.0
0.0
0.0
0.0
0.0
0.0
0.0
0.0
0.0
0.0
0.0
0.0
0.0
0.0
0.0
0.0
0.0
0.0
0.0
0.0
0.0
0.0
0.0
0.0
0.0
0.0
0.0
0.0
0.0
0.0
0.0
0.0
0.0
0.0
0.0
0.0
0.0
0.0
0.0
0.0
0.0
0.0
0.0
0.0
0.0
0.0
0.0
0.0
0.0
0.0
0.0
0.0
0.0
0.0
0.0
0.0
0.0
0.0
0.0
0.0
0.0
0.0
0.0
0.0
0.0
0.0
0.0
0.0
0.0
0.0
0.0
0.0
0.0
0.0
0.0
0.0
0.0
0.0
0.0
0.0
0.0
0.0
0.0
0.0
0.0
0.0
0.0
0.0
0.0
0.0
0.0
0.0
0.0
0.0
0.0
0.0
0.0
0.0
0.0
0.0
0.0
0.0
0.0
0.0
0.0
0.0
0.0
0.0
0.0
0.0
0.0
0.0
0.0
0.0
0.0
0.0
0.0
0.0
0.0
0.0
0.0
0.0
0.0
0.0
0.0
0.0
0.0
0.0
0.0
0.0
0.0
0.0
0.0
0.0
0.0
0.0
0.0
0.0
0.0
0.0
0.0
0.0
0.0
0.0
0.0
0.0
0.0
0.0
0.0
0.0
0.0
0.0
0.0
0.0
0.0
0.0
0.0
0.0
0.0
0.0
0.0
0.0
0.0
0.0
0.0
0.0
0.0
0.0
0.0
0.0
0.0
0.0
0.0
0.0
0.0
0.0
0.0
0.0
0.0
0.0
0.0
0.0
0.0
0.0
0.0
0.0
0.0
0.0
0.0
0.0
0.0
0.0
0.0
0.0
0.0
0.0
0.0
0.0
0.0
0.0
0.0
0.0
0.0
0.0
0.0
0.0
0.0
0.0
0.0
0.0
0.0
0.0
0.0
0.0
0.0
0.0
0.0
0.0
0.0
0.0
0.0
0.0
0.0
0.0
0.0
0.0
0.0
0.0
0.0
0.0
0.0
0.0
0.0
0.0
0.0
0.0
0.0
0.0
0.0
0.0
0.0
0.0
0.0
0.0
0.0
0.0
0.0
0.0
0.0
0.0
0.0
0.0
0.0
0.0
0.0
0.0
0.0
0.0
0.0
0.0
0.0
0.0
0.0
0.0
0.0
0.0
0.0
0.0
0.0
0.0
0.0
0.0
0.0
0.0
0.0
0.0
0.0
0.0
0.0
0.0
0.0
0.0
0.0
0.0
0.0
0.0
0.0
0.0
0.0
0.0
0.0
0.0
0.0
0.0
0.0
0.0
0.0
0.0
0.0
0.0
0.0
0.0
0.0
0.0
0.0
0.0
0.0
0.0
0.0
0.0
0.0
0.0
0.0
0.0
1.0
0.0
0.0
0.0
0.0
0.0
0.0
0.0
0.0
0.0
0.0
0.0
0.0
0.0
0.0
0.0
0.0
0.0
0.0
0.0
0.0
0.0
0.0
0.0
0.0
0.0
0.0
0.0
0.0
0.0
0.0
0.0
0.0
0.0
0.0
0.0
0.0
0.0
0.0
0.0
0.0
0.0
0.0
0.0
0.0
0.0
0.0
0.0
0.0
0.0
0.0
0.0
0.0
0.0
0.0
0.0
0.0
0.0
0.0
0.0
0.0
0.0
0.0
0.0
0.0
0.0
0.0
0.0
0.0
0.0
0.0
0.0
0.0
0.0
0.0
0.0
0.0
0.0
0.0
0.0
0.0
0.0
0.0
0.0
0.0
0.0
0.0
0.0
0.0
0.0
0.0
0.0
0.0
0.0
0.0
0.0
0.0
0.0
0.0
0.0
0.0
0.0
0.0
0.0
0.0
0.0
0.0
0.0
0.0
0.0
0.0
0.0
0.0
0.0
0.0
0.0
0.0
0.0
0.0
0.0
0.0
0.0
0.0
0.0
0.0
0.0
0.0
0.0
0.0
0.0
0.0
0.0
0.0
0.0
0.0
0.0
0.0
0.0
0.0
0.0
0.0
0.0
0.0
0.0
0.0
0.0
0.0
0.0
0.0
0.0
0.0
0.0
0.0
0.0
0.0
60.0
122880.0
0.0
0.0
0.0
0.0
0.0
0.0
12.0
119008.0
0.0
0.0
0.0
0.0
0.0
0.0
0.0
0.0
0.0
0.0
0.0
0.0
0.0
0.0
0.0
0.0
0.0
0.0
