0.40529814
0.00702227
0.0016433189
0.0012392241
0.0025323275
0.0010865661
0.00087104883
0.0010686063
0.0016792385
0.0011494253
0.0009877874
0.0006106322
0.0012212644
0.00079920975
0.00069145113
0.0014008621
0.001481681
0.0010416667
0.0014727012
0.0007453305
0.0009967672
0.0033135775
0.0007273707
0.00059267244
0.0008081897
0.00052083336
0.00087104883
0.00068247126
0.0011224856
0.001257184
0.00070043106
0.0010506465
0.001329023
0.0009877874
0.00070043106
0.00079920975
0.0036637932
0.0023617097
0.0006555316
0.0008351293
0.0030801005
0.001248204
0.0008530891
0.0014547413
0.0016612788
0.00068247126
0.001329023
0.00077227014
0.0014278017
0.0010686063
0.0008081897
0.0016792385
0.0012751437
0.0009788075
0.0007363506
0.0011853449
0.0011045259
0.0016522988
0.0009698276
0.0007273707
0.0010416667
0.0009069684
0.00088002876
0.00068247126
0.00704023
0.0018229167
0.0010596265
0.0018588362
0.0022449712
0.008459052
0.0012302443
0.0014996408
0.0014637213
0.0016343391
0.001167385
0.0009159483
0.002020474
0.0044989223
0.001329023
0.0012751437
0.0018588362
0.001490661
0.0013649425
0.0017331179
0.0024694684
0.0034033763
0.001257184
0.0022449712
0.0015804598
0.0016073994
0.0013110632
0.0010865661
0.0012841235
0.0022180316
0.0013200431
0.0019216954
0.0012212644
0.0036368535
0.0016163794
0.0021551724
0.0019486351
0.0062948996
0.0064475574
0.0012751437
0.001795977
0.005028736
0.0024784482
0.0012392241
0.0035829742
0.0032417385
0.0034572557
0.004310345
0.0037356322
0.0016882184
0.0048760776
0.0028466235
0.004840158
0.0032866378
0.002029454
0.003672773
0.002253951
0.0014637213
0.002810704
0.0010686063
0.0016163794
0.0016971983
0.0013469828
0.0036548132
0.0029543822
0.002101293
0.0013110632
0.0017061782
0.0019127155
0.005558549
0.002729885
0.0017241379
0.004130747
0.012033046
0.002415589
0.010955459
0.0019037357
0.0035829742
0.0013559626
0.0015714798
0.0013380029
0.0009069684
0.0019216954
0.00088900863
0.0015265804
0.0017420977
0.0015445403
0.00093390804
0.0012931034
0.0009069684
0.0017061782
0.0009428879
0.0013469828
0.0012751437
0.0013110632
0.0010686063
0.0011314655
0.002262931
0.002119253
0.0008261494
0.0009698276
0.00081716955
0.001490661
0.0010057471
0.0012751437
0.00077227014
0.0011045259
0.0008261494
0.0012122844
0.0010057471
0.0014008621
0.0010686063
0.0015894397
0.00087104883
0.0012392241
0.00088900863
0.0013739225
0.002119253
0.002038434
0.0013380029
0.0023257902
0.0009967672
0.0012033046
0.0010596265
0.0012392241
0.0013200431
0.0013559626
0.0010865661
0.0017061782
0.0015894397
0.0018408764
0.0011224856
0.0018049569
0.0008261494
0.0024425287
0.00466954
0.0016702586
0.0014727012
0.001957615
0.0009159483
0.0032327587
0.0007273707
0.0016343391
0.00079920975
0.0030262212
0.001329023
0.0016343391
0.0010775862
0.0015804598
0.00088900863
0.0018857758
0.0015445403
0.0020474137
0.0014727012
0.0016073994
0.001014727
0.0015535201
0.0010416667
0.0018498563
0.0011314655
0.0021551724
0.0014727012
0.0016433189
0.0013200431
0.006411638
0.0024874283
0.004768319
0.004471983
0.004507902
0.0060524424
0.002658046
0.0030801005
0.002747845
0.0033854167
0.002963362
0.0031429597
0.0046515805
0.003744612
0.0031788794
0.0027119252
0.0030082616
0.0025323275
0.0028196839
0.003753592
0.004454023
0.0029274425
0.002747845
0.0029184627
0.0039331894
0.0034572557
0.005567529
0.0747755
0.13084112
0.0
0.0
0.0
0.0
0.0
0.0
0.0
0.0
0.0
0.0
0.0
0.0
0.0
0.0
0.0
0.0
0.0
0.0
0.0
0.0
0.0
0.0
0.0
0.0
0.0
0.0
0.0
0.0
0.0
0.0
0.0
0.0085837105
2.7380256e-05
1.8253504e-05
2.7380256e-05
2.2816881e-05
1.8253504e-05
2.2816881e-05
0.00041070385
2.2816881e-05
3.650701e-05
2.7380256e-05
2.2816881e-05
2.2816881e-05
3.650701e-05
1.8253504e-05
2.7380256e-05
0.07485306
0.00026011243
0.00024185894
0.00054760516
0.0021676037
0.000606929
0.00033768982
0.0003285631
0.0002099153
0.00079402747
0.0008944217
0.000812281
0.0017660266
0.00023273219
0.0005156615
0.008889457
0.015150409
8.2140774e-05
5.932389e-05
0.0002099153
0.00065256277
0.00025554906
0.0012458017
0.0006388727
0.00016884491
0.00016884491
0.0002281688
0.00033768982
0.00026011243
7.7577395e-05
0.0005749854
0.007926584
0.007351599
0.00015971817
0.000100394274
9.58309e-05
0.0001140844
0.00014146465
0.00012321115
0.0005156615
0.00018253505
0.00021447868
0.00018253505
0.00015059141
0.00014146465
0.00077577395
0.0007894641
0.007652782
0.0072740214
7.7577395e-05
0.0001140844
0.00015515479
0.0004198306
0.00019622517
8.6704145e-05
7.301402e-05
8.2140774e-05
0.00012777453
7.301402e-05
9.58309e-05
0.00025554906
6.3887266e-05
2.7380256e-05
0.00022360543
0.023414683
0.00031487294
0.001031323
0.00054760516
0.0010404497
0.0004061405
0.0009263654
0.0023501387
0.0016838858
0.00041070385
0.0003650701
0.00033312646
0.00047459113
0.0011727876
0.0027608427
0.009496386
0.033800926
0.001565238
0.001213858
0.0014465903
0.0040614046
0.0028201665
0.01420579
0.008761683
0.0026421947
0.00066168956
0.0009902526
0.0011089004
0.0012458017
0.0008624781
0.0040385877
0.023378177
0.0073059653
0.0004563376
0.0004061405
0.00048828125
0.0010358864
0.0009537456
0.0038925598
0.0019941954
0.0006662529
0.0006662529
0.0005521685
0.0005932389
0.0007301402
0.0013051255
0.007205571
0.009131316
0.025860652
0.0014146466
0.0013690129
0.0011773511
0.0017842801
0.002414026
0.002181294
0.0026056878
0.0024094626
0.0025646174
0.0022178008
0.0025052936
0.0027106456
0.0036005038
0.014429395
0.01486748
0.016501168
0.0013644495
0.0005567319
0.00084878795
0.0013142524
0.0016428154
0.0037054615
0.0031715464
0.0031989268
0.0016838858
0.0015150409
0.0017842801
0.0018664208
0.0020307023
0.005581009
0.009309287
0.025349556
0.0031259127
0.004015771
0.0018116604
0.003408842
0.0029570677
0.0030118283
0.0032308702
0.010459258
0.0023090683
0.0017797167
0.0025919976
0.0033814618
0.002039829
0.0052570095
0.009382301
0.023875585
0.0015469845
0.004695714
0.0024185893
0.011221342
0.004672897
0.0043488974
0.004221123
0.020886572
0.002596561
0.002181294
0.0038377994
0.006817684
0.0044721086
0.004440165
0.01926201
0.014497846
0.0026056878
0.0036552644
0.001492224
0.00567684
0.003358645
0.005092728
0.006019093
0.009418809
0.0024048993
0.0022725614
0.002523547
0.0036826446
0.003249124
0.0035137997
0.005302643
0.01382703
0.0041983062
0.004878249
0.005800051
0.0061194873
0.007534134
0.007985909
0.007424613
0.0068222475
0.006343093
0.0062655155
0.005667713
0.0054304176
0.0051474883
0.0049649533
0.0043945312
628.0
12.207006
7666.0
0.0015653535
0.0024784764
0.0011740151
0.0013044613
0.0023480302
0.003913384
0.0009131229
0.0030002608
0.026480563
0.00404383
0.0009131229
0.0057396297
0.0110879205
0.002217584
0.0069136447
0.002217584
0.002217584
0.0013044613
0.002217584
0.010827028
0.004304722
0.001956692
0.0014349074
0.002217584
0.0014349074
0.001956692
0.0023480302
0.0015653535
0.0015653535
0.0020871381
0.0009131229
0.0011740151
0.008609444
0.010044351
0.0036524916
0.016697105
0.0099139055
0.00639186
0.0057396297
0.0118705975
0.0066527524
0.010174798
0.0015653535
0.0048265066
0.010305244
0.0057396297
0.007174537
0.0065223062
0.0118705975
0.007304983
0.005087399
0.009392121
0.01917558
0.003130707
0.0024784764
0.0134359505
0.0024784764
0.0099139055
0.0015653535
0.0030002608
0.0027393687
0.01043569
0.0023480302
0.011740151
0.0011740151
0.034046438
0.008218106
0.017088443
0.014870859
0.077484995
0.015653536
0.0065223062
0.006261414
0.05596139
0.018914688
0.005087399
0.031437516
0.02556744
0.027785026
0.04539525
0.013827289
0.002217584
0.045525696
0.027132794
0.04748239
0.01447952
0.0106965825
0.025045656
0.0056091836
0.004304722
0.01917558
0.0013044613
0.001956692
0.00078267674
0.0046960604
0.026480563
5.76735
0.0
0.0
0.0
2.0
111360.0
122880.0
0.0
0.0
6.0
1.0
1.0
0.0
0.0
0.0
1423273000.0
0.0
0.0
0.0
0.0
0.0
1.0
0.0
0.0
0.0
0.0
0.0
0.0
-1.0
1.0
0.0
0.0
1.0
0.0
0.0
0.0
0.0
0.0
0.0
0.0
0.0
0.0
0.0
1.0
0.0
0.0
0.0
0.0
0.0
0.0
0.0
0.0
0.0
0.0
0.0
0.0
0.0
-1.0
0.0
0.0
0.0
0.0
0.0
0.0
0.0
0.0
0.0
0.0
8.0
0.0
4.0
0.0
4.0
0.0
45056.0
1024.0
4096.0
4.0
0.0
0.0
2.0
4.0
0.0
0.0
0.0
0.0
0.0
0.0
0.0
0.0
0.0
0.0
0.0
0.0
0.0
0.0
0.0
0.0
0.0
-3072.0
0.0
0.0
0.0
0.0
0.0
0.0
0.0
0.0
0.0
0.0
-41984.0
0.0
0.0
0.0
0.0
0.0
62976.0
0.0
0.0
0.0
0.0
0.0
0.0
0.0
0.0
2048.0
0.0
0.0
0.0
0.0
0.0
0.0
0.0
0.0
0.0
0.0
0.0
0.0
0.0
0.0
0.0
0.0
0.0
0.0
0.0
0.0
0.0
0.0
0.0
-4.434424
0.0
0.0
0.0
0.0
0.0
0.0
0.0
0.0
0.0
0.0
-5.5096464
0.0
0.0
0.0
0.0
0.0
4.8957047
0.0
0.0
0.0
0.0
0.0
0.0
0.0
0.0
3.3956902
0.0
0.0
0.0
0.0
0.0
0.0
0.0
0.0
0.0
0.0
0.0
0.0
0.0
0.0
0.0
0.0
0.0
0.0
0.0
0.0
0.0
0.0
0.0
-4096.0
0.0
0.0
0.0
0.0
0.0
0.0
0.0
0.0
0.0
0.0
-45056.0
0.0
0.0
0.0
0.0
0.0
65536.0
0.0
0.0
0.0
0.0
0.0
0.0
0.0
0.0
4096.0
0.0
0.0
0.0
0.0
0.0
0.0
0.0
0.0
0.0
0.0
0.0
0.0
0.0
0.0
0.0
0.0
0.0
0.0
1.0
0.0
0.0
0.0
0.0
0.0
0.0
0.0
-1.0
0.0
0.0
0.0
0.0
0.0
0.0
0.0
0.0
0.0
0.0
-1.0
0.0
0.0
0.0
0.0
0.0
0.0
0.0
-1.0
0.0
0.0
0.0
0.0
0.0
0.0
0.0
0.0
0.0
0.0
0.0
0.0
0.0
0.0
0.0
0.0
0.0
0.0
0.0
0.0
0.0
0.0
0.0
-1.0
0.0
0.0
0.0
0.0
0.0
0.0
0.0
0.0
0.0
1.0
0.0
0.0
0.0
0.0
1.0
0.0
0.0
0.0
0.0
0.0
0.0
0.0
0.0
1.0
0.0
0.0
0.0
0.0
0.0
0.0
0.0
0.0
0.0
-1.0
0.0
0.0
0.0
0.0
0.0
0.0
0.0
0.0
0.0
0.0
0.0
0.0
0.0
0.0
0.0
0.0
0.0
0.0
0.0
0.0
0.0
0.0
0.0
0.0
0.0
0.0
0.0
0.0
0.0
0.0
0.0
0.0
0.0
0.0
0.0
0.0
0.0
0.0
0.0
0.0
0.0
0.0
0.0
0.0
0.0
-1.0
0.0
0.0
0.0
0.0
0.0
0.0
0.0
0.0
0.0
-1.0
0.0
0.0
0.0
0.0
0.0
0.0
0.0
0.0
0.0
0.0
0.0
0.0
0.0
0.0
0.0
0.0
0.0
0.0
0.0
0.0
0.0
0.0
0.0
0.0
0.0
0.0
0.0
0.0
0.0
0.0
0.0
0.0
0.0
0.0
0.0
0.0
0.0
0.0
0.0
0.0
0.0
0.0
1.0
0.0
0.0
0.0
0.0
0.0
0.0
0.0
0.0
0.0
0.0
0.0
0.0
0.0
0.0
0.0
0.0
0.0
0.0
0.0
0.0
1.0
0.0
0.0
0.0
0.0
0.0
0.0
0.0
0.0
0.0
0.0
0.0
0.0
0.0
0.0
0.0
0.0
0.0
0.0
0.0
0.0
0.0
0.0
0.0
0.0
0.0
0.0
0.0
0.0
0.0
0.0
0.0
0.0
0.0
0.0
0.0
0.0
0.0
0.0
0.0
0.0
0.0
0.0
0.0
0.0
0.0
0.0
0.0
0.0
0.0
0.0
0.0
0.0
0.0
0.0
0.0
0.0
0.0
0.0
0.0
0.0
0.0
0.0
0.0
0.0
0.0
0.0
0.0
0.0
0.0
0.0
0.0
0.0
0.0
0.0
0.0
0.0
0.0
0.0
0.0
1.0
0.0
0.0
0.0
1.0
0.0
0.0
0.0
0.0
0.0
0.0
0.0
0.0
0.0
0.0
0.0
0.0
0.0
0.0
0.0
0.0
0.0
0.0
0.0
0.0
0.0
0.0
0.0
0.0
0.0
0.0
0.0
0.0
0.0
0.0
0.0
0.0
0.0
0.0
0.0
0.0
0.0
0.0
0.0
0.0
0.0
0.0
0.0
0.0
0.0
0.0
0.0
0.0
0.0
0.0
0.0
0.0
0.0
0.0
0.0
0.0
0.0
0.0
0.0
0.0
0.0
0.0
0.0
0.0
0.0
0.0
0.0
0.0
0.0
0.0
0.0
0.0
0.0
0.0
0.0
0.0
0.0
0.0
0.0
0.0
0.0
0.0
0.0
0.0
0.0
0.0
0.0
0.0
0.0
0.0
0.0
0.0
0.0
0.0
0.0
0.0
0.0
0.0
0.0
0.0
0.0
0.0
0.0
0.0
0.0
0.0
0.0
0.0
0.0
0.0
0.0
0.0
0.0
0.0
0.0
0.0
0.0
0.0
0.0
0.0
0.0
0.0
0.0
0.0
0.0
0.0
0.0
0.0
0.0
0.0
0.0
0.0
0.0
0.0
0.0
0.0
0.0
0.0
0.0
0.0
0.0
0.0
0.0
0.0
0.0
0.0
0.0
0.0
0.0
0.0
0.0
0.0
0.0
0.0
0.0
0.0
0.0
0.0
0.0
0.0
0.0
0.0
0.0
0.0
0.0
0.0
0.0
0.0
0.0
0.0
0.0
0.0
0.0
0.0
0.0
0.0
0.0
0.0
0.0
0.0
1.0
0.0
0.0
0.0
0.0
0.0
0.0
0.0
0.0
0.0
0.0
0.0
0.0
0.0
0.0
0.0
0.0
0.0
0.0
0.0
0.0
0.0
0.0
0.0
0.0
0.0
0.0
0.0
0.0
0.0
0.0
0.0
0.0
0.0
0.0
0.0
0.0
0.0
0.0
0.0
0.0
0.0
0.0
0.0
0.0
0.0
0.0
0.0
0.0
0.0
0.0
0.0
0.0
0.0
0.0
0.0
0.0
0.0
0.0
0.0
0.0
0.0
0.0
0.0
0.0
0.0
0.0
0.0
0.0
0.0
0.0
0.0
0.0
0.0
0.0
0.0
0.0
0.0
0.0
0.0
0.0
0.0
0.0
0.0
0.0
0.0
0.0
0.0
0.0
0.0
0.0
0.0
0.0
0.0
0.0
0.0
0.0
0.0
0.0
0.0
0.0
0.0
0.0
0.0
0.0
0.0
0.0
0.0
0.0
0.0
0.0
0.0
0.0
0.0
0.0
0.0
0.0
0.0
0.0
0.0
0.0
0.0
0.0
0.0
0.0
0.0
0.0
0.0
0.0
0.0
0.0
0.0
0.0
0.0
0.0
0.0
0.0
0.0
0.0
0.0
0.0
0.0
0.0
0.0
0.0
0.0
0.0
0.0
0.0
0.0
0.0
0.0
0.0
0.0
0.0
0.0
0.0
0.0
0.0
0.0
0.0
0.0
0.0
0.0
0.0
0.0
0.0
0.0
0.0
0.0
0.0
0.0
0.0
0.0
0.0
0.0
0.0
0.0
0.0
0.0
0.0
0.0
0.0
0.0
0.0
0.0
0.0
0.0
0.0
0.0
0.0
0.0
0.0
0.0
0.0
0.0
0.0
0.0
0.0
0.0
0.0
0.0
0.0
0.0
0.0
0.0
0.0
0.0
0.0
0.0
0.0
0.0
0.0
0.0
0.0
0.0
0.0
0.0
0.0
0.0
0.0
0.0
0.0
0.0
0.0
0.0
0.0
0.0
0.0
0.0
0.0
0.0
0.0
0.0
0.0
0.0
0.0
0.0
0.0
0.0
0.0
0.0
0.0
0.0
0.0
0.0
0.0
0.0
0.0
0.0
0.0
0.0
0.0
0.0
0.0
0.0
0.0
0.0
0.0
0.0
0.0
0.0
0.0
0.0
0.0
0.0
0.0
0.0
0.0
0.0
0.0
0.0
0.0
0.0
0.0
0.0
0.0
0.0
0.0
0.0
0.0
0.0
0.0
0.0
0.0
0.0
0.0
0.0
0.0
0.0
0.0
0.0
0.0
0.0
0.0
0.0
0.0
0.0
0.0
1.0
0.0
0.0
0.0
0.0
0.0
0.0
0.0
0.0
0.0
0.0
0.0
0.0
0.0
0.0
0.0
0.0
0.0
0.0
0.0
0.0
0.0
0.0
0.0
0.0
0.0
0.0
0.0
0.0
0.0
0.0
0.0
0.0
0.0
0.0
0.0
0.0
0.0
0.0
0.0
0.0
0.0
0.0
0.0
0.0
0.0
0.0
0.0
1.0
0.0
0.0
0.0
0.0
0.0
0.0
0.0
0.0
0.0
0.0
0.0
0.0
0.0
0.0
0.0
0.0
0.0
0.0
0.0
0.0
0.0
0.0
0.0
0.0
0.0
0.0
0.0
0.0
0.0
0.0
0.0
0.0
0.0
0.0
0.0
0.0
0.0
0.0
0.0
0.0
0.0
0.0
0.0
0.0
0.0
0.0
0.0
0.0
0.0
0.0
0.0
0.0
0.0
0.0
0.0
0.0
0.0
0.0
0.0
0.0
0.0
0.0
0.0
0.0
0.0
0.0
0.0
0.0
0.0
0.0
0.0
0.0
0.0
0.0
0.0
0.0
0.0
0.0
0.0
0.0
0.0
0.0
0.0
0.0
0.0
0.0
0.0
0.0
0.0
0.0
0.0
0.0
0.0
0.0
0.0
0.0
0.0
0.0
0.0
0.0
0.0
0.0
0.0
0.0
0.0
0.0
0.0
0.0
0.0
0.0
0.0
0.0
0.0
0.0
0.0
0.0
0.0
0.0
0.0
0.0
0.0
0.0
0.0
0.0
0.0
0.0
0.0
0.0
0.0
0.0
0.0
0.0
0.0
0.0
0.0
0.0
0.0
0.0
0.0
0.0
0.0
0.0
0.0
0.0
0.0
0.0
0.0
0.0
0.0
0.0
0.0
0.0
0.0
0.0
0.0
0.0
0.0
0.0
0.0
0.0
0.0
0.0
0.0
0.0
0.0
0.0
0.0
0.0
0.0
0.0
0.0
0.0
0.0
0.0
0.0
0.0
0.0
0.0
0.0
0.0
0.0
0.0
1.0
0.0
0.0
0.0
0.0
0.0
0.0
0.0
0.0
0.0
0.0
0.0
0.0
0.0
-1.0
0.0
0.0
0.0
0.0
0.0
0.0
0.0
0.0
0.0
0.0
0.0
0.0
0.0
0.0
0.0
0.0
0.0
0.0
0.0
0.0
0.0
0.0
0.0
0.0
0.0
0.0
0.0
0.0
0.0
0.0
0.0
0.0
0.0
0.0
0.0
0.0
0.0
0.0
0.0
0.0
0.0
0.0
0.0
0.0
0.0
0.0
0.0
0.0
0.0
0.0
0.0
0.0
0.0
0.0
0.0
0.0
0.0
0.0
0.0
0.0
0.0
0.0
0.0
0.0
0.0
0.0
0.0
0.0
0.0
0.0
0.0
0.0
0.0
0.0
0.0
0.0
0.0
0.0
0.0
0.0
0.0
0.0
0.0
0.0
0.0
0.0
0.0
0.0
0.0
0.0
0.0
0.0
0.0
0.0
0.0
0.0
0.0
0.0
0.0
0.0
0.0
0.0
0.0
0.0
0.0
0.0
0.0
0.0
0.0
0.0
0.0
0.0
0.0
0.0
0.0
0.0
0.0
0.0
0.0
0.0
0.0
0.0
0.0
0.0
0.0
0.0
0.0
0.0
0.0
0.0
0.0
0.0
0.0
0.0
0.0
0.0
0.0
0.0
0.0
0.0
0.0
0.0
0.0
0.0
0.0
0.0
0.0
0.0
0.0
0.0
0.0
0.0
0.0
0.0
0.0
0.0
0.0
0.0
0.0
0.0
0.0
0.0
0.0
0.0
0.0
0.0
0.0
0.0
0.0
0.0
0.0
0.0
0.0
0.0
0.0
0.0
0.0
0.0
0.0
0.0
0.0
1.0
0.0
0.0
0.0
0.0
0.0
0.0
0.0
0.0
0.0
0.0
0.0
0.0
0.0
0.0
0.0
0.0
0.0
0.0
0.0
0.0
0.0
0.0
0.0
0.0
0.0
0.0
0.0
0.0
0.0
0.0
0.0
0.0
0.0
0.0
0.0
0.0
0.0
0.0
0.0
0.0
0.0
0.0
0.0
0.0
0.0
0.0
0.0
0.0
0.0
0.0
0.0
0.0
0.0
0.0
0.0
0.0
0.0
0.0
0.0
0.0
0.0
0.0
0.0
0.0
0.0
0.0
0.0
0.0
0.0
0.0
0.0
0.0
0.0
0.0
0.0
0.0
0.0
0.0
0.0
0.0
0.0
0.0
0.0
0.0
0.0
0.0
0.0
0.0
0.0
0.0
0.0
0.0
0.0
0.0
0.0
0.0
0.0
0.0
0.0
0.0
0.0
0.0
0.0
0.0
0.0
0.0
0.0
0.0
0.0
0.0
0.0
0.0
0.0
0.0
0.0
0.0
0.0
0.0
0.0
0.0
0.0
0.0
0.0
0.0
0.0
0.0
0.0
0.0
0.0
0.0
0.0
0.0
0.0
0.0
0.0
0.0
0.0
0.0
0.0
0.0
0.0
0.0
0.0
0.0
0.0
0.0
0.0
0.0
0.0
0.0
0.0
0.0
0.0
0.0
0.0
0.0
0.0
0.0
0.0
0.0
0.0
0.0
0.0
0.0
0.0
0.0
0.0
0.0
0.0
0.0
0.0
0.0
0.0
0.0
0.0
0.0
0.0
0.0
0.0
0.0
0.0
0.0
0.0
0.0
0.0
0.0
0.0
0.0
0.0
0.0
0.0
0.0
0.0
0.0
0.0
0.0
0.0
0.0
0.0
0.0
0.0
0.0
0.0
0.0
0.0
0.0
0.0
0.0
0.0
0.0
0.0
0.0
0.0
0.0
0.0
0.0
0.0
0.0
0.0
0.0
0.0
0.0
0.0
0.0
0.0
0.0
0.0
0.0
0.0
0.0
0.0
0.0
0.0
0.0
0.0
0.0
0.0
0.0
0.0
0.0
0.0
0.0
0.0
0.0
0.0
0.0
0.0
0.0
0.0
0.0
0.0
0.0
0.0
0.0
0.0
0.0
0.0
0.0
0.0
0.0
0.0
0.0
0.0
0.0
0.0
0.0
0.0
0.0
0.0
0.0
0.0
0.0
0.0
0.0
0.0
0.0
0.0
0.0
0.0
0.0
0.0
0.0
0.0
0.0
0.0
0.0
0.0
0.0
0.0
0.0
0.0
0.0
0.0
0.0
0.0
0.0
0.0
0.0
0.0
0.0
0.0
140.0
118784.0
1592.0
114688.0
0.0
0.0
0.0
0.0
12.0
116668.0
0.0
0.0
0.0
0.0
0.0
0.0
0.0
0.0
0.0
0.0
0.0
0.0
0.0
0.0
0.0
0.0
0.0
0.0
