0.32136074
0.006719743
0.0022825215
0.0027207655
0.0025199035
0.001278212
0.0012416916
0.0016434154
0.002994668
0.001826017
0.0013329925
0.0010956102
0.0015338544
0.0015886349
0.0011503907
0.0025199035
0.0031590096
0.0021547002
0.0013329925
0.0015521145
0.0016799357
0.0030859688
0.0015703747
0.0019355781
0.0019355781
0.0012051712
0.0016981959
0.001826017
0.0020633994
0.001716456
0.001497334
0.0022277408
0.0035607333
0.0022277408
0.0024833833
0.001606895
0.0011503907
0.001387773
0.0008947484
0.0013147324
0.0012599517
0.0010590899
0.0015703747
0.001387773
0.0014060332
0.0010773501
0.003414652
0.0013147324
0.005039807
0.0049850265
0.005240669
0.0050580674
0.004199839
0.0039441967
0.003834636
0.003907677
0.003980717
0.0032685706
0.0026842451
0.0009495289
0.0015521145
0.0011869111
0.0010956102
0.0008764882
0.0063727996
0.0020086188
0.00067562633
0.0038163757
0.0027025053
0.0031772698
0.0019720984
0.004181579
0.0017529764
0.0013695129
0.0011869111
0.0011321306
0.0017894967
0.0021912204
0.0010956102
0.0009130085
0.002574684
0.0011503907
0.001497334
0.0013512527
0.0013147324
0.0017529764
0.00096778903
0.0011869111
0.0013695129
0.0007121467
0.001826017
0.0010408297
0.004729384
0.0008764882
0.0008947484
0.0020816594
0.0010408297
0.008363158
0.0045467825
0.0053684902
0.006829304
0.012782119
0.004729384
0.001716456
0.003505953
0.004911986
0.0027938061
0.0016251552
0.003323351
0.0029398876
0.0044007013
0.0045285225
0.0024468629
0.0008947484
0.004565043
0.0058067343
0.0065919217
0.0033963919
0.0018625375
0.0021729604
0.002665985
0.0010043094
0.0006938865
0.0011686509
0.0008034475
0.0006025856
0.00052954495
0.0010043094
0.0015886349
0.0011138704
0.000748667
0.0026842451
0.0011138704
0.0017529764
0.001387773
0.0010225696
0.0013329925
0.0030311884
0.0018442773
0.0063727996
0.000639106
0.0018990578
0.0010773501
0.0013147324
0.002556424
0.0011503907
0.00096778903
0.001387773
0.0019903586
0.002246001
0.0014242934
0.0012234314
0.0007669272
0.0008947484
0.0027938061
0.00083996786
0.001278212
0.0009495289
0.0009860492
0.0007121467
0.0012964722
0.0012234314
0.000858228
0.0011138704
0.00096778903
0.0026294647
0.0011869111
0.0006938865
0.0011686509
0.0010590899
0.0011321306
0.0009860492
0.001606895
0.0012234314
0.0009860492
0.000748667
0.0011503907
0.0012416916
0.0010956102
0.0016799357
0.0015338544
0.0009495289
0.0011869111
0.0018625375
0.0021181798
0.0012964722
0.00083996786
0.0031590096
0.0008764882
0.001497334
0.0009860492
0.0012051712
0.0031590096
0.001826017
0.001716456
0.0034876927
0.0018807976
0.0005478051
0.0010225696
0.001826017
0.0009860492
0.0011503907
0.0010225696
0.001497334
0.0056971735
0.0010956102
0.0013329925
0.0016981959
0.0012599517
0.001497334
0.0011869111
0.0011503907
0.0009495289
0.0012051712
0.0014060332
0.0010225696
0.001387773
0.00083996786
0.0010590899
0.0016981959
0.0010590899
0.001716456
0.0010225696
0.0014790739
0.0014425535
0.00083996786
0.0013695129
0.001278212
0.0018442773
0.0013512527
0.0011138704
0.0029398876
0.006719743
0.004199839
0.0052954494
0.0048572053
0.005167628
0.00531371
0.0057336935
0.0049850265
0.006646702
0.0064641004
0.0076510115
0.0074136294
0.007048426
0.0052589295
0.0057154335
0.0032868308
0.005021547
0.004711124
0.023446059
0.008070995
0.00427288
0.0017894967
0.0016616755
0.06989993
0.03846154
0.0
0.0
0.0
0.0
0.0
0.0
0.0
0.0
0.0
0.0
0.0
0.0
0.0
0.0
0.0
0.0
0.0
0.0
0.0
0.0
0.0
0.0
0.0
0.0
0.0
0.0
0.0
0.0
0.0
0.0
0.0
0.0
0.0
0.0
0.0
0.0
0.0
0.0
0.0
0.0
0.0
0.0
0.0
0.0
0.0
0.0
0.0
0.016855093
0.000103290266
0.00011268029
0.0006573017
0.00045072116
0.00011268029
0.000384991
0.00017841045
5.6340145e-05
3.7560098e-05
4.695012e-05
6.573017e-05
3.7560098e-05
6.573017e-05
3.7560098e-05
2.8170072e-05
0.016103892
0.00032865084
5.6340145e-05
2.8170072e-05
0.00076059194
0.00030048078
0.00018780048
3.7560098e-05
0.0004225511
9.390024e-06
6.573017e-05
9.390024e-05
0.000103290266
6.573017e-05
0.00020658053
0.0004601112
0.008845403
0.00015024039
9.390024e-05
2.8170072e-05
9.390024e-06
4.695012e-05
0.00013146034
0.00032865084
0.00011268029
0.00014085036
0.00015024039
0.00012207031
0.00024414062
0.00016902044
0.0013333834
0.026554989
0.008760893
0.0003192608
8.451022e-05
7.5120195e-05
6.573017e-05
4.695012e-05
4.695012e-05
4.695012e-05
0.0
0.0001971905
0.00013146034
0.00017841045
0.00017841045
0.00014085036
0.0065542366
0.021634616
0.07376803
0.0006385216
0.0010704627
0.0198599
0.0023099459
0.003502479
0.018282376
0.004676232
0.0006479117
0.00045072116
0.0003192608
0.0004695012
0.0007418119
0.00069486175
0.017061673
0.047814004
0.05877216
0.0014366737
0.0018310547
0.01142766
0.0030517578
0.002694937
0.012263372
0.0040940503
0.00088266225
0.00044133113
0.00030987078
0.000394381
0.00044133113
0.00040377103
0.0030611479
0.013878455
0.046377327
0.001558744
0.0028357874
0.0046011116
0.005136343
0.0032583384
0.01569073
0.008385291
0.0009859526
0.00040377103
0.00029109075
0.00037560097
0.00057279144
0.000769982
0.0015963041
0.0033146786
0.01979417
0.0013333834
0.0024695764
0.0007324219
0.0017089844
0.0011268029
0.0040377104
0.0023099459
0.000769982
0.0004319411
0.00049767125
0.0013427734
0.0016056941
0.002281776
0.0076810396
0.009568434
0.013568585
0.007258489
0.007042518
0.00068547175
0.0023099459
0.0011080229
0.0017465445
0.0009859526
0.0030517578
0.0041222204
0.0032677283
0.0036057692
0.0018967849
0.0016526442
0.0008544922
0.02376615
0.0076340893
0.00020658053
0.00061035156
0.00061974156
0.00030987078
0.00013146034
0.0005070613
0.0004695012
0.0007324219
0.000788762
0.0011925331
0.00088266225
0.0012958234
0.0014272836
0.0009296124
0.0014930138
0.016564002
0.0063946065
0.0022536058
0.0016432542
0.0056058443
0.003155048
0.004281851
0.0029390776
0.0069204476
0.0029484676
0.0013333834
0.0018310547
0.0053429236
0.0021409255
0.0044790413
0.0090895435
0.008394682
0.0018498347
0.0016244742
0.0021690954
0.0036902796
0.001990685
0.0033991886
0.0030329777
0.005202073
0.0035118689
0.003521259
0.0032583384
0.0054368237
0.0025446964
0.0033428485
0.004723182
0.012864333
0.0098407455
0.0073899487
0.008526142
0.011277419
0.00772799
0.010206956
0.00808481
0.009915865
0.009277344
0.008244441
0.010638897
0.012826772
0.00779372
0.008657603
0.010573167
235.0
11.906383
2798.0
0.0192995
0.0007147963
0.010007148
0.0007147963
0.0
0.0010721944
0.0010721944
0.0017869907
0.0010721944
0.0007147963
0.0007147963
0.0007147963
0.0007147963
0.0035739813
0.00964975
0.0028591852
0.0039313794
0.002501787
0.0071479627
0.010007148
0.002501787
0.0
0.0017869907
0.00035739815
0.0021443889
0.0014295926
0.0028591852
0.0010721944
0.005003574
0.004646176
0.0057183704
0.0064331666
0.007505361
0.023945676
0.0035739813
0.010364546
0.01358113
0.010364546
0.006790565
0.010364546
0.0060757683
0.007505361
0.0
0.0017869907
0.011794139
0.011436741
0.0039313794
0.004646176
0.012866333
0.0032165833
0.005003574
0.008220158
0.010007148
0.0014295926
0.0032165833
0.008577555
0.0057183704
0.0032165833
0.002501787
0.0
0.00035739815
0.00035739815
0.0007147963
0.02108649
0.0032165833
0.055039313
0.007862759
0.02501787
0.031093638
0.08541816
0.012508935
0.014653324
0.014295925
0.041100785
0.0039313794
0.002501787
0.037526805
0.017869906
0.037169408
0.043245174
0.016082916
0.0017869907
0.051107936
0.047176555
0.06397427
0.015725518
0.005360972
0.007862759
0.011436741
0.010007148
0.0010721944
0.0007147963
0.0014295926
0.0007147963
0.0
0.0007147963
5.5278006
0.0
0.0
0.0
4.0
54764.0
81920.0
0.0
0.0
5.0
0.0
1.0
0.0
0.0
0.0
1406701000.0
0.0
0.0
0.0
0.0
0.0
1.0
0.0
0.0
0.0
0.0
0.0
0.0
-1.0
0.0
0.0
0.0
1.0
0.0
0.0
0.0
0.0
0.0
0.0
0.0
0.0
0.0
0.0
0.0
-1.0
0.0
0.0
0.0
0.0
0.0
0.0
0.0
0.0
0.0
0.0
0.0
0.0
-1.0
0.0
0.0
0.0
0.0
0.0
0.0
0.0
0.0
0.0
0.0
5.0
0.0
4.0
0.0
4.0
0.0
12288.0
1024.0
4096.0
4.0
0.0
0.0
2.0
4.0
0.0
0.0
0.0
0.0
0.0
0.0
0.0
0.0
0.0
0.0
0.0
0.0
0.0
0.0
0.0
0.0
0.0
-1024.0
0.0
0.0
0.0
0.0
0.0
0.0
0.0
0.0
0.0
0.0
-8704.0
0.0
0.0
0.0
0.0
0.0
14848.0
0.0
0.0
0.0
0.0
0.0
0.0
0.0
0.0
19456.0
0.0
0.0
0.0
0.0
0.0
0.0
0.0
0.0
0.0
0.0
0.0
0.0
0.0
0.0
0.0
0.0
0.0
0.0
0.0
0.0
0.0
0.0
0.0
-4.547025
0.0
0.0
0.0
0.0
0.0
0.0
0.0
0.0
0.0
0.0
-7.4677167
0.0
0.0
0.0
0.0
0.0
5.4705753
0.0
0.0
0.0
0.0
0.0
0.0
0.0
0.0
5.2389073
0.0
0.0
0.0
0.0
0.0
0.0
0.0
0.0
0.0
0.0
0.0
0.0
0.0
0.0
0.0
0.0
0.0
0.0
0.0
0.0
0.0
0.0
0.0
-4096.0
0.0
0.0
0.0
0.0
0.0
0.0
0.0
0.0
0.0
0.0
-12288.0
0.0
0.0
0.0
0.0
0.0
40960.0
0.0
0.0
0.0
0.0
0.0
0.0
0.0
0.0
20480.0
0.0
0.0
0.0
0.0
0.0
0.0
0.0
0.0
0.0
0.0
0.0
0.0
0.0
0.0
0.0
0.0
0.0
0.0
1.0
0.0
0.0
0.0
0.0
0.0
0.0
0.0
-1.0
0.0
0.0
0.0
0.0
0.0
0.0
0.0
0.0
0.0
0.0
-1.0
0.0
0.0
0.0
0.0
0.0
0.0
0.0
-1.0
0.0
0.0
0.0
0.0
0.0
0.0
0.0
0.0
0.0
0.0
0.0
0.0
0.0
0.0
0.0
0.0
0.0
0.0
0.0
0.0
0.0
0.0
0.0
-1.0
0.0
0.0
0.0
0.0
0.0
0.0
0.0
0.0
0.0
1.0
0.0
0.0
0.0
0.0
1.0
0.0
0.0
0.0
0.0
0.0
0.0
0.0
0.0
1.0
0.0
0.0
0.0
0.0
0.0
0.0
0.0
0.0
0.0
-1.0
0.0
0.0
0.0
0.0
0.0
0.0
0.0
0.0
0.0
0.0
0.0
0.0
0.0
0.0
0.0
0.0
0.0
0.0
0.0
0.0
0.0
0.0
0.0
0.0
0.0
0.0
0.0
0.0
0.0
0.0
0.0
0.0
-1.0
0.0
0.0
0.0
0.0
0.0
0.0
0.0
0.0
0.0
0.0
0.0
0.0
1.0
0.0
0.0
0.0
0.0
0.0
0.0
0.0
0.0
0.0
-1.0
0.0
0.0
0.0
0.0
0.0
0.0
0.0
0.0
0.0
0.0
0.0
0.0
0.0
0.0
0.0
0.0
0.0
0.0
0.0
0.0
0.0
0.0
0.0
0.0
0.0
0.0
0.0
0.0
0.0
0.0
0.0
0.0
0.0
0.0
0.0
0.0
0.0
0.0
0.0
0.0
0.0
0.0
0.0
0.0
0.0
0.0
0.0
0.0
0.0
0.0
0.0
0.0
0.0
0.0
0.0
0.0
0.0
0.0
0.0
0.0
0.0
0.0
0.0
1.0
0.0
0.0
0.0
0.0
0.0
0.0
0.0
0.0
0.0
0.0
0.0
0.0
0.0
0.0
0.0
0.0
0.0
0.0
0.0
0.0
0.0
0.0
0.0
0.0
0.0
0.0
0.0
0.0
0.0
0.0
0.0
0.0
0.0
0.0
0.0
0.0
0.0
0.0
0.0
0.0
0.0
0.0
0.0
0.0
0.0
0.0
0.0
0.0
0.0
0.0
0.0
0.0
0.0
0.0
0.0
0.0
0.0
0.0
0.0
0.0
0.0
0.0
0.0
0.0
0.0
0.0
0.0
0.0
0.0
0.0
0.0
0.0
0.0
0.0
0.0
0.0
0.0
0.0
0.0
0.0
0.0
0.0
0.0
1.0
0.0
0.0
0.0
0.0
0.0
0.0
0.0
0.0
0.0
0.0
0.0
0.0
0.0
0.0
0.0
0.0
0.0
0.0
0.0
0.0
0.0
0.0
0.0
0.0
0.0
0.0
0.0
0.0
0.0
0.0
0.0
0.0
0.0
0.0
0.0
0.0
0.0
0.0
0.0
0.0
0.0
0.0
0.0
0.0
0.0
0.0
0.0
0.0
0.0
0.0
0.0
0.0
0.0
0.0
0.0
0.0
0.0
0.0
0.0
0.0
0.0
0.0
0.0
0.0
0.0
0.0
0.0
0.0
0.0
0.0
0.0
0.0
0.0
0.0
0.0
0.0
0.0
0.0
0.0
0.0
0.0
0.0
0.0
0.0
0.0
0.0
0.0
0.0
0.0
0.0
0.0
0.0
0.0
0.0
0.0
0.0
0.0
0.0
0.0
0.0
0.0
0.0
0.0
0.0
0.0
0.0
0.0
0.0
0.0
0.0
0.0
0.0
0.0
0.0
0.0
0.0
0.0
0.0
0.0
0.0
0.0
0.0
0.0
0.0
0.0
0.0
0.0
0.0
0.0
0.0
0.0
0.0
0.0
0.0
0.0
0.0
0.0
0.0
0.0
0.0
0.0
0.0
0.0
0.0
0.0
0.0
0.0
-1.0
0.0
0.0
0.0
0.0
0.0
0.0
0.0
0.0
0.0
0.0
0.0
0.0
0.0
0.0
0.0
0.0
0.0
0.0
0.0
0.0
0.0
0.0
0.0
0.0
0.0
0.0
0.0
0.0
0.0
0.0
0.0
0.0
0.0
0.0
0.0
0.0
0.0
0.0
0.0
0.0
0.0
0.0
0.0
0.0
0.0
0.0
0.0
0.0
0.0
0.0
0.0
0.0
0.0
0.0
0.0
0.0
0.0
0.0
0.0
0.0
0.0
0.0
0.0
0.0
0.0
0.0
0.0
0.0
0.0
0.0
0.0
0.0
0.0
0.0
0.0
0.0
0.0
0.0
0.0
0.0
0.0
0.0
0.0
0.0
0.0
0.0
0.0
0.0
0.0
0.0
0.0
0.0
0.0
0.0
0.0
0.0
0.0
0.0
0.0
0.0
0.0
0.0
0.0
0.0
0.0
0.0
0.0
0.0
0.0
0.0
0.0
0.0
0.0
0.0
0.0
0.0
0.0
0.0
0.0
0.0
0.0
0.0
0.0
0.0
0.0
0.0
0.0
0.0
0.0
0.0
0.0
0.0
0.0
0.0
0.0
0.0
0.0
0.0
0.0
0.0
0.0
0.0
0.0
0.0
0.0
0.0
0.0
0.0
0.0
0.0
0.0
0.0
0.0
0.0
0.0
0.0
0.0
0.0
0.0
0.0
0.0
0.0
0.0
0.0
0.0
0.0
0.0
-1.0
0.0
0.0
0.0
0.0
0.0
0.0
0.0
0.0
0.0
0.0
0.0
0.0
0.0
0.0
0.0
0.0
0.0
0.0
0.0
0.0
0.0
0.0
0.0
0.0
0.0
0.0
0.0
0.0
0.0
0.0
0.0
0.0
0.0
0.0
0.0
0.0
0.0
0.0
0.0
0.0
0.0
0.0
0.0
0.0
0.0
0.0
0.0
0.0
0.0
0.0
0.0
0.0
0.0
0.0
0.0
0.0
0.0
0.0
0.0
0.0
0.0
0.0
0.0
0.0
0.0
0.0
0.0
0.0
0.0
0.0
0.0
0.0
0.0
0.0
0.0
0.0
0.0
0.0
0.0
0.0
0.0
0.0
0.0
0.0
0.0
0.0
0.0
0.0
0.0
0.0
0.0
0.0
0.0
0.0
0.0
0.0
0.0
0.0
0.0
0.0
0.0
0.0
0.0
0.0
0.0
0.0
0.0
0.0
0.0
0.0
0.0
0.0
0.0
0.0
0.0
0.0
0.0
0.0
0.0
0.0
0.0
0.0
0.0
0.0
0.0
0.0
0.0
0.0
0.0
0.0
0.0
0.0
0.0
0.0
0.0
0.0
0.0
0.0
0.0
0.0
0.0
0.0
0.0
0.0
0.0
0.0
0.0
0.0
0.0
0.0
0.0
0.0
0.0
0.0
0.0
0.0
0.0
0.0
0.0
0.0
0.0
0.0
0.0
0.0
0.0
0.0
0.0
0.0
0.0
0.0
0.0
0.0
0.0
0.0
0.0
0.0
0.0
0.0
0.0
0.0
0.0
0.0
0.0
0.0
1.0
0.0
0.0
0.0
0.0
0.0
0.0
0.0
0.0
0.0
0.0
0.0
0.0
0.0
0.0
0.0
0.0
0.0
0.0
0.0
0.0
0.0
0.0
0.0
0.0
0.0
0.0
0.0
0.0
0.0
0.0
0.0
0.0
0.0
0.0
0.0
0.0
0.0
0.0
0.0
0.0
0.0
0.0
0.0
0.0
0.0
0.0
0.0
0.0
0.0
0.0
0.0
0.0
0.0
0.0
0.0
0.0
0.0
0.0
0.0
0.0
0.0
0.0
0.0
0.0
0.0
0.0
0.0
0.0
0.0
0.0
0.0
0.0
0.0
0.0
0.0
0.0
0.0
0.0
0.0
0.0
0.0
0.0
0.0
0.0
0.0
0.0
0.0
0.0
0.0
0.0
0.0
0.0
0.0
0.0
0.0
0.0
0.0
0.0
0.0
0.0
0.0
0.0
0.0
0.0
0.0
0.0
0.0
0.0
0.0
0.0
0.0
0.0
0.0
0.0
0.0
0.0
0.0
0.0
0.0
0.0
0.0
0.0
0.0
0.0
0.0
0.0
0.0
0.0
0.0
0.0
0.0
0.0
0.0
0.0
0.0
0.0
0.0
0.0
0.0
0.0
0.0
0.0
0.0
0.0
0.0
0.0
0.0
0.0
0.0
0.0
0.0
0.0
0.0
-1.0
0.0
0.0
0.0
0.0
0.0
0.0
0.0
0.0
0.0
0.0
0.0
0.0
0.0
0.0
0.0
0.0
0.0
0.0
0.0
0.0
0.0
0.0
0.0
0.0
0.0
0.0
0.0
0.0
0.0
0.0
0.0
0.0
0.0
0.0
0.0
0.0
0.0
0.0
0.0
0.0
0.0
0.0
0.0
0.0
0.0
0.0
0.0
0.0
0.0
0.0
0.0
0.0
0.0
0.0
0.0
0.0
0.0
0.0
0.0
0.0
0.0
0.0
0.0
0.0
0.0
0.0
0.0
0.0
0.0
0.0
0.0
0.0
0.0
0.0
0.0
0.0
0.0
0.0
0.0
0.0
0.0
0.0
0.0
0.0
0.0
0.0
0.0
0.0
0.0
0.0
0.0
0.0
0.0
0.0
0.0
0.0
0.0
0.0
0.0
0.0
0.0
0.0
0.0
0.0
0.0
0.0
0.0
0.0
0.0
0.0
0.0
0.0
0.0
0.0
0.0
0.0
0.0
0.0
0.0
0.0
0.0
0.0
0.0
0.0
0.0
0.0
0.0
0.0
0.0
0.0
0.0
0.0
0.0
0.0
0.0
0.0
0.0
0.0
0.0
0.0
0.0
0.0
0.0
0.0
0.0
0.0
0.0
0.0
0.0
0.0
0.0
0.0
0.0
0.0
0.0
0.0
0.0
0.0
0.0
0.0
0.0
0.0
0.0
0.0
0.0
0.0
0.0
0.0
0.0
0.0
0.0
0.0
0.0
0.0
0.0
0.0
0.0
0.0
0.0
0.0
0.0
0.0
0.0
0.0
0.0
0.0
0.0
0.0
0.0
0.0
0.0
0.0
0.0
0.0
0.0
0.0
0.0
0.0
0.0
0.0
0.0
0.0
0.0
0.0
0.0
0.0
0.0
0.0
0.0
0.0
0.0
0.0
0.0
0.0
0.0
0.0
0.0
0.0
0.0
0.0
0.0
0.0
0.0
0.0
0.0
0.0
0.0
0.0
0.0
0.0
0.0
0.0
0.0
0.0
0.0
0.0
0.0
-1.0
0.0
0.0
0.0
0.0
0.0
0.0
0.0
0.0
0.0
0.0
0.0
0.0
0.0
0.0
0.0
0.0
0.0
0.0
0.0
0.0
0.0
0.0
0.0
0.0
0.0
0.0
0.0
0.0
0.0
0.0
0.0
0.0
0.0
0.0
0.0
0.0
0.0
0.0
0.0
0.0
0.0
0.0
0.0
0.0
0.0
0.0
0.0
0.0
0.0
0.0
0.0
0.0
0.0
0.0
0.0
0.0
0.0
0.0
0.0
0.0
0.0
0.0
0.0
0.0
0.0
0.0
0.0
0.0
0.0
0.0
0.0
0.0
0.0
0.0
0.0
0.0
0.0
0.0
0.0
0.0
0.0
0.0
0.0
0.0
0.0
0.0
0.0
0.0
0.0
0.0
0.0
0.0
0.0
0.0
0.0
0.0
0.0
0.0
0.0
0.0
0.0
0.0
0.0
0.0
0.0
0.0
0.0
0.0
0.0
0.0
0.0
0.0
0.0
0.0
0.0
0.0
0.0
0.0
0.0
0.0
0.0
0.0
0.0
0.0
0.0
0.0
0.0
0.0
0.0
0.0
0.0
0.0
0.0
0.0
0.0
0.0
0.0
0.0
0.0
0.0
0.0
0.0
0.0
0.0
0.0
0.0
0.0
0.0
0.0
0.0
0.0
0.0
0.0
0.0
0.0
0.0
0.0
0.0
0.0
0.0
0.0
0.0
0.0
0.0
0.0
0.0
0.0
0.0
0.0
0.0
0.0
0.0
0.0
0.0
0.0
0.0
0.0
0.0
0.0
0.0
0.0
0.0
0.0
0.0
0.0
0.0
0.0
0.0
0.0
0.0
0.0
0.0
0.0
0.0
0.0
0.0
0.0
0.0
0.0
0.0
0.0
0.0
0.0
0.0
0.0
0.0
0.0
0.0
0.0
0.0
0.0
0.0
0.0
0.0
0.0
0.0
0.0
0.0
0.0
0.0
0.0
0.0
0.0
0.0
0.0
0.0
0.0
0.0
0.0
0.0
0.0
0.0
0.0
0.0
0.0
0.0
0.0
0.0
0.0
0.0
0.0
0.0
0.0
0.0
0.0
0.0
0.0
0.0
0.0
0.0
0.0
0.0
0.0
0.0
0.0
0.0
0.0
0.0
0.0
0.0
0.0
0.0
0.0
0.0
0.0
0.0
0.0
0.0
0.0
0.0
0.0
0.0
0.0
0.0
0.0
0.0
0.0
0.0
0.0
0.0
0.0
0.0
0.0
0.0
0.0
0.0
0.0
0.0
0.0
0.0
0.0
0.0
0.0
0.0
0.0
0.0
0.0
0.0
0.0
0.0
0.0
0.0
0.0
0.0
0.0
0.0
0.0
0.0
0.0
0.0
0.0
0.0
0.0
0.0
0.0
120.0
77824.0
18968.0
57344.0
0.0
0.0
0.0
0.0
0.0
0.0
0.0
0.0
0.0
0.0
0.0
0.0
0.0
0.0
0.0
0.0
0.0
0.0
0.0
0.0
0.0
0.0
0.0
0.0
