0.23736842
0.0046240604
0.0030827068
0.019097744
0.0040977444
0.0039849626
0.0039849626
0.0028571428
0.0030827068
0.002255639
0.00086466165
0.0015037594
0.0018796993
0.0040225564
0.0015037594
0.0019924813
0.002067669
0.0017293233
0.002481203
0.00082706765
0.002105263
0.0040977444
0.0010526315
0.0007518797
0.0018421053
0.00093984965
0.0033082706
0.0028571428
0.004699248
0.0030075188
0.0014661654
0.0028195488
0.0032706766
0.0016541353
0.0019172932
0.0012030075
0.0026691728
0.002067669
0.002481203
0.0016165413
0.01631579
0.002067669
0.0017293233
0.0027067668
0.0018796993
0.0035338346
0.0033834586
0.0019548873
0.0020300753
0.0020300753
0.0019924813
0.002518797
0.002293233
0.0020300753
0.0011654135
0.0012781955
0.0033082706
0.0014661654
0.0014661654
0.002105263
0.0013533834
0.0014285714
0.0019172932
0.0014285714
0.014323308
0.002518797
0.0017293233
0.0027443608
0.002631579
0.0026691728
0.002443609
0.002218045
0.0040225564
0.002180451
0.0012406015
0.002142857
0.002142857
0.0015413534
0.00082706765
0.0016541353
0.002593985
0.0028947368
0.0033082706
0.0011654135
0.0016165413
0.0017669173
0.0015037594
0.0011654135
0.002105263
0.0013533834
0.00090225565
0.0012406015
0.0032706766
0.0011654135
0.00045112782
0.0007142857
0.002518797
0.0057142857
0.0019548873
0.002443609
0.0046240604
0.007706767
0.0020300753
0.0015037594
0.022105264
0.0060902257
0.004849624
0.002218045
0.0040225564
0.0038721804
0.004736842
0.0038721804
0.002218045
0.0012030075
0.0031954888
0.004586466
0.004849624
0.004661654
0.00090225565
0.0012781955
0.002255639
0.0011278195
0.0010526315
0.00090225565
0.0011654135
0.0019172932
0.00090225565
0.0010526315
0.0013909774
0.00056390977
0.00060150377
0.0013533834
0.0011278195
0.0014285714
0.00063909777
0.00045112782
0.0012406015
0.0013157895
0.0012406015
0.005075188
0.00063909777
0.0010902255
0.00045112782
0.00052631577
0.0018045113
0.0007894737
0.0007894737
0.00063909777
0.0019548873
0.0011654135
0.0007142857
0.0040601506
0.00086466165
0.0007894737
0.00026315788
0.00033834585
0.00082706765
0.0004887218
0.0012030075
0.00060150377
0.0018045113
0.014586466
0.0007518797
0.01481203
0.0015413534
0.0019172932
0.0012030075
0.0015037594
0.0016541353
0.0016541353
0.00090225565
0.0013157895
0.0012030075
0.014135338
0.002330827
0.01443609
0.0010150376
0.00063909777
0.00045112782
0.0007894737
0.0012030075
0.00093984965
0.0007142857
0.0012406015
0.0018421053
0.0015037594
0.0014661654
0.0012030075
0.0018796993
0.00090225565
0.0012030075
0.0013533834
0.0019924813
0.0017293233
0.0010902255
0.0015789474
0.0019548873
0.0016541353
0.0019548873
0.0015413534
0.002105263
0.0010902255
0.0010902255
0.00056390977
0.002218045
0.00082706765
0.0011278195
0.0013533834
0.0015037594
0.0012030075
0.0009774436
0.00090225565
0.0016165413
0.0009774436
0.0007518797
0.002218045
0.0015037594
0.0012030075
0.00090225565
0.002593985
0.0011278195
0.00060150377
0.0007518797
0.00082706765
0.002406015
0.002368421
0.0019924813
0.0028195488
0.0043233084
0.0043233084
0.0029699248
0.0027067668
0.002593985
0.0017293233
0.0013157895
0.0019548873
0.0043233084
0.0035338346
0.0040225564
0.0042481204
0.0065789474
0.004924812
0.00575188
0.004924812
0.0070300754
0.005
0.005150376
0.0039849626
0.005676692
0.0040601506
0.0060526314
0.0063909777
0.008007519
0.0079323305
0.011954887
0.084586464
0.0
0.0
0.0
0.0
0.0
0.0
0.0
0.0
0.0
0.0
0.0
0.0
0.0
0.0
0.0
0.0
0.0
0.0
0.0
0.0
0.0
0.0
0.0
0.0
0.0
0.0
0.0
0.0
0.0
0.0
0.0
0.0
0.0
0.0
0.0
0.0
0.0
0.0
0.0
0.0
0.0
0.0
0.0
0.0
0.0
0.0
0.0
0.0
0.0
0.0
0.0
0.0
0.0
0.0
0.0
0.0
0.0
0.0
0.0
0.0
0.0
0.0
0.0
0.0
0.0
0.0
0.0
0.0
0.0
0.0
0.0
0.0
0.0
0.0
0.0
0.0
0.0
0.0
0.0
0.0
0.0
0.0
0.0
0.0
0.0
0.0
0.0
0.0
0.0
0.0
0.0
0.0
0.0
0.0
0.0
0.0
0.014119466
0.00030517578
0.0004272461
0.00022379558
0.00014241536
8.138021e-05
0.00048828125
0.0006510417
0.00016276042
8.138021e-05
6.1035156e-05
0.00014241536
0.00010172526
8.138021e-05
0.00030517578
0.024291992
0.054870605
0.0018920898
0.0026041667
0.0017903646
0.0007324219
0.00044759116
0.003560384
0.002766927
0.001566569
0.0010579427
0.0013224283
0.0015869141
0.001546224
0.001566569
0.0065307617
0.08282471
0.0
0.0
0.0
0.0
0.0
0.0
0.0
0.0
0.0
0.0
0.0
0.0
0.0
0.0
0.0
0.0
0.0087890625
0.0017293295
0.00034586588
0.00012207031
0.000386556
0.0006306966
0.00034586588
0.0007324219
0.0008951823
0.00012207031
0.00012207031
0.00016276042
0.0002644857
0.00071207684
0.010294597
0.016011557
0.057942707
0.0035807292
0.0033976238
0.004435221
0.0068766274
0.0031738281
0.015604655
0.0067342124
0.0013834635
0.0014038086
0.00095621747
0.0021972656
0.0033976238
0.001546224
0.0076090493
0.004760742
0.017415365
0.0021362305
0.0009765625
0.00095621747
0.0052083335
0.00079345703
0.00587972
0.0012410482
0.0011393229
0.0010986328
0.000386556
0.0005086263
0.0009969076
0.000386556
0.00081380206
0.0017293295
0.032389324
0.004760742
0.0073242188
0.003885905
0.007975261
0.0022379558
0.012878418
0.004374186
0.0010172526
0.0022583008
0.012634277
0.0048217773
0.004679362
0.003112793
0.0069986978
0.01365153
0.052571613
0.014892578
0.027832031
0.0081380205
0.011047363
0.00789388
0.01792399
0.008809407
0.0069986978
0.008483887
0.048746746
0.007283529
0.009480794
0.010457356
0.012613933
0.03849284
0.032165527
0.008728027
0.010253906
0.006917318
0.016255697
0.011271159
0.019388834
0.0063680015
0.007548014
0.0041300454
0.017720541
0.0029500325
0.005086263
0.0033772786
0.005106608
0.009399414
0.0
0.0
0.0
0.0
0.0
0.0
0.0
0.0
0.0
0.0
0.0
0.0
0.0
0.0
0.0
0.0
163.0
10.171779
1658.0
0.019300362
0.0006031363
0.010253318
0.0018094089
0.0042219544
0.0048250905
0.0060313633
0.0036188178
0.012062727
0.0024125453
0.0018094089
0.0024125453
0.0012062726
0.013268999
0.01145959
0.0060313633
0.0030156816
0.0024125453
0.0036188178
0.0024125453
0.0012062726
0.0018094089
0.0012062726
0.0012062726
0.007840772
0.0012062726
0.0024125453
0.0072376356
0.007840772
0.0054282267
0.013268999
0.0048250905
0.008443909
0.013268999
0.0042219544
0.009047044
0.0060313633
0.0054282267
0.010253318
0.013872135
0.016887818
0.008443909
0.0054282267
0.0066344994
0.008443909
0.0072376356
0.0030156816
0.0042219544
0.008443909
0.0018094089
0.0030156816
0.0042219544
0.0054282267
0.0018094089
0.0024125453
0.0060313633
0.009047044
0.007840772
0.0018094089
0.0024125453
0.0018094089
0.0024125453
0.0012062726
0.0006031363
0.0042219544
0.03437877
0.0066344994
0.019300362
0.027141133
0.06634499
0.009047044
0.012062727
0.085645355
0.04463209
0.013268999
0.0054282267
0.02774427
0.019903498
0.038600724
0.035585042
0.0054282267
0.0030156816
0.033775635
0.04463209
0.043425813
0.017490953
0.008443909
0.0066344994
0.008443909
0.0048250905
0.0006031363
0.0018094089
0.0042219544
0.0066344994
0.0012062726
0.0
5.730771
0.0
0.0
0.0
1.0
26600.0
36864.0
0.0
0.0
33.0
0.0
1.0
1.0
0.0
0.0
1383543000.0
0.0
0.0
0.0
0.0
0.0
1.0
0.0
0.0
0.0
0.0
0.0
0.0
-1.0
0.0
-1.0
-1.0
0.0
0.0
0.0
0.0
0.0
0.0
0.0
0.0
0.0
0.0
0.0
0.0
-1.0
0.0
0.0
0.0
0.0
0.0
0.0
0.0
0.0
0.0
0.0
0.0
0.0
-1.0
0.0
0.0
0.0
0.0
0.0
0.0
0.0
0.0
0.0
0.0
5.0
12.0
4.0
0.0
4.0
0.0
11264.0
1024.0
4096.0
4.0
0.0
0.0
1.0
1.0
0.0
0.0
0.0
0.0
0.0
0.0
0.0
0.0
0.0
0.0
0.0
0.0
0.0
0.0
1536.0
0.0
0.0
0.0
0.0
0.0
0.0
0.0
0.0
0.0
0.0
0.0
0.0
0.0
0.0
0.0
0.0
0.0
-1024.0
0.0
0.0
0.0
0.0
0.0
0.0
0.0
0.0
-11264.0
0.0
10240.0
0.0
0.0
0.0
0.0
0.0
0.0
0.0
0.0
0.0
0.0
0.0
0.0
0.0
0.0
0.0
0.0
0.0
0.0
0.0
0.0
5.3971853
0.0
0.0
0.0
0.0
0.0
0.0
0.0
0.0
0.0
0.0
0.0
0.0
0.0
0.0
0.0
0.0
0.0
-5.6652846
0.0
0.0
0.0
0.0
0.0
0.0
0.0
0.0
-6.7246447
0.0
5.477834
0.0
0.0
0.0
0.0
0.0
0.0
0.0
0.0
0.0
0.0
0.0
0.0
0.0
0.0
0.0
0.0
0.0
0.0
0.0
0.0
1500.0
0.0
0.0
0.0
0.0
0.0
0.0
0.0
0.0
0.0
0.0
0.0
0.0
0.0
0.0
0.0
0.0
0.0
-713.0
0.0
0.0
0.0
0.0
0.0
0.0
0.0
0.0
-10907.0
0.0
10240.0
0.0
0.0
0.0
0.0
0.0
0.0
0.0
0.0
0.0
-1.0
0.0
0.0
0.0
0.0
0.0
1.0
0.0
0.0
0.0
0.0
0.0
0.0
0.0
0.0
0.0
0.0
0.0
0.0
0.0
0.0
0.0
0.0
0.0
0.0
0.0
0.0
0.0
0.0
0.0
0.0
0.0
0.0
0.0
0.0
0.0
-2.0
0.0
0.0
0.0
1.0
0.0
0.0
0.0
0.0
0.0
0.0
0.0
0.0
0.0
0.0
0.0
0.0
0.0
0.0
0.0
0.0
0.0
0.0
0.0
-1.0
0.0
0.0
0.0
0.0
0.0
0.0
0.0
0.0
0.0
1.0
0.0
0.0
0.0
0.0
1.0
0.0
0.0
0.0
0.0
0.0
0.0
0.0
0.0
0.0
0.0
0.0
0.0
0.0
0.0
0.0
0.0
0.0
0.0
0.0
0.0
0.0
0.0
0.0
0.0
0.0
0.0
0.0
0.0
0.0
0.0
0.0
0.0
0.0
0.0
0.0
0.0
0.0
0.0
0.0
0.0
0.0
0.0
0.0
0.0
0.0
0.0
0.0
0.0
0.0
0.0
0.0
-1.0
0.0
0.0
0.0
0.0
0.0
0.0
0.0
0.0
0.0
0.0
0.0
0.0
0.0
0.0
0.0
0.0
0.0
0.0
0.0
0.0
0.0
0.0
-1.0
0.0
0.0
0.0
0.0
0.0
0.0
0.0
0.0
0.0
0.0
0.0
0.0
0.0
0.0
0.0
0.0
0.0
0.0
0.0
0.0
0.0
0.0
0.0
0.0
0.0
0.0
0.0
0.0
0.0
0.0
0.0
0.0
0.0
0.0
0.0
0.0
0.0
0.0
0.0
0.0
0.0
0.0
0.0
0.0
0.0
0.0
0.0
0.0
0.0
0.0
0.0
0.0
0.0
0.0
0.0
0.0
0.0
0.0
0.0
0.0
0.0
0.0
0.0
1.0
0.0
0.0
0.0
0.0
0.0
0.0
0.0
0.0
0.0
0.0
0.0
0.0
0.0
0.0
0.0
0.0
0.0
0.0
0.0
0.0
0.0
0.0
0.0
0.0
0.0
0.0
0.0
0.0
0.0
0.0
0.0
0.0
0.0
0.0
0.0
0.0
0.0
0.0
0.0
0.0
0.0
0.0
0.0
0.0
0.0
0.0
0.0
0.0
0.0
0.0
0.0
0.0
0.0
0.0
0.0
0.0
0.0
0.0
0.0
0.0
0.0
0.0
0.0
0.0
0.0
0.0
0.0
0.0
0.0
0.0
0.0
0.0
0.0
0.0
0.0
0.0
0.0
0.0
0.0
0.0
0.0
0.0
0.0
0.0
0.0
0.0
0.0
0.0
0.0
0.0
0.0
0.0
0.0
0.0
0.0
0.0
0.0
0.0
0.0
0.0
0.0
0.0
0.0
0.0
0.0
0.0
0.0
0.0
0.0
0.0
0.0
0.0
0.0
0.0
0.0
0.0
0.0
0.0
0.0
0.0
0.0
0.0
0.0
0.0
0.0
0.0
0.0
0.0
0.0
0.0
0.0
0.0
0.0
0.0
0.0
0.0
0.0
0.0
0.0
0.0
0.0
0.0
0.0
0.0
0.0
0.0
1.0
0.0
0.0
0.0
0.0
1.0
0.0
0.0
0.0
0.0
0.0
0.0
0.0
0.0
0.0
0.0
0.0
0.0
0.0
0.0
0.0
0.0
0.0
0.0
0.0
0.0
0.0
0.0
0.0
0.0
0.0
0.0
0.0
0.0
-1.0
0.0
0.0
0.0
0.0
0.0
0.0
0.0
0.0
1.0
0.0
0.0
0.0
0.0
0.0
0.0
0.0
0.0
0.0
0.0
0.0
0.0
0.0
0.0
0.0
0.0
0.0
0.0
0.0
0.0
0.0
0.0
0.0
0.0
0.0
0.0
0.0
0.0
0.0
0.0
0.0
0.0
0.0
0.0
0.0
1.0
0.0
0.0
0.0
0.0
0.0
0.0
0.0
0.0
0.0
0.0
0.0
0.0
0.0
0.0
0.0
0.0
0.0
0.0
0.0
0.0
0.0
0.0
0.0
0.0
0.0
0.0
0.0
0.0
0.0
0.0
0.0
0.0
0.0
0.0
0.0
0.0
0.0
0.0
0.0
0.0
0.0
0.0
0.0
0.0
0.0
0.0
0.0
0.0
0.0
0.0
0.0
0.0
0.0
0.0
0.0
0.0
0.0
0.0
0.0
0.0
0.0
0.0
0.0
0.0
0.0
0.0
0.0
0.0
0.0
0.0
0.0
0.0
0.0
0.0
0.0
0.0
0.0
0.0
0.0
0.0
0.0
0.0
0.0
0.0
0.0
0.0
0.0
0.0
0.0
0.0
0.0
0.0
0.0
0.0
0.0
0.0
0.0
0.0
0.0
0.0
0.0
0.0
0.0
0.0
0.0
0.0
0.0
0.0
0.0
0.0
0.0
0.0
0.0
0.0
0.0
0.0
0.0
0.0
0.0
0.0
0.0
0.0
0.0
0.0
0.0
0.0
0.0
0.0
0.0
0.0
0.0
0.0
0.0
-1.0
0.0
0.0
0.0
0.0
0.0
0.0
0.0
0.0
0.0
0.0
0.0
0.0
0.0
0.0
0.0
0.0
0.0
0.0
0.0
0.0
0.0
0.0
0.0
0.0
0.0
0.0
0.0
0.0
0.0
0.0
1.0
0.0
0.0
0.0
0.0
0.0
0.0
0.0
0.0
-1.0
0.0
0.0
0.0
0.0
0.0
0.0
0.0
0.0
0.0
0.0
0.0
0.0
0.0
0.0
0.0
0.0
0.0
0.0
-1.0
0.0
0.0
0.0
0.0
0.0
0.0
0.0
0.0
0.0
0.0
0.0
0.0
0.0
0.0
0.0
0.0
0.0
0.0
0.0
0.0
0.0
0.0
0.0
0.0
0.0
0.0
0.0
0.0
0.0
0.0
0.0
0.0
0.0
0.0
0.0
0.0
0.0
0.0
0.0
0.0
0.0
0.0
0.0
0.0
0.0
0.0
0.0
0.0
0.0
0.0
0.0
0.0
0.0
0.0
0.0
0.0
0.0
0.0
0.0
0.0
0.0
0.0
0.0
0.0
0.0
0.0
0.0
0.0
0.0
0.0
0.0
0.0
0.0
0.0
0.0
0.0
0.0
0.0
0.0
0.0
0.0
-1.0
0.0
0.0
0.0
0.0
0.0
0.0
0.0
0.0
-1.0
0.0
0.0
0.0
0.0
0.0
0.0
0.0
0.0
0.0
0.0
0.0
0.0
0.0
0.0
0.0
0.0
0.0
0.0
0.0
0.0
0.0
0.0
-1.0
0.0
0.0
0.0
0.0
0.0
0.0
0.0
0.0
0.0
0.0
0.0
0.0
0.0
0.0
0.0
0.0
0.0
0.0
0.0
0.0
0.0
0.0
0.0
0.0
0.0
0.0
0.0
0.0
0.0
0.0
0.0
0.0
0.0
-1.0
0.0
0.0
0.0
0.0
0.0
0.0
0.0
0.0
0.0
0.0
0.0
0.0
0.0
0.0
1.0
0.0
0.0
0.0
0.0
0.0
0.0
0.0
0.0
0.0
0.0
0.0
0.0
0.0
0.0
0.0
0.0
0.0
0.0
0.0
0.0
-1.0
0.0
0.0
0.0
0.0
0.0
0.0
0.0
0.0
0.0
1.0
0.0
0.0
0.0
0.0
0.0
0.0
0.0
0.0
0.0
0.0
0.0
0.0
0.0
0.0
0.0
0.0
0.0
0.0
0.0
0.0
0.0
0.0
0.0
0.0
0.0
0.0
0.0
0.0
0.0
0.0
0.0
0.0
0.0
0.0
-1.0
0.0
0.0
0.0
0.0
0.0
0.0
0.0
0.0
0.0
0.0
0.0
0.0
0.0
0.0
0.0
0.0
0.0
0.0
0.0
0.0
0.0
0.0
0.0
0.0
0.0
0.0
0.0
0.0
0.0
0.0
0.0
0.0
0.0
0.0
0.0
0.0
0.0
0.0
0.0
0.0
0.0
-1.0
0.0
0.0
0.0
0.0
0.0
0.0
0.0
0.0
0.0
0.0
0.0
0.0
0.0
0.0
0.0
0.0
0.0
0.0
0.0
-1.0
0.0
0.0
0.0
0.0
0.0
0.0
0.0
0.0
0.0
0.0
0.0
0.0
0.0
0.0
0.0
0.0
0.0
0.0
0.0
0.0
0.0
0.0
0.0
0.0
1.0
0.0
0.0
0.0
0.0
0.0
0.0
0.0
0.0
0.0
0.0
0.0
0.0
0.0
0.0
0.0
-1.0
0.0
0.0
0.0
0.0
0.0
0.0
0.0
0.0
0.0
0.0
0.0
1.0
0.0
0.0
0.0
0.0
0.0
0.0
0.0
0.0
0.0
0.0
0.0
0.0
0.0
0.0
0.0
0.0
0.0
0.0
0.0
0.0
0.0
0.0
0.0
0.0
0.0
0.0
0.0
0.0
0.0
0.0
0.0
0.0
0.0
0.0
0.0
0.0
0.0
0.0
0.0
0.0
0.0
0.0
0.0
0.0
0.0
0.0
0.0
0.0
0.0
0.0
0.0
0.0
0.0
0.0
0.0
0.0
0.0
0.0
0.0
0.0
0.0
0.0
0.0
0.0
0.0
0.0
0.0
0.0
0.0
0.0
0.0
0.0
0.0
0.0
0.0
0.0
0.0
0.0
0.0
0.0
0.0
0.0
0.0
0.0
0.0
0.0
0.0
0.0
0.0
0.0
0.0
0.0
0.0
0.0
0.0
0.0
0.0
0.0
0.0
0.0
0.0
0.0
0.0
0.0
0.0
0.0
0.0
0.0
0.0
0.0
0.0
0.0
0.0
0.0
0.0
0.0
0.0
0.0
0.0
0.0
0.0
0.0
0.0
0.0
1.0
0.0
0.0
0.0
0.0
0.0
0.0
0.0
0.0
0.0
0.0
0.0
0.0
0.0
0.0
0.0
0.0
0.0
0.0
0.0
0.0
0.0
0.0
0.0
0.0
-1.0
0.0
0.0
0.0
0.0
0.0
0.0
0.0
0.0
0.0
0.0
0.0
0.0
0.0
0.0
0.0
0.0
0.0
0.0
0.0
0.0
-1.0
-1.0
0.0
0.0
0.0
0.0
0.0
0.0
0.0
0.0
0.0
0.0
0.0
0.0
0.0
0.0
0.0
0.0
0.0
0.0
0.0
0.0
0.0
0.0
0.0
0.0
0.0
0.0
0.0
0.0
0.0
0.0
0.0
0.0
0.0
0.0
0.0
0.0
0.0
0.0
0.0
0.0
0.0
0.0
0.0
0.0
0.0
0.0
0.0
0.0
0.0
0.0
0.0
1.0
0.0
0.0
0.0
0.0
0.0
0.0
0.0
0.0
1.0
0.0
0.0
0.0
0.0
0.0
0.0
0.0
0.0
0.0
-1.0
0.0
0.0
0.0
0.0
0.0
0.0
0.0
0.0
0.0
0.0
0.0
0.0
0.0
0.0
0.0
0.0
0.0
0.0
-1.0
0.0
0.0
0.0
0.0
0.0
0.0
0.0
0.0
0.0
0.0
0.0
0.0
0.0
0.0
0.0
0.0
0.0
0.0
0.0
0.0
0.0
0.0
0.0
0.0
0.0
0.0
0.0
0.0
0.0
0.0
0.0
0.0
0.0
0.0
0.0
0.0
0.0
0.0
0.0
0.0
0.0
0.0
0.0
0.0
0.0
0.0
0.0
0.0
0.0
0.0
0.0
0.0
0.0
0.0
0.0
0.0
0.0
0.0
0.0
0.0
0.0
0.0
0.0
0.0
0.0
0.0
0.0
0.0
0.0
0.0
0.0
0.0
0.0
0.0
0.0
0.0
0.0
0.0
0.0
0.0
0.0
0.0
0.0
0.0
0.0
0.0
0.0
0.0
0.0
0.0
0.0
0.0
0.0
0.0
0.0
0.0
0.0
0.0
0.0
0.0
0.0
0.0
0.0
0.0
0.0
0.0
0.0
0.0
0.0
0.0
0.0
0.0
0.0
0.0
0.0
0.0
0.0
0.0
0.0
0.0
0.0
0.0
0.0
0.0
0.0
0.0
0.0
0.0
0.0
0.0
-1.0
0.0
0.0
0.0
0.0
0.0
0.0
0.0
0.0
0.0
0.0
0.0
0.0
0.0
0.0
0.0
0.0
0.0
0.0
0.0
0.0
0.0
0.0
0.0
0.0
0.0
0.0
0.0
0.0
0.0
0.0
0.0
0.0
0.0
0.0
0.0
0.0
0.0
0.0
0.0
0.0
0.0
0.0
0.0
0.0
0.0
0.0
0.0
0.0
0.0
0.0
0.0
0.0
0.0
0.0
0.0
0.0
0.0
0.0
0.0
0.0
0.0
0.0
0.0
0.0
0.0
0.0
0.0
0.0
0.0
0.0
0.0
0.0
0.0
0.0
0.0
0.0
0.0
0.0
0.0
0.0
0.0
0.0
0.0
0.0
0.0
0.0
0.0
0.0
0.0
0.0
0.0
0.0
0.0
0.0
0.0
0.0
0.0
0.0
0.0
0.0
0.0
0.0
0.0
0.0
0.0
0.0
0.0
0.0
0.0
0.0
0.0
0.0
0.0
0.0
0.0
0.0
0.0
0.0
0.0
0.0
0.0
0.0
0.0
0.0
0.0
0.0
0.0
0.0
0.0
0.0
0.0
0.0
0.0
0.0
0.0
0.0
80.0
17076.0
10240.0
24576.0
0.0
0.0
104.0
20736.0
0.0
0.0
0.0
0.0
0.0
0.0
0.0
0.0
0.0
0.0
0.0
0.0
0.0
0.0
144.0
16384.0
0.0
0.0
0.0
0.0
