0.12886356
0.0058864085
0.00530102
0.002022843
0.002777344
0.0036554271
0.0028684046
0.0030440213
0.002588719
0.0014439588
0.0019252783
0.0018407223
0.0020358518
0.0024000937
0.0016716099
0.0022179727
0.004676605
0.002673275
0.0013724113
0.002608232
0.0036749402
0.0017366532
0.0020098346
0.0015545322
0.0017236446
0.0022374857
0.002978978
0.0024716412
0.002387085
0.0028033615
0.0014504631
0.002835883
0.0022114685
0.0017106358
0.0023740763
0.002614736
0.0033497242
0.0039871475
0.0022960245
0.0016846185
0.0022374857
0.0014439588
0.0017431575
0.0021919555
0.0027188053
0.0015805495
0.0013854199
0.0015285149
0.0033562286
0.005099386
0.0019057654
0.0034342804
0.0016911229
0.0064913104
0.0017821834
0.0013724113
0.002608232
0.001938287
0.0014569674
0.0019317827
0.0017756791
0.0024586325
0.0012163076
0.0020878864
0.0027057966
0.0020878864
0.0021529295
0.0015285149
0.0021789467
0.004364398
0.0036684358
0.0020488605
0.0022374857
0.002022843
0.0017496618
0.0021139036
0.0025301802
0.0018537309
0.0039025913
0.0019903216
0.0024326153
0.0021529295
0.001079717
0.0012813509
0.0018602352
0.005261994
0.0015545322
0.0017626705
0.0014439588
0.0012488292
0.001242325
0.001346394
0.0011967947
0.0018732438
0.0019578
0.0011837861
0.004650588
0.002406598
0.002549693
0.0033562286
0.007870226
0.0050733685
0.0019057654
0.0015220107
0.0015545322
0.0018016964
0.0017561661
0.0011577688
0.00310256
0.0020033303
0.0016911229
0.0014049329
0.0020943906
0.0041042254
0.0036164012
0.0019708087
0.01680716
0.17594834
0.0029854823
0.0032066293
0.0020553647
0.002549693
0.0027838484
0.0017366532
0.0019578
0.004208294
0.0021399208
0.002673275
0.0032131334
0.0032196378
0.003876574
0.004813196
0.0032066293
0.0051709334
0.0021724424
0.0029269436
0.0027643356
0.00640025
0.051891457
0.0056457487
0.0030960557
0.006875065
0.0018537309
0.0027383182
0.0020423562
0.0022895203
0.001652097
0.0015350193
0.0016195754
0.0029594651
0.0017496618
0.0018537309
0.0044424497
0.0036489228
0.0036164012
0.0035838797
0.001938287
0.005892913
0.0024911542
0.0016781143
0.0021464252
0.0023610678
0.0019512956
0.0022114685
0.0017171402
0.0026017276
0.0016651056
0.0018992611
0.0016195754
0.0019057654
0.0018927568
0.0014569674
0.0018342179
0.0023610678
0.0020878864
0.0018927568
0.0021334165
0.0020683734
0.0028684046
0.0021984598
0.002224477
0.0045530233
0.0031350816
0.0021073993
0.002100895
0.0034212717
0.0019512956
0.0016651056
0.0027057966
0.0021269124
0.0016260797
0.0015740452
0.0022569986
0.0023935894
0.0023025288
0.0025822145
0.001938287
0.0024716412
0.0016586013
0.0018667395
0.0018082006
0.0022374857
0.0018537309
0.0018927568
0.002608232
0.002712301
0.008104381
0.001814705
0.0022569986
0.001632584
0.0016195754
0.0016716099
0.0022895203
0.002185451
0.0018602352
0.0013138724
0.0015805495
0.0031545947
0.0012878551
0.001795192
0.0015545322
0.0016911229
0.0016390884
0.0019122697
0.0023090332
0.0015285149
0.0010211781
0.0012748465
0.0014374545
0.0019512956
0.0014179415
0.0017756791
0.0023025288
0.0013528983
0.0018016964
0.0016260797
0.0014764804
0.0013008638
0.0011707774
0.0011967947
0.0042798417
0.0021724424
0.0018732438
0.0013203768
0.0019057654
0.0032781768
0.0044554584
0.0015740452
0.0039416174
0.0017496618
0.0019187741
0.0018992611
0.0046050576
0.0025822145
0.009184098
0.0073824017
0.053547084
1.6385276e-05
3.2770554e-06
6.226405e-05
4.915583e-05
6.5541108e-06
6.5541108e-06
0.0
0.0
0.0
0.0
0.0
0.0
0.0
0.0
0.0
0.0
0.0
0.0
0.0
0.0
0.0
0.0
0.0
0.0
0.0
0.0
0.0
0.0
0.0
0.0
0.0
0.006118262
1.31082215e-05
0.00012780516
4.260172e-05
0.00013763632
5.8986996e-05
0.00011469694
9.831166e-05
0.0
0.0
0.0
0.0
0.0
0.0
0.0
0.0
0.005918362
9.503461e-05
0.00014091338
7.8649326e-05
7.8649326e-05
0.00011469694
4.260172e-05
0.00020317743
1.6385276e-05
0.0
0.0
0.0
6.5541108e-06
3.2770554e-06
6.5541108e-06
6.5541108e-06
0.005662752
7.2095216e-05
5.2432886e-05
7.2095216e-05
7.2095216e-05
7.2095216e-05
6.881816e-05
9.175755e-05
9.503461e-05
4.915583e-05
3.9324663e-05
8.84805e-05
5.2432886e-05
7.2095216e-05
5.8986996e-05
9.175755e-05
0.010365326
7.2095216e-05
0.00031787436
0.00015729865
0.00056693057
0.00027527264
0.0003375367
0.0011207529
6.881816e-05
2.2939388e-05
1.31082215e-05
3.2770553e-05
2.2939388e-05
1.31082215e-05
1.31082215e-05
2.2939388e-05
0.015048238
0.00034081377
0.00076027686
0.00080943265
0.0010158871
0.0007832162
0.0012256188
0.010879824
0.00056693057
0.0002425021
0.00016057571
0.00011797399
0.00038013843
0.0002490562
0.00031787436
0.00065868814
0.00032115143
0.0001245281
0.00013763632
0.0005439912
2.2939388e-05
0.00023267094
0.0002490562
0.0047091288
1.6385276e-05
1.31082215e-05
1.9662331e-05
9.831166e-06
1.6385276e-05
8.84805e-05
3.9324663e-05
0.00016712982
0.0105324555
0.006924418
0.0011699088
0.001533662
0.0009798396
0.0023791422
0.0039881766
0.025692115
0.0032770555
0.0023267092
0.00012125105
0.00025561033
0.0002490562
6.5541106e-05
0.00050466653
0.0004030778
0.00036375315
0.00050794357
0.00015074454
0.00022283976
0.00022283976
0.0007275063
0.003136142
0.009067612
0.002831376
0.0019629563
0.00011141988
0.00014419043
0.00011141988
0.00013435927
0.00013435927
0.00030476614
0.006055998
0.0047582844
0.0017958264
0.0025659343
0.0013665321
0.0013435927
0.0012518351
0.022510093
0.0040373323
0.0012256188
0.0009405149
0.0009995019
0.0012813286
0.0009896707
0.0014550126
0.0011141988
0.016067402
0.0028018823
0.002497116
0.0036408086
0.0049385224
0.0026839084
0.008520344
0.04470559
0.016889943
0.0048565962
0.0035687133
0.0045256135
0.0074159764
0.0037391202
0.0027592806
0.004617371
0.00955917
0.0046075396
0.0031263109
0.006285392
0.008205746
0.0036047609
0.0051318686
0.050011143
0.03419607
0.00884805
0.008949638
0.009234742
0.009749239
0.0073012793
0.0045616613
0.007835439
0.012996801
0.0045911544
0.0076289847
0.006341102
0.006108431
0.0041585835
0.006160864
0.030565096
0.02481714
0.0075339503
0.004666527
0.006491847
0.008136928
0.0041094273
0.003975068
0.01608051
0.00699979
0.004502674
0.007212799
0.007897703
0.004627202
0.002139917
0.003545774
0.021418834
0.013101667
0.006046167
0.0026118131
0.007412699
0.0029427956
0.0026281984
0.0012649434
0.013029573
0.009598495
0.0098082265
0.009936032
0.010401374
0.010457084
0.009965525
0.009782011
0.011089555
0.010326002
0.009995019
0.010417759
0.009241296
0.010230967
0.01011627
0.009798395
0.009909815
2118.0
10.292729
21800.0
0.0021100917
0.0017431192
0.001880734
0.0019266055
0.0024770643
0.0043119267
0.0024770643
0.0016513761
0.0023394495
0.0016055045
0.0020642201
0.0020642201
0.003027523
0.0023394495
0.002385321
0.0015137615
0.0030733945
0.0065137614
0.003027523
0.0031192661
0.0017889908
0.011009174
0.0016055045
0.0022477065
0.003027523
0.0030733945
0.0020642201
0.0019266055
0.0019266055
0.004495413
0.0012385321
0.0033944955
0.004036697
0.0052293576
0.0025229359
0.0028899082
0.0037155964
0.006055046
0.005733945
0.003853211
0.0035779816
0.0033486239
0.0037155964
0.003211009
0.0039908257
0.003211009
0.0038073394
0.00353211
0.002385321
0.0033027523
0.001880734
0.0018348624
0.0031192661
0.017155964
0.0017889908
0.0022477065
0.0018348624
0.00096330274
0.0016513761
0.0028440368
0.0014678899
0.003027523
0.0016513761
0.0015137615
0.008990826
0.005733945
0.00706422
0.009495413
0.010091743
0.015229357
0.0021100917
0.0027981652
0.0014678899
0.0029357797
0.0036238532
0.0016055045
0.0081192665
0.003211009
0.0033486239
0.0031192661
0.004036697
0.010412844
0.006788991
0.0031192661
0.05027523
0.593211
0.005733945
0.006880734
0.0031192661
0.003211009
0.0038073394
0.0026146788
0.0026605504
0.0056422018
0.0024770643
0.0065137614
3.4250774
0.0
0.0
0.0
1.0
153744.0
167936.0
0.0
0.0
6.0
0.0
1.0
0.0
0.0
0.0
1367778800.0
0.0
0.0
0.0
0.0
0.0
1.0
0.0
0.0
0.0
0.0
0.0
0.0
-1.0
0.0
-1.0
-1.0
1.0
0.0
0.0
0.0
0.0
0.0
0.0
0.0
0.0
0.0
0.0
0.0
-1.0
0.0
0.0
0.0
0.0
0.0
0.0
0.0
0.0
0.0
0.0
0.0
0.0
-1.0
0.0
0.0
0.0
0.0
0.0
0.0
0.0
0.0
0.0
0.0
2.0
55.0
1.0
0.0
4.0
0.0
9216.0
512.0
4096.0
4.0
0.0
0.0
2.0
4.0
0.0
0.0
0.0
0.0
0.0
0.0
0.0
0.0
0.0
0.0
-147968.0
0.0
0.0
0.0
0.0
0.0
0.0
-512.0
0.0
0.0
0.0
0.0
0.0
0.0
0.0
0.0
0.0
0.0
0.0
0.0
0.0
0.0
0.0
0.0
0.0
0.0
0.0
0.0
0.0
0.0
0.0
3584.0
0.0
512.0
0.0
0.0
0.0
0.0
0.0
0.0
0.0
0.0
0.0
0.0
0.0
0.0
0.0
0.0
0.0
0.0
-6.4557004
0.0
0.0
0.0
0.0
0.0
0.0
-4.0557346
0.0
0.0
0.0
0.0
0.0
0.0
0.0
0.0
0.0
0.0
0.0
0.0
0.0
0.0
0.0
0.0
0.0
0.0
0.0
0.0
0.0
0.0
0.0
5.7582426
0.0
0.77950495
0.0
0.0
0.0
0.0
0.0
0.0
0.0
0.0
0.0
0.0
0.0
0.0
0.0
0.0
0.0
0.0
-151552.0
0.0
0.0
0.0
0.0
0.0
0.0
-4096.0
0.0
0.0
0.0
0.0
0.0
0.0
0.0
0.0
0.0
0.0
0.0
0.0
0.0
0.0
0.0
0.0
0.0
0.0
0.0
0.0
0.0
0.0
0.0
4096.0
0.0
4096.0
0.0
0.0
0.0
0.0
0.0
0.0
0.0
0.0
0.0
-1.0
0.0
0.0
0.0
-1.0
0.0
0.0
1.0
0.0
0.0
0.0
0.0
0.0
0.0
1.0
0.0
0.0
0.0
0.0
0.0
0.0
0.0
0.0
0.0
0.0
0.0
1.0
0.0
-1.0
0.0
0.0
0.0
0.0
0.0
0.0
-2.0
0.0
0.0
0.0
0.0
0.0
0.0
0.0
0.0
0.0
0.0
0.0
1.0
0.0
0.0
0.0
0.0
0.0
0.0
0.0
0.0
0.0
0.0
0.0
0.0
-1.0
0.0
0.0
0.0
0.0
0.0
0.0
0.0
0.0
0.0
1.0
0.0
0.0
0.0
0.0
1.0
0.0
0.0
0.0
0.0
0.0
0.0
0.0
0.0
1.0
0.0
0.0
0.0
0.0
0.0
0.0
0.0
0.0
0.0
-1.0
0.0
0.0
0.0
0.0
0.0
0.0
0.0
0.0
0.0
0.0
0.0
0.0
0.0
0.0
0.0
0.0
0.0
0.0
0.0
0.0
0.0
0.0
0.0
0.0
0.0
0.0
0.0
0.0
0.0
0.0
0.0
0.0
-1.0
0.0
0.0
0.0
0.0
0.0
0.0
0.0
0.0
0.0
0.0
0.0
0.0
0.0
0.0
0.0
0.0
0.0
0.0
0.0
0.0
0.0
-1.0
0.0
0.0
0.0
0.0
0.0
0.0
0.0
0.0
0.0
0.0
0.0
0.0
0.0
0.0
0.0
0.0
0.0
0.0
0.0
0.0
0.0
0.0
0.0
0.0
0.0
0.0
0.0
0.0
1.0
1.0
0.0
0.0
0.0
0.0
0.0
0.0
0.0
0.0
0.0
0.0
0.0
0.0
0.0
0.0
0.0
0.0
0.0
0.0
0.0
0.0
0.0
0.0
0.0
0.0
0.0
0.0
0.0
0.0
0.0
0.0
0.0
0.0
0.0
0.0
1.0
-1.0
0.0
0.0
0.0
0.0
0.0
0.0
0.0
0.0
0.0
0.0
0.0
0.0
0.0
0.0
0.0
0.0
0.0
0.0
0.0
0.0
0.0
0.0
0.0
0.0
0.0
0.0
0.0
0.0
0.0
0.0
0.0
0.0
0.0
0.0
0.0
0.0
0.0
0.0
0.0
0.0
0.0
0.0
0.0
0.0
0.0
0.0
0.0
0.0
0.0
0.0
0.0
0.0
0.0
0.0
0.0
0.0
0.0
0.0
0.0
0.0
0.0
0.0
0.0
0.0
0.0
0.0
0.0
0.0
0.0
0.0
0.0
0.0
0.0
0.0
0.0
0.0
0.0
0.0
0.0
0.0
0.0
0.0
0.0
0.0
0.0
0.0
0.0
0.0
0.0
0.0
0.0
0.0
0.0
0.0
0.0
0.0
0.0
0.0
0.0
0.0
0.0
0.0
0.0
0.0
0.0
0.0
0.0
0.0
0.0
0.0
0.0
0.0
0.0
0.0
0.0
0.0
0.0
0.0
0.0
0.0
0.0
0.0
0.0
0.0
0.0
0.0
0.0
0.0
0.0
0.0
0.0
0.0
0.0
0.0
0.0
0.0
0.0
0.0
0.0
0.0
0.0
0.0
0.0
0.0
0.0
0.0
0.0
0.0
0.0
0.0
0.0
0.0
0.0
0.0
0.0
0.0
0.0
0.0
0.0
0.0
0.0
0.0
0.0
0.0
0.0
0.0
0.0
0.0
0.0
0.0
0.0
0.0
0.0
0.0
0.0
0.0
0.0
0.0
0.0
0.0
0.0
0.0
0.0
0.0
0.0
0.0
0.0
0.0
0.0
0.0
0.0
0.0
0.0
0.0
0.0
0.0
0.0
0.0
0.0
0.0
0.0
0.0
0.0
0.0
0.0
0.0
0.0
0.0
0.0
0.0
0.0
0.0
0.0
0.0
0.0
0.0
0.0
0.0
0.0
0.0
0.0
0.0
0.0
0.0
0.0
0.0
0.0
0.0
0.0
0.0
0.0
0.0
0.0
0.0
0.0
0.0
0.0
0.0
0.0
0.0
0.0
0.0
0.0
0.0
0.0
0.0
0.0
0.0
0.0
0.0
0.0
0.0
0.0
0.0
0.0
0.0
0.0
0.0
0.0
0.0
0.0
0.0
0.0
0.0
0.0
0.0
0.0
0.0
0.0
0.0
0.0
0.0
0.0
0.0
0.0
0.0
0.0
0.0
0.0
0.0
0.0
0.0
0.0
0.0
0.0
0.0
0.0
0.0
0.0
0.0
0.0
0.0
0.0
0.0
0.0
0.0
0.0
0.0
0.0
0.0
0.0
0.0
0.0
0.0
0.0
0.0
0.0
0.0
0.0
0.0
0.0
0.0
0.0
0.0
0.0
0.0
0.0
0.0
0.0
0.0
0.0
0.0
0.0
0.0
0.0
0.0
0.0
0.0
0.0
0.0
0.0
0.0
0.0
0.0
0.0
0.0
0.0
0.0
0.0
0.0
0.0
0.0
0.0
0.0
0.0
0.0
0.0
0.0
0.0
0.0
-1.0
0.0
0.0
0.0
0.0
0.0
0.0
0.0
0.0
0.0
0.0
0.0
0.0
0.0
0.0
0.0
0.0
0.0
0.0
0.0
0.0
0.0
0.0
0.0
0.0
0.0
0.0
0.0
0.0
0.0
0.0
0.0
0.0
0.0
0.0
0.0
0.0
0.0
0.0
0.0
0.0
0.0
0.0
0.0
0.0
0.0
0.0
0.0
0.0
0.0
0.0
0.0
0.0
0.0
0.0
0.0
0.0
0.0
0.0
0.0
0.0
0.0
0.0
0.0
0.0
0.0
0.0
-1.0
0.0
0.0
0.0
0.0
0.0
0.0
0.0
0.0
0.0
0.0
0.0
0.0
0.0
0.0
0.0
0.0
0.0
0.0
0.0
0.0
0.0
0.0
0.0
0.0
0.0
0.0
0.0
0.0
0.0
0.0
0.0
0.0
0.0
0.0
0.0
0.0
0.0
0.0
0.0
0.0
0.0
0.0
0.0
0.0
0.0
0.0
0.0
0.0
0.0
0.0
0.0
0.0
0.0
0.0
0.0
0.0
0.0
0.0
0.0
0.0
0.0
0.0
0.0
0.0
0.0
0.0
0.0
0.0
0.0
0.0
0.0
0.0
0.0
0.0
0.0
0.0
0.0
0.0
0.0
0.0
0.0
0.0
0.0
0.0
0.0
0.0
0.0
0.0
0.0
0.0
0.0
0.0
0.0
0.0
0.0
0.0
0.0
0.0
0.0
0.0
0.0
0.0
0.0
0.0
0.0
0.0
0.0
0.0
0.0
0.0
0.0
0.0
0.0
0.0
0.0
0.0
0.0
0.0
0.0
0.0
0.0
0.0
0.0
0.0
0.0
0.0
0.0
0.0
0.0
0.0
0.0
0.0
0.0
0.0
0.0
0.0
0.0
0.0
0.0
1.0
0.0
0.0
0.0
0.0
0.0
0.0
0.0
0.0
0.0
0.0
0.0
0.0
0.0
0.0
0.0
0.0
0.0
0.0
0.0
0.0
0.0
0.0
0.0
0.0
0.0
0.0
0.0
0.0
0.0
0.0
0.0
0.0
0.0
0.0
0.0
0.0
0.0
0.0
0.0
0.0
0.0
0.0
0.0
0.0
0.0
0.0
0.0
0.0
0.0
0.0
0.0
0.0
0.0
0.0
0.0
0.0
0.0
0.0
0.0
0.0
0.0
0.0
0.0
0.0
0.0
0.0
0.0
0.0
0.0
0.0
0.0
0.0
0.0
0.0
0.0
0.0
0.0
0.0
0.0
0.0
0.0
0.0
0.0
0.0
0.0
0.0
0.0
0.0
0.0
0.0
0.0
0.0
0.0
0.0
0.0
0.0
0.0
0.0
0.0
0.0
0.0
0.0
0.0
0.0
0.0
0.0
0.0
0.0
0.0
0.0
0.0
0.0
0.0
0.0
0.0
0.0
0.0
0.0
0.0
0.0
0.0
0.0
0.0
0.0
0.0
0.0
0.0
0.0
0.0
0.0
0.0
0.0
0.0
0.0
0.0
0.0
0.0
0.0
0.0
0.0
0.0
0.0
0.0
0.0
0.0
0.0
0.0
0.0
0.0
0.0
0.0
0.0
0.0
0.0
0.0
0.0
0.0
0.0
0.0
0.0
0.0
0.0
0.0
0.0
0.0
0.0
0.0
0.0
0.0
0.0
0.0
0.0
0.0
0.0
0.0
0.0
0.0
0.0
0.0
0.0
0.0
0.0
0.0
0.0
0.0
0.0
0.0
0.0
0.0
0.0
0.0
0.0
0.0
0.0
0.0
0.0
0.0
0.0
0.0
0.0
0.0
0.0
0.0
0.0
0.0
0.0
0.0
0.0
0.0
0.0
0.0
0.0
0.0
0.0
0.0
0.0
0.0
0.0
0.0
0.0
0.0
0.0
0.0
0.0
0.0
0.0
-1.0
0.0
0.0
0.0
0.0
0.0
0.0
0.0
0.0
0.0
0.0
0.0
0.0
0.0
0.0
0.0
0.0
0.0
0.0
0.0
0.0
0.0
0.0
0.0
0.0
0.0
0.0
0.0
0.0
0.0
0.0
0.0
0.0
0.0
0.0
0.0
0.0
0.0
0.0
0.0
0.0
0.0
0.0
0.0
0.0
0.0
0.0
0.0
0.0
0.0
0.0
0.0
0.0
0.0
0.0
0.0
0.0
0.0
0.0
0.0
0.0
0.0
0.0
0.0
0.0
0.0
0.0
0.0
0.0
0.0
0.0
0.0
0.0
0.0
0.0
0.0
0.0
0.0
0.0
0.0
0.0
0.0
0.0
0.0
0.0
0.0
0.0
0.0
0.0
0.0
0.0
0.0
0.0
0.0
0.0
0.0
0.0
0.0
0.0
0.0
0.0
0.0
0.0
0.0
0.0
0.0
0.0
0.0
0.0
0.0
0.0
0.0
0.0
0.0
0.0
0.0
0.0
0.0
0.0
0.0
0.0
0.0
0.0
0.0
0.0
0.0
0.0
0.0
0.0
0.0
0.0
0.0
0.0
0.0
0.0
0.0
0.0
0.0
0.0
0.0
0.0
0.0
0.0
0.0
0.0
0.0
0.0
0.0
0.0
0.0
0.0
0.0
0.0
0.0
0.0
0.0
0.0
0.0
1.0
0.0
0.0
0.0
0.0
0.0
0.0
0.0
0.0
0.0
0.0
0.0
0.0
0.0
0.0
0.0
0.0
0.0
0.0
0.0
0.0
0.0
0.0
0.0
0.0
0.0
0.0
0.0
0.0
0.0
0.0
0.0
0.0
0.0
0.0
0.0
0.0
0.0
0.0
-1.0
0.0
0.0
0.0
0.0
0.0
0.0
0.0
0.0
0.0
0.0
0.0
0.0
0.0
0.0
0.0
0.0
0.0
0.0
0.0
0.0
0.0
0.0
0.0
0.0
0.0
0.0
0.0
0.0
0.0
0.0
0.0
0.0
0.0
0.0
0.0
0.0
0.0
0.0
0.0
0.0
0.0
0.0
0.0
0.0
0.0
0.0
0.0
0.0
0.0
0.0
0.0
0.0
0.0
0.0
0.0
0.0
0.0
0.0
0.0
0.0
0.0
0.0
0.0
0.0
0.0
0.0
0.0
0.0
0.0
0.0
0.0
0.0
0.0
0.0
0.0
0.0
0.0
0.0
0.0
0.0
0.0
0.0
0.0
0.0
0.0
0.0
0.0
0.0
0.0
0.0
0.0
0.0
0.0
0.0
0.0
0.0
0.0
0.0
0.0
0.0
0.0
0.0
0.0
0.0
0.0
0.0
0.0
0.0
0.0
0.0
0.0
0.0
0.0
0.0
0.0
0.0
0.0
0.0
0.0
0.0
0.0
0.0
0.0
0.0
0.0
0.0
0.0
0.0
0.0
0.0
0.0
0.0
0.0
0.0
0.0
0.0
0.0
0.0
0.0
0.0
0.0
0.0
0.0
0.0
0.0
0.0
0.0
0.0
0.0
0.0
0.0
0.0
0.0
0.0
0.0
0.0
0.0
0.0
0.0
0.0
0.0
0.0
0.0
0.0
0.0
0.0
0.0
0.0
0.0
0.0
0.0
0.0
0.0
0.0
0.0
0.0
0.0
0.0
0.0
0.0
0.0
0.0
0.0
0.0
0.0
0.0
0.0
0.0
0.0
0.0
0.0
0.0
0.0
0.0
0.0
0.0
0.0
0.0
0.0
0.0
0.0
0.0
0.0
0.0
0.0
0.0
0.0
0.0
0.0
0.0
0.0
0.0
0.0
0.0
0.0
0.0
0.0
0.0
0.0
0.0
0.0
0.0
0.0
0.0
0.0
0.0
0.0
0.0
0.0
0.0
0.0
0.0
0.0
0.0
0.0
0.0
0.0
0.0
0.0
0.0
0.0
0.0
0.0
0.0
0.0
0.0
0.0
0.0
0.0
0.0
0.0
0.0
0.0
0.0
0.0
0.0
0.0
0.0
0.0
0.0
0.0
0.0
0.0
0.0
0.0
0.0
0.0
0.0
0.0
0.0
0.0
0.0
0.0
0.0
0.0
0.0
0.0
0.0
0.0
0.0
0.0
0.0
0.0
0.0
0.0
0.0
0.0
0.0
0.0
0.0
0.0
0.0
0.0
0.0
0.0
0.0
0.0
0.0
0.0
0.0
0.0
0.0
0.0
0.0
0.0
0.0
0.0
0.0
0.0
140.0
163840.0
136.0
159744.0
0.0
0.0
0.0
0.0
0.0
0.0
0.0
0.0
0.0
0.0
0.0
0.0
0.0
0.0
0.0
0.0
0.0
0.0
0.0
0.0
0.0
0.0
0.0
0.0
