0.013623516
0.0037827399
0.0037764588
0.0036304253
0.0036068715
0.0036147228
0.004644809
0.003567615
0.0037167892
0.0036681113
0.0035738961
0.0036869543
0.0035770366
0.0035581936
0.0037450537
0.0036131525
0.0038047233
0.0036147228
0.0037670373
0.0038989384
0.0038722442
0.0035833176
0.0037387726
0.003979021
0.003778029
0.0035691853
0.0037230703
0.0037324918
0.0038549714
0.0035786068
0.0036681113
0.00384555
0.0036979462
0.0036445574
0.003752905
0.004724892
0.0037199296
0.0036885245
0.0036131525
0.003542491
0.0037827399
0.0035267884
0.0036194334
0.0036492683
0.0037481943
0.003542491
0.003913071
0.003610012
0.0037324918
0.0037497645
0.0039005089
0.0035142265
0.0035267884
0.0036335657
0.003561334
0.0034718297
0.0037309215
0.0034828214
0.0035707557
0.0036053013
0.0035157967
0.0035597638
0.0035252182
0.0035990202
0.0036131525
0.0037686075
0.003572326
0.0035079455
0.0036005904
0.0036367062
0.0035314993
0.0036932353
0.0035079455
0.0037010866
0.0036131525
0.0036382766
0.00359745
0.0035895987
0.00353621
0.0038612525
0.0036257145
0.0038188556
0.0039648893
0.0035597638
0.0034969538
0.0038204258
0.0036728221
0.0037057975
0.0038000126
0.003492243
0.004211419
0.009939702
0.0035629044
0.0035880285
0.003752905
0.003572326
0.0037905911
0.0036053013
0.0037356322
0.0036712517
0.003616293
0.0038235663
0.003914641
0.0037199296
0.0036696815
0.0037434835
0.0037199296
0.0036743924
0.0036712517
0.003431003
0.0036037308
0.004428114
0.003647698
0.003572326
0.0036743924
0.0036335657
0.0039444757
0.0034828214
0.0036948055
0.005962251
0.014259469
0.0037733184
0.0036508385
0.005684316
0.003708938
0.0040104263
0.004673073
0.0035801772
0.0038361284
0.003666541
0.0037372024
0.0036319955
0.0035016644
0.0036743924
0.0037544752
0.0035581936
0.004863074
0.0039350544
0.0036712517
0.0034906727
0.003591169
0.0037513347
0.003529929
0.003622574
0.0036429872
0.0039429055
0.0042569563
0.0034074492
0.003493813
0.003685384
0.004330758
0.0036037308
0.0038628227
0.0035597638
0.00378431
0.0038110043
0.003653979
0.0035660448
0.010037058
0.0036681113
0.0035000942
0.003611582
0.0037811694
0.0035833176
0.0071886186
0.0033964575
0.0036178632
0.0041046417
0.003851831
0.011502104
0.0042475346
0.0035660448
0.0037214998
0.010132844
0.0035801772
0.0034702595
0.0042412537
0.0035990202
0.0035880285
0.0040810877
0.0035833176
0.00378431
0.0045819986
0.0035314993
0.0035848878
0.0035550531
0.0035786068
0.0035440612
0.0035754663
0.0035126563
0.0037073677
0.0034372841
0.003591169
0.0035440612
0.0036759626
0.0035330695
0.0038816656
0.0036445574
0.0036367062
0.0035519125
0.003734062
0.003685384
0.0035691853
0.0036571196
0.00366026
0.0035801772
0.0036759626
0.0033980277
0.0043653036
0.003572326
0.0038424095
0.0038989384
0.0034875323
0.0037874505
0.0035110859
0.003542491
0.0036335657
0.0035707557
0.0034215816
0.0034388544
0.0036571196
0.0034467056
0.0041486085
0.0035472019
0.0035990202
0.0036586898
0.0039680297
0.00359745
0.0036649709
0.0036210036
0.0036068715
0.0034702595
0.0038376986
0.0037387726
0.0035660448
0.0036005904
0.0034514163
0.0036210036
0.0037419132
0.0035801772
0.003752905
0.0033305069
0.003460838
0.0036131525
0.0034278627
0.0036618302
0.0035472019
0.0035314993
0.003561334
0.0034875323
0.0035016644
0.0036775328
0.0037890207
0.0035660448
0.0034891025
0.0037450537
0.0032258064
0.0
0.0
0.0
0.0
0.0
0.0
0.0
0.0
0.0
0.0
0.0
0.0
0.0
0.0
0.0
0.0
0.0
0.0
0.0
0.0
0.0
0.0
0.0
0.0
0.0
0.0
0.0
0.0
0.0
0.0
0.0
0.0
0.0
0.0
0.0
0.0
0.0
0.0
0.0
0.0
0.0
0.0
0.0
0.0
0.0
0.0
0.0
0.0
0.0
0.0
0.0
0.0
0.0
0.0
0.0
0.0
0.0
0.0
0.0
0.0
0.0
0.0
0.0
0.0
0.0
0.0
0.0
0.0
0.0
0.0
0.0
0.0
0.0
0.0
0.0
0.0
0.0
0.0
0.0
0.0012207031
5.512853e-06
5.512853e-06
2.0476311e-05
3.0714466e-05
2.2838962e-05
6.300403e-06
7.875504e-06
0.00023784023
1.8113658e-05
0.0
3.1502016e-06
7.875504e-06
8.663054e-06
5.512853e-06
1.1813256e-05
0.001226216
3.0714466e-05
2.5989164e-05
3.0714466e-05
2.5201613e-05
2.7564263e-05
1.890121e-05
1.3388357e-05
2.4414063e-05
2.5989164e-05
2.126386e-05
2.9139364e-05
2.5989164e-05
3.1502015e-05
2.7564263e-05
2.8351815e-05
0.0015766759
1.5751008e-05
2.0476311e-05
7.324219e-05
7.245463e-05
4.0952622e-05
0.00010238155
5.2765878e-05
0.0011450982
1.968876e-05
2.3626512e-06
7.875504e-06
1.4175907e-05
9.450605e-06
7.875504e-06
6.457913e-05
0.00091670867
1.4963458e-05
1.890121e-05
5.3553427e-05
0.000104744206
4.331527e-05
0.00024650327
9.2930946e-05
1.1813256e-05
5.512853e-06
5.512853e-06
3.937752e-06
7.0879537e-06
7.245463e-05
4.7253025e-06
1.02381555e-05
0.0
0.0
0.0
0.0
0.0
0.0
0.0
0.0
0.0
0.0
0.0
0.0
0.0
0.0
0.0
0.0
0.0
0.0
0.0
0.0
0.0
0.0
0.0
0.0
0.0
0.0
0.0
0.0
0.0
0.0
0.0
0.0
0.0
0.0
0.0
0.0
0.0
0.0
0.0
0.0
0.0
0.0
0.0
0.0
0.0
0.0
0.0
0.0
0.0007536857
0.00014963458
8.89932e-05
8.0330145e-05
0.00011419481
0.0005481351
0.00014963458
0.00050560734
0.00012443296
0.00066154235
0.0009962512
0.00020948841
0.000105531755
0.00012522051
8.1905244e-05
0.00014412172
0.0012372417
0.0005788495
0.00033077117
0.00042527722
0.00047410536
0.0014585434
0.0005213584
0.0021815146
0.000625315
0.0014388546
0.0026910598
0.000562311
0.00067099294
0.0006016885
0.00039928805
0.0003189579
0.0021578881
0.0015916394
0.0015963647
0.0011939264
0.0013821509
0.003922001
0.0018239667
0.0043472783
0.0013734879
0.0040606097
0.0074974797
0.0019405242
0.0014790196
0.0017318233
0.0013892389
0.0012222782
0.056521706
0.057643175
0.05771878
0.05584835
0.05578141
0.05955141
0.056961946
0.06781518
0.056324817
0.060138136
0.06573919
0.05673198
0.055716828
0.056331117
0.0564335
0.05538763
3446.0
6.810505
23469.0
0.006647066
0.008138395
0.008053176
0.011547147
0.007030551
0.007584473
0.0068601132
0.005880097
0.0069027226
0.006817504
0.006732285
0.007371426
0.0071157697
0.006732285
0.0077123013
0.007456645
0.008181005
0.00784013
0.008607099
0.007669692
0.0072009885
0.0072009885
0.0074992543
0.006945332
0.0076270825
0.0069879415
0.007967957
0.006945332
0.006604457
0.0066896756
0.006519238
0.0069879415
0.0071157697
0.008394051
0.007669692
0.0075418637
0.0059227063
0.007371426
0.0072009885
0.007967957
0.007030551
0.00784013
0.007243598
0.0070731603
0.008181005
0.007584473
0.0068601132
0.008777536
0.006945332
0.007243598
0.0070731603
0.0072862073
0.008649708
0.008734927
0.0066896756
0.0076270825
0.0058374875
0.006647066
0.008053176
0.011632366
0.0077549107
0.006519238
0.006732285
0.007030551
0.007925348
0.009033193
0.006945332
0.008095786
0.00784013
0.010226256
0.0072862073
0.0069879415
0.00779752
0.008181005
0.008564489
0.0073288167
0.007584473
0.0076270825
0.0072862073
0.008138395
0.0072009885
0.0073288167
0.00847927
0.008266224
0.009416677
0.0077549107
0.007584473
0.012697601
0.27436194
0.00852188
0.006817504
0.008223614
0.0073288167
0.008095786
0.0078827385
0.0069027226
5.6054325
1.0
0.0
0.0
12.0
636840.0
376832.0
0.0
0.0
33.0
0.0
1.0
0.0
0.0
0.0
1367514100.0
0.0
0.0
0.0
0.0
0.0
1.0
0.0
0.0
0.0
0.0
0.0
0.0
-1.0
0.0
0.0
0.0
0.0
0.0
0.0
0.0
0.0
0.0
0.0
0.0
0.0
0.0
0.0
0.0
-1.0
0.0
0.0
0.0
0.0
-1.0
0.0
0.0
0.0
0.0
0.0
0.0
0.0
-1.0
0.0
0.0
0.0
0.0
0.0
0.0
0.0
0.0
0.0
0.0
9.0
0.0
5.0
0.0
5.0
0.0
181248.0
1024.0
4096.0
5.0
0.0
0.0
2.0
3.0
0.0
0.0
0.0
0.0
0.0
0.0
0.0
0.0
0.0
0.0
0.0
-4096.0
0.0
0.0
1024.0
0.0
0.0
0.0
0.0
0.0
0.0
0.0
0.0
0.0
0.0
0.0
0.0
0.0
0.0
0.0
0.0
0.0
-512.0
0.0
0.0
0.0
0.0
0.0
0.0
0.0
0.0
-177152.0
0.0
2048.0
0.0
0.0
0.0
0.0
0.0
0.0
0.0
0.0
0.0
0.0
0.0
0.0
0.0
0.0
0.0
0.0
0.0
-0.53360015
0.0
0.0
5.0232415
0.0
0.0
0.0
0.0
0.0
0.0
0.0
0.0
0.0
0.0
0.0
0.0
0.0
0.0
0.0
0.0
0.0
-3.1704075
0.0
0.0
0.0
0.0
0.0
0.0
0.0
0.0
-7.6690116
0.0
2.765335
0.0
0.0
0.0
0.0
0.0
0.0
0.0
0.0
0.0
0.0
0.0
0.0
0.0
0.0
0.0
0.0
0.0
-4096.0
0.0
0.0
948.0
0.0
0.0
0.0
0.0
0.0
0.0
0.0
0.0
0.0
0.0
0.0
0.0
0.0
0.0
0.0
0.0
0.0
-280.0
0.0
0.0
0.0
0.0
0.0
0.0
0.0
0.0
-176966.0
0.0
178064.0
0.0
0.0
0.0
0.0
0.0
0.0
0.0
0.0
0.0
-1.0
0.0
0.0
0.0
0.0
0.0
1.0
0.0
0.0
0.0
0.0
0.0
0.0
0.0
0.0
0.0
0.0
0.0
0.0
0.0
0.0
0.0
0.0
0.0
0.0
0.0
0.0
0.0
0.0
0.0
0.0
0.0
0.0
0.0
0.0
0.0
-2.0
0.0
0.0
0.0
1.0
0.0
0.0
0.0
0.0
0.0
0.0
0.0
0.0
0.0
0.0
0.0
0.0
0.0
0.0
0.0
0.0
0.0
0.0
0.0
-1.0
0.0
0.0
0.0
0.0
0.0
0.0
0.0
0.0
0.0
1.0
0.0
0.0
0.0
0.0
1.0
0.0
0.0
0.0
0.0
0.0
0.0
0.0
0.0
1.0
0.0
0.0
0.0
0.0
0.0
0.0
0.0
0.0
0.0
0.0
0.0
0.0
0.0
0.0
0.0
0.0
0.0
0.0
0.0
0.0
0.0
0.0
0.0
0.0
0.0
0.0
0.0
0.0
0.0
0.0
0.0
0.0
0.0
0.0
0.0
0.0
0.0
0.0
0.0
0.0
0.0
0.0
-1.0
0.0
0.0
0.0
0.0
0.0
0.0
0.0
0.0
0.0
0.0
0.0
0.0
0.0
0.0
0.0
0.0
0.0
0.0
0.0
0.0
0.0
0.0
-1.0
0.0
0.0
0.0
0.0
0.0
0.0
0.0
0.0
0.0
0.0
0.0
0.0
0.0
0.0
0.0
0.0
0.0
0.0
0.0
0.0
0.0
0.0
0.0
0.0
0.0
0.0
0.0
0.0
0.0
0.0
0.0
0.0
0.0
0.0
0.0
0.0
0.0
0.0
0.0
0.0
0.0
0.0
0.0
0.0
0.0
0.0
-1.0
0.0
0.0
0.0
0.0
0.0
0.0
0.0
0.0
0.0
0.0
0.0
0.0
0.0
0.0
0.0
0.0
1.0
0.0
0.0
0.0
0.0
0.0
0.0
0.0
0.0
0.0
0.0
0.0
0.0
0.0
0.0
0.0
0.0
0.0
0.0
0.0
0.0
0.0
0.0
0.0
0.0
0.0
0.0
0.0
0.0
0.0
0.0
0.0
0.0
0.0
0.0
0.0
0.0
0.0
0.0
0.0
0.0
0.0
0.0
0.0
0.0
0.0
0.0
0.0
0.0
0.0
0.0
0.0
0.0
0.0
0.0
0.0
0.0
0.0
0.0
0.0
0.0
0.0
0.0
0.0
0.0
0.0
0.0
0.0
0.0
0.0
0.0
0.0
0.0
0.0
0.0
0.0
0.0
0.0
0.0
0.0
0.0
0.0
0.0
0.0
0.0
0.0
0.0
0.0
0.0
0.0
0.0
0.0
0.0
0.0
0.0
0.0
0.0
0.0
0.0
0.0
0.0
0.0
0.0
0.0
0.0
0.0
0.0
0.0
0.0
0.0
0.0
0.0
0.0
0.0
0.0
0.0
0.0
0.0
0.0
0.0
0.0
0.0
0.0
0.0
0.0
0.0
0.0
0.0
0.0
0.0
0.0
0.0
0.0
0.0
0.0
0.0
0.0
0.0
0.0
0.0
0.0
0.0
0.0
0.0
0.0
0.0
0.0
0.0
0.0
0.0
0.0
-1.0
1.0
0.0
0.0
0.0
0.0
0.0
0.0
0.0
0.0
0.0
0.0
0.0
0.0
0.0
0.0
0.0
0.0
0.0
0.0
0.0
0.0
0.0
0.0
0.0
0.0
0.0
0.0
0.0
0.0
1.0
0.0
0.0
0.0
0.0
0.0
0.0
0.0
0.0
1.0
0.0
0.0
0.0
0.0
0.0
0.0
0.0
0.0
0.0
0.0
0.0
0.0
0.0
0.0
0.0
0.0
0.0
0.0
0.0
0.0
0.0
0.0
0.0
0.0
0.0
0.0
0.0
0.0
0.0
0.0
0.0
0.0
0.0
0.0
0.0
1.0
0.0
0.0
0.0
0.0
0.0
0.0
0.0
0.0
0.0
0.0
0.0
0.0
0.0
0.0
0.0
0.0
0.0
0.0
0.0
0.0
0.0
0.0
0.0
0.0
0.0
0.0
0.0
0.0
0.0
0.0
0.0
0.0
0.0
0.0
0.0
0.0
0.0
0.0
0.0
0.0
0.0
0.0
0.0
0.0
0.0
0.0
0.0
0.0
0.0
0.0
0.0
0.0
0.0
0.0
0.0
0.0
0.0
0.0
0.0
0.0
0.0
0.0
0.0
0.0
0.0
0.0
0.0
0.0
0.0
0.0
0.0
0.0
0.0
0.0
0.0
0.0
0.0
0.0
0.0
0.0
0.0
0.0
0.0
0.0
0.0
-1.0
0.0
0.0
0.0
0.0
0.0
0.0
0.0
0.0
0.0
0.0
0.0
0.0
0.0
0.0
0.0
0.0
0.0
0.0
0.0
0.0
0.0
0.0
0.0
0.0
0.0
0.0
0.0
0.0
0.0
0.0
0.0
0.0
0.0
0.0
0.0
0.0
0.0
0.0
0.0
0.0
0.0
0.0
0.0
0.0
0.0
0.0
0.0
0.0
0.0
0.0
0.0
0.0
0.0
0.0
0.0
0.0
0.0
0.0
0.0
0.0
0.0
0.0
0.0
0.0
0.0
0.0
0.0
0.0
0.0
0.0
0.0
0.0
0.0
0.0
0.0
0.0
0.0
0.0
0.0
0.0
0.0
0.0
0.0
0.0
0.0
0.0
0.0
-1.0
0.0
0.0
0.0
0.0
0.0
0.0
0.0
0.0
0.0
0.0
0.0
0.0
0.0
0.0
0.0
0.0
0.0
0.0
-1.0
0.0
0.0
0.0
0.0
0.0
0.0
0.0
0.0
0.0
0.0
0.0
0.0
0.0
0.0
0.0
0.0
0.0
0.0
0.0
0.0
0.0
0.0
0.0
0.0
0.0
0.0
0.0
0.0
0.0
0.0
0.0
0.0
0.0
0.0
0.0
0.0
0.0
0.0
0.0
0.0
0.0
0.0
0.0
0.0
0.0
1.0
0.0
0.0
0.0
0.0
0.0
0.0
0.0
0.0
0.0
0.0
0.0
0.0
0.0
0.0
1.0
0.0
0.0
0.0
0.0
0.0
0.0
0.0
0.0
0.0
0.0
0.0
0.0
0.0
0.0
0.0
0.0
0.0
0.0
0.0
0.0
-1.0
0.0
0.0
0.0
0.0
0.0
0.0
-1.0
0.0
0.0
0.0
0.0
0.0
0.0
0.0
0.0
0.0
0.0
0.0
0.0
0.0
0.0
0.0
0.0
0.0
0.0
0.0
0.0
0.0
0.0
-1.0
0.0
-1.0
0.0
0.0
0.0
0.0
0.0
0.0
0.0
0.0
0.0
0.0
0.0
0.0
0.0
0.0
0.0
0.0
-1.0
0.0
0.0
0.0
0.0
0.0
0.0
0.0
0.0
0.0
0.0
0.0
0.0
0.0
0.0
0.0
0.0
0.0
0.0
0.0
0.0
0.0
0.0
0.0
0.0
0.0
0.0
0.0
0.0
-1.0
0.0
0.0
0.0
0.0
0.0
0.0
0.0
0.0
0.0
0.0
0.0
0.0
0.0
0.0
0.0
0.0
0.0
0.0
0.0
0.0
0.0
0.0
0.0
-1.0
0.0
0.0
0.0
0.0
0.0
0.0
0.0
0.0
0.0
0.0
0.0
-1.0
0.0
0.0
0.0
0.0
0.0
0.0
0.0
0.0
0.0
0.0
0.0
0.0
0.0
0.0
0.0
0.0
0.0
0.0
0.0
0.0
0.0
0.0
0.0
0.0
0.0
0.0
0.0
0.0
0.0
0.0
0.0
0.0
0.0
0.0
0.0
0.0
0.0
0.0
0.0
0.0
0.0
0.0
0.0
0.0
0.0
0.0
0.0
0.0
0.0
0.0
0.0
0.0
0.0
0.0
0.0
0.0
0.0
0.0
0.0
0.0
0.0
0.0
0.0
0.0
0.0
0.0
0.0
0.0
0.0
0.0
0.0
0.0
0.0
0.0
0.0
0.0
0.0
0.0
0.0
0.0
0.0
0.0
0.0
0.0
0.0
0.0
0.0
0.0
0.0
0.0
0.0
0.0
0.0
0.0
0.0
0.0
0.0
0.0
0.0
0.0
0.0
0.0
0.0
0.0
0.0
0.0
0.0
0.0
0.0
0.0
0.0
0.0
0.0
0.0
0.0
0.0
0.0
0.0
0.0
-1.0
0.0
0.0
0.0
0.0
0.0
0.0
0.0
0.0
0.0
0.0
0.0
0.0
0.0
0.0
0.0
0.0
0.0
0.0
0.0
0.0
0.0
0.0
0.0
0.0
0.0
0.0
0.0
1.0
0.0
0.0
0.0
0.0
0.0
0.0
0.0
0.0
0.0
0.0
0.0
0.0
0.0
0.0
1.0
0.0
0.0
0.0
0.0
0.0
0.0
0.0
0.0
0.0
0.0
0.0
0.0
0.0
0.0
0.0
0.0
0.0
0.0
0.0
0.0
0.0
0.0
0.0
0.0
0.0
0.0
0.0
0.0
0.0
0.0
0.0
0.0
0.0
0.0
0.0
0.0
0.0
0.0
-1.0
0.0
0.0
0.0
0.0
0.0
0.0
0.0
0.0
0.0
0.0
0.0
0.0
0.0
0.0
0.0
0.0
0.0
0.0
0.0
0.0
0.0
0.0
0.0
0.0
0.0
0.0
0.0
0.0
0.0
0.0
0.0
0.0
0.0
0.0
0.0
0.0
0.0
0.0
0.0
0.0
0.0
0.0
0.0
0.0
0.0
0.0
0.0
0.0
0.0
0.0
0.0
0.0
1.0
0.0
0.0
0.0
0.0
0.0
0.0
0.0
0.0
0.0
0.0
0.0
0.0
0.0
0.0
0.0
0.0
0.0
1.0
0.0
0.0
0.0
0.0
0.0
0.0
0.0
0.0
0.0
0.0
0.0
0.0
0.0
0.0
0.0
0.0
0.0
0.0
0.0
0.0
0.0
0.0
0.0
0.0
-1.0
0.0
0.0
0.0
0.0
0.0
0.0
0.0
0.0
0.0
0.0
0.0
0.0
0.0
0.0
0.0
0.0
0.0
0.0
0.0
0.0
0.0
0.0
0.0
0.0
0.0
0.0
0.0
0.0
0.0
0.0
0.0
0.0
0.0
0.0
0.0
0.0
1.0
0.0
0.0
0.0
0.0
0.0
0.0
0.0
0.0
0.0
0.0
0.0
0.0
0.0
0.0
0.0
1.0
0.0
0.0
0.0
0.0
0.0
0.0
0.0
0.0
0.0
0.0
0.0
0.0
0.0
0.0
0.0
0.0
0.0
0.0
0.0
0.0
0.0
0.0
0.0
0.0
0.0
0.0
0.0
0.0
0.0
1.0
0.0
0.0
0.0
0.0
0.0
0.0
1.0
0.0
0.0
-1.0
0.0
0.0
0.0
0.0
0.0
0.0
0.0
0.0
0.0
0.0
0.0
0.0
0.0
0.0
0.0
0.0
0.0
0.0
0.0
0.0
0.0
0.0
0.0
0.0
0.0
0.0
0.0
0.0
0.0
0.0
0.0
0.0
0.0
0.0
0.0
0.0
0.0
0.0
0.0
0.0
0.0
0.0
0.0
0.0
1.0
0.0
0.0
0.0
0.0
0.0
0.0
0.0
0.0
0.0
0.0
0.0
0.0
0.0
0.0
0.0
0.0
0.0
0.0
0.0
0.0
0.0
0.0
0.0
0.0
0.0
0.0
0.0
0.0
0.0
0.0
0.0
0.0
0.0
0.0
0.0
0.0
0.0
0.0
0.0
0.0
0.0
0.0
0.0
0.0
0.0
0.0
0.0
-1.0
0.0
0.0
0.0
0.0
0.0
0.0
0.0
0.0
0.0
0.0
0.0
0.0
0.0
0.0
0.0
0.0
0.0
0.0
0.0
0.0
0.0
0.0
0.0
0.0
0.0
0.0
0.0
0.0
0.0
0.0
0.0
0.0
0.0
0.0
0.0
0.0
0.0
0.0
0.0
0.0
0.0
0.0
0.0
0.0
0.0
0.0
0.0
0.0
0.0
0.0
0.0
0.0
0.0
0.0
0.0
0.0
-1.0
0.0
0.0
0.0
0.0
0.0
0.0
0.0
0.0
0.0
0.0
0.0
0.0
0.0
0.0
0.0
0.0
0.0
0.0
0.0
0.0
0.0
0.0
0.0
0.0
0.0
0.0
0.0
0.0
0.0
0.0
0.0
0.0
0.0
0.0
0.0
0.0
0.0
0.0
0.0
0.0
0.0
0.0
0.0
0.0
0.0
0.0
0.0
0.0
0.0
0.0
0.0
0.0
0.0
0.0
0.0
0.0
0.0
0.0
0.0
0.0
0.0
0.0
0.0
0.0
0.0
0.0
0.0
0.0
0.0
0.0
0.0
0.0
0.0
0.0
0.0
0.0
0.0
0.0
0.0
0.0
0.0
0.0
0.0
0.0
0.0
0.0
0.0
0.0
0.0
0.0
0.0
0.0
0.0
0.0
0.0
0.0
0.0
0.0
0.0
0.0
0.0
0.0
0.0
0.0
0.0
0.0
0.0
0.0
0.0
0.0
0.0
0.0
0.0
0.0
0.0
0.0
0.0
0.0
0.0
0.0
0.0
0.0
0.0
0.0
0.0
0.0
0.0
0.0
0.0
0.0
0.0
0.0
0.0
0.0
0.0
0.0
100.0
184468.0
1936.0
192512.0
0.0
0.0
0.0
0.0
0.0
0.0
0.0
0.0
0.0
0.0
0.0
0.0
0.0
0.0
0.0
0.0
0.0
0.0
148.0
184320.0
0.0
0.0
0.0
0.0
