0.013618836
0.0037854523
0.003777602
0.0036315848
0.0036048936
0.0036143141
0.0046442836
0.0035687818
0.003714799
0.0036676966
0.0035734922
0.0036849675
0.0035766324
0.0035625016
0.0037446304
0.0036174543
0.0038058632
0.003615884
0.0037650412
0.0038969277
0.0038733766
0.0035860527
0.0037352098
0.0039785714
0.003777602
0.003570352
0.0037210793
0.0037304997
0.0038529655
0.0035782023
0.0036661266
0.0038451152
0.003697528
0.0036441456
0.0037540507
0.0047243577
0.0037226493
0.0036881077
0.003611174
0.0035389503
0.0037854523
0.0035279598
0.0036190243
0.0036488557
0.0037509107
0.0035405206
0.0039126286
0.0036080338
0.0037336398
0.0037509107
0.0039016379
0.0035138293
0.0035248199
0.0036362952
0.0035625016
0.0034698672
0.0037304997
0.003483998
0.003571922
0.0036033236
0.0035169693
0.0035577912
0.0035248199
0.0036001834
0.003611174
0.0037744618
0.003571922
0.003507549
0.0036001834
0.0036362952
0.0035326702
0.0036928179
0.0035059787
0.0037022382
0.0036064638
0.003633155
0.0036001834
0.0035860527
0.0035389503
0.003863956
0.0036284449
0.0038215641
0.003967581
0.0035577912
0.0034996986
0.003819994
0.003675547
0.0037069486
0.0037980129
0.003490278
0.0042093727
0.009940148
0.0035656418
0.003587623
0.0037524807
0.003571922
0.0037917327
0.0036048936
0.0037320696
0.0036724068
0.0036174543
0.0038262743
0.0039189085
0.003719509
0.0036645564
0.0037399202
0.0037179391
0.0036771172
0.003673977
0.0034290452
0.0036048936
0.0044323234
0.0036425753
0.003571922
0.0036708368
0.003633155
0.00394403
0.0034855679
0.0036943879
0.005960007
0.014256286
0.0037713216
0.003651996
0.0056852438
0.0037116588
0.004013113
0.004674115
0.0035797723
0.0038372648
0.0036676966
0.0037352098
0.0036315848
0.0034996986
0.003673977
0.0037540507
0.0035562213
0.0048640943
0.0039314693
0.003675547
0.0034871378
0.0035907628
0.0037509107
0.00352953
0.0036221645
0.0036425753
0.00394246
0.004256475
0.003408634
0.0034918482
0.0036833973
0.0043286984
0.0036033236
0.003862386
0.0035577912
0.0037854523
0.0038137136
0.003656706
0.0035656418
0.010035924
0.0036661266
0.0035044088
0.003612744
0.0037807422
0.0035813425
0.0071893763
0.0033945034
0.0036205943
0.0041041775
0.0038498254
0.011499234
0.0042439145
0.0035656418
0.0037226493
0.0101348385
0.0035782023
0.0034698672
0.0042392043
0.0036001834
0.003587623
0.0040806266
0.0035813425
0.0037838821
0.004586191
0.0035342402
0.0035829125
0.003553081
0.0035782023
0.0035436607
0.0035766324
0.0035138293
0.0037053784
0.0034416057
0.003592333
0.0035436607
0.0036771172
0.0035342402
0.003882797
0.0036441456
0.0036378652
0.0035546513
0.0037352098
0.0036833973
0.0035687818
0.0036582763
0.0036582763
0.0035813425
0.003675547
0.0033992138
0.0043648104
0.003571922
0.003841975
0.0039000679
0.003488708
0.0037870223
0.0035106891
0.0035436607
0.003634725
0.0035687818
0.0034211949
0.0034416057
0.0036614162
0.003447886
0.0041481396
0.0035436607
0.0035970432
0.003655136
0.003967581
0.0035970432
0.0036661266
0.0036205943
0.0036064638
0.0034730074
0.0038372648
0.0037399202
0.0035672118
0.0036001834
0.003449456
0.0036221645
0.0037430602
0.0035813425
0.003755621
0.0033285604
0.0034620168
0.0036174543
0.003427475
0.0036645564
0.003551511
0.0035326702
0.0035593614
0.003488708
0.0035012686
0.0036771172
0.0037901625
0.0035640716
0.003490278
0.0037430602
0.0032258064
0.0
0.0
0.0
0.0
0.0
0.0
0.0
0.0
0.0
0.0
0.0
0.0
0.0
0.0
0.0
0.0
0.0
0.0
0.0
0.0
0.0
0.0
0.0
0.0
0.0
0.0
0.0
0.0
0.0
0.0
0.0
0.0
0.0
0.0
0.0
0.0
0.0
0.0
0.0
0.0
0.0
0.0
0.0
0.0
0.0
0.0
0.0
0.0
0.0
0.0
0.0
0.0
0.0
0.0
0.0
0.0
0.0
0.0
0.0
0.0
0.0
0.0
0.0
0.0
0.0
0.0
0.0
0.0
0.0
0.0
0.0
0.0
0.0
0.0
0.0
0.0
0.0
0.0
0.0
0.0012207031
5.512853e-06
5.512853e-06
2.0476311e-05
3.0714466e-05
2.2838962e-05
6.300403e-06
7.875504e-06
0.00023784023
1.8113658e-05
0.0
3.1502016e-06
7.875504e-06
8.663054e-06
5.512853e-06
1.1813256e-05
0.001226216
3.0714466e-05
2.5989164e-05
3.0714466e-05
2.5201613e-05
2.7564263e-05
1.890121e-05
1.3388357e-05
2.4414063e-05
2.5989164e-05
2.126386e-05
2.9139364e-05
2.5989164e-05
3.1502015e-05
2.7564263e-05
2.8351815e-05
0.0015766759
1.5751008e-05
2.0476311e-05
7.324219e-05
7.245463e-05
4.0952622e-05
0.00010238155
5.2765878e-05
0.0011450982
1.968876e-05
2.3626512e-06
7.875504e-06
1.4175907e-05
9.450605e-06
7.875504e-06
6.457913e-05
0.00091670867
1.4963458e-05
1.890121e-05
5.3553427e-05
0.000104744206
4.331527e-05
0.00024650327
9.2930946e-05
1.1813256e-05
5.512853e-06
5.512853e-06
3.937752e-06
7.0879537e-06
7.245463e-05
4.7253025e-06
1.02381555e-05
0.0
0.0
0.0
0.0
0.0
0.0
0.0
0.0
0.0
0.0
0.0
0.0
0.0
0.0
0.0
0.0
0.0
0.0
0.0
0.0
0.0
0.0
0.0
0.0
0.0
0.0
0.0
0.0
0.0
0.0
0.0
0.0
0.0
0.0
0.0
0.0
0.0
0.0
0.0
0.0
0.0
0.0
0.0
0.0
0.0
0.0
0.0
0.0
0.0007536857
0.00014963458
8.89932e-05
8.0330145e-05
0.00011419481
0.0005481351
0.00014963458
0.00050560734
0.00012443296
0.00066154235
0.0009962512
0.00020948841
0.000105531755
0.00012522051
8.1905244e-05
0.00014412172
0.0012372417
0.0005788495
0.00033077117
0.00042527722
0.00047410536
0.0014585434
0.0005213584
0.0021815146
0.000625315
0.0014388546
0.0026910598
0.000562311
0.00067099294
0.0006016885
0.00039928805
0.0003189579
0.0021578881
0.0015916394
0.0015963647
0.0011939264
0.0013821509
0.003922001
0.0018239667
0.0043472783
0.0013734879
0.0040606097
0.0074974797
0.0019405242
0.0014790196
0.0017318233
0.0013892389
0.0012222782
0.056521706
0.057643175
0.05771878
0.05584835
0.05578141
0.05955141
0.056961946
0.06781518
0.056324817
0.060138136
0.06573919
0.05673198
0.055716828
0.056331117
0.0564335
0.05538763
3449.0
6.81009
23488.0
0.006684264
0.008174387
0.008046662
0.011537806
0.0070674387
0.007578338
0.006854564
0.0058753407
0.006897139
0.006811989
0.006726839
0.0073654633
0.0071100136
0.006726839
0.007706063
0.007450613
0.008216962
0.007833787
0.008600136
0.007663488
0.0071951635
0.0072377385
0.007493188
0.006939714
0.007620913
0.006982289
0.008004087
0.006939714
0.0065991143
0.006684264
0.0065139644
0.006982289
0.0071100136
0.0084298365
0.007663488
0.007535763
0.0059179156
0.0073654633
0.0071951635
0.007961513
0.0070248637
0.007833787
0.0072377385
0.0070674387
0.008174387
0.007578338
0.006854564
0.0088130105
0.006939714
0.0072803134
0.0070674387
0.0072803134
0.008642711
0.008727861
0.006684264
0.007620913
0.0058327657
0.006684264
0.008046662
0.011622956
0.0077912128
0.0065139644
0.006726839
0.0070248637
0.007918937
0.009025886
0.006939714
0.008131812
0.007833787
0.010217983
0.0072803134
0.006982289
0.0077912128
0.008174387
0.008557561
0.0073228884
0.007663488
0.007620913
0.0072803134
0.008216962
0.0071951635
0.0073228884
0.008472412
0.008259537
0.00940906
0.007748638
0.007620913
0.01268733
0.27414
0.008514986
0.006811989
0.008259537
0.0073228884
0.008089237
0.007918937
0.006897139
5.6065702
1.0
0.0
0.0
12.0
636912.0
376832.0
0.0
0.0
33.0
0.0
1.0
0.0
0.0
0.0
1367514100.0
0.0
0.0
0.0
0.0
0.0
1.0
0.0
0.0
0.0
0.0
0.0
0.0
-1.0
0.0
0.0
0.0
0.0
0.0
0.0
0.0
0.0
0.0
0.0
0.0
0.0
0.0
0.0
0.0
-1.0
0.0
0.0
0.0
0.0
-1.0
0.0
0.0
0.0
0.0
0.0
0.0
0.0
-1.0
0.0
0.0
0.0
0.0
0.0
0.0
0.0
0.0
0.0
0.0
9.0
0.0
5.0
0.0
5.0
0.0
181248.0
1024.0
4096.0
5.0
0.0
0.0
2.0
3.0
0.0
0.0
0.0
0.0
0.0
0.0
0.0
0.0
0.0
0.0
0.0
-4096.0
0.0
0.0
1024.0
0.0
0.0
0.0
0.0
0.0
0.0
0.0
0.0
0.0
0.0
0.0
0.0
0.0
0.0
0.0
0.0
0.0
-512.0
0.0
0.0
0.0
0.0
0.0
0.0
0.0
0.0
-177152.0
0.0
2048.0
0.0
0.0
0.0
0.0
0.0
0.0
0.0
0.0
0.0
0.0
0.0
0.0
0.0
0.0
0.0
0.0
0.0
-0.53360015
0.0
0.0
5.0232415
0.0
0.0
0.0
0.0
0.0
0.0
0.0
0.0
0.0
0.0
0.0
0.0
0.0
0.0
0.0
0.0
0.0
-3.1704075
0.0
0.0
0.0
0.0
0.0
0.0
0.0
0.0
-7.6690116
0.0
2.765335
0.0
0.0
0.0
0.0
0.0
0.0
0.0
0.0
0.0
0.0
0.0
0.0
0.0
0.0
0.0
0.0
0.0
-4096.0
0.0
0.0
948.0
0.0
0.0
0.0
0.0
0.0
0.0
0.0
0.0
0.0
0.0
0.0
0.0
0.0
0.0
0.0
0.0
0.0
-280.0
0.0
0.0
0.0
0.0
0.0
0.0
0.0
0.0
-176966.0
0.0
178064.0
0.0
0.0
0.0
0.0
0.0
0.0
0.0
0.0
0.0
-1.0
0.0
0.0
0.0
0.0
0.0
1.0
0.0
0.0
0.0
0.0
0.0
0.0
0.0
0.0
0.0
0.0
0.0
0.0
0.0
0.0
0.0
0.0
0.0
0.0
0.0
0.0
0.0
0.0
0.0
0.0
0.0
0.0
0.0
0.0
0.0
-2.0
0.0
0.0
0.0
1.0
0.0
0.0
0.0
0.0
0.0
0.0
0.0
0.0
0.0
0.0
0.0
0.0
0.0
0.0
0.0
0.0
0.0
0.0
0.0
-1.0
0.0
0.0
0.0
0.0
0.0
0.0
0.0
0.0
0.0
1.0
0.0
0.0
0.0
0.0
1.0
0.0
0.0
0.0
0.0
0.0
0.0
0.0
0.0
1.0
0.0
0.0
0.0
0.0
0.0
0.0
0.0
0.0
0.0
0.0
0.0
0.0
0.0
0.0
0.0
0.0
0.0
0.0
0.0
0.0
0.0
0.0
0.0
0.0
0.0
0.0
0.0
0.0
0.0
0.0
0.0
0.0
0.0
0.0
0.0
0.0
0.0
0.0
0.0
0.0
0.0
0.0
-1.0
0.0
0.0
0.0
0.0
0.0
0.0
0.0
0.0
0.0
0.0
0.0
0.0
0.0
0.0
0.0
0.0
0.0
0.0
0.0
0.0
0.0
0.0
-1.0
0.0
0.0
0.0
0.0
0.0
0.0
0.0
0.0
0.0
0.0
0.0
0.0
0.0
0.0
0.0
0.0
0.0
0.0
0.0
0.0
0.0
0.0
0.0
0.0
0.0
0.0
0.0
0.0
0.0
0.0
0.0
0.0
0.0
0.0
0.0
0.0
0.0
0.0
0.0
0.0
0.0
0.0
0.0
0.0
0.0
0.0
-1.0
0.0
0.0
0.0
0.0
0.0
0.0
0.0
0.0
0.0
0.0
0.0
0.0
0.0
0.0
0.0
0.0
1.0
0.0
0.0
0.0
0.0
0.0
0.0
0.0
0.0
0.0
0.0
0.0
0.0
0.0
0.0
0.0
0.0
0.0
0.0
0.0
0.0
0.0
0.0
0.0
0.0
0.0
0.0
0.0
0.0
0.0
0.0
0.0
0.0
0.0
0.0
0.0
0.0
0.0
0.0
0.0
0.0
0.0
0.0
0.0
0.0
0.0
0.0
0.0
0.0
0.0
0.0
0.0
0.0
0.0
0.0
0.0
0.0
0.0
0.0
0.0
0.0
0.0
0.0
0.0
0.0
0.0
0.0
0.0
0.0
0.0
0.0
0.0
0.0
0.0
0.0
0.0
0.0
0.0
0.0
0.0
0.0
0.0
0.0
0.0
0.0
0.0
0.0
0.0
0.0
0.0
0.0
0.0
0.0
0.0
0.0
0.0
0.0
0.0
0.0
0.0
0.0
0.0
0.0
0.0
0.0
0.0
0.0
0.0
0.0
0.0
0.0
0.0
0.0
0.0
0.0
0.0
0.0
0.0
0.0
0.0
0.0
0.0
0.0
0.0
0.0
0.0
0.0
0.0
0.0
0.0
0.0
0.0
0.0
0.0
0.0
0.0
0.0
0.0
0.0
0.0
0.0
0.0
0.0
0.0
0.0
0.0
0.0
0.0
0.0
0.0
0.0
-1.0
1.0
0.0
0.0
0.0
0.0
0.0
0.0
0.0
0.0
0.0
0.0
0.0
0.0
0.0
0.0
0.0
0.0
0.0
0.0
0.0
0.0
0.0
0.0
0.0
0.0
0.0
0.0
0.0
0.0
1.0
0.0
0.0
0.0
0.0
0.0
0.0
0.0
0.0
1.0
0.0
0.0
0.0
0.0
0.0
0.0
0.0
0.0
0.0
0.0
0.0
0.0
0.0
0.0
0.0
0.0
0.0
0.0
0.0
0.0
0.0
0.0
0.0
0.0
0.0
0.0
0.0
0.0
0.0
0.0
0.0
0.0
0.0
0.0
0.0
1.0
0.0
0.0
0.0
0.0
0.0
0.0
0.0
0.0
0.0
0.0
0.0
0.0
0.0
0.0
0.0
0.0
0.0
0.0
0.0
0.0
0.0
0.0
0.0
0.0
0.0
0.0
0.0
0.0
0.0
0.0
0.0
0.0
0.0
0.0
0.0
0.0
0.0
0.0
0.0
0.0
0.0
0.0
0.0
0.0
0.0
0.0
0.0
0.0
0.0
0.0
0.0
0.0
0.0
0.0
0.0
0.0
0.0
0.0
0.0
0.0
0.0
0.0
0.0
0.0
0.0
0.0
0.0
0.0
0.0
0.0
0.0
0.0
0.0
0.0
0.0
0.0
0.0
0.0
0.0
0.0
0.0
0.0
0.0
0.0
0.0
-1.0
0.0
0.0
0.0
0.0
0.0
0.0
0.0
0.0
0.0
0.0
0.0
0.0
0.0
0.0
0.0
0.0
0.0
0.0
0.0
0.0
0.0
0.0
0.0
0.0
0.0
0.0
0.0
0.0
0.0
0.0
0.0
0.0
0.0
0.0
0.0
0.0
0.0
0.0
0.0
0.0
0.0
0.0
0.0
0.0
0.0
0.0
0.0
0.0
0.0
0.0
0.0
0.0
0.0
0.0
0.0
0.0
0.0
0.0
0.0
0.0
0.0
0.0
0.0
0.0
0.0
0.0
0.0
0.0
0.0
0.0
0.0
0.0
0.0
0.0
0.0
0.0
0.0
0.0
0.0
0.0
0.0
0.0
0.0
0.0
0.0
0.0
0.0
-1.0
0.0
0.0
0.0
0.0
0.0
0.0
0.0
0.0
0.0
0.0
0.0
0.0
0.0
0.0
0.0
0.0
0.0
0.0
-1.0
0.0
0.0
0.0
0.0
0.0
0.0
0.0
0.0
0.0
0.0
0.0
0.0
0.0
0.0
0.0
0.0
0.0
0.0
0.0
0.0
0.0
0.0
0.0
0.0
0.0
0.0
0.0
0.0
0.0
0.0
0.0
0.0
0.0
0.0
0.0
0.0
0.0
0.0
0.0
0.0
0.0
0.0
0.0
0.0
0.0
1.0
0.0
0.0
0.0
0.0
0.0
0.0
0.0
0.0
0.0
0.0
0.0
0.0
0.0
0.0
1.0
0.0
0.0
0.0
0.0
0.0
0.0
0.0
0.0
0.0
0.0
0.0
0.0
0.0
0.0
0.0
0.0
0.0
0.0
0.0
0.0
-1.0
0.0
0.0
0.0
0.0
0.0
0.0
-1.0
0.0
0.0
0.0
0.0
0.0
0.0
0.0
0.0
0.0
0.0
0.0
0.0
0.0
0.0
0.0
0.0
0.0
0.0
0.0
0.0
0.0
0.0
-1.0
0.0
-1.0
0.0
0.0
0.0
0.0
0.0
0.0
0.0
0.0
0.0
0.0
0.0
0.0
0.0
0.0
0.0
0.0
-1.0
0.0
0.0
0.0
0.0
0.0
0.0
0.0
0.0
0.0
0.0
0.0
0.0
0.0
0.0
0.0
0.0
0.0
0.0
0.0
0.0
0.0
0.0
0.0
0.0
0.0
0.0
0.0
0.0
-1.0
0.0
0.0
0.0
0.0
0.0
0.0
0.0
0.0
0.0
0.0
0.0
0.0
0.0
0.0
0.0
0.0
0.0
0.0
0.0
0.0
0.0
0.0
0.0
-1.0
0.0
0.0
0.0
0.0
0.0
0.0
0.0
0.0
0.0
0.0
0.0
-1.0
0.0
0.0
0.0
0.0
0.0
0.0
0.0
0.0
0.0
0.0
0.0
0.0
0.0
0.0
0.0
0.0
0.0
0.0
0.0
0.0
0.0
0.0
0.0
0.0
0.0
0.0
0.0
0.0
0.0
0.0
0.0
0.0
0.0
0.0
0.0
0.0
0.0
0.0
0.0
0.0
0.0
0.0
0.0
0.0
0.0
0.0
0.0
0.0
0.0
0.0
0.0
0.0
0.0
0.0
0.0
0.0
0.0
0.0
0.0
0.0
0.0
0.0
0.0
0.0
0.0
0.0
0.0
0.0
0.0
0.0
0.0
0.0
0.0
0.0
0.0
0.0
0.0
0.0
0.0
0.0
0.0
0.0
0.0
0.0
0.0
0.0
0.0
0.0
0.0
0.0
0.0
0.0
0.0
0.0
0.0
0.0
0.0
0.0
0.0
0.0
0.0
0.0
0.0
0.0
0.0
0.0
0.0
0.0
0.0
0.0
0.0
0.0
0.0
0.0
0.0
0.0
0.0
0.0
0.0
-1.0
0.0
0.0
0.0
0.0
0.0
0.0
0.0
0.0
0.0
0.0
0.0
0.0
0.0
0.0
0.0
0.0
0.0
0.0
0.0
0.0
0.0
0.0
0.0
0.0
0.0
0.0
0.0
1.0
0.0
0.0
0.0
0.0
0.0
0.0
0.0
0.0
0.0
0.0
0.0
0.0
0.0
0.0
1.0
0.0
0.0
0.0
0.0
0.0
0.0
0.0
0.0
0.0
0.0
0.0
0.0
0.0
0.0
0.0
0.0
0.0
0.0
0.0
0.0
0.0
0.0
0.0
0.0
0.0
0.0
0.0
0.0
0.0
0.0
0.0
0.0
0.0
0.0
0.0
0.0
0.0
0.0
-1.0
0.0
0.0
0.0
0.0
0.0
0.0
0.0
0.0
0.0
0.0
0.0
0.0
0.0
0.0
0.0
0.0
0.0
0.0
0.0
0.0
0.0
0.0
0.0
0.0
0.0
0.0
0.0
0.0
0.0
0.0
0.0
0.0
0.0
0.0
0.0
0.0
0.0
0.0
0.0
0.0
0.0
0.0
0.0
0.0
0.0
0.0
0.0
0.0
0.0
0.0
0.0
0.0
1.0
0.0
0.0
0.0
0.0
0.0
0.0
0.0
0.0
0.0
0.0
0.0
0.0
0.0
0.0
0.0
0.0
0.0
1.0
0.0
0.0
0.0
0.0
0.0
0.0
0.0
0.0
0.0
0.0
0.0
0.0
0.0
0.0
0.0
0.0
0.0
0.0
0.0
0.0
0.0
0.0
0.0
0.0
-1.0
0.0
0.0
0.0
0.0
0.0
0.0
0.0
0.0
0.0
0.0
0.0
0.0
0.0
0.0
0.0
0.0
0.0
0.0
0.0
0.0
0.0
0.0
0.0
0.0
0.0
0.0
0.0
0.0
0.0
0.0
0.0
0.0
0.0
0.0
0.0
0.0
1.0
0.0
0.0
0.0
0.0
0.0
0.0
0.0
0.0
0.0
0.0
0.0
0.0
0.0
0.0
0.0
1.0
0.0
0.0
0.0
0.0
0.0
0.0
0.0
0.0
0.0
0.0
0.0
0.0
0.0
0.0
0.0
0.0
0.0
0.0
0.0
0.0
0.0
0.0
0.0
0.0
0.0
0.0
0.0
0.0
0.0
1.0
0.0
0.0
0.0
0.0
0.0
0.0
1.0
0.0
0.0
-1.0
0.0
0.0
0.0
0.0
0.0
0.0
0.0
0.0
0.0
0.0
0.0
0.0
0.0
0.0
0.0
0.0
0.0
0.0
0.0
0.0
0.0
0.0
0.0
0.0
0.0
0.0
0.0
0.0
0.0
0.0
0.0
0.0
0.0
0.0
0.0
0.0
0.0
0.0
0.0
0.0
0.0
0.0
0.0
0.0
1.0
0.0
0.0
0.0
0.0
0.0
0.0
0.0
0.0
0.0
0.0
0.0
0.0
0.0
0.0
0.0
0.0
0.0
0.0
0.0
0.0
0.0
0.0
0.0
0.0
0.0
0.0
0.0
0.0
0.0
0.0
0.0
0.0
0.0
0.0
0.0
0.0
0.0
0.0
0.0
0.0
0.0
0.0
0.0
0.0
0.0
0.0
0.0
-1.0
0.0
0.0
0.0
0.0
0.0
0.0
0.0
0.0
0.0
0.0
0.0
0.0
0.0
0.0
0.0
0.0
0.0
0.0
0.0
0.0
0.0
0.0
0.0
0.0
0.0
0.0
0.0
0.0
0.0
0.0
0.0
0.0
0.0
0.0
0.0
0.0
0.0
0.0
0.0
0.0
0.0
0.0
0.0
0.0
0.0
0.0
0.0
0.0
0.0
0.0
0.0
0.0
0.0
0.0
0.0
0.0
-1.0
0.0
0.0
0.0
0.0
0.0
0.0
0.0
0.0
0.0
0.0
0.0
0.0
0.0
0.0
0.0
0.0
0.0
0.0
0.0
0.0
0.0
0.0
0.0
0.0
0.0
0.0
0.0
0.0
0.0
0.0
0.0
0.0
0.0
0.0
0.0
0.0
0.0
0.0
0.0
0.0
0.0
0.0
0.0
0.0
0.0
0.0
0.0
0.0
0.0
0.0
0.0
0.0
0.0
0.0
0.0
0.0
0.0
0.0
0.0
0.0
0.0
0.0
0.0
0.0
0.0
0.0
0.0
0.0
0.0
0.0
0.0
0.0
0.0
0.0
0.0
0.0
0.0
0.0
0.0
0.0
0.0
0.0
0.0
0.0
0.0
0.0
0.0
0.0
0.0
0.0
0.0
0.0
0.0
0.0
0.0
0.0
0.0
0.0
0.0
0.0
0.0
0.0
0.0
0.0
0.0
0.0
0.0
0.0
0.0
0.0
0.0
0.0
0.0
0.0
0.0
0.0
0.0
0.0
0.0
0.0
0.0
0.0
0.0
0.0
0.0
0.0
0.0
0.0
0.0
0.0
0.0
0.0
0.0
0.0
0.0
0.0
100.0
184468.0
1936.0
192512.0
0.0
0.0
0.0
0.0
0.0
0.0
0.0
0.0
0.0
0.0
0.0
0.0
0.0
0.0
0.0
0.0
0.0
0.0
148.0
184320.0
0.0
0.0
0.0
0.0
