0.3898102
0.0047403146
0.0018688057
0.0018949632
0.0026070275
0.001380533
0.0013863458
0.0021361932
0.039785508
0.0012642776
0.00134275
0.0011189583
0.0017728951
0.0014357544
0.0011073328
0.0010550179
0.0025023979
0.0012468393
0.0010928009
0.0010375796
0.0015403843
0.0010521115
0.0011887116
0.0010317668
0.0014531927
0.0011276775
0.010657715
0.028127998
0.0011974308
0.0017758014
0.0013485628
0.0010433923
0.0013282181
0.0011334902
0.0012003372
0.0011683669
0.0016130438
0.0010840817
0.0010492051
0.0011567414
0.0013078734
0.0011305839
0.001252652
0.0010986136
0.0013718138
0.0011945243
0.0011393031
0.0012206818
0.009282995
0.0097480165
0.0013456565
0.009768361
0.011773767
0.012974104
0.012721249
0.0109657915
0.003092394
0.010401953
0.0011625541
0.00024122998
0.0008893539
0.0006423112
0.00042142588
0.0003778301
0.0044467696
0.010849536
0.00991368
0.010076438
0.0012439329
0.010471706
0.00836167
0.00044177056
0.00082541344
0.0006132473
0.00036039177
0.00058418344
0.00074403465
0.00050280464
0.0005899962
0.0003749237
0.000633592
0.00040689396
0.00040398756
0.00032260877
0.0006800942
0.00036039177
0.00041270672
0.0004766472
0.0005725579
0.00048827272
0.00038654925
0.00038073648
0.001304967
0.00038654925
0.0005115238
0.00044467696
0.0008777284
0.001304967
0.0006597495
0.00068300054
0.0013165926
0.0015084139
0.000595809
0.00080216234
0.001002703
0.0013572819
0.00046502164
0.0005376813
0.0027436276
0.00082541344
0.001025954
0.0009823582
0.001304967
0.00040980033
0.0013078734
0.0011334902
0.0013630947
0.0006423112
0.0006103409
0.0003371407
0.0013398436
0.0007033452
0.00038364285
0.000316796
0.0005899962
0.0003778301
0.009820676
0.0005173366
0.00048827272
0.000392362
0.0008486645
0.0003371407
0.0005929026
0.00032551517
0.00045339612
0.0002586683
0.00044177056
0.0002761066
0.00036911093
0.00030807685
0.00034295346
0.00026738746
0.0016304821
0.00027029382
0.00038945564
0.00044758333
0.00042142588
0.00030517046
0.03629494
0.0002993577
0.00027029382
0.00038654925
0.002452989
0.00037201733
0.0002615747
0.00023541722
0.0015374778
0.0002557619
0.00029354493
0.00024413636
0.00052024296
0.00023541722
0.036013022
0.00026448106
0.00034876625
0.00024704274
0.00022379166
0.0014212225
0.0016101375
0.0015026012
0.00030807685
0.00021216612
0.000354579
0.00027901298
0.00025285553
0.0003749237
0.0003778301
0.00030807685
0.00027901298
0.00027901298
0.00031970238
0.00022379166
0.00023251082
0.00029063853
0.00041270672
0.00050571107
0.0007672857
0.00029063853
0.00032260877
0.00027320022
0.0002557619
0.00026448106
0.00062196644
0.00027029382
0.00024413636
0.00030807685
0.00024704274
0.00023251082
0.008239603
0.00026448106
0.00036329817
0.00028191938
0.0002586683
0.00024413636
0.00040398756
0.00024122998
0.00023541722
0.00025285553
0.00033423433
0.00026738746
0.00025285553
0.00043014504
0.00034585985
0.00022379166
0.00022669806
0.00026448106
0.008018717
0.00028773214
0.00029354493
0.00024413636
0.0002993577
0.00024704274
0.00021216612
0.0002383236
0.0009474816
0.00048536636
0.00026448106
0.00026738746
0.00033132793
0.00024122998
0.00110152
0.00032842153
0.00030517046
0.00028482577
0.00023251082
0.00026448106
0.00028773214
0.00026738746
0.00022088528
0.0010230476
0.036065336
0.0003574854
0.00027901298
0.03602174
0.00050861744
0.036733802
0.00036329817
0.00026738746
0.0017002354
0.008379109
0.0006800942
0.0011044265
0.00094166887
0.0014212225
0.00050280464
0.0074723167
0.0059701493
0.0
0.0
0.0
0.0
0.0
0.0
0.0
0.0
0.0
0.0
0.0
0.0
0.0
0.0
0.0
0.0
0.0
0.0
0.0
0.0
0.0
0.0
0.0
0.0
0.0
0.0
0.0
0.0
0.0
0.0
0.0
0.0055066464
3.3523786e-05
4.0811567e-05
2.7693564e-05
3.7896454e-05
1.749067e-05
0.00017782183
7.579291e-05
2.3320896e-05
4.3726677e-06
1.457556e-06
8.745335e-06
7.2877797e-06
1.457556e-06
2.915112e-06
2.915112e-06
0.0026440066
5.684468e-05
4.372668e-05
1.1660448e-05
7.433535e-05
1.3118004e-05
3.498134e-05
2.3320896e-05
1.3118004e-05
4.3726677e-06
4.3726677e-06
4.3726677e-06
4.3726677e-06
4.3726677e-06
5.830224e-06
4.2269123e-05
0.0
0.0
0.0
0.0
0.0
0.0
0.0
0.0
0.0
0.0
0.0
0.0
0.0
0.0
0.0
0.0
0.0
0.0
0.0
0.0
0.0
0.0
0.0
0.0
0.0
0.0
0.0
0.0
0.0
0.0
0.0
0.0
0.048275713
0.0009765625
0.0005742771
0.019532708
0.0070035565
0.00021280318
0.002839319
0.0024443213
9.474114e-05
0.0002084305
0.00025361474
9.036847e-05
0.00018656717
0.00021134561
6.559002e-05
0.0006121735
0.14877857
0.00075355644
0.0005072295
0.06723414
0.041162837
0.0002186334
0.0013803055
0.009503265
0.00011806203
0.00016033115
0.00014284048
0.00020697295
0.008077775
0.007636136
0.00012097714
0.0005655317
0.010405492
0.0011937383
0.00020697295
0.00084246736
0.00047516325
0.00016324627
0.00046496035
0.00043872435
0.00019239739
0.001171875
0.001184993
7.142024e-05
7.2877796e-05
8.308069e-05
0.00012097714
0.003807136
0.03784544
0.0060867537
0.0024005948
0.0009080574
0.001394881
0.00065444264
0.001184993
0.0007783349
0.00051160215
0.0056815534
0.005685926
0.00071566
0.0006748484
0.00063403684
0.0011296059
0.020280434
0.18013643
0.046306554
0.013434294
0.0059001865
0.0059468285
0.0051160213
0.0076230178
0.0056115906
0.0041671526
0.033031132
0.031902984
0.0034063084
0.0032022505
0.0032488923
0.004858034
0.10282474
0.007978661
0.0015333489
0.0013846782
0.00025944496
0.000298799
0.00022883629
0.00063695194
0.00036001633
0.00030317163
0.001470674
0.0014779618
0.0002652752
0.0002186334
0.00010202892
0.00012534982
0.0042516906
0.0032503498
0.00030171408
0.0005669893
0.0009663596
0.0025740438
0.001276819
0.0014794193
0.0015216884
0.0018612989
0.0026760728
0.003426714
0.0002623601
0.000116604475
8.8910914e-05
0.00017636428
0.00034981343
0.0025332323
0.00032795008
0.0003177472
0.00041248833
0.0015916511
0.00028713854
0.00084538246
0.00042269123
0.0003177472
0.00018802471
0.0002186334
0.00037896456
0.00017927938
0.00021134561
0.0002652752
0.00045767258
0.0
0.0
0.0
0.0
0.0
0.0
0.0
0.0
0.0
0.0
0.0
0.0
0.0
0.0
0.0
0.0
0.0
0.0
0.0
0.0
0.0
0.0
0.0
0.0
0.0
0.0
0.0
0.0
0.0
0.0
0.0
0.0
223.0
8.892377
1983.0
0.0065557235
0.0010085729
0.0
0.00050428644
0.0
0.0010085729
0.00050428644
0.0
0.0010085729
0.0010085729
0.00050428644
0.0
0.00050428644
0.0010085729
0.005547151
0.0
0.0025214322
0.010085729
0.0050428645
0.005547151
0.0040342915
0.009077156
0.014624307
0.008572869
0.009581442
0.006051437
0.0010085729
0.0
0.0
0.00050428644
0.0
0.0
0.0
0.015128593
0.01412002
0.020171458
0.009077156
0.012607161
0.005547151
0.005547151
0.0030257185
0.0030257185
0.0010085729
0.0020171457
0.009581442
0.00706001
0.0065557235
0.0015128592
0.0050428645
0.00050428644
0.0050428645
0.00706001
0.003530005
0.0010085729
0.009581442
0.0015128592
0.0
0.0
0.0
0.0
0.004538578
0.0
0.0010085729
0.004538578
0.00050428644
0.074634396
0.019162884
0.034795765
0.027735753
0.08270297
0.010085729
0.020675743
0.018154312
0.06051437
0.0040342915
0.0040342915
0.05345436
0.020675743
0.05345436
0.047402926
0.009077156
0.0010085729
0.06051437
0.050428644
0.045385778
0.023701463
0.0020171457
0.0050428645
0.0025214322
0.009077156
0.0025214322
0.0
0.0010085729
0.0
0.00050428644
0.0
5.2161136
2.0
0.0
0.0
1.0
344070.0
364544.0
0.0
0.0
1.0
0.0
1.0
0.0
0.0
0.0
1338325200.0
0.0
0.0
0.0
0.0
0.0
1.0
0.0
0.0
0.0
0.0
0.0
0.0
-1.0
0.0
-1.0
-1.0
0.0
0.0
0.0
0.0
0.0
0.0
0.0
0.0
0.0
0.0
0.0
0.0
-1.0
0.0
0.0
0.0
0.0
0.0
0.0
0.0
0.0
0.0
0.0
0.0
0.0
-1.0
0.0
0.0
0.0
0.0
0.0
0.0
0.0
0.0
1.0
1.0
6.0
0.0
4.0
0.0
4.0
0.0
331776.0
4096.0
4096.0
3.0
1.0
0.0
1.0
1.0
0.0
0.0
0.0
0.0
0.0
0.0
0.0
0.0
0.0
0.0
0.0
0.0
0.0
0.0
0.0
0.0
0.0
0.0
0.0
0.0
0.0
0.0
0.0
0.0
0.0
0.0
0.0
0.0
0.0
0.0
0.0
0.0
0.0
0.0
0.0
0.0
0.0
0.0
0.0
0.0
0.0
-331776.0
0.0
8192.0
0.0
0.0
0.0
0.0
0.0
0.0
0.0
0.0
0.0
0.0
0.0
0.0
0.0
0.0
0.0
0.0
0.0
0.0
0.0
0.0
0.0
0.0
0.0
0.0
0.0
0.0
0.0
0.0
0.0
0.0
0.0
0.0
0.0
0.0
0.0
0.0
0.0
0.0
0.0
0.0
0.0
0.0
0.0
0.0
0.0
0.0
0.0
-4.6798596
0.0
5.2799096
0.0
0.0
0.0
0.0
0.0
0.0
0.0
0.0
0.0
0.0
0.0
0.0
0.0
0.0
0.0
0.0
0.0
0.0
0.0
0.0
0.0
0.0
0.0
0.0
0.0
0.0
0.0
0.0
0.0
0.0
0.0
0.0
0.0
0.0
0.0
0.0
0.0
0.0
-20308.0
0.0
0.0
0.0
0.0
0.0
0.0
0.0
0.0
-330564.0
0.0
6508.0
0.0
0.0
0.0
0.0
0.0
0.0
0.0
0.0
0.0
-1.0
0.0
0.0
0.0
0.0
0.0
1.0
0.0
0.0
0.0
0.0
0.0
0.0
0.0
0.0
0.0
0.0
0.0
0.0
0.0
0.0
0.0
0.0
0.0
0.0
0.0
0.0
0.0
0.0
0.0
0.0
0.0
0.0
0.0
0.0
0.0
-2.0
0.0
0.0
0.0
1.0
0.0
0.0
0.0
0.0
0.0
0.0
0.0
0.0
0.0
0.0
0.0
0.0
0.0
0.0
0.0
0.0
0.0
0.0
0.0
-1.0
0.0
0.0
0.0
0.0
0.0
0.0
0.0
0.0
0.0
1.0
0.0
0.0
0.0
0.0
1.0
0.0
0.0
0.0
0.0
0.0
0.0
0.0
0.0
0.0
0.0
0.0
0.0
0.0
0.0
0.0
0.0
0.0
0.0
0.0
0.0
0.0
0.0
0.0
0.0
0.0
0.0
0.0
0.0
0.0
0.0
0.0
0.0
-1.0
0.0
0.0
0.0
0.0
0.0
0.0
0.0
0.0
0.0
0.0
0.0
0.0
0.0
0.0
0.0
0.0
0.0
0.0
0.0
0.0
0.0
0.0
0.0
0.0
0.0
0.0
0.0
0.0
0.0
0.0
0.0
0.0
0.0
0.0
0.0
0.0
0.0
0.0
0.0
0.0
0.0
0.0
0.0
0.0
0.0
0.0
0.0
0.0
0.0
0.0
0.0
0.0
0.0
0.0
0.0
0.0
0.0
0.0
0.0
0.0
0.0
0.0
0.0
0.0
0.0
0.0
0.0
0.0
0.0
0.0
0.0
0.0
0.0
0.0
0.0
0.0
0.0
0.0
0.0
0.0
0.0
0.0
0.0
0.0
0.0
0.0
0.0
0.0
0.0
0.0
0.0
0.0
0.0
0.0
0.0
0.0
0.0
0.0
0.0
0.0
0.0
0.0
0.0
0.0
0.0
0.0
0.0
0.0
0.0
0.0
0.0
0.0
0.0
0.0
0.0
0.0
0.0
0.0
0.0
0.0
0.0
0.0
0.0
0.0
0.0
0.0
0.0
0.0
0.0
0.0
0.0
0.0
0.0
0.0
0.0
0.0
0.0
0.0
0.0
0.0
0.0
0.0
0.0
0.0
0.0
0.0
0.0
0.0
0.0
0.0
0.0
0.0
0.0
0.0
0.0
0.0
0.0
0.0
0.0
0.0
0.0
0.0
0.0
0.0
0.0
0.0
0.0
0.0
0.0
0.0
0.0
0.0
0.0
0.0
0.0
0.0
0.0
0.0
0.0
0.0
0.0
0.0
0.0
0.0
0.0
0.0
0.0
0.0
0.0
0.0
0.0
0.0
0.0
0.0
0.0
0.0
0.0
0.0
0.0
0.0
0.0
0.0
0.0
0.0
0.0
0.0
0.0
0.0
0.0
0.0
0.0
0.0
0.0
0.0
0.0
0.0
0.0
0.0
0.0
0.0
0.0
0.0
0.0
0.0
0.0
0.0
0.0
0.0
0.0
0.0
0.0
0.0
0.0
0.0
0.0
0.0
0.0
0.0
0.0
0.0
0.0
0.0
0.0
0.0
0.0
0.0
0.0
0.0
0.0
0.0
0.0
0.0
0.0
0.0
0.0
0.0
0.0
0.0
0.0
0.0
0.0
0.0
0.0
0.0
0.0
0.0
0.0
0.0
0.0
0.0
0.0
0.0
0.0
0.0
0.0
0.0
0.0
0.0
0.0
0.0
0.0
0.0
0.0
0.0
0.0
0.0
0.0
0.0
0.0
0.0
0.0
0.0
0.0
0.0
0.0
0.0
0.0
0.0
0.0
0.0
0.0
0.0
0.0
0.0
0.0
0.0
0.0
0.0
0.0
0.0
0.0
0.0
0.0
0.0
0.0
0.0
0.0
0.0
0.0
0.0
0.0
0.0
0.0
0.0
0.0
0.0
0.0
0.0
0.0
0.0
0.0
0.0
0.0
0.0
0.0
0.0
0.0
0.0
0.0
0.0
0.0
0.0
0.0
0.0
0.0
0.0
0.0
0.0
0.0
0.0
0.0
0.0
0.0
0.0
0.0
0.0
0.0
0.0
0.0
0.0
0.0
0.0
0.0
0.0
0.0
0.0
0.0
0.0
1.0
0.0
0.0
0.0
0.0
0.0
0.0
0.0
0.0
0.0
0.0
0.0
0.0
0.0
0.0
0.0
0.0
0.0
0.0
0.0
0.0
0.0
0.0
0.0
0.0
0.0
0.0
0.0
0.0
0.0
0.0
0.0
0.0
0.0
0.0
0.0
0.0
0.0
0.0
0.0
0.0
0.0
0.0
0.0
0.0
0.0
0.0
0.0
0.0
0.0
0.0
0.0
0.0
0.0
0.0
0.0
0.0
0.0
0.0
0.0
0.0
0.0
0.0
0.0
0.0
0.0
0.0
0.0
0.0
0.0
0.0
0.0
0.0
0.0
0.0
0.0
0.0
0.0
0.0
0.0
0.0
0.0
0.0
0.0
0.0
0.0
0.0
0.0
0.0
0.0
0.0
0.0
0.0
0.0
0.0
0.0
0.0
0.0
0.0
0.0
0.0
0.0
0.0
0.0
0.0
0.0
0.0
0.0
0.0
0.0
0.0
0.0
0.0
0.0
0.0
0.0
0.0
0.0
0.0
0.0
0.0
0.0
0.0
0.0
0.0
0.0
0.0
0.0
0.0
0.0
0.0
0.0
0.0
0.0
0.0
0.0
0.0
0.0
0.0
0.0
0.0
0.0
0.0
0.0
0.0
0.0
0.0
0.0
0.0
0.0
0.0
0.0
0.0
0.0
0.0
0.0
0.0
0.0
0.0
0.0
0.0
0.0
0.0
0.0
0.0
0.0
0.0
0.0
0.0
0.0
0.0
0.0
0.0
0.0
0.0
0.0
0.0
0.0
0.0
0.0
0.0
0.0
0.0
0.0
0.0
0.0
0.0
0.0
0.0
0.0
0.0
0.0
0.0
0.0
0.0
0.0
0.0
0.0
0.0
0.0
0.0
0.0
0.0
0.0
0.0
0.0
0.0
0.0
0.0
0.0
0.0
0.0
0.0
0.0
0.0
0.0
0.0
0.0
0.0
0.0
0.0
0.0
0.0
0.0
0.0
0.0
0.0
0.0
0.0
0.0
0.0
0.0
0.0
0.0
0.0
0.0
0.0
0.0
0.0
0.0
0.0
0.0
0.0
0.0
0.0
0.0
0.0
0.0
0.0
0.0
0.0
0.0
0.0
0.0
0.0
0.0
0.0
0.0
0.0
0.0
0.0
0.0
0.0
0.0
0.0
0.0
0.0
0.0
0.0
0.0
0.0
0.0
0.0
0.0
0.0
0.0
0.0
0.0
0.0
0.0
0.0
0.0
0.0
0.0
0.0
0.0
0.0
0.0
0.0
0.0
0.0
0.0
0.0
0.0
0.0
0.0
0.0
0.0
0.0
0.0
0.0
0.0
0.0
0.0
0.0
0.0
0.0
0.0
0.0
0.0
0.0
0.0
0.0
0.0
0.0
0.0
0.0
0.0
0.0
0.0
0.0
0.0
0.0
0.0
0.0
0.0
0.0
0.0
0.0
0.0
0.0
0.0
0.0
0.0
0.0
0.0
0.0
0.0
0.0
0.0
0.0
0.0
0.0
0.0
0.0
0.0
0.0
0.0
0.0
0.0
0.0
0.0
0.0
0.0
0.0
0.0
0.0
0.0
0.0
0.0
0.0
0.0
0.0
0.0
0.0
0.0
0.0
0.0
0.0
0.0
0.0
0.0
0.0
0.0
0.0
0.0
0.0
0.0
0.0
0.0
0.0
0.0
0.0
0.0
0.0
0.0
0.0
0.0
0.0
0.0
0.0
0.0
0.0
0.0
0.0
0.0
0.0
0.0
0.0
0.0
0.0
0.0
0.0
0.0
0.0
0.0
0.0
0.0
0.0
0.0
0.0
0.0
0.0
0.0
0.0
0.0
0.0
0.0
0.0
0.0
0.0
0.0
0.0
0.0
0.0
0.0
0.0
0.0
0.0
0.0
0.0
0.0
0.0
0.0
0.0
0.0
0.0
0.0
0.0
0.0
0.0
0.0
0.0
0.0
0.0
0.0
0.0
0.0
0.0
0.0
0.0
0.0
0.0
0.0
0.0
0.0
0.0
0.0
0.0
0.0
0.0
0.0
0.0
0.0
0.0
0.0
0.0
0.0
0.0
0.0
0.0
0.0
0.0
0.0
0.0
0.0
0.0
0.0
0.0
0.0
0.0
0.0
0.0
0.0
0.0
0.0
0.0
0.0
0.0
0.0
0.0
0.0
0.0
0.0
0.0
0.0
0.0
0.0
0.0
0.0
0.0
0.0
0.0
0.0
0.0
0.0
0.0
0.0
0.0
0.0
0.0
0.0
0.0
0.0
0.0
0.0
0.0
0.0
0.0
0.0
0.0
0.0
0.0
0.0
0.0
0.0
0.0
0.0
0.0
0.0
0.0
0.0
0.0
0.0
0.0
0.0
0.0
0.0
0.0
0.0
0.0
0.0
0.0
0.0
0.0
0.0
0.0
0.0
0.0
0.0
0.0
0.0
0.0
0.0
0.0
0.0
0.0
0.0
0.0
0.0
0.0
0.0
0.0
0.0
0.0
0.0
0.0
0.0
0.0
0.0
0.0
0.0
0.0
0.0
0.0
0.0
0.0
0.0
0.0
0.0
0.0
0.0
0.0
0.0
0.0
0.0
0.0
0.0
0.0
0.0
0.0
0.0
0.0
0.0
0.0
0.0
0.0
0.0
0.0
0.0
0.0
0.0
0.0
0.0
0.0
0.0
0.0
0.0
0.0
0.0
0.0
0.0
0.0
0.0
0.0
0.0
0.0
0.0
0.0
0.0
0.0
0.0
0.0
0.0
0.0
0.0
0.0
0.0
0.0
0.0
0.0
0.0
0.0
0.0
0.0
0.0
0.0
0.0
0.0
0.0
0.0
0.0
0.0
0.0
0.0
0.0
0.0
0.0
0.0
0.0
0.0
0.0
0.0
0.0
0.0
0.0
0.0
0.0
0.0
0.0
0.0
0.0
0.0
0.0
0.0
0.0
0.0
0.0
0.0
0.0
0.0
0.0
0.0
0.0
0.0
0.0
0.0
0.0
0.0
0.0
0.0
0.0
0.0
0.0
0.0
0.0
0.0
0.0
0.0
0.0
0.0
0.0
0.0
0.0
0.0
0.0
0.0
0.0
0.0
0.0
0.0
0.0
0.0
0.0
0.0
0.0
0.0
0.0
0.0
0.0
0.0
0.0
0.0
0.0
0.0
0.0
0.0
0.0
0.0
0.0
0.0
0.0
0.0
0.0
0.0
0.0
0.0
0.0
0.0
0.0
0.0
0.0
0.0
0.0
0.0
0.0
0.0
0.0
0.0
0.0
0.0
0.0
0.0
0.0
0.0
0.0
0.0
0.0
0.0
0.0
0.0
0.0
0.0
0.0
0.0
0.0
0.0
0.0
0.0
0.0
0.0
0.0
0.0
0.0
0.0
0.0
0.0
0.0
0.0
0.0
0.0
0.0
0.0
0.0
0.0
0.0
0.0
0.0
0.0
0.0
0.0
0.0
0.0
0.0
0.0
0.0
0.0
0.0
0.0
0.0
0.0
0.0
0.0
0.0
0.0
0.0
0.0
0.0
0.0
0.0
0.0
0.0
0.0
0.0
0.0
0.0
0.0
0.0
0.0
0.0
0.0
0.0
0.0
0.0
0.0
0.0
0.0
0.0
0.0
0.0
0.0
0.0
0.0
0.0
0.0
0.0
0.0
0.0
0.0
0.0
0.0
0.0
0.0
0.0
0.0
0.0
0.0
0.0
0.0
0.0
0.0
0.0
0.0
0.0
0.0
0.0
0.0
0.0
0.0
0.0
0.0
0.0
0.0
0.0
0.0
0.0
0.0
0.0
0.0
0.0
0.0
0.0
0.0
0.0
0.0
0.0
0.0
0.0
0.0
0.0
0.0
0.0
0.0
0.0
0.0
0.0
0.0
0.0
0.0
0.0
0.0
0.0
0.0
0.0
0.0
0.0
0.0
0.0
0.0
0.0
0.0
0.0
0.0
0.0
0.0
0.0
0.0
0.0
0.0
0.0
0.0
0.0
0.0
0.0
0.0
0.0
0.0
0.0
0.0
0.0
0.0
0.0
0.0
0.0
0.0
0.0
0.0
0.0
0.0
0.0
0.0
0.0
0.0
0.0
0.0
0.0
0.0
0.0
0.0
0.0
0.0
0.0
0.0
0.0
0.0
0.0
0.0
0.0
0.0
0.0
0.0
0.0
0.0
0.0
0.0
0.0
0.0
0.0
0.0
0.0
0.0
0.0
0.0
0.0
0.0
0.0
0.0
0.0
0.0
0.0
0.0
0.0
0.0
0.0
0.0
0.0
0.0
0.0
0.0
0.0
0.0
0.0
0.0
0.0
0.0
0.0
0.0
0.0
0.0
0.0
0.0
0.0
0.0
0.0
0.0
0.0
0.0
0.0
0.0
0.0
0.0
0.0
0.0
0.0
0.0
0.0
0.0
0.0
0.0
0.0
0.0
0.0
0.0
0.0
0.0
0.0
0.0
0.0
0.0
0.0
0.0
0.0
0.0
0.0
0.0
0.0
0.0
0.0
0.0
0.0
0.0
0.0
0.0
0.0
0.0
0.0
0.0
0.0
0.0
0.0
40.0
334404.0
6508.0
356352.0
0.0
0.0
0.0
0.0
0.0
0.0
0.0
0.0
0.0
0.0
0.0
0.0
0.0
0.0
0.0
0.0
0.0
0.0
0.0
0.0
0.0
0.0
0.0
0.0
