0.018214833
0.005679877
0.010349049
0.003936846
0.0037359702
0.003554075
0.0043006367
0.0036932644
0.003728062
0.0035303496
0.0036268332
0.0036869377
0.003501879
0.0035936176
0.003721735
0.0036031078
0.003728062
0.0036711206
0.003905212
0.0037043365
0.0037454604
0.003470245
0.0038988853
0.0035556569
0.003622088
0.0035762188
0.0037628592
0.0036727025
0.0036315783
0.0035841274
0.0035034607
0.0035303496
0.0037233168
0.0035192778
0.0035746372
0.0036347418
0.0035841274
0.0036600488
0.0035730554
0.0036995914
0.003737552
0.0035841274
0.00364265
0.0037944932
0.00364265
0.003554075
0.0036205065
0.0036948463
0.003580964
0.0035619836
0.0036315783
0.00363316
0.0035129508
0.0035066241
0.00355882
0.0036094345
0.0035746372
0.0035366765
0.003601526
0.003664794
0.0035192778
0.0035888725
0.003517696
0.0036901012
0.003705918
0.0038324539
0.0042152246
0.0035256045
0.0036299967
0.003769186
0.003816637
0.0038561793
0.004246859
0.0038846498
0.004594832
0.0036932644
0.0036110163
0.0035936176
0.0036363234
0.0037818395
0.0036458136
0.0037201534
0.003998532
0.0037407153
0.0037296435
0.0038814866
0.0038814866
0.0036727025
0.003622088
0.004650192
0.0046185576
0.0036236697
0.0036616304
0.004113996
0.003637905
0.0036046894
0.0040016957
0.0036932644
0.0034828987
0.0038704146
0.0037818395
0.0037470423
0.003963735
0.003728062
0.0037818395
0.0035714738
0.003843526
0.0037233168
0.0037154083
0.0034148856
0.0035509118
0.003517696
0.0038340357
0.0035778005
0.0036901012
0.00364265
0.0038783231
0.0036821926
0.0037834214
0.003680611
0.0036205065
0.0037296435
0.003664794
0.003438611
0.0036141796
0.0035698921
0.0035414216
0.003585709
0.0038008199
0.0038292906
0.0037138266
0.0037027546
0.0036284148
0.0036252516
0.0038719964
0.003601526
0.005061433
0.0037865846
0.003585709
0.004125068
0.0035145327
0.0037359702
0.0035619836
0.0037407153
0.0035698921
0.0035683103
0.0037296435
0.0035841274
0.0036727025
0.0035999443
0.003941591
0.0037438788
0.0036948463
0.0035793823
0.0037707677
0.0035951992
0.0036236697
0.0036521403
0.0042057345
0.0036458136
0.003701173
0.009963115
0.004593251
0.003637905
0.003721735
0.0043528327
0.0037043365
0.0035556569
0.0036094345
0.0037628592
0.0036284148
0.003680611
0.0037660226
0.0036758657
0.0036347418
0.0035350947
0.0037739312
0.0036031078
0.0036299967
0.0036821926
0.0036189246
0.0035746372
0.0035825456
0.0035778005
0.0035382581
0.003648977
0.003648977
0.0034291209
0.0036299967
0.0034512647
0.0036062712
0.0035477483
0.0037707677
0.0035319312
0.0039257742
0.0036537221
0.0037565324
0.003590454
0.0038656695
0.0037929115
0.003648977
0.0035145327
0.0035066241
0.0038324539
0.0038245455
0.0035082058
0.0036885194
0.0035667287
0.0037865846
0.00363316
0.0036885194
0.0036663755
0.0035951992
0.0036727025
0.0037865846
0.0035730554
0.0036727025
0.0035303496
0.003648977
0.0034512647
0.0035967808
0.0035398398
0.0036315783
0.003648977
0.0037881664
0.00372648
0.0037470423
0.0036837743
0.0036600488
0.0035572385
0.0036189246
0.0037248984
0.004433499
0.004088689
0.004305382
0.011524251
0.0071223853
0.004088689
0.0041582836
0.010197206
0.003946336
0.0034022322
0.003585709
0.0038656695
0.0035667287
0.0035366765
0.0036537221
0.0036473952
0.0037154083
0.0036537221
0.0038466891
0.0036315783
0.003911539
0.006051576
0.0035414216
0.004120323
0.0
0.0
0.0
0.0
0.0
0.0
0.0
0.0
0.0
0.0
0.0
0.0
0.0
0.0
0.0
0.0
0.0
0.0
0.0
0.0
0.0
0.0
0.0
0.0
0.0
0.0
0.0
0.0
0.0
0.0
0.0
0.0
0.0
0.0
0.0
0.0
0.0
0.0
0.0
0.0
0.0
0.0
0.0
0.0
0.0
0.0
0.0
0.0
0.0
0.0
0.0
0.0
0.0
0.0
0.0
0.0
0.0
0.0
0.0
0.0
0.0
0.0
0.0
0.0
0.0
0.0
0.0
0.0
0.0
0.0
0.0
0.0
0.0
0.0
0.0
0.0
0.0
0.0
0.0
0.0
0.0
0.0
0.0
0.0
0.0
0.0
0.0
0.0
0.0
0.0
0.0
0.0
0.0
0.0
0.0
0.0
0.0
0.0
0.0
0.0
0.0
0.0
0.0
0.0
0.0
0.0
0.0
0.0
0.0
0.0
0.0
0.0
0.0008822354
9.511972e-06
1.268263e-05
4.755986e-05
3.7255224e-05
1.6645952e-05
8.560775e-05
3.0121246e-05
0.000460538
7.9266437e-07
1.5853287e-06
3.1706575e-06
3.963322e-06
7.9266437e-07
2.377993e-06
2.8535916e-05
0.00092266133
1.5060623e-05
1.9023944e-05
5.3901178e-05
0.00010542436
4.359654e-05
0.00024810396
9.353439e-05
1.1889965e-05
5.5486507e-06
5.5486507e-06
3.963322e-06
7.133979e-06
7.292512e-05
4.755986e-06
1.0304637e-05
0.0
0.0
0.0
0.0
0.0
0.0
0.0
0.0
0.0
0.0
0.0
0.0
0.0
0.0
0.0
0.0
0.00136259
6.499848e-05
4.914519e-05
6.89618e-05
9.7497716e-05
7.133979e-05
0.00010621703
0.00010304637
0.0007593725
4.2011212e-05
5.1523184e-05
8.877841e-05
7.530311e-05
6.341315e-05
0.00011176568
0.00013078962
0.00037255225
3.4877234e-05
2.9328581e-05
2.9328581e-05
9.036374e-05
2.6157924e-05
1.9816609e-05
1.5853288e-05
7.371778e-05
2.2987266e-05
0.00026871322
2.6950589e-05
3.9633218e-05
2.536526e-05
0.0005080979
3.9633218e-05
0.001598804
0.00018152014
0.00013078962
0.000107802356
0.00037017427
0.00016804485
0.00029962714
0.0001624962
0.00029011516
9.353439e-05
0.0007379705
9.194906e-05
0.00026871322
0.00026157923
0.0015227082
0.00020767807
0.0034132127
0.00041218547
0.00032419973
0.00034877233
0.0008679675
0.00055090175
0.00060004694
0.00045816
0.0009551606
0.00033450435
0.0015837434
0.0003606623
0.0011105228
0.0005358411
0.0033173005
0.0010605849
0.007000019
0.0019372717
0.0013475295
0.0016891678
0.0029399921
0.0028393238
0.0015250862
0.0015338055
0.0017406909
0.002182205
0.00482257
0.001596426
0.0019372717
0.0018207501
0.009466791
0.0026990222
0.066369
0.05594625
0.056354474
0.054997433
0.0569244
0.058121324
0.05649953
0.056147587
0.056625564
0.056533616
0.059115324
0.05537474
0.055561807
0.0553898
0.064575985
0.05754109
2759.0
5.861544
16172.0
0.009398961
0.011006678
0.010511996
0.009893644
0.00927529
0.010573831
0.009213455
0.00797675
0.008966114
0.0098318085
0.00915162
0.010388326
0.010017314
0.009955479
0.010079149
0.010079149
0.010883008
0.009337126
0.011377689
0.011686866
0.009460797
0.010017314
0.010140984
0.010450161
0.011254019
0.009708137
0.011686866
0.00927529
0.009955479
0.009213455
0.010264655
0.010635667
0.0098318085
0.012119713
0.010944843
0.011996043
0.008966114
0.0102028195
0.010511996
0.0114395255
0.0085951025
0.010573831
0.009584467
0.008966114
0.011130349
0.010140984
0.009893644
0.010017314
0.009398961
0.010017314
0.009646302
0.010079149
0.011996043
0.00915162
0.010388326
0.011254019
0.00785308
0.016139006
0.01817957
0.0102028195
0.010759337
0.009584467
0.008471432
0.009955479
0.013109078
0.012676231
0.009646302
0.012243384
0.010511996
0.013356418
0.010697502
0.009398961
0.011006678
0.010079149
0.011563196
0.010697502
0.01032649
0.010264655
0.010388326
0.01032649
0.010017314
0.009708137
0.011996043
0.011130349
0.012057878
0.01032649
0.010079149
0.010944843
0.009708137
0.011130349
0.009769972
0.009398961
0.00927529
0.009584467
0.009337126
0.009584467
6.572585
1.0
0.0
0.0
10.0
632232.0
372736.0
0.0
0.0
33.0
0.0
1.0
0.0
0.0
0.0
1367514100.0
0.0
0.0
0.0
0.0
0.0
1.0
0.0
0.0
0.0
0.0
0.0
0.0
-1.0
0.0
0.0
0.0
0.0
0.0
0.0
0.0
0.0
0.0
0.0
0.0
0.0
0.0
0.0
0.0
-1.0
0.0
0.0
0.0
0.0
-1.0
0.0
0.0
0.0
0.0
0.0
0.0
0.0
-1.0
0.0
0.0
0.0
0.0
0.0
0.0
0.0
0.0
0.0
0.0
9.0
0.0
5.0
0.0
5.0
0.0
177152.0
1024.0
4096.0
4.0
0.0
0.0
1.0
1.0
0.0
0.0
0.0
0.0
0.0
0.0
0.0
0.0
0.0
0.0
0.0
0.0
0.0
0.0
1024.0
0.0
0.0
0.0
0.0
0.0
0.0
0.0
0.0
0.0
0.0
0.0
0.0
0.0
0.0
0.0
0.0
0.0
-512.0
0.0
0.0
0.0
0.0
0.0
0.0
0.0
0.0
-177152.0
0.0
2048.0
0.0
0.0
0.0
0.0
0.0
0.0
0.0
0.0
0.0
0.0
0.0
0.0
0.0
0.0
0.0
0.0
0.0
0.0
0.0
0.0
5.0232415
0.0
0.0
0.0
0.0
0.0
0.0
0.0
0.0
0.0
0.0
0.0
0.0
0.0
0.0
0.0
0.0
0.0
-3.1704075
0.0
0.0
0.0
0.0
0.0
0.0
0.0
0.0
-7.6689806
0.0
2.765335
0.0
0.0
0.0
0.0
0.0
0.0
0.0
0.0
0.0
0.0
0.0
0.0
0.0
0.0
0.0
0.0
0.0
0.0
0.0
0.0
948.0
0.0
0.0
0.0
0.0
0.0
0.0
0.0
0.0
0.0
0.0
0.0
0.0
0.0
0.0
0.0
0.0
0.0
-280.0
0.0
0.0
0.0
0.0
0.0
0.0
0.0
0.0
-176966.0
0.0
178064.0
0.0
0.0
0.0
0.0
0.0
0.0
0.0
0.0
0.0
-1.0
0.0
0.0
0.0
0.0
0.0
1.0
0.0
0.0
0.0
0.0
0.0
0.0
0.0
0.0
0.0
0.0
0.0
0.0
0.0
0.0
0.0
0.0
0.0
0.0
0.0
0.0
0.0
0.0
0.0
0.0
0.0
0.0
0.0
0.0
0.0
-2.0
0.0
0.0
0.0
1.0
0.0
0.0
0.0
0.0
0.0
0.0
0.0
0.0
0.0
0.0
0.0
0.0
0.0
0.0
0.0
0.0
0.0
0.0
0.0
-1.0
0.0
0.0
0.0
0.0
0.0
0.0
0.0
0.0
0.0
1.0
0.0
0.0
0.0
0.0
1.0
0.0
0.0
0.0
0.0
0.0
0.0
0.0
0.0
0.0
0.0
0.0
0.0
0.0
0.0
0.0
0.0
0.0
0.0
0.0
0.0
0.0
0.0
0.0
0.0
0.0
0.0
0.0
0.0
0.0
0.0
0.0
0.0
0.0
0.0
0.0
0.0
0.0
0.0
0.0
0.0
0.0
0.0
0.0
0.0
0.0
0.0
0.0
0.0
0.0
0.0
0.0
-1.0
0.0
0.0
0.0
0.0
0.0
0.0
0.0
0.0
0.0
0.0
0.0
0.0
0.0
0.0
0.0
0.0
0.0
0.0
0.0
0.0
0.0
0.0
-1.0
0.0
0.0
0.0
0.0
0.0
0.0
0.0
0.0
0.0
0.0
0.0
0.0
0.0
0.0
0.0
0.0
0.0
0.0
0.0
0.0
0.0
0.0
0.0
0.0
0.0
0.0
0.0
0.0
0.0
0.0
0.0
0.0
0.0
0.0
0.0
0.0
0.0
0.0
0.0
0.0
0.0
0.0
0.0
0.0
0.0
0.0
-1.0
0.0
0.0
0.0
0.0
0.0
0.0
0.0
0.0
0.0
0.0
0.0
0.0
0.0
0.0
0.0
0.0
1.0
0.0
0.0
0.0
0.0
0.0
0.0
0.0
0.0
0.0
0.0
0.0
0.0
0.0
0.0
0.0
0.0
0.0
0.0
0.0
0.0
0.0
0.0
0.0
0.0
0.0
0.0
0.0
0.0
0.0
0.0
0.0
0.0
0.0
0.0
0.0
0.0
0.0
0.0
0.0
0.0
0.0
0.0
0.0
0.0
0.0
0.0
0.0
0.0
0.0
0.0
0.0
0.0
0.0
0.0
0.0
0.0
0.0
0.0
0.0
0.0
0.0
0.0
0.0
0.0
0.0
0.0
0.0
0.0
0.0
0.0
0.0
0.0
0.0
0.0
0.0
0.0
0.0
0.0
0.0
0.0
0.0
0.0
0.0
0.0
0.0
0.0
0.0
0.0
0.0
0.0
0.0
0.0
0.0
0.0
0.0
0.0
0.0
0.0
0.0
0.0
0.0
0.0
0.0
0.0
0.0
0.0
0.0
0.0
0.0
0.0
0.0
0.0
0.0
0.0
0.0
0.0
0.0
0.0
0.0
0.0
0.0
0.0
0.0
0.0
0.0
0.0
0.0
0.0
0.0
0.0
0.0
0.0
0.0
0.0
0.0
0.0
0.0
0.0
0.0
0.0
0.0
0.0
0.0
0.0
0.0
0.0
0.0
0.0
0.0
0.0
-1.0
1.0
0.0
0.0
0.0
0.0
0.0
0.0
0.0
0.0
0.0
0.0
0.0
0.0
0.0
0.0
0.0
0.0
0.0
0.0
0.0
0.0
0.0
0.0
0.0
0.0
0.0
0.0
0.0
0.0
1.0
0.0
0.0
0.0
0.0
0.0
0.0
0.0
0.0
1.0
0.0
0.0
0.0
0.0
0.0
0.0
0.0
0.0
0.0
0.0
0.0
0.0
0.0
0.0
0.0
0.0
0.0
0.0
0.0
0.0
0.0
0.0
0.0
0.0
0.0
0.0
0.0
0.0
0.0
0.0
0.0
0.0
0.0
0.0
0.0
1.0
0.0
0.0
0.0
0.0
0.0
0.0
0.0
0.0
0.0
0.0
0.0
0.0
0.0
0.0
0.0
0.0
0.0
0.0
0.0
0.0
0.0
0.0
0.0
0.0
0.0
0.0
0.0
0.0
0.0
0.0
0.0
0.0
0.0
0.0
0.0
0.0
0.0
0.0
0.0
0.0
0.0
0.0
0.0
0.0
0.0
0.0
0.0
0.0
0.0
0.0
0.0
0.0
0.0
0.0
0.0
0.0
0.0
0.0
0.0
0.0
0.0
0.0
0.0
0.0
0.0
0.0
0.0
0.0
0.0
0.0
0.0
0.0
0.0
0.0
0.0
0.0
0.0
0.0
0.0
0.0
0.0
0.0
0.0
0.0
0.0
-1.0
0.0
0.0
0.0
0.0
0.0
0.0
0.0
0.0
0.0
0.0
0.0
0.0
0.0
0.0
0.0
0.0
0.0
0.0
0.0
0.0
0.0
0.0
0.0
0.0
0.0
0.0
0.0
0.0
0.0
0.0
0.0
0.0
0.0
0.0
0.0
0.0
0.0
0.0
0.0
0.0
0.0
0.0
0.0
0.0
0.0
0.0
0.0
0.0
0.0
0.0
0.0
0.0
0.0
0.0
0.0
0.0
0.0
0.0
0.0
0.0
0.0
0.0
0.0
0.0
0.0
0.0
0.0
0.0
0.0
0.0
0.0
0.0
0.0
0.0
0.0
0.0
0.0
0.0
0.0
0.0
0.0
0.0
0.0
0.0
0.0
0.0
0.0
-1.0
0.0
0.0
0.0
0.0
0.0
0.0
0.0
0.0
0.0
0.0
0.0
0.0
0.0
0.0
0.0
0.0
0.0
0.0
-1.0
0.0
0.0
0.0
0.0
0.0
0.0
0.0
0.0
0.0
0.0
0.0
0.0
0.0
0.0
0.0
0.0
0.0
0.0
0.0
0.0
0.0
0.0
0.0
0.0
0.0
0.0
0.0
0.0
0.0
0.0
0.0
0.0
0.0
0.0
0.0
0.0
0.0
0.0
0.0
0.0
0.0
0.0
0.0
0.0
0.0
1.0
0.0
0.0
0.0
0.0
0.0
0.0
0.0
0.0
0.0
0.0
0.0
0.0
0.0
0.0
1.0
0.0
0.0
0.0
0.0
0.0
0.0
0.0
0.0
0.0
0.0
0.0
0.0
0.0
0.0
0.0
0.0
0.0
0.0
0.0
0.0
-1.0
0.0
0.0
0.0
0.0
0.0
0.0
-1.0
0.0
0.0
0.0
0.0
0.0
0.0
0.0
0.0
0.0
0.0
0.0
0.0
0.0
0.0
0.0
0.0
0.0
0.0
0.0
0.0
0.0
0.0
-1.0
0.0
-1.0
0.0
0.0
0.0
0.0
0.0
0.0
0.0
0.0
0.0
0.0
0.0
0.0
0.0
0.0
0.0
0.0
-1.0
0.0
0.0
0.0
0.0
0.0
0.0
0.0
0.0
0.0
0.0
0.0
0.0
0.0
0.0
0.0
0.0
0.0
0.0
0.0
0.0
0.0
0.0
0.0
0.0
0.0
0.0
0.0
0.0
-1.0
0.0
0.0
0.0
0.0
0.0
0.0
0.0
0.0
0.0
0.0
0.0
0.0
0.0
0.0
0.0
0.0
0.0
0.0
0.0
0.0
0.0
0.0
0.0
-1.0
0.0
0.0
0.0
0.0
0.0
0.0
0.0
0.0
0.0
0.0
0.0
-1.0
0.0
0.0
0.0
0.0
0.0
0.0
0.0
0.0
0.0
0.0
0.0
0.0
0.0
0.0
0.0
0.0
0.0
0.0
0.0
0.0
0.0
0.0
0.0
0.0
0.0
0.0
0.0
0.0
0.0
0.0
0.0
0.0
0.0
0.0
0.0
0.0
0.0
0.0
0.0
0.0
0.0
0.0
0.0
0.0
0.0
0.0
0.0
0.0
0.0
0.0
0.0
0.0
0.0
0.0
0.0
0.0
0.0
0.0
0.0
0.0
0.0
0.0
0.0
0.0
0.0
0.0
0.0
0.0
0.0
0.0
0.0
0.0
0.0
0.0
0.0
0.0
0.0
0.0
0.0
0.0
0.0
0.0
0.0
0.0
0.0
0.0
0.0
0.0
0.0
0.0
0.0
0.0
0.0
0.0
0.0
0.0
0.0
0.0
0.0
0.0
0.0
0.0
0.0
0.0
0.0
0.0
0.0
0.0
0.0
0.0
0.0
0.0
0.0
0.0
0.0
0.0
0.0
0.0
0.0
-1.0
0.0
0.0
0.0
0.0
0.0
0.0
0.0
0.0
0.0
0.0
0.0
0.0
0.0
0.0
0.0
0.0
0.0
0.0
0.0
0.0
0.0
0.0
0.0
0.0
0.0
0.0
0.0
1.0
0.0
0.0
0.0
0.0
0.0
0.0
0.0
0.0
0.0
0.0
0.0
0.0
0.0
0.0
1.0
0.0
0.0
0.0
0.0
0.0
0.0
0.0
0.0
0.0
0.0
0.0
0.0
0.0
0.0
0.0
0.0
0.0
0.0
0.0
0.0
0.0
0.0
0.0
0.0
0.0
0.0
0.0
0.0
0.0
0.0
0.0
0.0
0.0
0.0
0.0
0.0
0.0
0.0
-1.0
0.0
0.0
0.0
0.0
0.0
0.0
0.0
0.0
0.0
0.0
0.0
0.0
0.0
0.0
0.0
0.0
0.0
0.0
0.0
0.0
0.0
0.0
0.0
0.0
0.0
0.0
0.0
0.0
0.0
0.0
0.0
0.0
0.0
0.0
0.0
0.0
0.0
0.0
0.0
0.0
0.0
0.0
0.0
0.0
0.0
0.0
0.0
0.0
0.0
0.0
0.0
0.0
1.0
0.0
0.0
0.0
0.0
0.0
0.0
0.0
0.0
0.0
0.0
0.0
0.0
0.0
0.0
0.0
0.0
0.0
1.0
0.0
0.0
0.0
0.0
0.0
0.0
0.0
0.0
0.0
0.0
0.0
0.0
0.0
0.0
0.0
0.0
0.0
0.0
0.0
0.0
0.0
0.0
0.0
0.0
-1.0
0.0
0.0
0.0
0.0
0.0
0.0
0.0
0.0
0.0
0.0
0.0
0.0
0.0
0.0
0.0
0.0
0.0
0.0
0.0
0.0
0.0
0.0
0.0
0.0
0.0
0.0
0.0
0.0
0.0
0.0
0.0
0.0
0.0
0.0
0.0
0.0
1.0
0.0
0.0
0.0
0.0
0.0
0.0
0.0
0.0
0.0
0.0
0.0
0.0
0.0
0.0
0.0
1.0
0.0
0.0
0.0
0.0
0.0
0.0
0.0
0.0
0.0
0.0
0.0
0.0
0.0
0.0
0.0
0.0
0.0
0.0
0.0
0.0
0.0
0.0
0.0
0.0
0.0
0.0
0.0
0.0
0.0
1.0
0.0
0.0
0.0
0.0
0.0
0.0
1.0
0.0
0.0
-1.0
0.0
0.0
0.0
0.0
0.0
0.0
0.0
0.0
0.0
0.0
0.0
0.0
0.0
0.0
0.0
0.0
0.0
0.0
0.0
0.0
0.0
0.0
0.0
0.0
0.0
0.0
0.0
0.0
0.0
0.0
0.0
0.0
0.0
0.0
0.0
0.0
0.0
0.0
0.0
0.0
0.0
0.0
0.0
0.0
1.0
0.0
0.0
0.0
0.0
0.0
0.0
0.0
0.0
0.0
0.0
0.0
0.0
0.0
0.0
0.0
0.0
0.0
0.0
0.0
0.0
0.0
0.0
0.0
0.0
0.0
0.0
0.0
0.0
0.0
0.0
0.0
0.0
0.0
0.0
0.0
0.0
0.0
0.0
0.0
0.0
0.0
0.0
0.0
0.0
0.0
0.0
0.0
-1.0
0.0
0.0
0.0
0.0
0.0
0.0
0.0
0.0
0.0
0.0
0.0
0.0
0.0
0.0
0.0
0.0
0.0
0.0
0.0
0.0
0.0
0.0
0.0
0.0
0.0
0.0
0.0
0.0
0.0
0.0
0.0
0.0
0.0
0.0
0.0
0.0
0.0
0.0
0.0
0.0
0.0
0.0
0.0
0.0
0.0
0.0
0.0
0.0
0.0
0.0
0.0
0.0
0.0
0.0
0.0
0.0
-1.0
0.0
0.0
0.0
0.0
0.0
0.0
0.0
0.0
0.0
0.0
0.0
0.0
0.0
0.0
0.0
0.0
0.0
0.0
0.0
0.0
0.0
0.0
0.0
0.0
0.0
0.0
0.0
0.0
0.0
0.0
0.0
0.0
0.0
0.0
0.0
0.0
0.0
0.0
0.0
0.0
0.0
0.0
0.0
0.0
0.0
0.0
0.0
0.0
0.0
0.0
0.0
0.0
0.0
0.0
0.0
0.0
0.0
0.0
0.0
0.0
0.0
0.0
0.0
0.0
0.0
0.0
0.0
0.0
0.0
0.0
0.0
0.0
0.0
0.0
0.0
0.0
0.0
0.0
0.0
0.0
0.0
0.0
0.0
0.0
0.0
0.0
0.0
0.0
0.0
0.0
0.0
0.0
0.0
0.0
0.0
0.0
0.0
0.0
0.0
0.0
0.0
0.0
0.0
0.0
0.0
0.0
0.0
0.0
0.0
0.0
0.0
0.0
0.0
0.0
0.0
0.0
0.0
0.0
0.0
0.0
0.0
0.0
0.0
0.0
0.0
0.0
0.0
0.0
0.0
0.0
0.0
0.0
0.0
0.0
0.0
0.0
100.0
184468.0
1936.0
192512.0
0.0
0.0
0.0
0.0
0.0
0.0
0.0
0.0
0.0
0.0
0.0
0.0
0.0
0.0
0.0
0.0
0.0
0.0
148.0
184320.0
0.0
0.0
0.0
0.0
