0.18595143
0.014748907
0.013655799
0.016179591
0.010419345
0.0037240656
0.0028051054
0.0027166924
0.00952182
0.0031828703
0.0030033651
0.0016718108
0.005859375
0.002638996
0.0017682613
0.004852002
0.030272098
0.0012913666
0.0011038238
0.0013369127
0.0038821374
0.014355067
0.0020388588
0.0011413323
0.0054548183
0.0010797111
0.0009055641
0.001106503
0.002872085
0.0014762303
0.0012109911
0.0014065715
0.005985297
0.001152049
0.0009966564
0.0010314857
0.01506773
0.0012217078
0.001224387
0.001152049
0.00479306
0.0014333633
0.0016048311
0.0025907708
0.002580054
0.0011761617
0.0025854125
0.0010797111
0.0042304313
0.003801762
0.0030649863
0.0074963565
0.00390625
0.0036088605
0.0027140132
0.0028828017
0.0039410796
0.003930363
0.0035606353
0.0053530093
0.0036945944
0.0033329048
0.0025130743
0.0028318972
0.0050234697
0.002665788
0.0022478353
0.00236304
0.006703318
0.0066658095
0.0037347823
0.0019504458
0.002754201
0.0017950531
0.0010636359
0.0012511788
0.0037990827
0.0031453618
0.002695259
0.0014681928
0.009615591
0.0035338434
0.0034373929
0.0044554826
0.003295396
0.003981267
0.0049323775
0.003614219
0.0021647806
0.0030998157
0.0010448816
0.0021915725
0.002116555
0.0034454304
0.0028747641
0.0026309586
0.0018298825
0.0040536053
0.0012431412
0.002563979
0.0036945944
0.007198967
0.003833912
0.00144408
0.011418682
0.0038446288
0.005800433
0.0013154793
0.0040616426
0.0017896948
0.0036651234
0.0040348507
0.003000686
0.001122578
0.005063657
0.0038419496
0.009685249
0.009457519
0.0016959234
0.0012940458
0.002057613
0.0015673225
0.0006831919
0.00070194615
0.0023416067
0.0027783136
0.0013690629
0.001135974
0.0032739625
0.0022987397
0.0015726809
0.010719415
0.0052967463
0.006837277
0.0013235168
0.0008225094
0.0034454304
0.009693287
0.003423997
0.022990076
0.002448774
0.008843985
0.0011386531
0.0009859396
0.0047823433
0.0009243184
0.0006965878
0.0010743528
0.0022773063
0.0015485683
0.0010073731
0.0010341649
0.0013315544
0.00064032496
0.00060013717
0.00068587105
0.001500343
0.001165445
0.0011574074
0.0005840621
0.0015700017
0.0020201046
0.00080375513
0.0028613682
0.0018968622
0.0012511788
0.0009430727
0.0008251886
0.0013583462
0.0005492327
0.00075552985
0.00065640005
0.0013985339
0.00093771436
0.0011011446
0.00075552985
0.0017682613
0.0009216392
0.0006135331
0.0006805127
0.0013074417
0.0009350352
0.0008359054
0.00080107595
0.0020951217
0.0009484311
0.00080375513
0.00076892576
0.0014414008
0.0009082433
0.0011627658
0.0009216392
0.006679205
0.003311471
0.002419303
0.0054601766
0.00472608
0.0010475608
0.00423311
0.00416881
0.0026175627
0.0025398664
0.001152049
0.0011252572
0.015683942
0.0008626972
0.0015994727
0.00090288493
0.0021969308
0.0015994727
0.0015324932
0.0020174254
0.0014414008
0.00082786777
0.0014601551
0.0009350352
0.0022344394
0.0009430727
0.000626929
0.0016048311
0.001253858
0.0008814515
0.00084126374
0.00069926697
0.0030864198
0.0016343021
0.00073945476
0.00074213394
0.002271948
0.0011440115
0.0009109225
0.0005760245
0.009655778
0.002170139
0.001020769
0.0035365226
0.0030542696
0.00061621226
0.0007501715
0.0005224408
0.0030489112
0.0015914352
0.00521905
0.0019477666
0.0016423396
0.0006831919
0.0023067773
0.0017146777
0.0036945944
0.0017441487
0.0008117927
0.0011386531
0.0032632458
0.0021192343
0.0032310956
0.035542052
0.008264462
0.002754821
0.0
0.0
0.0
0.0
0.0
0.0
0.0
0.0
0.0
0.0
0.0
0.0
0.0
0.0
0.00263914
0.0
4.035382e-06
8.070764e-06
8.070764e-06
8.070764e-06
6.9946625e-05
1.7486656e-05
0.0
0.0
0.0
0.0
0.0
0.0
0.0
0.0
0.0
0.0
0.0
0.0
0.0
0.0
0.0
0.0
0.0
0.0
0.0
0.0
0.0
0.0
0.0
0.0
0.0048007597
0.00015468965
9.953943e-05
1.0761019e-05
4.4389206e-05
4.169895e-05
9.81943e-05
9.281379e-05
2.5557421e-05
8.070764e-06
1.2106147e-05
4.169895e-05
2.1522039e-05
1.0761019e-05
1.7486656e-05
2.9592804e-05
0.0117012635
0.00018293732
0.00013047736
0.0003685649
0.00010088456
0.0003430075
0.00013854813
0.000104919935
8.33979e-05
5.1114843e-05
5.1114843e-05
5.2459967e-05
6.3220985e-05
5.649535e-05
6.0530732e-05
0.000285167
0.011069054
0.00033090136
0.0002892024
0.0005205643
0.00020445937
0.00018697271
0.0004519628
0.00020311424
9.684917e-05
4.8424587e-05
3.766357e-05
4.8424587e-05
7.129175e-05
4.4389206e-05
7.398201e-05
9.684917e-05
0.017853877
0.0020123105
0.00054746686
0.00040353823
0.00052325457
0.00039143208
0.0010962789
0.00062951964
0.00018697271
0.0001129907
0.00019100809
0.0001129907
0.0001815922
0.00015603477
0.00015603477
0.00023808755
0.010761019
0.00077344826
0.00028247674
0.0005541925
0.0004210249
0.00027171575
0.00078151905
0.00040353823
0.0001519994
0.00023943267
0.00012375173
8.877841e-05
8.070764e-05
0.00015065428
0.000103574814
0.001341092
0.018043539
0.00083666923
0.00074385543
0.0005851304
0.0013478177
0.00094024406
0.002935068
0.0016168432
0.0005985817
0.00039008696
0.00023001678
0.00024212293
0.00021791064
0.00020849475
0.00017755682
0.0011890926
0.023358138
0.002574574
0.0030789967
0.0035753488
0.004274815
0.004212939
0.0136960875
0.007220644
0.0008877841
0.00034031723
0.0004075736
0.00039008696
0.0006241391
0.00030265367
0.00035242338
0.0008191826
0.011328663
0.0012240659
0.0011110753
0.002070151
0.0016921703
0.0012993931
0.005575553
0.003038643
0.00044523718
0.00017621169
0.00029189265
0.00021656552
0.00043447615
0.0003685649
0.0003887418
0.0006416258
0.027858933
0.020067956
0.0064983107
0.024325283
0.0032014032
0.004547876
0.009666085
0.0027736528
0.0029646608
0.0021777612
0.0043945312
0.0022113894
0.010267357
0.0020836024
0.0024736894
0.009473733
0.013600583
0.0019437091
0.0020190363
0.0052742446
0.002449477
0.0024898308
0.0038026753
0.0028126615
0.0031745008
0.0010653409
0.0007102273
0.00069812115
0.002017691
0.0005932012
0.0011151106
0.0030655453
0.062358763
0.014321571
0.013281788
0.008341135
0.013472796
0.015880574
0.009220849
0.010050792
0.035097063
0.004612442
0.0034489066
0.0040864972
0.018632704
0.005212369
0.010584808
0.022085646
0.054415785
0.016067548
0.011562715
0.01056194
0.015308895
0.019992629
0.009317698
0.013540053
0.036275394
0.0061162943
0.0038793474
0.0041631693
0.019825833
0.0062252497
0.013186284
0.026778797
0.0047805826
0.005319979
0.0061687543
0.004510212
0.0064525763
0.006027516
0.0050751655
0.0053953063
0.0054719783
0.005754455
0.005936047
0.0046178224
0.0063261343
0.005765216
0.0038658963
0.0039318074
2627.0
13.115722
34455.0
0.027572196
0.004875925
0.0016833551
0.0012189812
0.008648963
0.002554056
0.0038020606
0.0026701496
0.0038891307
0.0019445653
0.0013350748
0.0010448411
0.00638514
0.0029023364
0.01613699
0.002641126
0.014076332
0.018139603
0.014047308
0.015672617
0.014627775
0.010767668
0.012189813
0.00992599
0.015266289
0.012538093
0.012073719
0.0106515745
0.013466841
0.011232042
0.009316499
0.008619939
0.0050790887
0.01294442
0.0030184297
0.009026266
0.009984037
0.008910173
0.00879408
0.0064431867
0.004237411
0.007807285
0.0016253084
0.003918154
0.00992599
0.0048178784
0.0052242056
0.003918154
0.013176607
0.0041213175
0.008968219
0.017878393
0.008910173
0.0155275
0.00975185
0.009258453
0.007894355
0.002466986
0.002379916
0.0029023364
0.005108112
0.0041793645
0.0029313597
0.00655928
0.0034828037
0.029545784
0.006356117
0.020838775
0.016891597
0.06004934
0.00966478
0.007923379
0.009984037
0.029168481
0.004730808
0.0045276447
0.028878247
0.012480047
0.028791176
0.03398636
0.012422
0.0022928456
0.03578581
0.025975911
0.04106806
0.015498476
0.0061239298
0.004962995
0.009287477
0.008242635
0.0023508924
0.0013350748
0.002554056
0.0014801916
0.0014801916
0.002234799
6.0778904
9.0
4.0
0.0
10.0
373248.0
397312.0
1.0
0.0
88.0
1.0
1.0
0.0
0.0
0.0
1342061800.0
0.0
0.0
0.0
0.0
0.0
1.0
0.0
0.0
0.0
0.0
0.0
0.0
-1.0
1.0
0.0
0.0
0.0
0.0
0.0
0.0
0.0
0.0
0.0
0.0
0.0
0.0
0.0
0.0
-1.0
0.0
0.0
0.0
0.0
-1.0
0.0
0.0
0.0
0.0
0.0
0.0
0.0
-1.0
0.0
0.0
0.0
0.0
0.0
0.0
0.0
0.0
0.0
0.0
9.0
0.0
5.0
0.0
5.0
0.0
33280.0
1024.0
4096.0
7.0
0.0
0.0
2.0
2.0
0.0
0.0
0.0
0.0
0.0
-4608.0
0.0
0.0
0.0
0.0
0.0
0.0
0.0
0.0
10240.0
0.0
0.0
0.0
0.0
0.0
0.0
0.0
0.0
0.0
-2560.0
0.0
0.0
0.0
0.0
0.0
0.0
-1024.0
-309760.0
0.0
0.0
0.0
0.0
0.0
0.0
0.0
0.0
-33280.0
0.0
10752.0
0.0
0.0
0.0
0.0
0.0
0.0
0.0
0.0
0.0
0.0
0.0
-4.237032
0.0
0.0
0.0
0.0
0.0
0.0
0.0
0.0
5.330519
0.0
0.0
0.0
0.0
0.0
0.0
0.0
0.0
0.0
-0.06545957
0.0
0.0
0.0
0.0
0.0
0.0
-5.374253
-6.485154
0.0
0.0
0.0
0.0
0.0
0.0
0.0
0.0
-7.8338437
0.0
5.4785624
0.0
0.0
0.0
0.0
0.0
0.0
0.0
0.0
0.0
0.0
0.0
-4556.0
0.0
0.0
0.0
0.0
0.0
0.0
0.0
0.0
10232.0
0.0
0.0
0.0
0.0
0.0
0.0
0.0
0.0
0.0
-2531.0
0.0
0.0
0.0
0.0
0.0
0.0
-1024.0
-313820.0
0.0
0.0
0.0
0.0
0.0
0.0
0.0
0.0
-33133.0
0.0
10472.0
0.0
0.0
0.0
0.0
0.0
0.0
0.0
0.0
0.0
-1.0
0.0
0.0
0.0
0.0
0.0
1.0
0.0
0.0
0.0
0.0
0.0
0.0
0.0
0.0
0.0
0.0
0.0
0.0
0.0
0.0
0.0
0.0
0.0
0.0
0.0
0.0
0.0
0.0
0.0
0.0
0.0
0.0
0.0
0.0
0.0
-2.0
0.0
0.0
0.0
1.0
0.0
0.0
0.0
0.0
0.0
0.0
0.0
0.0
0.0
0.0
0.0
0.0
0.0
0.0
0.0
0.0
0.0
0.0
0.0
-1.0
0.0
0.0
0.0
0.0
0.0
0.0
0.0
0.0
0.0
1.0
0.0
0.0
0.0
0.0
0.0
0.0
0.0
0.0
0.0
0.0
0.0
0.0
0.0
1.0
0.0
0.0
0.0
0.0
0.0
0.0
0.0
0.0
0.0
0.0
0.0
0.0
0.0
0.0
0.0
0.0
0.0
0.0
0.0
0.0
0.0
0.0
0.0
0.0
0.0
0.0
0.0
0.0
0.0
0.0
0.0
0.0
0.0
0.0
0.0
0.0
0.0
0.0
0.0
0.0
0.0
0.0
0.0
0.0
0.0
0.0
0.0
0.0
0.0
0.0
0.0
0.0
0.0
0.0
0.0
0.0
0.0
0.0
0.0
0.0
0.0
0.0
0.0
0.0
0.0
0.0
0.0
0.0
0.0
0.0
0.0
0.0
0.0
0.0
0.0
0.0
0.0
0.0
0.0
0.0
0.0
0.0
0.0
0.0
0.0
0.0
0.0
0.0
0.0
0.0
0.0
0.0
0.0
0.0
0.0
0.0
0.0
0.0
0.0
0.0
0.0
0.0
0.0
0.0
0.0
0.0
0.0
0.0
0.0
0.0
0.0
0.0
-1.0
0.0
0.0
0.0
0.0
0.0
0.0
0.0
0.0
0.0
0.0
0.0
0.0
0.0
0.0
0.0
1.0
1.0
0.0
0.0
0.0
0.0
0.0
0.0
0.0
0.0
0.0
0.0
0.0
0.0
0.0
0.0
0.0
0.0
0.0
0.0
0.0
0.0
0.0
0.0
0.0
0.0
0.0
0.0
0.0
0.0
0.0
0.0
0.0
0.0
0.0
0.0
0.0
0.0
0.0
0.0
0.0
0.0
0.0
0.0
0.0
0.0
0.0
0.0
0.0
0.0
0.0
0.0
0.0
0.0
0.0
0.0
0.0
0.0
0.0
0.0
0.0
0.0
0.0
0.0
0.0
0.0
0.0
0.0
0.0
0.0
0.0
0.0
0.0
0.0
0.0
0.0
0.0
0.0
0.0
0.0
0.0
0.0
0.0
0.0
0.0
0.0
0.0
0.0
0.0
0.0
0.0
0.0
0.0
0.0
0.0
0.0
1.0
0.0
0.0
0.0
0.0
0.0
0.0
0.0
0.0
0.0
0.0
0.0
0.0
0.0
0.0
0.0
0.0
0.0
0.0
0.0
0.0
0.0
0.0
0.0
0.0
0.0
0.0
0.0
0.0
0.0
0.0
0.0
0.0
0.0
0.0
0.0
0.0
0.0
0.0
0.0
0.0
0.0
0.0
0.0
0.0
0.0
0.0
0.0
0.0
0.0
0.0
0.0
0.0
0.0
0.0
0.0
0.0
0.0
0.0
0.0
0.0
0.0
0.0
0.0
0.0
0.0
0.0
0.0
0.0
-1.0
0.0
0.0
0.0
0.0
0.0
0.0
0.0
0.0
0.0
0.0
0.0
0.0
0.0
0.0
0.0
0.0
1.0
0.0
1.0
0.0
0.0
-1.0
0.0
0.0
0.0
0.0
-1.0
-1.0
0.0
0.0
0.0
0.0
0.0
0.0
0.0
0.0
0.0
0.0
0.0
0.0
0.0
0.0
0.0
0.0
0.0
0.0
0.0
0.0
0.0
0.0
0.0
0.0
0.0
0.0
0.0
0.0
0.0
0.0
0.0
0.0
0.0
0.0
0.0
0.0
0.0
1.0
0.0
0.0
0.0
0.0
0.0
0.0
0.0
0.0
0.0
0.0
0.0
0.0
0.0
0.0
1.0
0.0
0.0
0.0
0.0
0.0
0.0
0.0
0.0
0.0
0.0
0.0
0.0
0.0
0.0
0.0
0.0
0.0
0.0
0.0
0.0
0.0
0.0
0.0
0.0
0.0
0.0
0.0
0.0
0.0
0.0
0.0
0.0
0.0
0.0
0.0
0.0
1.0
0.0
0.0
0.0
0.0
0.0
0.0
0.0
0.0
0.0
0.0
0.0
0.0
0.0
0.0
0.0
0.0
0.0
0.0
0.0
0.0
0.0
0.0
0.0
1.0
1.0
0.0
0.0
0.0
0.0
0.0
0.0
0.0
0.0
0.0
-1.0
0.0
0.0
0.0
0.0
0.0
0.0
0.0
0.0
0.0
-1.0
0.0
0.0
0.0
0.0
0.0
0.0
0.0
0.0
-1.0
0.0
0.0
0.0
0.0
0.0
0.0
0.0
0.0
0.0
0.0
0.0
0.0
0.0
0.0
0.0
0.0
0.0
0.0
0.0
-1.0
0.0
0.0
0.0
0.0
0.0
0.0
0.0
0.0
0.0
0.0
0.0
0.0
0.0
0.0
0.0
0.0
0.0
0.0
0.0
0.0
0.0
0.0
0.0
0.0
0.0
0.0
0.0
0.0
0.0
0.0
0.0
0.0
0.0
0.0
1.0
0.0
0.0
0.0
0.0
0.0
0.0
0.0
0.0
-1.0
0.0
0.0
0.0
0.0
0.0
0.0
0.0
0.0
0.0
0.0
0.0
0.0
0.0
0.0
0.0
0.0
0.0
0.0
-1.0
0.0
-1.0
0.0
0.0
0.0
0.0
0.0
0.0
0.0
0.0
0.0
0.0
0.0
0.0
0.0
0.0
0.0
0.0
0.0
0.0
0.0
0.0
0.0
0.0
0.0
0.0
0.0
0.0
0.0
1.0
0.0
0.0
0.0
0.0
0.0
0.0
0.0
0.0
0.0
0.0
0.0
0.0
-1.0
0.0
0.0
1.0
0.0
0.0
0.0
0.0
0.0
0.0
0.0
0.0
0.0
0.0
0.0
0.0
0.0
0.0
0.0
0.0
0.0
0.0
0.0
0.0
0.0
0.0
0.0
0.0
0.0
0.0
0.0
0.0
0.0
1.0
0.0
0.0
-1.0
0.0
0.0
0.0
0.0
0.0
0.0
0.0
1.0
0.0
0.0
0.0
0.0
0.0
0.0
-1.0
0.0
0.0
0.0
0.0
0.0
0.0
0.0
1.0
0.0
0.0
0.0
0.0
0.0
-1.0
0.0
0.0
0.0
0.0
0.0
0.0
0.0
0.0
0.0
0.0
0.0
0.0
0.0
0.0
0.0
0.0
0.0
0.0
0.0
0.0
0.0
0.0
0.0
0.0
0.0
0.0
0.0
0.0
0.0
0.0
0.0
-1.0
0.0
0.0
0.0
0.0
0.0
0.0
0.0
0.0
0.0
0.0
0.0
0.0
-1.0
0.0
0.0
0.0
0.0
0.0
0.0
0.0
0.0
0.0
0.0
0.0
0.0
0.0
0.0
0.0
0.0
0.0
1.0
0.0
0.0
0.0
0.0
0.0
0.0
0.0
0.0
0.0
-1.0
0.0
0.0
0.0
0.0
0.0
0.0
0.0
0.0
0.0
0.0
0.0
0.0
0.0
0.0
0.0
0.0
0.0
0.0
0.0
0.0
0.0
0.0
0.0
0.0
0.0
0.0
0.0
0.0
-1.0
0.0
0.0
0.0
0.0
0.0
0.0
0.0
0.0
0.0
0.0
0.0
0.0
0.0
0.0
1.0
0.0
0.0
0.0
0.0
0.0
0.0
0.0
0.0
0.0
0.0
0.0
0.0
0.0
0.0
0.0
0.0
0.0
0.0
0.0
0.0
0.0
0.0
0.0
0.0
0.0
0.0
0.0
0.0
0.0
0.0
0.0
0.0
1.0
0.0
0.0
0.0
0.0
0.0
0.0
0.0
0.0
0.0
0.0
0.0
0.0
0.0
0.0
0.0
0.0
0.0
0.0
0.0
1.0
0.0
0.0
0.0
0.0
0.0
0.0
0.0
0.0
0.0
0.0
0.0
0.0
0.0
0.0
0.0
-1.0
0.0
0.0
0.0
1.0
0.0
0.0
-2.0
0.0
0.0
0.0
0.0
0.0
0.0
0.0
0.0
0.0
0.0
1.0
-1.0
0.0
0.0
2.0
0.0
0.0
0.0
-1.0
0.0
0.0
0.0
0.0
0.0
0.0
0.0
0.0
0.0
0.0
0.0
-1.0
-1.0
0.0
0.0
-1.0
0.0
0.0
0.0
0.0
-1.0
0.0
0.0
0.0
0.0
0.0
0.0
0.0
0.0
0.0
0.0
0.0
1.0
0.0
0.0
0.0
1.0
0.0
1.0
0.0
0.0
0.0
0.0
0.0
1.0
0.0
0.0
0.0
0.0
0.0
0.0
0.0
0.0
-1.0
-1.0
0.0
0.0
0.0
0.0
0.0
0.0
0.0
0.0
0.0
0.0
0.0
0.0
-1.0
1.0
0.0
0.0
0.0
0.0
0.0
0.0
0.0
0.0
0.0
0.0
0.0
0.0
0.0
0.0
0.0
0.0
0.0
0.0
0.0
0.0
0.0
0.0
0.0
0.0
0.0
0.0
0.0
0.0
0.0
0.0
0.0
0.0
0.0
0.0
-1.0
0.0
0.0
0.0
0.0
0.0
0.0
0.0
0.0
0.0
0.0
0.0
0.0
0.0
-1.0
-1.0
0.0
0.0
0.0
0.0
0.0
0.0
0.0
0.0
0.0
0.0
0.0
1.0
0.0
0.0
0.0
0.0
0.0
0.0
0.0
-1.0
0.0
0.0
1.0
0.0
0.0
0.0
0.0
0.0
0.0
0.0
0.0
0.0
0.0
0.0
0.0
0.0
0.0
0.0
0.0
0.0
0.0
0.0
-1.0
0.0
0.0
0.0
0.0
0.0
0.0
0.0
1.0
0.0
0.0
0.0
1.0
0.0
0.0
0.0
0.0
0.0
0.0
0.0
0.0
0.0
0.0
-1.0
0.0
0.0
0.0
0.0
0.0
0.0
0.0
0.0
0.0
-1.0
-1.0
0.0
0.0
0.0
0.0
0.0
0.0
0.0
0.0
0.0
0.0
0.0
0.0
0.0
0.0
0.0
0.0
-1.0
0.0
0.0
0.0
0.0
0.0
0.0
0.0
0.0
0.0
0.0
0.0
0.0
0.0
0.0
0.0
0.0
1.0
0.0
0.0
0.0
0.0
1.0
0.0
0.0
0.0
0.0
0.0
0.0
0.0
0.0
0.0
0.0
0.0
0.0
0.0
0.0
0.0
0.0
-1.0
0.0
0.0
0.0
1.0
0.0
0.0
0.0
0.0
1.0
0.0
0.0
0.0
0.0
0.0
0.0
0.0
0.0
0.0
0.0
0.0
0.0
0.0
0.0
0.0
0.0
0.0
0.0
0.0
0.0
0.0
0.0
0.0
0.0
-1.0
0.0
0.0
0.0
0.0
0.0
0.0
0.0
1.0
0.0
0.0
0.0
0.0
0.0
0.0
0.0
0.0
0.0
0.0
0.0
0.0
0.0
0.0
0.0
0.0
0.0
0.0
0.0
0.0
0.0
0.0
0.0
0.0
0.0
0.0
0.0
0.0
0.0
0.0
0.0
0.0
0.0
0.0
0.0
0.0
0.0
0.0
-1.0
0.0
0.0
0.0
0.0
0.0
0.0
0.0
0.0
0.0
0.0
0.0
0.0
0.0
0.0
0.0
0.0
0.0
0.0
0.0
0.0
0.0
0.0
0.0
0.0
0.0
0.0
-1.0
0.0
0.0
0.0
0.0
0.0
0.0
-1.0
0.0
0.0
0.0
0.0
0.0
0.0
0.0
0.0
0.0
0.0
0.0
-1.0
0.0
0.0
0.0
0.0
0.0
-1.0
0.0
0.0
0.0
0.0
0.0
0.0
0.0
0.0
0.0
0.0
0.0
0.0
0.0
0.0
0.0
1.0
-1.0
0.0
0.0
0.0
0.0
0.0
0.0
0.0
0.0
0.0
0.0
0.0
0.0
0.0
0.0
0.0
0.0
0.0
0.0
0.0
0.0
0.0
0.0
0.0
0.0
0.0
0.0
0.0
0.0
0.0
0.0
0.0
0.0
0.0
0.0
0.0
0.0
0.0
0.0
0.0
0.0
0.0
0.0
0.0
0.0
0.0
0.0
0.0
0.0
0.0
0.0
0.0
0.0
0.0
0.0
0.0
0.0
0.0
0.0
0.0
0.0
0.0
0.0
0.0
0.0
0.0
0.0
0.0
0.0
0.0
0.0
0.0
0.0
0.0
0.0
0.0
0.0
0.0
0.0
0.0
0.0
0.0
0.0
0.0
0.0
0.0
0.0
0.0
0.0
0.0
0.0
0.0
0.0
0.0
0.0
0.0
0.0
0.0
0.0
0.0
0.0
0.0
0.0
0.0
0.0
0.0
0.0
0.0
0.0
0.0
0.0
0.0
0.0
0.0
0.0
0.0
0.0
0.0
0.0
0.0
0.0
0.0
0.0
0.0
0.0
0.0
0.0
0.0
0.0
0.0
0.0
0.0
0.0
0.0
0.0
0.0
0.0
0.0
0.0
0.0
0.0
0.0
0.0
0.0
0.0
0.0
0.0
0.0
0.0
0.0
0.0
0.0
100.0
49060.0
10472.0
368640.0
0.0
0.0
0.0
0.0
2276.0
380928.0
28.0
41408.0
0.0
0.0
0.0
0.0
0.0
0.0
64.0
48208.0
0.0
0.0
368.0
40960.0
0.0
0.0
0.0
0.0
