0.018188253
0.0056735594
0.010343858
0.003934047
0.003731815
0.0035564417
0.004297433
0.0036907366
0.0037254952
0.0035295829
0.003627539
0.0036844166
0.0035027238
0.00360068
0.0037254952
0.0036038398
0.003733395
0.0036670375
0.003905608
0.003704956
0.0037491943
0.0034679652
0.0038977084
0.003551702
0.0036212192
0.0035817206
0.0037760532
0.0036891566
0.003630699
0.0035833006
0.0035043037
0.0035295829
0.0037207552
0.0035137834
0.0035801409
0.0036322789
0.0035864606
0.003654398
0.003576981
0.003703376
0.0037397146
0.0035848806
0.0036433383
0.0037965924
0.0036417583
0.0035548618
0.0036212192
0.0036907366
0.0035801409
0.0035580217
0.003629119
0.0036338586
0.0035122035
0.0035106235
0.0035596015
0.0036148995
0.003576981
0.0035390623
0.00360226
0.0036670375
0.003526423
0.0035880406
0.003524843
0.0036875766
0.0037081158
0.0038281912
0.0042136963
0.003523263
0.0036385986
0.0037792132
0.0038139718
0.0038629498
0.004242135
0.003888229
0.0045897216
0.0036923164
0.0036117395
0.0035912003
0.0036401784
0.003782373
0.003649658
0.0037175955
0.0040035644
0.0037381346
0.003733395
0.003885069
0.003883489
0.0036733572
0.0036338586
0.0046513393
0.0046213204
0.003630699
0.0036591378
0.0041094203
0.0036338586
0.0036038398
0.0040035644
0.0036907366
0.0034806046
0.0038645298
0.003785533
0.003753934
0.003957746
0.0037254952
0.0037792132
0.0035659214
0.0038439906
0.0037191755
0.0037191755
0.0034126674
0.003550122
0.0035201032
0.003836091
0.003575401
0.0036907366
0.0036433383
0.0038787492
0.003681257
0.0037886926
0.003679677
0.0036212192
0.0037239152
0.0036591378
0.0034379463
0.0036148995
0.0035706612
0.0035422223
0.0035817206
0.003804492
0.0038250312
0.0037128557
0.003703376
0.0036227992
0.003627539
0.0038724295
0.0036038398
0.0050652833
0.003782373
0.0035801409
0.00412364
0.0035137834
0.0037365546
0.0035627615
0.0037381346
0.0035690812
0.0035722412
0.0037254952
0.0035848806
0.0036701972
0.0035991
0.0039387867
0.0037412946
0.0036954763
0.003578561
0.0037681535
0.0035912003
0.0036212192
0.003649658
0.0042042164
0.003651238
0.003704956
0.009961513
0.0045928815
0.0036354386
0.0037191755
0.0043511507
0.003703376
0.0035532818
0.0036117395
0.0037618338
0.003630699
0.003678097
0.0037634138
0.003679677
0.0036385986
0.0035311626
0.0037776332
0.00360068
0.0036354386
0.003682837
0.0036164795
0.0035722412
0.0035801409
0.003575401
0.0035422223
0.0036464983
0.0036449183
0.0034284666
0.0036322789
0.0034505858
0.0036069998
0.0035532818
0.0037744732
0.0035311626
0.0039245673
0.0036591378
0.0037602538
0.0035912003
0.0038661098
0.0037934326
0.003649658
0.0035201032
0.0035074637
0.0038266112
0.0038281912
0.0035106235
0.0036891566
0.0035706612
0.0037871127
0.003627539
0.0036875766
0.0036717772
0.0035991
0.0036765172
0.003783953
0.003576981
0.0036717772
0.0035295829
0.0036464983
0.0034505858
0.00359752
0.0035374823
0.0036338586
0.003652818
0.0037918526
0.003730235
0.0037444544
0.0036844166
0.0036622975
0.0035564417
0.003625959
0.0037270752
0.004434888
0.004085721
0.004302173
0.011513012
0.007120783
0.004087301
0.004158398
0.010195344
0.0039419467
0.0034016077
0.0035833006
0.0038661098
0.0035690812
0.0035343226
0.003649658
0.003648078
0.0037207552
0.003651238
0.0038487304
0.003629119
0.0039071883
0.006044845
0.0035390623
0.0041189
0.0
0.0
0.0
0.0
0.0
0.0
0.0
0.0
0.0
0.0
0.0
0.0
0.0
0.0
0.0
0.0
0.0
0.0
0.0
0.0
0.0
0.0
0.0
0.0
0.0
0.0
0.0
0.0
0.0
0.0
0.0
0.0
0.0
0.0
0.0
0.0
0.0
0.0
0.0
0.0
0.0
0.0
0.0
0.0
0.0
0.0
0.0
0.0
0.0
0.0
0.0
0.0
0.0
0.0
0.0
0.0
0.0
0.0
0.0
0.0
0.0
0.0
0.0
0.0
0.0
0.0
0.0
0.0
0.0
0.0
0.0
0.0
0.0
0.0
0.0
0.0
0.0
0.0
0.0
0.0
0.0
0.0
0.0
0.0
0.0
0.0
0.0
0.0
0.0
0.0
0.0
0.0
0.0
0.0
0.0
0.0
0.0
0.0
0.0
0.0
0.0
0.0
0.0
0.0
0.0
0.0
0.0
0.0
0.0
0.0
0.0
0.0
0.00088080554
9.496556e-06
1.2662074e-05
4.748278e-05
3.7194844e-05
1.6618973e-05
8.5469e-05
3.0072428e-05
0.00045979157
7.9137965e-07
1.5827593e-06
3.1655186e-06
3.956898e-06
7.9137965e-07
2.374139e-06
2.8489667e-05
0.0009211659
1.5036214e-05
1.8993112e-05
5.3813816e-05
0.00010525349
4.352588e-05
0.00024770183
9.33828e-05
1.1870695e-05
5.5396576e-06
5.5396576e-06
3.956898e-06
7.1224167e-06
7.280693e-05
4.748278e-06
1.0287936e-05
0.0
0.0
0.0
0.0
0.0
0.0
0.0
0.0
0.0
0.0
0.0
0.0
0.0
0.0
0.0
0.0
0.001350885
6.805865e-05
4.9856917e-05
6.885003e-05
9.654832e-05
7.201555e-05
0.00010762763
0.00010367073
0.0007581417
4.1151743e-05
5.1439678e-05
8.5469e-05
7.992935e-05
6.331037e-05
0.00011395867
0.00013057764
0.00037194844
3.4820707e-05
2.9281047e-05
2.9281047e-05
9.021728e-05
2.611553e-05
1.9784491e-05
1.5827593e-05
7.3598305e-05
2.295001e-05
0.0002682777
2.6906908e-05
3.9568982e-05
2.5324149e-05
0.00050727435
3.9568982e-05
0.0015962127
0.00018122594
0.00013057764
0.00010762763
0.0003695743
0.0001677725
0.0002991415
0.00016223283
0.00028964496
9.33828e-05
0.00073677447
9.180004e-05
0.0002682777
0.00026115528
0.0015202403
0.00020734147
0.003407681
0.00041151742
0.0003236743
0.00034820705
0.00086656073
0.00055000884
0.0005990744
0.00045741745
0.0009536125
0.0003339622
0.0015811765
0.00036007774
0.0011087229
0.00053497264
0.003311924
0.001058866
0.006988674
0.0019341318
0.0013453454
0.0016864301
0.0029352272
0.002834722
0.0015226145
0.0015313197
0.0017378697
0.0021786683
0.004814754
0.0015938387
0.0019341318
0.001817799
0.009451447
0.0026946478
0.06635402
0.055963203
0.056358892
0.055000886
0.056931853
0.058141872
0.056515586
0.056163423
0.05662559
0.056533787
0.059120018
0.05540291
0.055578593
0.055394992
0.064573415
0.05754517
2768.0
5.859104
16218.0
0.009372302
0.01097546
0.01066716
0.009865581
0.009248982
0.01054384
0.009248982
0.007954125
0.009002343
0.009803922
0.009125663
0.010358861
0.009988901
0.009927241
0.0101738805
0.010050561
0.010852139
0.009310642
0.011345419
0.011653719
0.0094956225
0.010112221
0.0101738805
0.010420521
0.011283759
0.009680602
0.011715378
0.009310642
0.009927241
0.009187323
0.010235541
0.0106055
0.009988901
0.012085337
0.01097546
0.011962018
0.008940683
0.010235541
0.01048218
0.011407078
0.008570724
0.01054384
0.009557282
0.009002343
0.011160439
0.010112221
0.009988901
0.010050561
0.0094956225
0.009988901
0.009680602
0.010112221
0.011962018
0.009125663
0.010420521
0.011222099
0.007830805
0.016154889
0.018189665
0.0101738805
0.01072882
0.0094956225
0.008447404
0.009927241
0.013133556
0.012640276
0.009618942
0.0122703165
0.01054384
0.013503514
0.01072882
0.009372302
0.01103712
0.010050561
0.011592058
0.01054384
0.010297201
0.010235541
0.010420521
0.010358861
0.010050561
0.009742262
0.011962018
0.011098779
0.012146997
0.010358861
0.010112221
0.01097546
0.009680602
0.01103712
0.009742262
0.009433962
0.009248982
0.009557282
0.009310642
0.009557282
6.5724936
1.0
0.0
0.0
10.0
632936.0
376832.0
0.0
0.0
33.0
0.0
1.0
0.0
0.0
0.0
1367514100.0
0.0
0.0
0.0
0.0
0.0
1.0
0.0
0.0
0.0
0.0
0.0
0.0
-1.0
0.0
0.0
0.0
1.0
0.0
0.0
0.0
0.0
0.0
0.0
0.0
0.0
0.0
0.0
0.0
-1.0
0.0
0.0
0.0
0.0
-1.0
0.0
0.0
0.0
0.0
0.0
0.0
0.0
-1.0
0.0
0.0
0.0
0.0
0.0
0.0
0.0
0.0
0.0
0.0
9.0
0.0
5.0
0.0
5.0
0.0
181248.0
1024.0
4096.0
5.0
1.0
0.0
2.0
4.0
0.0
0.0
0.0
0.0
0.0
0.0
0.0
0.0
0.0
0.0
0.0
0.0
0.0
0.0
1024.0
0.0
0.0
0.0
0.0
0.0
0.0
0.0
0.0
0.0
0.0
0.0
0.0
0.0
0.0
0.0
0.0
0.0
-512.0
0.0
0.0
0.0
0.0
0.0
0.0
0.0
0.0
-177152.0
0.0
2048.0
0.0
0.0
0.0
0.0
0.0
0.0
0.0
0.0
0.0
0.0
0.0
0.0
0.0
0.0
0.0
0.0
0.0
0.0
0.0
0.0
4.790241
0.0
0.0
0.0
0.0
0.0
0.0
0.0
0.0
0.0
0.0
0.0
0.0
0.0
0.0
0.0
0.0
0.0
-2.0011215
0.0
0.0
0.0
0.0
0.0
0.0
0.0
0.0
-7.6657257
0.0
2.765335
0.0
0.0
0.0
0.0
0.0
0.0
0.0
0.0
0.0
0.0
0.0
0.0
0.0
0.0
0.0
0.0
0.0
-4096.0
0.0
0.0
4096.0
0.0
0.0
0.0
0.0
0.0
0.0
0.0
0.0
0.0
0.0
0.0
0.0
0.0
0.0
0.0
0.0
0.0
-4096.0
0.0
0.0
0.0
0.0
0.0
0.0
0.0
0.0
-180224.0
0.0
180224.0
0.0
0.0
0.0
0.0
0.0
0.0
0.0
0.0
0.0
-1.0
0.0
0.0
0.0
0.0
0.0
1.0
0.0
0.0
0.0
0.0
0.0
0.0
0.0
0.0
0.0
0.0
0.0
0.0
0.0
0.0
0.0
0.0
0.0
0.0
0.0
0.0
0.0
0.0
0.0
0.0
0.0
0.0
0.0
0.0
0.0
-2.0
0.0
0.0
0.0
1.0
0.0
0.0
0.0
0.0
0.0
0.0
0.0
0.0
0.0
0.0
0.0
0.0
0.0
0.0
0.0
0.0
0.0
0.0
0.0
-1.0
0.0
0.0
0.0
0.0
0.0
0.0
0.0
0.0
0.0
1.0
0.0
0.0
0.0
0.0
1.0
0.0
0.0
0.0
0.0
0.0
0.0
0.0
0.0
1.0
0.0
0.0
0.0
0.0
0.0
0.0
0.0
0.0
0.0
0.0
0.0
0.0
0.0
0.0
0.0
0.0
0.0
0.0
0.0
0.0
0.0
0.0
0.0
0.0
0.0
0.0
0.0
0.0
0.0
0.0
0.0
0.0
0.0
0.0
0.0
0.0
0.0
0.0
0.0
0.0
0.0
0.0
-1.0
0.0
0.0
0.0
0.0
0.0
0.0
0.0
0.0
0.0
0.0
0.0
0.0
0.0
0.0
0.0
0.0
0.0
0.0
0.0
0.0
0.0
0.0
-1.0
0.0
0.0
0.0
0.0
0.0
0.0
0.0
0.0
0.0
0.0
0.0
0.0
0.0
0.0
0.0
0.0
0.0
0.0
0.0
0.0
0.0
0.0
0.0
0.0
0.0
0.0
0.0
0.0
0.0
0.0
0.0
0.0
0.0
0.0
0.0
0.0
0.0
0.0
0.0
0.0
0.0
0.0
0.0
0.0
0.0
0.0
-1.0
0.0
0.0
0.0
0.0
0.0
0.0
0.0
0.0
0.0
0.0
0.0
0.0
0.0
0.0
0.0
0.0
1.0
0.0
0.0
0.0
0.0
0.0
0.0
0.0
0.0
0.0
0.0
0.0
0.0
0.0
0.0
0.0
0.0
0.0
0.0
0.0
0.0
0.0
0.0
0.0
0.0
0.0
0.0
0.0
0.0
0.0
0.0
0.0
0.0
0.0
0.0
0.0
0.0
0.0
0.0
0.0
0.0
0.0
0.0
0.0
0.0
0.0
0.0
0.0
0.0
0.0
0.0
0.0
0.0
0.0
0.0
0.0
0.0
0.0
0.0
0.0
0.0
0.0
0.0
0.0
0.0
0.0
0.0
0.0
0.0
0.0
0.0
0.0
0.0
0.0
0.0
0.0
0.0
0.0
0.0
0.0
0.0
0.0
0.0
0.0
0.0
0.0
0.0
0.0
0.0
0.0
0.0
0.0
0.0
0.0
0.0
0.0
0.0
0.0
0.0
0.0
0.0
0.0
0.0
0.0
0.0
0.0
0.0
0.0
0.0
0.0
0.0
0.0
0.0
0.0
0.0
0.0
0.0
0.0
0.0
0.0
0.0
0.0
0.0
0.0
0.0
0.0
0.0
0.0
0.0
0.0
0.0
0.0
0.0
0.0
0.0
0.0
0.0
0.0
0.0
0.0
0.0
0.0
0.0
0.0
0.0
0.0
0.0
0.0
0.0
0.0
0.0
-1.0
1.0
0.0
0.0
0.0
0.0
0.0
0.0
0.0
0.0
0.0
0.0
0.0
0.0
0.0
0.0
0.0
0.0
0.0
0.0
0.0
0.0
0.0
0.0
0.0
0.0
0.0
0.0
0.0
0.0
1.0
0.0
0.0
0.0
0.0
0.0
0.0
0.0
0.0
1.0
0.0
0.0
0.0
0.0
0.0
0.0
0.0
0.0
0.0
0.0
0.0
0.0
0.0
0.0
0.0
0.0
0.0
0.0
0.0
0.0
0.0
0.0
0.0
0.0
0.0
0.0
0.0
0.0
0.0
0.0
0.0
0.0
0.0
0.0
0.0
1.0
0.0
0.0
0.0
0.0
0.0
0.0
0.0
0.0
0.0
0.0
0.0
0.0
0.0
0.0
0.0
0.0
0.0
0.0
0.0
0.0
0.0
0.0
0.0
0.0
0.0
0.0
0.0
0.0
0.0
0.0
0.0
0.0
0.0
0.0
0.0
0.0
0.0
0.0
0.0
0.0
0.0
0.0
0.0
0.0
0.0
0.0
0.0
0.0
0.0
0.0
0.0
0.0
0.0
0.0
0.0
0.0
0.0
0.0
0.0
0.0
0.0
0.0
0.0
0.0
0.0
0.0
0.0
0.0
0.0
0.0
0.0
0.0
0.0
0.0
0.0
0.0
0.0
0.0
0.0
0.0
0.0
0.0
0.0
0.0
0.0
-1.0
0.0
0.0
0.0
0.0
0.0
0.0
0.0
0.0
0.0
0.0
0.0
0.0
0.0
0.0
0.0
0.0
0.0
0.0
0.0
0.0
0.0
0.0
0.0
0.0
0.0
0.0
0.0
0.0
0.0
0.0
0.0
0.0
0.0
0.0
0.0
0.0
0.0
0.0
0.0
0.0
0.0
0.0
0.0
0.0
0.0
0.0
0.0
0.0
0.0
0.0
0.0
0.0
0.0
0.0
0.0
0.0
0.0
0.0
0.0
0.0
0.0
0.0
0.0
0.0
0.0
0.0
0.0
0.0
0.0
0.0
0.0
0.0
0.0
0.0
0.0
0.0
0.0
0.0
0.0
0.0
0.0
0.0
0.0
0.0
0.0
0.0
0.0
-1.0
0.0
0.0
0.0
0.0
0.0
0.0
0.0
0.0
0.0
0.0
0.0
0.0
0.0
0.0
0.0
0.0
0.0
0.0
-1.0
0.0
0.0
0.0
0.0
0.0
0.0
0.0
0.0
0.0
0.0
0.0
0.0
0.0
0.0
0.0
0.0
0.0
0.0
0.0
0.0
0.0
0.0
0.0
0.0
0.0
0.0
0.0
0.0
0.0
0.0
0.0
0.0
0.0
0.0
0.0
0.0
0.0
0.0
0.0
0.0
0.0
0.0
0.0
0.0
0.0
1.0
0.0
0.0
0.0
0.0
0.0
0.0
0.0
0.0
0.0
0.0
0.0
0.0
0.0
0.0
1.0
0.0
0.0
0.0
0.0
0.0
0.0
0.0
0.0
0.0
0.0
0.0
0.0
0.0
0.0
0.0
0.0
0.0
0.0
0.0
0.0
-1.0
0.0
0.0
0.0
0.0
0.0
0.0
-1.0
0.0
0.0
0.0
0.0
0.0
0.0
0.0
0.0
0.0
0.0
0.0
0.0
0.0
0.0
0.0
0.0
0.0
0.0
0.0
0.0
0.0
0.0
-1.0
0.0
-1.0
0.0
0.0
0.0
0.0
0.0
0.0
0.0
0.0
0.0
0.0
0.0
0.0
0.0
0.0
0.0
0.0
-1.0
0.0
0.0
0.0
0.0
0.0
0.0
0.0
0.0
0.0
0.0
0.0
0.0
0.0
0.0
0.0
0.0
0.0
0.0
0.0
0.0
0.0
0.0
0.0
0.0
0.0
0.0
0.0
0.0
-1.0
0.0
0.0
0.0
0.0
0.0
0.0
0.0
0.0
0.0
0.0
0.0
0.0
0.0
0.0
0.0
0.0
0.0
0.0
0.0
0.0
0.0
0.0
0.0
-1.0
0.0
0.0
0.0
0.0
0.0
0.0
0.0
0.0
0.0
0.0
0.0
-1.0
0.0
0.0
0.0
0.0
0.0
0.0
0.0
0.0
0.0
0.0
0.0
0.0
0.0
0.0
0.0
0.0
0.0
0.0
0.0
0.0
0.0
0.0
0.0
0.0
0.0
0.0
0.0
0.0
0.0
0.0
0.0
0.0
0.0
0.0
0.0
0.0
0.0
0.0
0.0
0.0
0.0
0.0
0.0
0.0
0.0
0.0
0.0
0.0
0.0
0.0
0.0
0.0
0.0
0.0
0.0
0.0
0.0
0.0
0.0
0.0
0.0
0.0
0.0
0.0
0.0
0.0
0.0
0.0
0.0
0.0
0.0
0.0
0.0
0.0
0.0
0.0
0.0
0.0
0.0
0.0
0.0
0.0
0.0
0.0
0.0
0.0
0.0
0.0
0.0
0.0
0.0
0.0
0.0
0.0
0.0
0.0
0.0
0.0
0.0
0.0
0.0
0.0
0.0
0.0
0.0
0.0
0.0
0.0
0.0
0.0
0.0
0.0
0.0
0.0
0.0
0.0
0.0
0.0
0.0
-1.0
0.0
0.0
0.0
0.0
0.0
0.0
0.0
0.0
0.0
0.0
0.0
0.0
0.0
0.0
0.0
0.0
0.0
0.0
0.0
0.0
0.0
0.0
0.0
0.0
0.0
0.0
0.0
1.0
0.0
0.0
0.0
0.0
0.0
0.0
0.0
0.0
0.0
0.0
0.0
0.0
0.0
0.0
1.0
0.0
0.0
0.0
0.0
0.0
0.0
0.0
0.0
0.0
0.0
0.0
0.0
0.0
0.0
0.0
0.0
0.0
0.0
0.0
0.0
0.0
0.0
0.0
0.0
0.0
0.0
0.0
0.0
0.0
0.0
0.0
0.0
0.0
0.0
0.0
0.0
0.0
0.0
-1.0
0.0
0.0
0.0
0.0
0.0
0.0
0.0
0.0
0.0
0.0
0.0
0.0
0.0
0.0
0.0
0.0
0.0
0.0
0.0
0.0
0.0
0.0
0.0
0.0
0.0
0.0
0.0
0.0
0.0
0.0
0.0
0.0
0.0
0.0
0.0
0.0
0.0
0.0
0.0
0.0
0.0
0.0
0.0
0.0
0.0
0.0
0.0
0.0
0.0
0.0
0.0
0.0
1.0
0.0
0.0
0.0
0.0
0.0
0.0
0.0
0.0
0.0
0.0
0.0
0.0
0.0
0.0
0.0
0.0
0.0
1.0
0.0
0.0
0.0
0.0
0.0
0.0
0.0
0.0
0.0
0.0
0.0
0.0
0.0
0.0
0.0
0.0
0.0
0.0
0.0
0.0
0.0
0.0
0.0
0.0
-1.0
0.0
0.0
0.0
0.0
0.0
0.0
0.0
0.0
0.0
0.0
0.0
0.0
0.0
0.0
0.0
0.0
0.0
0.0
0.0
0.0
0.0
0.0
0.0
0.0
0.0
0.0
0.0
0.0
0.0
0.0
0.0
0.0
0.0
0.0
0.0
0.0
1.0
0.0
0.0
0.0
0.0
0.0
0.0
0.0
0.0
0.0
0.0
0.0
0.0
0.0
0.0
0.0
1.0
0.0
0.0
0.0
0.0
0.0
0.0
0.0
0.0
0.0
0.0
0.0
0.0
0.0
0.0
0.0
0.0
0.0
0.0
0.0
0.0
0.0
0.0
0.0
0.0
0.0
0.0
0.0
0.0
0.0
1.0
0.0
0.0
0.0
0.0
0.0
0.0
1.0
0.0
0.0
-1.0
0.0
0.0
0.0
0.0
0.0
0.0
0.0
0.0
0.0
0.0
0.0
0.0
0.0
0.0
0.0
0.0
0.0
0.0
0.0
0.0
0.0
0.0
0.0
0.0
0.0
0.0
0.0
0.0
0.0
0.0
0.0
0.0
0.0
0.0
0.0
0.0
0.0
0.0
0.0
0.0
0.0
0.0
0.0
0.0
1.0
0.0
0.0
0.0
0.0
0.0
0.0
0.0
0.0
0.0
0.0
0.0
0.0
0.0
0.0
0.0
0.0
0.0
0.0
0.0
0.0
0.0
0.0
0.0
0.0
0.0
0.0
0.0
0.0
0.0
0.0
0.0
0.0
0.0
0.0
0.0
0.0
0.0
0.0
0.0
0.0
0.0
0.0
0.0
0.0
0.0
0.0
0.0
-1.0
0.0
0.0
0.0
0.0
0.0
0.0
0.0
0.0
0.0
0.0
0.0
0.0
0.0
0.0
0.0
0.0
0.0
0.0
0.0
0.0
0.0
0.0
0.0
0.0
0.0
0.0
0.0
0.0
0.0
0.0
0.0
0.0
0.0
0.0
0.0
0.0
0.0
0.0
0.0
0.0
0.0
0.0
0.0
0.0
0.0
0.0
0.0
0.0
0.0
0.0
0.0
0.0
0.0
0.0
0.0
0.0
-1.0
0.0
0.0
0.0
0.0
0.0
0.0
0.0
0.0
0.0
0.0
0.0
0.0
0.0
0.0
0.0
0.0
0.0
0.0
0.0
0.0
0.0
0.0
0.0
0.0
0.0
0.0
0.0
0.0
0.0
0.0
0.0
0.0
0.0
0.0
0.0
0.0
0.0
0.0
0.0
0.0
0.0
0.0
0.0
0.0
0.0
0.0
0.0
0.0
0.0
0.0
0.0
0.0
0.0
0.0
0.0
0.0
0.0
0.0
0.0
0.0
0.0
0.0
0.0
0.0
0.0
0.0
0.0
0.0
0.0
0.0
0.0
0.0
0.0
0.0
0.0
0.0
0.0
0.0
0.0
0.0
0.0
0.0
0.0
0.0
0.0
0.0
0.0
0.0
0.0
0.0
0.0
0.0
0.0
0.0
0.0
0.0
0.0
0.0
0.0
0.0
0.0
0.0
0.0
0.0
0.0
0.0
0.0
0.0
0.0
0.0
0.0
0.0
0.0
0.0
0.0
0.0
0.0
0.0
0.0
0.0
0.0
0.0
0.0
0.0
0.0
0.0
0.0
0.0
0.0
0.0
0.0
0.0
0.0
0.0
0.0
0.0
100.0
184468.0
1936.0
192512.0
0.0
0.0
0.0
0.0
0.0
0.0
0.0
0.0
0.0
0.0
0.0
0.0
0.0
0.0
0.0
0.0
0.0
0.0
148.0
184320.0
0.0
0.0
0.0
0.0
