0.004399835
0.0006940216
0.00070384267
0.0006776532
0.00065801106
0.00068420055
0.0005401583
0.00050742144
0.00074640056
0.00055325305
0.0005205162
0.00049105304
0.0005139688
0.00051069516
0.00043212666
0.0007202111
0.000543432
0.00048123195
0.0005139688
0.0005499794
0.00055652676
0.00041575823
0.00055325305
0.00045176878
0.00055652676
0.00044194772
0.0005041478
0.00052706356
0.0005041478
0.00053688465
0.00053361093
0.0005598004
0.00053688465
0.0005205162
0.0004943267
0.00043540035
0.0012767379
0.0003993898
0.0004714109
0.00051724253
0.00049105304
0.0006514637
0.00043867403
0.00056307414
0.00055652676
0.0005663478
0.0004976004
0.00045831615
0.12297931
0.018267171
0.12302842
0.018126404
0.12327395
0.017710645
0.12327395
0.018162414
0.12323467
0.01797254
0.0005205162
0.000605632
0.000595811
0.00050087407
0.00046486352
0.00048123195
0.00053688465
0.00050087407
0.00051069516
0.0005663478
0.0007202111
0.0005303373
0.00045504246
0.0004681372
0.00063509523
0.0004484951
0.00048450564
0.00051069516
0.00063836895
0.00048777933
0.0005041478
0.00049105304
0.00060235837
0.00050742144
0.00046158984
0.0005205162
0.0006121794
0.00049105304
0.00052706356
0.00048777933
0.0005205162
0.0004714109
0.00048450564
0.0005139688
0.0005401583
0.00049105304
0.00048123195
0.0005237899
0.00062854786
0.008419923
0.0065899314
0.007919048
0.0060235835
0.0075687636
0.006586658
0.0077586374
0.006292026
0.008590154
0.006612847
0.007804469
0.0060988786
0.007820838
0.0066750473
0.0076767956
0.0063935104
0.008750564
0.0066815945
0.0078011956
0.0062560155
0.0077095325
0.0064819
0.008043448
0.0064262473
0.0003928424
0.0005041478
0.00043867403
0.0005467057
0.0004943267
0.0005139688
0.00055325305
0.000543432
0.000543432
0.00048777933
0.0005925373
0.00055325305
0.0005139688
0.0005237899
0.00044194772
0.00048450564
0.00087734807
0.0005467057
0.00080532697
0.0004452214
0.00060890574
0.00047468458
0.0005139688
0.00055652676
0.0005892636
0.0004714109
0.00049105304
0.00055325305
0.00050087407
0.00047795827
0.0005237899
0.0005303373
0.0004714109
0.00048777933
0.00047795827
0.00046158984
0.00048450564
0.00051069516
0.0005303373
0.0005499794
0.00048777933
0.00053688465
0.0005041478
0.00049105304
0.00051069516
0.0004714109
0.00045176878
0.00045831615
0.0005237899
0.0005139688
0.00050742144
0.00045831615
0.00048123195
0.00052706356
0.000543432
0.00046486352
0.00050742144
0.0005696215
0.00048450564
0.00045831615
0.00045504246
0.0006220005
0.0005041478
0.0005663478
0.00048777933
0.00046158984
0.00052706356
0.00055325305
0.00046158984
0.0004943267
0.000543432
0.00056307414
0.00078241114
0.0005467057
0.00048777933
0.00057289517
0.00048777933
0.0005663478
0.0007693164
0.00053361093
0.0004714109
0.0005041478
0.00052706356
0.00043212666
0.0005401583
0.0005401583
0.0004681372
0.00050742144
0.0005139688
0.00055325305
0.00055652676
0.00045831615
0.00049105304
0.0005205162
0.00049105304
0.0005041478
0.00038302134
0.00047795827
0.0005205162
0.0004484951
0.00051069516
0.00050742144
0.00051069516
0.00057944254
0.00046486352
0.0005303373
0.00044194772
0.0004976004
0.00047468458
0.00050742144
0.00050742144
0.0006416426
0.0005139688
0.00056307414
0.00048777933
0.00052706356
0.00047795827
0.00050742144
0.00050742144
0.0005598004
0.00051069516
0.0005237899
0.00046158984
0.0004943267
0.00048777933
0.00051069516
0.00050087407
0.00047795827
0.0005139688
0.0005139688
0.00052706356
0.00043212666
0.0005303373
0.00051724253
0.0007693164
0.0
0.0
0.0
0.4812431
0.0
0.0
0.00016111638
7.7270095e-05
0.0
0.0
0.0
0.0
0.0
0.0
0.0
0.0
0.0
0.0
0.0
0.012494739
0.0
0.0
0.0006230929
0.0003501815
0.0
0.0
0.0
0.0
0.0
0.0
0.0
0.0
0.0
0.0
0.0
0.017985849
0.0
0.0
0.0013908617
0.0008253104
0.0
0.0
0.0
0.0
0.0
0.0
0.0
0.0
0.0
0.0
0.0
0.029998882
0.0
0.0
0.004453717
0.002584438
0.0
0.0
0.0
0.0
0.0
0.0
0.0
0.0
0.0
0.0
0.0
0.009622593
0.0
0.0
0.0023674243
0.0014779961
0.0
0.0
0.0
0.0
0.0
0.0
0.0
0.0
0.0
0.0
0.0
0.14015809
0.0
0.0
0.08165312
0.047549058
0.0
0.0
0.0
0.0
0.0
0.0
0.0
0.0
0.0
0.0
0.0
0.0097130155
0.0
0.0
0.008557253
0.0052987556
0.0
0.0
0.0
0.0
0.0
0.0
0.0
0.0
0.0
0.0
0.0
0.0
0.0
0.0
0.0
0.0
0.0
0.0
0.0
0.0
0.0
0.0
0.0
0.0
0.0005491109
3.2880891e-06
8.220223e-06
0.0011919324
4.4389206e-05
2.9592804e-05
0.00082037825
0.00070200703
3.2880891e-06
3.2880891e-06
1.6440446e-06
3.2880891e-06
1.6440446e-06
1.6440446e-06
1.6440446e-06
1.6440446e-06
0.0
0.0
0.0
0.0
0.0
0.0
0.0
0.0
0.0
0.0
0.0
0.0
0.0
0.0
0.0
0.0
0.0
0.0
0.0
0.0
0.0
0.0
0.0
0.0
0.0
0.0
0.0
0.0
0.0
0.0
0.0
0.0
0.0
0.0
0.0
0.0
0.0
0.0
0.0
0.0
0.0
0.0
0.0
0.0
0.0
0.0
0.0
0.0
0.0010061553
4.7677295e-05
0.0001956413
4.9321337e-05
0.00017262468
0.0001068629
0.0006033644
0.0005721275
0.00022687815
1.9728535e-05
1.9728535e-05
3.945707e-05
0.00011179503
3.2880893e-05
6.904987e-05
9.371054e-05
0.0018216014
0.00013152357
0.00074475224
0.00020386153
0.0005129419
0.00024496263
0.000332097
0.0002877078
0.00088942813
9.699863e-05
7.069392e-05
0.00015947233
0.00055568706
0.00010521885
0.00028113162
0.00029592804
0.00089764834
0.00018742109
0.00014303188
0.00018248895
0.00017262468
0.00017755682
0.00016440447
0.00017262468
0.00014138783
0.0001660485
0.00015782828
0.00016276042
0.0001660485
0.00014960807
0.00015289614
0.00017262468
0.008340239
0.007824008
0.007781263
0.0077878395
0.007559317
0.0076497397
0.007710569
0.0078930585
0.0076744
0.0078108557
0.007745094
0.007781263
0.007930871
0.0076480955
0.007702349
0.007740162
212.0
1246.316
264219.0
4.9201608e-05
5.677109e-05
3.0277914e-05
4.541687e-05
0.000121111654
3.0277914e-05
3.0277914e-05
4.163213e-05
3.4062654e-05
9.8403216e-05
3.4062654e-05
3.7847392e-05
6.4340566e-05
2.6493175e-05
6.812531e-05
3.4062654e-05
0.1416855
0.020535994
0.14171956
0.020384606
0.14196935
0.019953145
0.14192015
0.020509502
0.14195421
0.020176444
3.0277914e-05
4.9201608e-05
4.9201608e-05
6.0555827e-05
3.7847392e-05
3.4062654e-05
4.9201608e-05
5.298635e-05
7.947952e-05
3.0277914e-05
7.191004e-05
3.4062654e-05
4.541687e-05
2.6493175e-05
7.5694785e-05
4.9201608e-05
3.0277914e-05
4.9201608e-05
4.9201608e-05
5.298635e-05
3.7847392e-05
6.0555827e-05
5.298635e-05
4.163213e-05
3.7847392e-05
4.9201608e-05
5.298635e-05
4.163213e-05
4.541687e-05
3.0277914e-05
4.163213e-05
3.0277914e-05
3.4062654e-05
5.298635e-05
6.0555827e-05
3.7847392e-05
2.2708435e-05
3.4062654e-05
5.298635e-05
0.009227194
0.0070471843
0.008576219
0.006358362
0.008171252
0.0068617323
0.008504309
0.0067671137
0.009378584
0.0071569416
0.008523232
0.0064037787
0.008474031
0.007243991
0.008371843
0.006888225
0.009541327
0.007138018
0.008436183
0.006589231
0.008333996
0.0069260728
0.008697331
0.0067254817
3.0277914e-05
3.4062654e-05
4.9201608e-05
3.7847392e-05
3.4062654e-05
6.0555827e-05
2.6493175e-05
3.9139533
0.0
0.0
0.0
2.0
305466.0
159744.0
0.0
0.0
4.0
0.0
0.0
0.0
0.0
0.0
1422331000.0
0.0
0.0
0.0
0.0
0.0
1.0
0.0
0.0
0.0
0.0
0.0
0.0
-1.0
0.0
-1.0
-1.0
1.0
0.0
0.0
0.0
0.0
0.0
0.0
0.0
0.0
0.0
0.0
0.0
-1.0
0.0
0.0
0.0
0.0
0.0
0.0
0.0
0.0
0.0
0.0
0.0
0.0
-1.0
0.0
0.0
0.0
0.0
0.0
0.0
0.0
0.0
0.0
0.0
6.0
0.0
4.0
0.0
4.0
0.0
45056.0
512.0
4096.0
3.0
1.0
0.0
2.0
3.0
0.0
0.0
0.0
0.0
0.0
0.0
0.0
0.0
0.0
0.0
0.0
0.0
0.0
0.0
0.0
0.0
0.0
0.0
0.0
0.0
0.0
0.0
0.0
-512.0
0.0
0.0
0.0
0.0
-41472.0
0.0
0.0
0.0
0.0
0.0
0.0
0.0
0.0
0.0
0.0
0.0
0.0
0.0
0.0
0.0
0.0
0.0
0.0
0.0
0.0
0.0
0.0
0.0
0.0
0.0
0.0
0.0
0.0
0.0
0.0
0.0
0.0
0.0
0.0
0.0
0.0
0.0
0.0
0.0
0.0
0.0
0.0
0.0
0.0
-2.930241
0.0
0.0
0.0
0.0
-7.972445
0.0
0.0
0.0
0.0
0.0
0.0
0.0
0.0
0.0
0.0
0.0
0.0
0.0
0.0
0.0
0.0
0.0
0.0
0.0
0.0
0.0
0.0
0.0
0.0
0.0
0.0
0.0
0.0
0.0
0.0
0.0
0.0
0.0
0.0
0.0
0.0
0.0
0.0
0.0
0.0
0.0
0.0
0.0
0.0
-4096.0
0.0
0.0
0.0
0.0
-45056.0
0.0
0.0
0.0
0.0
0.0
106496.0
0.0
0.0
0.0
0.0
0.0
0.0
0.0
0.0
0.0
0.0
0.0
0.0
0.0
0.0
0.0
0.0
0.0
0.0
0.0
0.0
0.0
0.0
0.0
0.0
0.0
0.0
0.0
1.0
0.0
0.0
0.0
0.0
0.0
0.0
0.0
-1.0
0.0
0.0
0.0
0.0
0.0
0.0
0.0
0.0
0.0
0.0
-1.0
0.0
0.0
0.0
0.0
0.0
0.0
0.0
-1.0
0.0
0.0
0.0
0.0
0.0
0.0
0.0
0.0
0.0
0.0
0.0
0.0
0.0
0.0
0.0
0.0
0.0
0.0
0.0
0.0
0.0
0.0
0.0
-1.0
0.0
0.0
0.0
0.0
0.0
0.0
0.0
0.0
0.0
1.0
0.0
0.0
0.0
0.0
0.0
0.0
0.0
0.0
0.0
0.0
0.0
0.0
0.0
1.0
0.0
0.0
0.0
0.0
0.0
0.0
0.0
0.0
0.0
-1.0
0.0
0.0
0.0
0.0
0.0
0.0
0.0
0.0
0.0
0.0
0.0
0.0
0.0
0.0
0.0
0.0
0.0
0.0
0.0
0.0
0.0
0.0
0.0
0.0
0.0
0.0
0.0
0.0
0.0
0.0
0.0
0.0
-1.0
0.0
0.0
0.0
0.0
0.0
0.0
0.0
0.0
0.0
0.0
0.0
0.0
0.0
0.0
0.0
0.0
0.0
0.0
0.0
0.0
0.0
0.0
0.0
0.0
0.0
0.0
0.0
0.0
0.0
0.0
0.0
0.0
0.0
0.0
0.0
0.0
0.0
-1.0
0.0
0.0
0.0
0.0
0.0
0.0
0.0
0.0
0.0
0.0
0.0
0.0
0.0
0.0
0.0
0.0
0.0
0.0
0.0
0.0
0.0
0.0
0.0
0.0
0.0
0.0
0.0
0.0
0.0
0.0
0.0
0.0
0.0
0.0
0.0
0.0
0.0
0.0
0.0
0.0
0.0
0.0
0.0
0.0
0.0
0.0
0.0
0.0
1.0
0.0
0.0
0.0
0.0
0.0
0.0
0.0
0.0
0.0
0.0
0.0
0.0
0.0
0.0
0.0
0.0
0.0
0.0
0.0
0.0
0.0
0.0
0.0
0.0
0.0
0.0
0.0
0.0
0.0
0.0
0.0
0.0
0.0
0.0
0.0
0.0
0.0
0.0
0.0
0.0
0.0
0.0
0.0
0.0
0.0
0.0
0.0
0.0
0.0
0.0
0.0
0.0
0.0
0.0
0.0
0.0
0.0
0.0
0.0
0.0
0.0
0.0
0.0
0.0
0.0
0.0
0.0
0.0
0.0
0.0
0.0
0.0
0.0
0.0
0.0
0.0
0.0
0.0
0.0
0.0
0.0
0.0
0.0
1.0
0.0
0.0
0.0
0.0
0.0
0.0
0.0
0.0
0.0
0.0
0.0
0.0
0.0
0.0
0.0
0.0
0.0
0.0
0.0
0.0
0.0
0.0
0.0
0.0
0.0
0.0
0.0
0.0
0.0
0.0
0.0
0.0
0.0
0.0
0.0
0.0
0.0
0.0
0.0
0.0
0.0
0.0
0.0
0.0
0.0
0.0
0.0
0.0
0.0
0.0
0.0
0.0
0.0
0.0
0.0
0.0
0.0
0.0
0.0
0.0
0.0
0.0
0.0
0.0
0.0
0.0
0.0
0.0
0.0
0.0
0.0
0.0
0.0
0.0
0.0
0.0
0.0
0.0
0.0
0.0
0.0
0.0
0.0
0.0
0.0
0.0
0.0
0.0
0.0
0.0
0.0
0.0
0.0
0.0
0.0
0.0
0.0
0.0
0.0
0.0
0.0
0.0
0.0
0.0
0.0
0.0
0.0
0.0
0.0
0.0
0.0
0.0
0.0
0.0
0.0
0.0
0.0
0.0
0.0
0.0
0.0
0.0
0.0
0.0
0.0
0.0
0.0
0.0
0.0
0.0
0.0
0.0
0.0
0.0
0.0
0.0
0.0
0.0
0.0
0.0
0.0
0.0
0.0
0.0
0.0
0.0
0.0
0.0
0.0
0.0
0.0
0.0
0.0
0.0
0.0
0.0
0.0
0.0
0.0
0.0
0.0
0.0
0.0
0.0
0.0
0.0
0.0
0.0
0.0
0.0
0.0
0.0
0.0
0.0
0.0
0.0
0.0
0.0
0.0
0.0
0.0
0.0
0.0
0.0
0.0
0.0
0.0
0.0
0.0
0.0
0.0
0.0
0.0
0.0
0.0
0.0
0.0
0.0
0.0
0.0
0.0
0.0
0.0
0.0
0.0
0.0
0.0
0.0
0.0
0.0
0.0
0.0
0.0
0.0
0.0
0.0
0.0
0.0
0.0
0.0
0.0
0.0
0.0
0.0
0.0
0.0
0.0
0.0
0.0
0.0
0.0
0.0
0.0
0.0
0.0
0.0
0.0
0.0
0.0
0.0
0.0
0.0
0.0
0.0
0.0
0.0
0.0
0.0
0.0
0.0
0.0
0.0
0.0
0.0
0.0
0.0
0.0
0.0
0.0
0.0
0.0
0.0
0.0
0.0
0.0
0.0
0.0
0.0
0.0
0.0
0.0
0.0
0.0
0.0
0.0
0.0
0.0
0.0
0.0
0.0
0.0
0.0
0.0
0.0
0.0
0.0
0.0
0.0
0.0
0.0
0.0
0.0
0.0
0.0
0.0
0.0
0.0
0.0
0.0
0.0
0.0
0.0
-1.0
0.0
0.0
0.0
0.0
0.0
0.0
0.0
0.0
0.0
0.0
0.0
0.0
0.0
0.0
0.0
0.0
0.0
0.0
0.0
0.0
0.0
0.0
0.0
0.0
0.0
0.0
0.0
0.0
0.0
0.0
0.0
0.0
0.0
0.0
0.0
0.0
0.0
0.0
0.0
0.0
0.0
0.0
0.0
0.0
0.0
0.0
0.0
0.0
0.0
0.0
0.0
0.0
0.0
0.0
0.0
0.0
0.0
0.0
0.0
0.0
0.0
0.0
0.0
0.0
0.0
0.0
0.0
0.0
0.0
0.0
0.0
0.0
0.0
0.0
0.0
0.0
0.0
0.0
0.0
0.0
0.0
0.0
0.0
0.0
0.0
0.0
0.0
0.0
0.0
0.0
0.0
0.0
0.0
0.0
0.0
0.0
0.0
0.0
0.0
0.0
0.0
0.0
0.0
0.0
0.0
0.0
0.0
0.0
0.0
0.0
0.0
0.0
0.0
0.0
0.0
0.0
0.0
0.0
0.0
0.0
0.0
0.0
0.0
0.0
0.0
0.0
0.0
0.0
0.0
-1.0
0.0
0.0
0.0
0.0
0.0
0.0
0.0
0.0
0.0
0.0
0.0
0.0
0.0
0.0
0.0
0.0
0.0
0.0
0.0
0.0
0.0
0.0
0.0
0.0
0.0
0.0
0.0
0.0
0.0
0.0
0.0
0.0
0.0
0.0
0.0
0.0
0.0
0.0
0.0
0.0
0.0
0.0
0.0
0.0
0.0
0.0
0.0
0.0
0.0
0.0
0.0
0.0
0.0
0.0
0.0
0.0
0.0
0.0
0.0
0.0
0.0
0.0
0.0
0.0
0.0
0.0
0.0
0.0
0.0
0.0
0.0
0.0
0.0
0.0
0.0
0.0
0.0
0.0
0.0
0.0
0.0
0.0
0.0
0.0
0.0
0.0
0.0
0.0
0.0
0.0
0.0
0.0
0.0
0.0
0.0
0.0
0.0
0.0
0.0
0.0
0.0
0.0
0.0
0.0
0.0
0.0
0.0
0.0
0.0
0.0
0.0
0.0
0.0
0.0
0.0
0.0
0.0
0.0
0.0
0.0
0.0
0.0
0.0
0.0
0.0
0.0
0.0
0.0
0.0
0.0
0.0
0.0
0.0
0.0
0.0
0.0
0.0
0.0
0.0
0.0
0.0
0.0
0.0
0.0
0.0
0.0
0.0
0.0
0.0
0.0
0.0
0.0
0.0
0.0
0.0
0.0
0.0
0.0
1.0
0.0
0.0
0.0
0.0
0.0
0.0
0.0
0.0
0.0
0.0
0.0
0.0
0.0
0.0
0.0
0.0
0.0
0.0
0.0
0.0
0.0
0.0
0.0
0.0
0.0
0.0
0.0
0.0
0.0
0.0
0.0
0.0
0.0
0.0
0.0
0.0
0.0
0.0
0.0
0.0
0.0
0.0
0.0
0.0
0.0
0.0
0.0
0.0
0.0
0.0
0.0
0.0
0.0
0.0
0.0
0.0
0.0
0.0
0.0
0.0
0.0
0.0
0.0
0.0
0.0
0.0
0.0
0.0
0.0
0.0
0.0
0.0
0.0
0.0
0.0
0.0
0.0
0.0
0.0
0.0
0.0
0.0
0.0
0.0
0.0
0.0
0.0
0.0
0.0
0.0
0.0
0.0
0.0
0.0
0.0
0.0
0.0
0.0
0.0
0.0
0.0
0.0
0.0
0.0
0.0
0.0
0.0
0.0
0.0
0.0
0.0
0.0
0.0
0.0
0.0
0.0
0.0
0.0
0.0
0.0
0.0
0.0
0.0
0.0
0.0
0.0
0.0
0.0
0.0
0.0
0.0
0.0
0.0
0.0
0.0
0.0
0.0
0.0
0.0
0.0
0.0
0.0
0.0
0.0
0.0
0.0
0.0
0.0
0.0
0.0
0.0
0.0
0.0
0.0
0.0
0.0
0.0
0.0
0.0
0.0
0.0
0.0
0.0
0.0
0.0
0.0
0.0
0.0
0.0
0.0
0.0
0.0
0.0
0.0
0.0
0.0
0.0
0.0
0.0
0.0
0.0
0.0
0.0
0.0
0.0
0.0
0.0
0.0
0.0
0.0
0.0
0.0
0.0
0.0
0.0
0.0
0.0
0.0
0.0
0.0
0.0
0.0
0.0
0.0
1.0
0.0
0.0
0.0
0.0
0.0
0.0
0.0
0.0
0.0
0.0
0.0
0.0
0.0
0.0
0.0
0.0
0.0
0.0
0.0
0.0
0.0
0.0
0.0
0.0
0.0
0.0
0.0
0.0
0.0
0.0
0.0
0.0
0.0
0.0
0.0
0.0
0.0
0.0
0.0
0.0
0.0
0.0
0.0
0.0
0.0
0.0
0.0
0.0
0.0
0.0
0.0
0.0
0.0
0.0
0.0
0.0
0.0
0.0
0.0
0.0
0.0
0.0
0.0
0.0
0.0
0.0
0.0
0.0
0.0
0.0
0.0
0.0
0.0
0.0
0.0
0.0
0.0
0.0
0.0
0.0
0.0
0.0
0.0
0.0
0.0
0.0
0.0
0.0
0.0
0.0
0.0
0.0
0.0
0.0
0.0
0.0
0.0
0.0
0.0
0.0
0.0
0.0
0.0
0.0
0.0
0.0
0.0
0.0
0.0
0.0
0.0
0.0
0.0
0.0
0.0
0.0
0.0
0.0
0.0
0.0
0.0
0.0
0.0
0.0
0.0
0.0
0.0
0.0
0.0
0.0
0.0
0.0
0.0
0.0
0.0
0.0
0.0
0.0
0.0
0.0
0.0
0.0
0.0
0.0
0.0
0.0
0.0
0.0
0.0
0.0
0.0
0.0
0.0
0.0
0.0
0.0
0.0
0.0
0.0
0.0
0.0
0.0
0.0
0.0
0.0
0.0
0.0
0.0
0.0
0.0
0.0
0.0
0.0
0.0
0.0
0.0
0.0
0.0
0.0
0.0
0.0
0.0
0.0
0.0
0.0
0.0
0.0
0.0
0.0
0.0
0.0
0.0
0.0
0.0
0.0
0.0
0.0
0.0
0.0
0.0
0.0
0.0
0.0
0.0
0.0
0.0
0.0
0.0
0.0
0.0
0.0
0.0
0.0
0.0
0.0
0.0
0.0
0.0
0.0
0.0
0.0
0.0
0.0
0.0
0.0
0.0
0.0
0.0
0.0
0.0
0.0
0.0
0.0
0.0
0.0
0.0
0.0
0.0
0.0
0.0
0.0
0.0
0.0
0.0
0.0
0.0
0.0
0.0
0.0
0.0
0.0
0.0
0.0
0.0
0.0
0.0
0.0
0.0
0.0
0.0
0.0
0.0
0.0
0.0
0.0
0.0
0.0
0.0
0.0
0.0
0.0
0.0
0.0
0.0
0.0
0.0
0.0
0.0
0.0
0.0
0.0
0.0
0.0
0.0
0.0
0.0
0.0
0.0
0.0
0.0
0.0
0.0
0.0
0.0
0.0
0.0
0.0
0.0
0.0
0.0
0.0
0.0
0.0
0.0
0.0
0.0
0.0
0.0
0.0
0.0
0.0
0.0
0.0
0.0
0.0
0.0
0.0
0.0
0.0
0.0
0.0
0.0
0.0
0.0
0.0
0.0
0.0
0.0
0.0
0.0
0.0
0.0
0.0
0.0
0.0
0.0
0.0
0.0
0.0
0.0
0.0
0.0
0.0
0.0
0.0
0.0
0.0
0.0
0.0
0.0
0.0
0.0
0.0
0.0
0.0
0.0
0.0
0.0
0.0
0.0
0.0
0.0
0.0
0.0
0.0
0.0
0.0
0.0
0.0
0.0
0.0
0.0
0.0
0.0
0.0
0.0
0.0
0.0
0.0
0.0
0.0
0.0
0.0
0.0
0.0
0.0
0.0
0.0
0.0
0.0
0.0
0.0
0.0
0.0
0.0
0.0
0.0
0.0
0.0
0.0
0.0
0.0
0.0
0.0
0.0
0.0
0.0
0.0
0.0
0.0
0.0
100.0
155648.0
0.0
0.0
0.0
0.0
0.0
0.0
0.0
0.0
0.0
0.0
0.0
0.0
0.0
0.0
0.0
0.0
0.0
0.0
0.0
0.0
0.0
0.0
0.0
0.0
0.0
0.0
