0.005333693
0.0008413266
0.00085323217
0.00082148396
0.00079767284
0.00082942104
0.0006548061
0.00061512087
0.00090482295
0.00067068014
0.00063099497
0.0005952783
0.0006230579
0.0006190894
0.00052384485
0.00087307475
0.0006587746
0.00058337266
0.0006230579
0.00066671165
0.0006746487
0.00050400227
0.00067068014
0.000547656
0.0006746487
0.0005357504
0.0006111523
0.000638932
0.0006111523
0.00065083755
0.000646869
0.0006786172
0.00065083755
0.00063099497
0.00059924676
0.0005278134
0.0015477234
0.00048415965
0.0005714671
0.0006270264
0.0005952783
0.0007897358
0.00053178193
0.00068258576
0.0006746487
0.00068655424
0.0006032153
0.00055559305
0.13954513
0.009103789
0.13949354
0.0090641035
0.13970783
0.008706937
0.13948956
0.00907204
0.1398507
0.008889489
0.00063099497
0.0007341765
0.0007222709
0.00060718384
0.0005635301
0.00058337266
0.00065083755
0.00060718384
0.0006190894
0.00068655424
0.00087307475
0.00064290053
0.0005516245
0.0005674986
0.00076989323
0.0005436875
0.0005873412
0.0006190894
0.0007738617
0.00059130974
0.0006111523
0.0005952783
0.000730208
0.00061512087
0.00055956154
0.00063099497
0.00074211357
0.0005952783
0.000638932
0.00059130974
0.00063099497
0.0005714671
0.0005873412
0.0006230579
0.0006548061
0.0005952783
0.00058337266
0.00063496345
0.00076195615
0.0048654075
0.005266228
0.0040201126
0.0048415964
0.0036867566
0.0053535355
0.0038137494
0.004901124
0.0048574707
0.0051074876
0.0038018438
0.004817785
0.0038970883
0.005282102
0.0038058122
0.005409095
0.0051154243
0.005028117
0.0039605848
0.0049328725
0.0036907252
0.0050400225
0.0038931197
0.00502018
0.0004762226
0.0006111523
0.00053178193
0.0006627431
0.00059924676
0.0006230579
0.00067068014
0.0006587746
0.0006587746
0.00059130974
0.00071830244
0.00067068014
0.0006230579
0.00063496345
0.0005357504
0.0005873412
0.0010635639
0.0006627431
0.0009762563
0.00053971895
0.000738145
0.00057543564
0.0006230579
0.0006746487
0.0007143339
0.0005714671
0.0005952783
0.00067068014
0.00060718384
0.0005794042
0.00063496345
0.00064290053
0.0005714671
0.00059130974
0.0005794042
0.00055956154
0.0005873412
0.0006190894
0.00064290053
0.00066671165
0.00059130974
0.00065083755
0.0006111523
0.0005952783
0.0006190894
0.0005714671
0.000547656
0.00055559305
0.00063496345
0.0006230579
0.00061512087
0.00055559305
0.00058337266
0.000638932
0.0006587746
0.0005635301
0.00061512087
0.0006905228
0.0005873412
0.00055559305
0.0005516245
0.0007540191
0.0006111523
0.00068655424
0.00059130974
0.00055956154
0.000638932
0.00067068014
0.00055956154
0.00059924676
0.0006587746
0.00068258576
0.00094847666
0.0006627431
0.00059130974
0.0006944913
0.00059130974
0.00068655424
0.0009326026
0.000646869
0.0005714671
0.0006111523
0.000638932
0.00052384485
0.0006548061
0.0006548061
0.0005674986
0.00061512087
0.0006230579
0.00067068014
0.0006746487
0.00055559305
0.0005952783
0.00063099497
0.0005952783
0.0006111523
0.00046431704
0.0005794042
0.00063099497
0.0005436875
0.0006190894
0.00061512087
0.0006190894
0.00070242834
0.0005635301
0.00064290053
0.0005357504
0.0006032153
0.00057543564
0.00061512087
0.00061512087
0.00077783025
0.0006230579
0.00068258576
0.00059130974
0.000638932
0.0005794042
0.00061512087
0.00061512087
0.0006786172
0.0006190894
0.00063496345
0.00055956154
0.00059924676
0.00059130974
0.0006190894
0.00060718384
0.0005794042
0.0006230579
0.0006230579
0.000638932
0.00052384485
0.00064290053
0.0006270264
0.0009326026
0.0
0.0
0.0
0.57522124
0.0
0.0
0.0001953125
9.367028e-05
0.0
0.0
0.0
0.0
0.0
0.0
0.0
0.0
0.0
0.0
0.0
0.015146684
0.0
0.0
0.0007553412
0.00042450574
0.0
0.0
0.0
0.0
0.0
0.0
0.0
0.0
0.0
0.0
0.0
0.021803252
0.0
0.0
0.0016860651
0.0010004783
0.0
0.0
0.0
0.0
0.0
0.0
0.0
0.0
0.0
0.0
0.0
0.029994419
0.0
0.0
0.0042570154
0.002483259
0.0
0.0
0.0
0.0
0.0
0.0
0.0
0.0
0.0
0.0
0.0
0.011664939
0.0
0.0
0.002869898
0.0017916933
0.0
0.0
0.0
0.0
0.0
0.0
0.0
0.0
0.0
0.0
0.0
0.07724809
0.0
0.0
0.041055486
0.02455357
0.0
0.0
0.0
0.0
0.0
0.0
0.0
0.0
0.0
0.0
0.0
0.0063217473
0.0
0.0
0.00607661
0.003928173
0.0
0.0
0.0
0.0
0.0
0.0
0.0
0.0
0.0
0.0
0.0
0.0
0.0
0.0
0.0
0.0
0.0
0.0
0.0
0.0
0.0
0.0
0.0
0.0
0.0006656569
3.985969e-06
9.964923e-06
0.0014449139
5.3810585e-05
3.5873723e-05
0.0009944993
0.00085100444
3.985969e-06
3.985969e-06
1.9929846e-06
3.985969e-06
1.9929846e-06
1.9929846e-06
1.9929846e-06
1.9929846e-06
0.0
0.0
0.0
0.0
0.0
0.0
0.0
0.0
0.0
0.0
0.0
0.0
0.0
0.0
0.0
0.0
0.0
0.0
0.0
0.0
0.0
0.0
0.0
0.0
0.0
0.0
0.0
0.0
0.0
0.0
0.0
0.0
0.0
0.0
0.0
0.0
0.0
0.0
0.0
0.0
0.0
0.0
0.0
0.0
0.0
0.0
0.0
0.0
0.0012197066
5.7796555e-05
0.00023716518
5.978954e-05
0.0002092634
0.000129544
0.00073142536
0.00069355866
0.0002750319
2.3915816e-05
2.3915816e-05
4.7831632e-05
0.00013552296
3.9859693e-05
8.370536e-05
0.00011360013
0.002208227
0.00015943877
0.00090282207
0.0002471301
0.0006218112
0.0002969547
0.0004025829
0.00034877233
0.0010782047
0.000117586096
8.569834e-05
0.00019331952
0.0006736288
0.00012755101
0.00034080038
0.00035873725
0.0010881696
0.00022720026
0.00017338966
0.0002212213
0.0002092634
0.00021524234
0.00019929848
0.0002092634
0.00017139668
0.00020129145
0.00019132653
0.00019730549
0.00020129145
0.00018136161
0.00018534757
0.0002092634
0.010110412
0.009484614
0.009432796
0.0094407685
0.009163744
0.009273358
0.009347098
0.00956832
0.009303252
0.00946867
0.009388951
0.009432796
0.009614158
0.009271365
0.009337134
0.009382972
212.0
994.0377
210736.0
6.168856e-05
7.117911e-05
3.796219e-05
5.6943285e-05
0.00015184876
3.796219e-05
3.796219e-05
5.219801e-05
4.2707463e-05
0.00012337712
4.2707463e-05
4.7452737e-05
8.0669655e-05
3.3216915e-05
8.5414926e-05
4.2707463e-05
0.16624117
0.010154886
0.16615102
0.010121669
0.16636455
0.009756283
0.16604187
0.0102355555
0.16657335
0.009874915
3.796219e-05
6.168856e-05
6.168856e-05
7.592438e-05
4.7452737e-05
4.2707463e-05
6.168856e-05
6.643383e-05
9.9650744e-05
3.796219e-05
9.01602e-05
4.2707463e-05
5.6943285e-05
3.3216915e-05
9.4905474e-05
6.168856e-05
3.796219e-05
6.168856e-05
6.168856e-05
6.643383e-05
4.7452737e-05
7.592438e-05
6.643383e-05
5.219801e-05
4.7452737e-05
6.168856e-05
6.643383e-05
5.219801e-05
5.6943285e-05
3.796219e-05
5.219801e-05
3.796219e-05
4.2707463e-05
6.643383e-05
7.592438e-05
4.7452737e-05
2.8471643e-05
4.2707463e-05
6.643383e-05
0.0051818388
0.005580442
0.0040809354
0.0050299903
0.0036823323
0.0054570646
0.0039765392
0.0052245464
0.005115405
0.005495027
0.003919596
0.0049493206
0.003948068
0.0057228003
0.003919596
0.0058366866
0.005395376
0.0052767443
0.004005011
0.005091679
0.0036870777
0.0053147064
0.003900615
0.0051201503
3.796219e-05
4.2707463e-05
6.168856e-05
4.7452737e-05
4.2707463e-05
7.592438e-05
3.3216915e-05
3.4184558
0.0
0.0
0.0
2.0
251983.0
159744.0
0.0
0.0
4.0
0.0
0.0
0.0
0.0
0.0
1422331000.0
0.0
0.0
0.0
0.0
0.0
1.0
0.0
0.0
0.0
0.0
0.0
0.0
-1.0
0.0
-1.0
-1.0
1.0
0.0
0.0
0.0
0.0
0.0
0.0
0.0
0.0
0.0
0.0
0.0
-1.0
0.0
0.0
0.0
0.0
0.0
0.0
0.0
0.0
0.0
0.0
0.0
0.0
-1.0
0.0
0.0
0.0
0.0
0.0
0.0
0.0
0.0
0.0
0.0
6.0
0.0
4.0
0.0
4.0
0.0
45056.0
512.0
4096.0
3.0
1.0
0.0
2.0
3.0
0.0
0.0
0.0
0.0
0.0
0.0
0.0
0.0
0.0
0.0
0.0
0.0
0.0
0.0
0.0
0.0
0.0
0.0
0.0
0.0
0.0
0.0
0.0
-512.0
0.0
0.0
0.0
0.0
-41472.0
0.0
0.0
0.0
0.0
0.0
0.0
0.0
0.0
0.0
0.0
0.0
0.0
0.0
0.0
0.0
0.0
0.0
0.0
0.0
0.0
0.0
0.0
0.0
0.0
0.0
0.0
0.0
0.0
0.0
0.0
0.0
0.0
0.0
0.0
0.0
0.0
0.0
0.0
0.0
0.0
0.0
0.0
0.0
0.0
-2.930241
0.0
0.0
0.0
0.0
-7.972445
0.0
0.0
0.0
0.0
0.0
0.0
0.0
0.0
0.0
0.0
0.0
0.0
0.0
0.0
0.0
0.0
0.0
0.0
0.0
0.0
0.0
0.0
0.0
0.0
0.0
0.0
0.0
0.0
0.0
0.0
0.0
0.0
0.0
0.0
0.0
0.0
0.0
0.0
0.0
0.0
0.0
0.0
0.0
0.0
-4096.0
0.0
0.0
0.0
0.0
-45056.0
0.0
0.0
0.0
0.0
0.0
106496.0
0.0
0.0
0.0
0.0
0.0
0.0
0.0
0.0
0.0
0.0
0.0
0.0
0.0
0.0
0.0
0.0
0.0
0.0
0.0
0.0
0.0
0.0
0.0
0.0
0.0
0.0
0.0
1.0
0.0
0.0
0.0
0.0
0.0
0.0
0.0
-1.0
0.0
0.0
0.0
0.0
0.0
0.0
0.0
0.0
0.0
0.0
-1.0
0.0
0.0
0.0
0.0
0.0
0.0
0.0
-1.0
0.0
0.0
0.0
0.0
0.0
0.0
0.0
0.0
0.0
0.0
0.0
0.0
0.0
0.0
0.0
0.0
0.0
0.0
0.0
0.0
0.0
0.0
0.0
-1.0
0.0
0.0
0.0
0.0
0.0
0.0
0.0
0.0
0.0
1.0
0.0
0.0
0.0
0.0
0.0
0.0
0.0
0.0
0.0
0.0
0.0
0.0
0.0
1.0
0.0
0.0
0.0
0.0
0.0
0.0
0.0
0.0
0.0
-1.0
0.0
0.0
0.0
0.0
0.0
0.0
0.0
0.0
0.0
0.0
0.0
0.0
0.0
0.0
0.0
0.0
0.0
0.0
0.0
0.0
0.0
0.0
0.0
0.0
0.0
0.0
0.0
0.0
0.0
0.0
0.0
0.0
-1.0
0.0
0.0
0.0
0.0
0.0
0.0
0.0
0.0
0.0
0.0
0.0
0.0
0.0
0.0
0.0
0.0
0.0
0.0
0.0
0.0
0.0
0.0
0.0
0.0
0.0
0.0
0.0
0.0
0.0
0.0
0.0
0.0
0.0
0.0
0.0
0.0
0.0
-1.0
0.0
0.0
0.0
0.0
0.0
0.0
0.0
0.0
0.0
0.0
0.0
0.0
0.0
0.0
0.0
0.0
0.0
0.0
0.0
0.0
0.0
0.0
0.0
0.0
0.0
0.0
0.0
0.0
0.0
0.0
0.0
0.0
0.0
0.0
0.0
0.0
0.0
0.0
0.0
0.0
0.0
0.0
0.0
0.0
0.0
0.0
0.0
0.0
1.0
0.0
0.0
0.0
0.0
0.0
0.0
0.0
0.0
0.0
0.0
0.0
0.0
0.0
0.0
0.0
0.0
0.0
0.0
0.0
0.0
0.0
0.0
0.0
0.0
0.0
0.0
0.0
0.0
0.0
0.0
0.0
0.0
0.0
0.0
0.0
0.0
0.0
0.0
0.0
0.0
0.0
0.0
0.0
0.0
0.0
0.0
0.0
0.0
0.0
0.0
0.0
0.0
0.0
0.0
0.0
0.0
0.0
0.0
0.0
0.0
0.0
0.0
0.0
0.0
0.0
0.0
0.0
0.0
0.0
0.0
0.0
0.0
0.0
0.0
0.0
0.0
0.0
0.0
0.0
0.0
0.0
0.0
0.0
1.0
0.0
0.0
0.0
0.0
0.0
0.0
0.0
0.0
0.0
0.0
0.0
0.0
0.0
0.0
0.0
0.0
0.0
0.0
0.0
0.0
0.0
0.0
0.0
0.0
0.0
0.0
0.0
0.0
0.0
0.0
0.0
0.0
0.0
0.0
0.0
0.0
0.0
0.0
0.0
0.0
0.0
0.0
0.0
0.0
0.0
0.0
0.0
0.0
0.0
0.0
0.0
0.0
0.0
0.0
0.0
0.0
0.0
0.0
0.0
0.0
0.0
0.0
0.0
0.0
0.0
0.0
0.0
0.0
0.0
0.0
0.0
0.0
0.0
0.0
0.0
0.0
0.0
0.0
0.0
0.0
0.0
0.0
0.0
0.0
0.0
0.0
0.0
0.0
0.0
0.0
0.0
0.0
0.0
0.0
0.0
0.0
0.0
0.0
0.0
0.0
0.0
0.0
0.0
0.0
0.0
0.0
0.0
0.0
0.0
0.0
0.0
0.0
0.0
0.0
0.0
0.0
0.0
0.0
0.0
0.0
0.0
0.0
0.0
0.0
0.0
0.0
0.0
0.0
0.0
0.0
0.0
0.0
0.0
0.0
0.0
0.0
0.0
0.0
0.0
0.0
0.0
0.0
0.0
0.0
0.0
0.0
0.0
0.0
0.0
0.0
0.0
0.0
0.0
0.0
0.0
0.0
0.0
0.0
0.0
0.0
0.0
0.0
0.0
0.0
0.0
0.0
0.0
0.0
0.0
0.0
0.0
0.0
0.0
0.0
0.0
0.0
0.0
0.0
0.0
0.0
0.0
0.0
0.0
0.0
0.0
0.0
0.0
0.0
0.0
0.0
0.0
0.0
0.0
0.0
0.0
0.0
0.0
0.0
0.0
0.0
0.0
0.0
0.0
0.0
0.0
0.0
0.0
0.0
0.0
0.0
0.0
0.0
0.0
0.0
0.0
0.0
0.0
0.0
0.0
0.0
0.0
0.0
0.0
0.0
0.0
0.0
0.0
0.0
0.0
0.0
0.0
0.0
0.0
0.0
0.0
0.0
0.0
0.0
0.0
0.0
0.0
0.0
0.0
0.0
0.0
0.0
0.0
0.0
0.0
0.0
0.0
0.0
0.0
0.0
0.0
0.0
0.0
0.0
0.0
0.0
0.0
0.0
0.0
0.0
0.0
0.0
0.0
0.0
0.0
0.0
0.0
0.0
0.0
0.0
0.0
0.0
0.0
0.0
0.0
0.0
0.0
0.0
0.0
0.0
0.0
0.0
0.0
0.0
0.0
0.0
0.0
0.0
0.0
0.0
0.0
0.0
0.0
0.0
0.0
0.0
0.0
0.0
-1.0
0.0
0.0
0.0
0.0
0.0
0.0
0.0
0.0
0.0
0.0
0.0
0.0
0.0
0.0
0.0
0.0
0.0
0.0
0.0
0.0
0.0
0.0
0.0
0.0
0.0
0.0
0.0
0.0
0.0
0.0
0.0
0.0
0.0
0.0
0.0
0.0
0.0
0.0
0.0
0.0
0.0
0.0
0.0
0.0
0.0
0.0
0.0
0.0
0.0
0.0
0.0
0.0
0.0
0.0
0.0
0.0
0.0
0.0
0.0
0.0
0.0
0.0
0.0
0.0
0.0
0.0
0.0
0.0
0.0
0.0
0.0
0.0
0.0
0.0
0.0
0.0
0.0
0.0
0.0
0.0
0.0
0.0
0.0
0.0
0.0
0.0
0.0
0.0
0.0
0.0
0.0
0.0
0.0
0.0
0.0
0.0
0.0
0.0
0.0
0.0
0.0
0.0
0.0
0.0
0.0
0.0
0.0
0.0
0.0
0.0
0.0
0.0
0.0
0.0
0.0
0.0
0.0
0.0
0.0
0.0
0.0
0.0
0.0
0.0
0.0
0.0
0.0
0.0
0.0
-1.0
0.0
0.0
0.0
0.0
0.0
0.0
0.0
0.0
0.0
0.0
0.0
0.0
0.0
0.0
0.0
0.0
0.0
0.0
0.0
0.0
0.0
0.0
0.0
0.0
0.0
0.0
0.0
0.0
0.0
0.0
0.0
0.0
0.0
0.0
0.0
0.0
0.0
0.0
0.0
0.0
0.0
0.0
0.0
0.0
0.0
0.0
0.0
0.0
0.0
0.0
0.0
0.0
0.0
0.0
0.0
0.0
0.0
0.0
0.0
0.0
0.0
0.0
0.0
0.0
0.0
0.0
0.0
0.0
0.0
0.0
0.0
0.0
0.0
0.0
0.0
0.0
0.0
0.0
0.0
0.0
0.0
0.0
0.0
0.0
0.0
0.0
0.0
0.0
0.0
0.0
0.0
0.0
0.0
0.0
0.0
0.0
0.0
0.0
0.0
0.0
0.0
0.0
0.0
0.0
0.0
0.0
0.0
0.0
0.0
0.0
0.0
0.0
0.0
0.0
0.0
0.0
0.0
0.0
0.0
0.0
0.0
0.0
0.0
0.0
0.0
0.0
0.0
0.0
0.0
0.0
0.0
0.0
0.0
0.0
0.0
0.0
0.0
0.0
0.0
0.0
0.0
0.0
0.0
0.0
0.0
0.0
0.0
0.0
0.0
0.0
0.0
0.0
0.0
0.0
0.0
0.0
0.0
0.0
1.0
0.0
0.0
0.0
0.0
0.0
0.0
0.0
0.0
0.0
0.0
0.0
0.0
0.0
0.0
0.0
0.0
0.0
0.0
0.0
0.0
0.0
0.0
0.0
0.0
0.0
0.0
0.0
0.0
0.0
0.0
0.0
0.0
0.0
0.0
0.0
0.0
0.0
0.0
0.0
0.0
0.0
0.0
0.0
0.0
0.0
0.0
0.0
0.0
0.0
0.0
0.0
0.0
0.0
0.0
0.0
0.0
0.0
0.0
0.0
0.0
0.0
0.0
0.0
0.0
0.0
0.0
0.0
0.0
0.0
0.0
0.0
0.0
0.0
0.0
0.0
0.0
0.0
0.0
0.0
0.0
0.0
0.0
0.0
0.0
0.0
0.0
0.0
0.0
0.0
0.0
0.0
0.0
0.0
0.0
0.0
0.0
0.0
0.0
0.0
0.0
0.0
0.0
0.0
0.0
0.0
0.0
0.0
0.0
0.0
0.0
0.0
0.0
0.0
0.0
0.0
0.0
0.0
0.0
0.0
0.0
0.0
0.0
0.0
0.0
0.0
0.0
0.0
0.0
0.0
0.0
0.0
0.0
0.0
0.0
0.0
0.0
0.0
0.0
0.0
0.0
0.0
0.0
0.0
0.0
0.0
0.0
0.0
0.0
0.0
0.0
0.0
0.0
0.0
0.0
0.0
0.0
0.0
0.0
0.0
0.0
0.0
0.0
0.0
0.0
0.0
0.0
0.0
0.0
0.0
0.0
0.0
0.0
0.0
0.0
0.0
0.0
0.0
0.0
0.0
0.0
0.0
0.0
0.0
0.0
0.0
0.0
0.0
0.0
0.0
0.0
0.0
0.0
0.0
0.0
0.0
0.0
0.0
0.0
0.0
0.0
0.0
0.0
0.0
0.0
1.0
0.0
0.0
0.0
0.0
0.0
0.0
0.0
0.0
0.0
0.0
0.0
0.0
0.0
0.0
0.0
0.0
0.0
0.0
0.0
0.0
0.0
0.0
0.0
0.0
0.0
0.0
0.0
0.0
0.0
0.0
0.0
0.0
0.0
0.0
0.0
0.0
0.0
0.0
0.0
0.0
0.0
0.0
0.0
0.0
0.0
0.0
0.0
0.0
0.0
0.0
0.0
0.0
0.0
0.0
0.0
0.0
0.0
0.0
0.0
0.0
0.0
0.0
0.0
0.0
0.0
0.0
0.0
0.0
0.0
0.0
0.0
0.0
0.0
0.0
0.0
0.0
0.0
0.0
0.0
0.0
0.0
0.0
0.0
0.0
0.0
0.0
0.0
0.0
0.0
0.0
0.0
0.0
0.0
0.0
0.0
0.0
0.0
0.0
0.0
0.0
0.0
0.0
0.0
0.0
0.0
0.0
0.0
0.0
0.0
0.0
0.0
0.0
0.0
0.0
0.0
0.0
0.0
0.0
0.0
0.0
0.0
0.0
0.0
0.0
0.0
0.0
0.0
0.0
0.0
0.0
0.0
0.0
0.0
0.0
0.0
0.0
0.0
0.0
0.0
0.0
0.0
0.0
0.0
0.0
0.0
0.0
0.0
0.0
0.0
0.0
0.0
0.0
0.0
0.0
0.0
0.0
0.0
0.0
0.0
0.0
0.0
0.0
0.0
0.0
0.0
0.0
0.0
0.0
0.0
0.0
0.0
0.0
0.0
0.0
0.0
0.0
0.0
0.0
0.0
0.0
0.0
0.0
0.0
0.0
0.0
0.0
0.0
0.0
0.0
0.0
0.0
0.0
0.0
0.0
0.0
0.0
0.0
0.0
0.0
0.0
0.0
0.0
0.0
0.0
0.0
0.0
0.0
0.0
0.0
0.0
0.0
0.0
0.0
0.0
0.0
0.0
0.0
0.0
0.0
0.0
0.0
0.0
0.0
0.0
0.0
0.0
0.0
0.0
0.0
0.0
0.0
0.0
0.0
0.0
0.0
0.0
0.0
0.0
0.0
0.0
0.0
0.0
0.0
0.0
0.0
0.0
0.0
0.0
0.0
0.0
0.0
0.0
0.0
0.0
0.0
0.0
0.0
0.0
0.0
0.0
0.0
0.0
0.0
0.0
0.0
0.0
0.0
0.0
0.0
0.0
0.0
0.0
0.0
0.0
0.0
0.0
0.0
0.0
0.0
0.0
0.0
0.0
0.0
0.0
0.0
0.0
0.0
0.0
0.0
0.0
0.0
0.0
0.0
0.0
0.0
0.0
0.0
0.0
0.0
0.0
0.0
0.0
0.0
0.0
0.0
0.0
0.0
0.0
0.0
0.0
0.0
0.0
0.0
0.0
0.0
0.0
0.0
0.0
0.0
0.0
0.0
0.0
0.0
0.0
0.0
0.0
0.0
0.0
0.0
0.0
0.0
0.0
0.0
0.0
0.0
0.0
0.0
0.0
0.0
0.0
0.0
0.0
0.0
0.0
0.0
0.0
0.0
0.0
0.0
0.0
0.0
0.0
0.0
0.0
0.0
0.0
0.0
0.0
0.0
0.0
0.0
0.0
0.0
0.0
0.0
0.0
0.0
0.0
0.0
0.0
0.0
0.0
0.0
0.0
0.0
0.0
0.0
0.0
0.0
0.0
0.0
0.0
0.0
0.0
0.0
0.0
0.0
0.0
0.0
0.0
0.0
0.0
0.0
0.0
0.0
0.0
0.0
0.0
0.0
0.0
0.0
0.0
0.0
0.0
0.0
0.0
0.0
0.0
0.0
0.0
0.0
100.0
155648.0
0.0
0.0
0.0
0.0
0.0
0.0
0.0
0.0
0.0
0.0
0.0
0.0
0.0
0.0
0.0
0.0
0.0
0.0
0.0
0.0
0.0
0.0
0.0
0.0
0.0
0.0
