0.01820838
0.0056826086
0.010350127
0.003940195
0.0037378094
0.0035512352
0.0043022754
0.0036935376
0.0037283227
0.003525937
0.0036271298
0.0036903752
0.0035006388
0.0035970882
0.003721998
0.0036034128
0.0037267415
0.0036729828
0.0039101536
0.0037030245
0.0037457151
0.0034721782
0.0038990856
0.0035559786
0.0036239675
0.0035781146
0.0037631076
0.0036729828
0.0036318733
0.003582858
0.003503801
0.0035322616
0.003721998
0.0035180312
0.0035796957
0.0036350356
0.0035844392
0.0036555903
0.0035702088
0.0037030245
0.0037393905
0.0035876012
0.0036429411
0.003791568
0.0036461034
0.0035543975
0.0036208052
0.0036935376
0.003582858
0.0035670465
0.003628711
0.0036302921
0.003514869
0.0035085445
0.0035575598
0.0036097374
0.00357179
0.0035385862
0.0036018316
0.0036634959
0.0035180312
0.0035907635
0.0035196124
0.0036919564
0.0037061868
0.0038326776
0.0042137317
0.003525937
0.003628711
0.0037725945
0.0038152852
0.0038563947
0.0042437734
0.003883274
0.004591624
0.0036966999
0.0036128995
0.0035939259
0.0036350356
0.0037820812
0.0036476846
0.0037188358
0.0039986973
0.0037393905
0.003733066
0.003881693
0.0038801117
0.003676145
0.0036208052
0.0046469634
0.004616922
0.0036271298
0.0036619147
0.004112539
0.0036381977
0.0036018316
0.0039986973
0.0036919564
0.0034769217
0.0038674627
0.0037820812
0.0037504586
0.0039591687
0.0037283227
0.0037852435
0.0035702088
0.0038437457
0.003720417
0.0037125112
0.0034184195
0.003549654
0.0035196124
0.0038326776
0.0035765334
0.0036935376
0.00364136
0.0038785306
0.0036824697
0.0037852435
0.0036777263
0.003619224
0.0037267415
0.0036619147
0.0034358122
0.0036160618
0.0035670465
0.0035433294
0.003582858
0.0038026362
0.0038279344
0.0037125112
0.0037014433
0.0036239675
0.0036255487
0.003870625
0.0036002505
0.0050596404
0.0037852435
0.0035844392
0.004123607
0.0035117068
0.003734647
0.003560722
0.0037409717
0.0035686276
0.0035702088
0.0037267415
0.0035891824
0.0036698205
0.0035986693
0.0039449385
0.0037409717
0.0036951187
0.0035796957
0.0037694322
0.0035923447
0.0036208052
0.0036492657
0.004205826
0.0036476846
0.0037014433
0.009959586
0.0045932047
0.0036366165
0.003721998
0.004351291
0.0037077677
0.0035543975
0.0036113183
0.0037694322
0.0036255487
0.0036777263
0.0037646887
0.0036777263
0.0036350356
0.003535424
0.0037757568
0.003606575
0.0036318733
0.0036777263
0.003619224
0.0035702088
0.0035860203
0.0035765334
0.0035338427
0.0036540092
0.0036492657
0.0034279064
0.0036318733
0.0034547858
0.0036097374
0.0035449106
0.003767851
0.0035290993
0.003924384
0.0036555903
0.0037583641
0.0035907635
0.003869044
0.0037947304
0.0036540092
0.00351645
0.0035053822
0.0038310965
0.003824772
0.0035085445
0.003688794
0.0035670465
0.0037884058
0.0036302921
0.0036903752
0.003665077
0.0035986693
0.0036714016
0.0037836623
0.00357179
0.003676145
0.0035306804
0.003652428
0.0034516235
0.0036002505
0.0035417483
0.0036334544
0.0036492657
0.0037884058
0.0037251604
0.0037425528
0.0036856318
0.0036634959
0.0035575598
0.003619224
0.0037283227
0.0044350913
0.0040856595
0.0043022754
0.01152175
0.007123025
0.004090403
0.004159973
0.010196757
0.0039449385
0.0034026082
0.003582858
0.003869044
0.0035686276
0.003535424
0.003652428
0.0036461034
0.003720417
0.003652428
0.0038453268
0.0036350356
0.0039133155
0.006049433
0.0035417483
0.004120445
0.0
0.0
0.0
0.0
0.0
0.0
0.0
0.0
0.0
0.0
0.0
0.0
0.0
0.0
0.0
0.0
0.0
0.0
0.0
0.0
0.0
0.0
0.0
0.0
0.0
0.0
0.0
0.0
0.0
0.0
0.0
0.0
0.0
0.0
0.0
0.0
0.0
0.0
0.0
0.0
0.0
0.0
0.0
0.0
0.0
0.0
0.0
0.0
0.0
0.0
0.0
0.0
0.0
0.0
0.0
0.0
0.0
0.0
0.0
0.0
0.0
0.0
0.0
0.0
0.0
0.0
0.0
0.0
0.0
0.0
0.0
0.0
0.0
0.0
0.0
0.0
0.0
0.0
0.0
0.0
0.0
0.0
0.0
0.0
0.0
0.0
0.0
0.0
0.0
0.0
0.0
0.0
0.0
0.0
0.0
0.0
0.0
0.0
0.0
0.0
0.0
0.0
0.0
0.0
0.0
0.0
0.0
0.0
0.0
0.0
0.0
0.0
0.0008822354
9.511972e-06
1.268263e-05
4.755986e-05
3.7255224e-05
1.6645952e-05
8.560775e-05
3.0121246e-05
0.000460538
7.9266437e-07
1.5853287e-06
3.1706575e-06
3.963322e-06
7.9266437e-07
2.377993e-06
2.8535916e-05
0.00092266133
1.5060623e-05
1.9023944e-05
5.3901178e-05
0.00010542436
4.359654e-05
0.00024810396
9.353439e-05
1.1889965e-05
5.5486507e-06
5.5486507e-06
3.963322e-06
7.133979e-06
7.292512e-05
4.755986e-06
1.0304637e-05
0.0
0.0
0.0
0.0
0.0
0.0
0.0
0.0
0.0
0.0
0.0
0.0
0.0
0.0
0.0
0.0
0.00136259
6.499848e-05
4.914519e-05
6.89618e-05
9.7497716e-05
7.133979e-05
0.00010621703
0.00010304637
0.0007593725
4.2011212e-05
5.1523184e-05
8.877841e-05
7.530311e-05
6.341315e-05
0.00011176568
0.00013078962
0.00037255225
3.4877234e-05
2.9328581e-05
2.9328581e-05
9.036374e-05
2.6157924e-05
1.9816609e-05
1.5853288e-05
7.371778e-05
2.2987266e-05
0.00026871322
2.6950589e-05
3.9633218e-05
2.536526e-05
0.0005080979
3.9633218e-05
0.001598804
0.00018152014
0.00013078962
0.000107802356
0.00037017427
0.00016804485
0.00029962714
0.0001624962
0.00029011516
9.353439e-05
0.0007379705
9.194906e-05
0.00026871322
0.00026157923
0.0015227082
0.00020767807
0.0034132127
0.00041218547
0.00032419973
0.00034877233
0.0008679675
0.00055090175
0.00060004694
0.00045816
0.0009551606
0.00033450435
0.0015837434
0.0003606623
0.0011105228
0.0005358411
0.0033173005
0.0010605849
0.007000019
0.0019372717
0.0013475295
0.0016891678
0.0029399921
0.0028393238
0.0015250862
0.0015338055
0.0017406909
0.002182205
0.00482257
0.001596426
0.0019372717
0.0018207501
0.009466791
0.0026990222
0.066369
0.05594625
0.056354474
0.054997433
0.0569244
0.058121324
0.05649953
0.056147587
0.056625564
0.056533616
0.059115324
0.05537474
0.055561807
0.0553898
0.064575985
0.05754109
2758.0
5.860769
16164.0
0.009403613
0.01095026
0.010517199
0.00989854
0.009279882
0.0105790645
0.009218016
0.007980698
0.008970552
0.009836674
0.00915615
0.010393467
0.010022271
0.0099604055
0.010084137
0.010084137
0.010888394
0.0093417475
0.011383321
0.011692651
0.009465479
0.010022271
0.010146003
0.010455333
0.011259589
0.009712942
0.011692651
0.009279882
0.0099604055
0.009218016
0.010269735
0.01064093
0.009836674
0.012125712
0.01095026
0.01200198
0.008970552
0.010207869
0.010517199
0.011445187
0.008599357
0.0105790645
0.009527344
0.008970552
0.011135858
0.010146003
0.00989854
0.010022271
0.009403613
0.010022271
0.009651076
0.010084137
0.01200198
0.00915615
0.010393467
0.011259589
0.007856966
0.016085127
0.018188568
0.010207869
0.010764662
0.009527344
0.008475625
0.00989854
0.013115565
0.012682504
0.009651076
0.012249443
0.010517199
0.013363029
0.010702796
0.009403613
0.011012126
0.010084137
0.011568919
0.01064093
0.010331601
0.010269735
0.010393467
0.010331601
0.010022271
0.009712942
0.01200198
0.011135858
0.012063846
0.010331601
0.010084137
0.010888394
0.009712942
0.011073992
0.009774808
0.009403613
0.009279882
0.00958921
0.0093417475
0.00958921
6.5726147
1.0
0.0
0.0
10.0
632456.0
372736.0
0.0
0.0
33.0
0.0
1.0
0.0
0.0
0.0
1367514100.0
0.0
0.0
0.0
0.0
0.0
1.0
0.0
0.0
0.0
0.0
0.0
0.0
-1.0
0.0
0.0
0.0
0.0
0.0
0.0
0.0
0.0
0.0
0.0
0.0
0.0
0.0
0.0
0.0
-1.0
0.0
0.0
0.0
0.0
-1.0
0.0
0.0
0.0
0.0
0.0
0.0
0.0
-1.0
0.0
0.0
0.0
0.0
0.0
0.0
0.0
0.0
0.0
0.0
9.0
0.0
5.0
0.0
5.0
0.0
177152.0
1024.0
4096.0
4.0
0.0
0.0
1.0
1.0
0.0
0.0
0.0
0.0
0.0
0.0
0.0
0.0
0.0
0.0
0.0
0.0
0.0
0.0
1024.0
0.0
0.0
0.0
0.0
0.0
0.0
0.0
0.0
0.0
0.0
0.0
0.0
0.0
0.0
0.0
0.0
0.0
-512.0
0.0
0.0
0.0
0.0
0.0
0.0
0.0
0.0
-177152.0
0.0
2048.0
0.0
0.0
0.0
0.0
0.0
0.0
0.0
0.0
0.0
0.0
0.0
0.0
0.0
0.0
0.0
0.0
0.0
0.0
0.0
0.0
5.0232415
0.0
0.0
0.0
0.0
0.0
0.0
0.0
0.0
0.0
0.0
0.0
0.0
0.0
0.0
0.0
0.0
0.0
-3.1704075
0.0
0.0
0.0
0.0
0.0
0.0
0.0
0.0
-7.6689806
0.0
2.765335
0.0
0.0
0.0
0.0
0.0
0.0
0.0
0.0
0.0
0.0
0.0
0.0
0.0
0.0
0.0
0.0
0.0
0.0
0.0
0.0
948.0
0.0
0.0
0.0
0.0
0.0
0.0
0.0
0.0
0.0
0.0
0.0
0.0
0.0
0.0
0.0
0.0
0.0
-280.0
0.0
0.0
0.0
0.0
0.0
0.0
0.0
0.0
-176966.0
0.0
178064.0
0.0
0.0
0.0
0.0
0.0
0.0
0.0
0.0
0.0
-1.0
0.0
0.0
0.0
0.0
0.0
1.0
0.0
0.0
0.0
0.0
0.0
0.0
0.0
0.0
0.0
0.0
0.0
0.0
0.0
0.0
0.0
0.0
0.0
0.0
0.0
0.0
0.0
0.0
0.0
0.0
0.0
0.0
0.0
0.0
0.0
-2.0
0.0
0.0
0.0
1.0
0.0
0.0
0.0
0.0
0.0
0.0
0.0
0.0
0.0
0.0
0.0
0.0
0.0
0.0
0.0
0.0
0.0
0.0
0.0
-1.0
0.0
0.0
0.0
0.0
0.0
0.0
0.0
0.0
0.0
1.0
0.0
0.0
0.0
0.0
1.0
0.0
0.0
0.0
0.0
0.0
0.0
0.0
0.0
0.0
0.0
0.0
0.0
0.0
0.0
0.0
0.0
0.0
0.0
0.0
0.0
0.0
0.0
0.0
0.0
0.0
0.0
0.0
0.0
0.0
0.0
0.0
0.0
0.0
0.0
0.0
0.0
0.0
0.0
0.0
0.0
0.0
0.0
0.0
0.0
0.0
0.0
0.0
0.0
0.0
0.0
0.0
-1.0
0.0
0.0
0.0
0.0
0.0
0.0
0.0
0.0
0.0
0.0
0.0
0.0
0.0
0.0
0.0
0.0
0.0
0.0
0.0
0.0
0.0
0.0
-1.0
0.0
0.0
0.0
0.0
0.0
0.0
0.0
0.0
0.0
0.0
0.0
0.0
0.0
0.0
0.0
0.0
0.0
0.0
0.0
0.0
0.0
0.0
0.0
0.0
0.0
0.0
0.0
0.0
0.0
0.0
0.0
0.0
0.0
0.0
0.0
0.0
0.0
0.0
0.0
0.0
0.0
0.0
0.0
0.0
0.0
0.0
-1.0
0.0
0.0
0.0
0.0
0.0
0.0
0.0
0.0
0.0
0.0
0.0
0.0
0.0
0.0
0.0
0.0
1.0
0.0
0.0
0.0
0.0
0.0
0.0
0.0
0.0
0.0
0.0
0.0
0.0
0.0
0.0
0.0
0.0
0.0
0.0
0.0
0.0
0.0
0.0
0.0
0.0
0.0
0.0
0.0
0.0
0.0
0.0
0.0
0.0
0.0
0.0
0.0
0.0
0.0
0.0
0.0
0.0
0.0
0.0
0.0
0.0
0.0
0.0
0.0
0.0
0.0
0.0
0.0
0.0
0.0
0.0
0.0
0.0
0.0
0.0
0.0
0.0
0.0
0.0
0.0
0.0
0.0
0.0
0.0
0.0
0.0
0.0
0.0
0.0
0.0
0.0
0.0
0.0
0.0
0.0
0.0
0.0
0.0
0.0
0.0
0.0
0.0
0.0
0.0
0.0
0.0
0.0
0.0
0.0
0.0
0.0
0.0
0.0
0.0
0.0
0.0
0.0
0.0
0.0
0.0
0.0
0.0
0.0
0.0
0.0
0.0
0.0
0.0
0.0
0.0
0.0
0.0
0.0
0.0
0.0
0.0
0.0
0.0
0.0
0.0
0.0
0.0
0.0
0.0
0.0
0.0
0.0
0.0
0.0
0.0
0.0
0.0
0.0
0.0
0.0
0.0
0.0
0.0
0.0
0.0
0.0
0.0
0.0
0.0
0.0
0.0
0.0
-1.0
1.0
0.0
0.0
0.0
0.0
0.0
0.0
0.0
0.0
0.0
0.0
0.0
0.0
0.0
0.0
0.0
0.0
0.0
0.0
0.0
0.0
0.0
0.0
0.0
0.0
0.0
0.0
0.0
0.0
1.0
0.0
0.0
0.0
0.0
0.0
0.0
0.0
0.0
1.0
0.0
0.0
0.0
0.0
0.0
0.0
0.0
0.0
0.0
0.0
0.0
0.0
0.0
0.0
0.0
0.0
0.0
0.0
0.0
0.0
0.0
0.0
0.0
0.0
0.0
0.0
0.0
0.0
0.0
0.0
0.0
0.0
0.0
0.0
0.0
1.0
0.0
0.0
0.0
0.0
0.0
0.0
0.0
0.0
0.0
0.0
0.0
0.0
0.0
0.0
0.0
0.0
0.0
0.0
0.0
0.0
0.0
0.0
0.0
0.0
0.0
0.0
0.0
0.0
0.0
0.0
0.0
0.0
0.0
0.0
0.0
0.0
0.0
0.0
0.0
0.0
0.0
0.0
0.0
0.0
0.0
0.0
0.0
0.0
0.0
0.0
0.0
0.0
0.0
0.0
0.0
0.0
0.0
0.0
0.0
0.0
0.0
0.0
0.0
0.0
0.0
0.0
0.0
0.0
0.0
0.0
0.0
0.0
0.0
0.0
0.0
0.0
0.0
0.0
0.0
0.0
0.0
0.0
0.0
0.0
0.0
-1.0
0.0
0.0
0.0
0.0
0.0
0.0
0.0
0.0
0.0
0.0
0.0
0.0
0.0
0.0
0.0
0.0
0.0
0.0
0.0
0.0
0.0
0.0
0.0
0.0
0.0
0.0
0.0
0.0
0.0
0.0
0.0
0.0
0.0
0.0
0.0
0.0
0.0
0.0
0.0
0.0
0.0
0.0
0.0
0.0
0.0
0.0
0.0
0.0
0.0
0.0
0.0
0.0
0.0
0.0
0.0
0.0
0.0
0.0
0.0
0.0
0.0
0.0
0.0
0.0
0.0
0.0
0.0
0.0
0.0
0.0
0.0
0.0
0.0
0.0
0.0
0.0
0.0
0.0
0.0
0.0
0.0
0.0
0.0
0.0
0.0
0.0
0.0
-1.0
0.0
0.0
0.0
0.0
0.0
0.0
0.0
0.0
0.0
0.0
0.0
0.0
0.0
0.0
0.0
0.0
0.0
0.0
-1.0
0.0
0.0
0.0
0.0
0.0
0.0
0.0
0.0
0.0
0.0
0.0
0.0
0.0
0.0
0.0
0.0
0.0
0.0
0.0
0.0
0.0
0.0
0.0
0.0
0.0
0.0
0.0
0.0
0.0
0.0
0.0
0.0
0.0
0.0
0.0
0.0
0.0
0.0
0.0
0.0
0.0
0.0
0.0
0.0
0.0
1.0
0.0
0.0
0.0
0.0
0.0
0.0
0.0
0.0
0.0
0.0
0.0
0.0
0.0
0.0
1.0
0.0
0.0
0.0
0.0
0.0
0.0
0.0
0.0
0.0
0.0
0.0
0.0
0.0
0.0
0.0
0.0
0.0
0.0
0.0
0.0
-1.0
0.0
0.0
0.0
0.0
0.0
0.0
-1.0
0.0
0.0
0.0
0.0
0.0
0.0
0.0
0.0
0.0
0.0
0.0
0.0
0.0
0.0
0.0
0.0
0.0
0.0
0.0
0.0
0.0
0.0
-1.0
0.0
-1.0
0.0
0.0
0.0
0.0
0.0
0.0
0.0
0.0
0.0
0.0
0.0
0.0
0.0
0.0
0.0
0.0
-1.0
0.0
0.0
0.0
0.0
0.0
0.0
0.0
0.0
0.0
0.0
0.0
0.0
0.0
0.0
0.0
0.0
0.0
0.0
0.0
0.0
0.0
0.0
0.0
0.0
0.0
0.0
0.0
0.0
-1.0
0.0
0.0
0.0
0.0
0.0
0.0
0.0
0.0
0.0
0.0
0.0
0.0
0.0
0.0
0.0
0.0
0.0
0.0
0.0
0.0
0.0
0.0
0.0
-1.0
0.0
0.0
0.0
0.0
0.0
0.0
0.0
0.0
0.0
0.0
0.0
-1.0
0.0
0.0
0.0
0.0
0.0
0.0
0.0
0.0
0.0
0.0
0.0
0.0
0.0
0.0
0.0
0.0
0.0
0.0
0.0
0.0
0.0
0.0
0.0
0.0
0.0
0.0
0.0
0.0
0.0
0.0
0.0
0.0
0.0
0.0
0.0
0.0
0.0
0.0
0.0
0.0
0.0
0.0
0.0
0.0
0.0
0.0
0.0
0.0
0.0
0.0
0.0
0.0
0.0
0.0
0.0
0.0
0.0
0.0
0.0
0.0
0.0
0.0
0.0
0.0
0.0
0.0
0.0
0.0
0.0
0.0
0.0
0.0
0.0
0.0
0.0
0.0
0.0
0.0
0.0
0.0
0.0
0.0
0.0
0.0
0.0
0.0
0.0
0.0
0.0
0.0
0.0
0.0
0.0
0.0
0.0
0.0
0.0
0.0
0.0
0.0
0.0
0.0
0.0
0.0
0.0
0.0
0.0
0.0
0.0
0.0
0.0
0.0
0.0
0.0
0.0
0.0
0.0
0.0
0.0
-1.0
0.0
0.0
0.0
0.0
0.0
0.0
0.0
0.0
0.0
0.0
0.0
0.0
0.0
0.0
0.0
0.0
0.0
0.0
0.0
0.0
0.0
0.0
0.0
0.0
0.0
0.0
0.0
1.0
0.0
0.0
0.0
0.0
0.0
0.0
0.0
0.0
0.0
0.0
0.0
0.0
0.0
0.0
1.0
0.0
0.0
0.0
0.0
0.0
0.0
0.0
0.0
0.0
0.0
0.0
0.0
0.0
0.0
0.0
0.0
0.0
0.0
0.0
0.0
0.0
0.0
0.0
0.0
0.0
0.0
0.0
0.0
0.0
0.0
0.0
0.0
0.0
0.0
0.0
0.0
0.0
0.0
-1.0
0.0
0.0
0.0
0.0
0.0
0.0
0.0
0.0
0.0
0.0
0.0
0.0
0.0
0.0
0.0
0.0
0.0
0.0
0.0
0.0
0.0
0.0
0.0
0.0
0.0
0.0
0.0
0.0
0.0
0.0
0.0
0.0
0.0
0.0
0.0
0.0
0.0
0.0
0.0
0.0
0.0
0.0
0.0
0.0
0.0
0.0
0.0
0.0
0.0
0.0
0.0
0.0
1.0
0.0
0.0
0.0
0.0
0.0
0.0
0.0
0.0
0.0
0.0
0.0
0.0
0.0
0.0
0.0
0.0
0.0
1.0
0.0
0.0
0.0
0.0
0.0
0.0
0.0
0.0
0.0
0.0
0.0
0.0
0.0
0.0
0.0
0.0
0.0
0.0
0.0
0.0
0.0
0.0
0.0
0.0
-1.0
0.0
0.0
0.0
0.0
0.0
0.0
0.0
0.0
0.0
0.0
0.0
0.0
0.0
0.0
0.0
0.0
0.0
0.0
0.0
0.0
0.0
0.0
0.0
0.0
0.0
0.0
0.0
0.0
0.0
0.0
0.0
0.0
0.0
0.0
0.0
0.0
1.0
0.0
0.0
0.0
0.0
0.0
0.0
0.0
0.0
0.0
0.0
0.0
0.0
0.0
0.0
0.0
1.0
0.0
0.0
0.0
0.0
0.0
0.0
0.0
0.0
0.0
0.0
0.0
0.0
0.0
0.0
0.0
0.0
0.0
0.0
0.0
0.0
0.0
0.0
0.0
0.0
0.0
0.0
0.0
0.0
0.0
1.0
0.0
0.0
0.0
0.0
0.0
0.0
1.0
0.0
0.0
-1.0
0.0
0.0
0.0
0.0
0.0
0.0
0.0
0.0
0.0
0.0
0.0
0.0
0.0
0.0
0.0
0.0
0.0
0.0
0.0
0.0
0.0
0.0
0.0
0.0
0.0
0.0
0.0
0.0
0.0
0.0
0.0
0.0
0.0
0.0
0.0
0.0
0.0
0.0
0.0
0.0
0.0
0.0
0.0
0.0
1.0
0.0
0.0
0.0
0.0
0.0
0.0
0.0
0.0
0.0
0.0
0.0
0.0
0.0
0.0
0.0
0.0
0.0
0.0
0.0
0.0
0.0
0.0
0.0
0.0
0.0
0.0
0.0
0.0
0.0
0.0
0.0
0.0
0.0
0.0
0.0
0.0
0.0
0.0
0.0
0.0
0.0
0.0
0.0
0.0
0.0
0.0
0.0
-1.0
0.0
0.0
0.0
0.0
0.0
0.0
0.0
0.0
0.0
0.0
0.0
0.0
0.0
0.0
0.0
0.0
0.0
0.0
0.0
0.0
0.0
0.0
0.0
0.0
0.0
0.0
0.0
0.0
0.0
0.0
0.0
0.0
0.0
0.0
0.0
0.0
0.0
0.0
0.0
0.0
0.0
0.0
0.0
0.0
0.0
0.0
0.0
0.0
0.0
0.0
0.0
0.0
0.0
0.0
0.0
0.0
-1.0
0.0
0.0
0.0
0.0
0.0
0.0
0.0
0.0
0.0
0.0
0.0
0.0
0.0
0.0
0.0
0.0
0.0
0.0
0.0
0.0
0.0
0.0
0.0
0.0
0.0
0.0
0.0
0.0
0.0
0.0
0.0
0.0
0.0
0.0
0.0
0.0
0.0
0.0
0.0
0.0
0.0
0.0
0.0
0.0
0.0
0.0
0.0
0.0
0.0
0.0
0.0
0.0
0.0
0.0
0.0
0.0
0.0
0.0
0.0
0.0
0.0
0.0
0.0
0.0
0.0
0.0
0.0
0.0
0.0
0.0
0.0
0.0
0.0
0.0
0.0
0.0
0.0
0.0
0.0
0.0
0.0
0.0
0.0
0.0
0.0
0.0
0.0
0.0
0.0
0.0
0.0
0.0
0.0
0.0
0.0
0.0
0.0
0.0
0.0
0.0
0.0
0.0
0.0
0.0
0.0
0.0
0.0
0.0
0.0
0.0
0.0
0.0
0.0
0.0
0.0
0.0
0.0
0.0
0.0
0.0
0.0
0.0
0.0
0.0
0.0
0.0
0.0
0.0
0.0
0.0
0.0
0.0
0.0
0.0
0.0
0.0
100.0
184468.0
1936.0
192512.0
0.0
0.0
0.0
0.0
0.0
0.0
0.0
0.0
0.0
0.0
0.0
0.0
0.0
0.0
0.0
0.0
0.0
0.0
148.0
184320.0
0.0
0.0
0.0
0.0
