0.004671809
0.00073692226
0.0007473504
0.000719542
0.0006986857
0.00072649407
0.00057354796
0.0005387875
0.00079253904
0.00058745214
0.0005526917
0.00052140723
0.0005457396
0.00054226356
0.00045883836
0.0007647306
0.000577024
0.0005109791
0.0005457396
0.0005839761
0.0005909282
0.00044145813
0.00058745214
0.00047969466
0.0005909282
0.00046926652
0.0005353114
0.0005596438
0.0005353114
0.0005700719
0.0005665959
0.00059440424
0.0005700719
0.0005526917
0.0005248833
0.00046231443
0.0013556589
0.00042407788
0.00050055096
0.00054921565
0.00052140723
0.0006917336
0.00046579048
0.0005978803
0.0005909282
0.0006013563
0.0005283593
0.00048664675
0.12549578
0.014748873
0.12561396
0.014401268
0.12569739
0.014853154
0.12580514
0.015023481
0.12596852
0.014554214
0.0005526917
0.0006430689
0.0006326408
0.00053183537
0.00049359887
0.0005109791
0.0005700719
0.00053183537
0.00054226356
0.0006013563
0.0007647306
0.00056311983
0.0004831707
0.0004970749
0.0006743534
0.0004762186
0.00051445514
0.00054226356
0.00067782943
0.0005179312
0.0005353114
0.00052140723
0.0006395929
0.0005387875
0.0004901228
0.0005526917
0.000650021
0.00052140723
0.0005596438
0.0005179312
0.0005526917
0.00050055096
0.00051445514
0.0005457396
0.00057354796
0.00052140723
0.0005109791
0.00055616774
0.0006674013
0.007122423
0.009343618
0.0063542165
0.00560339
0.005954471
0.009736411
0.006215174
0.0058536655
0.007052902
0.009416615
0.0060935128
0.0057876203
0.006545399
0.009701651
0.005905806
0.006270791
0.0073622703
0.009413139
0.006180414
0.005905806
0.0059336144
0.009399234
0.0063264077
0.005891902
0.0004171258
0.0005353114
0.00046579048
0.00058050005
0.0005248833
0.0005457396
0.00058745214
0.000577024
0.000577024
0.0005179312
0.00062916474
0.00058745214
0.0005457396
0.00055616774
0.00046926652
0.00051445514
0.00093158096
0.00058050005
0.0008551079
0.00047274257
0.00064654497
0.000504027
0.0005457396
0.0005909282
0.0006256887
0.00050055096
0.00052140723
0.00058745214
0.00053183537
0.00050750305
0.00055616774
0.00056311983
0.00050055096
0.0005179312
0.00050750305
0.0004901228
0.00051445514
0.00054226356
0.00056311983
0.0005839761
0.0005179312
0.0005700719
0.0005353114
0.00052140723
0.00054226356
0.00050055096
0.00047969466
0.00048664675
0.00055616774
0.0005457396
0.0005387875
0.00048664675
0.0005109791
0.0005596438
0.000577024
0.00049359887
0.0005387875
0.0006048324
0.00051445514
0.00048664675
0.0004831707
0.00066044915
0.0005353114
0.0006013563
0.0005179312
0.0004901228
0.0005596438
0.00058745214
0.0004901228
0.0005248833
0.000577024
0.0005978803
0.00083077553
0.00058050005
0.0005179312
0.0006083085
0.0005179312
0.0006013563
0.00081687135
0.0005665959
0.00050055096
0.0005353114
0.0005596438
0.00045883836
0.00057354796
0.00057354796
0.0004970749
0.0005387875
0.0005457396
0.00058745214
0.0005909282
0.00048664675
0.00052140723
0.0005526917
0.00052140723
0.0005353114
0.00040669765
0.00050750305
0.0005526917
0.0004762186
0.00054226356
0.0005387875
0.00054226356
0.00061526056
0.00049359887
0.00056311983
0.00046926652
0.0005283593
0.000504027
0.0005387875
0.0005387875
0.0006813055
0.0005457396
0.0005978803
0.0005179312
0.0005596438
0.00050750305
0.0005387875
0.0005387875
0.00059440424
0.00054226356
0.00055616774
0.0004901228
0.0005248833
0.0005179312
0.00054226356
0.00053183537
0.00050750305
0.0005457396
0.0005457396
0.0005596438
0.00045883836
0.00056311983
0.00054921565
0.00081687135
0.0
0.0
0.0
0.5051226
0.0
0.0
0.00017151098
8.225526e-05
0.0
0.0
0.0
0.0
0.0
0.0
0.0
0.0
0.0
0.0
0.0
0.013300851
0.0
0.0
0.0006632925
0.00037277385
0.0
0.0
0.0
0.0
0.0
0.0
0.0
0.0
0.0
0.0
0.0
0.019146224
0.0
0.0
0.0014805947
0.0008785562
0.0
0.0
0.0
0.0
0.0
0.0
0.0
0.0
0.0
0.0
0.0
0.026363688
0.0
0.0
0.015663503
0.008152022
0.0
0.0
0.0
0.0
0.0
0.0
0.0
0.0
0.0
0.0
0.0
0.010243406
0.0
0.0
0.0025201612
0.0015733507
0.0
0.0
0.0
0.0
0.0
0.0
0.0
0.0
0.0
0.0
0.0
0.11362952
0.0
0.0
0.06627324
0.03873523
0.0
0.0
0.0
0.0
0.0
0.0
0.0
0.0
0.0
0.0
0.0
0.009723622
0.0
0.0
0.009494358
0.0058716256
0.0
0.0
0.0
0.0
0.0
0.0
0.0
0.0
0.0
0.0
0.0
0.0
0.0
0.0
0.0
0.0
0.0
0.0
0.0
0.0
0.0
0.0
0.0
0.0
0.0005845374
3.500224e-06
8.7505605e-06
0.0012688312
4.7253023e-05
3.1502015e-05
0.0008733059
0.00074729783
3.500224e-06
3.500224e-06
1.750112e-06
3.500224e-06
1.750112e-06
1.750112e-06
1.750112e-06
1.750112e-06
0.0
0.0
0.0
0.0
0.0
0.0
0.0
0.0
0.0
0.0
0.0
0.0
0.0
0.0
0.0
0.0
0.0
0.0
0.0
0.0
0.0
0.0
0.0
0.0
0.0
0.0
0.0
0.0
0.0
0.0
0.0
0.0
0.0
0.0
0.0
0.0
0.0
0.0
0.0
0.0
0.0
0.0
0.0
0.0
0.0
0.0
0.0
0.0
0.0010710686
5.075325e-05
0.00020826333
5.250336e-05
0.00018376176
0.00011375728
0.0006422911
0.000609039
0.00024151546
2.1001344e-05
2.1001344e-05
4.2002688e-05
0.000119007615
3.5002242e-05
7.350471e-05
9.9756384e-05
0.0019391241
0.00014000897
0.00079280074
0.00021701389
0.00054603495
0.00026076668
0.00035352263
0.0003062696
0.0009468106
0.00010325661
7.5254815e-05
0.00016976087
0.00059153786
0.00011200717
0.00029926916
0.00031502015
0.0009555612
0.00019951277
0.00015225974
0.00019426244
0.00018376176
0.00018901209
0.0001750112
0.00018376176
0.00015050963
0.00017676131
0.00016801075
0.00017326108
0.00017676131
0.00015926019
0.00016276042
0.00018376176
0.008878319
0.008328783
0.00828328
0.008290281
0.008047015
0.008143271
0.008208025
0.008402288
0.0081695225
0.008314782
0.008244778
0.00828328
0.008442541
0.008141521
0.008199275
0.008239527
212.0
1162.434
246436.0
5.275203e-05
6.086773e-05
3.246279e-05
4.8694183e-05
0.00012985116
3.246279e-05
3.246279e-05
4.4636337e-05
3.652064e-05
0.00010550406
3.652064e-05
4.057849e-05
6.898343e-05
2.840494e-05
7.304128e-05
3.652064e-05
0.145973
0.016592544
0.1460866
0.016198931
0.14614747
0.016779205
0.14622052
0.01701456
0.14649646
0.016345015
3.246279e-05
5.275203e-05
5.275203e-05
6.492558e-05
4.057849e-05
3.652064e-05
5.275203e-05
5.680988e-05
8.521482e-05
3.246279e-05
7.7099125e-05
3.652064e-05
4.8694183e-05
2.840494e-05
8.115698e-05
5.275203e-05
3.246279e-05
5.275203e-05
5.275203e-05
5.680988e-05
4.057849e-05
6.492558e-05
5.680988e-05
4.4636337e-05
4.057849e-05
5.275203e-05
5.680988e-05
4.4636337e-05
4.8694183e-05
3.246279e-05
4.4636337e-05
3.246279e-05
3.652064e-05
5.680988e-05
6.492558e-05
4.057849e-05
2.4347091e-05
3.652064e-05
5.680988e-05
0.0077707805
0.010294762
0.0067968965
0.0058919964
0.006330244
0.010558522
0.0067563183
0.0062896656
0.007640929
0.010469249
0.0065777726
0.006062426
0.007032252
0.010818224
0.006354591
0.0067806654
0.007977731
0.010359688
0.0065899463
0.0062044505
0.0063058967
0.0103637455
0.0067400867
0.0061232937
3.246279e-05
3.652064e-05
5.275203e-05
4.057849e-05
3.652064e-05
6.492558e-05
2.840494e-05
3.8430917
0.0
0.0
0.0
2.0
287683.0
159744.0
0.0
0.0
4.0
0.0
0.0
0.0
0.0
0.0
1422331000.0
0.0
0.0
0.0
0.0
0.0
1.0
0.0
0.0
0.0
0.0
0.0
0.0
-1.0
0.0
-1.0
-1.0
1.0
0.0
0.0
0.0
0.0
0.0
0.0
0.0
0.0
0.0
0.0
0.0
-1.0
0.0
0.0
0.0
0.0
0.0
0.0
0.0
0.0
0.0
0.0
0.0
0.0
-1.0
0.0
0.0
0.0
0.0
0.0
0.0
0.0
0.0
0.0
0.0
6.0
0.0
4.0
0.0
4.0
0.0
45056.0
512.0
4096.0
3.0
1.0
0.0
2.0
3.0
0.0
0.0
0.0
0.0
0.0
0.0
0.0
0.0
0.0
0.0
0.0
0.0
0.0
0.0
0.0
0.0
0.0
0.0
0.0
0.0
0.0
0.0
0.0
-512.0
0.0
0.0
0.0
0.0
-41472.0
0.0
0.0
0.0
0.0
0.0
0.0
0.0
0.0
0.0
0.0
0.0
0.0
0.0
0.0
0.0
0.0
0.0
0.0
0.0
0.0
0.0
0.0
0.0
0.0
0.0
0.0
0.0
0.0
0.0
0.0
0.0
0.0
0.0
0.0
0.0
0.0
0.0
0.0
0.0
0.0
0.0
0.0
0.0
0.0
-2.930241
0.0
0.0
0.0
0.0
-7.972445
0.0
0.0
0.0
0.0
0.0
0.0
0.0
0.0
0.0
0.0
0.0
0.0
0.0
0.0
0.0
0.0
0.0
0.0
0.0
0.0
0.0
0.0
0.0
0.0
0.0
0.0
0.0
0.0
0.0
0.0
0.0
0.0
0.0
0.0
0.0
0.0
0.0
0.0
0.0
0.0
0.0
0.0
0.0
0.0
-4096.0
0.0
0.0
0.0
0.0
-45056.0
0.0
0.0
0.0
0.0
0.0
106496.0
0.0
0.0
0.0
0.0
0.0
0.0
0.0
0.0
0.0
0.0
0.0
0.0
0.0
0.0
0.0
0.0
0.0
0.0
0.0
0.0
0.0
0.0
0.0
0.0
0.0
0.0
0.0
1.0
0.0
0.0
0.0
0.0
0.0
0.0
0.0
-1.0
0.0
0.0
0.0
0.0
0.0
0.0
0.0
0.0
0.0
0.0
-1.0
0.0
0.0
0.0
0.0
0.0
0.0
0.0
-1.0
0.0
0.0
0.0
0.0
0.0
0.0
0.0
0.0
0.0
0.0
0.0
0.0
0.0
0.0
0.0
0.0
0.0
0.0
0.0
0.0
0.0
0.0
0.0
-1.0
0.0
0.0
0.0
0.0
0.0
0.0
0.0
0.0
0.0
1.0
0.0
0.0
0.0
0.0
0.0
0.0
0.0
0.0
0.0
0.0
0.0
0.0
0.0
1.0
0.0
0.0
0.0
0.0
0.0
0.0
0.0
0.0
0.0
-1.0
0.0
0.0
0.0
0.0
0.0
0.0
0.0
0.0
0.0
0.0
0.0
0.0
0.0
0.0
0.0
0.0
0.0
0.0
0.0
0.0
0.0
0.0
0.0
0.0
0.0
0.0
0.0
0.0
0.0
0.0
0.0
0.0
-1.0
0.0
0.0
0.0
0.0
0.0
0.0
0.0
0.0
0.0
0.0
0.0
0.0
0.0
0.0
0.0
0.0
0.0
0.0
0.0
0.0
0.0
0.0
0.0
0.0
0.0
0.0
0.0
0.0
0.0
0.0
0.0
0.0
0.0
0.0
0.0
0.0
0.0
-1.0
0.0
0.0
0.0
0.0
0.0
0.0
0.0
0.0
0.0
0.0
0.0
0.0
0.0
0.0
0.0
0.0
0.0
0.0
0.0
0.0
0.0
0.0
0.0
0.0
0.0
0.0
0.0
0.0
0.0
0.0
0.0
0.0
0.0
0.0
0.0
0.0
0.0
0.0
0.0
0.0
0.0
0.0
0.0
0.0
0.0
0.0
0.0
0.0
1.0
0.0
0.0
0.0
0.0
0.0
0.0
0.0
0.0
0.0
0.0
0.0
0.0
0.0
0.0
0.0
0.0
0.0
0.0
0.0
0.0
0.0
0.0
0.0
0.0
0.0
0.0
0.0
0.0
0.0
0.0
0.0
0.0
0.0
0.0
0.0
0.0
0.0
0.0
0.0
0.0
0.0
0.0
0.0
0.0
0.0
0.0
0.0
0.0
0.0
0.0
0.0
0.0
0.0
0.0
0.0
0.0
0.0
0.0
0.0
0.0
0.0
0.0
0.0
0.0
0.0
0.0
0.0
0.0
0.0
0.0
0.0
0.0
0.0
0.0
0.0
0.0
0.0
0.0
0.0
0.0
0.0
0.0
0.0
1.0
0.0
0.0
0.0
0.0
0.0
0.0
0.0
0.0
0.0
0.0
0.0
0.0
0.0
0.0
0.0
0.0
0.0
0.0
0.0
0.0
0.0
0.0
0.0
0.0
0.0
0.0
0.0
0.0
0.0
0.0
0.0
0.0
0.0
0.0
0.0
0.0
0.0
0.0
0.0
0.0
0.0
0.0
0.0
0.0
0.0
0.0
0.0
0.0
0.0
0.0
0.0
0.0
0.0
0.0
0.0
0.0
0.0
0.0
0.0
0.0
0.0
0.0
0.0
0.0
0.0
0.0
0.0
0.0
0.0
0.0
0.0
0.0
0.0
0.0
0.0
0.0
0.0
0.0
0.0
0.0
0.0
0.0
0.0
0.0
0.0
0.0
0.0
0.0
0.0
0.0
0.0
0.0
0.0
0.0
0.0
0.0
0.0
0.0
0.0
0.0
0.0
0.0
0.0
0.0
0.0
0.0
0.0
0.0
0.0
0.0
0.0
0.0
0.0
0.0
0.0
0.0
0.0
0.0
0.0
0.0
0.0
0.0
0.0
0.0
0.0
0.0
0.0
0.0
0.0
0.0
0.0
0.0
0.0
0.0
0.0
0.0
0.0
0.0
0.0
0.0
0.0
0.0
0.0
0.0
0.0
0.0
0.0
0.0
0.0
0.0
0.0
0.0
0.0
0.0
0.0
0.0
0.0
0.0
0.0
0.0
0.0
0.0
0.0
0.0
0.0
0.0
0.0
0.0
0.0
0.0
0.0
0.0
0.0
0.0
0.0
0.0
0.0
0.0
0.0
0.0
0.0
0.0
0.0
0.0
0.0
0.0
0.0
0.0
0.0
0.0
0.0
0.0
0.0
0.0
0.0
0.0
0.0
0.0
0.0
0.0
0.0
0.0
0.0
0.0
0.0
0.0
0.0
0.0
0.0
0.0
0.0
0.0
0.0
0.0
0.0
0.0
0.0
0.0
0.0
0.0
0.0
0.0
0.0
0.0
0.0
0.0
0.0
0.0
0.0
0.0
0.0
0.0
0.0
0.0
0.0
0.0
0.0
0.0
0.0
0.0
0.0
0.0
0.0
0.0
0.0
0.0
0.0
0.0
0.0
0.0
0.0
0.0
0.0
0.0
0.0
0.0
0.0
0.0
0.0
0.0
0.0
0.0
0.0
0.0
0.0
0.0
0.0
0.0
0.0
0.0
0.0
0.0
0.0
0.0
0.0
0.0
0.0
0.0
0.0
0.0
0.0
0.0
0.0
0.0
0.0
0.0
0.0
0.0
0.0
0.0
0.0
0.0
0.0
0.0
0.0
0.0
0.0
0.0
0.0
0.0
0.0
0.0
-1.0
0.0
0.0
0.0
0.0
0.0
0.0
0.0
0.0
0.0
0.0
0.0
0.0
0.0
0.0
0.0
0.0
0.0
0.0
0.0
0.0
0.0
0.0
0.0
0.0
0.0
0.0
0.0
0.0
0.0
0.0
0.0
0.0
0.0
0.0
0.0
0.0
0.0
0.0
0.0
0.0
0.0
0.0
0.0
0.0
0.0
0.0
0.0
0.0
0.0
0.0
0.0
0.0
0.0
0.0
0.0
0.0
0.0
0.0
0.0
0.0
0.0
0.0
0.0
0.0
0.0
0.0
0.0
0.0
0.0
0.0
0.0
0.0
0.0
0.0
0.0
0.0
0.0
0.0
0.0
0.0
0.0
0.0
0.0
0.0
0.0
0.0
0.0
0.0
0.0
0.0
0.0
0.0
0.0
0.0
0.0
0.0
0.0
0.0
0.0
0.0
0.0
0.0
0.0
0.0
0.0
0.0
0.0
0.0
0.0
0.0
0.0
0.0
0.0
0.0
0.0
0.0
0.0
0.0
0.0
0.0
0.0
0.0
0.0
0.0
0.0
0.0
0.0
0.0
0.0
-1.0
0.0
0.0
0.0
0.0
0.0
0.0
0.0
0.0
0.0
0.0
0.0
0.0
0.0
0.0
0.0
0.0
0.0
0.0
0.0
0.0
0.0
0.0
0.0
0.0
0.0
0.0
0.0
0.0
0.0
0.0
0.0
0.0
0.0
0.0
0.0
0.0
0.0
0.0
0.0
0.0
0.0
0.0
0.0
0.0
0.0
0.0
0.0
0.0
0.0
0.0
0.0
0.0
0.0
0.0
0.0
0.0
0.0
0.0
0.0
0.0
0.0
0.0
0.0
0.0
0.0
0.0
0.0
0.0
0.0
0.0
0.0
0.0
0.0
0.0
0.0
0.0
0.0
0.0
0.0
0.0
0.0
0.0
0.0
0.0
0.0
0.0
0.0
0.0
0.0
0.0
0.0
0.0
0.0
0.0
0.0
0.0
0.0
0.0
0.0
0.0
0.0
0.0
0.0
0.0
0.0
0.0
0.0
0.0
0.0
0.0
0.0
0.0
0.0
0.0
0.0
0.0
0.0
0.0
0.0
0.0
0.0
0.0
0.0
0.0
0.0
0.0
0.0
0.0
0.0
0.0
0.0
0.0
0.0
0.0
0.0
0.0
0.0
0.0
0.0
0.0
0.0
0.0
0.0
0.0
0.0
0.0
0.0
0.0
0.0
0.0
0.0
0.0
0.0
0.0
0.0
0.0
0.0
0.0
1.0
0.0
0.0
0.0
0.0
0.0
0.0
0.0
0.0
0.0
0.0
0.0
0.0
0.0
0.0
0.0
0.0
0.0
0.0
0.0
0.0
0.0
0.0
0.0
0.0
0.0
0.0
0.0
0.0
0.0
0.0
0.0
0.0
0.0
0.0
0.0
0.0
0.0
0.0
0.0
0.0
0.0
0.0
0.0
0.0
0.0
0.0
0.0
0.0
0.0
0.0
0.0
0.0
0.0
0.0
0.0
0.0
0.0
0.0
0.0
0.0
0.0
0.0
0.0
0.0
0.0
0.0
0.0
0.0
0.0
0.0
0.0
0.0
0.0
0.0
0.0
0.0
0.0
0.0
0.0
0.0
0.0
0.0
0.0
0.0
0.0
0.0
0.0
0.0
0.0
0.0
0.0
0.0
0.0
0.0
0.0
0.0
0.0
0.0
0.0
0.0
0.0
0.0
0.0
0.0
0.0
0.0
0.0
0.0
0.0
0.0
0.0
0.0
0.0
0.0
0.0
0.0
0.0
0.0
0.0
0.0
0.0
0.0
0.0
0.0
0.0
0.0
0.0
0.0
0.0
0.0
0.0
0.0
0.0
0.0
0.0
0.0
0.0
0.0
0.0
0.0
0.0
0.0
0.0
0.0
0.0
0.0
0.0
0.0
0.0
0.0
0.0
0.0
0.0
0.0
0.0
0.0
0.0
0.0
0.0
0.0
0.0
0.0
0.0
0.0
0.0
0.0
0.0
0.0
0.0
0.0
0.0
0.0
0.0
0.0
0.0
0.0
0.0
0.0
0.0
0.0
0.0
0.0
0.0
0.0
0.0
0.0
0.0
0.0
0.0
0.0
0.0
0.0
0.0
0.0
0.0
0.0
0.0
0.0
0.0
0.0
0.0
0.0
0.0
0.0
1.0
0.0
0.0
0.0
0.0
0.0
0.0
0.0
0.0
0.0
0.0
0.0
0.0
0.0
0.0
0.0
0.0
0.0
0.0
0.0
0.0
0.0
0.0
0.0
0.0
0.0
0.0
0.0
0.0
0.0
0.0
0.0
0.0
0.0
0.0
0.0
0.0
0.0
0.0
0.0
0.0
0.0
0.0
0.0
0.0
0.0
0.0
0.0
0.0
0.0
0.0
0.0
0.0
0.0
0.0
0.0
0.0
0.0
0.0
0.0
0.0
0.0
0.0
0.0
0.0
0.0
0.0
0.0
0.0
0.0
0.0
0.0
0.0
0.0
0.0
0.0
0.0
0.0
0.0
0.0
0.0
0.0
0.0
0.0
0.0
0.0
0.0
0.0
0.0
0.0
0.0
0.0
0.0
0.0
0.0
0.0
0.0
0.0
0.0
0.0
0.0
0.0
0.0
0.0
0.0
0.0
0.0
0.0
0.0
0.0
0.0
0.0
0.0
0.0
0.0
0.0
0.0
0.0
0.0
0.0
0.0
0.0
0.0
0.0
0.0
0.0
0.0
0.0
0.0
0.0
0.0
0.0
0.0
0.0
0.0
0.0
0.0
0.0
0.0
0.0
0.0
0.0
0.0
0.0
0.0
0.0
0.0
0.0
0.0
0.0
0.0
0.0
0.0
0.0
0.0
0.0
0.0
0.0
0.0
0.0
0.0
0.0
0.0
0.0
0.0
0.0
0.0
0.0
0.0
0.0
0.0
0.0
0.0
0.0
0.0
0.0
0.0
0.0
0.0
0.0
0.0
0.0
0.0
0.0
0.0
0.0
0.0
0.0
0.0
0.0
0.0
0.0
0.0
0.0
0.0
0.0
0.0
0.0
0.0
0.0
0.0
0.0
0.0
0.0
0.0
0.0
0.0
0.0
0.0
0.0
0.0
0.0
0.0
0.0
0.0
0.0
0.0
0.0
0.0
0.0
0.0
0.0
0.0
0.0
0.0
0.0
0.0
0.0
0.0
0.0
0.0
0.0
0.0
0.0
0.0
0.0
0.0
0.0
0.0
0.0
0.0
0.0
0.0
0.0
0.0
0.0
0.0
0.0
0.0
0.0
0.0
0.0
0.0
0.0
0.0
0.0
0.0
0.0
0.0
0.0
0.0
0.0
0.0
0.0
0.0
0.0
0.0
0.0
0.0
0.0
0.0
0.0
0.0
0.0
0.0
0.0
0.0
0.0
0.0
0.0
0.0
0.0
0.0
0.0
0.0
0.0
0.0
0.0
0.0
0.0
0.0
0.0
0.0
0.0
0.0
0.0
0.0
0.0
0.0
0.0
0.0
0.0
0.0
0.0
0.0
0.0
0.0
0.0
0.0
0.0
0.0
0.0
0.0
0.0
0.0
0.0
0.0
0.0
0.0
0.0
0.0
0.0
0.0
0.0
0.0
0.0
0.0
0.0
0.0
0.0
0.0
0.0
0.0
0.0
0.0
0.0
0.0
0.0
0.0
0.0
0.0
0.0
0.0
0.0
0.0
0.0
0.0
0.0
0.0
0.0
0.0
0.0
0.0
0.0
0.0
0.0
0.0
0.0
0.0
0.0
0.0
0.0
0.0
0.0
0.0
0.0
0.0
0.0
0.0
0.0
0.0
0.0
0.0
0.0
0.0
0.0
0.0
0.0
0.0
0.0
0.0
0.0
0.0
0.0
0.0
0.0
0.0
0.0
0.0
0.0
0.0
0.0
0.0
0.0
0.0
0.0
0.0
0.0
0.0
0.0
0.0
0.0
0.0
0.0
0.0
0.0
0.0
0.0
0.0
0.0
0.0
0.0
100.0
155648.0
0.0
0.0
0.0
0.0
0.0
0.0
0.0
0.0
0.0
0.0
0.0
0.0
0.0
0.0
0.0
0.0
0.0
0.0
0.0
0.0
0.0
0.0
0.0
0.0
0.0
0.0
