0.43573466
0.0029840586
0.02652607
0.012214514
0.0018113061
0.0018162754
0.0017715518
0.0032424615
0.0019355384
0.0018932994
0.0018386372
0.0019852312
0.0018386372
0.0016796199
0.0016895585
0.0018237294
0.0015379952
0.0023330816
0.0018386372
0.0017119204
0.0016050806
0.0017119204
0.001756644
0.0019579001
0.0019777773
0.0016274424
0.0017640978
0.0016547735
0.001672166
0.0014957562
0.0014907869
0.0015230873
0.0020871018
0.0026834165
0.001938023
0.0016746507
0.0016746507
0.0014808484
0.001637381
0.001903238
0.001783975
0.0016348964
0.0017417361
0.0017665825
0.0014808484
0.0017119204
0.0017690671
0.0017293128
0.0017392514
0.0017193742
0.0017740364
0.001875907
0.0015379952
0.0015678109
0.0016473195
0.0016647121
0.0015752648
0.001756644
0.0016199885
0.0015379952
0.001714405
0.0015156334
0.0015926574
0.001826214
0.0019926853
0.001756644
0.001833668
0.0017243435
0.0016622274
0.0019405077
0.0018187601
0.0021293408
0.001895784
0.001960385
0.0018162754
0.0018013675
0.0016199885
0.0018286987
0.001560357
0.0015976267
0.0017392514
0.0017765211
0.004109603
0.0016647121
0.001791429
0.0021492178
0.0015131488
0.0023827744
0.0021566718
0.0016025959
0.0019852312
0.011175932
0.004261166
0.0017293128
0.001895784
0.0025566996
0.0017616132
0.001868453
0.0017715518
0.0017740364
0.0015131488
0.0018436065
0.0018311833
0.0018883301
0.0014758791
0.0017616132
0.0017740364
0.0018311833
0.0016821045
0.0018162754
0.0017417361
0.0019280844
0.0016175038
0.0016845892
0.0017293128
0.0017044664
0.0016970125
0.0018162754
0.0017342821
0.0019976546
0.0018088215
0.0016696814
0.0014883023
0.0017963983
0.0015280566
0.0014237015
0.0014883023
0.00174919
0.002539307
0.0018560297
0.0014485479
0.0017939137
0.0016398657
0.0017640978
0.0018237294
0.0021889722
0.002477191
0.0023181736
0.0019479616
0.0021218867
0.0016473195
0.0014659405
0.0016597428
0.001672166
0.0017243435
0.006723449
0.0015901728
0.0024796757
0.0016050806
0.0015156334
0.001714405
0.0021069788
0.0015777495
0.0024225288
0.0021218867
0.0017293128
0.0016821045
0.0016050806
0.0016249578
0.0030561131
0.003155499
0.0017268282
0.0037468446
0.0026063926
0.0017168897
0.0014609712
0.0014758791
0.0016498042
0.0017467054
0.0017367668
0.001903238
0.0015131488
0.0016473195
0.0018187601
0.0017616132
0.0015827188
0.0017069511
0.0019082073
0.0028026795
0.0021194022
0.0032002227
0.0018485758
0.0016348964
0.0017193742
0.0015901728
0.0015876881
0.0016845892
0.0020398935
0.0015827188
0.0015727802
0.0015081795
0.001826214
0.001938023
0.0016746507
0.0017019818
0.001833668
0.0016423502
0.0014261862
0.0015131488
0.0020697091
0.0016746507
0.0017814904
0.0018038522
0.0015330259
0.001833668
0.0014783638
0.0016498042
0.0017317975
0.0015404798
0.0017218589
0.0017019818
0.0016274424
0.0015404798
0.0015056948
0.0017293128
0.002099525
0.0017317975
0.0016771354
0.001868453
0.0019206305
0.0015578724
0.0016423502
0.0015802342
0.0015926574
0.0016821045
0.0017516747
0.0016771354
0.0016945278
0.0016448349
0.0013963705
0.0016547735
0.0015529031
0.0017541593
0.0019529309
0.0049618357
0.0020100777
0.0016895585
0.0054612495
0.011834363
0.0025765768
0.002462283
0.010490171
0.0040201554
0.0024896143
0.0021591564
0.0022833887
0.001938023
0.0016994971
0.0017765211
0.0019280844
0.0016994971
0.0020523167
0.0060625337
0.0019678387
0.0019852312
0.015707925
0.37244898
0.0
0.0
0.0
0.0
0.0
0.0
0.0
0.0
0.0
0.0
0.0
0.0
0.0
0.0
0.0
0.0023018974
0.0
0.0
0.0
0.0
0.0
0.0
0.0
0.0
0.00024912308
0.0
0.0
0.0
0.0
0.0
0.0
0.007029008
1.370177e-05
1.6193e-05
8.345623e-05
7.22457e-05
4.1105308e-05
0.00017189494
0.00010961416
1.6193e-05
4.9824616e-06
8.719308e-06
1.1210539e-05
9.964923e-06
1.370177e-05
4.608777e-05
4.9824616e-06
0.0018036511
0.0
0.0
0.0
0.0
0.0
0.0
0.0
0.0
0.00074736925
0.0
0.0
0.0
0.0
0.0
0.0
0.0034179688
2.491231e-05
1.1210539e-05
9.964923e-06
1.2456155e-05
7.349131e-05
3.1140386e-05
1.7438617e-05
1.6193e-05
0.0012580716
1.7438617e-05
1.6193e-05
1.2456155e-05
2.3666693e-05
7.847377e-05
8.0965e-05
0.0
0.0
0.0
0.0
0.0
0.0
0.0
0.0
0.0
0.0
0.0
0.0
0.0
0.0
0.0
0.0
0.0019680725
4.7333386e-05
3.3631615e-05
3.7368463e-05
1.8684232e-05
2.8649156e-05
3.3631615e-05
3.4877234e-05
4.4842156e-05
3.2386e-05
2.8649156e-05
2.740354e-05
2.8649156e-05
2.3666693e-05
2.3666693e-05
0.00013950893
0.0036110391
4.608777e-05
6.8508845e-05
7.598254e-05
0.00011833347
9.964924e-05
0.0002578424
0.00012829839
8.2210616e-05
5.231585e-05
0.00010836854
8.345623e-05
5.8543927e-05
8.2210616e-05
7.349131e-05
0.00015570193
0.0032896705
0.00011833347
0.00018684231
6.975447e-05
0.0002503687
0.00014200016
4.8579e-05
7.349131e-05
0.00018435108
3.3631615e-05
5.3561464e-05
4.7333386e-05
0.00015196508
5.1070234e-05
0.00016068439
0.00024040378
0.0067736567
0.00019057916
0.0004758251
0.00033008808
0.00029271963
0.00092175545
0.00022794762
0.00018933354
0.00030517578
0.0010326152
0.00014324578
0.00024538624
0.00024663185
7.100008e-05
0.0003799127
0.00092922914
0.0029869857
0.00023542132
0.0002889828
0.00020552655
0.0002578424
0.00034129864
0.00021424585
0.0001694037
0.00022047393
0.0015296157
0.00010961416
0.00015071947
0.0001208247
0.0001694037
0.00027154415
0.00038115832
0.0060499543
0.00015943877
0.00030891263
0.00030393017
0.00027154415
0.00027154415
0.00035749163
0.00034254426
0.00040856187
0.00038240393
0.00038115832
0.00038614077
0.00046959703
0.00045589524
0.0004284917
0.0017774933
0.008138851
0.00069007097
0.0008993343
0.00074363244
0.001376405
0.0011085977
0.00069131656
0.00048080756
0.0013352997
0.0018646863
0.000388632
0.00038489516
0.0009827906
0.0003873864
0.00095414143
0.0025323362
0.0224435
0.0030903718
0.003952338
0.0029957052
0.002960828
0.0070589026
0.0029633192
0.0029720385
0.0036160217
0.0043671275
0.0046598474
0.00381532
0.0036969867
0.0031377054
0.0066192006
0.013487524
0.02125269
0.0045290575
0.0045427596
0.0044094785
0.0046299524
0.009745695
0.0044555664
0.004007145
0.004916444
0.0048977598
0.005759726
0.0057310765
0.0045813737
0.0046361806
0.010501783
0.013648208
0.03718785
0.01851981
0.017900739
0.017368862
0.01863939
0.024695572
0.01863939
0.01831802
0.01925846
0.018838689
0.019642109
0.019477688
0.016964037
0.018009108
0.025845274
0.027429698
945.0
8.11746
7671.0
0.010428888
0.055403467
0.0149915265
0.010168166
0.009907444
0.006257333
0.007821666
0.011211054
0.008212749
0.007300222
0.009646721
0.0109503325
0.0089949155
0.010689611
0.012775388
0.00951636
0.008473472
0.008734194
0.011732499
0.012514666
0.008864555
0.00951636
0.00951636
0.008343111
0.007691305
0.009646721
0.007821666
0.006648416
0.008343111
0.009255638
0.0046929996
0.006648416
0.009777082
0.010168166
0.009125277
0.008734194
0.010298527
0.007952027
0.008082388
0.008343111
0.008082388
0.009125277
0.006387694
0.0071698604
0.010819972
0.009255638
0.009125277
0.006648416
0.008473472
0.008603833
0.1250163
0.008864555
0.011080693
0.010559249
0.006387694
0.006387694
0.008082388
0.006126972
0.005214444
0.010689611
0.011211054
0.004953722
0.005605527
0.0070394995
0.006778777
0.0109503325
0.01186286
0.009125277
0.008603833
0.016034415
0.006778777
0.007691305
0.0053448053
0.009907444
0.006387694
0.0069091385
0.012514666
0.006648416
0.010037805
0.020336332
0.0069091385
0.0054751663
0.010428888
0.008082388
0.01303611
0.0057358886
0.009255638
0.008212749
0.010298527
0.006257333
0.0059966105
0.005605527
0.0043019163
0.006387694
0.006387694
0.005605527
6.1665077
0.0
0.0
0.0
1.0
402472.0
413696.0
0.0
0.0
3.0
0.0
1.0
0.0
0.0
0.0
1372762800.0
0.0
0.0
0.0
0.0
0.0
1.0
0.0
0.0
0.0
0.0
0.0
0.0
-1.0
0.0
-1.0
-1.0
0.0
0.0
0.0
0.0
0.0
0.0
0.0
0.0
0.0
0.0
0.0
0.0
-1.0
0.0
0.0
0.0
0.0
0.0
0.0
0.0
0.0
0.0
0.0
0.0
0.0
-1.0
0.0
0.0
0.0
0.0
0.0
0.0
0.0
0.0
0.0
0.0
2.0
50.0
4.0
0.0
4.0
0.0
180224.0
4096.0
4096.0
4.0
0.0
0.0
4.0
4.0
0.0
0.0
0.0
0.0
0.0
0.0
0.0
0.0
0.0
0.0
0.0
0.0
0.0
0.0
0.0
0.0
0.0
0.0
0.0
512.0
0.0
0.0
0.0
0.0
193024.0
0.0
0.0
0.0
0.0
0.0
0.0
0.0
0.0
0.0
0.0
0.0
0.0
0.0
0.0
0.0
0.0
0.0
0.0
25088.0
0.0
0.0
179712.0
0.0
0.0
0.0
0.0
0.0
0.0
0.0
0.0
0.0
0.0
0.0
0.0
0.0
0.0
0.0
0.0
0.0
0.0
0.0
0.0
0.0
0.0
2.7609816
0.0
0.0
0.0
0.0
7.4429026
0.0
0.0
0.0
0.0
0.0
0.0
0.0
0.0
0.0
0.0
0.0
0.0
0.0
0.0
0.0
0.0
0.0
0.0
5.9372888
0.0
0.0
1.705203
0.0
0.0
0.0
0.0
0.0
0.0
0.0
0.0
0.0
0.0
0.0
0.0
0.0
0.0
0.0
0.0
0.0
0.0
0.0
0.0
0.0
0.0
461.0
0.0
0.0
0.0
0.0
196608.0
0.0
0.0
0.0
0.0
0.0
0.0
0.0
0.0
0.0
0.0
0.0
0.0
0.0
0.0
0.0
0.0
0.0
0.0
28672.0
0.0
0.0
180224.0
0.0
0.0
0.0
0.0
0.0
0.0
0.0
0.0
0.0
0.0
0.0
0.0
0.0
0.0
0.0
0.0
0.0
0.0
0.0
0.0
0.0
0.0
0.0
-3.0
0.0
0.0
0.0
0.0
0.0
1.0
0.0
0.0
0.0
0.0
-1.0
0.0
0.0
0.0
0.0
0.0
0.0
0.0
0.0
0.0
0.0
0.0
0.0
0.0
1.0
0.0
0.0
0.0
0.0
0.0
0.0
0.0
0.0
0.0
0.0
0.0
0.0
0.0
0.0
0.0
0.0
0.0
-1.0
0.0
0.0
0.0
0.0
0.0
0.0
0.0
0.0
0.0
1.0
0.0
0.0
0.0
0.0
1.0
0.0
0.0
0.0
0.0
0.0
0.0
0.0
0.0
1.0
0.0
0.0
0.0
0.0
0.0
0.0
0.0
0.0
0.0
0.0
0.0
0.0
0.0
0.0
0.0
0.0
0.0
0.0
0.0
0.0
0.0
0.0
0.0
0.0
0.0
0.0
0.0
0.0
0.0
0.0
0.0
0.0
0.0
0.0
0.0
0.0
0.0
0.0
0.0
0.0
0.0
0.0
-1.0
0.0
0.0
0.0
0.0
0.0
0.0
0.0
0.0
0.0
0.0
0.0
0.0
0.0
0.0
0.0
0.0
0.0
0.0
0.0
0.0
0.0
0.0
0.0
0.0
0.0
0.0
0.0
0.0
0.0
0.0
0.0
0.0
0.0
0.0
0.0
0.0
0.0
0.0
0.0
0.0
0.0
0.0
0.0
0.0
0.0
0.0
0.0
0.0
0.0
0.0
0.0
0.0
0.0
0.0
0.0
0.0
0.0
0.0
0.0
0.0
0.0
0.0
0.0
0.0
0.0
0.0
0.0
0.0
0.0
-1.0
0.0
0.0
0.0
0.0
0.0
0.0
0.0
0.0
0.0
0.0
0.0
0.0
0.0
0.0
0.0
0.0
1.0
0.0
0.0
0.0
0.0
0.0
0.0
0.0
0.0
0.0
0.0
0.0
0.0
0.0
0.0
0.0
0.0
0.0
0.0
0.0
0.0
0.0
0.0
0.0
0.0
0.0
0.0
0.0
0.0
0.0
0.0
0.0
0.0
0.0
0.0
0.0
0.0
0.0
0.0
0.0
0.0
0.0
0.0
0.0
0.0
0.0
0.0
0.0
0.0
0.0
0.0
0.0
0.0
0.0
0.0
0.0
0.0
0.0
0.0
0.0
0.0
0.0
0.0
0.0
0.0
0.0
0.0
0.0
0.0
0.0
0.0
0.0
0.0
0.0
0.0
0.0
0.0
0.0
0.0
0.0
0.0
0.0
0.0
0.0
0.0
0.0
0.0
0.0
0.0
0.0
0.0
0.0
0.0
0.0
0.0
0.0
0.0
0.0
0.0
0.0
0.0
0.0
0.0
0.0
0.0
0.0
0.0
0.0
0.0
0.0
0.0
0.0
0.0
0.0
0.0
0.0
0.0
0.0
0.0
0.0
0.0
0.0
0.0
0.0
0.0
0.0
0.0
0.0
0.0
0.0
0.0
0.0
0.0
0.0
0.0
0.0
0.0
0.0
0.0
0.0
0.0
0.0
0.0
0.0
0.0
0.0
0.0
0.0
0.0
0.0
0.0
0.0
0.0
0.0
0.0
0.0
0.0
0.0
0.0
0.0
0.0
0.0
0.0
0.0
0.0
0.0
0.0
0.0
0.0
0.0
0.0
0.0
0.0
0.0
0.0
0.0
0.0
0.0
0.0
0.0
0.0
0.0
0.0
0.0
0.0
0.0
0.0
0.0
0.0
0.0
0.0
0.0
0.0
0.0
0.0
0.0
0.0
0.0
0.0
0.0
0.0
0.0
0.0
0.0
0.0
0.0
0.0
0.0
0.0
0.0
0.0
0.0
0.0
0.0
0.0
0.0
0.0
0.0
0.0
0.0
0.0
0.0
0.0
0.0
0.0
0.0
0.0
0.0
0.0
0.0
0.0
0.0
0.0
0.0
0.0
0.0
0.0
0.0
0.0
0.0
0.0
0.0
0.0
0.0
0.0
0.0
0.0
0.0
0.0
0.0
0.0
0.0
0.0
0.0
0.0
0.0
0.0
0.0
0.0
0.0
0.0
0.0
0.0
0.0
0.0
0.0
0.0
0.0
0.0
0.0
0.0
0.0
0.0
0.0
0.0
0.0
0.0
0.0
0.0
0.0
0.0
0.0
0.0
0.0
0.0
0.0
0.0
0.0
0.0
0.0
0.0
0.0
0.0
0.0
0.0
0.0
0.0
0.0
0.0
0.0
0.0
0.0
0.0
0.0
0.0
0.0
0.0
0.0
0.0
0.0
0.0
0.0
-1.0
0.0
0.0
0.0
0.0
0.0
0.0
0.0
0.0
0.0
0.0
0.0
0.0
0.0
0.0
0.0
0.0
0.0
0.0
0.0
0.0
0.0
0.0
0.0
0.0
0.0
0.0
0.0
0.0
0.0
0.0
0.0
0.0
0.0
0.0
0.0
0.0
0.0
0.0
0.0
0.0
0.0
0.0
0.0
0.0
0.0
0.0
0.0
0.0
0.0
0.0
0.0
0.0
0.0
0.0
0.0
0.0
0.0
0.0
0.0
0.0
0.0
0.0
0.0
0.0
0.0
0.0
0.0
0.0
0.0
0.0
0.0
0.0
0.0
0.0
0.0
0.0
0.0
0.0
0.0
0.0
0.0
0.0
0.0
0.0
0.0
0.0
0.0
0.0
0.0
0.0
0.0
0.0
0.0
0.0
0.0
0.0
0.0
0.0
0.0
0.0
0.0
0.0
0.0
0.0
0.0
0.0
0.0
0.0
0.0
0.0
0.0
0.0
0.0
0.0
0.0
0.0
0.0
0.0
0.0
0.0
0.0
0.0
0.0
0.0
0.0
0.0
0.0
0.0
0.0
0.0
0.0
0.0
0.0
0.0
0.0
0.0
0.0
0.0
0.0
0.0
0.0
0.0
0.0
0.0
0.0
0.0
0.0
0.0
0.0
0.0
0.0
0.0
0.0
0.0
0.0
0.0
0.0
0.0
0.0
0.0
0.0
0.0
0.0
0.0
0.0
0.0
0.0
0.0
0.0
0.0
0.0
0.0
0.0
0.0
0.0
0.0
0.0
0.0
0.0
0.0
0.0
0.0
0.0
0.0
0.0
0.0
0.0
0.0
0.0
0.0
0.0
0.0
0.0
0.0
0.0
0.0
0.0
0.0
0.0
0.0
0.0
0.0
0.0
0.0
0.0
0.0
0.0
0.0
0.0
0.0
0.0
0.0
0.0
0.0
0.0
0.0
0.0
0.0
0.0
-1.0
0.0
0.0
0.0
0.0
0.0
0.0
0.0
0.0
0.0
0.0
0.0
0.0
0.0
0.0
0.0
0.0
0.0
0.0
0.0
0.0
0.0
0.0
0.0
0.0
0.0
0.0
0.0
0.0
0.0
0.0
0.0
0.0
0.0
0.0
0.0
0.0
0.0
0.0
0.0
0.0
0.0
0.0
0.0
0.0
0.0
0.0
0.0
0.0
0.0
0.0
0.0
0.0
0.0
0.0
0.0
0.0
0.0
0.0
0.0
0.0
0.0
0.0
0.0
0.0
0.0
0.0
0.0
0.0
0.0
0.0
0.0
0.0
0.0
0.0
0.0
0.0
0.0
0.0
0.0
0.0
0.0
0.0
0.0
0.0
0.0
0.0
0.0
0.0
0.0
0.0
0.0
0.0
0.0
0.0
0.0
0.0
0.0
0.0
0.0
0.0
0.0
0.0
0.0
0.0
0.0
0.0
0.0
0.0
0.0
0.0
0.0
0.0
0.0
0.0
0.0
0.0
0.0
0.0
0.0
0.0
0.0
0.0
0.0
0.0
0.0
0.0
0.0
0.0
0.0
0.0
0.0
0.0
0.0
0.0
0.0
0.0
0.0
0.0
0.0
0.0
0.0
0.0
0.0
0.0
0.0
0.0
0.0
0.0
0.0
0.0
0.0
0.0
0.0
0.0
0.0
0.0
0.0
0.0
0.0
0.0
0.0
0.0
0.0
0.0
0.0
0.0
0.0
0.0
0.0
0.0
0.0
0.0
0.0
0.0
0.0
0.0
0.0
0.0
0.0
0.0
0.0
0.0
0.0
0.0
0.0
0.0
0.0
-1.0
0.0
0.0
0.0
0.0
0.0
0.0
0.0
0.0
0.0
0.0
0.0
0.0
0.0
0.0
0.0
0.0
0.0
0.0
0.0
0.0
0.0
0.0
0.0
0.0
0.0
0.0
0.0
0.0
0.0
0.0
0.0
0.0
0.0
0.0
0.0
0.0
0.0
0.0
0.0
0.0
0.0
0.0
0.0
0.0
0.0
0.0
0.0
0.0
0.0
0.0
0.0
0.0
0.0
0.0
0.0
0.0
0.0
0.0
0.0
0.0
0.0
0.0
0.0
0.0
0.0
0.0
0.0
0.0
0.0
0.0
0.0
0.0
0.0
0.0
0.0
0.0
0.0
0.0
0.0
0.0
0.0
0.0
0.0
0.0
0.0
0.0
0.0
0.0
0.0
0.0
0.0
0.0
0.0
0.0
0.0
0.0
0.0
0.0
0.0
0.0
0.0
0.0
0.0
0.0
0.0
0.0
0.0
0.0
0.0
0.0
0.0
0.0
0.0
0.0
0.0
0.0
0.0
0.0
0.0
0.0
0.0
0.0
0.0
0.0
0.0
0.0
0.0
0.0
0.0
0.0
0.0
0.0
0.0
0.0
0.0
0.0
0.0
0.0
0.0
0.0
0.0
0.0
0.0
0.0
0.0
0.0
0.0
0.0
0.0
0.0
0.0
0.0
0.0
0.0
0.0
0.0
0.0
0.0
0.0
0.0
0.0
0.0
0.0
0.0
0.0
0.0
0.0
0.0
0.0
0.0
0.0
0.0
0.0
0.0
0.0
0.0
0.0
0.0
0.0
0.0
0.0
0.0
0.0
0.0
0.0
0.0
0.0
0.0
0.0
0.0
0.0
0.0
0.0
0.0
0.0
0.0
0.0
0.0
0.0
0.0
0.0
0.0
0.0
0.0
0.0
0.0
0.0
0.0
0.0
0.0
0.0
0.0
0.0
0.0
0.0
0.0
0.0
0.0
0.0
0.0
0.0
0.0
0.0
0.0
0.0
0.0
0.0
0.0
0.0
0.0
0.0
0.0
0.0
0.0
0.0
0.0
0.0
0.0
0.0
0.0
0.0
0.0
0.0
0.0
0.0
0.0
0.0
0.0
0.0
0.0
0.0
0.0
0.0
0.0
0.0
0.0
0.0
0.0
0.0
0.0
0.0
0.0
0.0
0.0
0.0
0.0
0.0
0.0
0.0
0.0
0.0
0.0
0.0
0.0
0.0
0.0
0.0
0.0
0.0
0.0
0.0
0.0
0.0
0.0
0.0
0.0
0.0
0.0
0.0
0.0
0.0
0.0
0.0
0.0
0.0
0.0
0.0
0.0
0.0
0.0
0.0
0.0
0.0
0.0
0.0
0.0
0.0
0.0
0.0
0.0
0.0
0.0
0.0
0.0
0.0
0.0
0.0
0.0
0.0
0.0
0.0
0.0
0.0
0.0
0.0
0.0
0.0
0.0
0.0
0.0
0.0
0.0
0.0
0.0
0.0
0.0
0.0
0.0
0.0
0.0
0.0
0.0
0.0
0.0
0.0
0.0
0.0
0.0
0.0
0.0
0.0
0.0
0.0
0.0
0.0
0.0
0.0
0.0
0.0
0.0
0.0
0.0
0.0
0.0
0.0
0.0
0.0
0.0
0.0
0.0
0.0
0.0
0.0
0.0
0.0
0.0
0.0
0.0
0.0
0.0
0.0
0.0
0.0
0.0
0.0
0.0
0.0
0.0
0.0
0.0
0.0
0.0
0.0
0.0
0.0
0.0
0.0
0.0
0.0
0.0
0.0
0.0
0.0
0.0
0.0
0.0
0.0
0.0
0.0
0.0
0.0
0.0
0.0
0.0
0.0
0.0
0.0
0.0
0.0
0.0
0.0
0.0
0.0
0.0
0.0
0.0
0.0
0.0
0.0
0.0
0.0
0.0
0.0
0.0
0.0
0.0
0.0
0.0
0.0
0.0
0.0
0.0
0.0
0.0
0.0
0.0
0.0
0.0
0.0
0.0
0.0
0.0
0.0
0.0
0.0
0.0
0.0
0.0
0.0
0.0
0.0
0.0
0.0
0.0
0.0
0.0
0.0
0.0
0.0
0.0
0.0
0.0
0.0
0.0
0.0
0.0
0.0
0.0
0.0
0.0
0.0
0.0
0.0
0.0
0.0
0.0
0.0
0.0
0.0
0.0
0.0
0.0
0.0
0.0
0.0
0.0
0.0
0.0
0.0
0.0
0.0
0.0
0.0
0.0
0.0
0.0
0.0
0.0
0.0
0.0
0.0
0.0
0.0
0.0
0.0
0.0
0.0
0.0
0.0
0.0
0.0
0.0
0.0
0.0
0.0
0.0
0.0
0.0
0.0
0.0
0.0
0.0
0.0
0.0
0.0
0.0
0.0
0.0
0.0
0.0
0.0
0.0
0.0
0.0
0.0
0.0
0.0
0.0
0.0
0.0
0.0
0.0
0.0
0.0
0.0
0.0
0.0
0.0
0.0
0.0
0.0
0.0
0.0
0.0
0.0
0.0
0.0
0.0
0.0
0.0
0.0
0.0
80.0
409600.0
24692.0
380928.0
0.0
0.0
0.0
0.0
0.0
0.0
0.0
0.0
0.0
0.0
0.0
0.0
0.0
0.0
0.0
0.0
0.0
0.0
0.0
0.0
0.0
0.0
0.0
0.0
