0.090577625
0.018496254
0.007858512
0.024333507
0.0058721034
0.005532323
0.004399721
0.0034370099
0.0026616135
0.0024742987
0.0025091479
0.0024568741
0.0025788464
0.0022477785
0.0026703258
0.0025527095
0.0027966544
0.0031059417
0.0026703258
0.0023087645
0.002378463
0.0024742987
0.002321833
0.0023044085
0.0027966544
0.002265203
0.002317477
0.0026354766
0.008498867
0.0024655864
0.0027356683
0.018587733
0.0025135041
0.0022259976
0.0021388743
0.002975257
0.002269559
0.0020604634
0.002073532
0.0024133124
0.0024394493
0.002321833
0.002539641
0.0020604634
0.002535285
0.002343614
0.0021214497
0.002212929
0.0025004356
0.002182436
0.002539641
0.0026006273
0.002265203
0.0022085728
0.0033106813
0.0024046001
0.0026311204
0.0019951211
0.0021519428
0.002130162
0.002156299
0.0020822443
0.0024699424
0.0026398327
0.0029229831
0.0025091479
0.0024960795
0.0026529012
0.0024438056
0.0028053669
0.002757449
0.0025527095
0.0025483533
0.0024699424
0.00234797
0.0023915316
0.0022172853
0.0021955045
0.0023828193
0.0022782714
0.002731312
0.0025265727
0.0022303537
0.0023871756
0.0022739153
0.0059374454
0.0025788464
0.00234797
0.0024176685
0.0022259976
0.0028053669
0.0026659698
0.002591915
0.0023610385
0.002483011
0.0025962712
0.0026136958
0.0026616135
0.0025614218
0.0025178601
0.0028707092
0.0025047918
0.0023653947
0.0024568741
0.0028315037
0.002343614
0.0030144625
0.0024220247
0.00294912
0.0025483533
0.0023871756
0.0025832027
0.0029012023
0.0023958879
0.0028445723
0.0025962712
0.0031059417
0.0024742987
0.0030405994
0.002840216
0.0027400244
0.0020866005
0.00223471
0.0023958879
0.0020953128
0.0023000522
0.002317477
0.0023349016
0.0024655864
0.00217808
0.0023349016
0.0027051752
0.0023915316
0.0021170937
0.0030449557
0.0025265727
0.0027356683
0.002783586
0.002896846
0.0031843528
0.0025744904
0.0024176685
0.0024176685
0.002156299
0.17664227
0.0025570658
0.0024525179
0.0022259976
0.0026398327
0.0020517511
0.002269559
0.0022172853
0.0022303537
0.0020517511
0.0023523262
0.0021867922
0.0026529012
0.0017686008
0.0020299703
0.002269559
0.002374107
0.0020604634
0.0019951211
0.0022172853
0.0023828193
0.0019994772
0.0024220247
0.002286984
0.0023000522
0.0023087645
0.0023349016
0.0024786547
0.0024655864
0.002286984
0.0020691757
0.0022477785
0.0024089562
0.0023392576
0.001938491
0.002182436
0.0020778882
0.0022477785
0.0028489283
0.0026398327
0.0028271475
0.00223471
0.00223471
0.0026616135
0.0020996688
0.002374107
0.0024917233
0.0022085728
0.0027705175
0.0024046001
0.0023871756
0.0025135041
0.0023697508
0.0021083814
0.0030057502
0.0025701341
0.0024176685
0.0024350933
0.0021345182
0.0021214497
0.0026616135
0.002239066
0.002265203
0.0022608468
0.0025178601
0.0023566824
0.00229134
0.0023871756
0.0021127374
0.0019515596
0.002047395
0.001964628
0.0026659698
0.0022826276
0.0024089562
0.0023523262
0.002757449
0.0021214497
0.0021998605
0.0023566824
0.002483011
0.002021258
0.0020691757
0.0022521345
0.002130162
0.0020343265
0.0023828193
0.0025047918
0.0065603764
0.008660045
0.003929256
0.0026267644
0.0032061334
0.0024960795
0.0024917233
0.0023915316
0.0028445723
0.0024960795
0.002809723
0.0025004356
0.0027443806
0.0024917233
0.0033673113
0.0024394493
0.0031277225
0.0026354766
0.005188186
0.0045129815
0.0031233665
0.002975257
0.005933089
0.015250915
0.004341981
0.00015327214
0.0
0.0
1.094801e-05
2.1896021e-06
4.3792043e-06
4.3792043e-06
0.0
0.17035979
0.0
0.0
1.094801e-05
0.0
0.0
0.0
0.0
0.0
0.0
0.0
0.0
0.0
0.0
0.0
0.0
0.0
0.0
0.0
0.0
0.0
0.0
0.0
0.004103314
2.189602e-05
2.189602e-05
7.663607e-05
7.2256866e-05
2.6275224e-05
8.977368e-05
2.6275224e-05
1.9706418e-05
4.3792043e-06
2.1896021e-06
4.3792043e-06
2.1896021e-06
4.3792043e-06
4.3792043e-06
4.3792043e-06
0.0
0.0
0.0
0.0
0.0
0.0
0.0
0.0
0.0
0.0
0.0
0.0
0.0
0.0
0.0
0.0
0.0
0.0
0.0
0.0
0.0
0.0
0.0
0.0
0.0
0.0
0.0
0.0
0.0
0.0
0.0
0.0
0.0034858463
0.0003109235
2.4085622e-05
0.0003240611
3.5033634e-05
3.0654428e-05
0.000105100895
5.2550447e-05
1.3137612e-05
1.5327214e-05
1.9706418e-05
1.3137612e-05
1.094801e-05
1.5327214e-05
8.7584085e-06
1.9706418e-05
0.0
0.0
0.0
0.0
0.0
0.0
0.0
0.0
0.0
0.0
0.0
0.0
0.0
0.0
0.0
0.0
0.001364122
2.189602e-05
1.7516817e-05
1.9706418e-05
0.000116048905
3.0654428e-05
0.00020144338
0.00015984094
2.4085622e-05
0.0024304583
6.568806e-06
1.7516817e-05
3.5033634e-05
1.5327214e-05
1.5327214e-05
8.7584085e-06
0.002651608
0.00019049538
4.5981644e-05
0.00035252594
0.0001094801
0.00014232413
0.00045324763
0.00035252594
1.9706418e-05
2.6275224e-05
3.0654428e-05
2.189602e-05
3.0654428e-05
2.189602e-05
1.3137612e-05
2.189602e-05
0.0
0.0
0.0
0.0
0.0
0.0
0.0
0.0
0.0
0.0
0.0
0.0
0.0
0.0
0.0
0.0
0.004556562
0.00096123526
0.00017954737
0.00015108254
0.00037880114
0.0001116697
0.00046419562
0.00027807945
0.00017954737
0.0002189602
8.539448e-05
9.853209e-05
0.00014013454
0.00016422015
0.00071162067
0.00028902746
0.012139154
0.003339143
0.00093277043
0.0008867888
0.0009043056
0.0015283423
0.0011648682
0.0009349601
0.0008211008
0.0029888067
0.0006568806
0.000698483
0.0007444647
0.00072913745
0.0017341648
0.0011867643
0.009312377
0.002592489
0.0008539448
0.0006678286
0.0008539448
0.0026143847
0.0012612108
0.0012524524
0.0008933576
0.0009437185
0.0008605136
0.0008276696
0.0008561344
0.00049266045
0.0011079386
0.0015152046
0.03367608
0.012537661
0.004313516
0.003433296
0.0033632286
0.00418214
0.0046069226
0.0041624336
0.0030851492
0.0036522562
0.0038909228
0.0036982377
0.0034245376
0.0034530023
0.008546017
0.012082224
0.041503906
0.015489245
0.0070505184
0.007911032
0.008920439
0.008653307
0.008182542
0.008243851
0.008902921
0.007339546
0.006997968
0.008986127
0.0084080715
0.0076044877
0.012134775
0.02201207
0.06270801
0.027223323
0.023792215
0.024488509
0.025202319
0.025000876
0.025055615
0.025215456
0.027074428
0.02360829
0.023733096
0.023391519
0.025057806
0.024324289
0.026089108
0.027497021
589.0
8.251273
4860.0
0.0074074073
0.005144033
0.006584362
0.007201646
0.0100823045
0.0069958847
0.005761317
0.004526749
0.0067901234
0.0053497944
0.0069958847
0.008847737
0.0055555557
0.008024692
0.009876544
0.007201646
0.00946502
0.0055555557
0.011522634
0.010288066
0.010493827
0.009670782
0.009259259
0.008641975
0.013374486
0.0074074073
0.0053497944
0.00781893
0.008024692
0.0055555557
0.008641975
0.008230452
0.0067901234
0.01090535
0.006584362
0.008436214
0.0053497944
0.0074074073
0.00946502
0.0067901234
0.0061728396
0.008230452
0.011111111
0.0061728396
0.008230452
0.009259259
0.008847737
0.008230452
0.00781893
0.01090535
0.008436214
0.009053498
0.01090535
0.17613168
0.008024692
0.00946502
0.006584362
0.009259259
0.006584362
0.007201646
0.008641975
0.0061728396
0.0074074073
0.013580247
0.0061728396
0.01563786
0.008024692
0.011728395
0.013786009
0.020164609
0.010288066
0.00781893
0.009053498
0.009053498
0.008436214
0.007201646
0.0129629625
0.0100823045
0.009876544
0.0100823045
0.009876544
0.0076131686
0.016872428
0.014197531
0.016255144
0.008024692
0.006378601
0.0100823045
0.01090535
0.005761317
0.008024692
0.006584362
0.004115226
0.0055555557
0.0059670783
0.0076131686
6.0284615
0.0
0.0
0.0
1.0
229560.0
380928.0
0.0
0.0
28.0
0.0
1.0
0.0
0.0
0.0
1365661800.0
0.0
0.0
0.0
0.0
0.0
1.0
0.0
0.0
0.0
0.0
0.0
0.0
-1.0
0.0
0.0
0.0
0.0
0.0
0.0
0.0
0.0
0.0
0.0
0.0
0.0
0.0
0.0
0.0
-1.0
0.0
0.0
0.0
0.0
-1.0
0.0
0.0
0.0
0.0
0.0
0.0
0.0
-1.0
0.0
0.0
0.0
0.0
0.0
0.0
0.0
0.0
0.0
0.0
9.0
0.0
5.0
0.0
5.0
0.0
43520.0
1024.0
4096.0
11.0
0.0
0.0
3.0
3.0
0.0
0.0
0.0
0.0
0.0
512.0
0.0
0.0
0.0
0.0
0.0
0.0
0.0
0.0
178688.0
0.0
0.0
0.0
0.0
0.0
0.0
0.0
0.0
0.0
0.0
0.0
0.0
0.0
0.0
0.0
0.0
0.0
-1024.0
0.0
0.0
0.0
1024.0
0.0
0.0
0.0
0.0
-43520.0
512.0
1024.0
1024.0
0.0
0.0
0.0
-1024.0
0.0
0.0
0.0
0.0
0.0
0.0
0.0
0.0
0.0
0.0
0.0
0.0
0.0
0.0
0.0
7.498312
0.0
0.0
0.0
0.0
0.0
0.0
0.0
0.0
0.0
0.0
0.0
0.0
0.0
0.0
0.0
0.0
0.0
-3.2412698
0.0
0.0
0.0
5.4448905
0.0
0.0
0.0
0.0
-7.901372
0.0
2.1257277
5.4315324
0.0
0.0
0.0
-3.885129
0.0
0.0
0.0
0.0
0.0
0.0
100.0
0.0
0.0
0.0
0.0
0.0
0.0
0.0
0.0
178384.0
0.0
0.0
0.0
0.0
0.0
0.0
0.0
0.0
0.0
0.0
0.0
0.0
0.0
0.0
0.0
0.0
0.0
-316.0
0.0
0.0
0.0
1024.0
0.0
0.0
0.0
0.0
-43147.0
100.0
119352.0
1024.0
0.0
0.0
0.0
-814.0
0.0
0.0
0.0
0.0
-1.0
0.0
0.0
0.0
0.0
0.0
1.0
0.0
0.0
0.0
0.0
0.0
0.0
0.0
0.0
0.0
0.0
0.0
0.0
0.0
0.0
0.0
0.0
0.0
0.0
0.0
0.0
0.0
0.0
0.0
0.0
0.0
0.0
0.0
0.0
0.0
-2.0
0.0
0.0
0.0
1.0
0.0
0.0
0.0
0.0
0.0
0.0
0.0
0.0
0.0
0.0
0.0
0.0
0.0
0.0
0.0
0.0
0.0
0.0
0.0
-1.0
0.0
0.0
0.0
0.0
0.0
0.0
0.0
0.0
0.0
2.0
0.0
0.0
0.0
0.0
1.0
0.0
0.0
0.0
0.0
0.0
0.0
0.0
0.0
2.0
0.0
0.0
0.0
0.0
0.0
0.0
0.0
0.0
0.0
0.0
0.0
0.0
0.0
0.0
0.0
0.0
0.0
0.0
0.0
0.0
0.0
0.0
0.0
0.0
0.0
0.0
0.0
0.0
0.0
0.0
0.0
0.0
0.0
0.0
0.0
0.0
0.0
0.0
0.0
0.0
0.0
0.0
-1.0
0.0
0.0
0.0
0.0
0.0
0.0
0.0
0.0
0.0
0.0
0.0
0.0
0.0
0.0
0.0
0.0
0.0
0.0
0.0
0.0
0.0
0.0
0.0
0.0
0.0
0.0
0.0
0.0
0.0
0.0
0.0
0.0
0.0
0.0
0.0
0.0
0.0
0.0
0.0
0.0
0.0
0.0
0.0
0.0
0.0
0.0
0.0
0.0
0.0
0.0
0.0
0.0
0.0
0.0
0.0
0.0
0.0
0.0
0.0
0.0
0.0
0.0
0.0
0.0
0.0
0.0
0.0
0.0
0.0
-1.0
0.0
0.0
0.0
0.0
0.0
0.0
0.0
0.0
0.0
0.0
0.0
0.0
0.0
0.0
0.0
0.0
1.0
0.0
0.0
0.0
0.0
0.0
0.0
0.0
0.0
0.0
0.0
0.0
0.0
0.0
0.0
0.0
0.0
0.0
0.0
0.0
0.0
0.0
0.0
0.0
0.0
0.0
0.0
0.0
0.0
0.0
0.0
0.0
0.0
0.0
0.0
0.0
0.0
0.0
0.0
0.0
0.0
0.0
0.0
0.0
0.0
0.0
0.0
0.0
0.0
0.0
0.0
0.0
0.0
0.0
0.0
0.0
0.0
0.0
0.0
0.0
0.0
0.0
0.0
0.0
0.0
0.0
0.0
0.0
0.0
0.0
0.0
0.0
0.0
0.0
0.0
0.0
0.0
0.0
0.0
0.0
0.0
0.0
0.0
0.0
1.0
0.0
0.0
0.0
0.0
0.0
0.0
0.0
0.0
0.0
0.0
0.0
0.0
0.0
0.0
0.0
0.0
0.0
0.0
0.0
0.0
0.0
0.0
0.0
0.0
0.0
0.0
0.0
0.0
0.0
0.0
0.0
0.0
0.0
0.0
0.0
0.0
0.0
0.0
0.0
0.0
0.0
0.0
0.0
0.0
0.0
0.0
0.0
0.0
0.0
0.0
0.0
0.0
0.0
0.0
0.0
0.0
0.0
0.0
0.0
0.0
0.0
0.0
0.0
0.0
0.0
0.0
0.0
1.0
0.0
0.0
0.0
0.0
0.0
0.0
0.0
0.0
0.0
0.0
0.0
0.0
0.0
0.0
0.0
0.0
0.0
0.0
0.0
0.0
0.0
0.0
0.0
0.0
0.0
0.0
0.0
0.0
1.0
0.0
0.0
0.0
0.0
0.0
0.0
0.0
0.0
0.0
-1.0
0.0
0.0
0.0
0.0
0.0
0.0
0.0
0.0
0.0
0.0
0.0
0.0
0.0
0.0
0.0
1.0
0.0
0.0
0.0
-1.0
0.0
0.0
0.0
0.0
0.0
0.0
0.0
-1.0
0.0
0.0
0.0
0.0
0.0
0.0
0.0
0.0
0.0
0.0
0.0
0.0
0.0
0.0
0.0
0.0
0.0
0.0
0.0
0.0
0.0
0.0
0.0
0.0
0.0
0.0
0.0
0.0
0.0
0.0
0.0
0.0
0.0
0.0
0.0
0.0
0.0
0.0
0.0
0.0
0.0
0.0
0.0
0.0
0.0
0.0
0.0
0.0
0.0
0.0
0.0
0.0
0.0
0.0
0.0
0.0
0.0
0.0
0.0
0.0
0.0
0.0
0.0
0.0
0.0
0.0
0.0
0.0
0.0
0.0
0.0
0.0
0.0
0.0
0.0
0.0
0.0
0.0
0.0
0.0
0.0
0.0
0.0
0.0
0.0
0.0
0.0
0.0
0.0
0.0
0.0
0.0
-1.0
0.0
0.0
0.0
0.0
0.0
0.0
0.0
0.0
0.0
0.0
0.0
0.0
0.0
0.0
0.0
0.0
0.0
0.0
-1.0
0.0
0.0
0.0
0.0
0.0
0.0
0.0
0.0
0.0
0.0
0.0
0.0
0.0
0.0
0.0
0.0
0.0
0.0
0.0
0.0
0.0
0.0
0.0
0.0
0.0
0.0
-1.0
0.0
0.0
0.0
0.0
0.0
0.0
1.0
0.0
0.0
0.0
0.0
0.0
0.0
0.0
0.0
0.0
0.0
0.0
0.0
0.0
0.0
0.0
0.0
0.0
0.0
0.0
0.0
0.0
0.0
0.0
0.0
0.0
0.0
0.0
0.0
0.0
0.0
0.0
0.0
0.0
0.0
0.0
0.0
0.0
0.0
0.0
0.0
0.0
0.0
0.0
0.0
0.0
0.0
0.0
0.0
0.0
0.0
0.0
0.0
0.0
0.0
0.0
0.0
0.0
0.0
0.0
0.0
0.0
0.0
0.0
0.0
0.0
0.0
0.0
0.0
0.0
0.0
0.0
0.0
0.0
0.0
0.0
0.0
0.0
0.0
0.0
0.0
0.0
0.0
0.0
0.0
0.0
0.0
0.0
0.0
0.0
0.0
0.0
0.0
0.0
0.0
0.0
0.0
0.0
0.0
0.0
0.0
0.0
0.0
0.0
0.0
0.0
0.0
0.0
0.0
0.0
0.0
0.0
0.0
0.0
0.0
0.0
0.0
0.0
0.0
0.0
0.0
0.0
0.0
0.0
0.0
0.0
0.0
0.0
0.0
0.0
0.0
0.0
0.0
0.0
0.0
0.0
0.0
0.0
0.0
0.0
0.0
0.0
0.0
0.0
0.0
0.0
0.0
0.0
0.0
0.0
0.0
0.0
0.0
0.0
0.0
0.0
0.0
0.0
0.0
0.0
0.0
0.0
0.0
0.0
0.0
0.0
0.0
0.0
0.0
0.0
0.0
0.0
0.0
0.0
0.0
0.0
0.0
0.0
0.0
0.0
0.0
0.0
0.0
0.0
0.0
0.0
0.0
0.0
0.0
0.0
0.0
0.0
0.0
0.0
0.0
0.0
0.0
0.0
0.0
0.0
0.0
0.0
0.0
0.0
0.0
0.0
0.0
0.0
0.0
0.0
0.0
0.0
0.0
0.0
0.0
0.0
0.0
0.0
0.0
0.0
0.0
0.0
0.0
0.0
0.0
0.0
0.0
0.0
0.0
0.0
0.0
0.0
0.0
0.0
0.0
0.0
0.0
0.0
-1.0
0.0
0.0
0.0
0.0
0.0
0.0
0.0
0.0
0.0
1.0
0.0
0.0
0.0
0.0
0.0
0.0
0.0
0.0
0.0
0.0
0.0
0.0
0.0
0.0
0.0
0.0
0.0
0.0
0.0
0.0
0.0
0.0
0.0
0.0
0.0
0.0
0.0
0.0
0.0
0.0
0.0
0.0
0.0
0.0
0.0
0.0
0.0
0.0
0.0
0.0
0.0
0.0
0.0
0.0
0.0
0.0
0.0
0.0
0.0
0.0
0.0
0.0
0.0
0.0
0.0
0.0
0.0
0.0
0.0
0.0
0.0
0.0
0.0
1.0
0.0
0.0
0.0
0.0
0.0
0.0
0.0
0.0
0.0
0.0
0.0
0.0
0.0
0.0
0.0
0.0
0.0
0.0
0.0
0.0
0.0
0.0
0.0
0.0
0.0
0.0
0.0
0.0
0.0
0.0
0.0
0.0
0.0
0.0
0.0
0.0
0.0
0.0
0.0
0.0
0.0
0.0
-1.0
0.0
0.0
0.0
0.0
0.0
0.0
0.0
0.0
0.0
0.0
0.0
0.0
0.0
0.0
0.0
0.0
-1.0
0.0
-1.0
0.0
0.0
0.0
0.0
0.0
0.0
0.0
0.0
0.0
0.0
0.0
0.0
0.0
0.0
0.0
0.0
0.0
0.0
0.0
0.0
0.0
0.0
0.0
0.0
0.0
0.0
0.0
0.0
0.0
0.0
0.0
0.0
0.0
0.0
0.0
0.0
0.0
0.0
0.0
0.0
0.0
0.0
0.0
0.0
0.0
0.0
0.0
0.0
0.0
0.0
0.0
0.0
0.0
0.0
0.0
0.0
0.0
0.0
0.0
0.0
0.0
0.0
0.0
0.0
0.0
0.0
0.0
0.0
0.0
0.0
0.0
0.0
0.0
0.0
0.0
0.0
0.0
0.0
0.0
0.0
0.0
0.0
0.0
0.0
0.0
0.0
0.0
0.0
0.0
0.0
0.0
0.0
0.0
0.0
0.0
0.0
0.0
0.0
0.0
0.0
0.0
0.0
0.0
0.0
0.0
0.0
0.0
0.0
0.0
0.0
0.0
0.0
0.0
0.0
0.0
0.0
0.0
0.0
0.0
0.0
0.0
0.0
0.0
0.0
0.0
0.0
0.0
0.0
0.0
0.0
0.0
0.0
0.0
0.0
0.0
0.0
1.0
0.0
0.0
0.0
0.0
0.0
0.0
0.0
0.0
0.0
0.0
0.0
0.0
0.0
0.0
0.0
0.0
0.0
0.0
0.0
0.0
-1.0
0.0
0.0
0.0
0.0
0.0
0.0
0.0
0.0
0.0
0.0
0.0
0.0
1.0
0.0
0.0
0.0
0.0
0.0
0.0
0.0
0.0
0.0
0.0
0.0
0.0
0.0
0.0
0.0
0.0
0.0
0.0
0.0
0.0
0.0
0.0
-1.0
0.0
0.0
0.0
0.0
0.0
0.0
0.0
0.0
0.0
0.0
0.0
0.0
0.0
0.0
0.0
0.0
0.0
0.0
0.0
0.0
0.0
0.0
0.0
0.0
0.0
0.0
0.0
0.0
0.0
0.0
0.0
0.0
1.0
0.0
0.0
0.0
0.0
0.0
0.0
0.0
0.0
0.0
0.0
0.0
0.0
0.0
0.0
0.0
0.0
0.0
0.0
0.0
0.0
0.0
0.0
0.0
0.0
0.0
0.0
0.0
0.0
0.0
0.0
0.0
0.0
0.0
0.0
0.0
0.0
0.0
0.0
0.0
0.0
0.0
0.0
0.0
0.0
0.0
0.0
0.0
0.0
0.0
0.0
0.0
0.0
0.0
0.0
0.0
0.0
0.0
0.0
0.0
0.0
0.0
0.0
0.0
0.0
0.0
0.0
0.0
0.0
0.0
0.0
0.0
0.0
0.0
0.0
0.0
0.0
0.0
0.0
0.0
0.0
0.0
0.0
0.0
0.0
0.0
0.0
0.0
0.0
0.0
0.0
0.0
0.0
0.0
0.0
0.0
0.0
0.0
0.0
0.0
0.0
0.0
0.0
0.0
0.0
0.0
0.0
0.0
0.0
0.0
0.0
0.0
0.0
0.0
0.0
1.0
0.0
0.0
0.0
-1.0
0.0
0.0
0.0
0.0
0.0
0.0
0.0
0.0
0.0
0.0
0.0
0.0
0.0
0.0
0.0
0.0
0.0
0.0
0.0
0.0
0.0
0.0
0.0
0.0
0.0
0.0
1.0
0.0
1.0
0.0
0.0
0.0
0.0
0.0
-1.0
1.0
0.0
0.0
0.0
0.0
0.0
0.0
0.0
0.0
0.0
0.0
0.0
0.0
0.0
0.0
0.0
0.0
0.0
0.0
0.0
0.0
0.0
0.0
0.0
0.0
0.0
0.0
0.0
0.0
0.0
0.0
0.0
0.0
0.0
0.0
0.0
0.0
0.0
0.0
0.0
0.0
-1.0
0.0
0.0
0.0
0.0
0.0
0.0
0.0
0.0
0.0
0.0
0.0
0.0
0.0
0.0
0.0
0.0
0.0
0.0
0.0
0.0
0.0
0.0
0.0
0.0
0.0
0.0
0.0
0.0
0.0
0.0
0.0
0.0
0.0
0.0
0.0
0.0
0.0
0.0
0.0
0.0
0.0
0.0
0.0
0.0
0.0
0.0
0.0
0.0
0.0
0.0
0.0
0.0
0.0
0.0
0.0
0.0
0.0
0.0
0.0
0.0
0.0
0.0
0.0
0.0
0.0
0.0
0.0
0.0
0.0
0.0
0.0
0.0
0.0
0.0
0.0
0.0
0.0
0.0
0.0
0.0
0.0
0.0
0.0
0.0
0.0
0.0
0.0
0.0
0.0
0.0
0.0
0.0
0.0
0.0
0.0
0.0
0.0
0.0
0.0
0.0
0.0
0.0
0.0
0.0
0.0
0.0
0.0
0.0
0.0
0.0
0.0
0.0
0.0
0.0
0.0
0.0
0.0
0.0
0.0
0.0
0.0
0.0
0.0
0.0
0.0
0.0
0.0
0.0
0.0
0.0
100.0
226864.0
568.0
249856.0
0.0
0.0
0.0
0.0
0.0
0.0
0.0
0.0
0.0
0.0
0.0
0.0
0.0
0.0
0.0
0.0
0.0
0.0
128.0
49152.0
0.0
0.0
0.0
0.0
