0.01821388
0.005680668
0.0103476085
0.0039378796
0.0037354503
0.0035535805
0.0042984565
0.003694332
0.0037291246
0.0035266953
0.0036279098
0.0036864246
0.0034998101
0.0035931175
0.0037212172
0.0036041879
0.0037291246
0.0036706098
0.0039046686
0.0037038208
0.0037449393
0.0034745065
0.0038967612
0.0035567435
0.0036231654
0.0035804657
0.003763917
0.0036721914
0.0036326544
0.00358521
0.0035029731
0.0035330213
0.0037243802
0.0035203695
0.0035741397
0.0036358172
0.0035836285
0.0036563766
0.0035709767
0.0037038208
0.003737032
0.00358521
0.0036437246
0.0037955465
0.0036421432
0.0035535805
0.0036231654
0.0036927506
0.00358521
0.0035599063
0.0036310728
0.0036326544
0.003515625
0.0035077175
0.0035551619
0.0036089323
0.003575721
0.0035377657
0.0035994432
0.003664284
0.0035235323
0.003588373
0.0035203695
0.003688006
0.0037085654
0.003830339
0.0042162198
0.003525114
0.0036310728
0.003770243
0.0038161057
0.0038572242
0.0042431047
0.0038856908
0.00459103
0.0036895876
0.0036120953
0.0035931175
0.0036358172
0.0037813133
0.0036453062
0.0037196355
0.0039979755
0.0037417763
0.003730706
0.0038809464
0.0038856908
0.0036721914
0.0036231654
0.004647963
0.0046194964
0.0036263284
0.003661121
0.0041118423
0.0036389802
0.0036026062
0.0039995573
0.003694332
0.003479251
0.0038682946
0.0037813133
0.0037465207
0.003958439
0.0037291246
0.0037813133
0.0035725583
0.0038445725
0.0037243802
0.0037133098
0.003412829
0.0035504175
0.0035172065
0.003836665
0.003578884
0.0036895876
0.0036405618
0.0038777834
0.0036816802
0.0037860577
0.0036785172
0.003621584
0.0037291246
0.0036627024
0.0034365512
0.0036136766
0.0035693953
0.003539347
0.00358521
0.003800291
0.003827176
0.0037133098
0.0037054024
0.0036231654
0.0036279098
0.003873039
0.0036026062
0.00506231
0.003787639
0.00358521
0.004124494
0.0035172065
0.003737032
0.0035599063
0.0037386133
0.0035678137
0.0035678137
0.003727543
0.0035867915
0.0036706098
0.0035994432
0.0039410423
0.0037417763
0.003694332
0.003582047
0.003770243
0.0035962805
0.003621584
0.0036484692
0.004205149
0.0036468876
0.003700658
0.009961728
0.004594193
0.0036358172
0.0037212172
0.004352227
0.0037038208
0.0035567435
0.0036105136
0.003763917
0.0036294914
0.0036816802
0.003763917
0.0036769358
0.0036373988
0.0035346027
0.0037781503
0.0036041879
0.0036294914
0.0036769358
0.0036200024
0.0035709767
0.00358521
0.0035773027
0.0035361843
0.0036500506
0.0036468876
0.0034318066
0.0036294914
0.003452366
0.0036073506
0.0035519989
0.003770243
0.0035314397
0.003923646
0.0036532136
0.0037591725
0.0035899545
0.0038651316
0.0037923837
0.0036484692
0.003515625
0.0035061361
0.0038350835
0.003824013
0.0035092991
0.003688006
0.003564651
0.0037860577
0.0036342358
0.003694332
0.0036674468
0.0035962805
0.0036753542
0.0037860577
0.0035709767
0.0036721914
0.0035298583
0.0036484692
0.0034539474
0.0035946989
0.0035409287
0.0036326544
0.0036468876
0.003790802
0.0037291246
0.0037465207
0.0036832616
0.003664284
0.0035567435
0.003621584
0.0037243802
0.0044344636
0.00408812
0.004303201
0.011519484
0.0071213944
0.0040897015
0.0041577048
0.010195787
0.0039410423
0.0034017586
0.0035836285
0.003866713
0.003564651
0.0035377657
0.003651632
0.0036500506
0.0037227985
0.0036563766
0.0038493169
0.0036294914
0.003915739
0.0060491525
0.0035440917
0.004121331
0.0
0.0
0.0
0.0
0.0
0.0
0.0
0.0
0.0
0.0
0.0
0.0
0.0
0.0
0.0
0.0
0.0
0.0
0.0
0.0
0.0
0.0
0.0
0.0
0.0
0.0
0.0
0.0
0.0
0.0
0.0
0.0
0.0
0.0
0.0
0.0
0.0
0.0
0.0
0.0
0.0
0.0
0.0
0.0
0.0
0.0
0.0
0.0
0.0
0.0
0.0
0.0
0.0
0.0
0.0
0.0
0.0
0.0
0.0
0.0
0.0
0.0
0.0
0.0
0.0
0.0
0.0
0.0
0.0
0.0
0.0
0.0
0.0
0.0
0.0
0.0
0.0
0.0
0.0
0.0
0.0
0.0
0.0
0.0
0.0
0.0
0.0
0.0
0.0
0.0
0.0
0.0
0.0
0.0
0.0
0.0
0.0
0.0
0.0
0.0
0.0
0.0
0.0
0.0
0.0
0.0
0.0
0.0
0.0
0.0
0.0
0.0
0.0008822354
9.511972e-06
1.268263e-05
4.755986e-05
3.7255224e-05
1.6645952e-05
8.560775e-05
3.0121246e-05
0.000460538
7.9266437e-07
1.5853287e-06
3.1706575e-06
3.963322e-06
7.9266437e-07
2.377993e-06
2.8535916e-05
0.00092266133
1.5060623e-05
1.9023944e-05
5.3901178e-05
0.00010542436
4.359654e-05
0.00024810396
9.353439e-05
1.1889965e-05
5.5486507e-06
5.5486507e-06
3.963322e-06
7.133979e-06
7.292512e-05
4.755986e-06
1.0304637e-05
0.0
0.0
0.0
0.0
0.0
0.0
0.0
0.0
0.0
0.0
0.0
0.0
0.0
0.0
0.0
0.0
0.00136259
6.499848e-05
4.914519e-05
6.89618e-05
9.7497716e-05
7.133979e-05
0.00010621703
0.00010304637
0.0007593725
4.2011212e-05
5.1523184e-05
8.877841e-05
7.530311e-05
6.341315e-05
0.00011176568
0.00013078962
0.00037255225
3.4877234e-05
2.9328581e-05
2.9328581e-05
9.036374e-05
2.6157924e-05
1.9816609e-05
1.5853288e-05
7.371778e-05
2.2987266e-05
0.00026871322
2.6950589e-05
3.9633218e-05
2.536526e-05
0.0005080979
3.9633218e-05
0.001598804
0.00018152014
0.00013078962
0.000107802356
0.00037017427
0.00016804485
0.00029962714
0.0001624962
0.00029011516
9.353439e-05
0.0007379705
9.194906e-05
0.00026871322
0.00026157923
0.0015227082
0.00020767807
0.0034132127
0.00041218547
0.00032419973
0.00034877233
0.0008679675
0.00055090175
0.00060004694
0.00045816
0.0009551606
0.00033450435
0.0015837434
0.0003606623
0.0011105228
0.0005358411
0.0033173005
0.0010605849
0.007000019
0.0019372717
0.0013475295
0.0016891678
0.0029399921
0.0028393238
0.0015250862
0.0015338055
0.0017406909
0.002182205
0.00482257
0.001596426
0.0019372717
0.0018207501
0.009466791
0.0026990222
0.066369
0.05594625
0.056354474
0.054997433
0.0569244
0.058121324
0.05649953
0.056147587
0.056625564
0.056533616
0.059115324
0.05537474
0.055561807
0.0553898
0.064575985
0.05754109
2759.0
5.8604565
16169.0
0.009400705
0.010946874
0.010513946
0.009895479
0.009277011
0.010575793
0.009215165
0.00797823
0.008967778
0.009833632
0.009153318
0.0104521
0.010019173
0.009957326
0.010081019
0.010081019
0.010885027
0.009338859
0.011379801
0.011689034
0.0095243985
0.010019173
0.010142866
0.0104521
0.011317954
0.009709938
0.011689034
0.009277011
0.009957326
0.009215165
0.0103284065
0.01063764
0.009833632
0.012121961
0.010946874
0.011998268
0.008967778
0.010204713
0.010513946
0.011441648
0.008596698
0.010575793
0.0095243985
0.008967778
0.0111324135
0.010142866
0.009895479
0.010019173
0.009400705
0.010019173
0.009648092
0.010081019
0.011998268
0.009153318
0.010390253
0.011256107
0.007854536
0.016080154
0.018182943
0.010204713
0.010761334
0.0095243985
0.008473004
0.009895479
0.013111509
0.012678582
0.009648092
0.012245655
0.010513946
0.013358897
0.010699486
0.009400705
0.011008721
0.010081019
0.011565341
0.010699486
0.0103284065
0.010266559
0.010390253
0.0103284065
0.010019173
0.009709938
0.011998268
0.0111324135
0.012060115
0.0103284065
0.010081019
0.010885027
0.009709938
0.011070567
0.009771786
0.009400705
0.009277011
0.009586245
0.009338859
0.009586245
6.5726185
1.0
0.0
0.0
10.0
632320.0
372736.0
0.0
0.0
33.0
0.0
1.0
0.0
0.0
0.0
1367514100.0
0.0
0.0
0.0
0.0
0.0
1.0
0.0
0.0
0.0
0.0
0.0
0.0
-1.0
0.0
0.0
0.0
0.0
0.0
0.0
0.0
0.0
0.0
0.0
0.0
0.0
0.0
0.0
0.0
-1.0
0.0
0.0
0.0
0.0
-1.0
0.0
0.0
0.0
0.0
0.0
0.0
0.0
-1.0
0.0
0.0
0.0
0.0
0.0
0.0
0.0
0.0
0.0
0.0
9.0
0.0
5.0
0.0
5.0
0.0
177152.0
1024.0
4096.0
4.0
0.0
0.0
1.0
1.0
0.0
0.0
0.0
0.0
0.0
0.0
0.0
0.0
0.0
0.0
0.0
0.0
0.0
0.0
1024.0
0.0
0.0
0.0
0.0
0.0
0.0
0.0
0.0
0.0
0.0
0.0
0.0
0.0
0.0
0.0
0.0
0.0
-512.0
0.0
0.0
0.0
0.0
0.0
0.0
0.0
0.0
-177152.0
0.0
2048.0
0.0
0.0
0.0
0.0
0.0
0.0
0.0
0.0
0.0
0.0
0.0
0.0
0.0
0.0
0.0
0.0
0.0
0.0
0.0
0.0
5.0232415
0.0
0.0
0.0
0.0
0.0
0.0
0.0
0.0
0.0
0.0
0.0
0.0
0.0
0.0
0.0
0.0
0.0
-3.1704075
0.0
0.0
0.0
0.0
0.0
0.0
0.0
0.0
-7.6689806
0.0
2.765335
0.0
0.0
0.0
0.0
0.0
0.0
0.0
0.0
0.0
0.0
0.0
0.0
0.0
0.0
0.0
0.0
0.0
0.0
0.0
0.0
948.0
0.0
0.0
0.0
0.0
0.0
0.0
0.0
0.0
0.0
0.0
0.0
0.0
0.0
0.0
0.0
0.0
0.0
-280.0
0.0
0.0
0.0
0.0
0.0
0.0
0.0
0.0
-176966.0
0.0
178064.0
0.0
0.0
0.0
0.0
0.0
0.0
0.0
0.0
0.0
-1.0
0.0
0.0
0.0
0.0
0.0
1.0
0.0
0.0
0.0
0.0
0.0
0.0
0.0
0.0
0.0
0.0
0.0
0.0
0.0
0.0
0.0
0.0
0.0
0.0
0.0
0.0
0.0
0.0
0.0
0.0
0.0
0.0
0.0
0.0
0.0
-2.0
0.0
0.0
0.0
1.0
0.0
0.0
0.0
0.0
0.0
0.0
0.0
0.0
0.0
0.0
0.0
0.0
0.0
0.0
0.0
0.0
0.0
0.0
0.0
-1.0
0.0
0.0
0.0
0.0
0.0
0.0
0.0
0.0
0.0
1.0
0.0
0.0
0.0
0.0
1.0
0.0
0.0
0.0
0.0
0.0
0.0
0.0
0.0
0.0
0.0
0.0
0.0
0.0
0.0
0.0
0.0
0.0
0.0
0.0
0.0
0.0
0.0
0.0
0.0
0.0
0.0
0.0
0.0
0.0
0.0
0.0
0.0
0.0
0.0
0.0
0.0
0.0
0.0
0.0
0.0
0.0
0.0
0.0
0.0
0.0
0.0
0.0
0.0
0.0
0.0
0.0
-1.0
0.0
0.0
0.0
0.0
0.0
0.0
0.0
0.0
0.0
0.0
0.0
0.0
0.0
0.0
0.0
0.0
0.0
0.0
0.0
0.0
0.0
0.0
-1.0
0.0
0.0
0.0
0.0
0.0
0.0
0.0
0.0
0.0
0.0
0.0
0.0
0.0
0.0
0.0
0.0
0.0
0.0
0.0
0.0
0.0
0.0
0.0
0.0
0.0
0.0
0.0
0.0
0.0
0.0
0.0
0.0
0.0
0.0
0.0
0.0
0.0
0.0
0.0
0.0
0.0
0.0
0.0
0.0
0.0
0.0
-1.0
0.0
0.0
0.0
0.0
0.0
0.0
0.0
0.0
0.0
0.0
0.0
0.0
0.0
0.0
0.0
0.0
1.0
0.0
0.0
0.0
0.0
0.0
0.0
0.0
0.0
0.0
0.0
0.0
0.0
0.0
0.0
0.0
0.0
0.0
0.0
0.0
0.0
0.0
0.0
0.0
0.0
0.0
0.0
0.0
0.0
0.0
0.0
0.0
0.0
0.0
0.0
0.0
0.0
0.0
0.0
0.0
0.0
0.0
0.0
0.0
0.0
0.0
0.0
0.0
0.0
0.0
0.0
0.0
0.0
0.0
0.0
0.0
0.0
0.0
0.0
0.0
0.0
0.0
0.0
0.0
0.0
0.0
0.0
0.0
0.0
0.0
0.0
0.0
0.0
0.0
0.0
0.0
0.0
0.0
0.0
0.0
0.0
0.0
0.0
0.0
0.0
0.0
0.0
0.0
0.0
0.0
0.0
0.0
0.0
0.0
0.0
0.0
0.0
0.0
0.0
0.0
0.0
0.0
0.0
0.0
0.0
0.0
0.0
0.0
0.0
0.0
0.0
0.0
0.0
0.0
0.0
0.0
0.0
0.0
0.0
0.0
0.0
0.0
0.0
0.0
0.0
0.0
0.0
0.0
0.0
0.0
0.0
0.0
0.0
0.0
0.0
0.0
0.0
0.0
0.0
0.0
0.0
0.0
0.0
0.0
0.0
0.0
0.0
0.0
0.0
0.0
0.0
-1.0
1.0
0.0
0.0
0.0
0.0
0.0
0.0
0.0
0.0
0.0
0.0
0.0
0.0
0.0
0.0
0.0
0.0
0.0
0.0
0.0
0.0
0.0
0.0
0.0
0.0
0.0
0.0
0.0
0.0
1.0
0.0
0.0
0.0
0.0
0.0
0.0
0.0
0.0
1.0
0.0
0.0
0.0
0.0
0.0
0.0
0.0
0.0
0.0
0.0
0.0
0.0
0.0
0.0
0.0
0.0
0.0
0.0
0.0
0.0
0.0
0.0
0.0
0.0
0.0
0.0
0.0
0.0
0.0
0.0
0.0
0.0
0.0
0.0
0.0
1.0
0.0
0.0
0.0
0.0
0.0
0.0
0.0
0.0
0.0
0.0
0.0
0.0
0.0
0.0
0.0
0.0
0.0
0.0
0.0
0.0
0.0
0.0
0.0
0.0
0.0
0.0
0.0
0.0
0.0
0.0
0.0
0.0
0.0
0.0
0.0
0.0
0.0
0.0
0.0
0.0
0.0
0.0
0.0
0.0
0.0
0.0
0.0
0.0
0.0
0.0
0.0
0.0
0.0
0.0
0.0
0.0
0.0
0.0
0.0
0.0
0.0
0.0
0.0
0.0
0.0
0.0
0.0
0.0
0.0
0.0
0.0
0.0
0.0
0.0
0.0
0.0
0.0
0.0
0.0
0.0
0.0
0.0
0.0
0.0
0.0
-1.0
0.0
0.0
0.0
0.0
0.0
0.0
0.0
0.0
0.0
0.0
0.0
0.0
0.0
0.0
0.0
0.0
0.0
0.0
0.0
0.0
0.0
0.0
0.0
0.0
0.0
0.0
0.0
0.0
0.0
0.0
0.0
0.0
0.0
0.0
0.0
0.0
0.0
0.0
0.0
0.0
0.0
0.0
0.0
0.0
0.0
0.0
0.0
0.0
0.0
0.0
0.0
0.0
0.0
0.0
0.0
0.0
0.0
0.0
0.0
0.0
0.0
0.0
0.0
0.0
0.0
0.0
0.0
0.0
0.0
0.0
0.0
0.0
0.0
0.0
0.0
0.0
0.0
0.0
0.0
0.0
0.0
0.0
0.0
0.0
0.0
0.0
0.0
-1.0
0.0
0.0
0.0
0.0
0.0
0.0
0.0
0.0
0.0
0.0
0.0
0.0
0.0
0.0
0.0
0.0
0.0
0.0
-1.0
0.0
0.0
0.0
0.0
0.0
0.0
0.0
0.0
0.0
0.0
0.0
0.0
0.0
0.0
0.0
0.0
0.0
0.0
0.0
0.0
0.0
0.0
0.0
0.0
0.0
0.0
0.0
0.0
0.0
0.0
0.0
0.0
0.0
0.0
0.0
0.0
0.0
0.0
0.0
0.0
0.0
0.0
0.0
0.0
0.0
1.0
0.0
0.0
0.0
0.0
0.0
0.0
0.0
0.0
0.0
0.0
0.0
0.0
0.0
0.0
1.0
0.0
0.0
0.0
0.0
0.0
0.0
0.0
0.0
0.0
0.0
0.0
0.0
0.0
0.0
0.0
0.0
0.0
0.0
0.0
0.0
-1.0
0.0
0.0
0.0
0.0
0.0
0.0
-1.0
0.0
0.0
0.0
0.0
0.0
0.0
0.0
0.0
0.0
0.0
0.0
0.0
0.0
0.0
0.0
0.0
0.0
0.0
0.0
0.0
0.0
0.0
-1.0
0.0
-1.0
0.0
0.0
0.0
0.0
0.0
0.0
0.0
0.0
0.0
0.0
0.0
0.0
0.0
0.0
0.0
0.0
-1.0
0.0
0.0
0.0
0.0
0.0
0.0
0.0
0.0
0.0
0.0
0.0
0.0
0.0
0.0
0.0
0.0
0.0
0.0
0.0
0.0
0.0
0.0
0.0
0.0
0.0
0.0
0.0
0.0
-1.0
0.0
0.0
0.0
0.0
0.0
0.0
0.0
0.0
0.0
0.0
0.0
0.0
0.0
0.0
0.0
0.0
0.0
0.0
0.0
0.0
0.0
0.0
0.0
-1.0
0.0
0.0
0.0
0.0
0.0
0.0
0.0
0.0
0.0
0.0
0.0
-1.0
0.0
0.0
0.0
0.0
0.0
0.0
0.0
0.0
0.0
0.0
0.0
0.0
0.0
0.0
0.0
0.0
0.0
0.0
0.0
0.0
0.0
0.0
0.0
0.0
0.0
0.0
0.0
0.0
0.0
0.0
0.0
0.0
0.0
0.0
0.0
0.0
0.0
0.0
0.0
0.0
0.0
0.0
0.0
0.0
0.0
0.0
0.0
0.0
0.0
0.0
0.0
0.0
0.0
0.0
0.0
0.0
0.0
0.0
0.0
0.0
0.0
0.0
0.0
0.0
0.0
0.0
0.0
0.0
0.0
0.0
0.0
0.0
0.0
0.0
0.0
0.0
0.0
0.0
0.0
0.0
0.0
0.0
0.0
0.0
0.0
0.0
0.0
0.0
0.0
0.0
0.0
0.0
0.0
0.0
0.0
0.0
0.0
0.0
0.0
0.0
0.0
0.0
0.0
0.0
0.0
0.0
0.0
0.0
0.0
0.0
0.0
0.0
0.0
0.0
0.0
0.0
0.0
0.0
0.0
-1.0
0.0
0.0
0.0
0.0
0.0
0.0
0.0
0.0
0.0
0.0
0.0
0.0
0.0
0.0
0.0
0.0
0.0
0.0
0.0
0.0
0.0
0.0
0.0
0.0
0.0
0.0
0.0
1.0
0.0
0.0
0.0
0.0
0.0
0.0
0.0
0.0
0.0
0.0
0.0
0.0
0.0
0.0
1.0
0.0
0.0
0.0
0.0
0.0
0.0
0.0
0.0
0.0
0.0
0.0
0.0
0.0
0.0
0.0
0.0
0.0
0.0
0.0
0.0
0.0
0.0
0.0
0.0
0.0
0.0
0.0
0.0
0.0
0.0
0.0
0.0
0.0
0.0
0.0
0.0
0.0
0.0
-1.0
0.0
0.0
0.0
0.0
0.0
0.0
0.0
0.0
0.0
0.0
0.0
0.0
0.0
0.0
0.0
0.0
0.0
0.0
0.0
0.0
0.0
0.0
0.0
0.0
0.0
0.0
0.0
0.0
0.0
0.0
0.0
0.0
0.0
0.0
0.0
0.0
0.0
0.0
0.0
0.0
0.0
0.0
0.0
0.0
0.0
0.0
0.0
0.0
0.0
0.0
0.0
0.0
1.0
0.0
0.0
0.0
0.0
0.0
0.0
0.0
0.0
0.0
0.0
0.0
0.0
0.0
0.0
0.0
0.0
0.0
1.0
0.0
0.0
0.0
0.0
0.0
0.0
0.0
0.0
0.0
0.0
0.0
0.0
0.0
0.0
0.0
0.0
0.0
0.0
0.0
0.0
0.0
0.0
0.0
0.0
-1.0
0.0
0.0
0.0
0.0
0.0
0.0
0.0
0.0
0.0
0.0
0.0
0.0
0.0
0.0
0.0
0.0
0.0
0.0
0.0
0.0
0.0
0.0
0.0
0.0
0.0
0.0
0.0
0.0
0.0
0.0
0.0
0.0
0.0
0.0
0.0
0.0
1.0
0.0
0.0
0.0
0.0
0.0
0.0
0.0
0.0
0.0
0.0
0.0
0.0
0.0
0.0
0.0
1.0
0.0
0.0
0.0
0.0
0.0
0.0
0.0
0.0
0.0
0.0
0.0
0.0
0.0
0.0
0.0
0.0
0.0
0.0
0.0
0.0
0.0
0.0
0.0
0.0
0.0
0.0
0.0
0.0
0.0
1.0
0.0
0.0
0.0
0.0
0.0
0.0
1.0
0.0
0.0
-1.0
0.0
0.0
0.0
0.0
0.0
0.0
0.0
0.0
0.0
0.0
0.0
0.0
0.0
0.0
0.0
0.0
0.0
0.0
0.0
0.0
0.0
0.0
0.0
0.0
0.0
0.0
0.0
0.0
0.0
0.0
0.0
0.0
0.0
0.0
0.0
0.0
0.0
0.0
0.0
0.0
0.0
0.0
0.0
0.0
1.0
0.0
0.0
0.0
0.0
0.0
0.0
0.0
0.0
0.0
0.0
0.0
0.0
0.0
0.0
0.0
0.0
0.0
0.0
0.0
0.0
0.0
0.0
0.0
0.0
0.0
0.0
0.0
0.0
0.0
0.0
0.0
0.0
0.0
0.0
0.0
0.0
0.0
0.0
0.0
0.0
0.0
0.0
0.0
0.0
0.0
0.0
0.0
-1.0
0.0
0.0
0.0
0.0
0.0
0.0
0.0
0.0
0.0
0.0
0.0
0.0
0.0
0.0
0.0
0.0
0.0
0.0
0.0
0.0
0.0
0.0
0.0
0.0
0.0
0.0
0.0
0.0
0.0
0.0
0.0
0.0
0.0
0.0
0.0
0.0
0.0
0.0
0.0
0.0
0.0
0.0
0.0
0.0
0.0
0.0
0.0
0.0
0.0
0.0
0.0
0.0
0.0
0.0
0.0
0.0
-1.0
0.0
0.0
0.0
0.0
0.0
0.0
0.0
0.0
0.0
0.0
0.0
0.0
0.0
0.0
0.0
0.0
0.0
0.0
0.0
0.0
0.0
0.0
0.0
0.0
0.0
0.0
0.0
0.0
0.0
0.0
0.0
0.0
0.0
0.0
0.0
0.0
0.0
0.0
0.0
0.0
0.0
0.0
0.0
0.0
0.0
0.0
0.0
0.0
0.0
0.0
0.0
0.0
0.0
0.0
0.0
0.0
0.0
0.0
0.0
0.0
0.0
0.0
0.0
0.0
0.0
0.0
0.0
0.0
0.0
0.0
0.0
0.0
0.0
0.0
0.0
0.0
0.0
0.0
0.0
0.0
0.0
0.0
0.0
0.0
0.0
0.0
0.0
0.0
0.0
0.0
0.0
0.0
0.0
0.0
0.0
0.0
0.0
0.0
0.0
0.0
0.0
0.0
0.0
0.0
0.0
0.0
0.0
0.0
0.0
0.0
0.0
0.0
0.0
0.0
0.0
0.0
0.0
0.0
0.0
0.0
0.0
0.0
0.0
0.0
0.0
0.0
0.0
0.0
0.0
0.0
0.0
0.0
0.0
0.0
0.0
0.0
100.0
184468.0
1936.0
192512.0
0.0
0.0
0.0
0.0
0.0
0.0
0.0
0.0
0.0
0.0
0.0
0.0
0.0
0.0
0.0
0.0
0.0
0.0
148.0
184320.0
0.0
0.0
0.0
0.0
