0.29548502
0.022821909
0.0051585087
0.006813851
0.017656986
0.0040356987
0.002303364
0.0018285759
0.007262975
0.006217158
0.0011099776
0.0012318827
0.0036763998
0.002072386
0.0006736858
0.0048954505
0.014622191
0.0011292258
0.0006287734
0.00061594136
0.0017002547
0.0021429625
0.0006480216
0.0005966932
0.0017836634
0.001963313
0.00054536475
0.0009367441
0.0019440649
0.0011292258
0.00048762021
0.0005197005
0.0025086778
0.0004747881
0.0006865179
0.0005261166
0.010868798
0.0011869703
0.00066726975
0.0004042115
0.001045817
0.00084050326
0.0005838611
0.0011484739
0.0011933864
0.000808423
0.0010843134
0.00084050326
0.0029385535
0.0018349919
0.002091634
0.0043372535
0.0030797066
0.002194291
0.0014692767
0.0015847657
0.002072386
0.0021622106
0.0014692767
0.002675495
0.001494941
0.0020659699
0.0010714813
0.0012126345
0.0033363488
0.004279509
0.0014436125
0.0014051162
0.009951302
0.018709218
0.0013922841
0.0034903341
0.002091634
0.004382166
0.00048762021
0.00048762021
0.0030604585
0.0009944886
0.003695648
0.0006416055
0.013794519
0.00255359
0.0018734882
0.008090646
0.0023546924
0.0022905318
0.0021686268
0.0016938386
0.005857859
0.0015141891
0.00041062754
0.0024765974
0.0010265689
0.010778973
0.0025215098
0.0019953933
0.00075709453
0.0021301305
0.00066726975
0.0014051162
0.0020659699
0.005132844
0.0017644153
0.000808423
0.013140081
0.0018670722
0.008937566
0.0006736858
0.0025792543
0.0010843134
0.0018157437
0.0020338895
0.0015077731
0.0005261166
0.0027139916
0.0023482763
0.012742287
0.009367441
0.00093032804
0.0009174959
0.00115489
0.001276795
0.00041062754
0.00032721882
0.0019376487
0.0015655175
0.00076992664
0.00060310925
0.006595705
0.0031695315
0.0006095253
0.020550625
0.0025600062
0.011311506
0.00060310925
0.0007185982
0.00079559087
0.013550709
0.0010522332
0.028782425
0.00057102897
0.006037508
0.000346467
0.00060310925
0.011471908
0.00032080276
0.002527926
0.00042345966
0.00161043
0.0005966932
0.0005646129
0.00089824776
0.0008212551
0.0006865179
0.0004042115
0.000577445
0.00079559087
0.00048120416
0.0003592991
0.00037854727
0.0027332397
0.00085333537
0.00039779543
0.0013537877
0.0023354443
0.00088541565
0.00044912388
0.00046837205
0.00055819686
0.00037854727
0.000461956
0.00076992664
0.0007506785
0.00069935
0.0009624083
0.000808423
0.0006865179
0.0005966932
0.00048762021
0.00048120416
0.0007635106
0.00068010186
0.000692934
0.0007314303
0.004260261
0.0016232621
0.0007506785
0.0031631154
0.00085333537
0.00050045236
0.0007442624
0.0007506785
0.00668553
0.0031502834
0.0018799043
0.0047992095
0.0146478545
0.0007506785
0.0012511308
0.006095253
0.002181459
0.0019248166
0.0010201528
0.0007635106
0.0015847657
0.00053253263
0.00076992664
0.00059027714
0.0019568969
0.001283211
0.00085333537
0.0007057661
0.001276795
0.000692934
0.0006736858
0.00066726975
0.0025920863
0.0006480216
0.00044912388
0.00644172
0.002547174
0.0027460717
0.0003721312
0.00063518947
0.0032529403
0.0008597514
0.0004042115
0.00036571515
0.0031695315
0.0012447147
0.00043629177
0.0005966932
0.020858597
0.002989882
0.00053253263
0.0017772474
0.004722217
0.00048120416
0.00044912388
0.00041062754
0.004465575
0.00069935
0.0010522332
0.0019568969
0.0031631154
0.00072501425
0.0009046638
0.0015334373
0.0052611656
0.0013088753
0.0008212551
0.0006608537
0.0045361514
0.0010843134
0.0012960432
0.020929173
0.066189595
0.0
6.4673013e-06
0.0
1.6168253e-05
0.0
3.2336507e-06
3.2336507e-06
0.0
0.0
0.0
0.0
0.0
0.0
0.0
6.4673013e-06
0.019101175
4.203746e-05
4.527111e-05
4.527111e-05
4.527111e-05
1.6168253e-05
5.497206e-05
7.114031e-05
0.00028779492
1.6168253e-05
2.2635555e-05
3.2336506e-05
2.9102855e-05
1.2934603e-05
1.9401905e-05
2.5869205e-05
0.006153637
1.6168253e-05
2.2635555e-05
6.467301e-05
6.467301e-05
4.850476e-05
0.00013904698
6.1439365e-05
2.5869205e-05
0.0
6.4673013e-06
3.2336507e-06
0.0
0.0
1.2934603e-05
3.2336507e-06
0.011531198
6.467301e-05
0.00014551428
8.0841266e-05
0.005167374
0.0018011434
0.00045917838
0.00028779492
2.9102855e-05
2.2635555e-05
9.700952e-06
0.00013257968
3.5570156e-05
6.1439365e-05
2.5869205e-05
1.2934603e-05
0.022318657
0.00022635555
0.0003071968
0.00029749586
0.00036540252
0.00014551428
0.0005335524
0.00048828125
0.00065966474
0.00012287873
6.467301e-05
0.00016168253
0.00028456125
0.00011641142
0.00014228062
0.0002554584
0.00032983237
6.4673013e-06
3.880381e-05
3.2336507e-06
0.00448184
0.0015133485
0.00012287873
9.054222e-05
1.6168253e-05
6.4673013e-06
0.0
3.2336507e-06
3.2336507e-06
0.0
3.2336507e-06
3.2336507e-06
0.009374353
6.467301e-05
0.00045917838
0.0007663752
0.0005949917
0.00016814984
0.001028301
0.00050121587
6.7906665e-05
1.9401905e-05
3.5570156e-05
2.9102855e-05
5.173841e-05
2.5869205e-05
2.2635555e-05
3.5570156e-05
0.0079580145
5.497206e-05
0.00026515935
0.0008245809
0.006053394
0.0020889384
0.00048828125
0.00029102855
8.730857e-05
5.820571e-05
0.00015198159
0.00043330918
0.0004397765
0.0003071968
0.00017138348
0.00019401904
0.008404258
0.00027809397
0.00017785079
0.0015230494
0.0002101873
0.00017461713
0.00036540252
0.00028456125
0.0008763193
0.000119645076
0.00014874793
0.00012287873
0.00012934602
0.00014228062
0.00014874793
0.00013904698
0.017241824
0.00027162666
0.0005626552
0.0011285441
0.0016523955
0.0010186
0.0037575022
0.0023346958
0.001008899
0.0001843181
0.00029426222
0.0006887676
0.0010671047
0.0005691225
0.0005044495
0.00082781457
0.0069394144
0.0004915149
0.00037510347
0.00019078539
0.00037186983
0.00043007554
0.00031689776
0.00037510347
0.0011576469
0.00031689776
0.000113177775
0.00013257968
0.00067906664
0.00017138348
0.0004203746
0.00076314155
0.014085783
0.0008569174
0.0017332367
0.0080647245
0.0023670322
0.0015004139
0.00464999
0.0029458557
0.0027453694
0.0006693657
0.00074373966
0.0011059085
0.0017655733
0.0009248241
0.00095392694
0.0012449555
0.022008227
0.001953125
0.0013969371
0.0040776334
0.0040776334
0.0041778767
0.005962852
0.003453539
0.0075667426
0.001277292
0.0012837594
0.0021794806
0.0045141764
0.0019369568
0.0032368843
0.0037445675
0.13756274
0.01777861
0.00859181
0.008595044
0.023812603
0.03422819
0.022380097
0.018826313
0.06107396
0.011919237
0.0075214715
0.009280577
0.027443994
0.014493222
0.029196631
0.030871663
0.03030254
0.0075796773
0.008491566
0.0051609064
0.008892539
0.012456022
0.0037057637
0.006292684
0.020675963
0.0065125725
0.0028068088
0.0017009003
0.010522299
0.0039288853
0.006124534
0.010541701
0.003016996
0.0019175549
0.0023993687
0.0018755174
0.0020242652
0.0020048635
0.001898153
0.002192415
0.002350864
0.0018464145
0.0017235358
0.0018625828
0.002017798
0.0019983961
0.0018949193
0.0020889384
679.0
16.879234
11461.0
0.018410262
0.00026175726
0.0017450484
0.001047029
0.009510514
0.001657796
0.0019195533
0.00061076693
0.0023558154
0.002268563
0.001047029
0.001047029
0.0013087863
0.0014832912
0.008376232
0.0044498737
0.015181921
0.010295786
0.013785883
0.012564349
0.014920164
0.00828898
0.00793997
0.008550737
0.011604572
0.008986999
0.008986999
0.0052351453
0.004362621
0.0065439316
0.004798883
0.0050606406
0.0035773492
0.04720356
0.0029665823
0.009248757
0.081232004
0.00540965
0.0059331646
0.042055666
0.0056714076
0.042404678
0.00095977663
0.00061076693
0.006020417
0.0048861355
0.039787102
0.002704825
0.046331037
0.0031410872
0.0061076693
0.006194922
0.00540965
0.003490097
0.0034028445
0.0050606406
0.038740076
0.0014832912
0.0008725242
0.0019195533
0.002094058
0.0019195533
0.0015705436
0.002704825
0.001047029
0.023645407
0.005147893
0.013175116
0.016316203
0.048163336
0.0053223977
0.0065439316
0.00863799
0.017712241
0.0036646016
0.0048861355
0.023209143
0.010034028
0.019980805
0.022162115
0.013175116
0.0021813104
0.027659018
0.023296397
0.033068668
0.008899747
0.0047116308
0.0044498737
0.006456679
0.00540965
0.0015705436
0.00034900967
0.00069801934
0.0007852718
0.0007852718
0.0011342815
5.7071733
3.0
11.0
0.0
2.0
155859.0
167936.0
0.0
0.0
4.0
0.0
0.0
0.0
0.0
0.0
1422349400.0
0.0
0.0
0.0
0.0
0.0
1.0
0.0
0.0
0.0
0.0
0.0
0.0
-1.0
0.0
-1.0
-1.0
1.0
0.0
0.0
0.0
0.0
0.0
0.0
0.0
0.0
0.0
0.0
0.0
-1.0
0.0
0.0
0.0
0.0
0.0
0.0
0.0
0.0
0.0
0.0
0.0
0.0
-1.0
0.0
0.0
0.0
0.0
0.0
0.0
0.0
0.0
0.0
0.0
6.0
0.0
4.0
0.0
4.0
0.0
45056.0
1024.0
4096.0
4.0
0.0
0.0
2.0
4.0
0.0
0.0
0.0
0.0
0.0
0.0
0.0
0.0
0.0
0.0
0.0
0.0
0.0
0.0
0.0
0.0
0.0
-1024.0
0.0
0.0
0.0
0.0
0.0
-512.0
0.0
0.0
0.0
0.0
-41984.0
0.0
0.0
0.0
0.0
0.0
110592.0
0.0
0.0
0.0
0.0
0.0
0.0
0.0
0.0
0.0
0.0
0.0
0.0
0.0
0.0
0.0
0.0
0.0
0.0
0.0
0.0
0.0
0.0
0.0
0.0
0.0
0.0
0.0
0.0
0.0
0.0
0.0
0.0
-3.5920854
0.0
0.0
0.0
0.0
0.0
-2.9572513
0.0
0.0
0.0
0.0
-5.4485593
0.0
0.0
0.0
0.0
0.0
5.7635384
0.0
0.0
0.0
0.0
0.0
0.0
0.0
0.0
0.0
0.0
0.0
0.0
0.0
0.0
0.0
0.0
0.0
0.0
0.0
0.0
0.0
0.0
0.0
0.0
0.0
0.0
0.0
0.0
0.0
0.0
0.0
0.0
-4096.0
0.0
0.0
0.0
0.0
0.0
-4096.0
0.0
0.0
0.0
0.0
-45056.0
0.0
0.0
0.0
0.0
0.0
110592.0
0.0
0.0
0.0
0.0
0.0
0.0
0.0
0.0
0.0
0.0
0.0
0.0
0.0
0.0
0.0
0.0
0.0
0.0
0.0
0.0
0.0
0.0
0.0
0.0
0.0
0.0
0.0
1.0
0.0
0.0
0.0
0.0
0.0
0.0
0.0
-1.0
0.0
0.0
0.0
0.0
0.0
0.0
0.0
0.0
0.0
0.0
-1.0
0.0
0.0
0.0
0.0
0.0
0.0
0.0
-1.0
0.0
0.0
0.0
0.0
0.0
0.0
0.0
0.0
0.0
0.0
0.0
0.0
0.0
0.0
0.0
0.0
0.0
0.0
0.0
0.0
0.0
0.0
0.0
-1.0
0.0
0.0
0.0
0.0
0.0
0.0
0.0
0.0
0.0
1.0
0.0
0.0
0.0
0.0
1.0
0.0
0.0
0.0
0.0
0.0
0.0
0.0
0.0
1.0
0.0
0.0
0.0
0.0
0.0
0.0
0.0
0.0
0.0
-1.0
0.0
0.0
0.0
0.0
0.0
0.0
0.0
0.0
0.0
0.0
0.0
0.0
0.0
0.0
0.0
0.0
0.0
0.0
0.0
0.0
0.0
0.0
0.0
0.0
0.0
0.0
0.0
0.0
0.0
0.0
0.0
0.0
-1.0
0.0
0.0
0.0
0.0
0.0
0.0
0.0
0.0
0.0
0.0
0.0
0.0
0.0
0.0
0.0
0.0
0.0
0.0
0.0
0.0
0.0
0.0
0.0
0.0
0.0
0.0
0.0
0.0
0.0
0.0
0.0
0.0
0.0
0.0
0.0
0.0
0.0
-1.0
0.0
0.0
0.0
0.0
0.0
0.0
0.0
0.0
0.0
0.0
0.0
0.0
0.0
0.0
0.0
0.0
0.0
0.0
0.0
0.0
0.0
0.0
0.0
0.0
0.0
0.0
0.0
0.0
0.0
0.0
0.0
0.0
0.0
0.0
0.0
0.0
0.0
0.0
0.0
0.0
0.0
0.0
0.0
0.0
0.0
0.0
0.0
0.0
1.0
0.0
0.0
0.0
0.0
0.0
0.0
0.0
0.0
0.0
0.0
0.0
0.0
0.0
0.0
0.0
0.0
0.0
0.0
0.0
0.0
0.0
0.0
0.0
0.0
0.0
0.0
0.0
0.0
0.0
0.0
0.0
0.0
0.0
0.0
0.0
0.0
0.0
0.0
0.0
0.0
0.0
0.0
0.0
0.0
0.0
0.0
0.0
0.0
0.0
0.0
0.0
0.0
0.0
0.0
0.0
0.0
0.0
0.0
0.0
0.0
0.0
0.0
0.0
0.0
0.0
0.0
0.0
0.0
0.0
0.0
0.0
0.0
0.0
0.0
0.0
0.0
0.0
0.0
0.0
0.0
0.0
0.0
0.0
1.0
0.0
0.0
0.0
0.0
0.0
0.0
0.0
0.0
0.0
0.0
0.0
0.0
0.0
0.0
0.0
0.0
0.0
0.0
0.0
0.0
0.0
0.0
0.0
0.0
0.0
0.0
0.0
0.0
0.0
0.0
0.0
0.0
0.0
0.0
0.0
0.0
0.0
0.0
0.0
0.0
0.0
0.0
0.0
0.0
0.0
0.0
0.0
0.0
0.0
0.0
0.0
0.0
0.0
0.0
0.0
0.0
0.0
0.0
0.0
0.0
0.0
0.0
0.0
0.0
0.0
0.0
0.0
0.0
0.0
0.0
0.0
0.0
0.0
0.0
0.0
0.0
0.0
0.0
0.0
0.0
0.0
0.0
0.0
0.0
0.0
0.0
0.0
0.0
0.0
0.0
0.0
0.0
0.0
0.0
0.0
0.0
0.0
0.0
0.0
0.0
0.0
0.0
0.0
0.0
0.0
0.0
0.0
0.0
0.0
0.0
0.0
0.0
0.0
0.0
0.0
0.0
0.0
0.0
0.0
0.0
0.0
0.0
0.0
0.0
0.0
0.0
0.0
0.0
0.0
0.0
0.0
0.0
0.0
0.0
0.0
0.0
0.0
0.0
0.0
0.0
0.0
0.0
0.0
0.0
0.0
0.0
0.0
0.0
0.0
0.0
0.0
0.0
0.0
0.0
0.0
0.0
0.0
0.0
0.0
0.0
0.0
0.0
0.0
0.0
0.0
0.0
0.0
0.0
0.0
0.0
0.0
0.0
0.0
0.0
0.0
0.0
0.0
0.0
0.0
0.0
0.0
0.0
0.0
0.0
0.0
0.0
0.0
0.0
0.0
0.0
0.0
0.0
0.0
0.0
0.0
0.0
0.0
0.0
0.0
0.0
0.0
0.0
0.0
0.0
0.0
0.0
0.0
0.0
0.0
0.0
0.0
0.0
0.0
0.0
0.0
0.0
0.0
0.0
0.0
0.0
0.0
0.0
0.0
0.0
0.0
0.0
0.0
0.0
0.0
0.0
0.0
0.0
0.0
0.0
0.0
0.0
0.0
0.0
0.0
0.0
0.0
0.0
0.0
0.0
0.0
0.0
0.0
0.0
0.0
0.0
0.0
0.0
0.0
0.0
0.0
0.0
0.0
0.0
0.0
0.0
0.0
0.0
0.0
0.0
0.0
0.0
0.0
0.0
0.0
0.0
0.0
0.0
0.0
0.0
0.0
0.0
0.0
0.0
0.0
0.0
0.0
0.0
0.0
0.0
0.0
0.0
0.0
0.0
0.0
0.0
0.0
0.0
0.0
0.0
0.0
0.0
0.0
0.0
0.0
0.0
0.0
0.0
0.0
0.0
0.0
0.0
0.0
0.0
0.0
0.0
0.0
0.0
0.0
0.0
0.0
0.0
0.0
0.0
0.0
0.0
0.0
0.0
0.0
0.0
0.0
0.0
0.0
0.0
0.0
0.0
0.0
0.0
0.0
0.0
0.0
0.0
0.0
0.0
0.0
0.0
0.0
0.0
0.0
0.0
0.0
0.0
0.0
0.0
0.0
0.0
0.0
0.0
0.0
0.0
0.0
0.0
0.0
0.0
0.0
0.0
0.0
0.0
0.0
0.0
0.0
0.0
0.0
0.0
0.0
0.0
0.0
0.0
0.0
0.0
0.0
0.0
0.0
0.0
0.0
0.0
0.0
0.0
0.0
0.0
0.0
0.0
0.0
0.0
0.0
0.0
0.0
0.0
0.0
0.0
0.0
0.0
0.0
0.0
0.0
0.0
0.0
0.0
0.0
0.0
0.0
0.0
0.0
0.0
0.0
0.0
0.0
0.0
0.0
0.0
0.0
0.0
0.0
0.0
0.0
0.0
0.0
0.0
0.0
0.0
0.0
0.0
0.0
0.0
0.0
0.0
0.0
0.0
0.0
0.0
0.0
0.0
0.0
0.0
0.0
0.0
0.0
0.0
0.0
0.0
0.0
0.0
0.0
0.0
0.0
0.0
0.0
0.0
0.0
0.0
0.0
0.0
0.0
0.0
0.0
0.0
0.0
0.0
0.0
0.0
0.0
0.0
0.0
0.0
0.0
0.0
0.0
0.0
0.0
0.0
0.0
0.0
0.0
0.0
0.0
0.0
0.0
0.0
0.0
0.0
0.0
0.0
0.0
0.0
0.0
0.0
0.0
0.0
0.0
0.0
0.0
0.0
0.0
0.0
0.0
0.0
0.0
0.0
0.0
0.0
0.0
0.0
0.0
0.0
0.0
0.0
0.0
0.0
0.0
0.0
0.0
0.0
0.0
0.0
0.0
0.0
0.0
0.0
0.0
0.0
0.0
0.0
0.0
0.0
0.0
0.0
0.0
0.0
0.0
0.0
0.0
0.0
0.0
0.0
0.0
0.0
0.0
0.0
0.0
0.0
-1.0
0.0
0.0
0.0
0.0
0.0
0.0
0.0
0.0
0.0
0.0
0.0
0.0
0.0
0.0
0.0
0.0
0.0
0.0
0.0
0.0
0.0
0.0
0.0
0.0
0.0
0.0
0.0
0.0
0.0
0.0
0.0
0.0
0.0
0.0
0.0
0.0
0.0
0.0
0.0
0.0
0.0
0.0
0.0
0.0
0.0
0.0
1.0
0.0
0.0
0.0
0.0
0.0
0.0
0.0
0.0
0.0
0.0
0.0
0.0
0.0
0.0
0.0
0.0
0.0
0.0
0.0
0.0
0.0
0.0
0.0
0.0
0.0
0.0
0.0
0.0
0.0
0.0
0.0
0.0
0.0
0.0
0.0
0.0
0.0
0.0
0.0
0.0
0.0
0.0
0.0
0.0
0.0
0.0
0.0
0.0
0.0
0.0
0.0
0.0
0.0
0.0
0.0
0.0
0.0
0.0
0.0
0.0
0.0
0.0
0.0
0.0
0.0
0.0
0.0
0.0
0.0
0.0
0.0
0.0
0.0
0.0
0.0
0.0
0.0
0.0
0.0
0.0
0.0
0.0
0.0
0.0
0.0
0.0
0.0
0.0
0.0
0.0
0.0
0.0
0.0
0.0
0.0
0.0
0.0
0.0
0.0
0.0
0.0
0.0
0.0
0.0
0.0
0.0
0.0
0.0
0.0
0.0
0.0
0.0
0.0
0.0
0.0
0.0
0.0
0.0
0.0
0.0
0.0
0.0
0.0
0.0
0.0
0.0
0.0
0.0
0.0
0.0
0.0
0.0
0.0
0.0
0.0
0.0
0.0
0.0
0.0
0.0
0.0
0.0
0.0
0.0
0.0
0.0
0.0
0.0
0.0
0.0
0.0
0.0
0.0
0.0
0.0
0.0
0.0
0.0
0.0
0.0
0.0
0.0
0.0
0.0
0.0
0.0
0.0
0.0
0.0
0.0
0.0
0.0
0.0
0.0
0.0
0.0
0.0
0.0
0.0
0.0
0.0
0.0
0.0
0.0
0.0
0.0
0.0
0.0
0.0
0.0
0.0
0.0
0.0
0.0
0.0
0.0
0.0
0.0
0.0
0.0
0.0
0.0
0.0
0.0
0.0
0.0
0.0
0.0
0.0
0.0
0.0
0.0
0.0
0.0
0.0
0.0
0.0
0.0
0.0
0.0
0.0
0.0
0.0
0.0
0.0
0.0
0.0
0.0
0.0
0.0
0.0
0.0
0.0
0.0
0.0
0.0
0.0
0.0
0.0
0.0
0.0
0.0
0.0
0.0
0.0
0.0
0.0
0.0
0.0
0.0
0.0
0.0
0.0
0.0
0.0
0.0
0.0
0.0
0.0
0.0
0.0
0.0
0.0
0.0
0.0
0.0
0.0
0.0
0.0
0.0
0.0
0.0
0.0
0.0
0.0
0.0
0.0
0.0
0.0
0.0
0.0
0.0
0.0
0.0
0.0
0.0
0.0
0.0
0.0
0.0
0.0
0.0
0.0
0.0
0.0
0.0
0.0
0.0
0.0
0.0
0.0
0.0
0.0
0.0
0.0
0.0
0.0
0.0
0.0
0.0
0.0
0.0
0.0
0.0
0.0
0.0
0.0
0.0
0.0
0.0
0.0
0.0
0.0
0.0
0.0
0.0
0.0
0.0
0.0
0.0
0.0
0.0
0.0
0.0
0.0
0.0
0.0
0.0
0.0
0.0
0.0
0.0
0.0
0.0
0.0
0.0
0.0
0.0
0.0
0.0
0.0
0.0
0.0
0.0
0.0
0.0
0.0
0.0
0.0
0.0
0.0
0.0
0.0
0.0
0.0
0.0
0.0
0.0
0.0
0.0
0.0
0.0
1.0
1.0
0.0
0.0
0.0
0.0
0.0
0.0
0.0
0.0
0.0
0.0
0.0
0.0
0.0
0.0
0.0
0.0
0.0
0.0
0.0
0.0
0.0
0.0
0.0
0.0
0.0
0.0
0.0
0.0
0.0
0.0
0.0
0.0
0.0
0.0
0.0
0.0
0.0
0.0
0.0
0.0
0.0
0.0
0.0
0.0
0.0
0.0
0.0
0.0
0.0
0.0
0.0
0.0
0.0
0.0
0.0
0.0
0.0
0.0
0.0
0.0
0.0
0.0
0.0
0.0
0.0
0.0
0.0
0.0
0.0
0.0
0.0
0.0
0.0
0.0
0.0
0.0
0.0
0.0
0.0
0.0
0.0
0.0
0.0
0.0
0.0
0.0
0.0
0.0
0.0
0.0
0.0
0.0
0.0
0.0
0.0
0.0
0.0
0.0
0.0
0.0
0.0
0.0
0.0
0.0
0.0
0.0
0.0
0.0
0.0
0.0
0.0
0.0
0.0
0.0
0.0
0.0
0.0
0.0
0.0
0.0
0.0
0.0
0.0
0.0
0.0
0.0
0.0
0.0
0.0
0.0
0.0
0.0
0.0
0.0
0.0
0.0
0.0
0.0
0.0
0.0
0.0
0.0
0.0
0.0
0.0
0.0
0.0
0.0
0.0
0.0
0.0
0.0
0.0
0.0
0.0
0.0
0.0
0.0
0.0
0.0
0.0
0.0
0.0
0.0
0.0
0.0
0.0
0.0
0.0
0.0
0.0
0.0
0.0
0.0
0.0
0.0
0.0
0.0
0.0
0.0
0.0
0.0
0.0
0.0
0.0
0.0
0.0
0.0
0.0
0.0
0.0
0.0
0.0
0.0
0.0
0.0
0.0
0.0
0.0
0.0
0.0
0.0
0.0
0.0
0.0
0.0
0.0
0.0
0.0
0.0
0.0
0.0
0.0
0.0
0.0
0.0
0.0
0.0
0.0
0.0
0.0
0.0
0.0
0.0
0.0
0.0
0.0
0.0
0.0
0.0
0.0
0.0
0.0
0.0
0.0
0.0
0.0
0.0
0.0
0.0
0.0
0.0
100.0
163840.0
0.0
0.0
0.0
0.0
0.0
0.0
0.0
0.0
0.0
0.0
0.0
0.0
0.0
0.0
0.0
0.0
0.0
0.0
0.0
0.0
0.0
0.0
0.0
0.0
0.0
0.0
