0.0053088325
0.00083740515
0.00084925524
0.000817655
0.0007939549
0.00082555506
0.00065175403
0.0006122538
0.0009006055
0.0006675541
0.00062805385
0.00059250364
0.0006201538
0.00061620376
0.0005214032
0.00086900534
0.00065570406
0.00058065355
0.0006201538
0.00066360406
0.0006715041
0.00050165306
0.0006675541
0.00054510334
0.0006715041
0.0005332533
0.00060830376
0.0006359539
0.00060830376
0.000647804
0.000643854
0.00067545415
0.000647804
0.00062805385
0.00059645367
0.00052535324
0.0015405095
0.00048190297
0.0005688035
0.0006241038
0.00059250364
0.0007860548
0.0005293033
0.0006794042
0.0006715041
0.0006833542
0.0006004037
0.0005530034
0.13918701
0.009286507
0.13902506
0.009124557
0.13915145
0.008840154
0.13897766
0.009179857
0.13935685
0.009092956
0.00062805385
0.0007307545
0.0007189044
0.0006043537
0.00056090346
0.00058065355
0.000647804
0.0006043537
0.00061620376
0.0006833542
0.00086900534
0.00063990394
0.00054905337
0.0005648535
0.0007663047
0.0005411533
0.0005846036
0.00061620376
0.00077025476
0.0005885536
0.00060830376
0.00059250364
0.0007268045
0.0006122538
0.0005569534
0.00062805385
0.0007386545
0.00059250364
0.0006359539
0.0005885536
0.00062805385
0.0005688035
0.0005846036
0.0006201538
0.00065175403
0.00059250364
0.00058065355
0.0006320039
0.00075840467
0.00488618
0.0053878333
0.0041514756
0.005028381
0.0037248728
0.005498434
0.003894724
0.005075781
0.00487433
0.005194282
0.0038670737
0.0049177804
0.0039776745
0.005375983
0.0038157236
0.005506334
0.005162682
0.005237732
0.004080375
0.005024431
0.0037920233
0.005190332
0.0040092748
0.0051192315
0.0004740029
0.00060830376
0.0005293033
0.00065965403
0.00059645367
0.0006201538
0.0006675541
0.00065570406
0.00065570406
0.0005885536
0.0007149544
0.0006675541
0.0006201538
0.0006320039
0.0005332533
0.0005846036
0.0010586065
0.00065965403
0.000971706
0.0005372033
0.00073470455
0.00057275355
0.0006201538
0.0006715041
0.00071100437
0.0005688035
0.00059250364
0.0006675541
0.0006043537
0.0005767035
0.0006320039
0.00063990394
0.0005688035
0.0005885536
0.0005767035
0.0005569534
0.0005846036
0.00061620376
0.00063990394
0.00066360406
0.0005885536
0.000647804
0.00060830376
0.00059250364
0.00061620376
0.0005688035
0.00054510334
0.0005530034
0.0006320039
0.0006201538
0.0006122538
0.0005530034
0.00058065355
0.0006359539
0.00065570406
0.00056090346
0.0006122538
0.00068730424
0.0005846036
0.0005530034
0.00054905337
0.0007505046
0.00060830376
0.0006833542
0.0005885536
0.0005569534
0.0006359539
0.0006675541
0.0005569534
0.00059645367
0.00065570406
0.0006794042
0.0009440558
0.00065965403
0.0005885536
0.0006912543
0.0005885536
0.0006833542
0.00092825573
0.000643854
0.0005688035
0.00060830376
0.0006359539
0.0005214032
0.00065175403
0.00065175403
0.0005648535
0.0006122538
0.0006201538
0.0006675541
0.0006715041
0.0005530034
0.00059250364
0.00062805385
0.00059250364
0.00060830376
0.00046215285
0.0005767035
0.00062805385
0.0005411533
0.00061620376
0.0006122538
0.00061620376
0.0006991543
0.00056090346
0.00063990394
0.0005332533
0.0006004037
0.00057275355
0.0006122538
0.0006122538
0.0007742048
0.0006201538
0.0006794042
0.0005885536
0.0006359539
0.0005767035
0.0006122538
0.0006122538
0.00067545415
0.00061620376
0.0006320039
0.0005569534
0.00059645367
0.0005885536
0.00061620376
0.0006043537
0.0005767035
0.0006201538
0.0006201538
0.0006359539
0.0005214032
0.00063990394
0.0006241038
0.00092825573
0.0
0.0
0.0
0.57288295
0.0
0.0
0.00019451855
9.3289505e-05
0.0
0.0
0.0
0.0
0.0
0.0
0.0
0.0
0.0
0.0
0.0
0.015085111
0.0
0.0
0.0007522707
0.0004227801
0.0
0.0
0.0
0.0
0.0
0.0
0.0
0.0
0.0
0.0
0.0
0.021714622
0.0
0.0
0.0016792112
0.0009964113
0.0
0.0
0.0
0.0
0.0
0.0
0.0
0.0
0.0
0.0
0.0
0.029872492
0.0
0.0
0.0042397105
0.0024731643
0.0
0.0
0.0
0.0
0.0
0.0
0.0
0.0
0.0
0.0
0.0
0.011617521
0.0
0.0
0.0028582318
0.00178441
0.0
0.0
0.0
0.0
0.0
0.0
0.0
0.0
0.0
0.0
0.0
0.074865825
0.0
0.0
0.03953887
0.023806687
0.0
0.0
0.0
0.0
0.0
0.0
0.0
0.0
0.0
0.0
0.0
0.009850975
0.0
0.0
0.008838684
0.0057005845
0.0
0.0
0.0
0.0
0.0
0.0
0.0
0.0
0.0
0.0
0.0
0.0
0.0
0.0
0.0
0.0
0.0
0.0
0.0
0.0
0.0
0.0
0.0
0.0
0.000662951
3.969766e-06
9.924415e-06
0.0014390403
5.3591844e-05
3.5727895e-05
0.0009904567
0.0008475451
3.969766e-06
3.969766e-06
1.984883e-06
3.969766e-06
1.984883e-06
1.984883e-06
1.984883e-06
1.984883e-06
0.0
0.0
0.0
0.0
0.0
0.0
0.0
0.0
0.0
0.0
0.0
0.0
0.0
0.0
0.0
0.0
0.0
0.0
0.0
0.0
0.0
0.0
0.0
0.0
0.0
0.0
0.0
0.0
0.0
0.0
0.0
0.0
0.0
0.0
0.0
0.0
0.0
0.0
0.0
0.0
0.0
0.0
0.0
0.0
0.0
0.0
0.0
0.0
0.0012147485
5.756161e-05
0.00023620109
5.9546495e-05
0.00020841273
0.0001290174
0.0007284521
0.0006907393
0.00027391387
2.3818597e-05
2.3818597e-05
4.7637193e-05
0.00013497206
3.969766e-05
8.336509e-05
0.00011313834
0.0021992505
0.00015879064
0.0008991521
0.0002461255
0.0006192835
0.0002957476
0.0004009464
0.00034735454
0.0010738218
0.0001171081
8.534997e-05
0.00019253367
0.0006708905
0.00012703252
0.000339415
0.00035727897
0.0010837462
0.00022627668
0.00017268483
0.00022032202
0.00020841273
0.00021436738
0.00019848831
0.00020841273
0.00017069995
0.0002004732
0.00019054877
0.00019650343
0.0002004732
0.00018062437
0.00018459413
0.00020841273
0.0100693125
0.009446058
0.009394452
0.0094023915
0.009126493
0.0092356615
0.009309102
0.009529424
0.009265434
0.009430179
0.009350784
0.009394452
0.009575076
0.009233676
0.009299178
0.00934483
212.0
999.60376
211916.0
6.134506e-05
7.0782764e-05
3.7750808e-05
5.662621e-05
0.00015100323
3.7750808e-05
3.7750808e-05
5.190736e-05
4.246966e-05
0.00012269012
4.246966e-05
4.7188507e-05
8.022047e-05
3.3031956e-05
8.493932e-05
4.246966e-05
0.1656647
0.010367315
0.16544291
0.010187999
0.16555144
0.009909587
0.16528247
0.010357877
0.16583458
0.010112497
3.7750808e-05
6.134506e-05
6.134506e-05
7.5501615e-05
4.7188507e-05
4.246966e-05
6.134506e-05
6.606391e-05
9.9095865e-05
3.7750808e-05
8.965817e-05
4.246966e-05
5.662621e-05
3.3031956e-05
9.4377014e-05
6.134506e-05
3.7750808e-05
6.134506e-05
6.134506e-05
6.606391e-05
4.7188507e-05
7.5501615e-05
6.606391e-05
5.190736e-05
4.7188507e-05
6.134506e-05
6.606391e-05
5.190736e-05
5.662621e-05
3.7750808e-05
5.190736e-05
3.7750808e-05
4.246966e-05
6.606391e-05
7.5501615e-05
4.7188507e-05
2.8313105e-05
4.246966e-05
6.606391e-05
0.0052048927
0.0057239663
0.004237528
0.005252081
0.0037278922
0.005629589
0.004072368
0.0054313974
0.00513411
0.005596557
0.0039968668
0.005068046
0.004044055
0.0058325
0.003930803
0.005950471
0.005450273
0.0055257743
0.00414787
0.0052001737
0.0038081126
0.0054927426
0.0040393365
0.0052379244
3.7750808e-05
4.246966e-05
6.134506e-05
4.7188507e-05
4.246966e-05
7.5501615e-05
3.3031956e-05
3.4357748
0.0
0.0
0.0
2.0
253163.0
159744.0
0.0
0.0
4.0
0.0
0.0
0.0
0.0
0.0
1422331000.0
0.0
0.0
0.0
0.0
0.0
1.0
0.0
0.0
0.0
0.0
0.0
0.0
-1.0
0.0
-1.0
-1.0
1.0
0.0
0.0
0.0
0.0
0.0
0.0
0.0
0.0
0.0
0.0
0.0
-1.0
0.0
0.0
0.0
0.0
0.0
0.0
0.0
0.0
0.0
0.0
0.0
0.0
-1.0
0.0
0.0
0.0
0.0
0.0
0.0
0.0
0.0
0.0
0.0
6.0
0.0
4.0
0.0
4.0
0.0
45056.0
512.0
4096.0
3.0
1.0
0.0
2.0
3.0
0.0
0.0
0.0
0.0
0.0
0.0
0.0
0.0
0.0
0.0
0.0
0.0
0.0
0.0
0.0
0.0
0.0
0.0
0.0
0.0
0.0
0.0
0.0
-512.0
0.0
0.0
0.0
0.0
-41472.0
0.0
0.0
0.0
0.0
0.0
0.0
0.0
0.0
0.0
0.0
0.0
0.0
0.0
0.0
0.0
0.0
0.0
0.0
0.0
0.0
0.0
0.0
0.0
0.0
0.0
0.0
0.0
0.0
0.0
0.0
0.0
0.0
0.0
0.0
0.0
0.0
0.0
0.0
0.0
0.0
0.0
0.0
0.0
0.0
-2.930241
0.0
0.0
0.0
0.0
-7.972445
0.0
0.0
0.0
0.0
0.0
0.0
0.0
0.0
0.0
0.0
0.0
0.0
0.0
0.0
0.0
0.0
0.0
0.0
0.0
0.0
0.0
0.0
0.0
0.0
0.0
0.0
0.0
0.0
0.0
0.0
0.0
0.0
0.0
0.0
0.0
0.0
0.0
0.0
0.0
0.0
0.0
0.0
0.0
0.0
-4096.0
0.0
0.0
0.0
0.0
-45056.0
0.0
0.0
0.0
0.0
0.0
106496.0
0.0
0.0
0.0
0.0
0.0
0.0
0.0
0.0
0.0
0.0
0.0
0.0
0.0
0.0
0.0
0.0
0.0
0.0
0.0
0.0
0.0
0.0
0.0
0.0
0.0
0.0
0.0
1.0
0.0
0.0
0.0
0.0
0.0
0.0
0.0
-1.0
0.0
0.0
0.0
0.0
0.0
0.0
0.0
0.0
0.0
0.0
-1.0
0.0
0.0
0.0
0.0
0.0
0.0
0.0
-1.0
0.0
0.0
0.0
0.0
0.0
0.0
0.0
0.0
0.0
0.0
0.0
0.0
0.0
0.0
0.0
0.0
0.0
0.0
0.0
0.0
0.0
0.0
0.0
-1.0
0.0
0.0
0.0
0.0
0.0
0.0
0.0
0.0
0.0
1.0
0.0
0.0
0.0
0.0
0.0
0.0
0.0
0.0
0.0
0.0
0.0
0.0
0.0
1.0
0.0
0.0
0.0
0.0
0.0
0.0
0.0
0.0
0.0
-1.0
0.0
0.0
0.0
0.0
0.0
0.0
0.0
0.0
0.0
0.0
0.0
0.0
0.0
0.0
0.0
0.0
0.0
0.0
0.0
0.0
0.0
0.0
0.0
0.0
0.0
0.0
0.0
0.0
0.0
0.0
0.0
0.0
-1.0
0.0
0.0
0.0
0.0
0.0
0.0
0.0
0.0
0.0
0.0
0.0
0.0
0.0
0.0
0.0
0.0
0.0
0.0
0.0
0.0
0.0
0.0
0.0
0.0
0.0
0.0
0.0
0.0
0.0
0.0
0.0
0.0
0.0
0.0
0.0
0.0
0.0
-1.0
0.0
0.0
0.0
0.0
0.0
0.0
0.0
0.0
0.0
0.0
0.0
0.0
0.0
0.0
0.0
0.0
0.0
0.0
0.0
0.0
0.0
0.0
0.0
0.0
0.0
0.0
0.0
0.0
0.0
0.0
0.0
0.0
0.0
0.0
0.0
0.0
0.0
0.0
0.0
0.0
0.0
0.0
0.0
0.0
0.0
0.0
0.0
0.0
1.0
0.0
0.0
0.0
0.0
0.0
0.0
0.0
0.0
0.0
0.0
0.0
0.0
0.0
0.0
0.0
0.0
0.0
0.0
0.0
0.0
0.0
0.0
0.0
0.0
0.0
0.0
0.0
0.0
0.0
0.0
0.0
0.0
0.0
0.0
0.0
0.0
0.0
0.0
0.0
0.0
0.0
0.0
0.0
0.0
0.0
0.0
0.0
0.0
0.0
0.0
0.0
0.0
0.0
0.0
0.0
0.0
0.0
0.0
0.0
0.0
0.0
0.0
0.0
0.0
0.0
0.0
0.0
0.0
0.0
0.0
0.0
0.0
0.0
0.0
0.0
0.0
0.0
0.0
0.0
0.0
0.0
0.0
0.0
1.0
0.0
0.0
0.0
0.0
0.0
0.0
0.0
0.0
0.0
0.0
0.0
0.0
0.0
0.0
0.0
0.0
0.0
0.0
0.0
0.0
0.0
0.0
0.0
0.0
0.0
0.0
0.0
0.0
0.0
0.0
0.0
0.0
0.0
0.0
0.0
0.0
0.0
0.0
0.0
0.0
0.0
0.0
0.0
0.0
0.0
0.0
0.0
0.0
0.0
0.0
0.0
0.0
0.0
0.0
0.0
0.0
0.0
0.0
0.0
0.0
0.0
0.0
0.0
0.0
0.0
0.0
0.0
0.0
0.0
0.0
0.0
0.0
0.0
0.0
0.0
0.0
0.0
0.0
0.0
0.0
0.0
0.0
0.0
0.0
0.0
0.0
0.0
0.0
0.0
0.0
0.0
0.0
0.0
0.0
0.0
0.0
0.0
0.0
0.0
0.0
0.0
0.0
0.0
0.0
0.0
0.0
0.0
0.0
0.0
0.0
0.0
0.0
0.0
0.0
0.0
0.0
0.0
0.0
0.0
0.0
0.0
0.0
0.0
0.0
0.0
0.0
0.0
0.0
0.0
0.0
0.0
0.0
0.0
0.0
0.0
0.0
0.0
0.0
0.0
0.0
0.0
0.0
0.0
0.0
0.0
0.0
0.0
0.0
0.0
0.0
0.0
0.0
0.0
0.0
0.0
0.0
0.0
0.0
0.0
0.0
0.0
0.0
0.0
0.0
0.0
0.0
0.0
0.0
0.0
0.0
0.0
0.0
0.0
0.0
0.0
0.0
0.0
0.0
0.0
0.0
0.0
0.0
0.0
0.0
0.0
0.0
0.0
0.0
0.0
0.0
0.0
0.0
0.0
0.0
0.0
0.0
0.0
0.0
0.0
0.0
0.0
0.0
0.0
0.0
0.0
0.0
0.0
0.0
0.0
0.0
0.0
0.0
0.0
0.0
0.0
0.0
0.0
0.0
0.0
0.0
0.0
0.0
0.0
0.0
0.0
0.0
0.0
0.0
0.0
0.0
0.0
0.0
0.0
0.0
0.0
0.0
0.0
0.0
0.0
0.0
0.0
0.0
0.0
0.0
0.0
0.0
0.0
0.0
0.0
0.0
0.0
0.0
0.0
0.0
0.0
0.0
0.0
0.0
0.0
0.0
0.0
0.0
0.0
0.0
0.0
0.0
0.0
0.0
0.0
0.0
0.0
0.0
0.0
0.0
0.0
0.0
0.0
0.0
0.0
0.0
0.0
0.0
0.0
0.0
0.0
0.0
0.0
0.0
0.0
0.0
0.0
0.0
0.0
0.0
0.0
0.0
0.0
0.0
0.0
0.0
0.0
0.0
-1.0
0.0
0.0
0.0
0.0
0.0
0.0
0.0
0.0
0.0
0.0
0.0
0.0
0.0
0.0
0.0
0.0
0.0
0.0
0.0
0.0
0.0
0.0
0.0
0.0
0.0
0.0
0.0
0.0
0.0
0.0
0.0
0.0
0.0
0.0
0.0
0.0
0.0
0.0
0.0
0.0
0.0
0.0
0.0
0.0
0.0
0.0
0.0
0.0
0.0
0.0
0.0
0.0
0.0
0.0
0.0
0.0
0.0
0.0
0.0
0.0
0.0
0.0
0.0
0.0
0.0
0.0
0.0
0.0
0.0
0.0
0.0
0.0
0.0
0.0
0.0
0.0
0.0
0.0
0.0
0.0
0.0
0.0
0.0
0.0
0.0
0.0
0.0
0.0
0.0
0.0
0.0
0.0
0.0
0.0
0.0
0.0
0.0
0.0
0.0
0.0
0.0
0.0
0.0
0.0
0.0
0.0
0.0
0.0
0.0
0.0
0.0
0.0
0.0
0.0
0.0
0.0
0.0
0.0
0.0
0.0
0.0
0.0
0.0
0.0
0.0
0.0
0.0
0.0
0.0
-1.0
0.0
0.0
0.0
0.0
0.0
0.0
0.0
0.0
0.0
0.0
0.0
0.0
0.0
0.0
0.0
0.0
0.0
0.0
0.0
0.0
0.0
0.0
0.0
0.0
0.0
0.0
0.0
0.0
0.0
0.0
0.0
0.0
0.0
0.0
0.0
0.0
0.0
0.0
0.0
0.0
0.0
0.0
0.0
0.0
0.0
0.0
0.0
0.0
0.0
0.0
0.0
0.0
0.0
0.0
0.0
0.0
0.0
0.0
0.0
0.0
0.0
0.0
0.0
0.0
0.0
0.0
0.0
0.0
0.0
0.0
0.0
0.0
0.0
0.0
0.0
0.0
0.0
0.0
0.0
0.0
0.0
0.0
0.0
0.0
0.0
0.0
0.0
0.0
0.0
0.0
0.0
0.0
0.0
0.0
0.0
0.0
0.0
0.0
0.0
0.0
0.0
0.0
0.0
0.0
0.0
0.0
0.0
0.0
0.0
0.0
0.0
0.0
0.0
0.0
0.0
0.0
0.0
0.0
0.0
0.0
0.0
0.0
0.0
0.0
0.0
0.0
0.0
0.0
0.0
0.0
0.0
0.0
0.0
0.0
0.0
0.0
0.0
0.0
0.0
0.0
0.0
0.0
0.0
0.0
0.0
0.0
0.0
0.0
0.0
0.0
0.0
0.0
0.0
0.0
0.0
0.0
0.0
0.0
1.0
0.0
0.0
0.0
0.0
0.0
0.0
0.0
0.0
0.0
0.0
0.0
0.0
0.0
0.0
0.0
0.0
0.0
0.0
0.0
0.0
0.0
0.0
0.0
0.0
0.0
0.0
0.0
0.0
0.0
0.0
0.0
0.0
0.0
0.0
0.0
0.0
0.0
0.0
0.0
0.0
0.0
0.0
0.0
0.0
0.0
0.0
0.0
0.0
0.0
0.0
0.0
0.0
0.0
0.0
0.0
0.0
0.0
0.0
0.0
0.0
0.0
0.0
0.0
0.0
0.0
0.0
0.0
0.0
0.0
0.0
0.0
0.0
0.0
0.0
0.0
0.0
0.0
0.0
0.0
0.0
0.0
0.0
0.0
0.0
0.0
0.0
0.0
0.0
0.0
0.0
0.0
0.0
0.0
0.0
0.0
0.0
0.0
0.0
0.0
0.0
0.0
0.0
0.0
0.0
0.0
0.0
0.0
0.0
0.0
0.0
0.0
0.0
0.0
0.0
0.0
0.0
0.0
0.0
0.0
0.0
0.0
0.0
0.0
0.0
0.0
0.0
0.0
0.0
0.0
0.0
0.0
0.0
0.0
0.0
0.0
0.0
0.0
0.0
0.0
0.0
0.0
0.0
0.0
0.0
0.0
0.0
0.0
0.0
0.0
0.0
0.0
0.0
0.0
0.0
0.0
0.0
0.0
0.0
0.0
0.0
0.0
0.0
0.0
0.0
0.0
0.0
0.0
0.0
0.0
0.0
0.0
0.0
0.0
0.0
0.0
0.0
0.0
0.0
0.0
0.0
0.0
0.0
0.0
0.0
0.0
0.0
0.0
0.0
0.0
0.0
0.0
0.0
0.0
0.0
0.0
0.0
0.0
0.0
0.0
0.0
0.0
0.0
0.0
0.0
1.0
0.0
0.0
0.0
0.0
0.0
0.0
0.0
0.0
0.0
0.0
0.0
0.0
0.0
0.0
0.0
0.0
0.0
0.0
0.0
0.0
0.0
0.0
0.0
0.0
0.0
0.0
0.0
0.0
0.0
0.0
0.0
0.0
0.0
0.0
0.0
0.0
0.0
0.0
0.0
0.0
0.0
0.0
0.0
0.0
0.0
0.0
0.0
0.0
0.0
0.0
0.0
0.0
0.0
0.0
0.0
0.0
0.0
0.0
0.0
0.0
0.0
0.0
0.0
0.0
0.0
0.0
0.0
0.0
0.0
0.0
0.0
0.0
0.0
0.0
0.0
0.0
0.0
0.0
0.0
0.0
0.0
0.0
0.0
0.0
0.0
0.0
0.0
0.0
0.0
0.0
0.0
0.0
0.0
0.0
0.0
0.0
0.0
0.0
0.0
0.0
0.0
0.0
0.0
0.0
0.0
0.0
0.0
0.0
0.0
0.0
0.0
0.0
0.0
0.0
0.0
0.0
0.0
0.0
0.0
0.0
0.0
0.0
0.0
0.0
0.0
0.0
0.0
0.0
0.0
0.0
0.0
0.0
0.0
0.0
0.0
0.0
0.0
0.0
0.0
0.0
0.0
0.0
0.0
0.0
0.0
0.0
0.0
0.0
0.0
0.0
0.0
0.0
0.0
0.0
0.0
0.0
0.0
0.0
0.0
0.0
0.0
0.0
0.0
0.0
0.0
0.0
0.0
0.0
0.0
0.0
0.0
0.0
0.0
0.0
0.0
0.0
0.0
0.0
0.0
0.0
0.0
0.0
0.0
0.0
0.0
0.0
0.0
0.0
0.0
0.0
0.0
0.0
0.0
0.0
0.0
0.0
0.0
0.0
0.0
0.0
0.0
0.0
0.0
0.0
0.0
0.0
0.0
0.0
0.0
0.0
0.0
0.0
0.0
0.0
0.0
0.0
0.0
0.0
0.0
0.0
0.0
0.0
0.0
0.0
0.0
0.0
0.0
0.0
0.0
0.0
0.0
0.0
0.0
0.0
0.0
0.0
0.0
0.0
0.0
0.0
0.0
0.0
0.0
0.0
0.0
0.0
0.0
0.0
0.0
0.0
0.0
0.0
0.0
0.0
0.0
0.0
0.0
0.0
0.0
0.0
0.0
0.0
0.0
0.0
0.0
0.0
0.0
0.0
0.0
0.0
0.0
0.0
0.0
0.0
0.0
0.0
0.0
0.0
0.0
0.0
0.0
0.0
0.0
0.0
0.0
0.0
0.0
0.0
0.0
0.0
0.0
0.0
0.0
0.0
0.0
0.0
0.0
0.0
0.0
0.0
0.0
0.0
0.0
0.0
0.0
0.0
0.0
0.0
0.0
0.0
0.0
0.0
0.0
0.0
0.0
0.0
0.0
0.0
0.0
0.0
0.0
0.0
0.0
0.0
0.0
0.0
0.0
0.0
0.0
0.0
0.0
0.0
0.0
0.0
0.0
0.0
0.0
0.0
0.0
0.0
0.0
0.0
0.0
0.0
0.0
0.0
0.0
0.0
0.0
0.0
0.0
0.0
0.0
0.0
0.0
0.0
0.0
0.0
0.0
0.0
0.0
0.0
0.0
0.0
0.0
0.0
0.0
0.0
0.0
0.0
0.0
0.0
0.0
0.0
0.0
0.0
0.0
0.0
0.0
0.0
0.0
0.0
0.0
0.0
0.0
0.0
0.0
0.0
0.0
0.0
0.0
0.0
0.0
0.0
0.0
0.0
0.0
0.0
0.0
0.0
0.0
0.0
0.0
0.0
0.0
0.0
0.0
0.0
0.0
0.0
0.0
100.0
155648.0
0.0
0.0
0.0
0.0
0.0
0.0
0.0
0.0
0.0
0.0
0.0
0.0
0.0
0.0
0.0
0.0
0.0
0.0
0.0
0.0
0.0
0.0
0.0
0.0
0.0
0.0
