0.16019243
0.0054565608
0.0030796714
0.005805095
0.005501318
0.0016741072
0.002825413
0.0016569662
0.006374558
0.0010608393
0.0012389155
0.0013065273
0.0030930035
0.00096370676
0.0010113207
0.0026359092
0.004911857
0.00093418604
0.0009779909
0.0017921898
0.0020616848
0.0052165864
0.0018417083
0.0030292007
0.0018902746
0.00052280136
0.00059803145
0.00052375364
0.0018274242
0.00057803356
0.0005170877
0.0005675585
0.0032806024
0.0017683828
0.0006418363
0.0004247166
0.0038081652
0.0010113207
0.0005218491
0.00045138042
0.0013569981
0.000528515
0.00048185338
0.0020055003
0.006663099
0.0007732509
0.00059327006
0.0015436448
0.0116911335
0.0076306146
0.00597841
0.011132146
0.0059203207
0.007673467
0.0067821336
0.0051318337
0.010434126
0.004428099
0.002395935
0.0030987172
0.0035081971
0.003616757
0.0021892902
0.003336787
0.007659183
0.004730924
0.005617496
0.0061545814
0.006589773
0.017738108
0.004342394
0.0027520873
0.0033624985
0.0023902212
0.0017436235
0.0025006856
0.0040776604
0.0059327004
0.014766997
0.003085385
0.010932167
0.002440692
0.002160722
0.0051242155
0.0032272749
0.0072858897
0.0052613434
0.0027073303
0.0023797462
0.0057965247
0.0030034892
0.0029977756
0.002539729
0.002314991
0.002562584
0.0015284084
0.0012112993
0.0028692177
0.0015874497
0.0022683295
0.0066583375
0.004491902
0.002917784
0.0015931634
0.0056194006
0.002494972
0.0031434742
0.0014122303
0.0034691538
0.0018245673
0.0028482676
0.0032444159
0.0030787191
0.0014160394
0.0036215184
0.0027758945
0.008548612
0.004924237
0.0019483636
0.001588402
0.002617816
0.0014398465
0.0013236683
0.0019845502
0.0016369682
0.0037567422
0.00095323165
0.00074087334
0.0036243752
0.00088466756
0.0005247059
0.0052994345
0.0028654085
0.010403652
0.0007818214
0.0004580464
0.0015588814
0.007638233
0.0012198698
0.05404376
0.0011846356
0.013340482
0.00089704717
0.0004713783
0.002522588
0.00048090107
0.0006513591
0.0007646803
0.0011408307
0.003023487
0.00042757345
0.00041233696
0.0011979674
0.00049518526
0.00048090107
0.0005913655
0.001135117
0.0004066233
0.00044471447
0.00043900078
0.0012989091
0.0022797568
0.00050185126
0.0008799061
0.0013274774
0.0008408627
0.00059707917
0.00051804
0.0026292433
0.0004580464
0.00060184055
0.0004970898
0.0012465337
0.0004904239
0.00046280777
0.00051804
0.0021331059
0.0006142202
0.0018293287
0.00077706
0.0039662435
0.0006637387
0.0006275521
0.00068849797
0.006244096
0.0034329672
0.0017321962
0.0007618235
0.0018636107
0.0004475713
0.00087419245
0.00047899652
0.008476239
0.0005408947
0.0011170238
0.007196375
0.0026511457
0.00051899225
0.0033015525
0.0016141136
0.0018521834
0.0010551255
0.000800867
0.000899904
0.002188338
0.00035043882
0.00065231137
0.00067230925
0.0020102619
0.0007151618
0.0017598122
0.0012617701
0.0016836299
0.00067611836
0.0012636747
0.0009379952
0.0032748887
0.00076753716
0.0010979781
0.0016274455
0.0016712503
0.0008494332
0.00081896025
0.000858956
0.001959791
0.00074658706
0.0007694417
0.0004980421
0.0016426819
0.0010227481
0.00049518526
0.00048090107
0.025799153
0.0027358986
0.00082276936
0.0036129479
0.003936723
0.00076848944
0.0008322922
0.0008903812
0.0041367016
0.0010979781
0.002566393
0.0033310733
0.00460808
0.0015836406
0.0016131613
0.001847422
0.0063012326
0.0026063886
0.003101574
0.0026768574
0.009943701
0.00312919
0.004625221
0.08437481
0.0
0.0
0.0
0.0
0.0
0.0
0.0
0.0
0.0
0.0
0.0
0.0
0.0
0.0
0.0
0.0
0.0
0.0
0.0
0.0
0.0
0.0
0.0
0.0
0.0
0.0
0.0
0.0
0.0
0.0
0.0
0.0
0.0
0.0
0.0
0.0
0.0
0.0
0.0
0.0
0.0
0.0
0.0
0.0
0.0
0.0
0.0
0.0
0.0
0.0
0.0
0.0
0.0
0.0
0.0
0.0
0.0
0.0
0.0
0.0
0.0
0.0
0.0
0.0
0.0
0.0
0.0
0.0
0.0
0.0
0.0
0.0
0.0
0.0
0.0
0.0
0.0
0.0
0.0
0.0
0.0
0.0
0.0
0.0
0.0
0.0
0.0
0.0
0.0
0.0
0.0
0.0
0.0
0.0
0.0
0.0
0.007183075
4.8160553e-05
1.335144e-05
0.0034971237
2.7179718e-05
1.8119812e-05
1.1920929e-05
2.1457672e-05
3.385544e-05
9.536743e-06
1.0967255e-05
1.1920929e-05
1.335144e-05
1.0967255e-05
4.339218e-05
0.00467062
0.008602619
0.00018167496
0.00073099136
0.0008420944
0.0006761551
9.9658966e-05
0.0022673607
0.0012083054
9.2983246e-05
2.5749207e-05
3.8146973e-05
3.528595e-05
6.055832e-05
3.8146973e-05
5.9604645e-05
0.0016422272
0.0016245842
1.1920929e-05
1.2397766e-05
0.00022506714
0.00078964233
0.00031518936
0.0023388863
0.0011405945
2.527237e-05
4.7683716e-07
1.9073486e-06
2.861023e-06
4.2915344e-06
1.4305115e-05
1.4305115e-05
0.0003142357
0.0035338402
0.00016498566
0.00017738342
0.0009975433
0.00045108795
0.00018548965
0.00026750565
0.00019598007
0.00020647049
6.866455e-05
5.6266785e-05
0.00011110306
8.2969666e-05
5.2928925e-05
0.000101566315
0.0011587143
0.021650314
0.00024366379
0.0023260117
0.009242535
0.0062117577
0.002734661
0.003267765
0.0033950806
0.0004711151
0.00022315979
0.00053071976
0.001060009
0.00019264221
0.00012779236
0.00023555756
0.0027747154
0.048163414
0.0025000572
0.007730007
0.05333233
0.021859169
0.011970997
0.013916016
0.014315605
0.0039582253
0.0022892952
0.0029363632
0.0040006638
0.0023303032
0.002026081
0.0023140907
0.0075292587
0.019332409
0.0071992874
0.002269268
0.0055422783
0.013525009
0.005736828
0.004422188
0.003147602
0.024364948
0.0035014153
0.0032334328
0.0062155724
0.0028738976
0.00334692
0.0077939034
0.036909103
0.04093027
0.0077877045
0.004594326
0.010040283
0.02260685
0.013568401
0.008461475
0.0068149567
0.03105259
0.0039076805
0.003238678
0.008180618
0.008285522
0.0065426826
0.015028954
0.038451195
0.05216694
0.009675026
0.007989883
0.011343956
0.027383804
0.02769804
0.012571335
0.01209116
0.04514265
0.0046072006
0.0051226616
0.0075535774
0.020089626
0.009144783
0.021488667
0.044290066
0.0
0.0
0.0
0.0
0.0
0.0
0.0
0.0
0.0
0.0
0.0
0.0
0.0
0.0
0.0
0.0
9458.0
17.412455
164687.0
0.0020645224
0.008719571
0.00084402534
0.0004979142
0.0018580701
0.0007650877
0.00072865497
0.00038861597
0.001463382
0.00046148148
0.00075294345
0.007966627
0.026498752
0.0014876706
0.0010079728
0.0074808574
0.04118115
0.03220655
0.023122652
0.02714847
0.01966154
0.031538617
0.030967835
0.02086382
0.033275243
0.017038383
0.005695653
0.005926394
0.0062603606
0.010225458
0.005367758
0.0051916665
0.001603041
0.014257349
0.022576159
0.017572729
0.020329474
0.0221754
0.013194727
0.0071408185
0.007741959
0.009004961
0.007007232
0.006485029
0.009047465
0.008585984
0.0075051463
0.016740847
0.009217485
0.008494902
0.0072197565
0.010674795
0.011682768
0.0074747857
0.016692271
0.0070740255
0.0070315204
0.008288451
0.0070497366
0.0024713548
0.009697183
0.002094883
0.0025442203
0.0025260039
0.0012994347
0.0141359065
0.007535507
0.011640263
0.01123343
0.023912027
0.007061881
0.007869474
0.009168908
0.0120288795
0.00594461
0.006770419
0.013704785
0.008598128
0.014038753
0.016249007
0.011761705
0.007055809
0.018507836
0.01277575
0.021641053
0.010911608
0.009247846
0.0072865495
0.007171179
0.006266433
0.0062117837
0.00885923
0.0013844444
0.00874386
0.0007104386
0.00041290448
6.1326733
1.0
5.0
0.0
6.0
1050112.0
1081344.0
0.0
0.0
17.0
1.0
1.0
0.0
1.0
0.0
708992500.0
0.0
0.0
0.0
0.0
0.0
1.0
0.0
0.0
0.0
0.0
0.0
0.0
-1.0
2.0
-1.0
-1.0
0.0
1.0
0.0
0.0
0.0
0.0
0.0
0.0
0.0
0.0
0.0
0.0
-1.0
0.0
0.0
0.0
0.0
0.0
0.0
0.0
0.0
0.0
0.0
0.0
0.0
-1.0
0.0
0.0
0.0
0.0
0.0
0.0
0.0
0.0
0.0
0.0
2.0
25.0
4.0
0.0
4.0
0.0
947712.0
1024.0
4096.0
8.0
2.0
0.0
1.0
4.0
0.0
0.0
0.0
0.0
0.0
-62464.0
0.0
0.0
0.0
0.0
0.0
0.0
0.0
0.0
512.0
0.0
0.0
0.0
0.0
0.0
0.0
0.0
-12288.0
0.0
0.0
0.0
0.0
0.0
0.0
0.0
0.0
0.0
0.0
0.0
0.0
-947712.0
0.0
0.0
0.0
0.0
0.0
0.0
-9728.0
16384.0
0.0
0.0
0.0
0.0
0.0
0.0
0.0
0.0
0.0
0.0
0.0
-6.7661004
0.0
0.0
0.0
0.0
0.0
0.0
0.0
0.0
2.6978908
0.0
0.0
0.0
0.0
0.0
0.0
0.0
-5.4356947
0.0
0.0
0.0
0.0
0.0
0.0
0.0
0.0
0.0
0.0
0.0
0.0
-6.399193
0.0
0.0
0.0
0.0
0.0
0.0
-5.0530515
3.6226313
0.0
0.0
0.0
0.0
0.0
0.0
0.0
0.0
-16.0
0.0
0.0
-62216.0
0.0
0.0
0.0
0.0
0.0
0.0
0.0
0.0
32.0
0.0
8853.0
0.0
0.0
0.0
0.0
0.0
-11960.0
0.0
0.0
0.0
0.0
0.0
0.0
0.0
0.0
0.0
0.0
0.0
0.0
-947652.0
0.0
0.0
0.0
0.0
0.0
0.0
-9538.0
16380.0
0.0
0.0
0.0
0.0
0.0
0.0
0.0
0.0
0.0
0.0
0.0
0.0
0.0
0.0
0.0
0.0
0.0
0.0
0.0
0.0
0.0
0.0
0.0
1.0
0.0
0.0
0.0
0.0
0.0
0.0
0.0
0.0
0.0
0.0
0.0
0.0
0.0
-1.0
0.0
0.0
0.0
0.0
1.0
0.0
0.0
0.0
0.0
0.0
1.0
0.0
0.0
0.0
0.0
0.0
0.0
0.0
0.0
0.0
0.0
0.0
0.0
0.0
0.0
0.0
0.0
0.0
0.0
0.0
0.0
-1.0
0.0
0.0
0.0
0.0
0.0
0.0
0.0
0.0
0.0
1.0
0.0
0.0
0.0
0.0
1.0
0.0
0.0
0.0
0.0
0.0
0.0
0.0
0.0
0.0
0.0
0.0
0.0
0.0
0.0
0.0
0.0
0.0
0.0
0.0
0.0
0.0
0.0
0.0
0.0
0.0
0.0
0.0
0.0
0.0
0.0
0.0
0.0
0.0
0.0
0.0
0.0
0.0
0.0
0.0
0.0
0.0
0.0
0.0
0.0
0.0
0.0
1.0
0.0
0.0
0.0
0.0
-1.0
0.0
0.0
0.0
0.0
0.0
0.0
0.0
0.0
0.0
0.0
0.0
0.0
0.0
0.0
0.0
0.0
0.0
0.0
0.0
0.0
0.0
0.0
-1.0
0.0
0.0
0.0
0.0
0.0
0.0
0.0
0.0
0.0
0.0
0.0
0.0
0.0
0.0
0.0
0.0
0.0
0.0
0.0
0.0
0.0
0.0
0.0
0.0
0.0
0.0
0.0
0.0
0.0
0.0
0.0
0.0
0.0
0.0
0.0
0.0
0.0
0.0
0.0
0.0
0.0
0.0
0.0
0.0
0.0
0.0
-1.0
0.0
0.0
0.0
0.0
0.0
0.0
0.0
0.0
0.0
0.0
0.0
0.0
0.0
0.0
0.0
0.0
1.0
0.0
0.0
0.0
0.0
0.0
0.0
0.0
0.0
0.0
0.0
0.0
0.0
0.0
0.0
0.0
0.0
0.0
0.0
0.0
0.0
0.0
0.0
0.0
0.0
0.0
0.0
0.0
0.0
0.0
0.0
0.0
0.0
0.0
0.0
0.0
0.0
0.0
0.0
0.0
0.0
0.0
0.0
0.0
0.0
0.0
0.0
0.0
0.0
0.0
0.0
0.0
0.0
0.0
0.0
0.0
0.0
0.0
0.0
0.0
0.0
0.0
0.0
0.0
0.0
0.0
0.0
0.0
0.0
0.0
0.0
0.0
0.0
0.0
0.0
0.0
0.0
0.0
0.0
0.0
0.0
0.0
0.0
0.0
0.0
0.0
0.0
0.0
0.0
0.0
0.0
0.0
0.0
0.0
0.0
0.0
0.0
0.0
0.0
0.0
0.0
0.0
0.0
0.0
0.0
0.0
0.0
0.0
0.0
0.0
0.0
0.0
0.0
0.0
0.0
0.0
0.0
0.0
0.0
0.0
0.0
0.0
0.0
1.0
0.0
0.0
0.0
0.0
0.0
0.0
0.0
0.0
0.0
0.0
0.0
0.0
0.0
0.0
0.0
0.0
0.0
0.0
0.0
0.0
0.0
0.0
0.0
0.0
0.0
0.0
0.0
0.0
0.0
0.0
0.0
0.0
0.0
0.0
0.0
0.0
0.0
0.0
0.0
0.0
0.0
0.0
0.0
0.0
0.0
0.0
0.0
0.0
0.0
0.0
0.0
0.0
-1.0
-1.0
0.0
0.0
0.0
0.0
0.0
0.0
0.0
0.0
0.0
0.0
0.0
0.0
0.0
0.0
0.0
0.0
0.0
0.0
0.0
0.0
0.0
0.0
0.0
0.0
0.0
0.0
0.0
0.0
0.0
0.0
0.0
0.0
0.0
0.0
0.0
0.0
0.0
0.0
0.0
0.0
0.0
0.0
0.0
0.0
0.0
0.0
0.0
0.0
0.0
0.0
0.0
0.0
1.0
0.0
0.0
0.0
0.0
0.0
0.0
0.0
0.0
0.0
0.0
0.0
0.0
0.0
0.0
0.0
0.0
0.0
0.0
0.0
0.0
0.0
0.0
0.0
0.0
0.0
0.0
0.0
0.0
0.0
0.0
0.0
0.0
0.0
0.0
0.0
0.0
0.0
0.0
0.0
0.0
0.0
0.0
0.0
0.0
0.0
0.0
0.0
0.0
0.0
0.0
0.0
0.0
0.0
0.0
0.0
0.0
0.0
0.0
0.0
0.0
0.0
0.0
0.0
0.0
0.0
0.0
0.0
0.0
0.0
0.0
0.0
0.0
0.0
0.0
0.0
0.0
0.0
0.0
0.0
0.0
0.0
0.0
0.0
0.0
0.0
0.0
0.0
0.0
0.0
0.0
0.0
0.0
0.0
0.0
0.0
0.0
0.0
0.0
0.0
0.0
0.0
0.0
0.0
0.0
0.0
0.0
0.0
0.0
0.0
0.0
0.0
0.0
0.0
0.0
0.0
0.0
0.0
0.0
0.0
0.0
0.0
0.0
0.0
0.0
0.0
0.0
0.0
0.0
0.0
0.0
0.0
0.0
0.0
0.0
0.0
0.0
0.0
0.0
-1.0
0.0
0.0
0.0
0.0
0.0
0.0
0.0
0.0
0.0
0.0
0.0
0.0
0.0
0.0
0.0
0.0
0.0
0.0
0.0
0.0
0.0
0.0
0.0
0.0
0.0
0.0
0.0
0.0
0.0
0.0
0.0
0.0
0.0
0.0
0.0
0.0
0.0
0.0
0.0
0.0
0.0
0.0
0.0
0.0
0.0
0.0
0.0
0.0
0.0
0.0
0.0
-1.0
0.0
0.0
0.0
0.0
0.0
0.0
0.0
0.0
0.0
0.0
0.0
0.0
0.0
0.0
0.0
0.0
0.0
0.0
0.0
0.0
0.0
0.0
0.0
0.0
0.0
0.0
0.0
0.0
0.0
0.0
0.0
0.0
0.0
0.0
0.0
0.0
0.0
0.0
0.0
0.0
0.0
0.0
0.0
0.0
0.0
0.0
0.0
0.0
0.0
0.0
0.0
0.0
0.0
0.0
0.0
0.0
0.0
0.0
0.0
0.0
0.0
0.0
0.0
0.0
0.0
0.0
0.0
0.0
0.0
0.0
0.0
0.0
0.0
0.0
0.0
0.0
0.0
0.0
0.0
0.0
0.0
0.0
0.0
0.0
0.0
0.0
0.0
0.0
0.0
0.0
0.0
0.0
0.0
0.0
0.0
0.0
0.0
0.0
0.0
0.0
0.0
0.0
0.0
0.0
0.0
0.0
0.0
0.0
0.0
0.0
0.0
0.0
0.0
0.0
0.0
0.0
0.0
0.0
0.0
0.0
0.0
0.0
0.0
0.0
0.0
0.0
0.0
0.0
0.0
0.0
0.0
0.0
0.0
0.0
0.0
0.0
0.0
0.0
0.0
0.0
0.0
0.0
0.0
0.0
0.0
0.0
0.0
0.0
0.0
0.0
0.0
0.0
0.0
0.0
0.0
0.0
0.0
0.0
0.0
0.0
0.0
0.0
0.0
0.0
0.0
0.0
0.0
0.0
0.0
0.0
0.0
0.0
0.0
0.0
0.0
0.0
0.0
0.0
0.0
0.0
-1.0
0.0
0.0
0.0
0.0
0.0
0.0
0.0
0.0
0.0
0.0
0.0
0.0
0.0
0.0
0.0
0.0
0.0
0.0
0.0
0.0
0.0
0.0
0.0
0.0
0.0
0.0
0.0
0.0
0.0
0.0
0.0
0.0
0.0
0.0
0.0
0.0
0.0
0.0
0.0
0.0
0.0
0.0
0.0
0.0
0.0
0.0
0.0
0.0
0.0
0.0
0.0
0.0
0.0
0.0
0.0
0.0
0.0
0.0
0.0
0.0
0.0
0.0
0.0
0.0
0.0
0.0
0.0
0.0
0.0
0.0
0.0
0.0
0.0
0.0
0.0
0.0
0.0
0.0
0.0
0.0
0.0
0.0
0.0
0.0
0.0
0.0
0.0
0.0
0.0
0.0
0.0
0.0
0.0
0.0
0.0
0.0
0.0
0.0
0.0
0.0
0.0
0.0
-1.0
0.0
0.0
0.0
0.0
0.0
0.0
0.0
0.0
0.0
0.0
0.0
0.0
0.0
0.0
0.0
0.0
0.0
0.0
0.0
0.0
0.0
0.0
0.0
1.0
0.0
0.0
-1.0
0.0
0.0
0.0
0.0
0.0
0.0
0.0
0.0
0.0
0.0
0.0
0.0
0.0
0.0
0.0
0.0
0.0
0.0
0.0
0.0
0.0
0.0
0.0
0.0
0.0
0.0
0.0
0.0
0.0
0.0
1.0
0.0
0.0
0.0
0.0
1.0
0.0
0.0
0.0
0.0
0.0
0.0
0.0
0.0
0.0
1.0
0.0
0.0
0.0
0.0
0.0
0.0
0.0
0.0
0.0
0.0
0.0
0.0
0.0
0.0
0.0
0.0
0.0
0.0
0.0
0.0
0.0
0.0
0.0
0.0
0.0
0.0
0.0
0.0
0.0
0.0
0.0
0.0
0.0
0.0
0.0
0.0
0.0
0.0
0.0
0.0
0.0
0.0
0.0
0.0
0.0
0.0
0.0
0.0
0.0
0.0
0.0
0.0
0.0
0.0
0.0
0.0
0.0
0.0
0.0
0.0
0.0
0.0
0.0
0.0
0.0
0.0
0.0
0.0
0.0
0.0
0.0
0.0
0.0
0.0
0.0
0.0
0.0
0.0
0.0
0.0
0.0
0.0
0.0
0.0
0.0
0.0
0.0
0.0
0.0
0.0
0.0
0.0
0.0
0.0
0.0
0.0
0.0
0.0
0.0
0.0
0.0
0.0
0.0
0.0
0.0
0.0
0.0
0.0
0.0
0.0
0.0
0.0
0.0
0.0
0.0
0.0
0.0
0.0
0.0
0.0
0.0
0.0
0.0
0.0
0.0
0.0
0.0
0.0
0.0
0.0
0.0
0.0
0.0
0.0
0.0
0.0
0.0
0.0
0.0
0.0
0.0
0.0
0.0
0.0
0.0
0.0
0.0
0.0
0.0
0.0
0.0
0.0
0.0
0.0
0.0
0.0
0.0
0.0
0.0
0.0
0.0
0.0
0.0
0.0
0.0
1.0
0.0
0.0
0.0
0.0
0.0
0.0
0.0
0.0
0.0
0.0
0.0
0.0
0.0
0.0
0.0
0.0
0.0
0.0
0.0
0.0
0.0
0.0
0.0
0.0
0.0
0.0
0.0
0.0
0.0
0.0
0.0
0.0
0.0
0.0
0.0
0.0
0.0
0.0
0.0
0.0
0.0
0.0
0.0
0.0
0.0
0.0
0.0
0.0
0.0
0.0
0.0
0.0
0.0
0.0
0.0
0.0
0.0
0.0
0.0
0.0
0.0
0.0
0.0
0.0
0.0
0.0
0.0
0.0
0.0
0.0
0.0
0.0
0.0
0.0
0.0
0.0
0.0
0.0
0.0
0.0
0.0
0.0
0.0
0.0
0.0
0.0
0.0
0.0
0.0
0.0
0.0
0.0
0.0
0.0
0.0
1.0
2.0
0.0
0.0
0.0
0.0
0.0
0.0
0.0
0.0
0.0
0.0
0.0
0.0
0.0
0.0
0.0
0.0
0.0
0.0
0.0
0.0
0.0
0.0
0.0
0.0
0.0
0.0
0.0
0.0
0.0
0.0
0.0
0.0
0.0
0.0
0.0
0.0
0.0
0.0
0.0
0.0
0.0
0.0
0.0
0.0
0.0
0.0
0.0
0.0
0.0
0.0
0.0
0.0
0.0
0.0
0.0
0.0
0.0
0.0
0.0
0.0
0.0
0.0
0.0
0.0
0.0
0.0
0.0
0.0
0.0
0.0
0.0
0.0
0.0
0.0
0.0
0.0
0.0
0.0
0.0
0.0
0.0
0.0
-1.0
0.0
0.0
0.0
0.0
0.0
0.0
0.0
0.0
0.0
0.0
0.0
0.0
0.0
0.0
0.0
0.0
0.0
0.0
0.0
0.0
0.0
0.0
0.0
0.0
0.0
0.0
0.0
0.0
0.0
0.0
0.0
0.0
0.0
0.0
0.0
0.0
0.0
0.0
0.0
0.0
0.0
0.0
0.0
0.0
0.0
0.0
0.0
0.0
0.0
0.0
0.0
0.0
0.0
0.0
0.0
0.0
0.0
0.0
0.0
0.0
0.0
0.0
0.0
0.0
0.0
0.0
0.0
0.0
0.0
0.0
0.0
0.0
0.0
0.0
0.0
0.0
0.0
0.0
0.0
0.0
0.0
0.0
0.0
0.0
0.0
0.0
0.0
0.0
0.0
0.0
0.0
0.0
0.0
0.0
0.0
0.0
0.0
0.0
0.0
0.0
0.0
0.0
0.0
0.0
0.0
0.0
0.0
0.0
0.0
0.0
0.0
0.0
0.0
0.0
0.0
0.0
0.0
0.0
0.0
0.0
0.0
0.0
0.0
0.0
0.0
0.0
0.0
0.0
0.0
0.0
0.0
0.0
0.0
0.0
0.0
0.0
0.0
0.0
0.0
0.0
0.0
0.0
0.0
0.0
0.0
0.0
0.0
0.0
0.0
0.0
0.0
0.0
0.0
0.0
0.0
0.0
0.0
0.0
0.0
0.0
0.0
0.0
0.0
0.0
0.0
0.0
0.0
0.0
9538.0
978944.0
16380.0
1064960.0
0.0
0.0
0.0
0.0
62216.0
999424.0
0.0
0.0
8.0
995352.0
0.0
0.0
24.0
995328.0
0.0
0.0
0.0
0.0
0.0
0.0
0.0
0.0
0.0
0.0
