0.040082723
0.0044620424
0.0010369399
0.00095933914
0.0010670102
0.00034920333
0.00025414242
0.00038509368
0.0017169163
0.00043650417
0.00021631207
0.00030167287
0.00090501865
0.00023668226
0.00021631207
0.00057133543
0.0040303883
0.0001678116
0.00017945172
0.00012901123
0.00083517795
0.00065475627
0.00043747417
0.00011252108
0.00047336452
0.00019012182
0.0014356137
0.00017460166
0.00046657445
0.00014162135
7.37207e-05
0.000114461094
0.0004937347
9.3120885e-05
6.887066e-05
0.00011834113
0.0011872913
0.00012998124
8.245079e-05
8.148078e-05
0.00023474224
9.40909e-05
0.00014453138
0.00039867382
0.00023765226
9.8940945e-05
0.85723984
7.178068e-05
0.00041128392
0.00022407214
0.0003036129
0.00084778806
0.0003249531
0.00032301308
0.00024153231
0.000209522
0.00040255385
0.00032689312
0.00021243203
0.00066251634
0.00027936266
0.00025802245
0.00020079191
0.00034047326
0.0009011386
0.00041128392
0.00026772256
0.00029876284
0.00056357536
0.0010854404
0.0006809465
0.0002201921
0.0003666635
0.00019012182
0.000114461094
0.00018430175
0.00042583406
0.00058200554
0.00031913305
0.00015326146
0.0012697421
0.00029682284
0.00014162135
0.00092829886
0.0004074039
0.0005432052
0.0010262697
0.00076339726
0.00021437205
0.00037539357
8.5360814e-05
0.00030749294
0.00025220242
0.0003356232
0.0004297141
0.00038509368
0.00015617149
0.00036375347
0.00014550138
0.00035987343
0.00037248354
0.00091568875
0.00057133543
0.00017072163
0.0008846484
0.0005393251
0.0006702764
0.00012416119
0.00056357536
0.00016393156
0.00050925487
0.0005664854
0.000419044
0.00010185097
0.00066251634
0.00047530452
0.0015374647
0.0011155106
0.00038024364
0.00019594187
0.0005655154
0.00017169164
9.3120885e-05
7.469071e-05
0.00033077315
0.00035405337
0.00026481252
0.00010573101
0.00028615273
0.0002211621
8.4390806e-05
0.0011921413
0.00034144326
0.0010718602
0.00017945172
8.5360814e-05
0.0004083739
0.0018110073
0.0003656935
0.004061429
0.00014453138
0.0012086316
0.00015132144
0.00010961104
0.00058200554
0.00011834113
0.00010379099
0.0001474414
0.00012998124
0.00012319117
0.00016102154
7.7600744e-05
0.00025899248
0.00011155107
8.245079e-05
5.5290526e-05
0.0001474414
6.1110586e-05
8.34208e-05
7.566072e-05
0.00018624177
8.924085e-05
9.9910954e-05
0.00010088096
0.000106701016
0.00014453138
6.0140574e-05
6.3050604e-05
0.00024638235
0.00011252108
8.827084e-05
0.00015132144
0.00012998124
5.8200556e-05
0.00016393156
9.3120885e-05
0.00016199154
9.8940945e-05
6.9840666e-05
6.402061e-05
0.00015035144
0.00010379099
7.0810675e-05
8.245079e-05
0.00047433452
0.00020758198
9.3120885e-05
8.924085e-05
0.00025026238
9.2150876e-05
0.0001571415
0.00014162135
0.0007760074
0.00034144326
0.0003899437
0.0005160449
0.00039188375
0.000114461094
0.00025511242
0.0005160449
0.0003666635
0.0004394142
0.00019497186
0.00015326146
0.00025802245
8.148078e-05
0.00018236173
0.0001358013
0.0002929428
0.002726696
0.00023571224
0.0003666635
0.00014065135
7.566072e-05
0.0002405623
0.00021728207
0.00029876284
0.000104761
7.0810675e-05
0.0001464714
0.00016296156
5.4320517e-05
0.00010185097
8.34208e-05
0.00025123238
0.00014259137
0.00013386128
5.3350508e-05
0.00018333175
6.1110586e-05
0.00011640111
0.00013192126
0.0014724741
0.00037345357
9.9910954e-05
0.00039770378
0.00048791466
9.118087e-05
0.00017557168
9.506091e-05
0.00047336452
0.00020564196
0.00010185097
0.00020467195
0.00032786312
6.693064e-05
0.00021049201
0.00022310214
0.0005558153
0.0002211621
0.00014162135
0.00021049201
0.00058006553
0.00031137298
0.00025026238
0.0053612413
0.015520542
0.0019152286
0.79305375
6.996268e-05
4.3726677e-06
4.372668e-05
0.00023320895
0.0001579019
1.457556e-06
0.00011271766
3.886816e-05
8.405239e-05
0.00016178872
0.0025230295
5.344372e-06
4.3726677e-06
0.0020653568
0.00040082788
0.045592837
0.00010640159
0.0
1.2632152e-05
0.0
0.00036876166
5.830224e-06
6.316076e-06
0.0
0.0
0.000116604475
2.7207712e-05
4.0811567e-05
1.2632152e-05
0.00081914646
0.0001355527
0.018410875
7.2391944e-05
0.0
2.7693564e-05
0.0
8.2108985e-05
5.0042756e-05
0.0
0.0
0.0
5.0042756e-05
5.0528608e-05
0.00017442087
2.7693564e-05
0.00088279304
9.2311875e-06
1.1660448e-05
2.42926e-06
9.2311875e-06
5.830224e-06
2.4778452e-05
8.745335e-06
9.71704e-06
1.5547264e-05
2.915112e-06
1.943408e-06
1.943408e-06
1.943408e-06
2.915112e-06
3.400964e-06
0.0021081117
7.773632e-06
0.0005150031
0.00012194885
2.3806748e-05
1.6033116e-05
8.8910914e-05
4.5670087e-05
8.745335e-06
6.316076e-06
7.773632e-06
7.2877797e-06
6.801928e-06
8.259484e-06
7.773632e-06
4.85852e-06
0.00079048116
3.400964e-06
1.6518969e-05
2.3806748e-05
1.7004819e-05
1.0202892e-05
8.50241e-05
4.0325715e-05
2.915112e-06
0.0
1.457556e-06
1.943408e-06
0.0
0.0
9.71704e-07
9.71704e-07
0.0027951065
0.00031143113
4.4698383e-05
2.963697e-05
7.870802e-05
5.684468e-05
0.00016178872
0.00010154307
8.550995e-05
6.218906e-05
1.8948227e-05
3.109453e-05
4.85852e-05
1.8948227e-05
4.5670087e-05
8.9396766e-05
0.0039281133
0.0005922536
0.0001336093
0.00010640159
5.344372e-05
4.7127643e-05
0.00027644978
0.0001953125
7.433535e-05
7.2877796e-05
2.7207712e-05
2.0405783e-05
3.498134e-05
1.7004819e-05
2.6236008e-05
0.00036438898
0.0037473764
0.000114175215
0.00010591574
0.00012875078
0.0003532144
0.00035661535
0.0010883084
0.0006772777
7.773632e-05
8.6481654e-05
3.5953046e-05
4.2754975e-05
4.2754975e-05
3.6438898e-05
3.0122823e-05
4.129742e-05
0.0022373484
0.000100571364
8.793921e-05
0.00030171408
0.00022786458
0.00022154851
0.0008021416
0.00045184235
0.00012534982
5.927394e-05
3.5953046e-05
2.963697e-05
4.5670087e-05
4.129742e-05
5.1986164e-05
0.00015498679
0.0010790773
0.00012680737
5.0042756e-05
0.00038139382
0.0001710199
0.00015498679
0.00043435168
0.00024632696
2.963697e-05
4.0325715e-05
0.000116604475
3.2066233e-05
2.8179415e-05
3.0608677e-05
3.2552085e-05
3.109453e-05
0.0015999106
0.0003318369
0.0001719916
0.0015761039
0.00033426617
0.00026284592
0.0008560712
0.0005475552
0.00017344917
0.00018559546
0.0002176617
0.00015012827
0.00012777907
0.00014915656
0.00013312345
0.000147699
0.0
0.0
0.0
0.0
0.0
0.0
0.0
0.0
0.0
0.0
0.0
0.0
0.0
0.0
0.0
0.0
0.005586812
0.0017558691
0.00092068955
0.00074821204
0.001785506
0.0018690726
0.00071906095
0.0013633007
0.004188044
0.0004100591
0.0002701337
0.00051257387
0.0014808768
0.0005869092
0.0010941387
0.0025793882
0.009079116
0.0033640391
0.0015931086
0.0014833062
0.0033062228
0.0042832713
0.0017806476
0.0021508667
0.0065045864
0.0008555853
0.00073023554
0.00089639693
0.0025779307
0.0013322062
0.0022237445
0.00559993
0.00060877256
0.00044261117
0.00041054492
0.00041103078
0.0004027713
0.00040131374
0.0005140314
0.00040131374
0.00039596937
0.00038819574
0.00039111087
0.00049945584
0.00039596937
0.00050334266
0.0004017996
0.0003969411
4651.0
191.9684
892845.0
0.000104161416
1.4560198e-05
1.1200153e-05
7.840106e-06
4.8160655e-05
8.960122e-06
4.480061e-06
3.1360425e-05
2.9120396e-05
1.0080137e-05
7.728105e-05
3.6960504e-05
3.6960504e-05
1.4560198e-05
0.9896802
1.1200153e-05
9.744133e-05
5.376073e-05
9.072123e-05
0.00010528143
0.00010752146
0.00010752146
8.06411e-05
6.384087e-05
0.0001691223
7.504102e-05
6.4960885e-05
5.9360806e-05
7.168097e-05
9.184125e-05
6.60809e-05
7.504102e-05
7.952108e-05
9.072123e-05
2.800038e-05
0.00013552184
9.408128e-05
5.712078e-05
7.280099e-05
0.00010640145
4.8160655e-05
9.9681354e-05
1.9040259e-05
2.576035e-05
7.280099e-05
5.712078e-05
3.5840487e-05
5.0400686e-05
0.00013664186
5.376073e-05
4.256058e-05
0.00029792404
6.944095e-05
4.256058e-05
0.0001332818
0.00018032246
3.2480442e-05
2.2400305e-05
1.7920243e-05
2.128029e-05
1.9040259e-05
2.2400305e-05
2.352032e-05
9.632131e-05
2.352032e-05
0.00030688418
8.2881124e-05
0.00029008393
0.00019600267
0.0007918508
5.4880747e-05
9.520129e-05
0.0001243217
0.00040768555
5.8240792e-05
5.600076e-05
0.0003024041
0.00010752146
0.00040544552
0.0004939267
0.00024416333
1.0080137e-05
0.0005297672
0.0002777638
0.00074705016
0.00011424156
0.00011200152
5.9360806e-05
7.056096e-05
8.1761114e-05
1.9040259e-05
8.960122e-06
9.9681354e-05
5.6000763e-06
1.4560198e-05
1.6800228e-05
0.14244306
0.0
0.0
0.0
2.0
1030918.0
135168.0
0.0
39.0
139.0
1.0
1.0
0.0
0.0
0.0
1307629700.0
0.0
0.0
0.0
0.0
0.0
1.0
0.0
0.0
0.0
0.0
-1.0
0.0
-1.0
1.0
-1.0
-1.0
0.0
0.0
0.0
0.0
0.0
0.0
0.0
0.0
0.0
0.0
0.0
0.0
-1.0
0.0
0.0
0.0
0.0
0.0
0.0
0.0
0.0
0.0
0.0
0.0
0.0
-1.0
0.0
0.0
0.0
0.0
0.0
0.0
0.0
0.0
0.0
0.0
6.0
0.0
4.0
0.0
4.0
0.0
77824.0
4096.0
4096.0
5.0
0.0
0.0
1.0
1.0
0.0
0.0
0.0
0.0
0.0
-8192.0
0.0
0.0
0.0
0.0
0.0
0.0
0.0
0.0
24576.0
0.0
0.0
0.0
0.0
0.0
0.0
0.0
0.0
0.0
0.0
0.0
0.0
0.0
0.0
0.0
0.0
0.0
-12288.0
0.0
0.0
0.0
0.0
0.0
0.0
0.0
0.0
-77824.0
0.0
4096.0
0.0
0.0
0.0
0.0
0.0
0.0
0.0
0.0
0.0
0.0
0.0
-6.3716784
0.0
0.0
0.0
0.0
0.0
0.0
0.0
0.0
6.445061
0.0
0.0
0.0
0.0
0.0
0.0
0.0
0.0
0.0
0.0
0.0
0.0
0.0
0.0
0.0
0.0
0.0
-3.7103977
0.0
0.0
0.0
0.0
0.0
0.0
0.0
0.0
-6.621935
0.0
3.3983302
0.0
0.0
0.0
0.0
0.0
0.0
0.0
0.0
0.0
0.0
0.0
-5036.0
0.0
0.0
0.0
0.0
0.0
0.0
0.0
0.0
22571.0
0.0
0.0
0.0
0.0
0.0
0.0
0.0
0.0
0.0
0.0
0.0
0.0
0.0
0.0
0.0
0.0
0.0
-13089.0
0.0
0.0
0.0
0.0
0.0
0.0
0.0
0.0
-75346.0
0.0
1048.0
0.0
0.0
0.0
0.0
0.0
0.0
0.0
0.0
0.0
-1.0
0.0
0.0
0.0
0.0
0.0
1.0
0.0
0.0
0.0
0.0
0.0
0.0
0.0
0.0
0.0
0.0
0.0
0.0
0.0
0.0
0.0
0.0
0.0
0.0
0.0
0.0
0.0
0.0
0.0
0.0
0.0
0.0
0.0
0.0
0.0
-2.0
0.0
0.0
0.0
1.0
0.0
0.0
0.0
0.0
0.0
0.0
0.0
0.0
0.0
0.0
0.0
0.0
0.0
0.0
0.0
0.0
0.0
0.0
0.0
-1.0
0.0
0.0
0.0
0.0
0.0
0.0
0.0
0.0
0.0
1.0
0.0
0.0
0.0
0.0
1.0
0.0
0.0
0.0
0.0
0.0
0.0
0.0
0.0
0.0
0.0
0.0
0.0
0.0
0.0
0.0
0.0
0.0
0.0
0.0
0.0
0.0
0.0
0.0
0.0
0.0
0.0
0.0
0.0
0.0
0.0
0.0
0.0
0.0
0.0
0.0
0.0
0.0
0.0
0.0
0.0
0.0
0.0
0.0
0.0
0.0
0.0
0.0
0.0
0.0
0.0
0.0
-1.0
0.0
0.0
0.0
0.0
0.0
0.0
0.0
0.0
0.0
0.0
0.0
0.0
0.0
0.0
0.0
0.0
0.0
0.0
0.0
0.0
-1.0
0.0
0.0
0.0
0.0
0.0
0.0
0.0
0.0
0.0
0.0
0.0
0.0
0.0
0.0
0.0
0.0
0.0
0.0
0.0
0.0
0.0
0.0
0.0
0.0
0.0
0.0
0.0
0.0
0.0
0.0
0.0
0.0
0.0
0.0
0.0
0.0
0.0
0.0
0.0
0.0
0.0
0.0
0.0
0.0
0.0
0.0
0.0
0.0
0.0
0.0
0.0
0.0
0.0
0.0
0.0
0.0
0.0
0.0
0.0
0.0
0.0
0.0
0.0
0.0
0.0
1.0
0.0
0.0
0.0
0.0
0.0
0.0
0.0
0.0
0.0
0.0
0.0
0.0
0.0
0.0
0.0
0.0
0.0
0.0
0.0
0.0
0.0
0.0
0.0
0.0
0.0
0.0
0.0
0.0
0.0
0.0
0.0
0.0
0.0
0.0
0.0
0.0
0.0
0.0
0.0
0.0
0.0
0.0
0.0
0.0
0.0
0.0
0.0
0.0
0.0
0.0
0.0
0.0
0.0
0.0
0.0
0.0
0.0
0.0
0.0
0.0
0.0
0.0
0.0
0.0
0.0
0.0
0.0
0.0
0.0
0.0
0.0
0.0
0.0
0.0
0.0
0.0
0.0
0.0
0.0
0.0
0.0
0.0
0.0
1.0
0.0
0.0
0.0
0.0
0.0
0.0
0.0
0.0
0.0
0.0
0.0
0.0
0.0
0.0
0.0
0.0
0.0
0.0
0.0
0.0
0.0
0.0
0.0
0.0
0.0
0.0
0.0
0.0
0.0
0.0
0.0
0.0
0.0
0.0
0.0
0.0
0.0
0.0
0.0
0.0
0.0
0.0
0.0
0.0
0.0
0.0
0.0
0.0
0.0
0.0
0.0
0.0
0.0
0.0
0.0
-1.0
0.0
-1.0
0.0
0.0
0.0
0.0
0.0
0.0
0.0
0.0
0.0
0.0
0.0
0.0
0.0
0.0
0.0
0.0
0.0
0.0
0.0
0.0
0.0
0.0
0.0
0.0
0.0
0.0
0.0
0.0
0.0
0.0
0.0
0.0
0.0
0.0
0.0
0.0
0.0
0.0
0.0
0.0
0.0
0.0
0.0
0.0
0.0
0.0
0.0
0.0
0.0
-2.0
0.0
0.0
0.0
0.0
0.0
0.0
0.0
0.0
0.0
0.0
1.0
0.0
0.0
1.0
0.0
0.0
0.0
1.0
0.0
0.0
1.0
0.0
0.0
0.0
0.0
0.0
0.0
0.0
0.0
0.0
0.0
0.0
0.0
1.0
0.0
0.0
0.0
1.0
0.0
0.0
0.0
0.0
-1.0
0.0
0.0
0.0
0.0
0.0
1.0
0.0
1.0
0.0
0.0
0.0
0.0
0.0
0.0
0.0
0.0
0.0
0.0
0.0
0.0
0.0
0.0
0.0
0.0
0.0
0.0
0.0
0.0
0.0
1.0
0.0
0.0
0.0
0.0
0.0
0.0
0.0
0.0
0.0
0.0
0.0
0.0
0.0
0.0
0.0
0.0
0.0
0.0
0.0
0.0
0.0
0.0
0.0
0.0
0.0
0.0
0.0
0.0
0.0
0.0
0.0
0.0
0.0
0.0
0.0
0.0
0.0
0.0
0.0
0.0
0.0
1.0
0.0
0.0
0.0
-1.0
0.0
0.0
0.0
0.0
0.0
-1.0
0.0
0.0
0.0
0.0
0.0
0.0
-1.0
0.0
0.0
-1.0
0.0
0.0
0.0
0.0
0.0
0.0
0.0
0.0
0.0
0.0
0.0
0.0
-1.0
0.0
0.0
0.0
0.0
0.0
0.0
0.0
0.0
0.0
0.0
0.0
0.0
0.0
0.0
0.0
0.0
0.0
-1.0
0.0
0.0
0.0
0.0
0.0
0.0
0.0
0.0
0.0
0.0
0.0
0.0
-1.0
0.0
0.0
0.0
0.0
-1.0
1.0
0.0
0.0
0.0
0.0
0.0
0.0
0.0
0.0
0.0
0.0
0.0
0.0
-1.0
1.0
0.0
-1.0
0.0
0.0
-1.0
1.0
0.0
0.0
-1.0
0.0
0.0
0.0
0.0
0.0
0.0
0.0
0.0
-1.0
0.0
0.0
0.0
0.0
0.0
0.0
1.0
0.0
0.0
-1.0
0.0
0.0
-2.0
1.0
0.0
0.0
0.0
0.0
0.0
0.0
0.0
0.0
-1.0
0.0
1.0
0.0
0.0
0.0
0.0
0.0
0.0
0.0
0.0
0.0
0.0
0.0
0.0
0.0
0.0
1.0
0.0
0.0
0.0
0.0
0.0
0.0
0.0
0.0
0.0
0.0
0.0
0.0
0.0
0.0
0.0
-1.0
0.0
0.0
0.0
0.0
0.0
0.0
1.0
0.0
0.0
0.0
0.0
0.0
0.0
0.0
0.0
0.0
0.0
0.0
0.0
0.0
1.0
0.0
0.0
0.0
0.0
0.0
0.0
0.0
0.0
0.0
0.0
1.0
-1.0
0.0
-1.0
0.0
0.0
0.0
0.0
0.0
0.0
0.0
0.0
0.0
0.0
0.0
0.0
0.0
0.0
0.0
0.0
0.0
0.0
0.0
-1.0
1.0
0.0
0.0
1.0
0.0
0.0
-1.0
0.0
0.0
0.0
0.0
-1.0
0.0
0.0
0.0
0.0
0.0
-1.0
0.0
0.0
-1.0
0.0
0.0
0.0
0.0
0.0
0.0
0.0
0.0
0.0
0.0
0.0
0.0
0.0
0.0
0.0
0.0
0.0
0.0
0.0
0.0
0.0
0.0
0.0
0.0
0.0
1.0
0.0
0.0
0.0
0.0
0.0
0.0
0.0
0.0
0.0
-1.0
0.0
-1.0
0.0
1.0
0.0
0.0
0.0
1.0
0.0
0.0
0.0
0.0
0.0
0.0
0.0
0.0
0.0
0.0
0.0
0.0
0.0
-1.0
0.0
0.0
1.0
0.0
0.0
0.0
1.0
0.0
0.0
0.0
0.0
0.0
0.0
0.0
0.0
-1.0
0.0
0.0
0.0
-1.0
0.0
0.0
0.0
0.0
0.0
-1.0
0.0
0.0
0.0
0.0
0.0
0.0
0.0
1.0
1.0
0.0
0.0
0.0
0.0
0.0
0.0
0.0
0.0
0.0
0.0
0.0
1.0
0.0
0.0
0.0
0.0
0.0
0.0
0.0
0.0
0.0
0.0
0.0
0.0
0.0
0.0
0.0
0.0
0.0
1.0
0.0
0.0
0.0
0.0
0.0
-1.0
0.0
0.0
-1.0
1.0
0.0
0.0
1.0
0.0
0.0
0.0
0.0
0.0
0.0
0.0
1.0
0.0
1.0
0.0
0.0
0.0
0.0
0.0
0.0
0.0
0.0
0.0
0.0
0.0
0.0
0.0
0.0
0.0
0.0
1.0
0.0
0.0
0.0
0.0
0.0
0.0
0.0
0.0
0.0
0.0
0.0
0.0
0.0
0.0
0.0
-1.0
0.0
0.0
0.0
0.0
0.0
0.0
0.0
0.0
0.0
0.0
0.0
0.0
0.0
0.0
1.0
0.0
0.0
0.0
0.0
0.0
0.0
0.0
0.0
0.0
1.0
0.0
0.0
0.0
0.0
0.0
-1.0
0.0
0.0
0.0
0.0
0.0
0.0
0.0
0.0
-1.0
0.0
0.0
0.0
0.0
0.0
0.0
0.0
0.0
-1.0
-1.0
0.0
1.0
0.0
0.0
0.0
1.0
0.0
2.0
0.0
0.0
0.0
0.0
0.0
0.0
0.0
0.0
0.0
0.0
0.0
0.0
0.0
0.0
0.0
0.0
0.0
0.0
0.0
0.0
0.0
0.0
0.0
0.0
0.0
0.0
0.0
0.0
0.0
0.0
0.0
0.0
0.0
0.0
0.0
0.0
0.0
0.0
0.0
0.0
0.0
0.0
0.0
0.0
0.0
0.0
0.0
0.0
0.0
0.0
0.0
0.0
0.0
0.0
0.0
0.0
0.0
0.0
0.0
0.0
0.0
0.0
1.0
0.0
0.0
0.0
0.0
0.0
0.0
0.0
0.0
0.0
0.0
0.0
0.0
0.0
0.0
0.0
0.0
0.0
0.0
0.0
1.0
0.0
0.0
1.0
0.0
0.0
0.0
0.0
0.0
1.0
0.0
0.0
0.0
0.0
0.0
0.0
0.0
0.0
0.0
-1.0
0.0
0.0
0.0
0.0
1.0
0.0
0.0
0.0
0.0
0.0
0.0
0.0
1.0
-1.0
0.0
0.0
0.0
0.0
0.0
0.0
0.0
0.0
0.0
0.0
0.0
0.0
-1.0
0.0
1.0
0.0
1.0
0.0
1.0
0.0
0.0
0.0
0.0
0.0
0.0
0.0
0.0
0.0
0.0
-1.0
0.0
0.0
0.0
0.0
0.0
0.0
0.0
0.0
-1.0
-1.0
0.0
0.0
0.0
0.0
0.0
0.0
0.0
0.0
0.0
1.0
0.0
0.0
0.0
0.0
1.0
0.0
0.0
-1.0
0.0
0.0
0.0
0.0
-1.0
0.0
0.0
0.0
0.0
0.0
0.0
0.0
0.0
0.0
0.0
-1.0
0.0
0.0
0.0
0.0
0.0
0.0
0.0
0.0
0.0
0.0
0.0
0.0
0.0
0.0
0.0
0.0
0.0
0.0
0.0
0.0
0.0
0.0
0.0
0.0
0.0
1.0
0.0
0.0
0.0
0.0
0.0
1.0
0.0
0.0
0.0
0.0
0.0
-1.0
0.0
0.0
0.0
0.0
0.0
0.0
0.0
0.0
-1.0
0.0
0.0
0.0
1.0
0.0
0.0
0.0
0.0
0.0
0.0
0.0
0.0
0.0
0.0
0.0
0.0
-1.0
0.0
-1.0
0.0
0.0
0.0
0.0
0.0
0.0
-1.0
0.0
0.0
0.0
0.0
0.0
0.0
0.0
0.0
1.0
-1.0
0.0
0.0
0.0
0.0
0.0
-2.0
0.0
0.0
0.0
0.0
0.0
0.0
0.0
0.0
0.0
0.0
0.0
0.0
0.0
0.0
0.0
0.0
1.0
0.0
0.0
0.0
0.0
0.0
0.0
0.0
0.0
0.0
0.0
-1.0
0.0
0.0
0.0
0.0
-1.0
0.0
0.0
-2.0
0.0
0.0
0.0
0.0
0.0
-2.0
0.0
-1.0
0.0
0.0
0.0
0.0
0.0
2.0
0.0
0.0
0.0
0.0
0.0
0.0
0.0
0.0
0.0
0.0
0.0
0.0
1.0
0.0
0.0
0.0
-1.0
0.0
0.0
0.0
0.0
-1.0
0.0
0.0
0.0
0.0
-1.0
0.0
-1.0
0.0
0.0
0.0
0.0
0.0
0.0
0.0
0.0
0.0
0.0
0.0
0.0
0.0
1.0
0.0
0.0
0.0
0.0
0.0
0.0
0.0
0.0
0.0
0.0
0.0
0.0
0.0
-1.0
1.0
0.0
0.0
0.0
0.0
0.0
0.0
-1.0
1.0
0.0
0.0
0.0
0.0
0.0
0.0
0.0
0.0
0.0
0.0
0.0
1.0
0.0
0.0
0.0
0.0
-1.0
0.0
1.0
0.0
0.0
0.0
0.0
0.0
1.0
-1.0
0.0
0.0
0.0
0.0
0.0
0.0
0.0
0.0
-1.0
-2.0
0.0
0.0
0.0
0.0
0.0
0.0
0.0
0.0
0.0
0.0
1.0
1.0
1.0
-1.0
0.0
0.0
-1.0
0.0
0.0
-2.0
1.0
0.0
0.0
-1.0
0.0
0.0
-1.0
0.0
1.0
0.0
1.0
0.0
0.0
0.0
0.0
0.0
0.0
0.0
0.0
0.0
1.0
0.0
0.0
-1.0
0.0
2.0
0.0
0.0
1.0
0.0
0.0
0.0
0.0
0.0
1.0
0.0
-1.0
0.0
-1.0
0.0
0.0
0.0
0.0
0.0
0.0
-1.0
-1.0
0.0
0.0
0.0
1.0
0.0
0.0
0.0
0.0
0.0
0.0
0.0
0.0
0.0
0.0
1115.0
103376.0
100.0
100440.0
1048.0
122880.0
0.0
0.0
0.0
0.0
4484.0
126976.0
0.0
0.0
0.0
0.0
0.0
0.0
0.0
0.0
0.0
0.0
0.0
0.0
572.0
81920.0
0.0
0.0
0.0
0.0
