0.23048401
0.076383054
0.007786622
0.0073663914
0.008898997
0.008651802
0.007341672
0.007292233
0.0017303604
0.0008898996
0.0010876551
0.00061798585
0.00039551096
0.0012854106
0.000568547
0.00032135265
0.0022247492
0.00046966926
0.0003707915
0.00076630246
0.00069214415
0.0014584466
0.0025708212
0.00014831661
0.0020269935
0.0004943887
0.00014831661
0.00034607208
0.00029663322
0.0002224749
0.00039551096
0.0019281158
0.005388837
0.0010629357
0.001137094
0.010382162
0.0027438572
0.003188807
0.0017797992
0.0012854106
0.00262026
0.0013595689
0.0029168932
0.0013595689
0.0031393683
0.0014584466
0.0024719434
0.0009887774
0.004227023
0.0033865625
0.0028921738
0.009714738
0.0027438572
0.0013595689
0.0022247492
0.0016314826
0.0030899292
0.0020764326
0.0018292381
0.00066742476
0.0011123746
0.00084046077
0.0013348495
0.0008157413
0.0034112819
0.0030404904
0.0019033964
0.0029910516
0.0025213824
0.0021753102
0.0022494686
0.00131013
0.0012854106
0.0014584466
0.000568547
0.0007168636
0.0010134968
0.0010134968
0.00084046077
0.00069214415
0.0017797992
0.0004943887
0.0011865329
0.0015573243
0.0012112523
0.00076630246
0.0010876551
0.0007168636
0.0015078855
0.00051910814
0.00039551096
0.00054382754
0.0021753102
0.00027191377
0.0004449498
0.0004449498
0.0018045187
0.0064764917
0.0022989074
0.0043011815
0.0038315123
0.009442824
0.0022247492
0.0029910516
0.002051713
0.0038315123
0.0017303604
0.0008651802
0.0035101597
0.0025213824
0.0033124043
0.003707915
0.0025213824
0.0007910219
0.0038562317
0.0042517427
0.0044494984
0.0019775548
0.0011865329
0.0007168636
0.0024966628
0.0012606912
0.00046966926
0.0002224749
0.0004943887
0.00061798585
0.00034607208
0.00054382754
0.0023483462
0.0006427053
0.00059326645
0.00066742476
0.0009887774
0.0004449498
0.0008651802
0.00014831661
0.0014584466
0.0013348495
0.0009393385
0.00054382754
0.0009393385
0.0008157413
0.000568547
0.00039551096
0.001483166
0.0006427053
0.00029663322
0.000568547
0.0007168636
0.0004449498
0.0004449498
0.00034607208
0.0017550798
0.0008157413
0.0002224749
0.00019775548
0.0004943887
0.00655065
0.00059326645
0.00059326645
0.0047461316
0.0066495277
0.0012606912
0.00076630246
0.0009887774
0.0011618134
0.00054382754
0.0004943887
0.0021505908
0.0011618134
0.00034607208
0.00039551096
0.00034607208
0.001137094
0.00032135265
0.00029663322
0.0016314826
0.0009146191
0.00042023038
0.00027191377
0.00046966926
0.00066742476
0.00066742476
0.00059326645
0.002669699
0.0006427053
0.00032135265
0.00019775548
0.00032135265
0.0004449498
0.00046966926
0.00029663322
0.0023730658
0.00039551096
0.00024719434
0.00042023038
0.000568547
0.0021753102
0.00027191377
0.00076630246
0.002842735
0.0004449498
0.0006427053
0.00029663322
0.3041232
0.00029663322
0.00042023038
0.00032135265
0.0015326049
0.00039551096
0.00039551096
0.0008898996
0.00029663322
0.00042023038
0.00027191377
0.00014831661
0.0019281158
0.00017303604
0.00029663322
0.00027191377
0.00027191377
0.00051910814
0.00034607208
0.00032135265
0.002966332
0.0008651802
0.00046966926
0.0010134968
0.00024719434
0.0022000296
0.0022000296
0.0004449498
0.0017550798
0.0006427053
0.0003707915
0.0002224749
0.0007910219
0.0003707915
0.00051910814
0.0003707915
0.00054382754
0.00054382754
0.00032135265
0.00042023038
0.00042023038
0.00039551096
0.0011123746
0.00051910814
0.0008651802
0.0006427053
0.0004449498
0.00039551096
0.0003707915
0.0003707915
0.0009887774
0.005191081
0.0
0.0
0.0
0.0
0.0
0.0
0.0
0.0
0.0
0.0
0.0
0.0
0.28947368
0.0
0.0
0.0
0.0
0.0
0.0
0.0
0.0
0.0
0.0
0.0
0.0
0.0
0.0
0.0
0.0
0.0
0.0
0.0
0.0
0.0
0.0
0.0
0.0
0.0
0.0
0.0
0.0
0.0
0.0
0.0
0.0
0.0
0.0
0.0
0.0
0.0
0.0
0.0
0.0
0.0
0.0
0.0
0.0
0.0
0.0
0.0
0.0
0.0
0.0
0.0
0.0
0.0
0.0
0.0
0.0
0.0
0.0
0.0
0.0
0.0
0.0
0.0
0.0
0.0
0.0
0.0
0.0
0.0
0.0
0.0
0.0
0.0
0.0
0.0
0.0
0.0
0.0
0.0
0.0
0.0
0.0
0.0
0.0
0.0
0.0
0.0
0.0
0.0
0.0
0.0
0.0
0.0
0.0
0.0
0.0
0.0
0.0
0.0
0.023501748
0.0002055921
0.0003854852
0.005126953
0.0009251645
0.0010793585
0.0051141037
0.0014262953
0.00024414062
0.00025699014
0.00021844161
0.00011564556
0.013363487
0.0001927426
0.00028268914
0.0001927426
0.011564556
0.0
0.0010279606
0.004291735
0.00055252877
0.0007581209
0.005962171
0.002158717
0.0
0.0
0.0
0.0
0.0
0.0
0.0
0.0
0.09326172
0.0033408718
0.009225946
0.0060264184
0.009174548
0.0041760895
0.017282587
0.008095189
0.0032766243
0.0017475329
0.0025442024
0.0016832853
0.015625
0.0014262953
0.0032252262
0.004098993
0.13936575
0.0056409333
0.012039987
0.0051398026
0.0077225533
0.004792866
0.019788241
0.010472348
0.006039268
0.005538137
0.017256888
0.005628084
0.0064247535
0.0036749588
0.008660567
0.004972759
0.07191869
0.003931949
0.020482114
0.014918277
0.00598787
0.003045333
0.0032252262
0.003045333
0.003045333
0.008801912
0.00312243
0.0034308182
0.0032252262
0.0030067845
0.002916838
0.0037906044
0.010356702
0.0016961349
0.0014519943
0.0008095189
0.0029810856
0.0007838199
0.000989412
0.0007452714
0.0015804893
0.00043688322
0.00047543173
0.00055252877
0.001015111
0.0005139803
0.0009251645
0.0010022615
0.0
0.0
0.0
0.0
0.0
0.0
0.0
0.0
0.0
0.0
0.0
0.0
0.0
0.0
0.0
0.0
0.0
0.0
0.0
0.0
0.0
0.0
0.0
0.0
0.0
0.0
0.0
0.0
0.0
0.0
0.0
0.0
0.0
0.0
0.0
0.0
0.0
0.0
0.0
0.0
0.0
0.0
0.0
0.0
0.0
0.0
0.0
0.0
223.0
14.188341
3164.0
0.026864728
0.0
0.01011378
0.09860936
0.010745891
0.026548672
0.012010113
0.013274336
0.013274336
0.0044247787
0.012642225
0.0094816685
0.012010113
0.01517067
0.012010113
0.00505689
0.010745891
0.010745891
0.005689001
0.09165613
0.013590392
0.0006321113
0.0031605563
0.0012642225
0.005689001
0.0012642225
0.0069532236
0.0041087233
0.010745891
0.00505689
0.0082174465
0.0012642225
0.0034766118
0.0069532236
0.0047408342
0.013906447
0.0047408342
0.0063211126
0.005689001
0.011378002
0.0037926675
0.009165613
0.0018963338
0.0006321113
0.005689001
0.0060050567
0.0009481669
0.0022123894
0.0047408342
0.0012642225
0.0028445006
0.0069532236
0.0034766118
0.0015802782
0.0012642225
0.0044247787
0.0031605563
0.0
0.00031605564
0.0015802782
0.0012642225
0.0
0.0018963338
0.0006321113
0.0012642225
0.025600506
0.00505689
0.016434893
0.016434893
0.063843235
0.007901391
0.005689001
0.002528445
0.024336284
0.002528445
0.0018963338
0.021807838
0.016434893
0.024020227
0.027180783
0.0060050567
0.0031605563
0.026864728
0.033501897
0.03982301
0.014222503
0.0069532236
0.002528445
0.008533502
0.0053729457
0.0009481669
0.0
0.0012642225
0.0
0.0012642225
0.0006321113
5.588086
0.0
0.0
0.0
2.0
40454.0
49152.0
0.0
0.0
55.0
0.0
1.0
0.0
0.0
0.0
1097638000.0
0.0
0.0
0.0
0.0
0.0
1.0
0.0
0.0
0.0
0.0
0.0
0.0
-1.0
1.0
-1.0
-1.0
0.0
0.0
0.0
0.0
0.0
0.0
0.0
0.0
0.0
0.0
0.0
0.0
-1.0
0.0
0.0
0.0
0.0
0.0
0.0
0.0
0.0
0.0
0.0
0.0
0.0
-1.0
0.0
0.0
0.0
0.0
0.0
0.0
0.0
0.0
0.0
0.0
27.0
17.0
5.0
1.0
5.0
1.0
3584.0
1024.0
0.0
8.0
0.0
0.0
2.0
3.0
4096.0
0.0
0.0
0.0
0.0
0.0
0.0
0.0
0.0
5632.0
0.0
0.0
0.0
0.0
0.0
0.0
0.0
0.0
0.0
0.0
0.0
0.0
0.0
0.0
0.0
0.0
0.0
0.0
0.0
0.0
0.0
0.0
-5632.0
0.0
0.0
0.0
0.0
0.0
0.0
3584.0
4096.0
0.0
2048.0
7168.0
0.0
0.0
0.0
0.0
0.0
0.0
0.0
0.0
0.0
0.0
0.0
0.0
0.0
0.0
0.0
4.823974
0.0
0.0
0.0
0.0
0.0
0.0
0.0
0.0
0.0
0.0
0.0
0.0
0.0
0.0
0.0
0.0
0.0
0.0
0.0
0.0
0.0
0.0
-4.9506297
0.0
0.0
0.0
0.0
0.0
0.0
6.545238
0.0
0.0
-4.421421
5.3860197
0.0
0.0
0.0
0.0
0.0
0.0
4096.0
0.0
0.0
0.0
0.0
0.0
0.0
0.0
0.0
5632.0
0.0
0.0
0.0
0.0
0.0
0.0
0.0
0.0
0.0
0.0
0.0
0.0
0.0
0.0
0.0
0.0
0.0
0.0
0.0
0.0
0.0
0.0
-5355.0
0.0
0.0
0.0
0.0
0.0
0.0
3457.0
4096.0
0.0
2370.0
6681.0
0.0
0.0
0.0
0.0
0.0
0.0
1.0
0.0
0.0
0.0
0.0
0.0
0.0
0.0
0.0
0.0
0.0
0.0
0.0
0.0
0.0
0.0
0.0
0.0
0.0
0.0
0.0
0.0
0.0
0.0
0.0
0.0
0.0
0.0
0.0
1.0
0.0
0.0
0.0
0.0
0.0
0.0
0.0
0.0
0.0
-1.0
0.0
0.0
0.0
0.0
0.0
0.0
0.0
0.0
0.0
0.0
0.0
0.0
0.0
0.0
0.0
0.0
0.0
0.0
0.0
0.0
0.0
0.0
0.0
-1.0
0.0
0.0
0.0
0.0
0.0
0.0
0.0
0.0
0.0
1.0
0.0
0.0
0.0
0.0
1.0
0.0
0.0
0.0
0.0
0.0
0.0
0.0
0.0
1.0
0.0
0.0
0.0
0.0
0.0
0.0
0.0
0.0
0.0
0.0
0.0
0.0
0.0
0.0
0.0
0.0
0.0
0.0
0.0
0.0
0.0
0.0
0.0
0.0
0.0
0.0
0.0
0.0
0.0
0.0
0.0
0.0
0.0
0.0
0.0
0.0
0.0
0.0
0.0
0.0
0.0
0.0
-1.0
0.0
0.0
0.0
0.0
0.0
0.0
0.0
0.0
0.0
0.0
0.0
0.0
-1.0
0.0
0.0
0.0
0.0
0.0
0.0
0.0
0.0
0.0
-1.0
0.0
0.0
0.0
0.0
0.0
0.0
0.0
0.0
0.0
0.0
0.0
0.0
0.0
0.0
0.0
0.0
0.0
0.0
0.0
0.0
0.0
0.0
0.0
0.0
0.0
0.0
0.0
0.0
0.0
0.0
0.0
0.0
0.0
0.0
0.0
0.0
0.0
0.0
0.0
0.0
0.0
0.0
1.0
0.0
0.0
0.0
0.0
0.0
0.0
0.0
0.0
0.0
0.0
0.0
0.0
0.0
0.0
0.0
0.0
0.0
0.0
0.0
0.0
1.0
0.0
0.0
0.0
0.0
0.0
0.0
0.0
0.0
0.0
0.0
0.0
0.0
0.0
0.0
0.0
0.0
0.0
0.0
0.0
0.0
0.0
0.0
1.0
0.0
0.0
0.0
0.0
0.0
0.0
0.0
0.0
0.0
0.0
0.0
0.0
0.0
0.0
0.0
0.0
0.0
0.0
0.0
0.0
0.0
0.0
0.0
0.0
0.0
0.0
0.0
0.0
0.0
1.0
0.0
0.0
0.0
0.0
0.0
0.0
0.0
0.0
0.0
0.0
0.0
0.0
0.0
0.0
0.0
0.0
0.0
0.0
0.0
0.0
0.0
0.0
0.0
0.0
0.0
0.0
0.0
0.0
0.0
0.0
0.0
0.0
0.0
0.0
0.0
0.0
0.0
0.0
0.0
0.0
0.0
0.0
0.0
0.0
0.0
0.0
0.0
0.0
0.0
0.0
0.0
0.0
0.0
0.0
0.0
0.0
0.0
0.0
0.0
0.0
0.0
0.0
0.0
0.0
0.0
0.0
0.0
0.0
0.0
0.0
0.0
0.0
0.0
0.0
0.0
0.0
0.0
0.0
0.0
0.0
0.0
0.0
0.0
0.0
0.0
0.0
0.0
0.0
-1.0
0.0
0.0
0.0
0.0
0.0
0.0
0.0
0.0
0.0
1.0
0.0
0.0
0.0
0.0
0.0
0.0
0.0
0.0
0.0
0.0
0.0
0.0
0.0
0.0
0.0
0.0
0.0
0.0
0.0
0.0
0.0
0.0
0.0
0.0
0.0
0.0
0.0
0.0
0.0
0.0
0.0
0.0
0.0
0.0
0.0
0.0
0.0
1.0
0.0
0.0
0.0
0.0
0.0
0.0
0.0
0.0
0.0
0.0
0.0
0.0
0.0
0.0
0.0
0.0
0.0
0.0
0.0
0.0
0.0
0.0
0.0
0.0
0.0
0.0
0.0
0.0
0.0
0.0
0.0
0.0
0.0
0.0
0.0
0.0
0.0
0.0
0.0
0.0
0.0
-1.0
0.0
0.0
0.0
0.0
0.0
0.0
0.0
0.0
0.0
0.0
0.0
0.0
0.0
0.0
0.0
0.0
0.0
0.0
0.0
0.0
0.0
0.0
0.0
0.0
0.0
-1.0
0.0
0.0
0.0
0.0
0.0
0.0
0.0
0.0
0.0
0.0
0.0
-1.0
0.0
0.0
0.0
0.0
0.0
0.0
0.0
0.0
0.0
0.0
0.0
0.0
0.0
0.0
0.0
0.0
0.0
0.0
0.0
0.0
0.0
0.0
1.0
1.0
0.0
0.0
0.0
0.0
0.0
0.0
0.0
0.0
0.0
0.0
0.0
0.0
0.0
0.0
0.0
0.0
0.0
0.0
0.0
0.0
0.0
0.0
0.0
0.0
-1.0
0.0
0.0
0.0
0.0
0.0
0.0
0.0
0.0
0.0
0.0
0.0
0.0
0.0
0.0
0.0
0.0
0.0
0.0
0.0
0.0
0.0
0.0
0.0
0.0
0.0
0.0
0.0
0.0
0.0
0.0
0.0
0.0
0.0
0.0
0.0
0.0
0.0
0.0
1.0
0.0
0.0
0.0
0.0
0.0
0.0
0.0
0.0
0.0
0.0
0.0
0.0
0.0
0.0
0.0
0.0
0.0
0.0
0.0
0.0
0.0
0.0
0.0
0.0
0.0
0.0
0.0
0.0
0.0
0.0
-1.0
0.0
0.0
0.0
0.0
0.0
0.0
0.0
0.0
0.0
0.0
-1.0
1.0
0.0
0.0
0.0
0.0
0.0
0.0
0.0
0.0
0.0
0.0
0.0
1.0
0.0
0.0
0.0
0.0
0.0
-1.0
0.0
0.0
0.0
0.0
0.0
0.0
0.0
0.0
0.0
0.0
0.0
0.0
0.0
0.0
0.0
0.0
0.0
0.0
0.0
0.0
0.0
0.0
0.0
0.0
0.0
0.0
0.0
0.0
0.0
0.0
0.0
0.0
0.0
0.0
0.0
0.0
0.0
0.0
0.0
0.0
0.0
0.0
0.0
0.0
0.0
0.0
0.0
0.0
0.0
0.0
0.0
0.0
0.0
0.0
0.0
0.0
0.0
0.0
0.0
0.0
0.0
0.0
0.0
0.0
0.0
0.0
0.0
0.0
0.0
0.0
0.0
0.0
1.0
0.0
0.0
0.0
0.0
0.0
0.0
0.0
0.0
0.0
0.0
0.0
0.0
0.0
0.0
0.0
0.0
-1.0
0.0
0.0
0.0
0.0
0.0
0.0
0.0
0.0
0.0
0.0
0.0
0.0
0.0
0.0
0.0
0.0
0.0
0.0
0.0
0.0
0.0
0.0
0.0
0.0
0.0
0.0
0.0
0.0
0.0
0.0
0.0
0.0
0.0
1.0
0.0
0.0
0.0
0.0
0.0
0.0
-2.0
0.0
0.0
0.0
0.0
0.0
0.0
0.0
0.0
-1.0
0.0
0.0
0.0
0.0
0.0
0.0
0.0
0.0
0.0
0.0
0.0
0.0
0.0
0.0
0.0
0.0
0.0
0.0
0.0
0.0
0.0
0.0
0.0
0.0
0.0
0.0
0.0
0.0
0.0
0.0
0.0
0.0
0.0
0.0
0.0
0.0
0.0
0.0
0.0
0.0
0.0
0.0
0.0
-1.0
0.0
0.0
-1.0
0.0
0.0
0.0
0.0
0.0
0.0
0.0
0.0
0.0
0.0
0.0
0.0
0.0
1.0
0.0
0.0
0.0
0.0
0.0
0.0
0.0
0.0
0.0
0.0
0.0
0.0
0.0
0.0
0.0
0.0
0.0
0.0
0.0
0.0
0.0
0.0
0.0
0.0
0.0
0.0
0.0
0.0
0.0
0.0
0.0
-1.0
0.0
0.0
0.0
0.0
0.0
0.0
0.0
0.0
0.0
0.0
0.0
0.0
0.0
0.0
0.0
-1.0
0.0
0.0
0.0
0.0
0.0
0.0
0.0
0.0
0.0
0.0
0.0
0.0
1.0
0.0
0.0
0.0
0.0
0.0
0.0
0.0
0.0
0.0
0.0
-1.0
0.0
0.0
0.0
0.0
0.0
0.0
0.0
0.0
0.0
0.0
0.0
0.0
0.0
0.0
0.0
0.0
0.0
0.0
0.0
0.0
0.0
0.0
0.0
0.0
0.0
0.0
0.0
0.0
0.0
0.0
0.0
0.0
0.0
0.0
0.0
0.0
0.0
0.0
0.0
0.0
0.0
0.0
-1.0
0.0
0.0
0.0
0.0
0.0
0.0
0.0
0.0
0.0
0.0
0.0
0.0
-1.0
0.0
1.0
0.0
0.0
0.0
0.0
0.0
0.0
0.0
0.0
0.0
-1.0
0.0
0.0
1.0
0.0
0.0
0.0
0.0
0.0
0.0
-1.0
0.0
0.0
0.0
0.0
0.0
0.0
0.0
1.0
0.0
0.0
0.0
0.0
0.0
0.0
0.0
0.0
0.0
0.0
0.0
0.0
0.0
0.0
0.0
0.0
0.0
0.0
0.0
0.0
0.0
0.0
0.0
0.0
0.0
0.0
0.0
0.0
0.0
1.0
-1.0
1.0
0.0
0.0
-1.0
0.0
0.0
0.0
-1.0
0.0
0.0
0.0
0.0
0.0
0.0
0.0
0.0
0.0
0.0
0.0
0.0
0.0
0.0
0.0
0.0
0.0
0.0
0.0
0.0
0.0
0.0
0.0
0.0
0.0
0.0
0.0
0.0
0.0
0.0
0.0
0.0
0.0
0.0
0.0
0.0
0.0
0.0
0.0
0.0
0.0
0.0
0.0
0.0
0.0
0.0
0.0
0.0
0.0
0.0
0.0
0.0
0.0
0.0
0.0
-1.0
0.0
0.0
-1.0
0.0
0.0
0.0
0.0
0.0
0.0
0.0
0.0
-1.0
0.0
0.0
0.0
0.0
0.0
0.0
0.0
0.0
0.0
0.0
0.0
0.0
0.0
0.0
0.0
0.0
0.0
0.0
0.0
0.0
0.0
0.0
0.0
0.0
0.0
0.0
0.0
-1.0
0.0
0.0
0.0
0.0
0.0
0.0
0.0
0.0
0.0
0.0
0.0
0.0
0.0
0.0
0.0
0.0
0.0
0.0
0.0
0.0
0.0
-1.0
0.0
0.0
0.0
0.0
0.0
0.0
0.0
0.0
0.0
0.0
0.0
0.0
0.0
0.0
0.0
0.0
0.0
-1.0
0.0
0.0
0.0
0.0
0.0
0.0
0.0
0.0
0.0
0.0
0.0
0.0
0.0
0.0
0.0
0.0
0.0
0.0
0.0
0.0
0.0
0.0
0.0
0.0
0.0
0.0
0.0
0.0
0.0
0.0
0.0
0.0
0.0
0.0
0.0
0.0
0.0
0.0
0.0
0.0
1.0
0.0
1.0
0.0
0.0
0.0
0.0
0.0
0.0
0.0
0.0
0.0
0.0
0.0
0.0
0.0
0.0
0.0
0.0
0.0
0.0
0.0
0.0
0.0
0.0
0.0
0.0
0.0
0.0
0.0
0.0
0.0
0.0
0.0
0.0
0.0
0.0
0.0
0.0
0.0
0.0
0.0
0.0
0.0
0.0
0.0
0.0
0.0
0.0
0.0
0.0
0.0
0.0
0.0
0.0
0.0
0.0
0.0
0.0
0.0
0.0
0.0
0.0
0.0
0.0
0.0
0.0
0.0
0.0
0.0
0.0
0.0
0.0
0.0
0.0
0.0
0.0
0.0
0.0
0.0
0.0
0.0
0.0
0.0
0.0
0.0
0.0
0.0
0.0
0.0
1.0
0.0
0.0
0.0
0.0
0.0
0.0
0.0
0.0
0.0
1.0
0.0
0.0
0.0
0.0
-1.0
0.0
0.0
0.0
0.0
0.0
0.0
0.0
0.0
0.0
0.0
0.0
0.0
0.0
0.0
0.0
0.0
0.0
0.0
0.0
0.0
0.0
0.0
0.0
1.0
0.0
0.0
0.0
0.0
0.0
0.0
0.0
0.0
0.0
0.0
0.0
0.0
0.0
0.0
0.0
0.0
0.0
0.0
0.0
0.0
0.0
0.0
0.0
0.0
0.0
0.0
0.0
0.0
0.0
0.0
0.0
0.0
-1.0
0.0
0.0
0.0
0.0
0.0
0.0
0.0
0.0
0.0
0.0
0.0
0.0
0.0
0.0
0.0
0.0
0.0
0.0
0.0
0.0
0.0
0.0
0.0
0.0
0.0
0.0
0.0
0.0
0.0
0.0
0.0
0.0
0.0
0.0
0.0
0.0
0.0
0.0
0.0
0.0
0.0
0.0
0.0
0.0
0.0
0.0
0.0
0.0
0.0
0.0
0.0
0.0
0.0
0.0
0.0
0.0
0.0
0.0
0.0
0.0
0.0
0.0
0.0
0.0
0.0
0.0
0.0
0.0
0.0
0.0
0.0
0.0
0.0
0.0
0.0
0.0
0.0
0.0
0.0
0.0
0.0
0.0
0.0
0.0
0.0
0.0
0.0
0.0
0.0
0.0
0.0
0.0
0.0
0.0
0.0
0.0
0.0
0.0
0.0
0.0
0.0
0.0
0.0
0.0
0.0
0.0
0.0
0.0
0.0
0.0
0.0
0.0
0.0
0.0
0.0
0.0
0.0
0.0
0.0
0.0
0.0
0.0
0.0
0.0
0.0
0.0
0.0
0.0
0.0
0.0
0.0
0.0
0.0
0.0
0.0
0.0
1726.0
16384.0
5632.0
40960.0
0.0
0.0
0.0
0.0
0.0
0.0
0.0
0.0
0.0
0.0
0.0
0.0
0.0
0.0
0.0
0.0
0.0
0.0
0.0
0.0
0.0
0.0
0.0
0.0
