0.0652423
0.0068092016
0.0018610726
0.0016188222
0.00180051
0.00056143175
0.00042884875
0.00064982043
0.0028971843
0.0007365723
0.0003650125
0.0005090533
0.0015271598
0.0005172374
0.0003650125
0.0009640913
0.0058893044
0.00028317113
0.00030281304
0.00021769803
0.0014093083
0.0011048585
0.0007382091
0.00018987196
0.00079877174
0.00032081816
0.001545165
0.0002946289
0.0007873139
0.00023897679
0.00012439888
0.00019314562
0.0009820964
0.00015713542
0.00011621474
0.00019969293
0.0020034767
0.00021933486
0.00013913032
0.00010966743
0.0003961122
0.00015877225
0.00024388726
0.00067273603
0.0004010227
0.00016695638
0.76430666
0.000121125224
0.0006940148
0.0003781071
0.00051232695
0.001430587
0.0005483371
0.00054506346
0.00040757
0.0003535547
0.00056797906
0.00081186637
0.0003584652
0.0011179531
0.00047140627
0.00043539607
0.00033882324
0.00036828616
0.0015206125
0.0006940148
0.00045176432
0.00050414284
0.00095099665
0.001980561
0.0011490528
0.00037155978
0.0006187207
0.00032081816
0.00019314562
0.0003109972
0.0007185672
0.0009820964
0.0005385162
0.0002586187
0.00210496
0.0005008692
0.00023897679
0.0015287967
0.00068746746
0.0009166233
0.0017317632
0.001288183
0.00036173884
0.00063345215
0.00014404081
0.00051887427
0.0004255751
0.00056634226
0.0007251145
0.00058434735
0.0002635292
0.00061381026
0.00021115072
0.00060726295
0.0006285417
0.001992019
0.0009640913
0.00028808162
0.0016515588
0.00091007596
0.0011310476
0.00020951389
0.001099948
0.00027662382
0.0010082857
0.00090352865
0.0008560607
0.00017186686
0.0014535027
0.00095099665
0.0026140132
0.0018823514
0.0006416363
0.00033063913
0.0010082857
0.00028971845
0.00015713542
0.00012603571
0.0005581581
0.000597442
0.00044685387
0.00017841418
0.00048286407
0.0003731966
0.00014240398
0.0020116607
0.00057616323
0.0018086942
0.00030281304
0.00014404081
0.0006891043
0.0030559567
0.0006170839
0.006853396
0.00024388726
0.0020394868
0.00025534505
0.00018496148
0.0009820964
0.00019969293
0.00017514052
0.00024879776
0.00021933486
0.00020787706
0.00027171333
0.00013094618
0.0002946289
0.00018823514
0.00011785157
9.329915e-05
0.00024879776
0.00010312012
0.00014076715
0.00012767252
0.00031427084
0.00015058811
0.00016859321
0.00017023004
0.000180051
0.00024388726
0.000101483296
0.000106393774
0.00041575413
0.00018987196
0.00014895128
0.00025534505
0.00021933486
9.820964e-05
0.000360102
0.00015713542
0.00042230144
0.00016695638
0.00011785157
0.0001080306
0.00020624023
0.00017514052
0.000119488395
0.00013913032
0.00080040854
0.00035028104
0.00015713542
0.00015058811
0.00042230144
0.0001554986
0.00022424533
0.0001865983
0.0013094619
0.00057616323
0.0006580046
0.00087079214
0.00066127826
0.00019314562
0.00043048558
0.0008036822
0.0006187207
0.00074148277
0.0002635292
0.0002586187
0.00043539607
0.0001374935
0.00030772353
0.00022915582
0.00049432187
0.0027154966
0.00039774904
0.0006187207
0.00023733996
0.00012767252
0.00040593318
0.00036664933
0.00050414284
0.00017677735
0.000119488395
0.00024716093
0.000274987
9.166233e-05
0.00017186686
0.00014076715
0.00042393827
0.0003895649
0.00022588216
9.00255e-05
0.00030936036
0.00010312012
0.00011457791
0.00022260852
0.002484704
0.0006301785
0.00016859321
0.0006710992
0.00082332414
0.00015386177
0.00029626573
0.00016040908
0.00079877174
0.0003470074
0.00013421984
0.00034537056
0.00055324764
0.00011294108
0.0003175445
0.00037647027
0.000937902
0.0003731966
0.00023897679
0.00035519153
0.0009788227
0.0005254216
0.00042230144
0.009046745
0.021442523
0.0012424501
0.6500419
0.0
7.385767e-06
8.2064076e-07
0.000306099
1.8874738e-05
2.4619223e-06
4.7597165e-05
0.0
8.2064076e-07
0.00014032958
0.0023716518
7.385767e-06
0.0
0.0030215993
0.0005703453
0.06440553
7.385767e-05
2.4619223e-06
0.0
1.4771534e-05
0.00053177524
9.847689e-06
0.0
2.4619223e-06
2.4619223e-06
0.00019695378
4.349396e-05
3.200499e-05
0.0
0.0008272059
0.000100938814
0.018682707
1.6412816e-05
0.0
0.0
0.0
3.2825632e-05
8.4526e-05
0.0
0.0
0.0
8.4526e-05
8.534664e-05
0.000253578
0.0
0.0016831342
4.5955883e-05
0.002976464
2.2157301e-05
2.4619223e-05
9.847689e-06
9.601497e-05
8.698792e-05
1.6412816e-05
2.6260504e-05
1.3950893e-05
1.23096115e-05
3.282563e-06
4.9238447e-06
1.3950893e-05
5.7444854e-06
0.0063181133
0.0004267332
0.028555015
0.00048171612
0.00017807905
2.7081145e-05
0.0009773831
0.0011800814
1.4771534e-05
1.066833e-05
0.0001509979
0.00015017726
1.1488971e-05
1.3950893e-05
0.0001509979
8.206408e-06
0.0013351825
5.7444854e-06
2.7901786e-05
4.02114e-05
2.8722427e-05
1.7233457e-05
0.00014361214
6.8113186e-05
4.9238447e-06
0.0
2.4619223e-06
3.282563e-06
0.0
0.0
1.6412815e-06
1.6412815e-06
0.004721146
0.0005260307
7.549895e-05
5.0059087e-05
0.00013294381
9.601497e-05
0.00027327338
0.00017151392
0.00014443278
0.00010504202
3.200499e-05
5.252101e-05
8.206408e-05
3.200499e-05
7.7140234e-05
0.0001509979
0.0066348803
0.001000361
0.00022567621
0.00017972033
9.0270485e-05
7.9602156e-05
0.0004669446
0.0003298976
0.00012555804
0.00012309612
4.5955883e-05
3.4466913e-05
5.9086135e-05
2.8722427e-05
4.4314602e-05
0.0006154806
0.006329602
0.00019285058
0.00017889969
0.0002174698
0.0005966058
0.00060235034
0.0018382353
0.0011439732
0.00013130253
0.00014607406
6.0727416e-05
7.221639e-05
7.221639e-05
6.154806e-05
5.0879727e-05
6.975447e-05
0.0037790507
0.00016987264
0.00014853598
0.0005096179
0.00038488052
0.0003742122
0.0013548778
0.0007631959
0.00021172532
0.00010011817
6.0727416e-05
5.0059087e-05
7.7140234e-05
6.975447e-05
8.780856e-05
0.00026178441
0.0018226431
0.00021418724
8.4526e-05
0.000644203
0.00028886556
0.00026178441
0.00073365285
0.00041606487
5.0059087e-05
6.8113186e-05
0.00019695378
5.416229e-05
4.7597165e-05
5.170037e-05
5.498293e-05
5.252101e-05
0.00270237
0.00056049763
0.00029050684
0.0026621586
0.00056460086
0.00044396665
0.001445969
0.0009248621
0.00029296876
0.00031348478
0.00036764707
0.000253578
0.00021582852
0.00025193673
0.00022485557
0.0002494748
0.0
0.0
0.0
0.0
0.0
0.0
0.0
0.0
0.0
0.0
0.0
0.0
0.0
0.0
0.0
0.0
0.009436548
0.0029657958
0.0015551143
0.0012637868
0.0030158549
0.003157005
0.0012145484
0.0023027179
0.0070739235
0.0006926208
0.00045627626
0.000865776
0.002501313
0.0009913341
0.001848083
0.004356782
0.015335314
0.0056821164
0.002690881
0.0025054163
0.00558446
0.007234769
0.0030076483
0.0036329767
0.010986739
0.0014451484
0.001233423
0.0015140822
0.00435432
0.0022501969
0.0037560728
0.009458706
0.0010282629
0.0007476037
0.0006934414
0.0006942621
0.0006803112
0.0006778493
0.0008682379
0.0006778493
0.0006688222
0.00065569195
0.0006606158
0.0008436187
0.0006688222
0.00085018383
0.0006786699
0.0006704635
2963.0
160.54776
475703.0
0.00019550014
2.7327975e-05
2.102152e-05
1.4715064e-05
9.039253e-05
1.6817216e-05
8.408608e-06
2.3123672e-05
5.465595e-05
1.8919367e-05
0.00014504849
6.937102e-05
6.937102e-05
2.7327975e-05
0.9813497
2.102152e-05
0.00018288722
0.00010090329
0.0001702743
0.00019760229
0.00020180659
0.00020180659
0.00015135494
0.00011982266
0.00017447861
0.00014084419
0.000121924815
0.000111414054
0.00013453772
0.00017237646
0.00012402696
0.00014084419
0.0001492528
0.0001702743
5.2553798e-05
0.00025436038
0.00017658077
0.00010720975
0.00013663988
0.00019970443
9.039253e-05
0.00018709153
3.5736583e-05
4.8349495e-05
0.00013663988
0.00010720975
6.726886e-05
9.459684e-05
0.00025646255
0.00010090329
7.988178e-05
0.0005108229
0.00013033343
7.988178e-05
0.0002501561
0.00033844647
6.0962408e-05
4.204304e-05
3.363443e-05
3.994089e-05
3.5736583e-05
4.204304e-05
4.4145192e-05
9.669899e-05
4.4145192e-05
0.00057598966
0.000111414054
0.00054445735
0.0003678766
0.0014862214
0.00010300545
0.00017868292
0.0004372476
0.0007651833
0.0001093119
0.000105107596
0.00056758104
0.00020180659
0.000760979
0.0006684843
0.00045826912
1.8919367e-05
0.00085137156
0.0005213337
0.0012360654
0.0002144195
0.00021021519
0.000111414054
0.00013243557
0.00015345709
3.5736583e-05
1.6817216e-05
0.00018709153
1.051076e-05
2.7327975e-05
3.153228e-05
0.24190147
0.0
0.0
0.0
2.0
610938.0
135168.0
0.0
39.0
139.0
1.0
1.0
0.0
0.0
0.0
1307629700.0
0.0
0.0
0.0
0.0
0.0
1.0
0.0
0.0
0.0
0.0
-1.0
0.0
-1.0
1.0
-1.0
-1.0
0.0
0.0
0.0
0.0
0.0
0.0
0.0
0.0
0.0
0.0
0.0
0.0
-1.0
0.0
0.0
0.0
0.0
0.0
0.0
0.0
0.0
0.0
0.0
0.0
0.0
-1.0
0.0
0.0
0.0
0.0
0.0
0.0
0.0
0.0
0.0
0.0
6.0
0.0
4.0
0.0
4.0
0.0
77824.0
4096.0
4096.0
5.0
0.0
0.0
1.0
1.0
0.0
0.0
0.0
0.0
0.0
-8192.0
0.0
0.0
0.0
0.0
0.0
0.0
0.0
0.0
24576.0
0.0
0.0
0.0
0.0
0.0
0.0
0.0
0.0
0.0
0.0
0.0
0.0
0.0
0.0
0.0
0.0
0.0
-12288.0
0.0
0.0
0.0
0.0
0.0
0.0
0.0
0.0
-77824.0
0.0
4096.0
0.0
0.0
0.0
0.0
0.0
0.0
0.0
0.0
0.0
0.0
0.0
-6.3716784
0.0
0.0
0.0
0.0
0.0
0.0
0.0
0.0
6.445061
0.0
0.0
0.0
0.0
0.0
0.0
0.0
0.0
0.0
0.0
0.0
0.0
0.0
0.0
0.0
0.0
0.0
-3.7103977
0.0
0.0
0.0
0.0
0.0
0.0
0.0
0.0
-6.621935
0.0
3.3983302
0.0
0.0
0.0
0.0
0.0
0.0
0.0
0.0
0.0
0.0
0.0
-5036.0
0.0
0.0
0.0
0.0
0.0
0.0
0.0
0.0
22571.0
0.0
0.0
0.0
0.0
0.0
0.0
0.0
0.0
0.0
0.0
0.0
0.0
0.0
0.0
0.0
0.0
0.0
-13089.0
0.0
0.0
0.0
0.0
0.0
0.0
0.0
0.0
-75346.0
0.0
1048.0
0.0
0.0
0.0
0.0
0.0
0.0
0.0
0.0
0.0
-1.0
0.0
0.0
0.0
0.0
0.0
1.0
0.0
0.0
0.0
0.0
0.0
0.0
0.0
0.0
0.0
0.0
0.0
0.0
0.0
0.0
0.0
0.0
0.0
0.0
0.0
0.0
0.0
0.0
0.0
0.0
0.0
0.0
0.0
0.0
0.0
-2.0
0.0
0.0
0.0
1.0
0.0
0.0
0.0
0.0
0.0
0.0
0.0
0.0
0.0
0.0
0.0
0.0
0.0
0.0
0.0
0.0
0.0
0.0
0.0
-1.0
0.0
0.0
0.0
0.0
0.0
0.0
0.0
0.0
0.0
1.0
0.0
0.0
0.0
0.0
1.0
0.0
0.0
0.0
0.0
0.0
0.0
0.0
0.0
0.0
0.0
0.0
0.0
0.0
0.0
0.0
0.0
0.0
0.0
0.0
0.0
0.0
0.0
0.0
0.0
0.0
0.0
0.0
0.0
0.0
0.0
0.0
0.0
0.0
0.0
0.0
0.0
0.0
0.0
0.0
0.0
0.0
0.0
0.0
0.0
0.0
0.0
0.0
0.0
0.0
0.0
0.0
-1.0
0.0
0.0
0.0
0.0
0.0
0.0
0.0
0.0
0.0
0.0
0.0
0.0
0.0
0.0
0.0
0.0
0.0
0.0
0.0
0.0
-1.0
0.0
0.0
0.0
0.0
0.0
0.0
0.0
0.0
0.0
0.0
0.0
0.0
0.0
0.0
0.0
0.0
0.0
0.0
0.0
0.0
0.0
0.0
0.0
0.0
0.0
0.0
0.0
0.0
0.0
0.0
0.0
0.0
0.0
0.0
0.0
0.0
0.0
0.0
0.0
0.0
0.0
0.0
0.0
0.0
0.0
0.0
0.0
0.0
0.0
0.0
0.0
0.0
0.0
0.0
0.0
0.0
0.0
0.0
0.0
0.0
0.0
0.0
0.0
0.0
0.0
1.0
0.0
0.0
0.0
0.0
0.0
0.0
0.0
0.0
0.0
0.0
0.0
0.0
0.0
0.0
0.0
0.0
0.0
0.0
0.0
0.0
0.0
0.0
0.0
0.0
0.0
0.0
0.0
0.0
0.0
0.0
0.0
0.0
0.0
0.0
0.0
0.0
0.0
0.0
0.0
0.0
0.0
0.0
0.0
0.0
0.0
0.0
0.0
0.0
0.0
0.0
0.0
0.0
0.0
0.0
0.0
0.0
0.0
0.0
0.0
0.0
0.0
0.0
0.0
0.0
0.0
0.0
0.0
0.0
0.0
0.0
0.0
0.0
0.0
0.0
0.0
0.0
0.0
0.0
0.0
0.0
0.0
0.0
0.0
1.0
0.0
0.0
0.0
0.0
0.0
0.0
0.0
0.0
0.0
0.0
0.0
0.0
0.0
0.0
0.0
0.0
0.0
0.0
0.0
0.0
0.0
0.0
0.0
0.0
0.0
0.0
0.0
0.0
0.0
0.0
0.0
0.0
0.0
0.0
0.0
0.0
0.0
0.0
0.0
0.0
0.0
0.0
0.0
0.0
0.0
0.0
0.0
0.0
0.0
0.0
0.0
0.0
0.0
0.0
0.0
-1.0
0.0
-1.0
0.0
0.0
0.0
0.0
0.0
0.0
0.0
0.0
0.0
0.0
0.0
0.0
0.0
0.0
0.0
0.0
0.0
0.0
0.0
0.0
0.0
0.0
0.0
0.0
0.0
0.0
0.0
0.0
0.0
0.0
0.0
0.0
0.0
0.0
0.0
0.0
0.0
0.0
0.0
0.0
0.0
0.0
0.0
0.0
0.0
0.0
0.0
0.0
0.0
-2.0
0.0
0.0
0.0
0.0
0.0
0.0
0.0
0.0
0.0
0.0
1.0
0.0
0.0
1.0
0.0
0.0
0.0
1.0
0.0
0.0
1.0
0.0
0.0
0.0
0.0
0.0
0.0
0.0
0.0
0.0
0.0
0.0
0.0
1.0
0.0
0.0
0.0
1.0
0.0
0.0
0.0
0.0
-1.0
0.0
0.0
0.0
0.0
0.0
1.0
0.0
1.0
0.0
0.0
0.0
0.0
0.0
0.0
0.0
0.0
0.0
0.0
0.0
0.0
0.0
0.0
0.0
0.0
0.0
0.0
0.0
0.0
0.0
1.0
0.0
0.0
0.0
0.0
0.0
0.0
0.0
0.0
0.0
0.0
0.0
0.0
0.0
0.0
0.0
0.0
0.0
0.0
0.0
0.0
0.0
0.0
0.0
0.0
0.0
0.0
0.0
0.0
0.0
0.0
0.0
0.0
0.0
0.0
0.0
0.0
0.0
0.0
0.0
0.0
0.0
1.0
0.0
0.0
0.0
-1.0
0.0
0.0
0.0
0.0
0.0
-1.0
0.0
0.0
0.0
0.0
0.0
0.0
-1.0
0.0
0.0
-1.0
0.0
0.0
0.0
0.0
0.0
0.0
0.0
0.0
0.0
0.0
0.0
0.0
-1.0
0.0
0.0
0.0
0.0
0.0
0.0
0.0
0.0
0.0
0.0
0.0
0.0
0.0
0.0
0.0
0.0
0.0
-1.0
0.0
0.0
0.0
0.0
0.0
0.0
0.0
0.0
0.0
0.0
0.0
0.0
-1.0
0.0
0.0
0.0
0.0
-1.0
1.0
0.0
0.0
0.0
0.0
0.0
0.0
0.0
0.0
0.0
0.0
0.0
0.0
-1.0
1.0
0.0
-1.0
0.0
0.0
-1.0
1.0
0.0
0.0
-1.0
0.0
0.0
0.0
0.0
0.0
0.0
0.0
0.0
-1.0
0.0
0.0
0.0
0.0
0.0
0.0
1.0
0.0
0.0
-1.0
0.0
0.0
-2.0
1.0
0.0
0.0
0.0
0.0
0.0
0.0
0.0
0.0
-1.0
0.0
1.0
0.0
0.0
0.0
0.0
0.0
0.0
0.0
0.0
0.0
0.0
0.0
0.0
0.0
0.0
1.0
0.0
0.0
0.0
0.0
0.0
0.0
0.0
0.0
0.0
0.0
0.0
0.0
0.0
0.0
0.0
-1.0
0.0
0.0
0.0
0.0
0.0
0.0
1.0
0.0
0.0
0.0
0.0
0.0
0.0
0.0
0.0
0.0
0.0
0.0
0.0
0.0
1.0
0.0
0.0
0.0
0.0
0.0
0.0
0.0
0.0
0.0
0.0
1.0
-1.0
0.0
-1.0
0.0
0.0
0.0
0.0
0.0
0.0
0.0
0.0
0.0
0.0
0.0
0.0
0.0
0.0
0.0
0.0
0.0
0.0
0.0
-1.0
1.0
0.0
0.0
1.0
0.0
0.0
-1.0
0.0
0.0
0.0
0.0
-1.0
0.0
0.0
0.0
0.0
0.0
-1.0
0.0
0.0
-1.0
0.0
0.0
0.0
0.0
0.0
0.0
0.0
0.0
0.0
0.0
0.0
0.0
0.0
0.0
0.0
0.0
0.0
0.0
0.0
0.0
0.0
0.0
0.0
0.0
0.0
1.0
0.0
0.0
0.0
0.0
0.0
0.0
0.0
0.0
0.0
-1.0
0.0
-1.0
0.0
1.0
0.0
0.0
0.0
1.0
0.0
0.0
0.0
0.0
0.0
0.0
0.0
0.0
0.0
0.0
0.0
0.0
0.0
-1.0
0.0
0.0
1.0
0.0
0.0
0.0
1.0
0.0
0.0
0.0
0.0
0.0
0.0
0.0
0.0
-1.0
0.0
0.0
0.0
-1.0
0.0
0.0
0.0
0.0
0.0
-1.0
0.0
0.0
0.0
0.0
0.0
0.0
0.0
1.0
1.0
0.0
0.0
0.0
0.0
0.0
0.0
0.0
0.0
0.0
0.0
0.0
1.0
0.0
0.0
0.0
0.0
0.0
0.0
0.0
0.0
0.0
0.0
0.0
0.0
0.0
0.0
0.0
0.0
0.0
1.0
0.0
0.0
0.0
0.0
0.0
-1.0
0.0
0.0
-1.0
1.0
0.0
0.0
1.0
0.0
0.0
0.0
0.0
0.0
0.0
0.0
1.0
0.0
1.0
0.0
0.0
0.0
0.0
0.0
0.0
0.0
0.0
0.0
0.0
0.0
0.0
0.0
0.0
0.0
0.0
1.0
0.0
0.0
0.0
0.0
0.0
0.0
0.0
0.0
0.0
0.0
0.0
0.0
0.0
0.0
0.0
-1.0
0.0
0.0
0.0
0.0
0.0
0.0
0.0
0.0
0.0
0.0
0.0
0.0
0.0
0.0
1.0
0.0
0.0
0.0
0.0
0.0
0.0
0.0
0.0
0.0
1.0
0.0
0.0
0.0
0.0
0.0
-1.0
0.0
0.0
0.0
0.0
0.0
0.0
0.0
0.0
-1.0
0.0
0.0
0.0
0.0
0.0
0.0
0.0
0.0
-1.0
-1.0
0.0
1.0
0.0
0.0
0.0
1.0
0.0
2.0
0.0
0.0
0.0
0.0
0.0
0.0
0.0
0.0
0.0
0.0
0.0
0.0
0.0
0.0
0.0
0.0
0.0
0.0
0.0
0.0
0.0
0.0
0.0
0.0
0.0
0.0
0.0
0.0
0.0
0.0
0.0
0.0
0.0
0.0
0.0
0.0
0.0
0.0
0.0
0.0
0.0
0.0
0.0
0.0
0.0
0.0
0.0
0.0
0.0
0.0
0.0
0.0
0.0
0.0
0.0
0.0
0.0
0.0
0.0
0.0
0.0
0.0
1.0
0.0
0.0
0.0
0.0
0.0
0.0
0.0
0.0
0.0
0.0
0.0
0.0
0.0
0.0
0.0
0.0
0.0
0.0
0.0
1.0
0.0
0.0
1.0
0.0
0.0
0.0
0.0
0.0
1.0
0.0
0.0
0.0
0.0
0.0
0.0
0.0
0.0
0.0
-1.0
0.0
0.0
0.0
0.0
1.0
0.0
0.0
0.0
0.0
0.0
0.0
0.0
1.0
-1.0
0.0
0.0
0.0
0.0
0.0
0.0
0.0
0.0
0.0
0.0
0.0
0.0
-1.0
0.0
1.0
0.0
1.0
0.0
1.0
0.0
0.0
0.0
0.0
0.0
0.0
0.0
0.0
0.0
0.0
-1.0
0.0
0.0
0.0
0.0
0.0
0.0
0.0
0.0
-1.0
-1.0
0.0
0.0
0.0
0.0
0.0
0.0
0.0
0.0
0.0
1.0
0.0
0.0
0.0
0.0
1.0
0.0
0.0
-1.0
0.0
0.0
0.0
0.0
-1.0
0.0
0.0
0.0
0.0
0.0
0.0
0.0
0.0
0.0
0.0
-1.0
0.0
0.0
0.0
0.0
0.0
0.0
0.0
0.0
0.0
0.0
0.0
0.0
0.0
0.0
0.0
0.0
0.0
0.0
0.0
0.0
0.0
0.0
0.0
0.0
0.0
1.0
0.0
0.0
0.0
0.0
0.0
1.0
0.0
0.0
0.0
0.0
0.0
-1.0
0.0
0.0
0.0
0.0
0.0
0.0
0.0
0.0
-1.0
0.0
0.0
0.0
1.0
0.0
0.0
0.0
0.0
0.0
0.0
0.0
0.0
0.0
0.0
0.0
0.0
-1.0
0.0
-1.0
0.0
0.0
0.0
0.0
0.0
0.0
-1.0
0.0
0.0
0.0
0.0
0.0
0.0
0.0
0.0
1.0
-1.0
0.0
0.0
0.0
0.0
0.0
-2.0
0.0
0.0
0.0
0.0
0.0
0.0
0.0
0.0
0.0
0.0
0.0
0.0
0.0
0.0
0.0
0.0
1.0
0.0
0.0
0.0
0.0
0.0
0.0
0.0
0.0
0.0
0.0
-1.0
0.0
0.0
0.0
0.0
-1.0
0.0
0.0
-2.0
0.0
0.0
0.0
0.0
0.0
-2.0
0.0
-1.0
0.0
0.0
0.0
0.0
0.0
2.0
0.0
0.0
0.0
0.0
0.0
0.0
0.0
0.0
0.0
0.0
0.0
0.0
1.0
0.0
0.0
0.0
-1.0
0.0
0.0
0.0
0.0
-1.0
0.0
0.0
0.0
0.0
-1.0
0.0
-1.0
0.0
0.0
0.0
0.0
0.0
0.0
0.0
0.0
0.0
0.0
0.0
0.0
0.0
1.0
0.0
0.0
0.0
0.0
0.0
0.0
0.0
0.0
0.0
0.0
0.0
0.0
0.0
-1.0
1.0
0.0
0.0
0.0
0.0
0.0
0.0
-1.0
1.0
0.0
0.0
0.0
0.0
0.0
0.0
0.0
0.0
0.0
0.0
0.0
1.0
0.0
0.0
0.0
0.0
-1.0
0.0
1.0
0.0
0.0
0.0
0.0
0.0
1.0
-1.0
0.0
0.0
0.0
0.0
0.0
0.0
0.0
0.0
-1.0
-2.0
0.0
0.0
0.0
0.0
0.0
0.0
0.0
0.0
0.0
0.0
1.0
1.0
1.0
-1.0
0.0
0.0
-1.0
0.0
0.0
-2.0
1.0
0.0
0.0
-1.0
0.0
0.0
-1.0
0.0
1.0
0.0
1.0
0.0
0.0
0.0
0.0
0.0
0.0
0.0
0.0
0.0
1.0
0.0
0.0
-1.0
0.0
2.0
0.0
0.0
1.0
0.0
0.0
0.0
0.0
0.0
1.0
0.0
-1.0
0.0
-1.0
0.0
0.0
0.0
0.0
0.0
0.0
-1.0
-1.0
0.0
0.0
0.0
1.0
0.0
0.0
0.0
0.0
0.0
0.0
0.0
0.0
0.0
0.0
1115.0
103376.0
100.0
100440.0
1048.0
122880.0
0.0
0.0
0.0
0.0
4484.0
126976.0
0.0
0.0
0.0
0.0
0.0
0.0
0.0
0.0
0.0
0.0
0.0
0.0
572.0
81920.0
0.0
0.0
0.0
0.0
