0.9918756
3.1061463e-05
2.4137425e-05
7.7440905e-05
4.065454e-05
0.00021673397
2.5065789e-05
7.817586e-05
2.8199012e-05
7.3882184e-06
3.3227643e-05
4.32849e-05
2.3750608e-05
7.717014e-05
1.9959794e-05
2.727065e-05
2.3170382e-05
1.8412524e-05
1.0598806e-05
1.4776437e-05
1.9766385e-05
2.796692e-05
1.3035757e-05
5.3767662e-06
1.6207663e-05
4.9899486e-06
1.1681895e-05
7.310855e-06
1.8451205e-05
8.123172e-06
0.00012153813
7.117446e-06
1.9456931e-05
5.8022656e-06
8.277899e-06
6.614583e-06
4.58379e-05
1.6749207e-05
9.9412155e-06
6.1890833e-06
1.748416e-05
5.724902e-06
1.6981297e-05
2.3286426e-05
2.2512791e-05
1.6865253e-05
1.9340885e-05
1.7213388e-05
1.3770711e-05
8.664717e-06
1.6942617e-05
1.701998e-05
1.0792214e-05
8.239217e-06
2.1352338e-05
1.3886756e-05
7.5816274e-06
2.2590155e-05
8.935489e-06
2.2512791e-05
7.929763e-06
9.360989e-06
1.3190484e-05
5.5701753e-06
5.6281977e-05
1.5434027e-05
3.864309e-05
1.0985623e-05
2.9514193e-05
3.214455e-05
1.9611658e-05
1.8876704e-05
2.336379e-05
3.4620185e-05
4.2008403e-05
1.0676169e-05
3.1796415e-05
3.6322184e-05
6.370888e-05
2.3131699e-05
2.9166056e-05
2.3557199e-05
2.3479835e-05
1.899275e-05
3.1796415e-05
8.4442305e-05
2.6729103e-05
1.547271e-05
1.1217714e-05
1.2532894e-05
8.74208e-06
1.0908259e-05
2.3286426e-05
2.9204737e-05
1.9921112e-05
2.4060062e-05
1.5124573e-05
2.5065789e-05
1.744548e-05
1.6517117e-05
2.0423975e-05
4.9822123e-05
7.055555e-05
2.4601606e-05
2.901133e-05
2.0037158e-05
3.102278e-05
8.277899e-06
2.3325108e-05
1.0057261e-05
2.2435428e-05
3.229928e-05
2.1971246e-05
0.00016083881
2.8431103e-05
2.0037158e-05
3.995827e-05
2.0501338e-05
1.9340885e-05
1.748416e-05
1.5898207e-05
1.4428301e-05
8.935489e-06
6.11172e-06
1.2997075e-05
1.9727704e-05
1.725207e-05
9.6704425e-06
1.9070114e-05
3.6786365e-05
3.9029906e-05
4.065454e-05
2.533656e-05
3.0597283e-05
7.098105e-05
2.4562925e-05
2.4253472e-05
4.6882305e-05
6.2316336e-05
8.7033986e-05
6.753837e-05
6.3631516e-05
0.0012664412
0.0001421942
2.5607333e-05
7.272173e-06
3.0597283e-05
9.593079e-06
1.1179032e-05
2.2358065e-05
3.2647415e-05
1.2532894e-05
2.2551472e-05
9.051535e-06
5.105994e-05
5.152412e-05
1.1372441e-05
1.0289351e-05
4.6611534e-05
1.5975571e-05
8.3165805e-06
1.1140351e-05
1.7290751e-05
1.0134624e-05
9.82517e-06
1.7832297e-05
1.6323707e-05
5.4541297e-06
7.310855e-06
1.3151803e-05
0.00016033594
1.4931164e-05
7.5429457e-06
7.078764e-06
0.0001336842
6.1504015e-06
1.42735735e-05
1.5395344e-05
1.8219114e-05
1.856725e-05
1.5008527e-05
2.8237693e-05
2.1739155e-05
1.9689021e-05
1.7136024e-05
2.6342286e-05
2.1004202e-05
2.552997e-05
1.7638888e-05
4.6340763e-05
2.4098743e-05
1.4157528e-05
3.233796e-05
2.096552e-05
5.067312e-05
2.2164655e-05
2.4795016e-05
9.902534e-06
3.1254873e-05
1.5627436e-05
3.129355e-05
1.2416849e-05
6.28192e-05
1.6555798e-05
3.9648818e-05
1.2726303e-05
2.2474109e-05
1.9689021e-05
2.9746283e-05
2.378929e-05
1.725207e-05
1.9921112e-05
6.3438106e-06
2.096552e-05
1.2610258e-05
1.0057261e-05
4.340095e-05
2.4640289e-05
3.3150278e-05
7.488791e-05
3.0713327e-05
2.9552873e-05
5.4657343e-05
3.2879507e-05
9.863852e-06
1.0560124e-05
4.3323584e-05
5.608857e-06
6.3283376e-05
7.465582e-06
5.8409474e-05
9.515716e-06
5.0286304e-05
1.1991349e-05
2.1313655e-05
1.9108795e-05
2.2938291e-05
9.322307e-06
1.2146076e-05
7.8524e-06
1.856725e-05
6.8466734e-06
2.2280701e-05
1.2532894e-05
9.360989e-06
5.067312e-06
1.462171e-05
1.0173306e-05
1.8064387e-05
1.1991349e-05
5.194962e-05
3.3730506e-05
2.2164655e-05
1.4737755e-05
1.5163255e-05
0.000117785996
0.99100775
0.0
0.0
3.86834e-08
0.0
0.0
0.0
1.93417e-08
0.00019622155
3.86834e-08
7.73668e-08
1.353919e-07
6.963012e-07
1.740753e-07
5.995927e-07
3.674923e-07
3.709738e-05
2.321004e-07
9.67085e-08
9.67085e-08
1.93417e-07
2.707838e-07
1.3152356e-06
8.123514e-07
0.00019074784
2.707838e-07
6.382761e-07
1.2572104e-06
1.4312858e-06
9.284016e-07
1.8954865e-06
3.86834e-07
3.6807254e-05
9.67085e-08
2.1275869e-07
1.740753e-07
2.4950793e-06
9.67085e-08
5.028842e-07
8.5103477e-07
3.709738e-05
1.160502e-07
2.321004e-07
3.86834e-08
1.740753e-07
1.740753e-07
7.73668e-08
7.73668e-08
3.4989134e-05
3.86834e-07
6.576178e-07
7.349846e-07
4.642008e-07
2.1275869e-07
7.349846e-07
2.9012548e-07
1.93417e-08
2.1275869e-07
4.2551738e-07
1.160502e-07
1.547336e-07
0.0
1.353919e-07
7.73668e-08
6.5800465e-05
1.4893109e-06
1.4893109e-06
1.2185271e-06
1.798778e-06
9.284016e-07
6.189344e-06
5.086867e-06
6.730911e-05
8.316931e-07
1.9921952e-06
5.609093e-07
1.0444518e-06
5.609093e-07
5.415676e-07
1.605361e-06
2.1121135e-05
7.73668e-07
6.576178e-07
1.2572104e-06
5.415676e-07
1.8026465e-05
7.73668e-07
1.160502e-07
3.2281296e-05
2.9012548e-07
2.514421e-07
7.930097e-07
7.73668e-07
0.0
1.3732607e-06
1.93417e-07
0.00014757717
2.0889036e-06
4.5259576e-06
2.2823206e-06
6.402103e-06
4.042415e-06
1.649847e-05
7.3111623e-06
6.2183564e-05
9.245333e-06
1.93417e-06
1.7214113e-06
2.9399384e-06
1.9148283e-06
2.5337627e-06
4.0810987e-06
8.44652e-05
6.053952e-06
4.197149e-06
3.8103149e-06
4.719375e-06
3.9515093e-05
1.1566336e-05
1.13922615e-05
0.00011316829
6.4601277e-06
6.963012e-06
3.288089e-06
3.7716316e-06
2.8432298e-06
7.794705e-06
6.8856452e-06
4.0927036e-05
2.4370543e-06
2.2629788e-06
2.6111295e-06
5.995927e-06
5.1835755e-06
2.0115367e-05
1.3094331e-05
4.6961646e-05
1.5454018e-05
3.6168979e-06
3.597556e-06
1.8761449e-06
2.810349e-05
3.152697e-06
2.6691546e-06
5.3189673e-05
3.6362396e-06
3.4428226e-06
4.2358324e-06
7.3111623e-06
6.1506607e-06
2.5995245e-05
1.6247028e-05
4.382829e-05
6.247369e-06
6.7115698e-06
1.2204612e-05
2.1856122e-06
1.8181198e-06
2.2049537e-06
2.6498128e-06
9.189241e-05
7.543263e-06
5.2029172e-06
4.583983e-06
2.0057343e-05
1.2765522e-05
3.4892426e-05
2.7271797e-05
4.7367823e-05
3.481506e-06
4.8547668e-06
2.5917877e-06
1.0637935e-05
4.5452994e-06
2.4621984e-05
1.4583642e-05
9.7211385e-05
1.7833047e-05
1.2320663e-05
1.0463859e-05
1.6575837e-05
1.570546e-05
2.6130636e-05
1.9651166e-05
5.9881902e-05
1.0444518e-05
1.32103805e-05
8.556768e-05
1.4022732e-05
1.0792669e-05
1.081201e-05
1.51058675e-05
5.3944e-05
7.930097e-06
9.632166e-06
1.0483202e-05
1.2958939e-05
1.5937561e-05
2.7020355e-05
1.6305054e-05
2.2030195e-05
3.926365e-06
4.2745155e-06
5.7638267e-06
9.264674e-06
1.9264333e-05
9.419407e-06
9.516117e-06
0.00022210075
4.5201552e-05
2.344214e-05
2.6362737e-05
9.8236495e-05
6.576178e-05
4.825754e-05
4.746453e-05
0.00024223544
5.3789267e-05
6.111977e-05
4.2280957e-05
9.320765e-05
4.924397e-05
6.384695e-05
0.00012463791
0.00060351903
0.00019711127
0.00015345705
0.00010115709
0.00027223444
0.00016833081
0.00016045875
0.00023099792
0.0008425825
0.00022312585
0.0003026589
0.00014289648
0.00024813466
0.00030981534
0.00019436474
0.0001668415
3.516321e-05
3.5337285e-05
3.6033587e-05
3.810315e-05
3.6691206e-05
4.038547e-05
3.4853743e-05
3.6401078e-05
4.34608e-05
3.6091613e-05
3.7136062e-05
4.0462837e-05
3.4853743e-05
3.4408884e-05
3.949575e-05
3.5298603e-05
1097.0
13.046491
14312.0
0.01313583
0.0034237003
0.0026551145
0.002864729
0.0077557294
0.0066377865
0.0035634432
0.0035634432
0.0037730576
0.0029346002
0.0030743433
0.0031442146
0.002864729
0.0045416434
0.007196758
0.003842929
0.004611515
0.0044019003
0.0055198437
0.0055198437
0.0045416434
0.002724986
0.007685858
0.0026551145
0.003703186
0.003353829
0.004821129
0.003842929
0.003703186
0.002724986
0.0036333147
0.0030044718
0.0057993294
0.015511459
0.035424817
0.009642258
0.007825601
0.00971213
0.006917272
0.0072666295
0.004821129
0.006777529
0.0031442146
0.0051704864
0.006078815
0.004960872
0.0077557294
0.0050307433
0.01020123
0.004611515
0.008873672
0.017188374
0.008524315
0.09970654
0.006987144
0.005449972
0.003982672
0.003353829
0.003703186
0.0031442146
0.0064281723
0.003703186
0.0035634432
0.012716602
0.003353829
0.023546673
0.0066377865
0.01802683
0.016839016
0.062534936
0.013415316
0.011808272
0.009362772
0.02627166
0.003703186
0.005310229
0.025572946
0.011319173
0.022149246
0.024245389
0.01704863
0.044997204
0.03591392
0.022009503
0.04003633
0.013485188
0.008873672
0.0060089435
0.008314701
0.0111794295
0.003493572
0.002724986
0.006567915
0.003353829
0.003353829
0.0031442146
5.8808484
1.0
3.0
0.0
7.0
25851966.0
204800.0
0.0
0.0
5.0
0.0
1.0
0.0
0.0
0.0
1279145100.0
0.0
0.0
0.0
0.0
0.0
1.0
0.0
0.0
0.0
0.0
0.0
0.0
-1.0
0.0
-1.0
-1.0
0.0
0.0
0.0
0.0
0.0
0.0
0.0
0.0
0.0
0.0
0.0
0.0
-1.0
0.0
0.0
0.0
0.0
0.0
0.0
0.0
0.0
0.0
0.0
0.0
0.0
-1.0
0.0
0.0
0.0
0.0
0.0
0.0
0.0
0.0
0.0
0.0
6.0
0.0
4.0
0.0
4.0
0.0
20480.0
4096.0
4096.0
4.0
0.0
0.0
1.0
2.0
0.0
0.0
0.0
0.0
0.0
0.0
0.0
0.0
-2048.0
0.0
0.0
0.0
0.0
0.0
0.0
0.0
0.0
0.0
0.0
0.0
0.0
0.0
0.0
0.0
0.0
0.0
0.0
0.0
0.0
0.0
0.0
0.0
-170388.0
0.0
0.0
-19176.0
0.0
0.0
0.0
0.0
0.0
0.0
0.0
1944.0
0.0
0.0
0.0
0.0
0.0
0.0
0.0
0.0
0.0
0.0
0.0
0.0
0.0
0.0
-4.070776
0.0
0.0
0.0
0.0
0.0
0.0
0.0
0.0
0.0
0.0
0.0
0.0
0.0
0.0
0.0
0.0
0.0
0.0
0.0
0.0
0.0
0.0
0.0
-6.6067324
0.0
0.0
-6.1930413
0.0
0.0
0.0
0.0
0.0
0.0
0.0
4.126415
0.0
0.0
0.0
0.0
0.0
0.0
0.0
0.0
0.0
0.0
0.0
0.0
0.0
0.0
-4096.0
0.0
0.0
0.0
0.0
0.0
0.0
0.0
0.0
0.0
0.0
0.0
0.0
0.0
0.0
0.0
0.0
0.0
0.0
0.0
0.0
0.0
0.0
0.0
-170388.0
0.0
0.0
-19176.0
0.0
0.0
0.0
0.0
0.0
0.0
0.0
1944.0
0.0
0.0
0.0
0.0
0.0
0.0
0.0
0.0
0.0
0.0
0.0
0.0
0.0
0.0
0.0
0.0
0.0
0.0
0.0
0.0
0.0
0.0
0.0
1.0
0.0
0.0
0.0
0.0
0.0
0.0
0.0
0.0
0.0
0.0
0.0
0.0
0.0
-1.0
0.0
0.0
0.0
0.0
1.0
0.0
0.0
0.0
0.0
0.0
1.0
0.0
0.0
0.0
0.0
0.0
0.0
0.0
0.0
0.0
0.0
0.0
0.0
0.0
0.0
0.0
0.0
0.0
0.0
0.0
0.0
-1.0
0.0
0.0
0.0
0.0
0.0
0.0
0.0
0.0
0.0
1.0
0.0
0.0
0.0
0.0
1.0
0.0
0.0
0.0
0.0
0.0
0.0
0.0
0.0
0.0
0.0
0.0
0.0
0.0
0.0
0.0
0.0
0.0
0.0
0.0
0.0
0.0
0.0
0.0
0.0
0.0
0.0
0.0
0.0
0.0
0.0
0.0
0.0
0.0
0.0
0.0
0.0
0.0
0.0
0.0
0.0
0.0
0.0
0.0
0.0
0.0
0.0
0.0
0.0
0.0
0.0
0.0
-1.0
0.0
0.0
0.0
0.0
0.0
0.0
0.0
0.0
0.0
0.0
0.0
0.0
0.0
0.0
0.0
0.0
0.0
0.0
0.0
0.0
-1.0
0.0
0.0
0.0
0.0
0.0
0.0
0.0
0.0
0.0
0.0
0.0
0.0
0.0
0.0
0.0
0.0
-1.0
0.0
0.0
0.0
0.0
0.0
0.0
0.0
0.0
0.0
0.0
0.0
0.0
0.0
0.0
0.0
0.0
0.0
0.0
0.0
0.0
0.0
0.0
0.0
0.0
0.0
0.0
0.0
0.0
0.0
0.0
0.0
0.0
0.0
0.0
0.0
0.0
0.0
0.0
0.0
0.0
0.0
0.0
0.0
0.0
0.0
0.0
0.0
0.0
1.0
0.0
0.0
0.0
0.0
0.0
0.0
0.0
0.0
0.0
0.0
0.0
0.0
0.0
0.0
0.0
0.0
0.0
0.0
0.0
0.0
0.0
0.0
0.0
0.0
0.0
0.0
0.0
0.0
0.0
0.0
0.0
0.0
0.0
0.0
0.0
0.0
0.0
0.0
0.0
0.0
0.0
0.0
0.0
0.0
0.0
0.0
0.0
0.0
0.0
0.0
0.0
0.0
0.0
0.0
0.0
0.0
0.0
0.0
0.0
0.0
0.0
0.0
0.0
0.0
0.0
0.0
0.0
0.0
0.0
0.0
0.0
0.0
0.0
0.0
0.0
0.0
0.0
0.0
0.0
0.0
0.0
0.0
0.0
1.0
0.0
0.0
0.0
0.0
0.0
0.0
0.0
0.0
0.0
0.0
0.0
0.0
0.0
0.0
0.0
0.0
0.0
0.0
0.0
0.0
0.0
0.0
0.0
0.0
0.0
0.0
0.0
0.0
0.0
0.0
0.0
0.0
0.0
0.0
0.0
0.0
0.0
0.0
0.0
0.0
0.0
0.0
0.0
0.0
0.0
0.0
0.0
0.0
0.0
0.0
0.0
0.0
0.0
0.0
0.0
0.0
0.0
0.0
0.0
0.0
0.0
0.0
0.0
0.0
0.0
0.0
0.0
0.0
0.0
0.0
0.0
1.0
0.0
0.0
0.0
0.0
0.0
0.0
0.0
0.0
0.0
0.0
0.0
0.0
0.0
0.0
0.0
0.0
0.0
0.0
0.0
0.0
0.0
0.0
0.0
0.0
0.0
0.0
0.0
0.0
0.0
0.0
0.0
0.0
0.0
0.0
0.0
0.0
0.0
0.0
0.0
0.0
0.0
0.0
0.0
0.0
0.0
0.0
0.0
0.0
0.0
0.0
0.0
0.0
0.0
0.0
0.0
0.0
0.0
0.0
0.0
0.0
0.0
0.0
0.0
0.0
0.0
0.0
0.0
0.0
0.0
0.0
0.0
0.0
0.0
0.0
0.0
0.0
0.0
0.0
0.0
0.0
0.0
0.0
0.0
0.0
0.0
0.0
0.0
0.0
0.0
0.0
0.0
0.0
0.0
0.0
0.0
0.0
0.0
0.0
0.0
0.0
0.0
0.0
0.0
0.0
0.0
0.0
0.0
0.0
0.0
0.0
0.0
0.0
0.0
0.0
0.0
0.0
0.0
0.0
0.0
0.0
0.0
0.0
0.0
0.0
0.0
0.0
0.0
0.0
0.0
0.0
0.0
0.0
0.0
0.0
0.0
0.0
0.0
0.0
0.0
0.0
0.0
0.0
0.0
0.0
0.0
0.0
0.0
0.0
0.0
0.0
0.0
0.0
0.0
0.0
0.0
0.0
0.0
0.0
0.0
0.0
0.0
0.0
0.0
0.0
0.0
0.0
0.0
0.0
0.0
0.0
0.0
0.0
0.0
0.0
0.0
0.0
0.0
0.0
0.0
0.0
0.0
0.0
0.0
0.0
0.0
0.0
0.0
0.0
0.0
0.0
0.0
0.0
0.0
0.0
0.0
0.0
0.0
0.0
0.0
0.0
0.0
0.0
0.0
0.0
0.0
0.0
0.0
0.0
0.0
0.0
0.0
0.0
0.0
0.0
0.0
0.0
0.0
0.0
0.0
0.0
0.0
0.0
0.0
0.0
0.0
0.0
0.0
0.0
0.0
0.0
0.0
0.0
0.0
0.0
0.0
0.0
0.0
0.0
0.0
0.0
0.0
0.0
0.0
0.0
0.0
0.0
0.0
0.0
0.0
0.0
0.0
0.0
0.0
0.0
0.0
0.0
0.0
0.0
0.0
0.0
0.0
0.0
0.0
0.0
0.0
0.0
0.0
0.0
0.0
0.0
0.0
0.0
0.0
0.0
0.0
0.0
0.0
0.0
0.0
0.0
0.0
0.0
0.0
0.0
0.0
0.0
0.0
0.0
0.0
0.0
0.0
0.0
0.0
0.0
0.0
0.0
0.0
0.0
0.0
0.0
0.0
0.0
0.0
0.0
0.0
0.0
0.0
0.0
0.0
0.0
0.0
0.0
0.0
0.0
0.0
0.0
0.0
0.0
0.0
0.0
0.0
0.0
0.0
-1.0
0.0
0.0
0.0
0.0
0.0
0.0
0.0
0.0
0.0
0.0
0.0
0.0
0.0
0.0
0.0
0.0
0.0
0.0
0.0
0.0
0.0
0.0
0.0
0.0
0.0
0.0
0.0
0.0
0.0
0.0
0.0
0.0
0.0
0.0
0.0
0.0
0.0
0.0
0.0
0.0
0.0
0.0
0.0
0.0
0.0
0.0
0.0
0.0
0.0
0.0
0.0
0.0
0.0
0.0
0.0
0.0
0.0
0.0
0.0
0.0
0.0
0.0
0.0
0.0
0.0
0.0
0.0
0.0
0.0
0.0
0.0
0.0
0.0
0.0
0.0
0.0
0.0
0.0
0.0
0.0
0.0
0.0
0.0
0.0
0.0
0.0
0.0
0.0
0.0
0.0
0.0
0.0
0.0
0.0
0.0
0.0
0.0
0.0
0.0
0.0
0.0
0.0
0.0
0.0
0.0
0.0
0.0
0.0
0.0
0.0
0.0
0.0
0.0
0.0
0.0
0.0
0.0
0.0
0.0
0.0
0.0
0.0
0.0
0.0
0.0
0.0
0.0
0.0
0.0
0.0
0.0
0.0
0.0
0.0
0.0
0.0
0.0
0.0
0.0
0.0
0.0
0.0
0.0
0.0
0.0
0.0
0.0
0.0
0.0
0.0
0.0
0.0
0.0
0.0
0.0
0.0
0.0
0.0
0.0
0.0
0.0
0.0
0.0
0.0
0.0
0.0
0.0
0.0
0.0
0.0
0.0
0.0
0.0
0.0
0.0
0.0
0.0
0.0
0.0
0.0
0.0
0.0
0.0
0.0
0.0
0.0
0.0
0.0
0.0
0.0
0.0
0.0
0.0
0.0
0.0
0.0
0.0
0.0
0.0
0.0
0.0
0.0
0.0
0.0
0.0
0.0
0.0
0.0
0.0
0.0
0.0
0.0
0.0
0.0
0.0
0.0
0.0
0.0
0.0
0.0
0.0
0.0
0.0
0.0
0.0
0.0
0.0
0.0
0.0
0.0
0.0
0.0
0.0
0.0
0.0
0.0
0.0
0.0
0.0
0.0
0.0
0.0
0.0
0.0
0.0
0.0
0.0
0.0
0.0
0.0
0.0
0.0
0.0
0.0
0.0
0.0
0.0
0.0
-1.0
0.0
0.0
0.0
0.0
0.0
0.0
0.0
0.0
0.0
0.0
0.0
0.0
0.0
0.0
0.0
0.0
0.0
0.0
0.0
0.0
0.0
0.0
0.0
0.0
0.0
0.0
0.0
0.0
0.0
0.0
0.0
0.0
0.0
0.0
0.0
0.0
0.0
0.0
0.0
0.0
0.0
0.0
0.0
0.0
0.0
0.0
0.0
0.0
0.0
0.0
0.0
0.0
0.0
0.0
0.0
0.0
0.0
0.0
0.0
0.0
0.0
0.0
0.0
0.0
0.0
0.0
0.0
0.0
0.0
0.0
0.0
0.0
0.0
0.0
0.0
0.0
0.0
0.0
0.0
0.0
0.0
0.0
0.0
0.0
0.0
0.0
0.0
0.0
0.0
0.0
0.0
0.0
0.0
0.0
0.0
0.0
0.0
0.0
0.0
0.0
0.0
0.0
0.0
0.0
0.0
0.0
0.0
0.0
0.0
0.0
0.0
0.0
0.0
0.0
0.0
0.0
0.0
0.0
0.0
0.0
0.0
0.0
0.0
0.0
0.0
0.0
0.0
0.0
0.0
0.0
0.0
0.0
0.0
0.0
0.0
0.0
0.0
0.0
0.0
0.0
0.0
0.0
0.0
0.0
0.0
0.0
0.0
0.0
0.0
0.0
0.0
0.0
0.0
0.0
0.0
0.0
0.0
0.0
0.0
0.0
0.0
0.0
0.0
0.0
0.0
0.0
0.0
0.0
0.0
0.0
0.0
0.0
0.0
0.0
0.0
0.0
0.0
0.0
0.0
0.0
0.0
0.0
0.0
0.0
0.0
0.0
0.0
0.0
0.0
0.0
0.0
0.0
0.0
0.0
0.0
0.0
0.0
0.0
0.0
0.0
0.0
0.0
0.0
0.0
0.0
0.0
0.0
0.0
0.0
0.0
0.0
0.0
0.0
0.0
0.0
0.0
0.0
0.0
0.0
0.0
0.0
0.0
0.0
0.0
0.0
0.0
0.0
0.0
0.0
0.0
0.0
0.0
0.0
0.0
0.0
0.0
0.0
0.0
0.0
0.0
0.0
0.0
0.0
0.0
0.0
0.0
0.0
0.0
0.0
0.0
0.0
0.0
0.0
0.0
0.0
0.0
0.0
0.0
0.0
0.0
0.0
0.0
0.0
0.0
0.0
0.0
0.0
0.0
0.0
0.0
0.0
0.0
0.0
0.0
0.0
0.0
0.0
0.0
0.0
0.0
0.0
0.0
0.0
0.0
0.0
0.0
0.0
0.0
0.0
0.0
0.0
0.0
0.0
0.0
0.0
0.0
0.0
0.0
0.0
0.0
0.0
0.0
0.0
0.0
0.0
0.0
0.0
0.0
0.0
0.0
0.0
0.0
0.0
0.0
0.0
0.0
0.0
0.0
0.0
0.0
0.0
0.0
0.0
0.0
0.0
0.0
0.0
0.0
0.0
0.0
0.0
0.0
0.0
0.0
0.0
0.0
0.0
0.0
0.0
0.0
0.0
1.0
0.0
0.0
0.0
0.0
0.0
0.0
0.0
0.0
0.0
0.0
0.0
0.0
0.0
0.0
0.0
0.0
0.0
0.0
0.0
0.0
0.0
0.0
0.0
0.0
0.0
0.0
0.0
0.0
0.0
0.0
0.0
0.0
0.0
0.0
0.0
0.0
0.0
0.0
0.0
0.0
0.0
0.0
-1.0
0.0
0.0
0.0
0.0
0.0
0.0
0.0
0.0
0.0
0.0
0.0
0.0
0.0
0.0
0.0
0.0
0.0
0.0
0.0
0.0
0.0
0.0
0.0
0.0
0.0
0.0
0.0
0.0
0.0
0.0
0.0
0.0
0.0
0.0
0.0
0.0
0.0
0.0
0.0
0.0
0.0
0.0
0.0
0.0
0.0
0.0
0.0
0.0
0.0
0.0
0.0
0.0
0.0
0.0
0.0
0.0
0.0
0.0
0.0
0.0
0.0
0.0
0.0
0.0
0.0
0.0
0.0
0.0
0.0
0.0
0.0
0.0
0.0
0.0
0.0
0.0
0.0
0.0
0.0
0.0
0.0
0.0
0.0
0.0
0.0
0.0
0.0
0.0
0.0
0.0
0.0
0.0
0.0
0.0
0.0
0.0
0.0
0.0
0.0
0.0
0.0
0.0
0.0
0.0
0.0
0.0
0.0
0.0
0.0
0.0
0.0
0.0
0.0
0.0
0.0
0.0
0.0
0.0
0.0
0.0
0.0
0.0
0.0
0.0
0.0
0.0
0.0
0.0
0.0
0.0
0.0
0.0
0.0
0.0
0.0
0.0
0.0
0.0
0.0
0.0
0.0
0.0
0.0
0.0
0.0
0.0
0.0
0.0
0.0
0.0
0.0
0.0
0.0
0.0
0.0
0.0
0.0
0.0
0.0
0.0
0.0
0.0
0.0
0.0
0.0
0.0
0.0
0.0
120.0
200704.0
1944.0
196608.0
0.0
0.0
0.0
0.0
0.0
0.0
0.0
0.0
0.0
0.0
0.0
0.0
0.0
0.0
0.0
0.0
0.0
0.0
328.0
4096.0
64.0
20328.0
0.0
0.0
