0.018471468
0.0076349173
0.005435985
0.0063269506
0.0064142216
0.005932224
0.007214995
0.0069382116
0.0042937966
0.0031154582
0.004960195
0.005181841
0.0048546665
0.0036701208
0.006559186
0.0074625667
0.0054626414
0.006951357
0.0067340927
0.0062378542
0.006325125
0.0068213637
0.007015988
0.006588398
0.0037091917
0.0035678789
0.0046881586
0.0049930583
0.003459064
0.004104649
0.006577809
0.0072496845
0.006829762
0.007898921
0.00723946
0.0074329893
0.009548668
0.008802301
0.0059114103
0.006792882
0.007427512
0.0077181715
0.007550933
0.007395014
0.008898701
0.009764836
0.007113118
0.007782803
0.0068188077
0.008727445
0.0062148497
0.0075841616
0.008977208
0.010027014
0.005421744
0.006353972
0.007967204
0.008932294
0.008036582
0.0064295577
0.008462347
0.009365362
0.0071934513
0.006260128
0.0056674904
0.0040787235
0.0037873338
0.003575912
0.0028978288
0.0026382073
0.0027218268
0.0032983983
0.0036003771
0.004438761
0.0019367546
0.002883588
0.0014898112
0.0029109742
0.002593294
0.0023720132
0.005430143
0.0031264126
0.00381472
0.003244721
0.0023464528
0.0019499
0.0019699833
0.0036865524
0.0030303784
0.0039377757
0.0015314383
0.0029452983
0.0021952807
0.0024392006
0.0021175037
0.0014372297
0.0062455223
0.006817347
0.009891909
0.0062630493
0.00498539
0.004377781
0.008759579
0.0055769333
0.008252386
0.008278676
0.0075052893
0.008705537
0.0066417097
0.00552143
0.0060235113
0.008383109
0.0072730538
0.0069637722
0.011106397
0.006705611
0.0057292003
0.0053706234
0.008896145
0.006191115
0.008447376
0.007960631
0.0071591274
0.009100629
0.0077273003
0.005820853
0.0062268996
0.009357695
0.0020904827
0.0020225649
0.001057839
0.0025586048
0.0018188112
0.0018188112
0.0015339943
0.0019166714
0.0015237702
0.0022263185
0.0015694139
0.0019524561
0.0018297657
0.0024286113
0.0019553772
0.0013828223
0.0013872042
0.001728254
0.0017826614
0.0023438965
0.0014291963
0.0013773451
0.0013740588
0.0010571087
0.001591688
0.0020013861
0.0022442108
0.0018385292
0.0008949822
0.0018447369
0.0019568377
0.001957203
0.0023643451
0.002142699
0.0024742552
0.0017651342
0.0021386824
0.002561526
0.0024129099
0.0022748832
0.0020970553
0.0017461464
0.0020006557
0.0021558446
0.003626668
0.002834658
0.0026831208
0.0027137934
0.0018418157
0.0023150498
0.0024877656
0.0010972752
0.0019254349
0.001674577
0.0029405514
0.0030139466
0.002720366
0.0018275748
0.0019184971
0.0022872984
0.0021562097
0.0021120266
0.0021500022
0.0031899489
0.0016439045
0.0015496959
0.0020999766
0.001435404
0.0017103617
0.0015011309
0.0016008167
0.000945738
0.0015664927
0.0015102596
0.0015347246
0.0023409755
0.0012148534
0.0016260121
0.0010987357
0.0009471986
0.0025461896
0.0012853274
0.0022223017
0.0016643528
0.0018651852
0.0010056226
0.0014072873
0.001335718
0.001910829
0.0032177002
0.0023092073
0.0016942951
0.0021686247
0.0011670188
0.0013196514
0.001079748
0.00078397663
0.0013631042
0.0017275237
0.0011158978
0.0017534494
0.001055283
0.0011907535
0.001126122
0.002754325
0.0015832896
0.0007014528
0.0024428521
0.0009756803
0.0010739056
0.0015328989
0.00121887
0.0013572618
0.001489446
0.0010640465
0.00071971025
0.00072117086
0.0012298246
0.0012225215
0.0010739056
0.002457093
0.0007715615
0.0010980055
0.0007814206
0.0022924105
0.0011841808
0.0016994072
0.005574377
0.0018705574
0.0
0.0
0.0
0.0
0.0
0.0
0.0
0.0
0.0
0.0
0.0
0.0
0.0
0.0
0.0
0.00072776375
1.0960298e-06
3.6534325e-07
2.922746e-06
1.461373e-06
3.2880891e-06
6.5761783e-06
4.0187756e-06
3.6534325e-07
0.0
0.0
3.6534325e-07
0.0
0.0
0.0
0.0
0.0
0.0
0.0
0.0
0.0
0.0
0.0
0.0
0.0
0.0
0.0
0.0
0.0
0.0
0.0
0.0
0.0006291211
2.0093878e-06
7.1241934e-06
2.2285938e-05
3.6351652e-05
3.470761e-06
2.8679446e-05
1.3152357e-05
1.6440446e-06
7.306865e-07
3.6534325e-07
1.461373e-06
0.0
5.480149e-07
1.2787013e-06
0.0
0.0
0.0
0.0
0.0
0.0
0.0
0.0
0.0
0.0
0.0
0.0
0.0
0.0
0.0
0.0
0.0
0.0020941475
5.6628203e-05
7.453002e-05
0.00028496774
0.00072283164
2.7948758e-05
1.4431058e-05
1.1690984e-05
5.0965384e-05
3.2880891e-06
3.6534325e-06
3.6534325e-06
3.836104e-06
6.0281636e-06
1.2787013e-06
7.1241934e-06
0.00023217563
0.0
0.0
2.922746e-06
1.6805789e-05
3.1054176e-05
5.9368278e-05
3.178486e-05
0.0
0.0
0.0
0.0
0.0
0.0
0.0
0.0
0.0008881494
1.1508312e-05
1.4065715e-05
0.000108689615
0.00025902837
2.4477997e-05
7.215529e-05
5.608019e-05
8.950909e-06
7.85488e-06
2.2285938e-05
4.932134e-06
4.384119e-06
2.3747311e-06
4.5667907e-06
6.941522e-06
0.0009186556
4.731195e-05
7.416468e-05
0.00012531273
0.00041064582
0.000356575
0.000367718
0.00018595971
2.0641894e-05
4.932134e-06
1.004694e-05
5.845492e-06
3.160219e-05
3.5072953e-05
8.402894e-06
1.589243e-05
0.0014712373
0.0003300876
0.001155946
0.0011669063
0.0009975698
0.00089710037
0.0012704812
0.0007929775
4.256249e-05
1.1873655e-05
0.00036716997
0.00036607395
1.808449e-05
2.3381968e-05
1.8449835e-05
4.8773323e-05
0.060375165
0.059575062
0.09457604
0.094430454
0.004573732
0.0046904595
0.08873493
0.08900985
7.343399e-05
5.754156e-05
0.00059587485
0.0005836358
7.946216e-05
7.471269e-05
4.8773323e-05
8.914375e-05
0.0010379402
0.00040607902
0.00071369804
0.0006857493
0.0010242398
0.0010706384
0.0004415173
0.00035383494
0.00014303188
7.1424605e-05
0.00024551066
0.0002272435
9.352787e-05
7.215529e-05
5.6628203e-05
9.07878e-05
0.001792922
0.00079023745
0.0011248918
0.0010982217
0.0019575092
0.0020773418
0.00069871894
0.0007505977
0.0005355932
0.00017682613
0.00045412165
0.00044571876
0.0003476241
0.00026523918
0.00033849053
0.0009880709
0.0068799616
0.0027526787
0.0025208683
0.002643441
0.0061489097
0.0059883413
0.0050631096
0.005563995
0.003010611
0.0012819895
0.003037281
0.003426189
0.0029653085
0.0021507756
0.0026987905
0.006344368
0.0063940547
0.005991447
0.004179344
0.0042412695
0.009516461
0.009387678
0.0021882234
0.0021723309
0.0031998588
0.0027486598
0.009048091
0.009033842
0.0053283484
0.005317388
0.0016603024
0.0018972275
0.01907932
0.020544529
0.019694375
0.018002471
0.025222385
0.020629289
0.013320598
0.02111556
0.022581136
0.022427874
0.024204904
0.021561645
0.015457856
0.020245861
0.017544879
0.015239745
89738.0
8.239654
739410.0
0.013917853
0.016509108
0.011184593
0.014142357
0.01885963
0.017526135
0.010210844
0.01281968
0.015448804
0.0154312225
0.015532655
0.013666302
0.017074425
0.019496625
0.01436145
0.013558107
0.014115308
0.01647665
0.011417211
0.014562963
0.018877214
0.017965676
0.010507026
0.013253811
0.01564761
0.016139895
0.015654374
0.013529706
0.016755251
0.019113889
0.013921911
0.013244344
0.005496274
0.0042412193
0.004634776
0.004588794
0.002665639
0.001797379
0.0026074843
0.0030591958
0.0038544245
0.0060805236
0.0014538618
0.0030808346
0.0008317442
0.003134932
0.0020137678
0.00091153756
0.006348305
0.0038097943
0.004982351
0.0047835438
0.0028914947
0.0017946741
0.0023302364
0.00322284
0.0039017594
0.0057694647
0.0015850476
0.0029942791
0.0012969801
0.0028671508
0.0018609432
0.0015931621
0.012108303
0.012737182
0.018229399
0.01101013
0.009452131
0.007760241
0.016847216
0.010976319
0.0155867515
0.015227005
0.012121826
0.014983568
0.013383644
0.010985786
0.012055558
0.016770128
0.012420714
0.011475366
0.019012457
0.011517291
0.010201377
0.0061278585
0.016951352
0.01147807
0.015421756
0.014364155
0.012184039
0.015091762
0.012523498
0.010830256
0.011130496
0.015627325
6.3296795
3.0
10.0
0.0
16.0
2738602.0
49152.0
1.0
0.0
90.0
0.0
1.0
0.0
0.0
0.0
1504708200.0
0.0
0.0
0.0
0.0
0.0
1.0
0.0
0.0
0.0
0.0
0.0
0.0
-1.0
0.0
-1.0
-1.0
0.0
0.0
0.0
0.0
0.0
0.0
0.0
0.0
0.0
0.0
0.0
0.0
-1.0
0.0
0.0
0.0
0.0
0.0
0.0
0.0
0.0
0.0
0.0
0.0
0.0
-1.0
0.0
0.0
0.0
0.0
0.0
0.0
0.0
0.0
1.0
0.0
6.0
0.0
4.0
0.0
4.0
0.0
36864.0
4096.0
4096.0
3.0
0.0
0.0
1.0
1.0
0.0
0.0
0.0
0.0
0.0
0.0
0.0
0.0
0.0
0.0
0.0
0.0
0.0
0.0
0.0
0.0
0.0
0.0
0.0
0.0
0.0
0.0
0.0
0.0
0.0
0.0
0.0
0.0
0.0
0.0
0.0
0.0
-4096.0
0.0
0.0
0.0
0.0
0.0
0.0
0.0
0.0
-36864.0
0.0
4096.0
0.0
0.0
0.0
0.0
0.0
0.0
0.0
0.0
0.0
0.0
0.0
0.0
0.0
0.0
0.0
0.0
0.0
0.0
0.0
0.0
0.0
0.0
0.0
0.0
0.0
0.0
0.0
0.0
0.0
0.0
0.0
0.0
0.0
0.0
0.0
0.0
0.0
0.0
0.0
0.0
0.0
0.0
0.0
0.0
0.0
0.0
0.0
-5.660553
0.0
3.3088052
0.0
0.0
0.0
0.0
0.0
0.0
0.0
0.0
0.0
0.0
0.0
0.0
0.0
0.0
0.0
0.0
0.0
0.0
0.0
0.0
0.0
0.0
0.0
0.0
0.0
0.0
0.0
0.0
0.0
0.0
0.0
0.0
0.0
0.0
0.0
0.0
0.0
0.0
-3376.0
0.0
0.0
0.0
0.0
0.0
0.0
0.0
0.0
-36828.0
0.0
2780.0
0.0
0.0
0.0
0.0
0.0
0.0
0.0
0.0
0.0
-1.0
0.0
0.0
0.0
0.0
0.0
1.0
0.0
0.0
0.0
0.0
0.0
0.0
0.0
0.0
0.0
0.0
0.0
0.0
0.0
0.0
0.0
0.0
0.0
0.0
0.0
0.0
0.0
0.0
0.0
0.0
0.0
0.0
0.0
0.0
0.0
-2.0
0.0
0.0
0.0
1.0
0.0
0.0
0.0
0.0
0.0
0.0
0.0
0.0
0.0
0.0
0.0
0.0
0.0
0.0
0.0
0.0
0.0
0.0
0.0
-1.0
0.0
0.0
0.0
0.0
0.0
0.0
0.0
0.0
0.0
1.0
0.0
0.0
0.0
0.0
1.0
0.0
0.0
0.0
0.0
0.0
0.0
0.0
0.0
0.0
0.0
0.0
0.0
0.0
0.0
0.0
0.0
0.0
0.0
0.0
0.0
0.0
0.0
0.0
0.0
0.0
0.0
0.0
0.0
0.0
0.0
0.0
0.0
0.0
0.0
0.0
0.0
0.0
0.0
0.0
0.0
0.0
0.0
0.0
0.0
0.0
0.0
0.0
0.0
0.0
0.0
0.0
0.0
0.0
0.0
0.0
0.0
0.0
0.0
0.0
0.0
0.0
0.0
0.0
0.0
0.0
0.0
0.0
0.0
0.0
0.0
0.0
0.0
0.0
0.0
0.0
0.0
0.0
0.0
0.0
0.0
0.0
0.0
0.0
0.0
0.0
0.0
0.0
0.0
0.0
0.0
0.0
0.0
0.0
0.0
0.0
0.0
0.0
0.0
0.0
0.0
0.0
0.0
0.0
0.0
0.0
0.0
0.0
0.0
0.0
0.0
0.0
0.0
0.0
0.0
0.0
0.0
0.0
0.0
0.0
0.0
0.0
0.0
0.0
0.0
0.0
0.0
0.0
0.0
0.0
0.0
0.0
0.0
0.0
0.0
0.0
0.0
0.0
0.0
0.0
0.0
0.0
0.0
0.0
0.0
0.0
0.0
0.0
0.0
0.0
0.0
0.0
0.0
0.0
0.0
0.0
0.0
0.0
0.0
0.0
0.0
0.0
0.0
0.0
0.0
0.0
0.0
0.0
0.0
0.0
0.0
0.0
0.0
0.0
0.0
0.0
0.0
0.0
0.0
0.0
0.0
0.0
0.0
0.0
-1.0
0.0
0.0
0.0
0.0
0.0
0.0
0.0
0.0
0.0
0.0
0.0
0.0
0.0
0.0
0.0
0.0
0.0
0.0
0.0
0.0
0.0
0.0
0.0
0.0
0.0
0.0
0.0
0.0
0.0
0.0
0.0
0.0
0.0
0.0
0.0
0.0
0.0
0.0
0.0
0.0
0.0
0.0
0.0
0.0
0.0
0.0
0.0
0.0
0.0
0.0
0.0
0.0
0.0
0.0
0.0
0.0
0.0
0.0
0.0
0.0
0.0
0.0
0.0
0.0
0.0
0.0
0.0
0.0
0.0
0.0
0.0
0.0
0.0
0.0
0.0
0.0
0.0
0.0
0.0
0.0
0.0
0.0
0.0
0.0
0.0
0.0
0.0
0.0
0.0
0.0
0.0
0.0
0.0
0.0
0.0
0.0
0.0
0.0
0.0
0.0
0.0
0.0
0.0
0.0
-1.0
0.0
0.0
1.0
0.0
0.0
0.0
0.0
0.0
0.0
0.0
1.0
0.0
0.0
0.0
0.0
0.0
0.0
0.0
0.0
0.0
1.0
0.0
0.0
1.0
0.0
0.0
0.0
0.0
0.0
0.0
0.0
0.0
0.0
0.0
0.0
0.0
0.0
0.0
0.0
0.0
0.0
0.0
0.0
0.0
0.0
0.0
0.0
0.0
0.0
0.0
0.0
0.0
-1.0
0.0
0.0
0.0
0.0
0.0
0.0
0.0
0.0
0.0
0.0
0.0
0.0
0.0
0.0
1.0
0.0
0.0
0.0
0.0
0.0
0.0
0.0
1.0
0.0
0.0
0.0
0.0
0.0
0.0
0.0
0.0
1.0
0.0
0.0
0.0
0.0
0.0
0.0
1.0
0.0
0.0
0.0
0.0
0.0
0.0
0.0
0.0
0.0
0.0
0.0
0.0
0.0
0.0
0.0
0.0
0.0
0.0
0.0
0.0
0.0
0.0
0.0
0.0
0.0
0.0
0.0
0.0
0.0
0.0
0.0
0.0
0.0
0.0
0.0
0.0
0.0
0.0
0.0
0.0
0.0
0.0
0.0
0.0
0.0
0.0
0.0
0.0
0.0
0.0
0.0
0.0
0.0
0.0
0.0
-1.0
1.0
0.0
0.0
0.0
0.0
0.0
0.0
0.0
-1.0
0.0
0.0
0.0
0.0
0.0
0.0
0.0
0.0
0.0
0.0
0.0
0.0
-1.0
0.0
0.0
0.0
0.0
0.0
0.0
0.0
0.0
0.0
0.0
0.0
0.0
0.0
0.0
0.0
0.0
0.0
0.0
0.0
0.0
0.0
0.0
0.0
0.0
0.0
0.0
0.0
0.0
0.0
0.0
0.0
0.0
0.0
0.0
0.0
0.0
0.0
0.0
0.0
0.0
1.0
0.0
0.0
0.0
0.0
0.0
1.0
0.0
0.0
0.0
0.0
0.0
0.0
0.0
1.0
0.0
0.0
0.0
0.0
0.0
0.0
0.0
0.0
0.0
0.0
0.0
0.0
0.0
1.0
0.0
0.0
0.0
0.0
0.0
0.0
0.0
0.0
0.0
0.0
0.0
0.0
-1.0
1.0
0.0
0.0
0.0
0.0
0.0
0.0
0.0
0.0
0.0
0.0
0.0
0.0
0.0
0.0
0.0
0.0
0.0
0.0
0.0
0.0
1.0
0.0
0.0
0.0
0.0
0.0
-1.0
-1.0
0.0
0.0
0.0
0.0
0.0
0.0
0.0
0.0
-1.0
0.0
0.0
0.0
0.0
0.0
0.0
0.0
0.0
0.0
-1.0
1.0
0.0
0.0
0.0
0.0
-1.0
0.0
-1.0
0.0
0.0
0.0
0.0
0.0
0.0
0.0
0.0
0.0
0.0
0.0
0.0
0.0
0.0
0.0
0.0
0.0
0.0
0.0
0.0
0.0
0.0
0.0
0.0
0.0
0.0
0.0
0.0
0.0
0.0
0.0
0.0
0.0
0.0
0.0
0.0
0.0
0.0
0.0
0.0
0.0
0.0
1.0
0.0
0.0
0.0
0.0
0.0
0.0
0.0
1.0
0.0
0.0
0.0
0.0
0.0
0.0
0.0
0.0
0.0
0.0
-1.0
0.0
-1.0
0.0
0.0
0.0
0.0
0.0
0.0
0.0
0.0
0.0
0.0
0.0
0.0
0.0
0.0
0.0
0.0
1.0
0.0
0.0
0.0
0.0
0.0
1.0
-1.0
0.0
0.0
0.0
0.0
0.0
0.0
0.0
0.0
-1.0
0.0
0.0
0.0
0.0
0.0
0.0
0.0
0.0
0.0
0.0
0.0
0.0
0.0
0.0
0.0
0.0
0.0
0.0
0.0
0.0
0.0
0.0
0.0
0.0
0.0
0.0
0.0
0.0
0.0
0.0
0.0
0.0
0.0
0.0
0.0
0.0
0.0
1.0
1.0
0.0
0.0
0.0
0.0
0.0
0.0
0.0
0.0
0.0
0.0
0.0
0.0
0.0
0.0
0.0
0.0
0.0
0.0
0.0
0.0
0.0
0.0
0.0
0.0
0.0
0.0
0.0
0.0
0.0
0.0
0.0
0.0
0.0
0.0
0.0
0.0
0.0
0.0
0.0
0.0
0.0
0.0
0.0
0.0
0.0
0.0
0.0
0.0
0.0
0.0
0.0
0.0
0.0
0.0
0.0
0.0
-1.0
0.0
0.0
1.0
0.0
0.0
0.0
0.0
0.0
0.0
0.0
0.0
0.0
0.0
0.0
0.0
0.0
0.0
0.0
0.0
0.0
0.0
0.0
0.0
0.0
0.0
0.0
0.0
0.0
0.0
0.0
0.0
0.0
0.0
0.0
0.0
0.0
0.0
0.0
0.0
0.0
0.0
0.0
0.0
0.0
0.0
0.0
0.0
0.0
0.0
0.0
0.0
-1.0
0.0
0.0
0.0
0.0
0.0
0.0
0.0
0.0
0.0
0.0
0.0
0.0
0.0
0.0
-1.0
0.0
0.0
2.0
0.0
0.0
0.0
0.0
0.0
0.0
0.0
0.0
0.0
0.0
-1.0
0.0
0.0
0.0
-1.0
0.0
0.0
0.0
0.0
0.0
0.0
0.0
0.0
1.0
0.0
0.0
0.0
0.0
0.0
0.0
0.0
0.0
-1.0
0.0
0.0
0.0
0.0
2.0
0.0
0.0
0.0
0.0
0.0
1.0
1.0
0.0
0.0
0.0
0.0
0.0
0.0
0.0
0.0
0.0
0.0
-1.0
0.0
0.0
0.0
0.0
0.0
0.0
0.0
0.0
0.0
0.0
0.0
0.0
0.0
0.0
0.0
0.0
0.0
0.0
1.0
0.0
0.0
0.0
1.0
0.0
0.0
0.0
0.0
0.0
0.0
0.0
0.0
0.0
0.0
0.0
0.0
0.0
0.0
0.0
0.0
-1.0
0.0
0.0
0.0
0.0
0.0
0.0
0.0
0.0
0.0
0.0
0.0
0.0
0.0
0.0
0.0
0.0
-1.0
0.0
-2.0
0.0
0.0
0.0
0.0
0.0
0.0
0.0
0.0
0.0
0.0
0.0
0.0
0.0
0.0
0.0
0.0
0.0
0.0
0.0
0.0
1.0
0.0
0.0
0.0
0.0
0.0
0.0
0.0
0.0
0.0
0.0
0.0
0.0
0.0
-1.0
0.0
-1.0
0.0
0.0
0.0
1.0
0.0
-1.0
0.0
1.0
0.0
0.0
0.0
0.0
0.0
0.0
0.0
0.0
0.0
0.0
0.0
0.0
0.0
0.0
0.0
0.0
-1.0
0.0
0.0
0.0
0.0
0.0
0.0
0.0
0.0
0.0
0.0
0.0
0.0
0.0
0.0
0.0
0.0
0.0
0.0
0.0
0.0
0.0
0.0
-1.0
0.0
-1.0
0.0
0.0
0.0
0.0
-1.0
0.0
0.0
0.0
-1.0
0.0
0.0
0.0
0.0
0.0
0.0
0.0
-1.0
0.0
0.0
0.0
0.0
0.0
0.0
0.0
0.0
0.0
-1.0
0.0
0.0
0.0
0.0
0.0
0.0
-1.0
0.0
0.0
0.0
0.0
0.0
0.0
0.0
1.0
0.0
0.0
0.0
0.0
0.0
0.0
0.0
0.0
0.0
0.0
1.0
0.0
0.0
0.0
0.0
0.0
0.0
0.0
0.0
0.0
0.0
0.0
1.0
1.0
-2.0
0.0
0.0
0.0
0.0
0.0
0.0
0.0
0.0
0.0
0.0
0.0
0.0
0.0
0.0
-2.0
0.0
0.0
1.0
0.0
0.0
0.0
0.0
0.0
0.0
0.0
0.0
0.0
-1.0
0.0
0.0
0.0
1.0
1.0
0.0
0.0
0.0
0.0
0.0
0.0
0.0
0.0
0.0
0.0
0.0
0.0
0.0
0.0
0.0
0.0
0.0
0.0
0.0
0.0
0.0
0.0
0.0
0.0
0.0
0.0
0.0
0.0
-1.0
-1.0
0.0
0.0
0.0
0.0
0.0
1.0
-1.0
0.0
0.0
0.0
0.0
0.0
0.0
0.0
0.0
0.0
0.0
0.0
0.0
0.0
0.0
0.0
0.0
0.0
0.0
0.0
0.0
0.0
0.0
0.0
0.0
0.0
-1.0
0.0
0.0
0.0
0.0
0.0
0.0
0.0
1.0
0.0
0.0
0.0
0.0
0.0
1.0
0.0
0.0
0.0
0.0
0.0
0.0
0.0
1.0
0.0
0.0
0.0
0.0
0.0
0.0
0.0
0.0
0.0
0.0
0.0
0.0
0.0
0.0
0.0
0.0
-1.0
0.0
0.0
0.0
0.0
0.0
0.0
0.0
0.0
0.0
0.0
0.0
0.0
0.0
0.0
0.0
0.0
1.0
0.0
0.0
0.0
0.0
0.0
0.0
0.0
0.0
0.0
-1.0
0.0
0.0
0.0
0.0
0.0
0.0
0.0
0.0
0.0
0.0
0.0
0.0
0.0
0.0
0.0
0.0
0.0
0.0
0.0
0.0
0.0
0.0
0.0
0.0
0.0
0.0
0.0
0.0
0.0
0.0
0.0
0.0
0.0
0.0
0.0
0.0
0.0
0.0
0.0
0.0
0.0
0.0
0.0
0.0
0.0
0.0
0.0
0.0
0.0
0.0
0.0
0.0
0.0
0.0
0.0
0.0
0.0
0.0
0.0
0.0
0.0
0.0
0.0
0.0
0.0
0.0
0.0
0.0
0.0
0.0
0.0
0.0
0.0
0.0
0.0
0.0
0.0
0.0
0.0
0.0
0.0
0.0
0.0
0.0
0.0
0.0
0.0
0.0
0.0
0.0
0.0
0.0
0.0
0.0
0.0
0.0
0.0
0.0
0.0
0.0
0.0
0.0
0.0
0.0
0.0
0.0
0.0
0.0
0.0
0.0
0.0
0.0
0.0
0.0
0.0
0.0
0.0
0.0
0.0
0.0
0.0
0.0
0.0
0.0
0.0
0.0
0.0
0.0
0.0
0.0
0.0
0.0
0.0
0.0
0.0
0.0
0.0
0.0
0.0
0.0
40.0
38932.0
2780.0
45056.0
0.0
0.0
0.0
0.0
0.0
0.0
28.0
4544.0
0.0
0.0
0.0
0.0
0.0
0.0
0.0
0.0
32.0
568.0
436.0
4096.0
0.0
0.0
0.0
0.0
