0.20572694
0.013198274
0.0072105955
0.015422022
0.025698563
0.00302845
0.0040985025
0.004020628
0.013342486
0.0049551213
0.0014219295
0.0011911903
0.005615612
0.0049176263
0.0006576063
0.0061693857
0.005846351
0.0010815894
0.00048743625
0.0005105102
0.0032822632
0.004782067
0.001173885
0.00045570964
0.0019641663
0.0005595422
0.00056819496
0.0066683586
0.0020074297
0.0008652715
0.00029996078
0.00034322435
0.00208242
0.00032591893
0.00040956182
0.00056242646
0.006186691
0.00084796606
0.0011940746
0.00035764553
0.0012690648
0.00043551996
0.0002797711
0.0007960498
0.0007758601
0.0005797319
0.0007239438
0.0006489536
0.0018718706
0.00062011124
0.0006287639
0.0050012693
0.00090276654
0.0009373774
0.0031640094
0.00080470246
0.0012575279
0.0039023743
0.00096333557
0.002468908
0.00063741667
0.0015546044
0.00034322435
0.0005797319
0.001730543
0.0018834076
0.002494866
0.0028352062
0.0081797
0.028291492
0.0012575279
0.0018314912
0.0015171093
0.0019209026
0.00036052978
0.00048455203
0.0014969197
0.0015546044
0.00066049054
0.00041533032
0.009492028
0.0022612428
0.0014594245
0.007908581
0.0017132375
0.003449549
0.0013555919
0.0015401832
0.0026361938
0.0015603729
0.00044705693
0.0033370636
0.00095179863
0.028135743
0.001344055
0.0014334664
0.0003922564
0.0026217725
0.0006028058
0.0014450033
0.002434297
0.01160329
0.0015978679
0.001185422
0.019030204
0.0032188098
0.009376658
0.000496089
0.0027025312
0.0015026882
0.002287201
0.002370844
0.0022266319
0.00055665796
0.002385265
0.0026909942
0.012503172
0.013645331
0.0005422368
0.0007614389
0.00076720736
0.0011162002
0.00035764553
0.00026823414
0.0012863702
0.002904428
0.00045570964
0.0003547613
0.0044244216
0.004320589
0.0002336233
0.02939904
0.002578509
0.008197005
0.0003403401
0.00026823414
0.0007470177
0.022722028
0.0007499019
0.0498829
0.00047301507
0.004081197
0.00033457164
0.00033745586
0.01654399
0.00025381296
0.00016728582
0.00014998039
0.0013411707
0.00051916286
0.0003691825
0.00019324396
0.0006864487
0.0003086135
0.00020766516
0.00020766516
0.00048743625
0.00028842382
0.00021343362
0.00021054939
0.00057684764
0.0003691825
0.00029996078
0.0013036757
0.0009114193
0.0005220471
0.0001586331
0.00021054939
0.00047013082
0.0002336233
0.00015286462
0.00083642907
0.0005335841
0.0005739634
0.00041244607
0.00034899282
0.0009056508
0.00030572925
0.00022497059
0.00026246568
0.0010556312
0.00040379335
0.00019324396
0.00022208634
0.005041648
0.00251794
0.0003172662
0.0020160824
0.0012546437
0.00032015043
0.00042686725
0.00032015043
0.006561642
0.0028784696
0.0032793789
0.010815893
0.0145827085
0.00034899282
0.0005105102
0.010766861
0.0018747548
0.0016180576
0.0005595422
0.00034610857
0.0018026489
0.0004066776
0.00072105956
0.0003691825
0.0021804841
0.0007931655
0.00060857425
0.0005364683
0.001525762
0.0003403401
0.0002711184
0.00037495096
0.0032332311
0.0009892937
0.0003691825
0.0045974758
0.003089019
0.0040090913
0.00029130807
0.00044128846
0.00397448
0.00062011124
0.00038360368
0.00032880314
0.0032159255
0.002771753
0.00031149772
0.0004009091
0.021452963
0.0044994117
0.0003316874
0.0014824985
0.008791158
0.00035764553
0.00022785482
0.0004989732
0.005543506
0.0003316874
0.0012517594
0.0014219295
0.007302891
0.0009344932
0.00051627867
0.0007556704
0.00931609
0.0010931263
0.00047301507
0.00037495096
0.010060223
0.0013267496
0.0018632179
0.029436536
0.0
0.0
0.0
0.0
0.0
0.0
0.0
0.0
0.0
0.0
0.0
0.0
0.0
0.0
0.0
0.0
0.0
0.0
0.0
0.0
0.0
0.0
0.0
0.0
0.0
0.0
0.0
0.0
0.0
0.0
0.0
0.0
0.0
0.0
0.0
0.0
0.0
0.0
0.0
0.0
0.0
0.0
0.0
0.0
0.0
0.0
0.0
0.0
0.005253732
4.491608e-05
4.491608e-05
5.216061e-05
9.562778e-05
0.00013909496
8.403654e-05
2.8978116e-05
3.0427022e-05
1.3040152e-05
1.3040152e-05
1.1591246e-05
4.491608e-05
3.0427022e-05
1.4489058e-05
3.332483e-05
0.0051552067
7.53431e-05
5.7956233e-05
5.7956233e-05
5.216061e-05
0.00020284682
5.7956233e-05
4.9262795e-05
4.9262795e-05
2.3182492e-05
2.6080304e-05
2.3182492e-05
3.1875927e-05
2.3182492e-05
2.6080304e-05
2.3182492e-05
0.00899046
0.0010692924
0.00032310598
0.00010577012
0.00032165708
0.000115912466
0.00015793073
0.00011011684
0.0002477629
4.9262795e-05
6.0854043e-05
4.056936e-05
7.968982e-05
9.272997e-05
4.9262795e-05
5.505842e-05
0.0059042913
0.0009157085
0.00017676651
4.201827e-05
0.00043177392
0.00014054387
0.00067084335
0.00038251112
8.258763e-05
1.8835775e-05
2.3182492e-05
2.028468e-05
3.0427022e-05
2.028468e-05
2.1733587e-05
2.028468e-05
0.0027036583
0.0
1.8835775e-05
8.113872e-05
0.0034411512
0.0012504057
0.010820429
0.0054232543
0.0
0.0
0.0
0.0
0.0
0.0
0.0
0.0
0.0051189843
5.9405138e-05
0.0002477629
0.00026225194
0.0013474824
0.00060998934
0.0042800675
0.002182052
6.664966e-05
4.201827e-05
5.3609514e-05
4.781389e-05
3.9120456e-05
0.0002274782
0.00021009134
4.201827e-05
0.002058895
0.00015503292
0.00022168258
0.00025645632
0.00054623745
0.00021298915
0.0013576248
0.00064621196
0.00015213511
1.3040152e-05
4.056936e-05
7.244529e-05
7.824091e-05
6.0854043e-05
3.6222646e-05
2.6080304e-05
0.0016952198
7.3894196e-05
5.216061e-05
4.056936e-05
0.0001246059
0.00010432122
9.1281065e-05
6.809857e-05
0.00019705118
2.028468e-05
4.781389e-05
7.824091e-05
0.00010866793
3.6222646e-05
0.00011156574
0.00011736137
0.0081631355
0.00058246014
0.0010881282
0.00080269383
0.0016879753
0.0010794348
0.002322596
0.0013634204
0.0022414573
0.00035787973
0.00016372635
0.00032310598
0.0010620479
0.0003767155
0.0009026683
0.0012214276
0.11975061
0.008890486
0.0040395493
0.007718321
0.018753188
0.024130076
0.019357381
0.012282374
0.049898867
0.006317229
0.0025500741
0.005382685
0.022252295
0.0068055103
0.018924158
0.029030276
0.13342683
0.015178737
0.0065171784
0.013024214
0.02450969
0.034059428
0.020474488
0.016630542
0.063872114
0.011310158
0.003909148
0.0085833175
0.027284345
0.01321547
0.026012206
0.035998065
0.017476702
0.003927984
0.004736473
0.0032977096
0.0058217035
0.0070865983
0.0024080814
0.0032542425
0.012843101
0.0040815677
0.0010287231
0.0012228765
0.006683802
0.0028659357
0.003565757
0.005752156
0.0
0.0
0.0
0.0
0.0
0.0
0.0
0.0
0.0
0.0
0.0
0.0
0.0
0.0
0.0
0.0
1124.0
15.241103
17131.0
0.00472827
0.00017512112
0.0016928376
0.00011674742
0.0049033915
0.002393322
0.0027435643
0.00029186855
0.0014593427
0.00064211077
0.00023349484
0.00017512112
0.0005837371
0.0026851906
0.0077637034
0.005136886
0.005603876
0.0043196543
0.005603876
0.0039110384
0.0011674742
0.001400969
0.0023349484
0.0011674742
0.0014593427
0.0013425953
0.0022182008
0.0005837371
0.0007004845
0.0044364017
0.0005253634
0.0010507267
0.0009923531
0.012725469
0.0071215923
0.01733699
0.013134085
0.0058373706
0.008522562
0.027785886
0.0036775437
0.021364776
0.0007588582
0.001400969
0.006129239
0.010040278
0.0022182008
0.0023349484
0.012024984
0.0029186853
0.012725469
0.016928375
0.0080555715
0.0023349484
0.0028603117
0.0069464715
0.0005837371
0.0055455025
0.00029186855
0.0053703813
0.0012258479
0.00040861595
0.00035024225
0.0080555715
0.00017512112
0.04815831
0.008113946
0.024516957
0.035666335
0.10092814
0.006596229
0.01920495
0.010098652
0.05825696
0.0025100694
0.0033273015
0.034440488
0.024516957
0.041153464
0.04360516
0.0326309
0.0040861596
0.042320937
0.032455783
0.0757107
0.01762886
0.0049033915
0.009223046
0.005603876
0.009514915
0.0019847061
0.00040861595
0.00017512112
0.00046698967
0.0
5.837371e-05
5.3672776
0.0
18.0
0.0
1.0
346712.0
405504.0
0.0
0.0
12.0
0.0
0.0
0.0
0.0
0.0
1423568800.0
0.0
0.0
0.0
0.0
0.0
1.0
0.0
0.0
0.0
0.0
0.0
0.0
-1.0
0.0
-1.0
-1.0
0.0
0.0
0.0
0.0
0.0
0.0
0.0
0.0
0.0
0.0
0.0
0.0
-1.0
0.0
0.0
0.0
0.0
0.0
0.0
0.0
0.0
0.0
0.0
0.0
0.0
-1.0
0.0
0.0
0.0
0.0
0.0
0.0
0.0
0.0
0.0
0.0
6.0
0.0
4.0
0.0
4.0
0.0
307200.0
4096.0
4096.0
3.0
0.0
0.0
1.0
1.0
0.0
0.0
0.0
0.0
0.0
0.0
0.0
0.0
0.0
0.0
0.0
0.0
0.0
0.0
10752.0
0.0
0.0
0.0
0.0
0.0
0.0
0.0
0.0
0.0
0.0
0.0
0.0
0.0
0.0
0.0
0.0
0.0
-27136.0
0.0
0.0
0.0
0.0
0.0
0.0
0.0
0.0
-307200.0
0.0
0.0
0.0
0.0
0.0
0.0
0.0
0.0
0.0
0.0
0.0
0.0
0.0
0.0
0.0
0.0
0.0
0.0
0.0
0.0
0.0
0.0
4.7594
0.0
0.0
0.0
0.0
0.0
0.0
0.0
0.0
0.0
0.0
0.0
0.0
0.0
0.0
0.0
0.0
0.0
-5.4113603
0.0
0.0
0.0
0.0
0.0
0.0
0.0
0.0
-5.945154
0.0
0.0
0.0
0.0
0.0
0.0
0.0
0.0
0.0
0.0
0.0
0.0
0.0
0.0
0.0
0.0
0.0
0.0
0.0
0.0
0.0
0.0
10396.0
0.0
0.0
0.0
0.0
0.0
0.0
0.0
0.0
0.0
0.0
0.0
0.0
0.0
0.0
0.0
0.0
0.0
-77877.0
0.0
0.0
0.0
0.0
0.0
0.0
0.0
0.0
-306850.0
0.0
0.0
0.0
0.0
0.0
0.0
0.0
0.0
0.0
0.0
0.0
-1.0
0.0
0.0
0.0
0.0
0.0
1.0
0.0
0.0
0.0
0.0
0.0
0.0
0.0
0.0
0.0
0.0
0.0
0.0
0.0
0.0
0.0
0.0
0.0
0.0
0.0
0.0
0.0
0.0
0.0
0.0
0.0
0.0
0.0
0.0
0.0
-2.0
0.0
0.0
0.0
1.0
0.0
0.0
0.0
0.0
0.0
0.0
0.0
0.0
0.0
0.0
0.0
0.0
0.0
0.0
0.0
0.0
0.0
0.0
0.0
-1.0
0.0
0.0
0.0
0.0
0.0
0.0
0.0
0.0
0.0
1.0
0.0
0.0
0.0
0.0
1.0
0.0
0.0
0.0
0.0
0.0
0.0
0.0
0.0
0.0
0.0
0.0
0.0
0.0
0.0
0.0
0.0
0.0
0.0
0.0
0.0
0.0
0.0
0.0
0.0
0.0
0.0
0.0
0.0
0.0
-1.0
0.0
0.0
0.0
0.0
0.0
0.0
0.0
0.0
0.0
0.0
0.0
0.0
0.0
0.0
0.0
0.0
0.0
0.0
0.0
0.0
0.0
-1.0
0.0
0.0
0.0
0.0
0.0
0.0
0.0
0.0
0.0
0.0
0.0
0.0
-1.0
0.0
0.0
0.0
0.0
0.0
0.0
0.0
0.0
-1.0
-1.0
0.0
0.0
0.0
0.0
0.0
0.0
0.0
0.0
0.0
0.0
0.0
0.0
0.0
0.0
-1.0
0.0
0.0
0.0
0.0
0.0
0.0
0.0
0.0
0.0
0.0
0.0
0.0
0.0
0.0
0.0
0.0
0.0
0.0
0.0
0.0
0.0
0.0
0.0
0.0
0.0
0.0
0.0
0.0
0.0
0.0
0.0
-1.0
0.0
0.0
0.0
0.0
0.0
0.0
0.0
0.0
0.0
0.0
0.0
0.0
0.0
0.0
0.0
0.0
1.0
0.0
0.0
0.0
0.0
0.0
0.0
0.0
0.0
0.0
0.0
0.0
0.0
0.0
0.0
0.0
0.0
0.0
0.0
0.0
0.0
0.0
-1.0
0.0
0.0
0.0
0.0
0.0
0.0
0.0
0.0
0.0
0.0
0.0
0.0
0.0
0.0
0.0
0.0
0.0
0.0
0.0
0.0
0.0
0.0
0.0
0.0
0.0
0.0
0.0
0.0
0.0
0.0
0.0
0.0
0.0
0.0
0.0
0.0
0.0
0.0
0.0
0.0
0.0
0.0
0.0
0.0
0.0
0.0
0.0
0.0
0.0
0.0
0.0
0.0
0.0
0.0
0.0
0.0
0.0
0.0
0.0
0.0
0.0
1.0
0.0
0.0
0.0
0.0
0.0
0.0
0.0
0.0
0.0
0.0
0.0
0.0
0.0
0.0
0.0
0.0
0.0
0.0
0.0
0.0
0.0
0.0
0.0
0.0
0.0
0.0
0.0
0.0
0.0
-1.0
0.0
0.0
0.0
0.0
0.0
0.0
0.0
0.0
1.0
0.0
0.0
0.0
0.0
0.0
0.0
0.0
0.0
0.0
0.0
0.0
0.0
0.0
0.0
1.0
0.0
0.0
0.0
0.0
0.0
0.0
0.0
0.0
0.0
0.0
0.0
0.0
0.0
0.0
0.0
0.0
0.0
0.0
0.0
0.0
0.0
0.0
0.0
0.0
0.0
0.0
0.0
0.0
0.0
0.0
0.0
0.0
0.0
0.0
0.0
0.0
0.0
0.0
0.0
0.0
0.0
0.0
0.0
0.0
0.0
0.0
0.0
0.0
0.0
0.0
0.0
0.0
0.0
0.0
0.0
0.0
0.0
0.0
0.0
0.0
0.0
0.0
0.0
0.0
0.0
0.0
0.0
0.0
0.0
0.0
0.0
0.0
0.0
0.0
0.0
0.0
0.0
0.0
0.0
0.0
0.0
0.0
0.0
0.0
0.0
0.0
0.0
0.0
0.0
0.0
0.0
0.0
0.0
0.0
0.0
0.0
0.0
0.0
0.0
0.0
0.0
0.0
0.0
0.0
0.0
0.0
0.0
0.0
0.0
0.0
0.0
0.0
0.0
0.0
0.0
0.0
0.0
0.0
0.0
0.0
0.0
0.0
0.0
1.0
0.0
0.0
0.0
0.0
0.0
0.0
0.0
0.0
0.0
0.0
0.0
0.0
0.0
0.0
0.0
0.0
0.0
0.0
0.0
0.0
0.0
0.0
0.0
0.0
0.0
0.0
0.0
0.0
0.0
0.0
0.0
0.0
0.0
0.0
0.0
0.0
0.0
0.0
0.0
0.0
0.0
0.0
0.0
0.0
0.0
0.0
0.0
0.0
0.0
0.0
0.0
0.0
0.0
0.0
0.0
0.0
0.0
0.0
0.0
0.0
0.0
0.0
0.0
0.0
0.0
0.0
0.0
0.0
0.0
0.0
0.0
0.0
0.0
0.0
0.0
0.0
0.0
0.0
0.0
0.0
0.0
0.0
0.0
0.0
0.0
0.0
0.0
0.0
0.0
0.0
0.0
0.0
0.0
0.0
0.0
0.0
0.0
0.0
0.0
0.0
0.0
0.0
0.0
0.0
0.0
0.0
0.0
0.0
0.0
0.0
0.0
0.0
0.0
0.0
0.0
0.0
0.0
0.0
0.0
0.0
1.0
0.0
0.0
0.0
0.0
0.0
0.0
0.0
0.0
0.0
0.0
0.0
0.0
0.0
0.0
0.0
0.0
0.0
0.0
0.0
0.0
0.0
0.0
0.0
0.0
0.0
0.0
0.0
0.0
0.0
0.0
0.0
0.0
0.0
0.0
0.0
0.0
0.0
0.0
0.0
0.0
0.0
0.0
0.0
0.0
0.0
0.0
0.0
0.0
0.0
0.0
0.0
0.0
1.0
0.0
0.0
0.0
0.0
0.0
0.0
0.0
0.0
0.0
0.0
0.0
0.0
0.0
0.0
0.0
0.0
0.0
0.0
0.0
0.0
0.0
0.0
0.0
0.0
0.0
0.0
0.0
0.0
0.0
0.0
0.0
0.0
0.0
0.0
0.0
0.0
0.0
0.0
0.0
0.0
0.0
0.0
0.0
0.0
0.0
0.0
0.0
0.0
0.0
0.0
0.0
0.0
0.0
0.0
0.0
1.0
0.0
0.0
0.0
0.0
0.0
0.0
0.0
0.0
0.0
0.0
0.0
0.0
0.0
0.0
0.0
0.0
0.0
0.0
0.0
0.0
0.0
0.0
0.0
0.0
0.0
0.0
0.0
0.0
0.0
-1.0
0.0
0.0
0.0
1.0
0.0
0.0
0.0
0.0
0.0
0.0
0.0
0.0
0.0
0.0
0.0
0.0
0.0
0.0
0.0
0.0
0.0
0.0
0.0
0.0
0.0
0.0
0.0
0.0
0.0
0.0
0.0
0.0
0.0
0.0
0.0
0.0
0.0
0.0
0.0
0.0
0.0
0.0
0.0
0.0
0.0
0.0
0.0
0.0
0.0
0.0
0.0
0.0
0.0
0.0
0.0
0.0
0.0
0.0
-1.0
0.0
0.0
0.0
0.0
0.0
0.0
0.0
0.0
0.0
0.0
0.0
0.0
0.0
0.0
0.0
0.0
0.0
0.0
0.0
0.0
0.0
0.0
0.0
0.0
0.0
0.0
0.0
0.0
0.0
0.0
0.0
0.0
0.0
0.0
0.0
0.0
0.0
0.0
0.0
0.0
0.0
0.0
0.0
0.0
0.0
0.0
0.0
0.0
0.0
0.0
0.0
0.0
0.0
0.0
0.0
0.0
0.0
0.0
0.0
0.0
0.0
0.0
0.0
0.0
0.0
0.0
1.0
0.0
0.0
0.0
0.0
0.0
0.0
0.0
0.0
0.0
0.0
0.0
0.0
0.0
0.0
0.0
0.0
0.0
0.0
0.0
0.0
0.0
0.0
0.0
0.0
0.0
0.0
0.0
1.0
0.0
0.0
0.0
0.0
0.0
0.0
0.0
0.0
0.0
0.0
0.0
0.0
0.0
0.0
0.0
0.0
0.0
0.0
0.0
0.0
0.0
0.0
0.0
0.0
0.0
0.0
0.0
0.0
0.0
0.0
0.0
0.0
0.0
0.0
0.0
0.0
0.0
0.0
0.0
0.0
0.0
0.0
0.0
0.0
0.0
0.0
0.0
0.0
0.0
0.0
0.0
0.0
0.0
0.0
0.0
0.0
0.0
0.0
0.0
0.0
0.0
0.0
0.0
0.0
0.0
0.0
0.0
0.0
0.0
0.0
0.0
0.0
0.0
0.0
0.0
0.0
0.0
0.0
0.0
0.0
0.0
0.0
0.0
0.0
0.0
0.0
0.0
0.0
0.0
0.0
0.0
0.0
0.0
0.0
0.0
0.0
0.0
0.0
0.0
0.0
0.0
0.0
0.0
0.0
0.0
0.0
0.0
0.0
0.0
0.0
0.0
0.0
0.0
0.0
0.0
0.0
0.0
0.0
0.0
0.0
0.0
0.0
0.0
0.0
0.0
0.0
0.0
0.0
0.0
0.0
0.0
0.0
0.0
0.0
0.0
0.0
0.0
0.0
0.0
0.0
0.0
0.0
0.0
0.0
0.0
0.0
0.0
0.0
0.0
0.0
0.0
0.0
0.0
0.0
0.0
0.0
0.0
0.0
0.0
0.0
0.0
0.0
0.0
0.0
0.0
0.0
0.0
0.0
0.0
0.0
0.0
0.0
0.0
0.0
0.0
0.0
0.0
0.0
0.0
0.0
0.0
0.0
0.0
0.0
0.0
0.0
0.0
0.0
0.0
0.0
0.0
0.0
0.0
0.0
0.0
0.0
0.0
0.0
0.0
-1.0
0.0
0.0
0.0
0.0
0.0
0.0
0.0
0.0
0.0
0.0
0.0
0.0
0.0
0.0
0.0
0.0
0.0
0.0
0.0
0.0
0.0
0.0
0.0
0.0
0.0
0.0
0.0
0.0
0.0
0.0
0.0
0.0
0.0
0.0
0.0
0.0
0.0
0.0
0.0
0.0
0.0
1.0
0.0
0.0
0.0
0.0
0.0
0.0
0.0
0.0
0.0
0.0
0.0
0.0
0.0
0.0
0.0
0.0
0.0
0.0
0.0
0.0
0.0
0.0
0.0
0.0
0.0
0.0
0.0
0.0
0.0
0.0
0.0
0.0
0.0
0.0
0.0
0.0
0.0
0.0
0.0
0.0
0.0
0.0
0.0
0.0
0.0
0.0
0.0
0.0
0.0
0.0
0.0
0.0
0.0
0.0
0.0
0.0
0.0
0.0
0.0
0.0
0.0
0.0
0.0
0.0
0.0
0.0
0.0
0.0
0.0
0.0
0.0
0.0
0.0
0.0
0.0
0.0
0.0
0.0
0.0
0.0
0.0
0.0
0.0
0.0
0.0
0.0
0.0
0.0
0.0
0.0
0.0
0.0
0.0
0.0
0.0
0.0
0.0
0.0
0.0
0.0
0.0
0.0
0.0
0.0
0.0
0.0
0.0
0.0
0.0
0.0
0.0
0.0
0.0
0.0
0.0
0.0
0.0
0.0
0.0
0.0
0.0
0.0
1.0
0.0
0.0
0.0
0.0
0.0
0.0
0.0
0.0
0.0
0.0
0.0
0.0
0.0
0.0
0.0
0.0
0.0
0.0
0.0
0.0
0.0
0.0
0.0
0.0
0.0
0.0
0.0
0.0
0.0
0.0
0.0
0.0
0.0
0.0
0.0
0.0
0.0
0.0
0.0
0.0
0.0
0.0
0.0
0.0
0.0
0.0
0.0
0.0
0.0
0.0
0.0
0.0
0.0
0.0
0.0
0.0
0.0
-1.0
0.0
0.0
0.0
0.0
0.0
0.0
0.0
0.0
0.0
0.0
0.0
0.0
0.0
0.0
0.0
0.0
0.0
0.0
0.0
0.0
0.0
0.0
0.0
0.0
0.0
0.0
0.0
0.0
0.0
0.0
0.0
0.0
0.0
0.0
0.0
0.0
0.0
0.0
0.0
0.0
0.0
0.0
0.0
0.0
0.0
0.0
0.0
0.0
0.0
0.0
0.0
0.0
0.0
0.0
0.0
0.0
0.0
0.0
0.0
0.0
0.0
0.0
0.0
0.0
0.0
0.0
0.0
0.0
0.0
0.0
0.0
0.0
0.0
0.0
0.0
0.0
0.0
0.0
0.0
0.0
0.0
0.0
0.0
0.0
0.0
0.0
0.0
0.0
0.0
0.0
0.0
0.0
0.0
0.0
0.0
0.0
0.0
0.0
0.0
0.0
0.0
0.0
0.0
0.0
0.0
0.0
0.0
0.0
0.0
0.0
0.0
0.0
0.0
0.0
0.0
0.0
0.0
0.0
0.0
0.0
0.0
0.0
0.0
0.0
0.0
0.0
0.0
0.0
0.0
0.0
0.0
0.0
0.0
0.0
0.0
0.0
0.0
0.0
0.0
0.0
0.0
0.0
0.0
0.0
0.0
0.0
0.0
0.0
0.0
0.0
0.0
0.0
0.0
0.0
0.0
0.0
0.0
0.0
0.0
0.0
0.0
0.0
0.0
0.0
0.0
0.0
0.0
0.0
0.0
0.0
0.0
0.0
0.0
0.0
0.0
0.0
0.0
0.0
0.0
0.0
0.0
0.0
0.0
0.0
0.0
0.0
0.0
0.0
0.0
0.0
0.0
0.0
0.0
280.0
315880.0
0.0
0.0
0.0
0.0
0.0
0.0
0.0
0.0
0.0
0.0
0.0
0.0
0.0
0.0
0.0
0.0
0.0
0.0
0.0
0.0
0.0
0.0
0.0
0.0
0.0
0.0
