0.04002062
0.004515727
0.0010339072
0.00095653336
0.0010638895
0.00034818202
0.00025339914
0.0003839674
0.0017118949
0.0004352275
0.0002156794
0.00030079056
0.0009023717
0.00023599002
0.0002156794
0.00056966447
0.004032141
0.0001673208
0.00017892686
0.00012863391
0.00083273527
0.00065284123
0.00043619468
0.00011219198
0.00047198005
0.00018956576
0.0014449554
0.00017409101
0.00046520986
0.00014120714
7.350509e-05
0.00011412633
0.00049229065
9.284853e-05
6.866923e-05
0.00011799501
0.0011838188
0.00012960107
8.220964e-05
8.124247e-05
0.00023405568
9.381571e-05
0.00014410866
0.0003975078
0.0002369572
9.8651566e-05
0.85744077
7.157074e-05
0.00041008103
0.00022341679
0.00030272492
0.00084530853
0.0003240027
0.00032206834
0.00024082589
0.0002089092
0.00040137648
0.00032593706
0.00021181072
0.00066057866
0.0002785456
0.00025726782
0.00020020465
0.0003665583
0.000898503
0.00041008103
0.00026693955
0.00029788906
0.0005619271
0.0010822657
0.00067895494
0.00021954809
0.0003655911
0.00018956576
0.00011412633
0.00018376272
0.00042458862
0.0005803034
0.00031819966
0.00015281321
0.0012921421
0.0002959547
0.00014120714
0.0009255838
0.00040621235
0.00054161646
0.0010232682
0.0007611645
0.00021374506
0.00037429566
8.5111154e-05
0.0003065936
0.00025146478
0.0003346416
0.0004284573
0.0003839674
0.00015571473
0.00036268958
0.00014507584
0.0003588209
0.00037139413
0.0009130106
0.00056966447
0.00017022231
0.0008820611
0.00053774775
0.00066831603
0.00012379805
0.0005619271
0.0001634521
0.00050776545
0.0005648286
0.0004178184
0.00010155309
0.00066057866
0.0004739144
0.001532968
0.001112248
0.00037913152
0.00019536879
0.0005909422
0.00017118949
9.284853e-05
7.4472264e-05
0.00032980574
0.00035301788
0.000264038
0.00010542177
0.00028531582
0.00022051527
8.414398e-05
0.0011886547
0.00034044462
0.0010687254
0.00017892686
8.5111154e-05
0.00040717953
0.0018057106
0.00036462393
0.0040495503
0.00014410866
0.0012050966
0.00015087887
0.000109290464
0.0005803034
0.00011799501
0.00010348743
0.00014701019
0.00012960107
0.00012283087
0.0001605506
7.737378e-05
0.000258235
0.00011122481
6.96364e-05
5.5128818e-05
0.00014701019
6.0931852e-05
8.317681e-05
7.5439435e-05
0.00018569706
8.897985e-05
9.961874e-05
0.000100585916
0.00010638894
0.00014410866
5.9964677e-05
6.2866195e-05
0.00024566174
0.00011219198
8.8012675e-05
0.00015087887
0.00012960107
5.8030335e-05
0.0001634521
9.284853e-05
0.00016151776
9.8651566e-05
6.96364e-05
6.3833366e-05
0.00014991169
0.00010348743
7.060357e-05
8.220964e-05
0.00047294723
0.00020697486
9.284853e-05
8.897985e-05
0.00024953045
9.188136e-05
0.0001566819
0.00014120714
0.0007737378
0.00034044462
0.00038880325
0.00051453564
0.00039073758
0.00011412633
0.00025436628
0.00051453564
0.0003655911
0.00043812903
0.00019440163
0.00015281321
0.00025726782
8.124247e-05
0.00018182838
0.00013540412
0.000292086
0.002718721
0.00023502286
0.0003655911
0.00014023998
7.5439435e-05
0.00023985871
0.00021664659
0.00029788906
0.0001044546
7.060357e-05
0.000146043
0.00016248494
5.4161646e-05
0.00010155309
8.317681e-05
0.0002504976
0.00014217432
0.00013346977
5.319447e-05
0.00018279556
6.0931852e-05
0.00011606067
0.00013153543
0.0014681674
0.0003723613
9.961874e-05
0.00039654062
0.00048648764
9.091419e-05
0.00017505817
9.478288e-05
0.00047198005
0.00020504052
0.00010155309
0.00020407334
0.0003269042
6.673489e-05
0.00020987638
0.00022244961
0.00055418967
0.00022051527
0.00014120714
0.00020987638
0.000578369
0.0003104623
0.00024953045
0.005345561
0.01547435
0.0019095285
0.7906935
6.975447e-05
4.359654e-06
4.359654e-05
0.00023251488
0.00015743195
1.453218e-06
0.00011238219
3.875248e-05
8.380224e-05
0.0001613072
0.0025155204
5.328466e-06
4.359654e-06
0.0021376838
0.00041707358
0.04730176
0.00012352352
0.0
2.7611142e-05
0.0
0.00038510276
5.812872e-06
0.0
0.0
0.0
0.00011625744
2.7126736e-05
4.0690105e-05
1.2594556e-05
0.00086030504
0.0001448374
0.01927064
8.1864615e-05
0.0
3.2455202e-05
0.0
9.1552734e-05
4.9893817e-05
0.0
0.0
0.0
4.9893817e-05
5.0378225e-05
0.00017390176
2.7611142e-05
0.0008801657
9.203714e-06
1.1625744e-05
2.42203e-06
9.203714e-06
5.812872e-06
2.4704706e-05
8.719308e-06
9.68812e-06
1.5500993e-05
2.906436e-06
1.9376241e-06
1.9376241e-06
1.9376241e-06
2.906436e-06
3.390842e-06
0.0021018377
7.7504965e-06
0.0005134704
0.00012158591
2.3735895e-05
1.5985399e-05
8.8646295e-05
4.5534165e-05
8.719308e-06
6.297278e-06
7.7504965e-06
7.26609e-06
6.781684e-06
8.234902e-06
7.7504965e-06
4.84406e-06
0.0007881286
3.390842e-06
1.6469805e-05
2.3735895e-05
1.695421e-05
1.0172526e-05
8.477105e-05
4.0205698e-05
2.906436e-06
0.0
1.453218e-06
1.9376241e-06
0.0
0.0
9.688121e-07
9.688121e-07
0.0027867877
0.00031050426
4.4565353e-05
2.9548766e-05
7.847377e-05
5.66755e-05
0.0001613072
0.000101240854
8.525546e-05
6.200397e-05
1.8891835e-05
3.1001986e-05
4.84406e-05
1.8891835e-05
4.5534165e-05
8.9130706e-05
0.0039164224
0.00059049093
0.00013321165
0.00010608492
5.328466e-05
4.698738e-05
0.000275627
0.00019473121
7.411412e-05
7.26609e-05
2.7126736e-05
2.0345053e-05
3.4877234e-05
1.695421e-05
2.6157924e-05
0.0003633045
0.0037362236
0.00011383541
0.000105600506
0.0001283676
0.00035216316
0.00035555402
0.0010850695
0.00067526195
7.750496e-05
8.622427e-05
3.5846046e-05
4.262773e-05
4.262773e-05
3.633045e-05
3.0033172e-05
4.117451e-05
0.0022306896
0.000100272046
8.767749e-05
0.00030081611
0.00022718642
0.00022088914
0.0007997543
0.00045049758
0.00012497675
5.9097532e-05
3.5846046e-05
2.9548766e-05
4.5534165e-05
4.117451e-05
5.183144e-05
0.00015452552
0.0010758657
0.00012642996
4.9893817e-05
0.00038025872
0.00017051092
0.00015452552
0.00043305897
0.00024559384
2.9548766e-05
4.0205698e-05
0.00011625744
3.1970798e-05
2.8095548e-05
3.0517578e-05
3.2455202e-05
3.1001986e-05
0.0015951489
0.0003308493
0.00017147973
0.001571413
0.00033327134
0.00026206364
0.0008535234
0.0005459256
0.00017293294
0.0001850431
0.00021701389
0.00014968145
0.00012739877
0.00014871264
0.00013272725
0.00014725943
0.0
0.0
0.0
0.0
0.0
0.0
0.0
0.0
0.0
0.0
0.0
0.0
0.0
0.0
0.0
0.0
0.0055701844
0.0017506432
0.00091794936
0.00074598525
0.001780192
0.0018635099
0.0007169209
0.0013592433
0.0041755796
0.00040883868
0.00026932973
0.0005110483
0.0014764694
0.00058516243
0.0010908823
0.0025717115
0.009052095
0.0033540272
0.0015883673
0.0014788915
0.003296383
0.0042705233
0.001775348
0.0021444655
0.0064852275
0.000853039
0.00072806224
0.0008937291
0.0025702582
0.0013282413
0.0022171263
0.0055832635
0.00060696073
0.00044129387
0.00040932308
0.0004098075
0.0004015726
0.00040011934
0.0005125016
0.00040011934
0.0003947909
0.0003870404
0.00038994683
0.0004979694
0.0003947909
0.0005018446
0.00040060378
0.0003957597
4665.0
191.99829
895672.0
0.00010383265
1.4514242e-05
1.1164801e-05
7.815361e-06
4.8008646e-05
8.931841e-06
4.4659205e-06
3.1261443e-05
2.9028484e-05
1.0048321e-05
7.7037126e-05
3.6843845e-05
3.6843845e-05
1.4514242e-05
0.9896826
1.1164801e-05
9.713377e-05
5.3591048e-05
9.043489e-05
0.00010494913
0.000107182095
0.000107182095
8.038657e-05
6.363937e-05
0.0001685885
7.480417e-05
6.475585e-05
5.9173446e-05
7.145473e-05
9.1551374e-05
6.587233e-05
7.480417e-05
7.927009e-05
9.043489e-05
2.7912003e-05
0.0001350941
9.378433e-05
5.6940487e-05
7.257121e-05
0.000106065614
4.8008646e-05
9.9366735e-05
1.8980163e-05
2.5679043e-05
7.257121e-05
5.6940487e-05
3.5727364e-05
5.0241608e-05
0.00016635554
5.3591048e-05
4.2426247e-05
0.00029698372
6.9221765e-05
4.2426247e-05
0.00013286114
0.0001797533
3.2377924e-05
2.2329603e-05
1.7863682e-05
2.1213124e-05
1.8980163e-05
2.2329603e-05
2.3446082e-05
9.601729e-05
2.3446082e-05
0.00030591557
8.261953e-05
0.00028916835
0.00019538403
0.00078935147
5.4707525e-05
9.490081e-05
0.00012392929
0.00040639876
5.805697e-05
5.5824006e-05
0.00030144965
0.000107182095
0.00040416582
0.0004923677
0.00024339267
1.0048321e-05
0.0005280951
0.00027688706
0.0007446922
0.000113880975
0.00011164801
5.9173446e-05
7.033825e-05
8.150305e-05
1.8980163e-05
8.931841e-06
9.9366735e-05
5.5824007e-06
1.4514242e-05
1.6747203e-05
0.14242281
0.0
0.0
0.0
2.0
1033942.0
135168.0
0.0
39.0
139.0
1.0
1.0
0.0
0.0
0.0
1307629700.0
0.0
0.0
0.0
0.0
0.0
1.0
0.0
0.0
0.0
0.0
-1.0
0.0
-1.0
1.0
-1.0
-1.0
0.0
0.0
0.0
0.0
0.0
0.0
0.0
0.0
0.0
0.0
0.0
0.0
-1.0
0.0
0.0
0.0
0.0
0.0
0.0
0.0
0.0
0.0
0.0
0.0
0.0
-1.0
0.0
0.0
0.0
0.0
0.0
0.0
0.0
0.0
0.0
0.0
6.0
0.0
4.0
0.0
4.0
0.0
77824.0
4096.0
4096.0
5.0
0.0
0.0
1.0
1.0
0.0
0.0
0.0
0.0
0.0
-8192.0
0.0
0.0
0.0
0.0
0.0
0.0
0.0
0.0
24576.0
0.0
0.0
0.0
0.0
0.0
0.0
0.0
0.0
0.0
0.0
0.0
0.0
0.0
0.0
0.0
0.0
0.0
-12288.0
0.0
0.0
0.0
0.0
0.0
0.0
0.0
0.0
-77824.0
0.0
4096.0
0.0
0.0
0.0
0.0
0.0
0.0
0.0
0.0
0.0
0.0
0.0
-6.3716784
0.0
0.0
0.0
0.0
0.0
0.0
0.0
0.0
6.445061
0.0
0.0
0.0
0.0
0.0
0.0
0.0
0.0
0.0
0.0
0.0
0.0
0.0
0.0
0.0
0.0
0.0
-3.7103977
0.0
0.0
0.0
0.0
0.0
0.0
0.0
0.0
-6.621935
0.0
3.3983302
0.0
0.0
0.0
0.0
0.0
0.0
0.0
0.0
0.0
0.0
0.0
-5036.0
0.0
0.0
0.0
0.0
0.0
0.0
0.0
0.0
22571.0
0.0
0.0
0.0
0.0
0.0
0.0
0.0
0.0
0.0
0.0
0.0
0.0
0.0
0.0
0.0
0.0
0.0
-13089.0
0.0
0.0
0.0
0.0
0.0
0.0
0.0
0.0
-75346.0
0.0
1048.0
0.0
0.0
0.0
0.0
0.0
0.0
0.0
0.0
0.0
-1.0
0.0
0.0
0.0
0.0
0.0
1.0
0.0
0.0
0.0
0.0
0.0
0.0
0.0
0.0
0.0
0.0
0.0
0.0
0.0
0.0
0.0
0.0
0.0
0.0
0.0
0.0
0.0
0.0
0.0
0.0
0.0
0.0
0.0
0.0
0.0
-2.0
0.0
0.0
0.0
1.0
0.0
0.0
0.0
0.0
0.0
0.0
0.0
0.0
0.0
0.0
0.0
0.0
0.0
0.0
0.0
0.0
0.0
0.0
0.0
-1.0
0.0
0.0
0.0
0.0
0.0
0.0
0.0
0.0
0.0
1.0
0.0
0.0
0.0
0.0
1.0
0.0
0.0
0.0
0.0
0.0
0.0
0.0
0.0
0.0
0.0
0.0
0.0
0.0
0.0
0.0
0.0
0.0
0.0
0.0
0.0
0.0
0.0
0.0
0.0
0.0
0.0
0.0
0.0
0.0
0.0
0.0
0.0
0.0
0.0
0.0
0.0
0.0
0.0
0.0
0.0
0.0
0.0
0.0
0.0
0.0
0.0
0.0
0.0
0.0
0.0
0.0
-1.0
0.0
0.0
0.0
0.0
0.0
0.0
0.0
0.0
0.0
0.0
0.0
0.0
0.0
0.0
0.0
0.0
0.0
0.0
0.0
0.0
-1.0
0.0
0.0
0.0
0.0
0.0
0.0
0.0
0.0
0.0
0.0
0.0
0.0
0.0
0.0
0.0
0.0
0.0
0.0
0.0
0.0
0.0
0.0
0.0
0.0
0.0
0.0
0.0
0.0
0.0
0.0
0.0
0.0
0.0
0.0
0.0
0.0
0.0
0.0
0.0
0.0
0.0
0.0
0.0
0.0
0.0
0.0
0.0
0.0
0.0
0.0
0.0
0.0
0.0
0.0
0.0
0.0
0.0
0.0
0.0
0.0
0.0
0.0
0.0
0.0
0.0
1.0
0.0
0.0
0.0
0.0
0.0
0.0
0.0
0.0
0.0
0.0
0.0
0.0
0.0
0.0
0.0
0.0
0.0
0.0
0.0
0.0
0.0
0.0
0.0
0.0
0.0
0.0
0.0
0.0
0.0
0.0
0.0
0.0
0.0
0.0
0.0
0.0
0.0
0.0
0.0
0.0
0.0
0.0
0.0
0.0
0.0
0.0
0.0
0.0
0.0
0.0
0.0
0.0
0.0
0.0
0.0
0.0
0.0
0.0
0.0
0.0
0.0
0.0
0.0
0.0
0.0
0.0
0.0
0.0
0.0
0.0
0.0
0.0
0.0
0.0
0.0
0.0
0.0
0.0
0.0
0.0
0.0
0.0
0.0
1.0
0.0
0.0
0.0
0.0
0.0
0.0
0.0
0.0
0.0
0.0
0.0
0.0
0.0
0.0
0.0
0.0
0.0
0.0
0.0
0.0
0.0
0.0
0.0
0.0
0.0
0.0
0.0
0.0
0.0
0.0
0.0
0.0
0.0
0.0
0.0
0.0
0.0
0.0
0.0
0.0
0.0
0.0
0.0
0.0
0.0
0.0
0.0
0.0
0.0
0.0
0.0
0.0
0.0
0.0
0.0
-1.0
0.0
-1.0
0.0
0.0
0.0
0.0
0.0
0.0
0.0
0.0
0.0
0.0
0.0
0.0
0.0
0.0
0.0
0.0
0.0
0.0
0.0
0.0
0.0
0.0
0.0
0.0
0.0
0.0
0.0
0.0
0.0
0.0
0.0
0.0
0.0
0.0
0.0
0.0
0.0
0.0
0.0
0.0
0.0
0.0
0.0
0.0
0.0
0.0
0.0
0.0
0.0
-2.0
0.0
0.0
0.0
0.0
0.0
0.0
0.0
0.0
0.0
0.0
1.0
0.0
0.0
1.0
0.0
0.0
0.0
1.0
0.0
0.0
1.0
0.0
0.0
0.0
0.0
0.0
0.0
0.0
0.0
0.0
0.0
0.0
0.0
1.0
0.0
0.0
0.0
1.0
0.0
0.0
0.0
0.0
-1.0
0.0
0.0
0.0
0.0
0.0
1.0
0.0
1.0
0.0
0.0
0.0
0.0
0.0
0.0
0.0
0.0
0.0
0.0
0.0
0.0
0.0
0.0
0.0
0.0
0.0
0.0
0.0
0.0
0.0
1.0
0.0
0.0
0.0
0.0
0.0
0.0
0.0
0.0
0.0
0.0
0.0
0.0
0.0
0.0
0.0
0.0
0.0
0.0
0.0
0.0
0.0
0.0
0.0
0.0
0.0
0.0
0.0
0.0
0.0
0.0
0.0
0.0
0.0
0.0
0.0
0.0
0.0
0.0
0.0
0.0
0.0
1.0
0.0
0.0
0.0
-1.0
0.0
0.0
0.0
0.0
0.0
-1.0
0.0
0.0
0.0
0.0
0.0
0.0
-1.0
0.0
0.0
-1.0
0.0
0.0
0.0
0.0
0.0
0.0
0.0
0.0
0.0
0.0
0.0
0.0
-1.0
0.0
0.0
0.0
0.0
0.0
0.0
0.0
0.0
0.0
0.0
0.0
0.0
0.0
0.0
0.0
0.0
0.0
-1.0
0.0
0.0
0.0
0.0
0.0
0.0
0.0
0.0
0.0
0.0
0.0
0.0
-1.0
0.0
0.0
0.0
0.0
-1.0
1.0
0.0
0.0
0.0
0.0
0.0
0.0
0.0
0.0
0.0
0.0
0.0
0.0
-1.0
1.0
0.0
-1.0
0.0
0.0
-1.0
1.0
0.0
0.0
-1.0
0.0
0.0
0.0
0.0
0.0
0.0
0.0
0.0
-1.0
0.0
0.0
0.0
0.0
0.0
0.0
1.0
0.0
0.0
-1.0
0.0
0.0
-2.0
1.0
0.0
0.0
0.0
0.0
0.0
0.0
0.0
0.0
-1.0
0.0
1.0
0.0
0.0
0.0
0.0
0.0
0.0
0.0
0.0
0.0
0.0
0.0
0.0
0.0
0.0
1.0
0.0
0.0
0.0
0.0
0.0
0.0
0.0
0.0
0.0
0.0
0.0
0.0
0.0
0.0
0.0
-1.0
0.0
0.0
0.0
0.0
0.0
0.0
1.0
0.0
0.0
0.0
0.0
0.0
0.0
0.0
0.0
0.0
0.0
0.0
0.0
0.0
1.0
0.0
0.0
0.0
0.0
0.0
0.0
0.0
0.0
0.0
0.0
1.0
-1.0
0.0
-1.0
0.0
0.0
0.0
0.0
0.0
0.0
0.0
0.0
0.0
0.0
0.0
0.0
0.0
0.0
0.0
0.0
0.0
0.0
0.0
-1.0
1.0
0.0
0.0
1.0
0.0
0.0
-1.0
0.0
0.0
0.0
0.0
-1.0
0.0
0.0
0.0
0.0
0.0
-1.0
0.0
0.0
-1.0
0.0
0.0
0.0
0.0
0.0
0.0
0.0
0.0
0.0
0.0
0.0
0.0
0.0
0.0
0.0
0.0
0.0
0.0
0.0
0.0
0.0
0.0
0.0
0.0
0.0
1.0
0.0
0.0
0.0
0.0
0.0
0.0
0.0
0.0
0.0
-1.0
0.0
-1.0
0.0
1.0
0.0
0.0
0.0
1.0
0.0
0.0
0.0
0.0
0.0
0.0
0.0
0.0
0.0
0.0
0.0
0.0
0.0
-1.0
0.0
0.0
1.0
0.0
0.0
0.0
1.0
0.0
0.0
0.0
0.0
0.0
0.0
0.0
0.0
-1.0
0.0
0.0
0.0
-1.0
0.0
0.0
0.0
0.0
0.0
-1.0
0.0
0.0
0.0
0.0
0.0
0.0
0.0
1.0
1.0
0.0
0.0
0.0
0.0
0.0
0.0
0.0
0.0
0.0
0.0
0.0
1.0
0.0
0.0
0.0
0.0
0.0
0.0
0.0
0.0
0.0
0.0
0.0
0.0
0.0
0.0
0.0
0.0
0.0
1.0
0.0
0.0
0.0
0.0
0.0
-1.0
0.0
0.0
-1.0
1.0
0.0
0.0
1.0
0.0
0.0
0.0
0.0
0.0
0.0
0.0
1.0
0.0
1.0
0.0
0.0
0.0
0.0
0.0
0.0
0.0
0.0
0.0
0.0
0.0
0.0
0.0
0.0
0.0
0.0
1.0
0.0
0.0
0.0
0.0
0.0
0.0
0.0
0.0
0.0
0.0
0.0
0.0
0.0
0.0
0.0
-1.0
0.0
0.0
0.0
0.0
0.0
0.0
0.0
0.0
0.0
0.0
0.0
0.0
0.0
0.0
1.0
0.0
0.0
0.0
0.0
0.0
0.0
0.0
0.0
0.0
1.0
0.0
0.0
0.0
0.0
0.0
-1.0
0.0
0.0
0.0
0.0
0.0
0.0
0.0
0.0
-1.0
0.0
0.0
0.0
0.0
0.0
0.0
0.0
0.0
-1.0
-1.0
0.0
1.0
0.0
0.0
0.0
1.0
0.0
2.0
0.0
0.0
0.0
0.0
0.0
0.0
0.0
0.0
0.0
0.0
0.0
0.0
0.0
0.0
0.0
0.0
0.0
0.0
0.0
0.0
0.0
0.0
0.0
0.0
0.0
0.0
0.0
0.0
0.0
0.0
0.0
0.0
0.0
0.0
0.0
0.0
0.0
0.0
0.0
0.0
0.0
0.0
0.0
0.0
0.0
0.0
0.0
0.0
0.0
0.0
0.0
0.0
0.0
0.0
0.0
0.0
0.0
0.0
0.0
0.0
0.0
0.0
1.0
0.0
0.0
0.0
0.0
0.0
0.0
0.0
0.0
0.0
0.0
0.0
0.0
0.0
0.0
0.0
0.0
0.0
0.0
0.0
1.0
0.0
0.0
1.0
0.0
0.0
0.0
0.0
0.0
1.0
0.0
0.0
0.0
0.0
0.0
0.0
0.0
0.0
0.0
-1.0
0.0
0.0
0.0
0.0
1.0
0.0
0.0
0.0
0.0
0.0
0.0
0.0
1.0
-1.0
0.0
0.0
0.0
0.0
0.0
0.0
0.0
0.0
0.0
0.0
0.0
0.0
-1.0
0.0
1.0
0.0
1.0
0.0
1.0
0.0
0.0
0.0
0.0
0.0
0.0
0.0
0.0
0.0
0.0
-1.0
0.0
0.0
0.0
0.0
0.0
0.0
0.0
0.0
-1.0
-1.0
0.0
0.0
0.0
0.0
0.0
0.0
0.0
0.0
0.0
1.0
0.0
0.0
0.0
0.0
1.0
0.0
0.0
-1.0
0.0
0.0
0.0
0.0
-1.0
0.0
0.0
0.0
0.0
0.0
0.0
0.0
0.0
0.0
0.0
-1.0
0.0
0.0
0.0
0.0
0.0
0.0
0.0
0.0
0.0
0.0
0.0
0.0
0.0
0.0
0.0
0.0
0.0
0.0
0.0
0.0
0.0
0.0
0.0
0.0
0.0
1.0
0.0
0.0
0.0
0.0
0.0
1.0
0.0
0.0
0.0
0.0
0.0
-1.0
0.0
0.0
0.0
0.0
0.0
0.0
0.0
0.0
-1.0
0.0
0.0
0.0
1.0
0.0
0.0
0.0
0.0
0.0
0.0
0.0
0.0
0.0
0.0
0.0
0.0
-1.0
0.0
-1.0
0.0
0.0
0.0
0.0
0.0
0.0
-1.0
0.0
0.0
0.0
0.0
0.0
0.0
0.0
0.0
1.0
-1.0
0.0
0.0
0.0
0.0
0.0
-2.0
0.0
0.0
0.0
0.0
0.0
0.0
0.0
0.0
0.0
0.0
0.0
0.0
0.0
0.0
0.0
0.0
1.0
0.0
0.0
0.0
0.0
0.0
0.0
0.0
0.0
0.0
0.0
-1.0
0.0
0.0
0.0
0.0
-1.0
0.0
0.0
-2.0
0.0
0.0
0.0
0.0
0.0
-2.0
0.0
-1.0
0.0
0.0
0.0
0.0
0.0
2.0
0.0
0.0
0.0
0.0
0.0
0.0
0.0
0.0
0.0
0.0
0.0
0.0
1.0
0.0
0.0
0.0
-1.0
0.0
0.0
0.0
0.0
-1.0
0.0
0.0
0.0
0.0
-1.0
0.0
-1.0
0.0
0.0
0.0
0.0
0.0
0.0
0.0
0.0
0.0
0.0
0.0
0.0
0.0
1.0
0.0
0.0
0.0
0.0
0.0
0.0
0.0
0.0
0.0
0.0
0.0
0.0
0.0
-1.0
1.0
0.0
0.0
0.0
0.0
0.0
0.0
-1.0
1.0
0.0
0.0
0.0
0.0
0.0
0.0
0.0
0.0
0.0
0.0
0.0
1.0
0.0
0.0
0.0
0.0
-1.0
0.0
1.0
0.0
0.0
0.0
0.0
0.0
1.0
-1.0
0.0
0.0
0.0
0.0
0.0
0.0
0.0
0.0
-1.0
-2.0
0.0
0.0
0.0
0.0
0.0
0.0
0.0
0.0
0.0
0.0
1.0
1.0
1.0
-1.0
0.0
0.0
-1.0
0.0
0.0
-2.0
1.0
0.0
0.0
-1.0
0.0
0.0
-1.0
0.0
1.0
0.0
1.0
0.0
0.0
0.0
0.0
0.0
0.0
0.0
0.0
0.0
1.0
0.0
0.0
-1.0
0.0
2.0
0.0
0.0
1.0
0.0
0.0
0.0
0.0
0.0
1.0
0.0
-1.0
0.0
-1.0
0.0
0.0
0.0
0.0
0.0
0.0
-1.0
-1.0
0.0
0.0
0.0
1.0
0.0
0.0
0.0
0.0
0.0
0.0
0.0
0.0
0.0
0.0
1115.0
103376.0
100.0
100440.0
1048.0
122880.0
0.0
0.0
0.0
0.0
4484.0
126976.0
0.0
0.0
0.0
0.0
0.0
0.0
0.0
0.0
0.0
0.0
0.0
0.0
572.0
81920.0
0.0
0.0
0.0
0.0
