0.47175446
0.061442547
0.00930158
0.009502045
0.010143533
0.010764975
0.009582231
0.009782696
0.0011827439
0.0013631625
0.0010825114
0.0016638602
0.00068158127
0.0018843717
0.0008018603
0.0008018603
0.0018041857
0.00126293
0.00064148824
0.0010825114
0.0010223719
0.0018041857
0.0025459065
0.0007617673
0.0011626974
0.00090209284
0.00040093015
0.001102558
0.00056130224
0.00062144175
0.00068158127
0.0013230696
0.0033076738
0.0014433486
0.00088204636
0.0048312084
0.0021449763
0.0019846042
0.0013230696
0.0011226045
0.0016438137
0.00096223236
0.002485767
0.0009822788
0.002726325
0.0013230696
0.0031072088
0.0011827439
0.005212092
0.004851255
0.005091813
0.006976185
0.0047109295
0.0043099993
0.0040493947
0.0042298133
0.0042298133
0.00378879
0.0029267902
0.0007216743
0.0007417208
0.0008419533
0.00096223236
0.0007216743
0.002726325
0.003548232
0.0016237672
0.0047309757
0.00252586
0.002205116
0.0023454414
0.0016438137
0.0009221394
0.0018041857
0.0007417208
0.0013230696
0.0016237672
0.0017039531
0.0008419533
0.0012027904
0.0018643253
0.0010825114
0.0011626974
0.0021650228
0.0014032555
0.001503488
0.001142651
0.0014032555
0.0013631625
0.0010624649
0.00070162775
0.0010424184
0.0042498596
0.00062144175
0.0006615348
0.0010223719
0.001343116
0.008359394
0.004530511
0.0062144175
0.0068559055
0.014313207
0.003909069
0.0030470693
0.0018643253
0.0046307435
0.0017039531
0.0014633951
0.0038088365
0.0032274877
0.004109534
0.0053524175
0.0026461391
0.0010023254
0.004450325
0.0052922782
0.0062745567
0.0026461391
0.0012428835
0.0014032555
0.0032876274
0.0015836741
0.0007617673
0.0005412557
0.0006013952
0.0010023254
0.00048111618
0.0011827439
0.0014433486
0.0010023254
0.0005813487
0.00126293
0.0011226045
0.001222837
0.0010023254
0.00036083715
0.00096223236
0.0015435811
0.0012428835
0.0009822788
0.0009221394
0.0014032555
0.0006615348
0.00064148824
0.0012428835
0.0007417208
0.0005212092
0.0007818138
0.00088204636
0.0008419533
0.0007216743
0.0006013952
0.0009822788
0.0010023254
0.00044102318
0.00068158127
0.0006615348
0.0036284178
0.0006013952
0.0007617673
0.00378879
0.0057533477
0.001303023
0.00090209284
0.0010825114
0.0017039531
0.0007617673
0.00068158127
0.0012829765
0.001503488
0.0005212092
0.00056130224
0.0005813487
0.0017440462
0.00064148824
0.00056130224
0.00126293
0.0012428835
0.0007617673
0.0006615348
0.00082190684
0.0012428835
0.001503488
0.0010825114
0.0015435811
0.00096223236
0.0005412557
0.0006013952
0.00056130224
0.0007417208
0.0007417208
0.0011226045
0.0018442788
0.0010624649
0.0010424184
0.001222837
0.0009221394
0.0022251625
0.0006013952
0.0006615348
0.0017640927
0.0010424184
0.0007216743
0.00044102318
0.0005212092
0.0005813487
0.0004610697
0.0006013952
0.0010223719
0.00064148824
0.00056130224
0.0009221394
0.00048111618
0.0006615348
0.00064148824
0.00034079063
0.0012829765
0.00042097666
0.0005412557
0.0009822788
0.0006013952
0.00088204636
0.0007417208
0.0008619998
0.0015636276
0.0012829765
0.0007617673
0.0010825114
0.00048111618
0.002245209
0.0021449763
0.00056130224
0.001222837
0.0011626974
0.00048111618
0.0008619998
0.00090209284
0.0007617673
0.0009822788
0.0005813487
0.00064148824
0.00088204636
0.0005412557
0.00056130224
0.00062144175
0.00064148824
0.0014834416
0.0007417208
0.0009822788
0.0007417208
0.0008018603
0.0008619998
0.00064148824
0.0007617673
0.0014233021
0.0047309757
0.14851022
1.0388962e-05
1.0388962e-05
2.0777925e-05
0.00010388963
2.0777925e-05
0.0
3.116689e-05
1.0388962e-05
2.0777925e-05
0.0
2.0777925e-05
0.00013505651
2.0777925e-05
1.0388962e-05
1.0388962e-05
0.04074551
9.350067e-05
0.00015583444
8.31117e-05
6.233378e-05
0.00017661236
0.00020777926
0.00012466755
0.00015583444
8.31117e-05
6.233378e-05
0.00015583444
0.00013505651
6.233378e-05
9.350067e-05
0.00015583444
0.01932347
5.1944815e-05
5.1944815e-05
7.272274e-05
0.0006441157
8.31117e-05
7.272274e-05
6.233378e-05
4.155585e-05
4.155585e-05
7.272274e-05
5.1944815e-05
0.00051944813
6.233378e-05
6.233378e-05
6.233378e-05
0.018897524
6.233378e-05
6.233378e-05
9.350067e-05
0.00074800535
0.00010388963
7.272274e-05
9.350067e-05
5.1944815e-05
6.233378e-05
7.272274e-05
7.272274e-05
0.00065450463
8.31117e-05
7.272274e-05
7.272274e-05
0.0
0.0
0.0
0.0
0.0
0.0
0.0
0.0
0.0
0.0
0.0
0.0
0.0
0.0
0.0
0.0
0.017848238
0.00012466755
0.0002493351
0.00022855718
0.00025972407
0.00031166887
0.000280502
0.00020777926
0.00027011303
0.00011427859
0.00011427859
0.00027011303
0.00032205784
0.00017661236
0.0002493351
0.0002493351
0.010991523
0.0
0.00010388963
0.005838597
0.00025972407
0.0004778923
0.003314079
0.00029089095
0.0
0.0
0.0
0.0
0.0
0.0
0.0
0.0
0.09706408
0.00070644944
0.0017557347
0.022606382
0.0048308675
0.0046438663
0.024684176
0.007500831
0.00091422873
0.00072722737
0.00088306185
0.00072722737
0.00091422873
0.0006337267
0.00096617354
0.00065450463
0.050718915
0.0007895612
0.0018700133
0.004851646
0.0032517454
0.0028881317
0.008965675
0.0043010307
0.00065450463
0.00079995015
0.0016310671
0.0007895612
0.00096617354
0.00067528256
0.0011947308
0.0007583943
0.044527095
0.0014648438
0.0034491357
0.0022751829
0.0050074803
0.0018700133
0.013110871
0.0068567153
0.0012674534
0.00041555852
0.0004778923
0.0008103391
0.00090383977
0.00032205784
0.001122008
0.0012258976
0.0629675
0.00280502
0.01161486
0.0056515955
0.002493351
0.0018180684
0.0054230387
0.0020985706
0.002784242
0.0050074803
0.0117706945
0.0020466256
0.0022751829
0.0009765625
0.0045503657
0.003376413
0.038802776
0.0029400764
0.0044360873
0.003085522
0.0040205284
0.0022959607
0.0060879323
0.0043633645
0.0025660738
0.002244016
0.0023167387
0.0028569647
0.0026387966
0.0023582946
0.001942736
0.0021505153
0.016985955
0.002264794
0.001984292
0.0012570645
0.003314079
0.0015375665
0.0024310173
0.001921958
0.0023998504
0.0007168384
0.0009453956
0.0009765625
0.0014544547
0.001122008
0.0016414562
0.0015999003
0.008467005
0.0009869515
0.00093500665
0.0006441157
0.00077917223
0.0007376164
0.0009765625
0.0009453956
0.0007895612
0.00077917223
0.00072722737
0.0011635638
0.00070644944
0.0008934508
0.0006648936
0.0010804521
0.016695064
0.0034075798
0.0031062998
0.0024725732
0.0037192486
0.0034491357
0.0043425863
0.0032413565
0.0027530752
0.0020985706
0.0026803524
0.00330369
0.0027219083
0.0027219083
0.003064744
0.0040516956
0.008373504
0.002482962
0.0024517952
0.002223238
0.0023375165
0.001921958
0.002545296
0.0023375165
0.002264794
0.002524518
0.0023998504
0.0026803524
0.0018804022
0.0018907912
0.0020362367
0.00220246
267.0
12.588015
3361.0
0.016066646
0.0002975305
0.005355549
0.04730735
0.00595061
0.0124962805
0.0056530796
0.0068432014
0.006545671
0.0026777745
0.0062481402
0.0050580185
0.0062481402
0.007735793
0.011008629
0.002975305
0.005355549
0.00595061
0.0062481402
0.04760488
0.0074382625
0.001190122
0.0020827134
0.0008925915
0.0032728354
0.001190122
0.0038678965
0.002975305
0.0050580185
0.0026777745
0.004165427
0.0014876525
0.001785183
0.013983933
0.004165427
0.022314787
0.008330854
0.009520976
0.008330854
0.013983933
0.004165427
0.010711098
0.0008925915
0.001190122
0.008628384
0.009223445
0.0014876525
0.005355549
0.008628384
0.0026777745
0.0050580185
0.013388872
0.0056530796
0.0032728354
0.001785183
0.0074382625
0.0020827134
0.0002975305
0.000595061
0.001190122
0.000595061
0.0
0.001190122
0.0008925915
0.0008925915
0.036298722
0.007140732
0.022909848
0.027075276
0.09044927
0.0044629574
0.008033323
0.003570366
0.037191313
0.0026777745
0.002975305
0.029157989
0.021124665
0.033620946
0.04254686
0.01219875
0.0014876525
0.037488844
0.03481107
0.06456412
0.016364178
0.004760488
0.005355549
0.011306159
0.0044629574
0.002380244
0.0008925915
0.001190122
0.001190122
0.0008925915
0.001785183
5.614278
0.0
0.0
0.0
2.0
49884.0
53248.0
0.0
0.0
7.0
0.0
1.0
0.0
0.0
0.0
1097638000.0
0.0
0.0
0.0
0.0
0.0
1.0
0.0
0.0
0.0
0.0
0.0
0.0
-1.0
0.0
-1.0
-1.0
1.0
0.0
0.0
0.0
0.0
0.0
0.0
0.0
0.0
0.0
0.0
0.0
-1.0
0.0
0.0
0.0
0.0
0.0
0.0
0.0
0.0
0.0
0.0
0.0
0.0
-1.0
0.0
0.0
0.0
0.0
0.0
0.0
0.0
0.0
0.0
0.0
27.0
17.0
5.0
1.0
5.0
1.0
12288.0
1024.0
0.0
4.0
0.0
0.0
2.0
4.0
0.0
0.0
0.0
0.0
0.0
0.0
0.0
0.0
0.0
0.0
0.0
0.0
0.0
0.0
0.0
0.0
0.0
-1536.0
0.0
0.0
0.0
0.0
0.0
0.0
0.0
0.0
0.0
0.0
-8704.0
0.0
0.0
0.0
0.0
0.0
23552.0
0.0
0.0
0.0
0.0
0.0
0.0
0.0
0.0
6144.0
0.0
0.0
0.0
0.0
0.0
0.0
0.0
0.0
0.0
0.0
0.0
0.0
0.0
0.0
0.0
0.0
0.0
0.0
0.0
0.0
0.0
0.0
0.0
-3.8000562
0.0
0.0
0.0
0.0
0.0
0.0
0.0
0.0
0.0
0.0
-7.2447305
0.0
0.0
0.0
0.0
0.0
3.4925754
0.0
0.0
0.0
0.0
0.0
0.0
0.0
0.0
4.701767
0.0
0.0
0.0
0.0
0.0
0.0
0.0
0.0
0.0
0.0
0.0
0.0
0.0
0.0
0.0
0.0
0.0
0.0
0.0
0.0
0.0
0.0
0.0
-4096.0
0.0
0.0
0.0
0.0
0.0
0.0
0.0
0.0
0.0
0.0
-12288.0
0.0
0.0
0.0
0.0
0.0
24576.0
0.0
0.0
0.0
0.0
0.0
0.0
0.0
0.0
8192.0
0.0
0.0
0.0
0.0
0.0
0.0
0.0
0.0
0.0
0.0
0.0
0.0
0.0
0.0
0.0
0.0
0.0
0.0
1.0
0.0
0.0
0.0
0.0
0.0
0.0
0.0
-1.0
0.0
0.0
0.0
0.0
0.0
0.0
0.0
0.0
0.0
0.0
-1.0
0.0
0.0
0.0
0.0
0.0
0.0
0.0
-1.0
0.0
0.0
0.0
0.0
0.0
0.0
0.0
0.0
0.0
0.0
0.0
0.0
0.0
0.0
0.0
0.0
0.0
0.0
0.0
0.0
0.0
0.0
0.0
-1.0
0.0
0.0
0.0
0.0
0.0
0.0
0.0
0.0
0.0
1.0
0.0
0.0
0.0
0.0
1.0
0.0
0.0
0.0
0.0
0.0
0.0
0.0
0.0
1.0
0.0
0.0
0.0
0.0
0.0
0.0
0.0
0.0
0.0
-1.0
0.0
0.0
0.0
0.0
0.0
0.0
0.0
0.0
0.0
0.0
0.0
0.0
0.0
0.0
0.0
0.0
0.0
0.0
0.0
0.0
0.0
0.0
0.0
0.0
0.0
0.0
0.0
0.0
0.0
0.0
0.0
0.0
-1.0
0.0
0.0
0.0
0.0
0.0
0.0
0.0
0.0
0.0
0.0
0.0
0.0
-1.0
0.0
0.0
0.0
0.0
0.0
0.0
0.0
0.0
0.0
-1.0
0.0
0.0
0.0
0.0
0.0
0.0
0.0
0.0
0.0
0.0
0.0
0.0
0.0
0.0
0.0
0.0
0.0
0.0
0.0
0.0
0.0
0.0
0.0
0.0
0.0
0.0
0.0
0.0
0.0
0.0
0.0
0.0
0.0
0.0
0.0
0.0
0.0
0.0
0.0
0.0
0.0
0.0
1.0
0.0
0.0
0.0
0.0
0.0
0.0
0.0
0.0
0.0
0.0
0.0
0.0
0.0
0.0
0.0
0.0
0.0
0.0
0.0
0.0
1.0
0.0
0.0
0.0
0.0
0.0
0.0
0.0
0.0
0.0
0.0
0.0
0.0
0.0
0.0
0.0
0.0
0.0
0.0
0.0
0.0
0.0
0.0
1.0
0.0
0.0
0.0
0.0
0.0
0.0
0.0
0.0
0.0
0.0
0.0
0.0
0.0
0.0
0.0
0.0
0.0
0.0
0.0
0.0
0.0
0.0
0.0
0.0
0.0
0.0
0.0
0.0
0.0
1.0
0.0
0.0
0.0
0.0
0.0
0.0
0.0
0.0
0.0
0.0
0.0
0.0
0.0
0.0
0.0
0.0
0.0
0.0
0.0
0.0
0.0
0.0
0.0
0.0
0.0
0.0
0.0
0.0
0.0
0.0
0.0
0.0
0.0
0.0
0.0
0.0
0.0
0.0
0.0
0.0
0.0
0.0
0.0
0.0
0.0
0.0
0.0
0.0
0.0
0.0
0.0
0.0
0.0
0.0
0.0
0.0
0.0
0.0
0.0
0.0
0.0
0.0
0.0
0.0
0.0
0.0
0.0
0.0
0.0
0.0
0.0
0.0
0.0
0.0
0.0
0.0
0.0
0.0
0.0
0.0
0.0
0.0
0.0
0.0
0.0
0.0
0.0
0.0
0.0
0.0
0.0
0.0
0.0
0.0
0.0
0.0
0.0
0.0
0.0
0.0
0.0
0.0
0.0
0.0
0.0
0.0
0.0
0.0
0.0
0.0
0.0
0.0
0.0
0.0
0.0
0.0
0.0
0.0
0.0
0.0
0.0
0.0
0.0
0.0
0.0
0.0
0.0
0.0
0.0
0.0
0.0
0.0
0.0
0.0
0.0
0.0
0.0
0.0
0.0
0.0
0.0
0.0
0.0
0.0
0.0
0.0
0.0
0.0
0.0
0.0
0.0
0.0
0.0
0.0
0.0
0.0
0.0
0.0
0.0
0.0
0.0
0.0
0.0
0.0
0.0
0.0
0.0
0.0
0.0
0.0
0.0
0.0
0.0
0.0
0.0
0.0
0.0
0.0
0.0
0.0
0.0
0.0
0.0
0.0
0.0
0.0
0.0
0.0
0.0
0.0
0.0
0.0
0.0
0.0
0.0
0.0
0.0
0.0
0.0
0.0
0.0
0.0
0.0
0.0
0.0
0.0
0.0
0.0
0.0
0.0
0.0
0.0
0.0
0.0
0.0
0.0
-1.0
0.0
0.0
0.0
0.0
0.0
0.0
0.0
0.0
0.0
0.0
0.0
0.0
0.0
0.0
0.0
0.0
0.0
0.0
0.0
0.0
0.0
0.0
0.0
1.0
0.0
0.0
0.0
0.0
0.0
0.0
0.0
0.0
0.0
0.0
0.0
0.0
0.0
0.0
0.0
0.0
0.0
0.0
0.0
0.0
0.0
0.0
0.0
0.0
0.0
0.0
0.0
0.0
0.0
0.0
0.0
0.0
0.0
0.0
0.0
0.0
0.0
0.0
0.0
0.0
0.0
0.0
0.0
0.0
0.0
0.0
0.0
0.0
0.0
0.0
0.0
0.0
0.0
0.0
0.0
0.0
0.0
0.0
0.0
0.0
0.0
0.0
0.0
0.0
0.0
0.0
0.0
0.0
0.0
0.0
0.0
0.0
0.0
0.0
0.0
0.0
0.0
0.0
0.0
0.0
0.0
0.0
0.0
0.0
0.0
0.0
0.0
0.0
0.0
0.0
0.0
0.0
0.0
0.0
0.0
0.0
0.0
0.0
0.0
0.0
0.0
0.0
0.0
0.0
0.0
0.0
1.0
0.0
0.0
0.0
0.0
0.0
0.0
0.0
0.0
0.0
0.0
0.0
0.0
0.0
0.0
0.0
0.0
0.0
-1.0
0.0
0.0
0.0
0.0
0.0
0.0
0.0
0.0
0.0
0.0
0.0
0.0
0.0
0.0
0.0
0.0
0.0
0.0
0.0
0.0
0.0
0.0
0.0
0.0
0.0
0.0
0.0
0.0
0.0
0.0
0.0
0.0
0.0
0.0
0.0
0.0
0.0
0.0
0.0
0.0
0.0
0.0
0.0
0.0
0.0
0.0
0.0
0.0
0.0
0.0
0.0
0.0
0.0
0.0
0.0
0.0
0.0
0.0
0.0
0.0
0.0
0.0
0.0
0.0
0.0
0.0
0.0
0.0
0.0
0.0
0.0
0.0
0.0
0.0
0.0
0.0
0.0
0.0
0.0
0.0
0.0
0.0
0.0
0.0
0.0
0.0
0.0
0.0
0.0
0.0
0.0
0.0
0.0
0.0
0.0
0.0
0.0
0.0
0.0
0.0
0.0
0.0
0.0
0.0
0.0
0.0
0.0
0.0
0.0
0.0
0.0
0.0
0.0
0.0
0.0
0.0
0.0
0.0
0.0
0.0
0.0
0.0
0.0
0.0
0.0
0.0
0.0
0.0
0.0
0.0
0.0
0.0
0.0
0.0
0.0
0.0
0.0
0.0
0.0
0.0
0.0
0.0
0.0
0.0
0.0
0.0
0.0
0.0
0.0
0.0
0.0
0.0
0.0
0.0
0.0
0.0
0.0
0.0
0.0
0.0
0.0
0.0
0.0
0.0
0.0
0.0
0.0
0.0
0.0
0.0
0.0
0.0
0.0
0.0
0.0
0.0
0.0
0.0
0.0
0.0
0.0
0.0
0.0
0.0
0.0
0.0
0.0
0.0
0.0
0.0
0.0
0.0
0.0
0.0
0.0
0.0
0.0
0.0
0.0
0.0
1.0
0.0
0.0
0.0
0.0
0.0
0.0
0.0
0.0
0.0
0.0
0.0
0.0
0.0
0.0
0.0
0.0
0.0
0.0
0.0
0.0
0.0
0.0
0.0
0.0
0.0
0.0
0.0
0.0
0.0
0.0
0.0
0.0
0.0
0.0
0.0
0.0
0.0
0.0
0.0
0.0
0.0
0.0
0.0
0.0
0.0
0.0
0.0
0.0
0.0
0.0
0.0
0.0
0.0
0.0
0.0
0.0
0.0
0.0
0.0
0.0
0.0
0.0
0.0
0.0
0.0
0.0
0.0
0.0
0.0
0.0
0.0
0.0
0.0
0.0
0.0
0.0
0.0
0.0
0.0
0.0
0.0
0.0
0.0
0.0
0.0
0.0
0.0
0.0
0.0
0.0
0.0
0.0
0.0
0.0
0.0
0.0
0.0
0.0
0.0
0.0
0.0
0.0
0.0
0.0
0.0
0.0
0.0
0.0
0.0
0.0
0.0
0.0
0.0
0.0
0.0
0.0
0.0
0.0
0.0
0.0
0.0
0.0
0.0
0.0
0.0
0.0
0.0
0.0
0.0
1.0
0.0
0.0
0.0
0.0
0.0
0.0
0.0
0.0
0.0
0.0
0.0
0.0
1.0
0.0
0.0
0.0
0.0
0.0
0.0
0.0
0.0
0.0
0.0
0.0
0.0
0.0
0.0
0.0
0.0
0.0
0.0
0.0
0.0
0.0
0.0
0.0
0.0
0.0
0.0
0.0
0.0
0.0
0.0
0.0
0.0
0.0
0.0
0.0
0.0
0.0
0.0
0.0
0.0
0.0
0.0
0.0
0.0
0.0
0.0
0.0
0.0
0.0
0.0
0.0
0.0
0.0
0.0
0.0
0.0
0.0
0.0
0.0
0.0
0.0
0.0
0.0
0.0
0.0
0.0
0.0
0.0
0.0
0.0
0.0
0.0
0.0
0.0
0.0
0.0
0.0
0.0
0.0
0.0
0.0
0.0
0.0
0.0
0.0
0.0
0.0
0.0
0.0
0.0
0.0
0.0
0.0
0.0
0.0
0.0
0.0
0.0
0.0
0.0
0.0
0.0
0.0
0.0
0.0
0.0
0.0
0.0
0.0
0.0
0.0
0.0
0.0
0.0
0.0
0.0
0.0
0.0
0.0
0.0
0.0
0.0
0.0
0.0
0.0
0.0
0.0
0.0
0.0
0.0
0.0
0.0
0.0
0.0
0.0
0.0
0.0
0.0
0.0
0.0
0.0
0.0
0.0
0.0
0.0
0.0
0.0
0.0
0.0
0.0
0.0
0.0
0.0
0.0
0.0
0.0
0.0
0.0
0.0
0.0
0.0
0.0
0.0
0.0
0.0
0.0
0.0
0.0
0.0
0.0
0.0
0.0
0.0
0.0
0.0
0.0
0.0
0.0
0.0
0.0
0.0
0.0
0.0
0.0
0.0
0.0
0.0
0.0
0.0
0.0
0.0
0.0
0.0
0.0
0.0
0.0
0.0
0.0
0.0
0.0
0.0
0.0
0.0
0.0
0.0
0.0
0.0
0.0
0.0
0.0
0.0
0.0
0.0
0.0
0.0
0.0
0.0
0.0
0.0
0.0
0.0
0.0
0.0
0.0
0.0
0.0
0.0
0.0
0.0
0.0
0.0
0.0
0.0
0.0
0.0
0.0
0.0
0.0
0.0
0.0
0.0
0.0
0.0
0.0
0.0
0.0
0.0
0.0
0.0
0.0
0.0
0.0
0.0
0.0
0.0
0.0
0.0
0.0
0.0
0.0
0.0
0.0
0.0
0.0
0.0
0.0
0.0
0.0
0.0
0.0
0.0
0.0
0.0
0.0
0.0
0.0
0.0
0.0
0.0
0.0
0.0
0.0
0.0
0.0
0.0
0.0
0.0
0.0
0.0
0.0
0.0
0.0
0.0
0.0
0.0
0.0
0.0
0.0
0.0
0.0
0.0
0.0
0.0
0.0
0.0
0.0
0.0
0.0
0.0
0.0
0.0
0.0
0.0
0.0
0.0
0.0
0.0
0.0
0.0
0.0
0.0
0.0
0.0
0.0
0.0
0.0
0.0
0.0
0.0
0.0
0.0
0.0
0.0
0.0
0.0
0.0
0.0
0.0
0.0
0.0
0.0
0.0
0.0
0.0
0.0
0.0
0.0
0.0
0.0
0.0
0.0
0.0
0.0
0.0
0.0
0.0
0.0
0.0
0.0
0.0
0.0
0.0
0.0
0.0
0.0
0.0
0.0
0.0
0.0
0.0
0.0
0.0
0.0
0.0
0.0
0.0
0.0
0.0
0.0
0.0
0.0
0.0
0.0
0.0
0.0
0.0
0.0
0.0
0.0
0.0
0.0
0.0
0.0
0.0
0.0
0.0
0.0
0.0
0.0
0.0
0.0
0.0
0.0
0.0
0.0
0.0
0.0
0.0
0.0
0.0
0.0
0.0
0.0
0.0
0.0
0.0
0.0
0.0
0.0
0.0
0.0
0.0
0.0
0.0
0.0
0.0
0.0
0.0
0.0
0.0
0.0
0.0
0.0
0.0
0.0
0.0
0.0
0.0
0.0
0.0
0.0
0.0
0.0
0.0
0.0
0.0
0.0
0.0
0.0
0.0
0.0
0.0
0.0
0.0
0.0
0.0
0.0
0.0
0.0
0.0
0.0
0.0
0.0
0.0
0.0
0.0
0.0
0.0
0.0
0.0
0.0
0.0
0.0
0.0
0.0
0.0
0.0
0.0
0.0
0.0
0.0
0.0
0.0
0.0
0.0
0.0
0.0
0.0
0.0
0.0
0.0
0.0
0.0
0.0
0.0
0.0
0.0
0.0
0.0
0.0
0.0
0.0
0.0
0.0
0.0
0.0
0.0
0.0
0.0
0.0
0.0
0.0
0.0
0.0
0.0
0.0
0.0
0.0
0.0
0.0
0.0
0.0
0.0
0.0
0.0
0.0
0.0
0.0
0.0
160.0
49152.0
5360.0
40960.0
0.0
0.0
0.0
0.0
0.0
0.0
0.0
0.0
0.0
0.0
0.0
0.0
0.0
0.0
0.0
0.0
0.0
0.0
0.0
0.0
0.0
0.0
0.0
0.0
