0.040298406
0.004538416
0.0010868824
0.0010187088
0.0011170736
0.00039638096
0.00025516417
0.00038664186
0.0018153663
0.00043825904
0.0002171817
0.0003028857
0.0010459783
0.0002834075
0.00026295544
0.00057363237
0.004313443
0.00016848625
0.00018017316
0.00017530362
0.0008385356
0.00065738853
0.00043923294
0.00015874716
0.0006125888
0.00019088616
0.0014793677
0.00017530362
0.00051422394
0.00018796443
0.00016556453
0.00011492126
0.00049571967
0.00013926899
6.9147536e-05
0.0001188169
0.0011920646
0.0001305038
0.0001743297
8.180836e-05
0.00028145968
9.446917e-05
0.00019088616
0.00049182406
0.00033015513
9.9338715e-05
0.8503628
7.206926e-05
0.0004129374
0.00022497297
0.00030483352
0.00085119647
0.0003262595
0.0003243117
0.00024250333
0.00021036433
0.000556102
0.00032820733
0.0002590598
0.00071095355
0.0003262595
0.00035060724
0.00020159916
0.00041780696
0.0010878564
0.00050448487
0.00026879887
0.00034573767
0.00065738853
0.0010898041
0.0006836841
0.00022107734
0.00041391133
0.00019088616
0.00011492126
0.00027659014
0.00042754604
0.00058434537
0.00032041606
0.00015387761
0.0013663943
0.00034378987
0.0001421907
0.0009320309
0.00040904176
0.000545389
0.0011219431
0.0007664664
0.00030678132
0.00037690278
0.00013147772
0.00030872916
0.00025321633
0.00038274622
0.00043144167
0.00038664186
0.00015679935
0.00036521588
0.00019186008
0.00036132024
0.00037398105
0.0009651438
0.00057363237
0.00017140798
0.000888205
0.0005414934
0.0007187448
0.00017043407
0.0005658411
0.00016459062
0.0005113022
0.0006145366
0.00042072867
0.00014803416
0.00066517986
0.0004772154
0.0016351931
0.0011199954
0.00038177232
0.00019672961
0.00058824103
0.0002181556
9.349526e-05
7.499099e-05
0.00037787668
0.00035547678
0.00031165086
0.000106156076
0.00033307687
0.0003135987
0.0001305038
0.0012427078
0.0003885897
0.0010761694
0.00022594689
0.00013147772
0.0004557894
0.0018640618
0.00036716368
0.004123531
0.00014511244
0.0012592643
0.0001519298
0.00015582543
0.0006301191
0.0001188169
0.00014998198
0.00014803416
0.00017627752
0.00012368643
0.0001616689
7.7912715e-05
0.00030580742
0.000111999536
7.0121445e-05
0.00010128653
0.00014803416
6.1356266e-05
0.0001295299
0.00016751235
0.00027853798
8.959963e-05
0.00010031262
0.00010128653
0.000107129985
0.00019088616
0.000106156076
6.330408e-05
0.00024737287
0.000112973445
8.862572e-05
0.0001519298
0.00017627752
0.00010420826
0.00021036433
9.349526e-05
0.00025419024
9.9338715e-05
7.0121445e-05
6.427799e-05
0.0001509559
0.00010420826
7.109535e-05
8.2782266e-05
0.00056778896
0.00020841652
9.349526e-05
0.00013537335
0.0002512685
9.252135e-05
0.00015777325
0.0001421907
0.0007791272
0.0003885897
0.00039151142
0.0005638933
0.00039345922
0.00016069498
0.00025613807
0.0005181196
0.00036813758
0.0004869545
0.00019575571
0.00015387761
0.0002590598
8.180836e-05
0.00018309489
0.00013634725
0.00029412052
0.0027016236
0.00023665988
0.00045968505
0.0001412168
7.59649e-05
0.00028730315
0.00030970306
0.00029996395
0.0001509559
0.00011686908
0.00014706026
0.00020939043
0.00010031262
0.00010226044
8.3756175e-05
0.00029801615
0.00023471206
0.00013439944
5.3564992e-05
0.00018406879
6.1356266e-05
0.0001626428
0.00013245162
0.0014783938
0.00042072867
0.00014608634
0.0004450764
0.0004898762
0.00013732117
0.00017627752
9.544308e-05
0.000566815
0.0002064687
0.00010226044
0.0002054948
0.00032918123
6.719972e-05
0.00021133825
0.00022399907
0.0005580498
0.00022205125
0.0001421907
0.00021133825
0.0006281713
0.0003583985
0.0002512685
0.005382795
0.015544026
0.0019228818
0.77831787
7.0242255e-05
4.390141e-06
4.390141e-05
0.00023414085
0.00015853287
1.4633804e-06
0.000113168084
3.9023478e-05
8.4388266e-05
0.00016243522
0.0024945757
5.365728e-06
4.390141e-06
0.002016538
0.00038974697
0.043878485
9.414414e-05
0.0
1.268263e-05
0.0
0.0003575526
5.8535215e-06
0.0
0.0
0.0
0.00011707043
2.7316433e-05
4.097465e-05
1.268263e-05
0.00082241977
0.00013609437
0.018484445
7.268123e-05
0.0
2.7804226e-05
0.0
8.2437095e-05
5.0242725e-05
0.0
0.0
0.0
5.0242725e-05
5.073052e-05
0.00017511785
2.7804226e-05
0.0008863207
9.268076e-06
1.1707043e-05
2.4389674e-06
9.268076e-06
5.8535215e-06
2.4877467e-05
8.780282e-06
9.7558695e-06
1.560939e-05
2.9267608e-06
1.9511738e-06
1.9511738e-06
1.9511738e-06
2.9267608e-06
3.4145542e-06
0.0021165358
7.804695e-06
0.00051706104
0.00012243616
2.390188e-05
1.6097185e-05
8.92662e-05
4.5852586e-05
8.780282e-06
6.341315e-06
7.804695e-06
7.3169017e-06
6.8291083e-06
8.292489e-06
7.804695e-06
4.8779348e-06
0.000819493
2.682864e-05
0.00081607845
3.8535683e-05
3.4633336e-05
2.3414086e-05
9.2680755e-05
5.073052e-05
2.1950706e-05
1.1707043e-05
1.1707043e-05
9.268076e-06
5.8535215e-06
1.560939e-05
1.268263e-05
6.8291083e-06
0.0028062759
0.0003126756
4.4876997e-05
2.9755402e-05
7.902254e-05
5.7071833e-05
0.00016243522
0.00010194883
8.585165e-05
6.243756e-05
1.9023944e-05
3.121878e-05
4.8779344e-05
1.9023944e-05
4.5852586e-05
8.9753994e-05
0.0039438102
0.00059462024
0.0001341432
0.00010682677
5.365728e-05
4.7315967e-05
0.00027755447
0.00019609297
7.46324e-05
7.3169016e-05
2.7316433e-05
2.0487325e-05
3.5121127e-05
1.707277e-05
2.6340847e-05
0.0003658451
0.0038057645
0.00015463053
0.0007731526
0.00015609391
0.00038389346
0.0003799911
0.0011048522
0.0006970568
0.00010975353
0.00010633897
5.3169486e-05
5.512066e-05
5.2681695e-05
5.8535214e-05
4.9754934e-05
5.1218314e-05
0.0029018833
0.00075656764
0.008625652
0.00071266625
0.00071998313
0.00059120567
0.0010102203
0.0007404705
0.00065803336
0.000387308
0.00032291928
0.00023462865
0.00020975119
0.0004102343
0.0003799911
0.0003195047
0.0010833893
0.0001273141
5.0242725e-05
0.00038291787
0.0001717033
0.00015560612
0.00043608734
0.00024731128
2.9755402e-05
4.0486855e-05
0.00011707043
3.219437e-05
2.8292021e-05
3.073099e-05
3.268216e-05
3.121878e-05
0.0016063038
0.00033316293
0.00017267889
0.0015824019
0.0003356019
0.00026389625
0.00085949205
0.00054974324
0.00017414226
0.0001863371
0.00021853147
0.00015072818
0.00012828968
0.0001497526
0.00013365541
0.00014828921
0.0
0.0
0.0
0.0
0.0
0.0
0.0
0.0
0.0
0.0
0.0
0.0
0.0
0.0
0.0
0.0
0.005609137
0.0017628856
0.0009243686
0.00075120194
0.001792641
0.0018765414
0.0007219343
0.0013687485
0.0042047794
0.00041169766
0.00027121315
0.0005146221
0.0014867944
0.0005892545
0.0010985108
0.0025896954
0.009115396
0.0033774818
0.0015994747
0.0014892335
0.0033194344
0.004300387
0.001787763
0.0021594616
0.0065305787
0.00085900427
0.00073315355
0.0008999789
0.002588232
0.0013375296
0.0022326307
0.0056223073
0.0006112052
0.00044437984
0.00041218547
0.00041267325
0.0004043808
0.0004029174
0.0005160855
0.0004029174
0.00039755166
0.00038974697
0.00039267374
0.00050145166
0.00039755166
0.000505354
0.0004034052
0.00039852725
4653.0
189.61896
882297.0
0.00010540668
1.4734267e-05
1.1334052e-05
7.933836e-06
4.8736423e-05
9.067241e-06
4.5336205e-06
3.1735344e-05
2.9468534e-05
1.0200647e-05
7.820496e-05
3.7402373e-05
3.7402373e-05
1.4734267e-05
0.98949784
1.1334052e-05
9.860625e-05
5.440345e-05
9.180582e-05
0.00010654009
0.0001088069
0.0001088069
8.1605176e-05
6.460409e-05
0.00017681121
7.593815e-05
6.57375e-05
6.0070473e-05
7.253793e-05
9.2939226e-05
6.68709e-05
7.593815e-05
8.047177e-05
9.180582e-05
2.833513e-05
0.00013714202
9.5206036e-05
5.7803663e-05
7.367134e-05
0.00010767349
4.8736423e-05
0.00010087306
1.9267889e-05
7.9338366e-05
7.367134e-05
5.7803663e-05
3.6268964e-05
5.1003233e-05
0.00013827543
5.440345e-05
4.3069398e-05
0.0003014858
7.027112e-05
4.3069398e-05
0.00013487521
0.00018247824
3.286875e-05
2.2668104e-05
1.8134482e-05
2.1534699e-05
1.9267889e-05
2.2668104e-05
2.3801509e-05
9.747285e-05
2.3801509e-05
0.00031055303
8.3871986e-05
0.00029355194
0.00019834591
0.00080131745
5.5536853e-05
9.633944e-05
0.00012580797
0.0004125595
5.893707e-05
5.667026e-05
0.0003060194
0.0001088069
0.00041029268
0.0004998317
0.00024708232
1.0200647e-05
0.00053610065
0.00028108447
0.00075598125
0.00011560733
0.00011334052
6.0070473e-05
7.140452e-05
8.273858e-05
1.9267889e-05
9.067241e-06
0.00010087306
5.667026e-06
1.4734267e-05
1.7001077e-05
0.1447965
0.0
0.0
0.0
2.0
1026790.0
135168.0
0.0
39.0
139.0
1.0
1.0
0.0
0.0
0.0
1307629700.0
0.0
0.0
0.0
0.0
0.0
1.0
0.0
0.0
0.0
0.0
-1.0
0.0
-1.0
1.0
-1.0
-1.0
0.0
0.0
0.0
0.0
0.0
0.0
0.0
0.0
0.0
0.0
0.0
0.0
-1.0
0.0
0.0
0.0
0.0
0.0
0.0
0.0
0.0
0.0
0.0
0.0
0.0
-1.0
0.0
0.0
0.0
0.0
0.0
0.0
0.0
0.0
0.0
0.0
6.0
0.0
4.0
0.0
4.0
0.0
77824.0
4096.0
4096.0
5.0
0.0
0.0
1.0
1.0
0.0
0.0
0.0
0.0
0.0
-8192.0
0.0
0.0
0.0
0.0
0.0
0.0
0.0
0.0
24576.0
0.0
0.0
0.0
0.0
0.0
0.0
0.0
0.0
0.0
0.0
0.0
0.0
0.0
0.0
0.0
0.0
0.0
-12288.0
0.0
0.0
0.0
0.0
0.0
0.0
0.0
0.0
-77824.0
0.0
4096.0
0.0
0.0
0.0
0.0
0.0
0.0
0.0
0.0
0.0
0.0
0.0
-6.3716784
0.0
0.0
0.0
0.0
0.0
0.0
0.0
0.0
6.445061
0.0
0.0
0.0
0.0
0.0
0.0
0.0
0.0
0.0
0.0
0.0
0.0
0.0
0.0
0.0
0.0
0.0
-3.7103977
0.0
0.0
0.0
0.0
0.0
0.0
0.0
0.0
-6.621935
0.0
3.3983302
0.0
0.0
0.0
0.0
0.0
0.0
0.0
0.0
0.0
0.0
0.0
-5036.0
0.0
0.0
0.0
0.0
0.0
0.0
0.0
0.0
22571.0
0.0
0.0
0.0
0.0
0.0
0.0
0.0
0.0
0.0
0.0
0.0
0.0
0.0
0.0
0.0
0.0
0.0
-13089.0
0.0
0.0
0.0
0.0
0.0
0.0
0.0
0.0
-75346.0
0.0
1048.0
0.0
0.0
0.0
0.0
0.0
0.0
0.0
0.0
0.0
-1.0
0.0
0.0
0.0
0.0
0.0
1.0
0.0
0.0
0.0
0.0
0.0
0.0
0.0
0.0
0.0
0.0
0.0
0.0
0.0
0.0
0.0
0.0
0.0
0.0
0.0
0.0
0.0
0.0
0.0
0.0
0.0
0.0
0.0
0.0
0.0
-2.0
0.0
0.0
0.0
1.0
0.0
0.0
0.0
0.0
0.0
0.0
0.0
0.0
0.0
0.0
0.0
0.0
0.0
0.0
0.0
0.0
0.0
0.0
0.0
-1.0
0.0
0.0
0.0
0.0
0.0
0.0
0.0
0.0
0.0
1.0
0.0
0.0
0.0
0.0
1.0
0.0
0.0
0.0
0.0
0.0
0.0
0.0
0.0
0.0
0.0
0.0
0.0
0.0
0.0
0.0
0.0
0.0
0.0
0.0
0.0
0.0
0.0
0.0
0.0
0.0
0.0
0.0
0.0
0.0
0.0
0.0
0.0
0.0
0.0
0.0
0.0
0.0
0.0
0.0
0.0
0.0
0.0
0.0
0.0
0.0
0.0
0.0
0.0
0.0
0.0
0.0
-1.0
0.0
0.0
0.0
0.0
0.0
0.0
0.0
0.0
0.0
0.0
0.0
0.0
0.0
0.0
0.0
0.0
0.0
0.0
0.0
0.0
-1.0
0.0
0.0
0.0
0.0
0.0
0.0
0.0
0.0
0.0
0.0
0.0
0.0
0.0
0.0
0.0
0.0
0.0
0.0
0.0
0.0
0.0
0.0
0.0
0.0
0.0
0.0
0.0
0.0
0.0
0.0
0.0
0.0
0.0
0.0
0.0
0.0
0.0
0.0
0.0
0.0
0.0
0.0
0.0
0.0
0.0
0.0
0.0
0.0
0.0
0.0
0.0
0.0
0.0
0.0
0.0
0.0
0.0
0.0
0.0
0.0
0.0
0.0
0.0
0.0
0.0
1.0
0.0
0.0
0.0
0.0
0.0
0.0
0.0
0.0
0.0
0.0
0.0
0.0
0.0
0.0
0.0
0.0
0.0
0.0
0.0
0.0
0.0
0.0
0.0
0.0
0.0
0.0
0.0
0.0
0.0
0.0
0.0
0.0
0.0
0.0
0.0
0.0
0.0
0.0
0.0
0.0
0.0
0.0
0.0
0.0
0.0
0.0
0.0
0.0
0.0
0.0
0.0
0.0
0.0
0.0
0.0
0.0
0.0
0.0
0.0
0.0
0.0
0.0
0.0
0.0
0.0
0.0
0.0
0.0
0.0
0.0
0.0
0.0
0.0
0.0
0.0
0.0
0.0
0.0
0.0
0.0
0.0
0.0
0.0
1.0
0.0
0.0
0.0
0.0
0.0
0.0
0.0
0.0
0.0
0.0
0.0
0.0
0.0
0.0
0.0
0.0
0.0
0.0
0.0
0.0
0.0
0.0
0.0
0.0
0.0
0.0
0.0
0.0
0.0
0.0
0.0
0.0
0.0
0.0
0.0
0.0
0.0
0.0
0.0
0.0
0.0
0.0
0.0
0.0
0.0
0.0
0.0
0.0
0.0
0.0
0.0
0.0
0.0
0.0
0.0
-1.0
0.0
-1.0
0.0
0.0
0.0
0.0
0.0
0.0
0.0
0.0
0.0
0.0
0.0
0.0
0.0
0.0
0.0
0.0
0.0
0.0
0.0
0.0
0.0
0.0
0.0
0.0
0.0
0.0
0.0
0.0
0.0
0.0
0.0
0.0
0.0
0.0
0.0
0.0
0.0
0.0
0.0
0.0
0.0
0.0
0.0
0.0
0.0
0.0
0.0
0.0
0.0
-2.0
0.0
0.0
0.0
0.0
0.0
0.0
0.0
0.0
0.0
0.0
1.0
0.0
0.0
1.0
0.0
0.0
0.0
1.0
0.0
0.0
1.0
0.0
0.0
0.0
0.0
0.0
0.0
0.0
0.0
0.0
0.0
0.0
0.0
1.0
0.0
0.0
0.0
1.0
0.0
0.0
0.0
0.0
-1.0
0.0
0.0
0.0
0.0
0.0
1.0
0.0
1.0
0.0
0.0
0.0
0.0
0.0
0.0
0.0
0.0
0.0
0.0
0.0
0.0
0.0
0.0
0.0
0.0
0.0
0.0
0.0
0.0
0.0
1.0
0.0
0.0
0.0
0.0
0.0
0.0
0.0
0.0
0.0
0.0
0.0
0.0
0.0
0.0
0.0
0.0
0.0
0.0
0.0
0.0
0.0
0.0
0.0
0.0
0.0
0.0
0.0
0.0
0.0
0.0
0.0
0.0
0.0
0.0
0.0
0.0
0.0
0.0
0.0
0.0
0.0
1.0
0.0
0.0
0.0
-1.0
0.0
0.0
0.0
0.0
0.0
-1.0
0.0
0.0
0.0
0.0
0.0
0.0
-1.0
0.0
0.0
-1.0
0.0
0.0
0.0
0.0
0.0
0.0
0.0
0.0
0.0
0.0
0.0
0.0
-1.0
0.0
0.0
0.0
0.0
0.0
0.0
0.0
0.0
0.0
0.0
0.0
0.0
0.0
0.0
0.0
0.0
0.0
-1.0
0.0
0.0
0.0
0.0
0.0
0.0
0.0
0.0
0.0
0.0
0.0
0.0
-1.0
0.0
0.0
0.0
0.0
-1.0
1.0
0.0
0.0
0.0
0.0
0.0
0.0
0.0
0.0
0.0
0.0
0.0
0.0
-1.0
1.0
0.0
-1.0
0.0
0.0
-1.0
1.0
0.0
0.0
-1.0
0.0
0.0
0.0
0.0
0.0
0.0
0.0
0.0
-1.0
0.0
0.0
0.0
0.0
0.0
0.0
1.0
0.0
0.0
-1.0
0.0
0.0
-2.0
1.0
0.0
0.0
0.0
0.0
0.0
0.0
0.0
0.0
-1.0
0.0
1.0
0.0
0.0
0.0
0.0
0.0
0.0
0.0
0.0
0.0
0.0
0.0
0.0
0.0
0.0
1.0
0.0
0.0
0.0
0.0
0.0
0.0
0.0
0.0
0.0
0.0
0.0
0.0
0.0
0.0
0.0
-1.0
0.0
0.0
0.0
0.0
0.0
0.0
1.0
0.0
0.0
0.0
0.0
0.0
0.0
0.0
0.0
0.0
0.0
0.0
0.0
0.0
1.0
0.0
0.0
0.0
0.0
0.0
0.0
0.0
0.0
0.0
0.0
1.0
-1.0
0.0
-1.0
0.0
0.0
0.0
0.0
0.0
0.0
0.0
0.0
0.0
0.0
0.0
0.0
0.0
0.0
0.0
0.0
0.0
0.0
0.0
-1.0
1.0
0.0
0.0
1.0
0.0
0.0
-1.0
0.0
0.0
0.0
0.0
-1.0
0.0
0.0
0.0
0.0
0.0
-1.0
0.0
0.0
-1.0
0.0
0.0
0.0
0.0
0.0
0.0
0.0
0.0
0.0
0.0
0.0
0.0
0.0
0.0
0.0
0.0
0.0
0.0
0.0
0.0
0.0
0.0
0.0
0.0
0.0
1.0
0.0
0.0
0.0
0.0
0.0
0.0
0.0
0.0
0.0
-1.0
0.0
-1.0
0.0
1.0
0.0
0.0
0.0
1.0
0.0
0.0
0.0
0.0
0.0
0.0
0.0
0.0
0.0
0.0
0.0
0.0
0.0
-1.0
0.0
0.0
1.0
0.0
0.0
0.0
1.0
0.0
0.0
0.0
0.0
0.0
0.0
0.0
0.0
-1.0
0.0
0.0
0.0
-1.0
0.0
0.0
0.0
0.0
0.0
-1.0
0.0
0.0
0.0
0.0
0.0
0.0
0.0
1.0
1.0
0.0
0.0
0.0
0.0
0.0
0.0
0.0
0.0
0.0
0.0
0.0
1.0
0.0
0.0
0.0
0.0
0.0
0.0
0.0
0.0
0.0
0.0
0.0
0.0
0.0
0.0
0.0
0.0
0.0
1.0
0.0
0.0
0.0
0.0
0.0
-1.0
0.0
0.0
-1.0
1.0
0.0
0.0
1.0
0.0
0.0
0.0
0.0
0.0
0.0
0.0
1.0
0.0
1.0
0.0
0.0
0.0
0.0
0.0
0.0
0.0
0.0
0.0
0.0
0.0
0.0
0.0
0.0
0.0
0.0
1.0
0.0
0.0
0.0
0.0
0.0
0.0
0.0
0.0
0.0
0.0
0.0
0.0
0.0
0.0
0.0
-1.0
0.0
0.0
0.0
0.0
0.0
0.0
0.0
0.0
0.0
0.0
0.0
0.0
0.0
0.0
1.0
0.0
0.0
0.0
0.0
0.0
0.0
0.0
0.0
0.0
1.0
0.0
0.0
0.0
0.0
0.0
-1.0
0.0
0.0
0.0
0.0
0.0
0.0
0.0
0.0
-1.0
0.0
0.0
0.0
0.0
0.0
0.0
0.0
0.0
-1.0
-1.0
0.0
1.0
0.0
0.0
0.0
1.0
0.0
2.0
0.0
0.0
0.0
0.0
0.0
0.0
0.0
0.0
0.0
0.0
0.0
0.0
0.0
0.0
0.0
0.0
0.0
0.0
0.0
0.0
0.0
0.0
0.0
0.0
0.0
0.0
0.0
0.0
0.0
0.0
0.0
0.0
0.0
0.0
0.0
0.0
0.0
0.0
0.0
0.0
0.0
0.0
0.0
0.0
0.0
0.0
0.0
0.0
0.0
0.0
0.0
0.0
0.0
0.0
0.0
0.0
0.0
0.0
0.0
0.0
0.0
0.0
1.0
0.0
0.0
0.0
0.0
0.0
0.0
0.0
0.0
0.0
0.0
0.0
0.0
0.0
0.0
0.0
0.0
0.0
0.0
0.0
1.0
0.0
0.0
1.0
0.0
0.0
0.0
0.0
0.0
1.0
0.0
0.0
0.0
0.0
0.0
0.0
0.0
0.0
0.0
-1.0
0.0
0.0
0.0
0.0
1.0
0.0
0.0
0.0
0.0
0.0
0.0
0.0
1.0
-1.0
0.0
0.0
0.0
0.0
0.0
0.0
0.0
0.0
0.0
0.0
0.0
0.0
-1.0
0.0
1.0
0.0
1.0
0.0
1.0
0.0
0.0
0.0
0.0
0.0
0.0
0.0
0.0
0.0
0.0
-1.0
0.0
0.0
0.0
0.0
0.0
0.0
0.0
0.0
-1.0
-1.0
0.0
0.0
0.0
0.0
0.0
0.0
0.0
0.0
0.0
1.0
0.0
0.0
0.0
0.0
1.0
0.0
0.0
-1.0
0.0
0.0
0.0
0.0
-1.0
0.0
0.0
0.0
0.0
0.0
0.0
0.0
0.0
0.0
0.0
-1.0
0.0
0.0
0.0
0.0
0.0
0.0
0.0
0.0
0.0
0.0
0.0
0.0
0.0
0.0
0.0
0.0
0.0
0.0
0.0
0.0
0.0
0.0
0.0
0.0
0.0
1.0
0.0
0.0
0.0
0.0
0.0
1.0
0.0
0.0
0.0
0.0
0.0
-1.0
0.0
0.0
0.0
0.0
0.0
0.0
0.0
0.0
-1.0
0.0
0.0
0.0
1.0
0.0
0.0
0.0
0.0
0.0
0.0
0.0
0.0
0.0
0.0
0.0
0.0
-1.0
0.0
-1.0
0.0
0.0
0.0
0.0
0.0
0.0
-1.0
0.0
0.0
0.0
0.0
0.0
0.0
0.0
0.0
1.0
-1.0
0.0
0.0
0.0
0.0
0.0
-2.0
0.0
0.0
0.0
0.0
0.0
0.0
0.0
0.0
0.0
0.0
0.0
0.0
0.0
0.0
0.0
0.0
1.0
0.0
0.0
0.0
0.0
0.0
0.0
0.0
0.0
0.0
0.0
-1.0
0.0
0.0
0.0
0.0
-1.0
0.0
0.0
-2.0
0.0
0.0
0.0
0.0
0.0
-2.0
0.0
-1.0
0.0
0.0
0.0
0.0
0.0
2.0
0.0
0.0
0.0
0.0
0.0
0.0
0.0
0.0
0.0
0.0
0.0
0.0
1.0
0.0
0.0
0.0
-1.0
0.0
0.0
0.0
0.0
-1.0
0.0
0.0
0.0
0.0
-1.0
0.0
-1.0
0.0
0.0
0.0
0.0
0.0
0.0
0.0
0.0
0.0
0.0
0.0
0.0
0.0
1.0
0.0
0.0
0.0
0.0
0.0
0.0
0.0
0.0
0.0
0.0
0.0
0.0
0.0
-1.0
1.0
0.0
0.0
0.0
0.0
0.0
0.0
-1.0
1.0
0.0
0.0
0.0
0.0
0.0
0.0
0.0
0.0
0.0
0.0
0.0
1.0
0.0
0.0
0.0
0.0
-1.0
0.0
1.0
0.0
0.0
0.0
0.0
0.0
1.0
-1.0
0.0
0.0
0.0
0.0
0.0
0.0
0.0
0.0
-1.0
-2.0
0.0
0.0
0.0
0.0
0.0
0.0
0.0
0.0
0.0
0.0
1.0
1.0
1.0
-1.0
0.0
0.0
-1.0
0.0
0.0
-2.0
1.0
0.0
0.0
-1.0
0.0
0.0
-1.0
0.0
1.0
0.0
1.0
0.0
0.0
0.0
0.0
0.0
0.0
0.0
0.0
0.0
1.0
0.0
0.0
-1.0
0.0
2.0
0.0
0.0
1.0
0.0
0.0
0.0
0.0
0.0
1.0
0.0
-1.0
0.0
-1.0
0.0
0.0
0.0
0.0
0.0
0.0
-1.0
-1.0
0.0
0.0
0.0
1.0
0.0
0.0
0.0
0.0
0.0
0.0
0.0
0.0
0.0
0.0
1115.0
103376.0
100.0
100440.0
1048.0
122880.0
0.0
0.0
0.0
0.0
4484.0
126976.0
0.0
0.0
0.0
0.0
0.0
0.0
0.0
0.0
0.0
0.0
0.0
0.0
572.0
81920.0
0.0
0.0
0.0
0.0
