0.06644511
0.007178017
0.0018997684
0.001652481
0.0018379466
0.0005731052
0.00043776547
0.00066333165
0.0029574232
0.0008655058
0.0003726019
0.0005196376
0.0015589129
0.0005279919
0.0003726019
0.0009841368
0.0060685654
0.00028905887
0.0003091092
0.00022222445
0.001438611
0.0011278308
0.0007535581
0.00019381983
0.00081537996
0.00032748867
0.0014720281
0.00030075488
0.0008036839
0.00024394564
0.0001269854
0.00019716154
0.0010025164
0.0001604026
0.0001186311
0.00020384499
0.0020451334
0.00022389532
0.00014202314
0.00011194766
0.00040434825
0.00016207347
0.0002489582
0.0006867237
0.00040936083
0.00017042777
0.75914544
0.00012364368
0.00070844486
0.00038596877
0.00052297936
0.0014603321
0.00055973826
0.00055639655
0.00041604426
0.00036090586
0.0005797886
0.0008287468
0.00036591844
0.0011411977
0.00048120783
0.0004444489
0.00034586812
0.0003759436
0.0015522294
0.00070844486
0.0004611575
0.00051462505
0.00097076996
0.0020217411
0.0011729441
0.00037928534
0.00063158525
0.00032748867
0.00019716154
0.0003174635
0.0007335078
0.0010025164
0.0005497131
0.00026399596
0.0021487267
0.00051128335
0.00024394564
0.0015605837
0.0007017614
0.0009356819
0.0017677704
0.0013149673
0.00036926017
0.000646623
0.00014703572
0.0006432813
0.00043442374
0.00057811773
0.0007401912
0.0005964972
0.00026900854
0.0006265727
0.000215541
0.00061988924
0.0006416104
0.0020334374
0.0009841368
0.00029407145
0.0015238248
0.00092899846
0.0011545647
0.00021387015
0.0011228183
0.00028237543
0.0010292501
0.000922315
0.00087386003
0.00017544035
0.0014837241
0.00097076996
0.0026683642
0.0019214896
0.00065497734
0.00033751383
0.0011428687
0.00029574233
0.0001604026
0.00012865626
0.0005697634
0.0006098641
0.00045614492
0.0001821238
0.00049290387
0.0003809562
0.00014536487
0.0020534876
0.0005881429
0.0018463009
0.0003091092
0.00014703572
0.0007034323
0.0031194966
0.0006299144
0.006995893
0.0002489582
0.0020818922
0.00026065425
0.00018880724
0.0010025164
0.00020384499
0.00017878208
0.0002539708
0.00022389532
0.00021219929
0.00027736285
0.00013366884
0.00030075488
0.00019214896
0.00012030196
9.523905e-05
0.0002539708
0.00010526421
0.00014369401
0.00013032713
0.0003208052
0.00015371917
0.00017209863
0.0001737695
0.00018379466
0.0002489582
0.00010359335
0.000108605935
0.00042439857
0.00019381983
0.0001520483
0.00026065425
0.00022389532
0.00010025163
0.00036758932
0.0001604026
0.000431082
0.00017042777
0.00012030196
0.00011027679
0.00021052842
0.00017878208
0.00012197282
0.00014202314
0.0008170508
0.00035756416
0.0001604026
0.00015371917
0.000431082
0.00015873175
0.0002289079
0.0001904781
0.0013366884
0.0005881429
0.0006716859
0.0008888978
0.00067502767
0.00019716154
0.00043943632
0.0008203925
0.00063158525
0.0007568998
0.00026900854
0.00026399596
0.0004444489
0.00014035229
0.00031412177
0.00023392048
0.0005045999
0.0027719575
0.0004060191
0.00063158525
0.00024227478
0.00013032713
0.0004143734
0.00037427276
0.00051462505
0.00018045293
0.00012197282
0.00025229994
0.00033751383
9.356819e-05
0.00017544035
0.00014369401
0.0004327529
0.00039766481
0.00023057875
9.189733e-05
0.00031579263
0.00010526421
0.00011696024
0.00022723703
0.0025363662
0.0006432813
0.00017209863
0.00068505283
0.00084044284
0.00015706089
0.00030242576
0.00016374433
0.00081537996
0.00035422243
0.00013701056
0.00035255158
0.00056475087
0.000115289375
0.00032414694
0.00038429792
0.0009574031
0.0003809562
0.00024394564
0.00036257674
0.0009991745
0.0005363462
0.000431082
0.009234847
0.021573154
0.0011164304
0.63145316
0.0
7.5377893e-06
8.375322e-07
0.00016080617
1.926324e-05
2.5125964e-06
4.8576865e-05
0.0
8.375322e-07
0.000143218
0.0024129301
7.5377893e-06
0.0
0.0033777673
0.0006457373
0.073783234
7.5377895e-05
2.5125964e-06
6.365244e-05
1.5075579e-05
0.0006063733
1.0050386e-05
0.0
2.5125964e-06
2.5125964e-06
0.00020100772
8.375321e-05
3.2663753e-05
0.0
0.0009949883
0.00013651774
0.02222978
1.6750642e-05
0.0
3.3501285e-05
0.0
6.700257e-05
8.626581e-05
0.0
0.0
0.0
8.626581e-05
0.000103853985
0.00025879743
0.0
0.0017177785
4.69018e-05
0.003037729
2.2613369e-05
2.5125964e-05
1.0050386e-05
9.7991266e-05
8.877841e-05
1.6750642e-05
2.680103e-05
1.4238047e-05
1.2562982e-05
3.3501287e-06
5.025193e-06
1.4238047e-05
5.862725e-06
0.00644816
0.00043551673
0.029142769
0.0004916314
0.00018174447
2.7638562e-05
0.0009975008
0.0012043712
1.5075579e-05
1.08879185e-05
0.00015410592
0.00015326838
1.172545e-05
1.4238047e-05
0.00015410592
8.375321e-06
0.0013626649
5.862725e-06
2.8476094e-05
4.1039075e-05
2.9313625e-05
1.7588176e-05
0.00014656813
6.951517e-05
5.025193e-06
0.0
2.5125964e-06
3.3501287e-06
0.0
0.0
1.6750644e-06
1.6750644e-06
0.0048183226
0.0005368581
7.705296e-05
5.108946e-05
0.00013568021
9.7991266e-05
0.00027889822
0.00017504422
0.00014740566
0.00010720412
3.2663753e-05
5.360206e-05
8.375321e-05
3.2663753e-05
7.872802e-05
0.00015410592
0.0067714476
0.0010209517
0.00023032134
0.00018341954
9.212854e-05
8.124062e-05
0.0004765558
0.00033668792
0.00012814242
0.00012562983
4.69018e-05
3.5176352e-05
6.0302315e-05
2.9313625e-05
4.5226738e-05
0.00062814914
0.0064598857
0.00019682005
0.000182582
0.00022194603
0.0006088859
0.0006147486
0.001876072
0.0011675198
0.00013400514
0.00014908072
6.197738e-05
7.370283e-05
7.370283e-05
6.2814914e-05
5.1926992e-05
7.119023e-05
0.0038568357
0.00017336916
0.00015159333
0.00052010745
0.00039280258
0.00038191467
0.0013827656
0.0007789049
0.0002160833
0.00010217892
6.197738e-05
5.108946e-05
7.872802e-05
7.119023e-05
8.961594e-05
0.00026717276
0.001860159
0.00021859589
8.626581e-05
0.00065746275
0.00029481133
0.00026717276
0.0007487538
0.00042462882
5.108946e-05
6.951517e-05
0.00020100772
5.5277123e-05
4.8576865e-05
5.2764528e-05
5.6114655e-05
5.360206e-05
0.0027579933
0.00057203445
0.0002964864
0.0027169543
0.00057622214
0.0004531049
0.0014757317
0.00094389875
0.000298999
0.00031993727
0.0003752144
0.00025879743
0.00022027096
0.00025712236
0.0002294838
0.00025460977
0.0
0.0
0.0
0.0
0.0
0.0
0.0
0.0
0.0
0.0
0.0
0.0
0.0
0.0
0.0
0.0
0.0096307825
0.0030268412
0.0015871235
0.0012897996
0.0030779308
0.0032219861
0.0012395476
0.0023501152
0.0072195274
0.00070687715
0.0004656679
0.0008835964
0.002552798
0.0010117389
0.0018861224
0.004446458
0.015650963
0.005799073
0.002746268
0.0025569857
0.0056994064
0.0073836837
0.0030695554
0.003707755
0.011212881
0.0014748941
0.0012588109
0.0015452468
0.004443946
0.0022965132
0.0038333847
0.009653396
0.0010494278
0.0007629918
0.0007077147
0.0007085522
0.00069431413
0.00069180154
0.000886109
0.00069180154
0.0006825887
0.0006691882
0.0006742134
0.00086098304
0.0006825887
0.0008676833
0.0006926391
0.00068426377
2900.0
159.65724
463006.0
0.00020086132
2.807739e-05
2.1597993e-05
1.5118595e-05
9.287136e-05
1.7278393e-05
8.6391965e-06
2.3757791e-05
5.615478e-05
1.9438194e-05
0.00014902615
7.1273374e-05
7.1273374e-05
2.807739e-05
0.98104775
2.1597993e-05
0.00018790254
0.00010367036
0.00017494374
0.00020302113
0.00020734072
0.00020734072
0.00015550555
0.00012310856
0.00017926334
0.00014470654
0.00012526836
0.00011446936
0.00013822714
0.00017710353
0.00012742815
0.00014470654
0.00015334574
0.00017494374
5.399498e-05
0.0002613357
0.00018142314
0.00011014976
0.00014038695
0.00020518093
9.287136e-05
0.00019222213
3.671659e-05
4.9675382e-05
0.00014038695
0.00011014976
6.911357e-05
9.719097e-05
0.00026349552
0.00010367036
8.207237e-05
0.00052483124
0.00013390755
8.207237e-05
0.0002570161
0.00034772768
6.263418e-05
4.3195985e-05
3.4556786e-05
4.1036186e-05
3.671659e-05
4.3195985e-05
4.5355784e-05
9.9350764e-05
4.5355784e-05
0.000591785
0.00011446936
0.000559388
0.00037796487
0.0015269781
0.000105830164
0.00018358293
0.00023973771
0.00078616693
0.00011230956
0.00010798996
0.00058314577
0.00020734072
0.00078184734
0.0006868162
0.00047083624
1.9438194e-05
0.0008747187
0.0005356302
0.0012699619
0.00022029952
0.00021597992
0.00011446936
0.00013606735
0.00015766534
3.671659e-05
1.7278393e-05
0.00019222213
1.0798996e-05
2.807739e-05
3.2396987e-05
0.24537118
0.0
0.0
0.0
2.0
598494.0
135168.0
0.0
39.0
139.0
1.0
1.0
0.0
0.0
0.0
1307629700.0
0.0
0.0
0.0
0.0
0.0
1.0
0.0
0.0
0.0
0.0
-1.0
0.0
-1.0
1.0
-1.0
-1.0
0.0
0.0
0.0
0.0
0.0
0.0
0.0
0.0
0.0
0.0
0.0
0.0
-1.0
0.0
0.0
0.0
0.0
0.0
0.0
0.0
0.0
0.0
0.0
0.0
0.0
-1.0
0.0
0.0
0.0
0.0
0.0
0.0
0.0
0.0
0.0
0.0
6.0
0.0
4.0
0.0
4.0
0.0
77824.0
4096.0
4096.0
5.0
0.0
0.0
1.0
1.0
0.0
0.0
0.0
0.0
0.0
-8192.0
0.0
0.0
0.0
0.0
0.0
0.0
0.0
0.0
24576.0
0.0
0.0
0.0
0.0
0.0
0.0
0.0
0.0
0.0
0.0
0.0
0.0
0.0
0.0
0.0
0.0
0.0
-12288.0
0.0
0.0
0.0
0.0
0.0
0.0
0.0
0.0
-77824.0
0.0
4096.0
0.0
0.0
0.0
0.0
0.0
0.0
0.0
0.0
0.0
0.0
0.0
-6.3716784
0.0
0.0
0.0
0.0
0.0
0.0
0.0
0.0
6.445061
0.0
0.0
0.0
0.0
0.0
0.0
0.0
0.0
0.0
0.0
0.0
0.0
0.0
0.0
0.0
0.0
0.0
-3.7103977
0.0
0.0
0.0
0.0
0.0
0.0
0.0
0.0
-6.621935
0.0
3.3983302
0.0
0.0
0.0
0.0
0.0
0.0
0.0
0.0
0.0
0.0
0.0
-5036.0
0.0
0.0
0.0
0.0
0.0
0.0
0.0
0.0
22571.0
0.0
0.0
0.0
0.0
0.0
0.0
0.0
0.0
0.0
0.0
0.0
0.0
0.0
0.0
0.0
0.0
0.0
-13089.0
0.0
0.0
0.0
0.0
0.0
0.0
0.0
0.0
-75346.0
0.0
1048.0
0.0
0.0
0.0
0.0
0.0
0.0
0.0
0.0
0.0
-1.0
0.0
0.0
0.0
0.0
0.0
1.0
0.0
0.0
0.0
0.0
0.0
0.0
0.0
0.0
0.0
0.0
0.0
0.0
0.0
0.0
0.0
0.0
0.0
0.0
0.0
0.0
0.0
0.0
0.0
0.0
0.0
0.0
0.0
0.0
0.0
-2.0
0.0
0.0
0.0
1.0
0.0
0.0
0.0
0.0
0.0
0.0
0.0
0.0
0.0
0.0
0.0
0.0
0.0
0.0
0.0
0.0
0.0
0.0
0.0
-1.0
0.0
0.0
0.0
0.0
0.0
0.0
0.0
0.0
0.0
1.0
0.0
0.0
0.0
0.0
1.0
0.0
0.0
0.0
0.0
0.0
0.0
0.0
0.0
0.0
0.0
0.0
0.0
0.0
0.0
0.0
0.0
0.0
0.0
0.0
0.0
0.0
0.0
0.0
0.0
0.0
0.0
0.0
0.0
0.0
0.0
0.0
0.0
0.0
0.0
0.0
0.0
0.0
0.0
0.0
0.0
0.0
0.0
0.0
0.0
0.0
0.0
0.0
0.0
0.0
0.0
0.0
-1.0
0.0
0.0
0.0
0.0
0.0
0.0
0.0
0.0
0.0
0.0
0.0
0.0
0.0
0.0
0.0
0.0
0.0
0.0
0.0
0.0
-1.0
0.0
0.0
0.0
0.0
0.0
0.0
0.0
0.0
0.0
0.0
0.0
0.0
0.0
0.0
0.0
0.0
0.0
0.0
0.0
0.0
0.0
0.0
0.0
0.0
0.0
0.0
0.0
0.0
0.0
0.0
0.0
0.0
0.0
0.0
0.0
0.0
0.0
0.0
0.0
0.0
0.0
0.0
0.0
0.0
0.0
0.0
0.0
0.0
0.0
0.0
0.0
0.0
0.0
0.0
0.0
0.0
0.0
0.0
0.0
0.0
0.0
0.0
0.0
0.0
0.0
1.0
0.0
0.0
0.0
0.0
0.0
0.0
0.0
0.0
0.0
0.0
0.0
0.0
0.0
0.0
0.0
0.0
0.0
0.0
0.0
0.0
0.0
0.0
0.0
0.0
0.0
0.0
0.0
0.0
0.0
0.0
0.0
0.0
0.0
0.0
0.0
0.0
0.0
0.0
0.0
0.0
0.0
0.0
0.0
0.0
0.0
0.0
0.0
0.0
0.0
0.0
0.0
0.0
0.0
0.0
0.0
0.0
0.0
0.0
0.0
0.0
0.0
0.0
0.0
0.0
0.0
0.0
0.0
0.0
0.0
0.0
0.0
0.0
0.0
0.0
0.0
0.0
0.0
0.0
0.0
0.0
0.0
0.0
0.0
1.0
0.0
0.0
0.0
0.0
0.0
0.0
0.0
0.0
0.0
0.0
0.0
0.0
0.0
0.0
0.0
0.0
0.0
0.0
0.0
0.0
0.0
0.0
0.0
0.0
0.0
0.0
0.0
0.0
0.0
0.0
0.0
0.0
0.0
0.0
0.0
0.0
0.0
0.0
0.0
0.0
0.0
0.0
0.0
0.0
0.0
0.0
0.0
0.0
0.0
0.0
0.0
0.0
0.0
0.0
0.0
-1.0
0.0
-1.0
0.0
0.0
0.0
0.0
0.0
0.0
0.0
0.0
0.0
0.0
0.0
0.0
0.0
0.0
0.0
0.0
0.0
0.0
0.0
0.0
0.0
0.0
0.0
0.0
0.0
0.0
0.0
0.0
0.0
0.0
0.0
0.0
0.0
0.0
0.0
0.0
0.0
0.0
0.0
0.0
0.0
0.0
0.0
0.0
0.0
0.0
0.0
0.0
0.0
-2.0
0.0
0.0
0.0
0.0
0.0
0.0
0.0
0.0
0.0
0.0
1.0
0.0
0.0
1.0
0.0
0.0
0.0
1.0
0.0
0.0
1.0
0.0
0.0
0.0
0.0
0.0
0.0
0.0
0.0
0.0
0.0
0.0
0.0
1.0
0.0
0.0
0.0
1.0
0.0
0.0
0.0
0.0
-1.0
0.0
0.0
0.0
0.0
0.0
1.0
0.0
1.0
0.0
0.0
0.0
0.0
0.0
0.0
0.0
0.0
0.0
0.0
0.0
0.0
0.0
0.0
0.0
0.0
0.0
0.0
0.0
0.0
0.0
1.0
0.0
0.0
0.0
0.0
0.0
0.0
0.0
0.0
0.0
0.0
0.0
0.0
0.0
0.0
0.0
0.0
0.0
0.0
0.0
0.0
0.0
0.0
0.0
0.0
0.0
0.0
0.0
0.0
0.0
0.0
0.0
0.0
0.0
0.0
0.0
0.0
0.0
0.0
0.0
0.0
0.0
1.0
0.0
0.0
0.0
-1.0
0.0
0.0
0.0
0.0
0.0
-1.0
0.0
0.0
0.0
0.0
0.0
0.0
-1.0
0.0
0.0
-1.0
0.0
0.0
0.0
0.0
0.0
0.0
0.0
0.0
0.0
0.0
0.0
0.0
-1.0
0.0
0.0
0.0
0.0
0.0
0.0
0.0
0.0
0.0
0.0
0.0
0.0
0.0
0.0
0.0
0.0
0.0
-1.0
0.0
0.0
0.0
0.0
0.0
0.0
0.0
0.0
0.0
0.0
0.0
0.0
-1.0
0.0
0.0
0.0
0.0
-1.0
1.0
0.0
0.0
0.0
0.0
0.0
0.0
0.0
0.0
0.0
0.0
0.0
0.0
-1.0
1.0
0.0
-1.0
0.0
0.0
-1.0
1.0
0.0
0.0
-1.0
0.0
0.0
0.0
0.0
0.0
0.0
0.0
0.0
-1.0
0.0
0.0
0.0
0.0
0.0
0.0
1.0
0.0
0.0
-1.0
0.0
0.0
-2.0
1.0
0.0
0.0
0.0
0.0
0.0
0.0
0.0
0.0
-1.0
0.0
1.0
0.0
0.0
0.0
0.0
0.0
0.0
0.0
0.0
0.0
0.0
0.0
0.0
0.0
0.0
1.0
0.0
0.0
0.0
0.0
0.0
0.0
0.0
0.0
0.0
0.0
0.0
0.0
0.0
0.0
0.0
-1.0
0.0
0.0
0.0
0.0
0.0
0.0
1.0
0.0
0.0
0.0
0.0
0.0
0.0
0.0
0.0
0.0
0.0
0.0
0.0
0.0
1.0
0.0
0.0
0.0
0.0
0.0
0.0
0.0
0.0
0.0
0.0
1.0
-1.0
0.0
-1.0
0.0
0.0
0.0
0.0
0.0
0.0
0.0
0.0
0.0
0.0
0.0
0.0
0.0
0.0
0.0
0.0
0.0
0.0
0.0
-1.0
1.0
0.0
0.0
1.0
0.0
0.0
-1.0
0.0
0.0
0.0
0.0
-1.0
0.0
0.0
0.0
0.0
0.0
-1.0
0.0
0.0
-1.0
0.0
0.0
0.0
0.0
0.0
0.0
0.0
0.0
0.0
0.0
0.0
0.0
0.0
0.0
0.0
0.0
0.0
0.0
0.0
0.0
0.0
0.0
0.0
0.0
0.0
1.0
0.0
0.0
0.0
0.0
0.0
0.0
0.0
0.0
0.0
-1.0
0.0
-1.0
0.0
1.0
0.0
0.0
0.0
1.0
0.0
0.0
0.0
0.0
0.0
0.0
0.0
0.0
0.0
0.0
0.0
0.0
0.0
-1.0
0.0
0.0
1.0
0.0
0.0
0.0
1.0
0.0
0.0
0.0
0.0
0.0
0.0
0.0
0.0
-1.0
0.0
0.0
0.0
-1.0
0.0
0.0
0.0
0.0
0.0
-1.0
0.0
0.0
0.0
0.0
0.0
0.0
0.0
1.0
1.0
0.0
0.0
0.0
0.0
0.0
0.0
0.0
0.0
0.0
0.0
0.0
1.0
0.0
0.0
0.0
0.0
0.0
0.0
0.0
0.0
0.0
0.0
0.0
0.0
0.0
0.0
0.0
0.0
0.0
1.0
0.0
0.0
0.0
0.0
0.0
-1.0
0.0
0.0
-1.0
1.0
0.0
0.0
1.0
0.0
0.0
0.0
0.0
0.0
0.0
0.0
1.0
0.0
1.0
0.0
0.0
0.0
0.0
0.0
0.0
0.0
0.0
0.0
0.0
0.0
0.0
0.0
0.0
0.0
0.0
1.0
0.0
0.0
0.0
0.0
0.0
0.0
0.0
0.0
0.0
0.0
0.0
0.0
0.0
0.0
0.0
-1.0
0.0
0.0
0.0
0.0
0.0
0.0
0.0
0.0
0.0
0.0
0.0
0.0
0.0
0.0
1.0
0.0
0.0
0.0
0.0
0.0
0.0
0.0
0.0
0.0
1.0
0.0
0.0
0.0
0.0
0.0
-1.0
0.0
0.0
0.0
0.0
0.0
0.0
0.0
0.0
-1.0
0.0
0.0
0.0
0.0
0.0
0.0
0.0
0.0
-1.0
-1.0
0.0
1.0
0.0
0.0
0.0
1.0
0.0
2.0
0.0
0.0
0.0
0.0
0.0
0.0
0.0
0.0
0.0
0.0
0.0
0.0
0.0
0.0
0.0
0.0
0.0
0.0
0.0
0.0
0.0
0.0
0.0
0.0
0.0
0.0
0.0
0.0
0.0
0.0
0.0
0.0
0.0
0.0
0.0
0.0
0.0
0.0
0.0
0.0
0.0
0.0
0.0
0.0
0.0
0.0
0.0
0.0
0.0
0.0
0.0
0.0
0.0
0.0
0.0
0.0
0.0
0.0
0.0
0.0
0.0
0.0
1.0
0.0
0.0
0.0
0.0
0.0
0.0
0.0
0.0
0.0
0.0
0.0
0.0
0.0
0.0
0.0
0.0
0.0
0.0
0.0
1.0
0.0
0.0
1.0
0.0
0.0
0.0
0.0
0.0
1.0
0.0
0.0
0.0
0.0
0.0
0.0
0.0
0.0
0.0
-1.0
0.0
0.0
0.0
0.0
1.0
0.0
0.0
0.0
0.0
0.0
0.0
0.0
1.0
-1.0
0.0
0.0
0.0
0.0
0.0
0.0
0.0
0.0
0.0
0.0
0.0
0.0
-1.0
0.0
1.0
0.0
1.0
0.0
1.0
0.0
0.0
0.0
0.0
0.0
0.0
0.0
0.0
0.0
0.0
-1.0
0.0
0.0
0.0
0.0
0.0
0.0
0.0
0.0
-1.0
-1.0
0.0
0.0
0.0
0.0
0.0
0.0
0.0
0.0
0.0
1.0
0.0
0.0
0.0
0.0
1.0
0.0
0.0
-1.0
0.0
0.0
0.0
0.0
-1.0
0.0
0.0
0.0
0.0
0.0
0.0
0.0
0.0
0.0
0.0
-1.0
0.0
0.0
0.0
0.0
0.0
0.0
0.0
0.0
0.0
0.0
0.0
0.0
0.0
0.0
0.0
0.0
0.0
0.0
0.0
0.0
0.0
0.0
0.0
0.0
0.0
1.0
0.0
0.0
0.0
0.0
0.0
1.0
0.0
0.0
0.0
0.0
0.0
-1.0
0.0
0.0
0.0
0.0
0.0
0.0
0.0
0.0
-1.0
0.0
0.0
0.0
1.0
0.0
0.0
0.0
0.0
0.0
0.0
0.0
0.0
0.0
0.0
0.0
0.0
-1.0
0.0
-1.0
0.0
0.0
0.0
0.0
0.0
0.0
-1.0
0.0
0.0
0.0
0.0
0.0
0.0
0.0
0.0
1.0
-1.0
0.0
0.0
0.0
0.0
0.0
-2.0
0.0
0.0
0.0
0.0
0.0
0.0
0.0
0.0
0.0
0.0
0.0
0.0
0.0
0.0
0.0
0.0
1.0
0.0
0.0
0.0
0.0
0.0
0.0
0.0
0.0
0.0
0.0
-1.0
0.0
0.0
0.0
0.0
-1.0
0.0
0.0
-2.0
0.0
0.0
0.0
0.0
0.0
-2.0
0.0
-1.0
0.0
0.0
0.0
0.0
0.0
2.0
0.0
0.0
0.0
0.0
0.0
0.0
0.0
0.0
0.0
0.0
0.0
0.0
1.0
0.0
0.0
0.0
-1.0
0.0
0.0
0.0
0.0
-1.0
0.0
0.0
0.0
0.0
-1.0
0.0
-1.0
0.0
0.0
0.0
0.0
0.0
0.0
0.0
0.0
0.0
0.0
0.0
0.0
0.0
1.0
0.0
0.0
0.0
0.0
0.0
0.0
0.0
0.0
0.0
0.0
0.0
0.0
0.0
-1.0
1.0
0.0
0.0
0.0
0.0
0.0
0.0
-1.0
1.0
0.0
0.0
0.0
0.0
0.0
0.0
0.0
0.0
0.0
0.0
0.0
1.0
0.0
0.0
0.0
0.0
-1.0
0.0
1.0
0.0
0.0
0.0
0.0
0.0
1.0
-1.0
0.0
0.0
0.0
0.0
0.0
0.0
0.0
0.0
-1.0
-2.0
0.0
0.0
0.0
0.0
0.0
0.0
0.0
0.0
0.0
0.0
1.0
1.0
1.0
-1.0
0.0
0.0
-1.0
0.0
0.0
-2.0
1.0
0.0
0.0
-1.0
0.0
0.0
-1.0
0.0
1.0
0.0
1.0
0.0
0.0
0.0
0.0
0.0
0.0
0.0
0.0
0.0
1.0
0.0
0.0
-1.0
0.0
2.0
0.0
0.0
1.0
0.0
0.0
0.0
0.0
0.0
1.0
0.0
-1.0
0.0
-1.0
0.0
0.0
0.0
0.0
0.0
0.0
-1.0
-1.0
0.0
0.0
0.0
1.0
0.0
0.0
0.0
0.0
0.0
0.0
0.0
0.0
0.0
0.0
1115.0
103376.0
100.0
100440.0
1048.0
122880.0
0.0
0.0
0.0
0.0
4484.0
126976.0
0.0
0.0
0.0
0.0
0.0
0.0
0.0
0.0
0.0
0.0
0.0
0.0
572.0
81920.0
0.0
0.0
0.0
0.0
