0.29465604
0.0058820425
0.002901456
0.0036400084
0.023317156
0.0034289935
0.002664064
0.0032971092
0.0067261024
0.0027431948
0.0025849335
0.003086094
0.0055391435
0.0022156574
0.0017672505
0.003508124
0.004510445
0.0012924668
0.0011869593
0.0014771048
0.003086094
0.006646972
0.0015826124
0.0011078287
0.002716818
0.0013715974
0.0011869593
0.0011869593
0.0021892805
0.0012133361
0.0013715974
0.0013188437
0.0024002953
0.0017408736
0.0010814518
0.0011869593
0.004325807
0.001239713
0.0008440599
0.0013715974
0.0017144968
0.0016089892
0.0012924668
0.0024530492
0.002294788
0.001239713
0.002294788
0.0020310192
0.0024266723
0.0015826124
0.0023475417
0.0046950835
0.0024002953
0.0030069635
0.0020046423
0.002083773
0.0020310192
0.0021892805
0.0014243511
0.0027695717
0.0019782654
0.0021892805
0.0027431948
0.001450728
0.014349019
0.0036400084
0.0007913062
0.0017936274
0.0037982697
0.008229584
0.0017672505
0.0022156574
0.002242034
0.0016089892
0.00081768306
0.0010023211
0.0031388479
0.006884364
0.0010023211
0.0010814518
0.016327284
0.0037455158
0.002294788
0.007227263
0.002268411
0.0025849335
0.006857987
0.005433636
0.0019518886
0.0065150876
0.0021101497
0.002294788
0.0028223253
0.0021892805
0.002690441
0.0025585566
0.005169867
0.0042466763
0.0013715974
0.0027431948
0.0044313148
0.0080977
0.0023739187
0.0018727579
0.0059084194
0.0031388479
0.004325807
0.0016881198
0.0050379825
0.0023475417
0.0036400084
0.0040620384
0.0032443553
0.001239713
0.0055127665
0.0040620384
0.008757122
0.00936379
0.002083773
0.0027959484
0.003508124
0.0028223253
0.015667863
0.002901456
0.0032179784
0.0028487023
0.0018463811
0.001661743
0.0031652248
0.002294788
0.0011078287
0.006224942
0.002901456
0.0056446507
0.0021365266
0.0029278328
0.004325807
0.006066681
0.0015826124
0.0128982905
0.0023739187
0.011104664
0.0005802912
0.0015826124
0.0032443553
0.00092319056
0.0013715974
0.0007649293
0.001450728
0.0008968137
0.0007385524
0.0007385524
0.0013188437
0.0019518886
0.0009759443
0.0007649293
0.0015298586
0.0006330449
0.0006857987
0.00042202996
0.0013979742
0.0008440599
0.00055391435
0.0015034818
0.0010023211
0.0003692762
0.0006330449
0.0005275374
0.0008704368
0.0010814518
0.0006857987
0.0007649293
0.0010550749
0.0005275374
0.0007649293
0.0005802912
0.001661743
0.0005275374
0.00081768306
0.0009495674
0.001450728
0.0008968137
0.0011078287
0.0009759443
0.0015562355
0.00081768306
0.0008968137
0.0011869593
0.0012660899
0.0010814518
0.0015034818
0.0013188437
0.0056182737
0.0028487023
0.0023475417
0.004141169
0.0024002953
0.0010023211
0.0027431948
0.0016881198
0.0023739187
0.0026376874
0.0009495674
0.0009495674
0.0019782654
0.0008968137
0.00092319056
0.00081768306
0.0013715974
0.0007385524
0.0007913062
0.0005802912
0.0012133361
0.00060666807
0.0023739187
0.0012924668
0.0027959484
0.0011078287
0.00081768306
0.0018463811
0.0017672505
0.0007385524
0.0008968137
0.0015034818
0.0021892805
0.0009495674
0.0008704368
0.0007385524
0.001450728
0.00065942184
0.0004747837
0.0008704368
0.015720617
0.0015826124
0.0006857987
0.0021365266
0.004325807
0.0012660899
0.00060666807
0.0009495674
0.0034817471
0.0017408736
0.0005275374
0.0016353661
0.0028223253
0.00060666807
0.0015562355
0.0029278328
0.0065150876
0.0017936274
0.001028698
0.0033762397
0.0039829076
0.0013452205
0.002242034
0.033604138
0.083333336
0.0
0.0
0.0
0.0
0.0
0.0
0.0
0.0
0.0
0.0
0.0
0.0
0.0
0.0
0.0
0.026272245
0.0
4.0690105e-05
0.00013563369
0.00024414062
0.00020345052
0.000515408
0.00036621094
0.0
0.0
0.0
0.0
0.0
0.0
0.0
0.0
0.0
0.0
0.0
0.0
0.0
0.0
0.0
0.0
0.0
0.0
0.0
0.0
0.0
0.0
0.0
0.0
0.0
0.0
0.0
0.0
0.0
0.0
0.0
0.0
0.0
0.0
0.0
0.0
0.0
0.0
0.0
0.0
0.021484375
0.0
2.7126736e-05
2.7126736e-05
0.0011393229
0.0004611545
0.0029025609
0.0016140408
6.781684e-05
1.3563368e-05
1.3563368e-05
1.3563368e-05
1.3563368e-05
0.0
0.0
0.0
0.0
0.0
0.0
0.0
0.0
0.0
0.0
0.0
0.0
0.0
0.0
0.0
0.0
0.0
0.0
0.0
0.021525064
0.00040690103
0.00018988716
0.00031195747
0.00047471788
0.0011393229
0.00020345052
0.0003797743
0.00081380206
5.4253473e-05
5.4253473e-05
4.0690105e-05
0.00032552084
0.00020345052
0.0003390842
0.0013156467
0.017768012
0.00044759116
0.0013427734
0.0028347438
0.00012207031
0.00054253475
0.0022379558
0.0015190972
2.7126736e-05
4.0690105e-05
4.0690105e-05
4.0690105e-05
0.00069173175
4.0690105e-05
4.0690105e-05
4.0690105e-05
0.01626248
0.00044759116
0.0013834635
0.0029703777
0.00036621094
0.00074598525
0.0027533637
0.0018853082
2.7126736e-05
4.0690105e-05
4.0690105e-05
4.0690105e-05
0.00069173175
4.0690105e-05
4.0690105e-05
4.0690105e-05
0.0
0.0
0.0
0.0
0.0
0.0
0.0
0.0
0.0
0.0
0.0
0.0
0.0
0.0
0.0
0.0
0.053534612
0.0018717448
0.0020480687
0.0016818576
0.007283529
0.005384657
0.014282227
0.011040581
0.0031060113
0.0012342664
0.00082736544
0.0013020834
0.0020751953
0.0012207031
0.0024142796
0.0018039279
0.0
0.0
0.0
0.0
0.0
0.0
0.0
0.0
0.0
0.0
0.0
0.0
0.0
0.0
0.0
0.0
0.00930447
0.00094943575
0.00047471788
0.0005967882
0.0018853082
0.0026448567
0.0005289714
0.0010172526
0.00261773
0.00014919705
0.00016276042
0.00014919705
0.0011935764
0.0005832248
0.0013970269
0.004123264
0.0515408
0.009033203
0.0061306423
0.008314345
0.019748263
0.028822158
0.012396919
0.019639757
0.026733398
0.0033772786
0.0026041667
0.0029703777
0.010104709
0.0047200522
0.014119466
0.029744467
0.04417589
0.009548611
0.0066731772
0.009616428
0.014770508
0.019259982
0.012532552
0.01969401
0.021891275
0.006008572
0.0034044054
0.0049235024
0.01026747
0.005818685
0.010484483
0.02315267
0.019341363
0.010891384
0.01067437
0.01047092
0.00930447
0.011773003
0.0122612845
0.0132921
0.011298286
0.007486979
0.006008572
0.008653428
0.009372287
0.007826064
0.007378472
0.010633681
303.0
10.112211
3064.0
0.0048955614
0.0032637075
0.002610966
0.0019582245
0.001305483
0.0032637075
0.0
0.0022845953
0.0042428197
0.007832898
0.002610966
0.005874674
0.006527415
0.0035900783
0.011749348
0.009464752
0.006527415
0.003916449
0.012075718
0.007832898
0.006527415
0.01305483
0.006527415
0.00881201
0.006527415
0.002937337
0.0035900783
0.0022845953
0.002937337
0.0045691906
0.015992166
0.003916449
0.0048955614
0.025456918
0.0019582245
0.012728459
0.011749348
0.008159269
0.006201044
0.012728459
0.0075065275
0.006527415
0.0016318538
0.0045691906
0.009464752
0.00881201
0.0032637075
0.0035900783
0.012075718
0.003916449
0.009138381
0.024151435
0.006853786
0.0016318538
0.010117494
0.012402088
0.002937337
0.007832898
0.0032637075
0.001305483
0.009138381
0.002937337
0.0006527415
0.0042428197
0.0022845953
0.036553524
0.005221932
0.022193212
0.022519583
0.088446476
0.009791123
0.012402088
0.01305483
0.029046997
0.0032637075
0.0048955614
0.032963447
0.014686684
0.03035248
0.036227155
0.014686684
0.0019582245
0.046018276
0.03426893
0.05287206
0.015992166
0.007832898
0.010770235
0.006201044
0.011422977
0.0032637075
0.0019582245
0.00032637076
0.0045691906
0.0009791122
0.0016318538
5.859865
1.0
1.0
0.0
1.0
37912.0
53248.0
0.0
0.0
3.0
0.0
0.0
0.0
0.0
0.0
1188794400.0
0.0
0.0
0.0
0.0
0.0
1.0
0.0
0.0
0.0
0.0
0.0
0.0
-1.0
0.0
-1.0
-1.0
1.0
0.0
0.0
0.0
0.0
0.0
0.0
0.0
0.0
0.0
0.0
0.0
-1.0
0.0
0.0
0.0
0.0
0.0
0.0
0.0
0.0
0.0
-1.0
0.0
0.0
-1.0
0.0
0.0
0.0
0.0
0.0
0.0
0.0
0.0
0.0
0.0
7.0
10.0
4.0
0.0
4.0
0.0
12288.0
1024.0
4096.0
4.0
0.0
0.0
2.0
4.0
0.0
0.0
0.0
0.0
0.0
0.0
0.0
0.0
0.0
0.0
0.0
0.0
0.0
0.0
0.0
0.0
0.0
-1024.0
0.0
0.0
0.0
0.0
0.0
-512.0
0.0
0.0
0.0
0.0
-8704.0
0.0
0.0
0.0
0.0
0.0
20992.0
0.0
0.0
0.0
0.0
0.0
0.0
0.0
0.0
0.0
0.0
0.0
0.0
0.0
0.0
0.0
0.0
0.0
0.0
0.0
0.0
0.0
0.0
0.0
0.0
0.0
0.0
0.0
0.0
0.0
0.0
0.0
0.0
-4.099528
0.0
0.0
0.0
0.0
0.0
-2.4091218
0.0
0.0
0.0
0.0
-7.4775395
0.0
0.0
0.0
0.0
0.0
4.828492
0.0
0.0
0.0
0.0
0.0
0.0
0.0
0.0
0.0
0.0
0.0
0.0
0.0
0.0
0.0
0.0
0.0
0.0
0.0
0.0
0.0
0.0
0.0
0.0
0.0
0.0
0.0
0.0
0.0
0.0
0.0
0.0
-4096.0
0.0
0.0
0.0
0.0
0.0
-4096.0
0.0
0.0
0.0
0.0
-12288.0
0.0
0.0
0.0
0.0
0.0
28672.0
0.0
0.0
0.0
0.0
0.0
0.0
0.0
0.0
0.0
0.0
0.0
0.0
0.0
0.0
0.0
0.0
0.0
0.0
0.0
0.0
0.0
0.0
0.0
0.0
0.0
0.0
0.0
1.0
0.0
0.0
0.0
0.0
0.0
0.0
0.0
-1.0
0.0
0.0
0.0
0.0
0.0
0.0
0.0
0.0
0.0
0.0
-1.0
0.0
0.0
0.0
0.0
0.0
0.0
0.0
-1.0
0.0
0.0
0.0
0.0
0.0
0.0
0.0
0.0
0.0
0.0
0.0
0.0
0.0
0.0
0.0
0.0
0.0
0.0
0.0
0.0
0.0
0.0
0.0
-1.0
0.0
0.0
0.0
0.0
0.0
0.0
0.0
0.0
0.0
1.0
0.0
0.0
0.0
0.0
1.0
0.0
0.0
0.0
0.0
0.0
0.0
0.0
0.0
1.0
0.0
0.0
0.0
0.0
0.0
0.0
0.0
0.0
0.0
-1.0
0.0
0.0
0.0
0.0
0.0
0.0
0.0
0.0
0.0
0.0
0.0
0.0
0.0
0.0
0.0
0.0
0.0
0.0
0.0
0.0
0.0
0.0
0.0
0.0
0.0
0.0
0.0
0.0
0.0
0.0
0.0
0.0
-1.0
0.0
0.0
0.0
0.0
0.0
0.0
0.0
0.0
0.0
0.0
0.0
0.0
0.0
0.0
0.0
0.0
0.0
0.0
0.0
0.0
0.0
0.0
0.0
0.0
0.0
0.0
0.0
0.0
0.0
0.0
0.0
0.0
0.0
0.0
0.0
0.0
0.0
0.0
0.0
0.0
0.0
0.0
0.0
0.0
0.0
0.0
0.0
0.0
0.0
0.0
0.0
0.0
0.0
0.0
0.0
0.0
0.0
0.0
0.0
0.0
0.0
0.0
0.0
0.0
0.0
0.0
0.0
0.0
0.0
-1.0
0.0
0.0
0.0
0.0
0.0
0.0
0.0
0.0
0.0
0.0
0.0
0.0
0.0
0.0
0.0
0.0
1.0
0.0
0.0
0.0
0.0
0.0
0.0
0.0
0.0
0.0
0.0
0.0
0.0
0.0
0.0
0.0
0.0
0.0
0.0
0.0
0.0
0.0
0.0
0.0
0.0
0.0
0.0
0.0
0.0
0.0
0.0
0.0
0.0
0.0
0.0
0.0
0.0
0.0
0.0
0.0
0.0
0.0
0.0
0.0
0.0
0.0
0.0
0.0
0.0
0.0
0.0
0.0
0.0
0.0
0.0
0.0
0.0
0.0
0.0
0.0
0.0
0.0
0.0
0.0
0.0
0.0
0.0
0.0
0.0
0.0
0.0
0.0
0.0
0.0
0.0
0.0
0.0
0.0
0.0
0.0
0.0
0.0
0.0
0.0
0.0
0.0
0.0
0.0
0.0
0.0
0.0
0.0
0.0
0.0
0.0
0.0
0.0
0.0
0.0
0.0
0.0
0.0
0.0
0.0
0.0
0.0
0.0
0.0
0.0
0.0
0.0
0.0
0.0
0.0
0.0
0.0
0.0
0.0
0.0
0.0
0.0
0.0
0.0
0.0
0.0
0.0
0.0
0.0
0.0
0.0
0.0
0.0
0.0
0.0
0.0
0.0
0.0
0.0
0.0
0.0
0.0
0.0
0.0
0.0
0.0
0.0
0.0
0.0
0.0
0.0
0.0
0.0
0.0
0.0
0.0
0.0
0.0
0.0
0.0
0.0
0.0
0.0
0.0
0.0
0.0
0.0
0.0
0.0
0.0
0.0
0.0
0.0
0.0
0.0
0.0
0.0
0.0
0.0
0.0
0.0
0.0
0.0
0.0
0.0
0.0
0.0
0.0
0.0
0.0
0.0
0.0
0.0
0.0
0.0
0.0
0.0
0.0
0.0
0.0
0.0
0.0
0.0
0.0
0.0
0.0
0.0
0.0
0.0
0.0
0.0
0.0
0.0
0.0
0.0
0.0
0.0
0.0
0.0
0.0
0.0
0.0
0.0
0.0
0.0
0.0
0.0
0.0
0.0
0.0
0.0
0.0
0.0
0.0
0.0
0.0
0.0
0.0
0.0
0.0
0.0
0.0
0.0
0.0
0.0
0.0
0.0
0.0
0.0
0.0
0.0
0.0
0.0
0.0
0.0
0.0
0.0
0.0
0.0
0.0
0.0
0.0
0.0
0.0
0.0
0.0
0.0
0.0
0.0
0.0
0.0
0.0
0.0
0.0
0.0
0.0
0.0
0.0
0.0
0.0
0.0
0.0
0.0
0.0
0.0
0.0
0.0
0.0
0.0
0.0
0.0
0.0
0.0
0.0
0.0
0.0
0.0
0.0
0.0
0.0
0.0
0.0
0.0
0.0
0.0
0.0
0.0
0.0
0.0
0.0
0.0
0.0
0.0
0.0
0.0
0.0
0.0
0.0
0.0
0.0
0.0
0.0
0.0
0.0
0.0
0.0
0.0
0.0
0.0
0.0
0.0
0.0
0.0
0.0
0.0
0.0
0.0
0.0
0.0
0.0
0.0
0.0
0.0
0.0
0.0
0.0
0.0
0.0
0.0
0.0
0.0
0.0
0.0
0.0
0.0
0.0
0.0
0.0
0.0
0.0
0.0
0.0
0.0
0.0
0.0
0.0
0.0
0.0
0.0
0.0
0.0
0.0
0.0
0.0
0.0
0.0
0.0
0.0
0.0
0.0
0.0
0.0
0.0
0.0
0.0
0.0
0.0
0.0
0.0
0.0
0.0
0.0
0.0
0.0
0.0
0.0
0.0
0.0
0.0
0.0
0.0
0.0
0.0
0.0
0.0
0.0
0.0
0.0
0.0
0.0
0.0
0.0
0.0
0.0
0.0
0.0
0.0
0.0
0.0
0.0
0.0
0.0
0.0
-1.0
0.0
0.0
0.0
0.0
0.0
0.0
0.0
0.0
0.0
0.0
0.0
0.0
0.0
0.0
0.0
0.0
0.0
0.0
0.0
0.0
0.0
0.0
0.0
0.0
0.0
0.0
0.0
0.0
0.0
0.0
0.0
0.0
0.0
0.0
0.0
0.0
0.0
0.0
0.0
0.0
0.0
0.0
0.0
0.0
0.0
0.0
0.0
0.0
0.0
0.0
0.0
0.0
0.0
0.0
0.0
0.0
0.0
0.0
0.0
0.0
0.0
0.0
0.0
0.0
0.0
0.0
0.0
0.0
0.0
0.0
0.0
0.0
0.0
0.0
0.0
0.0
0.0
0.0
0.0
0.0
0.0
0.0
0.0
0.0
0.0
0.0
0.0
0.0
0.0
0.0
0.0
0.0
0.0
0.0
0.0
0.0
0.0
0.0
0.0
0.0
0.0
0.0
0.0
0.0
0.0
0.0
0.0
0.0
0.0
0.0
0.0
0.0
0.0
0.0
0.0
0.0
0.0
0.0
0.0
0.0
0.0
0.0
0.0
0.0
0.0
0.0
0.0
0.0
0.0
0.0
0.0
0.0
0.0
0.0
0.0
0.0
0.0
0.0
0.0
0.0
0.0
0.0
0.0
0.0
0.0
0.0
0.0
0.0
0.0
0.0
0.0
0.0
0.0
0.0
0.0
0.0
0.0
0.0
0.0
0.0
0.0
0.0
0.0
0.0
0.0
0.0
0.0
0.0
0.0
0.0
0.0
0.0
0.0
0.0
0.0
0.0
0.0
0.0
0.0
0.0
0.0
0.0
0.0
0.0
0.0
0.0
0.0
0.0
0.0
0.0
0.0
0.0
0.0
0.0
0.0
0.0
0.0
0.0
0.0
0.0
0.0
0.0
0.0
0.0
0.0
0.0
0.0
0.0
0.0
0.0
0.0
0.0
0.0
0.0
0.0
0.0
0.0
0.0
0.0
0.0
0.0
0.0
0.0
0.0
0.0
0.0
0.0
0.0
0.0
0.0
0.0
0.0
0.0
0.0
0.0
0.0
0.0
0.0
0.0
0.0
0.0
0.0
0.0
0.0
0.0
0.0
0.0
0.0
0.0
0.0
0.0
0.0
0.0
0.0
0.0
0.0
0.0
0.0
0.0
0.0
0.0
0.0
0.0
0.0
0.0
0.0
0.0
0.0
0.0
0.0
0.0
0.0
0.0
0.0
0.0
0.0
0.0
0.0
0.0
0.0
0.0
0.0
0.0
0.0
0.0
0.0
0.0
0.0
0.0
0.0
0.0
0.0
0.0
0.0
0.0
0.0
0.0
0.0
0.0
0.0
0.0
0.0
0.0
0.0
0.0
0.0
0.0
0.0
0.0
0.0
0.0
0.0
0.0
0.0
0.0
0.0
0.0
0.0
0.0
0.0
0.0
0.0
0.0
0.0
0.0
0.0
0.0
0.0
0.0
0.0
0.0
0.0
0.0
0.0
0.0
0.0
0.0
0.0
0.0
0.0
0.0
0.0
0.0
0.0
0.0
0.0
0.0
0.0
0.0
0.0
0.0
0.0
0.0
0.0
0.0
0.0
0.0
0.0
0.0
0.0
0.0
0.0
0.0
0.0
0.0
0.0
0.0
0.0
0.0
0.0
0.0
0.0
0.0
0.0
0.0
0.0
0.0
0.0
0.0
0.0
0.0
0.0
0.0
0.0
0.0
0.0
0.0
0.0
0.0
0.0
0.0
0.0
0.0
0.0
0.0
0.0
0.0
0.0
0.0
0.0
0.0
0.0
0.0
0.0
0.0
0.0
0.0
0.0
0.0
0.0
0.0
0.0
0.0
0.0
0.0
0.0
0.0
0.0
0.0
0.0
0.0
0.0
0.0
0.0
0.0
0.0
0.0
0.0
0.0
0.0
0.0
0.0
0.0
0.0
0.0
0.0
0.0
0.0
0.0
0.0
0.0
0.0
0.0
0.0
0.0
0.0
0.0
0.0
0.0
0.0
0.0
0.0
0.0
0.0
0.0
0.0
0.0
0.0
0.0
0.0
0.0
0.0
0.0
0.0
0.0
0.0
0.0
0.0
0.0
0.0
0.0
0.0
0.0
0.0
0.0
0.0
0.0
0.0
0.0
0.0
0.0
0.0
0.0
0.0
0.0
0.0
0.0
0.0
0.0
0.0
0.0
0.0
0.0
0.0
0.0
0.0
0.0
0.0
0.0
0.0
0.0
0.0
0.0
0.0
0.0
0.0
0.0
0.0
0.0
0.0
0.0
0.0
-1.0
0.0
0.0
0.0
0.0
0.0
0.0
0.0
0.0
0.0
0.0
0.0
0.0
0.0
0.0
0.0
0.0
0.0
0.0
0.0
0.0
0.0
0.0
0.0
0.0
0.0
0.0
0.0
0.0
0.0
0.0
0.0
0.0
0.0
0.0
0.0
0.0
0.0
0.0
0.0
0.0
0.0
0.0
0.0
0.0
0.0
0.0
0.0
0.0
0.0
0.0
0.0
0.0
0.0
0.0
0.0
0.0
0.0
0.0
0.0
0.0
0.0
0.0
0.0
0.0
0.0
0.0
0.0
0.0
0.0
0.0
0.0
0.0
0.0
0.0
0.0
0.0
0.0
0.0
0.0
0.0
0.0
0.0
0.0
0.0
0.0
0.0
0.0
0.0
0.0
-1.0
0.0
0.0
0.0
0.0
0.0
0.0
0.0
0.0
0.0
0.0
0.0
0.0
0.0
0.0
0.0
0.0
0.0
0.0
0.0
0.0
0.0
0.0
0.0
0.0
0.0
0.0
0.0
0.0
0.0
0.0
0.0
0.0
0.0
0.0
0.0
0.0
0.0
0.0
0.0
0.0
0.0
0.0
0.0
0.0
0.0
0.0
0.0
0.0
0.0
0.0
0.0
0.0
0.0
0.0
0.0
0.0
0.0
0.0
0.0
0.0
0.0
0.0
0.0
0.0
0.0
0.0
0.0
0.0
0.0
0.0
0.0
0.0
0.0
0.0
0.0
0.0
0.0
0.0
0.0
0.0
0.0
0.0
0.0
0.0
0.0
0.0
0.0
0.0
0.0
0.0
0.0
0.0
0.0
0.0
0.0
0.0
0.0
0.0
0.0
0.0
0.0
0.0
0.0
0.0
0.0
0.0
0.0
0.0
0.0
0.0
0.0
0.0
0.0
0.0
0.0
0.0
0.0
0.0
0.0
0.0
0.0
0.0
0.0
0.0
0.0
0.0
0.0
0.0
0.0
0.0
0.0
0.0
0.0
0.0
0.0
0.0
0.0
0.0
0.0
0.0
0.0
0.0
0.0
0.0
0.0
0.0
0.0
0.0
0.0
0.0
0.0
0.0
0.0
0.0
0.0
0.0
0.0
0.0
0.0
0.0
0.0
0.0
0.0
0.0
0.0
0.0
0.0
0.0
0.0
0.0
0.0
0.0
0.0
0.0
0.0
0.0
0.0
0.0
0.0
0.0
0.0
0.0
0.0
0.0
0.0
0.0
0.0
0.0
0.0
0.0
0.0
0.0
0.0
0.0
0.0
0.0
0.0
0.0
0.0
0.0
0.0
0.0
0.0
0.0
0.0
0.0
0.0
0.0
0.0
0.0
0.0
0.0
0.0
0.0
0.0
0.0
0.0
0.0
0.0
0.0
0.0
0.0
0.0
0.0
0.0
0.0
0.0
0.0
0.0
0.0
0.0
0.0
0.0
0.0
0.0
0.0
0.0
0.0
0.0
0.0
0.0
0.0
0.0
0.0
0.0
0.0
0.0
0.0
0.0
0.0
0.0
0.0
0.0
0.0
0.0
0.0
0.0
0.0
0.0
0.0
0.0
0.0
0.0
0.0
0.0
0.0
0.0
80.0
49152.0
0.0
0.0
0.0
0.0
0.0
0.0
0.0
0.0
0.0
0.0
0.0
0.0
0.0
0.0
0.0
0.0
0.0
0.0
0.0
0.0
0.0
0.0
0.0
0.0
0.0
0.0
