0.16019243
0.0054565608
0.0030796714
0.005805095
0.005501318
0.0016741072
0.002825413
0.0016569662
0.006374558
0.0010608393
0.0012389155
0.0013065273
0.0030930035
0.00096370676
0.0010113207
0.0026359092
0.004911857
0.00093418604
0.0009779909
0.0017921898
0.0020616848
0.0052165864
0.0018417083
0.0030292007
0.0018902746
0.00052280136
0.00059803145
0.00052375364
0.0018274242
0.00057803356
0.0005170877
0.0005675585
0.0032806024
0.0017683828
0.0006418363
0.0004247166
0.0038081652
0.0010113207
0.0005218491
0.00045138042
0.0013569981
0.000528515
0.00048185338
0.0017902852
0.006663099
0.0007732509
0.00059327006
0.0014884126
0.0119344415
0.0077805985
0.006254571
0.011377834
0.0058812774
0.0074572996
0.006526447
0.004907096
0.010238908
0.0041809827
0.002395935
0.0030987172
0.0035081971
0.003616757
0.0021892902
0.003336787
0.007659183
0.004696642
0.0056370175
0.00613506
0.0064059836
0.017587172
0.004264307
0.0027925593
0.0034072555
0.0023645097
0.0017917136
0.002536396
0.0039491025
0.005893181
0.014842702
0.0031487118
0.010798848
0.0023854598
0.0023264184
0.0051589734
0.0033020286
0.007454443
0.005099932
0.0027792274
0.002396411
0.0058141416
0.0029815866
0.0029977756
0.002539729
0.002314991
0.002562584
0.0015284084
0.0012112993
0.0029706354
0.001595544
0.002253093
0.006684525
0.0045190416
0.0029649218
0.0019183668
0.0057917633
0.0028282697
0.0033244074
0.001537455
0.003623423
0.001885037
0.003112049
0.0031558538
0.0028639801
0.0012998614
0.003296315
0.002685428
0.008274356
0.0045757024
0.0016245886
0.0017831431
0.0027635146
0.001598877
0.0014836512
0.0019845502
0.0016369682
0.0037567422
0.00095323165
0.00074087334
0.0036243752
0.00088466756
0.0005247059
0.0052994345
0.0028654085
0.010403652
0.0007818214
0.0004580464
0.0015588814
0.007638233
0.0012198698
0.05404376
0.0011846356
0.013340482
0.00089704717
0.0004713783
0.002522588
0.00048090107
0.0006513591
0.0007646803
0.0011408307
0.003023487
0.00042757345
0.00041233696
0.0011979674
0.00049518526
0.00048090107
0.0005913655
0.001135117
0.0004066233
0.00044471447
0.00043900078
0.0012989091
0.0022797568
0.00050185126
0.0008799061
0.0013274774
0.0008408627
0.00059707917
0.00051804
0.0026292433
0.0004580464
0.00060184055
0.0004970898
0.0012465337
0.0004904239
0.00046280777
0.00051804
0.0021331059
0.0006142202
0.0018293287
0.00077706
0.0039662435
0.0006637387
0.0006275521
0.00068849797
0.006244096
0.0034329672
0.0017321962
0.0007618235
0.0018636107
0.0004475713
0.00087419245
0.00047899652
0.008476239
0.0005408947
0.0011170238
0.007196375
0.0026511457
0.00051899225
0.0033015525
0.0016141136
0.0018521834
0.0010551255
0.000800867
0.000899904
0.002188338
0.00035043882
0.00065231137
0.00067230925
0.0020102619
0.0007151618
0.0017598122
0.0012617701
0.0016836299
0.00067611836
0.0012636747
0.0009379952
0.0032748887
0.00076753716
0.0010979781
0.0016274455
0.0016712503
0.0008494332
0.00081896025
0.000858956
0.001959791
0.00074658706
0.0007694417
0.0004980421
0.0016426819
0.0010227481
0.00049518526
0.00048090107
0.025799153
0.0027358986
0.00082276936
0.0036129479
0.003936723
0.00076848944
0.0008322922
0.0008903812
0.0041367016
0.0010979781
0.002566393
0.0033310733
0.00460808
0.0015836406
0.0016131613
0.001847422
0.0063012326
0.0026063886
0.003101574
0.0026768574
0.009943701
0.00312919
0.004625221
0.08437481
0.0
0.0
0.0
0.0
0.0
0.0
0.0
0.0
0.0
0.0
0.0
0.0
0.0
0.0
0.0
0.0
0.0
0.0
0.0
0.0
0.0
0.0
0.0
0.0
0.0
0.0
0.0
0.0
0.0
0.0
0.0
0.0
0.0
0.0
0.0
0.0
0.0
0.0
0.0
0.0
0.0
0.0
0.0
0.0
0.0
0.0
0.0
0.0
0.0
0.0
0.0
0.0
0.0
0.0
0.0
0.0
0.0
0.0
0.0
0.0
0.0
0.0
0.0
0.0
0.0
0.0
0.0
0.0
0.0
0.0
0.0
0.0
0.0
0.0
0.0
0.0
0.0
0.0
0.0
0.0
0.0003991997
1.4291159e-05
2.8582317e-06
3.0964177e-06
8.336509e-06
4.2873476e-06
3.0964177e-06
6.907393e-06
1.26238565e-05
1.9054878e-06
1.6673018e-06
2.6200457e-06
2.6200457e-06
1.9054878e-06
1.2147485e-05
1.0241997e-05
0.006656107
3.2869666e-05
1.00038105e-05
0.0034572694
1.714939e-05
9.051067e-06
7.860137e-06
2.1198552e-05
2.8105946e-05
4.7637195e-06
8.574695e-06
6.907393e-06
1.0956554e-05
5.954649e-06
2.429497e-05
0.004820884
0.009001524
0.00020174352
0.00076267147
0.00088629004
0.0006009432
0.00012123666
0.0023894818
0.0012335652
8.074505e-05
2.6438644e-05
3.239329e-05
4.3826218e-05
5.502096e-05
3.3346038e-05
6.859756e-05
0.0015353468
0.0026226658
4.6922636e-05
3.429878e-05
0.0003229802
0.000974657
0.00035251526
0.0025547827
0.0012650057
5.383003e-05
8.574695e-06
1.1432927e-05
9.765625e-06
2.0245809e-05
2.5485899e-05
2.5962272e-05
0.00045136243
0.0025733614
0.00011694931
0.00010837462
0.0006014196
0.0003091654
0.0001171875
0.00025366805
0.00016244284
0.00012766768
6.0261053e-05
5.5497334e-05
7.050305e-05
6.216654e-05
4.7160822e-05
6.716845e-05
0.0006328601
0.021691835
0.00024414062
0.002309213
0.009544589
0.006135909
0.0028272676
0.0031228564
0.0031035633
0.00066644436
0.00024199695
0.0005106707
0.0010832698
0.00019412157
0.00010170541
0.00023747142
0.003106898
0.047843464
0.002491187
0.0075583556
0.052817978
0.021657774
0.012048399
0.015620236
0.013592083
0.0038362234
0.0022718178
0.0029254002
0.0039648437
0.002401391
0.0021367664
0.0023039728
0.0075057163
0.021408632
0.0072203698
0.0023044492
0.0061928355
0.014076076
0.0059613185
0.004782536
0.003412014
0.024311882
0.0035451602
0.0033767626
0.0063769533
0.0028472752
0.0033172162
0.007935165
0.037077695
0.039017007
0.007837033
0.0045360136
0.009470512
0.02196408
0.01312762
0.007977086
0.0063671875
0.031121856
0.0038826696
0.0031581079
0.0079625575
0.008181212
0.006501048
0.014797065
0.03800138
0.052403536
0.009591749
0.0079570785
0.011425067
0.027395198
0.027893245
0.012646961
0.012157012
0.045007147
0.0045767436
0.005074314
0.007625524
0.020127192
0.009113948
0.021563929
0.04446575
0.0
0.0
0.0
0.0
0.0
0.0
0.0
0.0
0.0
0.0
0.0
0.0
0.0
0.0
0.0
0.0
18917.0
17.411905
329381.0
0.0020644786
0.008719386
0.0008440074
0.0004979036
0.0018580307
0.0007650714
0.0007286395
0.00038860773
0.001463351
0.00046147167
0.00075292744
0.006594187
0.02649819
0.0014876389
0.0010079513
0.0071285227
0.04273167
0.033162203
0.024883037
0.028714467
0.01941217
0.030159602
0.029336847
0.019430386
0.032029778
0.015462337
0.005695532
0.0059262677
0.0062602274
0.010225241
0.005367644
0.005191556
0.0016030069
0.01404149
0.022700155
0.01744788
0.019163217
0.021212516
0.012696543
0.007398727
0.008027178
0.008840825
0.0073137186
0.0067125913
0.008227554
0.00833685
0.007987711
0.01714428
0.008373282
0.008142546
0.00827613
0.010896197
0.0121591715
0.00854937
0.015662713
0.0075323107
0.007137631
0.008400606
0.006912967
0.0024713022
0.009696977
0.0020948385
0.0025441663
0.00252595
0.0012994071
0.014782273
0.0075869584
0.011542864
0.011400172
0.02408457
0.007362295
0.009942893
0.010267745
0.014153822
0.007098163
0.0075687426
0.0146881575
0.008983518
0.015720397
0.015683964
0.010392221
0.0063148756
0.016433856
0.012198639
0.019891858
0.008689025
0.007183171
0.008528118
0.008100042
0.0072803227
0.007231747
0.008859042
0.001384415
0.008743674
0.0007104235
0.0004128957
6.1401076
2.0
10.0
0.0
56.0
2100224.0
1081344.0
0.0
0.0
17.0
1.0
1.0
0.0
1.0
0.0
708992500.0
0.0
0.0
0.0
0.0
0.0
1.0
0.0
0.0
0.0
0.0
0.0
0.0
-1.0
2.0
-1.0
-1.0
0.0
1.0
0.0
0.0
0.0
0.0
0.0
0.0
0.0
0.0
0.0
0.0
-1.0
0.0
0.0
0.0
0.0
0.0
0.0
0.0
0.0
0.0
0.0
0.0
0.0
-1.0
0.0
0.0
0.0
0.0
0.0
0.0
0.0
0.0
0.0
0.0
2.0
25.0
4.0
0.0
4.0
0.0
947712.0
1024.0
4096.0
8.0
2.0
0.0
1.0
4.0
0.0
0.0
0.0
0.0
0.0
-62464.0
0.0
0.0
0.0
0.0
0.0
0.0
0.0
0.0
512.0
0.0
0.0
0.0
0.0
0.0
0.0
0.0
-12288.0
0.0
0.0
0.0
0.0
0.0
0.0
0.0
0.0
0.0
0.0
0.0
0.0
-947712.0
0.0
0.0
0.0
0.0
0.0
0.0
-9728.0
16384.0
0.0
0.0
0.0
0.0
0.0
0.0
0.0
0.0
0.0
0.0
0.0
-6.7661004
0.0
0.0
0.0
0.0
0.0
0.0
0.0
0.0
2.6978908
0.0
0.0
0.0
0.0
0.0
0.0
0.0
-5.4356947
0.0
0.0
0.0
0.0
0.0
0.0
0.0
0.0
0.0
0.0
0.0
0.0
-6.4008765
0.0
0.0
0.0
0.0
0.0
0.0
-5.0530515
3.6226313
0.0
0.0
0.0
0.0
0.0
0.0
0.0
0.0
-16.0
0.0
0.0
-62216.0
0.0
0.0
0.0
0.0
0.0
0.0
0.0
0.0
32.0
0.0
8853.0
0.0
0.0
0.0
0.0
0.0
-11960.0
0.0
0.0
0.0
0.0
0.0
0.0
0.0
0.0
0.0
0.0
0.0
0.0
-947652.0
0.0
0.0
0.0
0.0
0.0
0.0
-9538.0
16380.0
0.0
0.0
0.0
0.0
0.0
0.0
0.0
0.0
0.0
0.0
0.0
0.0
0.0
0.0
0.0
0.0
0.0
0.0
0.0
0.0
0.0
0.0
0.0
1.0
0.0
0.0
0.0
0.0
0.0
0.0
0.0
0.0
0.0
0.0
0.0
0.0
0.0
-1.0
0.0
0.0
0.0
0.0
1.0
0.0
0.0
0.0
0.0
0.0
1.0
0.0
0.0
0.0
0.0
0.0
0.0
0.0
0.0
0.0
0.0
0.0
0.0
0.0
0.0
0.0
0.0
0.0
0.0
0.0
0.0
-1.0
0.0
0.0
0.0
0.0
0.0
0.0
0.0
0.0
0.0
1.0
0.0
0.0
0.0
0.0
1.0
0.0
0.0
0.0
0.0
0.0
0.0
0.0
0.0
0.0
0.0
0.0
0.0
0.0
0.0
0.0
0.0
0.0
0.0
0.0
0.0
0.0
0.0
0.0
0.0
0.0
0.0
0.0
0.0
0.0
0.0
0.0
0.0
0.0
0.0
0.0
0.0
0.0
0.0
0.0
0.0
0.0
0.0
0.0
0.0
0.0
0.0
1.0
0.0
0.0
0.0
0.0
-1.0
0.0
0.0
0.0
0.0
0.0
0.0
0.0
0.0
0.0
0.0
0.0
0.0
0.0
0.0
0.0
0.0
0.0
0.0
0.0
0.0
0.0
0.0
-1.0
0.0
0.0
0.0
0.0
0.0
0.0
0.0
0.0
0.0
0.0
0.0
0.0
0.0
0.0
0.0
0.0
0.0
0.0
0.0
0.0
0.0
0.0
0.0
0.0
0.0
0.0
0.0
0.0
0.0
0.0
0.0
0.0
0.0
0.0
0.0
0.0
0.0
0.0
0.0
0.0
0.0
0.0
0.0
0.0
0.0
0.0
-1.0
0.0
0.0
0.0
0.0
0.0
0.0
0.0
0.0
0.0
0.0
0.0
0.0
0.0
0.0
0.0
0.0
1.0
0.0
0.0
0.0
0.0
0.0
0.0
0.0
0.0
0.0
0.0
0.0
0.0
0.0
0.0
0.0
0.0
0.0
0.0
0.0
0.0
0.0
0.0
0.0
0.0
0.0
0.0
0.0
0.0
0.0
0.0
0.0
0.0
0.0
0.0
0.0
0.0
0.0
0.0
0.0
0.0
0.0
0.0
0.0
0.0
0.0
0.0
0.0
0.0
0.0
0.0
0.0
0.0
0.0
0.0
0.0
0.0
0.0
0.0
0.0
0.0
0.0
0.0
0.0
0.0
0.0
0.0
0.0
0.0
0.0
0.0
0.0
0.0
0.0
0.0
0.0
0.0
0.0
0.0
0.0
0.0
0.0
0.0
0.0
0.0
0.0
0.0
0.0
0.0
0.0
0.0
0.0
0.0
0.0
0.0
0.0
0.0
0.0
0.0
0.0
0.0
0.0
0.0
0.0
0.0
0.0
0.0
0.0
0.0
0.0
0.0
0.0
0.0
0.0
0.0
0.0
0.0
0.0
0.0
0.0
0.0
0.0
0.0
1.0
0.0
0.0
0.0
0.0
0.0
0.0
0.0
0.0
0.0
0.0
0.0
0.0
0.0
0.0
0.0
0.0
0.0
0.0
0.0
0.0
0.0
0.0
0.0
0.0
0.0
0.0
0.0
0.0
0.0
0.0
0.0
0.0
0.0
0.0
0.0
0.0
0.0
0.0
0.0
0.0
0.0
0.0
0.0
0.0
0.0
0.0
0.0
0.0
0.0
0.0
0.0
0.0
-1.0
-1.0
0.0
0.0
0.0
0.0
0.0
0.0
0.0
0.0
0.0
0.0
0.0
0.0
0.0
0.0
0.0
0.0
0.0
0.0
0.0
0.0
0.0
0.0
0.0
0.0
0.0
0.0
0.0
0.0
0.0
0.0
0.0
0.0
0.0
0.0
0.0
0.0
0.0
0.0
0.0
0.0
0.0
0.0
0.0
0.0
0.0
0.0
0.0
0.0
0.0
0.0
0.0
0.0
1.0
0.0
0.0
0.0
0.0
0.0
0.0
0.0
0.0
0.0
0.0
0.0
0.0
0.0
0.0
0.0
0.0
0.0
0.0
0.0
0.0
0.0
0.0
0.0
0.0
0.0
0.0
0.0
0.0
0.0
0.0
0.0
0.0
0.0
0.0
0.0
0.0
0.0
0.0
0.0
0.0
0.0
0.0
0.0
0.0
0.0
0.0
0.0
0.0
0.0
0.0
0.0
0.0
0.0
0.0
0.0
0.0
0.0
0.0
0.0
0.0
0.0
0.0
0.0
0.0
0.0
0.0
0.0
0.0
0.0
0.0
0.0
0.0
0.0
0.0
0.0
0.0
0.0
0.0
0.0
0.0
0.0
0.0
0.0
0.0
0.0
0.0
0.0
0.0
0.0
0.0
0.0
0.0
0.0
0.0
0.0
0.0
0.0
0.0
0.0
0.0
0.0
0.0
0.0
0.0
0.0
0.0
0.0
0.0
0.0
0.0
0.0
0.0
0.0
0.0
0.0
0.0
0.0
0.0
0.0
0.0
0.0
0.0
0.0
0.0
0.0
0.0
0.0
0.0
0.0
0.0
0.0
0.0
0.0
0.0
0.0
0.0
0.0
0.0
-1.0
0.0
0.0
0.0
0.0
0.0
0.0
0.0
0.0
0.0
0.0
0.0
0.0
0.0
0.0
0.0
0.0
0.0
0.0
0.0
0.0
0.0
0.0
0.0
0.0
0.0
0.0
0.0
0.0
0.0
0.0
0.0
0.0
0.0
0.0
0.0
0.0
0.0
0.0
0.0
0.0
0.0
0.0
0.0
0.0
0.0
0.0
0.0
0.0
0.0
0.0
0.0
-1.0
0.0
0.0
0.0
0.0
0.0
0.0
0.0
0.0
0.0
0.0
0.0
0.0
0.0
0.0
0.0
0.0
0.0
0.0
0.0
0.0
0.0
0.0
0.0
0.0
0.0
0.0
0.0
0.0
0.0
0.0
0.0
0.0
0.0
0.0
0.0
0.0
0.0
0.0
0.0
0.0
0.0
0.0
0.0
0.0
0.0
0.0
0.0
0.0
0.0
0.0
0.0
0.0
0.0
0.0
0.0
0.0
0.0
0.0
0.0
0.0
0.0
0.0
0.0
0.0
0.0
0.0
0.0
0.0
0.0
0.0
0.0
0.0
0.0
0.0
0.0
0.0
0.0
0.0
0.0
0.0
0.0
0.0
0.0
0.0
0.0
0.0
0.0
0.0
0.0
0.0
0.0
0.0
0.0
0.0
0.0
0.0
0.0
0.0
0.0
0.0
0.0
0.0
0.0
0.0
0.0
0.0
0.0
0.0
0.0
0.0
0.0
0.0
0.0
0.0
0.0
0.0
0.0
0.0
0.0
0.0
0.0
0.0
0.0
0.0
0.0
0.0
0.0
0.0
0.0
0.0
0.0
0.0
0.0
0.0
0.0
0.0
0.0
0.0
0.0
0.0
0.0
0.0
0.0
0.0
0.0
0.0
0.0
0.0
0.0
0.0
0.0
0.0
0.0
0.0
0.0
0.0
0.0
0.0
0.0
0.0
0.0
0.0
0.0
0.0
0.0
0.0
0.0
0.0
0.0
0.0
0.0
0.0
0.0
0.0
0.0
0.0
0.0
0.0
0.0
0.0
-1.0
0.0
0.0
0.0
0.0
0.0
0.0
0.0
0.0
0.0
0.0
0.0
0.0
0.0
0.0
0.0
0.0
0.0
0.0
0.0
0.0
0.0
0.0
0.0
0.0
0.0
0.0
0.0
0.0
0.0
0.0
0.0
0.0
0.0
0.0
0.0
0.0
0.0
0.0
0.0
0.0
0.0
0.0
0.0
0.0
0.0
0.0
0.0
0.0
0.0
0.0
0.0
0.0
0.0
0.0
0.0
0.0
0.0
0.0
0.0
0.0
0.0
0.0
0.0
0.0
0.0
0.0
0.0
0.0
0.0
0.0
0.0
0.0
0.0
0.0
0.0
0.0
0.0
0.0
0.0
0.0
0.0
0.0
0.0
0.0
0.0
0.0
0.0
0.0
0.0
0.0
0.0
0.0
0.0
0.0
0.0
0.0
0.0
0.0
0.0
0.0
0.0
0.0
-1.0
0.0
0.0
0.0
0.0
0.0
0.0
0.0
0.0
0.0
0.0
0.0
0.0
0.0
0.0
0.0
0.0
0.0
0.0
0.0
0.0
0.0
0.0
0.0
1.0
0.0
0.0
-1.0
0.0
0.0
0.0
0.0
0.0
0.0
0.0
0.0
0.0
0.0
0.0
0.0
0.0
0.0
0.0
0.0
0.0
0.0
0.0
0.0
0.0
0.0
0.0
0.0
0.0
0.0
0.0
0.0
0.0
0.0
1.0
0.0
0.0
0.0
0.0
1.0
0.0
0.0
0.0
0.0
0.0
0.0
0.0
0.0
0.0
1.0
0.0
0.0
0.0
0.0
0.0
0.0
0.0
0.0
0.0
0.0
0.0
0.0
0.0
0.0
0.0
0.0
0.0
0.0
0.0
0.0
0.0
0.0
0.0
0.0
0.0
0.0
0.0
0.0
0.0
0.0
0.0
0.0
0.0
0.0
0.0
0.0
0.0
0.0
0.0
0.0
0.0
0.0
0.0
0.0
0.0
0.0
0.0
0.0
0.0
0.0
0.0
0.0
0.0
0.0
0.0
0.0
0.0
0.0
0.0
0.0
0.0
0.0
0.0
0.0
0.0
0.0
0.0
0.0
0.0
0.0
0.0
0.0
0.0
0.0
0.0
0.0
0.0
0.0
0.0
0.0
0.0
0.0
0.0
0.0
0.0
0.0
0.0
0.0
0.0
0.0
0.0
0.0
0.0
0.0
0.0
0.0
0.0
0.0
0.0
0.0
0.0
0.0
0.0
0.0
0.0
0.0
0.0
0.0
0.0
0.0
0.0
0.0
0.0
0.0
0.0
0.0
0.0
0.0
0.0
0.0
0.0
0.0
0.0
0.0
0.0
0.0
0.0
0.0
0.0
0.0
0.0
0.0
0.0
0.0
0.0
0.0
0.0
0.0
0.0
0.0
0.0
0.0
0.0
0.0
0.0
0.0
0.0
0.0
0.0
0.0
0.0
0.0
0.0
0.0
0.0
0.0
0.0
0.0
0.0
0.0
0.0
0.0
0.0
0.0
0.0
1.0
0.0
0.0
0.0
0.0
0.0
0.0
0.0
0.0
0.0
0.0
0.0
0.0
0.0
0.0
0.0
0.0
0.0
0.0
0.0
0.0
0.0
0.0
0.0
0.0
0.0
0.0
0.0
0.0
0.0
0.0
0.0
0.0
0.0
0.0
0.0
0.0
0.0
0.0
0.0
0.0
0.0
0.0
0.0
0.0
0.0
0.0
0.0
0.0
0.0
0.0
0.0
0.0
0.0
0.0
0.0
0.0
0.0
0.0
0.0
0.0
0.0
0.0
0.0
0.0
0.0
0.0
0.0
0.0
0.0
0.0
0.0
0.0
0.0
0.0
0.0
0.0
0.0
0.0
0.0
0.0
0.0
0.0
0.0
0.0
0.0
0.0
0.0
0.0
0.0
0.0
0.0
0.0
0.0
0.0
0.0
1.0
2.0
0.0
0.0
0.0
0.0
0.0
0.0
0.0
0.0
0.0
0.0
0.0
0.0
0.0
0.0
0.0
0.0
0.0
0.0
0.0
0.0
0.0
0.0
0.0
0.0
0.0
0.0
0.0
0.0
0.0
0.0
0.0
0.0
0.0
0.0
0.0
0.0
0.0
0.0
0.0
0.0
0.0
0.0
0.0
0.0
0.0
0.0
0.0
0.0
0.0
0.0
0.0
0.0
0.0
0.0
0.0
0.0
0.0
0.0
0.0
0.0
0.0
0.0
0.0
0.0
0.0
0.0
0.0
0.0
0.0
0.0
0.0
0.0
0.0
0.0
0.0
0.0
0.0
0.0
0.0
0.0
0.0
0.0
-1.0
0.0
0.0
0.0
0.0
0.0
0.0
0.0
0.0
0.0
0.0
0.0
0.0
0.0
0.0
0.0
0.0
0.0
0.0
0.0
0.0
0.0
0.0
0.0
0.0
0.0
0.0
0.0
0.0
0.0
0.0
0.0
0.0
0.0
0.0
0.0
0.0
0.0
0.0
0.0
0.0
0.0
0.0
0.0
0.0
0.0
0.0
0.0
0.0
0.0
0.0
0.0
0.0
0.0
0.0
0.0
0.0
0.0
0.0
0.0
0.0
0.0
0.0
0.0
0.0
0.0
0.0
0.0
0.0
0.0
0.0
0.0
0.0
0.0
0.0
0.0
0.0
0.0
0.0
0.0
0.0
0.0
0.0
0.0
0.0
0.0
0.0
0.0
0.0
0.0
0.0
0.0
0.0
0.0
0.0
0.0
0.0
0.0
0.0
0.0
0.0
0.0
0.0
0.0
0.0
0.0
0.0
0.0
0.0
0.0
0.0
0.0
0.0
0.0
0.0
0.0
0.0
0.0
0.0
0.0
0.0
0.0
0.0
0.0
0.0
0.0
0.0
0.0
0.0
0.0
0.0
0.0
0.0
0.0
0.0
0.0
0.0
0.0
0.0
0.0
0.0
0.0
0.0
0.0
0.0
0.0
0.0
0.0
0.0
0.0
0.0
0.0
0.0
0.0
0.0
0.0
0.0
0.0
0.0
0.0
0.0
0.0
0.0
0.0
0.0
0.0
0.0
0.0
0.0
9538.0
978944.0
16380.0
1064960.0
0.0
0.0
0.0
0.0
62216.0
999424.0
0.0
0.0
8.0
995352.0
0.0
0.0
24.0
995328.0
0.0
0.0
0.0
0.0
0.0
0.0
0.0
0.0
0.0
0.0
