0.47168756
0.061326984
0.009284085
0.009484173
0.010124455
0.010744727
0.009564208
0.009764296
0.0011805195
0.0013605987
0.0010804754
0.0016607307
0.00068029936
0.0018808276
0.00080035214
0.00080035214
0.0018007923
0.0012605547
0.0006402817
0.0010804754
0.001020449
0.0018007923
0.002541118
0.00076033454
0.0011605106
0.00090039615
0.00040017607
0.0011004842
0.0005602465
0.00062027294
0.00068029936
0.0013205811
0.0033414701
0.0014406339
0.0008803874
0.004822122
0.002140942
0.0019808717
0.0013205811
0.001120493
0.0016407219
0.00096042256
0.0024810918
0.0009804314
0.0027211974
0.0013205811
0.0030813557
0.0011805195
0.0048621395
0.004802113
0.00518228
0.007243187
0.004602025
0.00418184
0.0038216815
0.0041418225
0.0040217694
0.0034215054
0.002861259
0.00072031695
0.0007403257
0.0008403698
0.00096042256
0.00072031695
0.0027211974
0.0036015846
0.0016607307
0.0046620513
0.0025811356
0.0021809596
0.0023210212
0.0016207132
0.000920405
0.001740766
0.0007003081
0.0013005723
0.0015206691
0.0017207571
0.00082036096
0.0011605106
0.00184081
0.0010804754
0.001120493
0.002140942
0.001420625
0.0015206691
0.001120493
0.0013605987
0.0013605987
0.0010604666
0.00062027294
0.0010404577
0.0044019367
0.00062027294
0.00066029053
0.0010404577
0.0013405898
0.008963944
0.0043219016
0.0063627996
0.00686302
0.0140661895
0.0039417343
0.0029813119
0.0018608187
0.004802113
0.0016807396
0.0014006163
0.0039617433
0.0035415583
0.0045019807
0.005702509
0.0027011884
0.0010004402
0.004622034
0.005342351
0.006602905
0.0027011884
0.001220537
0.0015406779
0.003261435
0.0015206691
0.00072031695
0.0005402377
0.0006002641
0.0010004402
0.00048021128
0.0011805195
0.0014406339
0.0010004402
0.0005802553
0.0012605547
0.001120493
0.001220537
0.0010004402
0.00036015848
0.00096042256
0.0015406779
0.0012405459
0.0009804314
0.000920405
0.0014006163
0.00066029053
0.0006402817
0.0012405459
0.0007403257
0.0005202289
0.00078034337
0.0008803874
0.0008403698
0.00072031695
0.0006002641
0.0009804314
0.0010004402
0.0004401937
0.00068029936
0.00066029053
0.0036215936
0.0006002641
0.00076033454
0.003781664
0.0057425266
0.0013005723
0.00090039615
0.0010804754
0.0017007483
0.00076033454
0.00068029936
0.0012805634
0.0015006603
0.0005202289
0.0005602465
0.0005802553
0.001740766
0.0006402817
0.0005602465
0.0012605547
0.0012405459
0.00076033454
0.00066029053
0.00082036096
0.0012405459
0.0015006603
0.0010804754
0.0015406779
0.00096042256
0.0005402377
0.0006002641
0.0005602465
0.0007403257
0.0007403257
0.001120493
0.00184081
0.0010604666
0.0010404577
0.001220537
0.000920405
0.0022209773
0.0006002641
0.00066029053
0.0017607748
0.0010404577
0.00072031695
0.0004401937
0.0005202289
0.0005802553
0.0004602025
0.0006002641
0.001020449
0.0006402817
0.0005602465
0.000920405
0.00048021128
0.00066029053
0.0006402817
0.00034014968
0.0012805634
0.0004201849
0.0005402377
0.0009804314
0.0006002641
0.0008803874
0.0007403257
0.00086037855
0.0015606867
0.0012805634
0.00076033454
0.0010804754
0.00048021128
0.002240986
0.002140942
0.0005602465
0.001220537
0.0011605106
0.00048021128
0.00086037855
0.00090039615
0.00076033454
0.0009804314
0.0005802553
0.0006402817
0.0008803874
0.0005402377
0.0005602465
0.00062027294
0.0006402817
0.0014806514
0.0007403257
0.0009804314
0.0007403257
0.00080035214
0.00086037855
0.0006402817
0.00076033454
0.001420625
0.004722078
0.14851022
1.0388962e-05
1.0388962e-05
2.0777925e-05
0.00010388963
2.0777925e-05
0.0
3.116689e-05
1.0388962e-05
2.0777925e-05
0.0
2.0777925e-05
0.00013505651
2.0777925e-05
1.0388962e-05
1.0388962e-05
0.04074551
9.350067e-05
0.00015583444
8.31117e-05
6.233378e-05
0.00017661236
0.00020777926
0.00012466755
0.00015583444
8.31117e-05
6.233378e-05
0.00015583444
0.00013505651
6.233378e-05
9.350067e-05
0.00015583444
0.01932347
5.1944815e-05
5.1944815e-05
7.272274e-05
0.0006441157
8.31117e-05
7.272274e-05
6.233378e-05
4.155585e-05
4.155585e-05
7.272274e-05
5.1944815e-05
0.00051944813
6.233378e-05
6.233378e-05
6.233378e-05
0.018897524
6.233378e-05
6.233378e-05
9.350067e-05
0.00074800535
0.00010388963
7.272274e-05
9.350067e-05
5.1944815e-05
6.233378e-05
7.272274e-05
7.272274e-05
0.00065450463
8.31117e-05
7.272274e-05
7.272274e-05
0.0
0.0
0.0
0.0
0.0
0.0
0.0
0.0
0.0
0.0
0.0
0.0
0.0
0.0
0.0
0.0
0.017848238
0.00012466755
0.0002493351
0.00022855718
0.00025972407
0.00031166887
0.000280502
0.00020777926
0.00027011303
0.00011427859
0.00011427859
0.00027011303
0.00032205784
0.00017661236
0.0002493351
0.0002493351
0.010991523
0.0
0.00010388963
0.005838597
0.00025972407
0.0004778923
0.003314079
0.00029089095
0.0
0.0
0.0
0.0
0.0
0.0
0.0
0.0
0.08595828
0.00070644944
0.0015791224
0.018565077
0.00420753
0.003895861
0.021099983
0.0065034907
0.00091422873
0.00072722737
0.00088306185
0.00072722737
0.00091422873
0.0006337267
0.00096617354
0.00065450463
0.06179355
0.0007895612
0.0020985706
0.0071372176
0.0038127494
0.0037711936
0.013526429
0.005984043
0.00065450463
0.00079995015
0.0016310671
0.0007895612
0.00096617354
0.00067528256
0.0011947308
0.0007583943
0.044527095
0.0014648438
0.0034491357
0.0022751829
0.0050074803
0.0018700133
0.013110871
0.0068567153
0.0012674534
0.00041555852
0.0004778923
0.0008103391
0.00090383977
0.00032205784
0.001122008
0.0012258976
0.0629675
0.00280502
0.01161486
0.0056515955
0.002493351
0.0018180684
0.0054230387
0.0020985706
0.002784242
0.0050074803
0.0117706945
0.0020466256
0.0022751829
0.0009765625
0.0045503657
0.003376413
0.038802776
0.0029400764
0.0044360873
0.003085522
0.0040205284
0.0022959607
0.0060879323
0.0043633645
0.0025660738
0.002244016
0.0023167387
0.0028569647
0.0026387966
0.0023582946
0.001942736
0.0021505153
0.016985955
0.002264794
0.001984292
0.0012570645
0.003314079
0.0015375665
0.0024310173
0.001921958
0.0023998504
0.0007168384
0.0009453956
0.0009765625
0.0014544547
0.001122008
0.0016414562
0.0015999003
0.008467005
0.0009869515
0.00093500665
0.0006441157
0.00077917223
0.0007376164
0.0009765625
0.0009453956
0.0007895612
0.00077917223
0.00072722737
0.0011635638
0.00070644944
0.0008934508
0.0006648936
0.0010804521
0.016695064
0.0034075798
0.0031062998
0.0024725732
0.0037192486
0.0034491357
0.0043425863
0.0032413565
0.0027530752
0.0020985706
0.0026803524
0.00330369
0.0027219083
0.0027219083
0.003064744
0.0040516956
0.008373504
0.002482962
0.0024517952
0.002223238
0.0023375165
0.001921958
0.002545296
0.0023375165
0.002264794
0.002524518
0.0023998504
0.0026803524
0.0018804022
0.0018907912
0.0020362367
0.00220246
267.0
12.588015
3361.0
0.016066646
0.0002975305
0.005355549
0.04730735
0.00595061
0.0124962805
0.0056530796
0.0068432014
0.006545671
0.0026777745
0.0062481402
0.0050580185
0.0062481402
0.007735793
0.011008629
0.002975305
0.005355549
0.00595061
0.0062481402
0.04760488
0.0074382625
0.001190122
0.0020827134
0.0008925915
0.0032728354
0.001190122
0.0038678965
0.002975305
0.0050580185
0.0026777745
0.004165427
0.0014876525
0.001785183
0.013983933
0.004165427
0.022314787
0.008330854
0.009520976
0.008330854
0.013983933
0.004165427
0.010711098
0.0008925915
0.001190122
0.008628384
0.009223445
0.0014876525
0.005355549
0.008628384
0.0026777745
0.0050580185
0.013388872
0.0056530796
0.0032728354
0.001785183
0.0074382625
0.0020827134
0.0002975305
0.000595061
0.001190122
0.000595061
0.0
0.001190122
0.0008925915
0.0008925915
0.036298722
0.007140732
0.022909848
0.027075276
0.09044927
0.0044629574
0.008033323
0.003570366
0.037191313
0.0026777745
0.002975305
0.029157989
0.021124665
0.033620946
0.04254686
0.01219875
0.0014876525
0.037488844
0.03481107
0.06456412
0.016364178
0.004760488
0.005355549
0.011306159
0.0044629574
0.002380244
0.0008925915
0.001190122
0.001190122
0.0008925915
0.001785183
5.614278
0.0
0.0
0.0
2.0
49978.0
53248.0
0.0
0.0
7.0
0.0
1.0
0.0
0.0
0.0
1097638000.0
0.0
0.0
0.0
0.0
0.0
1.0
0.0
0.0
0.0
0.0
0.0
0.0
-1.0
0.0
-1.0
-1.0
1.0
0.0
0.0
0.0
0.0
0.0
0.0
0.0
0.0
0.0
0.0
0.0
-1.0
0.0
0.0
0.0
0.0
0.0
0.0
0.0
0.0
0.0
0.0
0.0
0.0
-1.0
0.0
0.0
0.0
0.0
0.0
0.0
0.0
0.0
0.0
0.0
27.0
17.0
5.0
1.0
5.0
1.0
12288.0
1024.0
0.0
4.0
0.0
0.0
2.0
4.0
0.0
0.0
0.0
0.0
0.0
0.0
0.0
0.0
0.0
0.0
0.0
0.0
0.0
0.0
0.0
0.0
0.0
-1536.0
0.0
0.0
0.0
0.0
0.0
0.0
0.0
0.0
0.0
0.0
-8704.0
0.0
0.0
0.0
0.0
0.0
23552.0
0.0
0.0
0.0
0.0
0.0
0.0
0.0
0.0
6144.0
0.0
0.0
0.0
0.0
0.0
0.0
0.0
0.0
0.0
0.0
0.0
0.0
0.0
0.0
0.0
0.0
0.0
0.0
0.0
0.0
0.0
0.0
0.0
-3.8000562
0.0
0.0
0.0
0.0
0.0
0.0
0.0
0.0
0.0
0.0
-7.2447305
0.0
0.0
0.0
0.0
0.0
3.4925754
0.0
0.0
0.0
0.0
0.0
0.0
0.0
0.0
4.701767
0.0
0.0
0.0
0.0
0.0
0.0
0.0
0.0
0.0
0.0
0.0
0.0
0.0
0.0
0.0
0.0
0.0
0.0
0.0
0.0
0.0
0.0
0.0
-4096.0
0.0
0.0
0.0
0.0
0.0
0.0
0.0
0.0
0.0
0.0
-12288.0
0.0
0.0
0.0
0.0
0.0
24576.0
0.0
0.0
0.0
0.0
0.0
0.0
0.0
0.0
8192.0
0.0
0.0
0.0
0.0
0.0
0.0
0.0
0.0
0.0
0.0
0.0
0.0
0.0
0.0
0.0
0.0
0.0
0.0
1.0
0.0
0.0
0.0
0.0
0.0
0.0
0.0
-1.0
0.0
0.0
0.0
0.0
0.0
0.0
0.0
0.0
0.0
0.0
-1.0
0.0
0.0
0.0
0.0
0.0
0.0
0.0
-1.0
0.0
0.0
0.0
0.0
0.0
0.0
0.0
0.0
0.0
0.0
0.0
0.0
0.0
0.0
0.0
0.0
0.0
0.0
0.0
0.0
0.0
0.0
0.0
-1.0
0.0
0.0
0.0
0.0
0.0
0.0
0.0
0.0
0.0
1.0
0.0
0.0
0.0
0.0
1.0
0.0
0.0
0.0
0.0
0.0
0.0
0.0
0.0
1.0
0.0
0.0
0.0
0.0
0.0
0.0
0.0
0.0
0.0
-1.0
0.0
0.0
0.0
0.0
0.0
0.0
0.0
0.0
0.0
0.0
0.0
0.0
0.0
0.0
0.0
0.0
0.0
0.0
0.0
0.0
0.0
0.0
0.0
0.0
0.0
0.0
0.0
0.0
0.0
0.0
0.0
0.0
-1.0
0.0
0.0
0.0
0.0
0.0
0.0
0.0
0.0
0.0
0.0
0.0
0.0
-1.0
0.0
0.0
0.0
0.0
0.0
0.0
0.0
0.0
0.0
-1.0
0.0
0.0
0.0
0.0
0.0
0.0
0.0
0.0
0.0
0.0
0.0
0.0
0.0
0.0
0.0
0.0
0.0
0.0
0.0
0.0
0.0
0.0
0.0
0.0
0.0
0.0
0.0
0.0
0.0
0.0
0.0
0.0
0.0
0.0
0.0
0.0
0.0
0.0
0.0
0.0
0.0
0.0
1.0
0.0
0.0
0.0
0.0
0.0
0.0
0.0
0.0
0.0
0.0
0.0
0.0
0.0
0.0
0.0
0.0
0.0
0.0
0.0
0.0
1.0
0.0
0.0
0.0
0.0
0.0
0.0
0.0
0.0
0.0
0.0
0.0
0.0
0.0
0.0
0.0
0.0
0.0
0.0
0.0
0.0
0.0
0.0
1.0
0.0
0.0
0.0
0.0
0.0
0.0
0.0
0.0
0.0
0.0
0.0
0.0
0.0
0.0
0.0
0.0
0.0
0.0
0.0
0.0
0.0
0.0
0.0
0.0
0.0
0.0
0.0
0.0
0.0
1.0
0.0
0.0
0.0
0.0
0.0
0.0
0.0
0.0
0.0
0.0
0.0
0.0
0.0
0.0
0.0
0.0
0.0
0.0
0.0
0.0
0.0
0.0
0.0
0.0
0.0
0.0
0.0
0.0
0.0
0.0
0.0
0.0
0.0
0.0
0.0
0.0
0.0
0.0
0.0
0.0
0.0
0.0
0.0
0.0
0.0
0.0
0.0
0.0
0.0
0.0
0.0
0.0
0.0
0.0
0.0
0.0
0.0
0.0
0.0
0.0
0.0
0.0
0.0
0.0
0.0
0.0
0.0
0.0
0.0
0.0
0.0
0.0
0.0
0.0
0.0
0.0
0.0
0.0
0.0
0.0
0.0
0.0
0.0
0.0
0.0
0.0
0.0
0.0
0.0
0.0
0.0
0.0
0.0
0.0
0.0
0.0
0.0
0.0
0.0
0.0
0.0
0.0
0.0
0.0
0.0
0.0
0.0
0.0
0.0
0.0
0.0
0.0
0.0
0.0
0.0
0.0
0.0
0.0
0.0
0.0
0.0
0.0
0.0
0.0
0.0
0.0
0.0
0.0
0.0
0.0
0.0
0.0
0.0
0.0
0.0
0.0
0.0
0.0
0.0
0.0
0.0
0.0
0.0
0.0
0.0
0.0
0.0
0.0
0.0
0.0
0.0
0.0
0.0
0.0
0.0
0.0
0.0
0.0
0.0
0.0
0.0
0.0
0.0
0.0
0.0
0.0
0.0
0.0
0.0
0.0
0.0
0.0
0.0
0.0
0.0
0.0
0.0
0.0
0.0
0.0
0.0
0.0
0.0
0.0
0.0
0.0
0.0
0.0
0.0
0.0
0.0
0.0
0.0
0.0
0.0
0.0
0.0
0.0
0.0
0.0
0.0
0.0
0.0
0.0
0.0
0.0
0.0
0.0
0.0
0.0
0.0
0.0
0.0
0.0
0.0
0.0
-1.0
0.0
0.0
0.0
0.0
0.0
0.0
0.0
0.0
0.0
0.0
0.0
0.0
0.0
0.0
0.0
0.0
0.0
0.0
0.0
0.0
0.0
0.0
0.0
1.0
0.0
0.0
0.0
0.0
0.0
0.0
0.0
0.0
0.0
0.0
0.0
0.0
0.0
0.0
0.0
0.0
0.0
0.0
0.0
0.0
0.0
0.0
0.0
0.0
0.0
0.0
0.0
0.0
0.0
0.0
0.0
0.0
0.0
0.0
0.0
0.0
0.0
0.0
0.0
0.0
0.0
0.0
0.0
0.0
0.0
0.0
0.0
0.0
0.0
0.0
0.0
0.0
0.0
0.0
0.0
0.0
0.0
0.0
0.0
0.0
0.0
0.0
0.0
0.0
0.0
0.0
0.0
0.0
0.0
0.0
0.0
0.0
0.0
0.0
0.0
0.0
0.0
0.0
0.0
0.0
0.0
0.0
0.0
0.0
0.0
0.0
0.0
0.0
0.0
0.0
0.0
0.0
0.0
0.0
0.0
0.0
0.0
0.0
0.0
0.0
0.0
0.0
0.0
0.0
0.0
0.0
1.0
0.0
0.0
0.0
0.0
0.0
0.0
0.0
0.0
0.0
0.0
0.0
0.0
0.0
0.0
0.0
0.0
0.0
-1.0
0.0
0.0
0.0
0.0
0.0
0.0
0.0
0.0
0.0
0.0
0.0
0.0
0.0
0.0
0.0
0.0
0.0
0.0
0.0
0.0
0.0
0.0
0.0
0.0
0.0
0.0
0.0
0.0
0.0
0.0
0.0
0.0
0.0
0.0
0.0
0.0
0.0
0.0
0.0
0.0
0.0
0.0
0.0
0.0
0.0
0.0
0.0
0.0
0.0
0.0
0.0
0.0
0.0
0.0
0.0
0.0
0.0
0.0
0.0
0.0
0.0
0.0
0.0
0.0
0.0
0.0
0.0
0.0
0.0
0.0
0.0
0.0
0.0
0.0
0.0
0.0
0.0
0.0
0.0
0.0
0.0
0.0
0.0
0.0
0.0
0.0
0.0
0.0
0.0
0.0
0.0
0.0
0.0
0.0
0.0
0.0
0.0
0.0
0.0
0.0
0.0
0.0
0.0
0.0
0.0
0.0
0.0
0.0
0.0
0.0
0.0
0.0
0.0
0.0
0.0
0.0
0.0
0.0
0.0
0.0
0.0
0.0
0.0
0.0
0.0
0.0
0.0
0.0
0.0
0.0
0.0
0.0
0.0
0.0
0.0
0.0
0.0
0.0
0.0
0.0
0.0
0.0
0.0
0.0
0.0
0.0
0.0
0.0
0.0
0.0
0.0
0.0
0.0
0.0
0.0
0.0
0.0
0.0
0.0
0.0
0.0
0.0
0.0
0.0
0.0
0.0
0.0
0.0
0.0
0.0
0.0
0.0
0.0
0.0
0.0
0.0
0.0
0.0
0.0
0.0
0.0
0.0
0.0
0.0
0.0
0.0
0.0
0.0
0.0
0.0
0.0
0.0
0.0
0.0
0.0
0.0
0.0
0.0
0.0
0.0
1.0
0.0
0.0
0.0
0.0
0.0
0.0
0.0
0.0
0.0
0.0
0.0
0.0
0.0
0.0
0.0
0.0
0.0
0.0
0.0
0.0
0.0
0.0
0.0
0.0
0.0
0.0
0.0
0.0
0.0
0.0
0.0
0.0
0.0
0.0
0.0
0.0
0.0
0.0
0.0
0.0
0.0
0.0
0.0
0.0
0.0
0.0
0.0
0.0
0.0
0.0
0.0
0.0
0.0
0.0
0.0
0.0
0.0
0.0
0.0
0.0
0.0
0.0
0.0
0.0
0.0
0.0
0.0
0.0
0.0
0.0
0.0
0.0
0.0
0.0
0.0
0.0
0.0
0.0
0.0
0.0
0.0
0.0
0.0
0.0
0.0
0.0
0.0
0.0
0.0
0.0
0.0
0.0
0.0
0.0
0.0
0.0
0.0
0.0
0.0
0.0
0.0
0.0
0.0
0.0
0.0
0.0
0.0
0.0
0.0
0.0
0.0
0.0
0.0
0.0
0.0
0.0
0.0
0.0
0.0
0.0
0.0
0.0
0.0
0.0
0.0
0.0
0.0
0.0
0.0
1.0
0.0
0.0
0.0
0.0
0.0
0.0
0.0
0.0
0.0
0.0
0.0
0.0
1.0
0.0
0.0
0.0
0.0
0.0
0.0
0.0
0.0
0.0
0.0
0.0
0.0
0.0
0.0
0.0
0.0
0.0
0.0
0.0
0.0
0.0
0.0
0.0
0.0
0.0
0.0
0.0
0.0
0.0
0.0
0.0
0.0
0.0
0.0
0.0
0.0
0.0
0.0
0.0
0.0
0.0
0.0
0.0
0.0
0.0
0.0
0.0
0.0
0.0
0.0
0.0
0.0
0.0
0.0
0.0
0.0
0.0
0.0
0.0
0.0
0.0
0.0
0.0
0.0
0.0
0.0
0.0
0.0
0.0
0.0
0.0
0.0
0.0
0.0
0.0
0.0
0.0
0.0
0.0
0.0
0.0
0.0
0.0
0.0
0.0
0.0
0.0
0.0
0.0
0.0
0.0
0.0
0.0
0.0
0.0
0.0
0.0
0.0
0.0
0.0
0.0
0.0
0.0
0.0
0.0
0.0
0.0
0.0
0.0
0.0
0.0
0.0
0.0
0.0
0.0
0.0
0.0
0.0
0.0
0.0
0.0
0.0
0.0
0.0
0.0
0.0
0.0
0.0
0.0
0.0
0.0
0.0
0.0
0.0
0.0
0.0
0.0
0.0
0.0
0.0
0.0
0.0
0.0
0.0
0.0
0.0
0.0
0.0
0.0
0.0
0.0
0.0
0.0
0.0
0.0
0.0
0.0
0.0
0.0
0.0
0.0
0.0
0.0
0.0
0.0
0.0
0.0
0.0
0.0
0.0
0.0
0.0
0.0
0.0
0.0
0.0
0.0
0.0
0.0
0.0
0.0
0.0
0.0
0.0
0.0
0.0
0.0
0.0
0.0
0.0
0.0
0.0
0.0
0.0
0.0
0.0
0.0
0.0
0.0
0.0
0.0
0.0
0.0
0.0
0.0
0.0
0.0
0.0
0.0
0.0
0.0
0.0
0.0
0.0
0.0
0.0
0.0
0.0
0.0
0.0
0.0
0.0
0.0
0.0
0.0
0.0
0.0
0.0
0.0
0.0
0.0
0.0
0.0
0.0
0.0
0.0
0.0
0.0
0.0
0.0
0.0
0.0
0.0
0.0
0.0
0.0
0.0
0.0
0.0
0.0
0.0
0.0
0.0
0.0
0.0
0.0
0.0
0.0
0.0
0.0
0.0
0.0
0.0
0.0
0.0
0.0
0.0
0.0
0.0
0.0
0.0
0.0
0.0
0.0
0.0
0.0
0.0
0.0
0.0
0.0
0.0
0.0
0.0
0.0
0.0
0.0
0.0
0.0
0.0
0.0
0.0
0.0
0.0
0.0
0.0
0.0
0.0
0.0
0.0
0.0
0.0
0.0
0.0
0.0
0.0
0.0
0.0
0.0
0.0
0.0
0.0
0.0
0.0
0.0
0.0
0.0
0.0
0.0
0.0
0.0
0.0
0.0
0.0
0.0
0.0
0.0
0.0
0.0
0.0
0.0
0.0
0.0
0.0
0.0
0.0
0.0
0.0
0.0
0.0
0.0
0.0
0.0
0.0
0.0
0.0
0.0
0.0
0.0
0.0
0.0
0.0
0.0
0.0
0.0
0.0
0.0
0.0
0.0
0.0
0.0
0.0
0.0
0.0
0.0
0.0
0.0
0.0
0.0
0.0
0.0
0.0
0.0
0.0
0.0
0.0
0.0
0.0
0.0
0.0
0.0
0.0
0.0
0.0
0.0
0.0
0.0
0.0
0.0
0.0
0.0
0.0
0.0
0.0
0.0
0.0
0.0
0.0
0.0
0.0
0.0
0.0
0.0
0.0
0.0
0.0
0.0
0.0
0.0
0.0
0.0
0.0
0.0
0.0
0.0
0.0
0.0
0.0
0.0
0.0
0.0
0.0
0.0
0.0
0.0
0.0
0.0
0.0
0.0
0.0
0.0
0.0
0.0
0.0
0.0
0.0
0.0
0.0
0.0
0.0
0.0
0.0
0.0
0.0
0.0
0.0
0.0
0.0
0.0
0.0
0.0
0.0
0.0
0.0
0.0
0.0
0.0
0.0
0.0
0.0
0.0
0.0
0.0
0.0
0.0
0.0
0.0
0.0
0.0
0.0
0.0
0.0
0.0
0.0
0.0
0.0
0.0
0.0
0.0
0.0
0.0
0.0
0.0
0.0
0.0
0.0
0.0
0.0
0.0
0.0
0.0
0.0
0.0
0.0
0.0
0.0
0.0
0.0
0.0
0.0
0.0
0.0
0.0
0.0
0.0
0.0
0.0
0.0
0.0
0.0
0.0
0.0
0.0
0.0
0.0
0.0
0.0
0.0
0.0
0.0
0.0
0.0
0.0
0.0
0.0
0.0
0.0
0.0
0.0
0.0
160.0
49152.0
5360.0
40960.0
0.0
0.0
0.0
0.0
0.0
0.0
0.0
0.0
0.0
0.0
0.0
0.0
0.0
0.0
0.0
0.0
0.0
0.0
0.0
0.0
0.0
0.0
0.0
0.0
