0.20576967
0.013201015
0.007212093
0.015425225
0.0257039
0.0030290792
0.0040993537
0.004021463
0.013345257
0.0049561504
0.0014222248
0.0011914378
0.005616778
0.0049186475
0.0006577429
0.006170667
0.0058475654
0.0010818139
0.0004875375
0.0005106162
0.003282945
0.0047830604
0.0011741287
0.0004558043
0.0019645742
0.00055965845
0.00056831294
0.006669744
0.0020078467
0.0008654512
0.00030002306
0.00034329563
0.0020828524
0.00032598662
0.0004096469
0.0005625433
0.006187976
0.00084814214
0.0011943226
0.00035771984
0.0012693284
0.00043561042
0.00027982923
0.0007962151
0.0007760212
0.0005798523
0.00072409416
0.0006490884
0.0018722594
0.00062024
0.00062889454
0.0050023077
0.0009029541
0.0009375721
0.0031646665
0.00080486963
0.0012577891
0.0039031848
0.0009635357
0.0024694207
0.00063754903
0.0015549273
0.00034329563
0.0005798523
0.0017309024
0.0018837987
0.0024953843
0.002835795
0.008181399
0.028297368
0.0012577891
0.0018318717
0.0015174244
0.0019213016
0.00036060467
0.00048465267
0.0014972306
0.0015549273
0.00066062773
0.00041541658
0.009493999
0.0022617124
0.0014597276
0.007892915
0.0017135934
0.0034502654
0.0013558735
0.0015405031
0.0026367414
0.001560697
0.00044714977
0.0033377567
0.0009519963
0.028141588
0.0013443342
0.0014337641
0.00039233788
0.0025992384
0.00060581585
0.0014251096
0.002431918
0.011579737
0.0015866605
0.0011798985
0.019028386
0.0032050542
0.009369952
0.0004933072
0.002694438
0.0014856912
0.0022876759
0.0023771059
0.00221844
0.0005510039
0.002374221
0.002674244
0.0125
0.013636626
0.00053657976
0.00075582735
0.00078467577
0.0011077775
0.00036925919
0.00026828988
0.0012866374
0.0029050312
0.0004558043
0.00035483498
0.0044253403
0.004321486
0.00023367182
0.029405147
0.0025790446
0.008198707
0.0003404108
0.00026828988
0.00074717286
0.022726748
0.0007500577
0.04989326
0.00047311332
0.0040820446
0.00033464114
0.00033752597
0.016547427
0.00025386567
0.00016732057
0.00015001153
0.0013414493
0.0005192707
0.00036925919
0.0001932841
0.00068659126
0.00030867758
0.00020770829
0.00020770829
0.0004875375
0.00028848372
0.00021347796
0.00021059312
0.00057696743
0.00036925919
0.00030002306
0.0013039465
0.0009116086
0.00052215555
0.00015866605
0.00021059312
0.0004702285
0.00023367182
0.00015289638
0.0008366028
0.0005336949
0.0005740826
0.00041253172
0.00034906532
0.0009058389
0.00030579275
0.00022501731
0.0002625202
0.0010558504
0.00040387723
0.0001932841
0.00022213247
0.0050426954
0.002518463
0.0003173321
0.0020165013
0.0012549042
0.00032021693
0.00042695593
0.00032021693
0.006563005
0.0028790676
0.00328006
0.01081814
0.014585737
0.00034906532
0.0005106162
0.010769098
0.0018751442
0.0016183937
0.00055965845
0.0003461805
0.0018030233
0.00040676206
0.00072120933
0.00036925919
0.002180937
0.00079333025
0.0006087007
0.00053657976
0.0015260789
0.0003404108
0.0002711747
0.00037502885
0.0032339026
0.0009894992
0.00036925919
0.004598431
0.0030896608
0.004009924
0.00029136857
0.0004413801
0.0039753057
0.00062024
0.00038368336
0.00032887145
0.0032165935
0.0027723287
0.00031156244
0.00040099237
0.02145742
0.0045003463
0.00033175628
0.0014828064
0.008792984
0.00035771984
0.00022790214
0.00049907685
0.0055446574
0.00033175628
0.0012520194
0.0014222248
0.007304408
0.00093468727
0.0005163859
0.00075582735
0.009318025
0.0010933534
0.00047311332
0.00037502885
0.010062313
0.0013270251
0.0018636049
0.02944265
0.0
0.0
0.0
0.0
0.0
0.0
0.0
0.0
0.0
0.0
0.0
0.0
0.0
0.0
0.0
0.0
0.0
0.0
0.0
0.0
0.0
0.0
0.0
0.0
0.0
0.0
0.0
0.0
0.0
0.0
0.0
0.0
0.0
0.0
0.0
0.0
0.0
0.0
0.0
0.0
0.0
0.0
0.0
0.0
0.0
0.0
0.0
0.0
0.005253732
4.491608e-05
4.491608e-05
5.216061e-05
9.562778e-05
0.00013909496
8.403654e-05
2.8978116e-05
3.0427022e-05
1.3040152e-05
1.3040152e-05
1.1591246e-05
4.491608e-05
3.0427022e-05
1.4489058e-05
3.332483e-05
0.0051552067
7.53431e-05
5.7956233e-05
5.7956233e-05
5.216061e-05
0.00020284682
5.7956233e-05
4.9262795e-05
4.9262795e-05
2.3182492e-05
2.6080304e-05
2.3182492e-05
3.1875927e-05
2.3182492e-05
2.6080304e-05
2.3182492e-05
0.00899046
0.0010692924
0.00032310598
0.00010577012
0.00032165708
0.000115912466
0.00015793073
0.00011011684
0.0002477629
4.9262795e-05
6.0854043e-05
4.056936e-05
7.968982e-05
9.272997e-05
4.9262795e-05
5.505842e-05
0.0059042913
0.0009157085
0.00017676651
4.201827e-05
0.00043177392
0.00014054387
0.00067084335
0.00038251112
8.258763e-05
1.8835775e-05
2.3182492e-05
2.028468e-05
3.0427022e-05
2.028468e-05
2.1733587e-05
2.028468e-05
0.0027036583
0.0
1.8835775e-05
8.113872e-05
0.0034411512
0.0012504057
0.010820429
0.0054232543
0.0
0.0
0.0
0.0
0.0
0.0
0.0
0.0
0.0051189843
5.9405138e-05
0.0002477629
0.00026225194
0.0013474824
0.00060998934
0.0042800675
0.002182052
6.664966e-05
4.201827e-05
5.3609514e-05
4.781389e-05
3.9120456e-05
0.0002274782
0.00021009134
4.201827e-05
0.002058895
0.00015503292
0.00022168258
0.00025645632
0.00054623745
0.00021298915
0.0013576248
0.00064621196
0.00015213511
1.3040152e-05
4.056936e-05
7.244529e-05
7.824091e-05
6.0854043e-05
3.6222646e-05
2.6080304e-05
0.0016952198
7.3894196e-05
5.216061e-05
4.056936e-05
0.0001246059
0.00010432122
9.1281065e-05
6.809857e-05
0.00019705118
2.028468e-05
4.781389e-05
7.824091e-05
0.00010866793
3.6222646e-05
0.00011156574
0.00011736137
0.0081631355
0.00058246014
0.0010881282
0.00080269383
0.0016879753
0.0010794348
0.002322596
0.0013634204
0.0022414573
0.00035787973
0.00016372635
0.00032310598
0.0010620479
0.0003767155
0.0009026683
0.0012214276
0.11975061
0.008890486
0.0040395493
0.007718321
0.018753188
0.024130076
0.019357381
0.012282374
0.049898867
0.006317229
0.0025500741
0.005382685
0.022252295
0.0068055103
0.018924158
0.029030276
0.13342683
0.015178737
0.0065171784
0.013024214
0.02450969
0.034059428
0.020474488
0.016630542
0.063872114
0.011310158
0.003909148
0.0085833175
0.027284345
0.01321547
0.026012206
0.035998065
0.017476702
0.003927984
0.004736473
0.0032977096
0.0058217035
0.0070865983
0.0024080814
0.0032542425
0.012843101
0.0040815677
0.0010287231
0.0012228765
0.006683802
0.0028659357
0.003565757
0.005752156
0.0
0.0
0.0
0.0
0.0
0.0
0.0
0.0
0.0
0.0
0.0
0.0
0.0
0.0
0.0
0.0
1124.0
15.177046
17059.0
0.0047482266
0.00017586024
0.0016999824
0.00011724017
0.004924087
0.0024034234
0.002755144
0.00029310043
0.0014655021
0.0006448209
0.00023448034
0.00017586024
0.00058620085
0.002696524
0.007796471
0.0051585673
0.005627528
0.0043378863
0.005627528
0.0039275456
0.0011724017
0.001406882
0.0023448034
0.0011724017
0.0014655021
0.001348262
0.0022275632
0.00058620085
0.000703441
0.0044551264
0.00052758073
0.0010551615
0.0009965415
0.012779178
0.0071516503
0.017410165
0.013189519
0.0058620083
0.008558532
0.02790316
0.0036930651
0.02145495
0.0007620611
0.001406882
0.0061551086
0.010082655
0.0022275632
0.0023448034
0.012075737
0.0029310042
0.012779178
0.016648104
0.008089571
0.0023448034
0.0028723842
0.00697579
0.00058620085
0.005568908
0.00029310043
0.005393048
0.0012310217
0.00041034058
0.0003517205
0.008089571
0.00017586024
0.047892608
0.008206812
0.024210094
0.03575825
0.10082655
0.006389589
0.019168768
0.010024034
0.058209743
0.0023448034
0.0032827246
0.03440999
0.024268715
0.04132716
0.043906443
0.032592766
0.003986166
0.04226508
0.032241046
0.075913005
0.017468784
0.004806847
0.009144733
0.0059792483
0.009379214
0.0022275632
0.00041034058
0.00017586024
0.00046896067
0.0
5.8620084e-05
5.368816
0.0
18.0
0.0
1.0
346640.0
405504.0
0.0
0.0
12.0
0.0
0.0
0.0
0.0
0.0
1423568800.0
0.0
0.0
0.0
0.0
0.0
1.0
0.0
0.0
0.0
0.0
0.0
0.0
-1.0
0.0
-1.0
-1.0
0.0
0.0
0.0
0.0
0.0
0.0
0.0
0.0
0.0
0.0
0.0
0.0
-1.0
0.0
0.0
0.0
0.0
0.0
0.0
0.0
0.0
0.0
0.0
0.0
0.0
-1.0
0.0
0.0
0.0
0.0
0.0
0.0
0.0
0.0
0.0
0.0
6.0
0.0
4.0
0.0
4.0
0.0
307200.0
4096.0
4096.0
3.0
0.0
0.0
1.0
1.0
0.0
0.0
0.0
0.0
0.0
0.0
0.0
0.0
0.0
0.0
0.0
0.0
0.0
0.0
10752.0
0.0
0.0
0.0
0.0
0.0
0.0
0.0
0.0
0.0
0.0
0.0
0.0
0.0
0.0
0.0
0.0
0.0
-27136.0
0.0
0.0
0.0
0.0
0.0
0.0
0.0
0.0
-307200.0
0.0
0.0
0.0
0.0
0.0
0.0
0.0
0.0
0.0
0.0
0.0
0.0
0.0
0.0
0.0
0.0
0.0
0.0
0.0
0.0
0.0
0.0
4.7594
0.0
0.0
0.0
0.0
0.0
0.0
0.0
0.0
0.0
0.0
0.0
0.0
0.0
0.0
0.0
0.0
0.0
-5.4113603
0.0
0.0
0.0
0.0
0.0
0.0
0.0
0.0
-5.945154
0.0
0.0
0.0
0.0
0.0
0.0
0.0
0.0
0.0
0.0
0.0
0.0
0.0
0.0
0.0
0.0
0.0
0.0
0.0
0.0
0.0
0.0
10396.0
0.0
0.0
0.0
0.0
0.0
0.0
0.0
0.0
0.0
0.0
0.0
0.0
0.0
0.0
0.0
0.0
0.0
-77877.0
0.0
0.0
0.0
0.0
0.0
0.0
0.0
0.0
-306850.0
0.0
0.0
0.0
0.0
0.0
0.0
0.0
0.0
0.0
0.0
0.0
-1.0
0.0
0.0
0.0
0.0
0.0
1.0
0.0
0.0
0.0
0.0
0.0
0.0
0.0
0.0
0.0
0.0
0.0
0.0
0.0
0.0
0.0
0.0
0.0
0.0
0.0
0.0
0.0
0.0
0.0
0.0
0.0
0.0
0.0
0.0
0.0
-2.0
0.0
0.0
0.0
1.0
0.0
0.0
0.0
0.0
0.0
0.0
0.0
0.0
0.0
0.0
0.0
0.0
0.0
0.0
0.0
0.0
0.0
0.0
0.0
-1.0
0.0
0.0
0.0
0.0
0.0
0.0
0.0
0.0
0.0
1.0
0.0
0.0
0.0
0.0
1.0
0.0
0.0
0.0
0.0
0.0
0.0
0.0
0.0
0.0
0.0
0.0
0.0
0.0
0.0
0.0
0.0
0.0
0.0
0.0
0.0
0.0
0.0
0.0
0.0
0.0
0.0
0.0
0.0
0.0
-1.0
0.0
0.0
0.0
0.0
0.0
0.0
0.0
0.0
0.0
0.0
0.0
0.0
0.0
0.0
0.0
0.0
0.0
0.0
0.0
0.0
0.0
-1.0
0.0
0.0
0.0
0.0
0.0
0.0
0.0
0.0
0.0
0.0
0.0
0.0
-1.0
0.0
0.0
0.0
0.0
0.0
0.0
0.0
0.0
-1.0
-1.0
0.0
0.0
0.0
0.0
0.0
0.0
0.0
0.0
0.0
0.0
0.0
0.0
0.0
0.0
-1.0
0.0
0.0
0.0
0.0
0.0
0.0
0.0
0.0
0.0
0.0
0.0
0.0
0.0
0.0
0.0
0.0
0.0
0.0
0.0
0.0
0.0
0.0
0.0
0.0
0.0
0.0
0.0
0.0
0.0
0.0
0.0
-1.0
0.0
0.0
0.0
0.0
0.0
0.0
0.0
0.0
0.0
0.0
0.0
0.0
0.0
0.0
0.0
0.0
1.0
0.0
0.0
0.0
0.0
0.0
0.0
0.0
0.0
0.0
0.0
0.0
0.0
0.0
0.0
0.0
0.0
0.0
0.0
0.0
0.0
0.0
-1.0
0.0
0.0
0.0
0.0
0.0
0.0
0.0
0.0
0.0
0.0
0.0
0.0
0.0
0.0
0.0
0.0
0.0
0.0
0.0
0.0
0.0
0.0
0.0
0.0
0.0
0.0
0.0
0.0
0.0
0.0
0.0
0.0
0.0
0.0
0.0
0.0
0.0
0.0
0.0
0.0
0.0
0.0
0.0
0.0
0.0
0.0
0.0
0.0
0.0
0.0
0.0
0.0
0.0
0.0
0.0
0.0
0.0
0.0
0.0
0.0
0.0
1.0
0.0
0.0
0.0
0.0
0.0
0.0
0.0
0.0
0.0
0.0
0.0
0.0
0.0
0.0
0.0
0.0
0.0
0.0
0.0
0.0
0.0
0.0
0.0
0.0
0.0
0.0
0.0
0.0
0.0
-1.0
0.0
0.0
0.0
0.0
0.0
0.0
0.0
0.0
1.0
0.0
0.0
0.0
0.0
0.0
0.0
0.0
0.0
0.0
0.0
0.0
0.0
0.0
0.0
1.0
0.0
0.0
0.0
0.0
0.0
0.0
0.0
0.0
0.0
0.0
0.0
0.0
0.0
0.0
0.0
0.0
0.0
0.0
0.0
0.0
0.0
0.0
0.0
0.0
0.0
0.0
0.0
0.0
0.0
0.0
0.0
0.0
0.0
0.0
0.0
0.0
0.0
0.0
0.0
0.0
0.0
0.0
0.0
0.0
0.0
0.0
0.0
0.0
0.0
0.0
0.0
0.0
0.0
0.0
0.0
0.0
0.0
0.0
0.0
0.0
0.0
0.0
0.0
0.0
0.0
0.0
0.0
0.0
0.0
0.0
0.0
0.0
0.0
0.0
0.0
0.0
0.0
0.0
0.0
0.0
0.0
0.0
0.0
0.0
0.0
0.0
0.0
0.0
0.0
0.0
0.0
0.0
0.0
0.0
0.0
0.0
0.0
0.0
0.0
0.0
0.0
0.0
0.0
0.0
0.0
0.0
0.0
0.0
0.0
0.0
0.0
0.0
0.0
0.0
0.0
0.0
0.0
0.0
0.0
0.0
0.0
0.0
0.0
1.0
0.0
0.0
0.0
0.0
0.0
0.0
0.0
0.0
0.0
0.0
0.0
0.0
0.0
0.0
0.0
0.0
0.0
0.0
0.0
0.0
0.0
0.0
0.0
0.0
0.0
0.0
0.0
0.0
0.0
0.0
0.0
0.0
0.0
0.0
0.0
0.0
0.0
0.0
0.0
0.0
0.0
0.0
0.0
0.0
0.0
0.0
0.0
0.0
0.0
0.0
0.0
0.0
0.0
0.0
0.0
0.0
0.0
0.0
0.0
0.0
0.0
0.0
0.0
0.0
0.0
0.0
0.0
0.0
0.0
0.0
0.0
0.0
0.0
0.0
0.0
0.0
0.0
0.0
0.0
0.0
0.0
0.0
0.0
0.0
0.0
0.0
0.0
0.0
0.0
0.0
0.0
0.0
0.0
0.0
0.0
0.0
0.0
0.0
0.0
0.0
0.0
0.0
0.0
0.0
0.0
0.0
0.0
0.0
0.0
0.0
0.0
0.0
0.0
0.0
0.0
0.0
0.0
0.0
0.0
0.0
1.0
0.0
0.0
0.0
0.0
0.0
0.0
0.0
0.0
0.0
0.0
0.0
0.0
0.0
0.0
0.0
0.0
0.0
0.0
0.0
0.0
0.0
0.0
0.0
0.0
0.0
0.0
0.0
0.0
0.0
0.0
0.0
0.0
0.0
0.0
0.0
0.0
0.0
0.0
0.0
0.0
0.0
0.0
0.0
0.0
0.0
0.0
0.0
0.0
0.0
0.0
0.0
0.0
1.0
0.0
0.0
0.0
0.0
0.0
0.0
0.0
0.0
0.0
0.0
0.0
0.0
0.0
0.0
0.0
0.0
0.0
0.0
0.0
0.0
0.0
0.0
0.0
0.0
0.0
0.0
0.0
0.0
0.0
0.0
0.0
0.0
0.0
0.0
0.0
0.0
0.0
0.0
0.0
0.0
0.0
0.0
0.0
0.0
0.0
0.0
0.0
0.0
0.0
0.0
0.0
0.0
0.0
0.0
0.0
1.0
0.0
0.0
0.0
0.0
0.0
0.0
0.0
0.0
0.0
0.0
0.0
0.0
0.0
0.0
0.0
0.0
0.0
0.0
0.0
0.0
0.0
0.0
0.0
0.0
0.0
0.0
0.0
0.0
0.0
-1.0
0.0
0.0
0.0
1.0
0.0
0.0
0.0
0.0
0.0
0.0
0.0
0.0
0.0
0.0
0.0
0.0
0.0
0.0
0.0
0.0
0.0
0.0
0.0
0.0
0.0
0.0
0.0
0.0
0.0
0.0
0.0
0.0
0.0
0.0
0.0
0.0
0.0
0.0
0.0
0.0
0.0
0.0
0.0
0.0
0.0
0.0
0.0
0.0
0.0
0.0
0.0
0.0
0.0
0.0
0.0
0.0
0.0
0.0
-1.0
0.0
0.0
0.0
0.0
0.0
0.0
0.0
0.0
0.0
0.0
0.0
0.0
0.0
0.0
0.0
0.0
0.0
0.0
0.0
0.0
0.0
0.0
0.0
0.0
0.0
0.0
0.0
0.0
0.0
0.0
0.0
0.0
0.0
0.0
0.0
0.0
0.0
0.0
0.0
0.0
0.0
0.0
0.0
0.0
0.0
0.0
0.0
0.0
0.0
0.0
0.0
0.0
0.0
0.0
0.0
0.0
0.0
0.0
0.0
0.0
0.0
0.0
0.0
0.0
0.0
0.0
1.0
0.0
0.0
0.0
0.0
0.0
0.0
0.0
0.0
0.0
0.0
0.0
0.0
0.0
0.0
0.0
0.0
0.0
0.0
0.0
0.0
0.0
0.0
0.0
0.0
0.0
0.0
0.0
1.0
0.0
0.0
0.0
0.0
0.0
0.0
0.0
0.0
0.0
0.0
0.0
0.0
0.0
0.0
0.0
0.0
0.0
0.0
0.0
0.0
0.0
0.0
0.0
0.0
0.0
0.0
0.0
0.0
0.0
0.0
0.0
0.0
0.0
0.0
0.0
0.0
0.0
0.0
0.0
0.0
0.0
0.0
0.0
0.0
0.0
0.0
0.0
0.0
0.0
0.0
0.0
0.0
0.0
0.0
0.0
0.0
0.0
0.0
0.0
0.0
0.0
0.0
0.0
0.0
0.0
0.0
0.0
0.0
0.0
0.0
0.0
0.0
0.0
0.0
0.0
0.0
0.0
0.0
0.0
0.0
0.0
0.0
0.0
0.0
0.0
0.0
0.0
0.0
0.0
0.0
0.0
0.0
0.0
0.0
0.0
0.0
0.0
0.0
0.0
0.0
0.0
0.0
0.0
0.0
0.0
0.0
0.0
0.0
0.0
0.0
0.0
0.0
0.0
0.0
0.0
0.0
0.0
0.0
0.0
0.0
0.0
0.0
0.0
0.0
0.0
0.0
0.0
0.0
0.0
0.0
0.0
0.0
0.0
0.0
0.0
0.0
0.0
0.0
0.0
0.0
0.0
0.0
0.0
0.0
0.0
0.0
0.0
0.0
0.0
0.0
0.0
0.0
0.0
0.0
0.0
0.0
0.0
0.0
0.0
0.0
0.0
0.0
0.0
0.0
0.0
0.0
0.0
0.0
0.0
0.0
0.0
0.0
0.0
0.0
0.0
0.0
0.0
0.0
0.0
0.0
0.0
0.0
0.0
0.0
0.0
0.0
0.0
0.0
0.0
0.0
0.0
0.0
0.0
0.0
0.0
0.0
0.0
0.0
0.0
-1.0
0.0
0.0
0.0
0.0
0.0
0.0
0.0
0.0
0.0
0.0
0.0
0.0
0.0
0.0
0.0
0.0
0.0
0.0
0.0
0.0
0.0
0.0
0.0
0.0
0.0
0.0
0.0
0.0
0.0
0.0
0.0
0.0
0.0
0.0
0.0
0.0
0.0
0.0
0.0
0.0
0.0
1.0
0.0
0.0
0.0
0.0
0.0
0.0
0.0
0.0
0.0
0.0
0.0
0.0
0.0
0.0
0.0
0.0
0.0
0.0
0.0
0.0
0.0
0.0
0.0
0.0
0.0
0.0
0.0
0.0
0.0
0.0
0.0
0.0
0.0
0.0
0.0
0.0
0.0
0.0
0.0
0.0
0.0
0.0
0.0
0.0
0.0
0.0
0.0
0.0
0.0
0.0
0.0
0.0
0.0
0.0
0.0
0.0
0.0
0.0
0.0
0.0
0.0
0.0
0.0
0.0
0.0
0.0
0.0
0.0
0.0
0.0
0.0
0.0
0.0
0.0
0.0
0.0
0.0
0.0
0.0
0.0
0.0
0.0
0.0
0.0
0.0
0.0
0.0
0.0
0.0
0.0
0.0
0.0
0.0
0.0
0.0
0.0
0.0
0.0
0.0
0.0
0.0
0.0
0.0
0.0
0.0
0.0
0.0
0.0
0.0
0.0
0.0
0.0
0.0
0.0
0.0
0.0
0.0
0.0
0.0
0.0
0.0
0.0
1.0
0.0
0.0
0.0
0.0
0.0
0.0
0.0
0.0
0.0
0.0
0.0
0.0
0.0
0.0
0.0
0.0
0.0
0.0
0.0
0.0
0.0
0.0
0.0
0.0
0.0
0.0
0.0
0.0
0.0
0.0
0.0
0.0
0.0
0.0
0.0
0.0
0.0
0.0
0.0
0.0
0.0
0.0
0.0
0.0
0.0
0.0
0.0
0.0
0.0
0.0
0.0
0.0
0.0
0.0
0.0
0.0
0.0
-1.0
0.0
0.0
0.0
0.0
0.0
0.0
0.0
0.0
0.0
0.0
0.0
0.0
0.0
0.0
0.0
0.0
0.0
0.0
0.0
0.0
0.0
0.0
0.0
0.0
0.0
0.0
0.0
0.0
0.0
0.0
0.0
0.0
0.0
0.0
0.0
0.0
0.0
0.0
0.0
0.0
0.0
0.0
0.0
0.0
0.0
0.0
0.0
0.0
0.0
0.0
0.0
0.0
0.0
0.0
0.0
0.0
0.0
0.0
0.0
0.0
0.0
0.0
0.0
0.0
0.0
0.0
0.0
0.0
0.0
0.0
0.0
0.0
0.0
0.0
0.0
0.0
0.0
0.0
0.0
0.0
0.0
0.0
0.0
0.0
0.0
0.0
0.0
0.0
0.0
0.0
0.0
0.0
0.0
0.0
0.0
0.0
0.0
0.0
0.0
0.0
0.0
0.0
0.0
0.0
0.0
0.0
0.0
0.0
0.0
0.0
0.0
0.0
0.0
0.0
0.0
0.0
0.0
0.0
0.0
0.0
0.0
0.0
0.0
0.0
0.0
0.0
0.0
0.0
0.0
0.0
0.0
0.0
0.0
0.0
0.0
0.0
0.0
0.0
0.0
0.0
0.0
0.0
0.0
0.0
0.0
0.0
0.0
0.0
0.0
0.0
0.0
0.0
0.0
0.0
0.0
0.0
0.0
0.0
0.0
0.0
0.0
0.0
0.0
0.0
0.0
0.0
0.0
0.0
0.0
0.0
0.0
0.0
0.0
0.0
0.0
0.0
0.0
0.0
0.0
0.0
0.0
0.0
0.0
0.0
0.0
0.0
0.0
0.0
0.0
0.0
0.0
0.0
0.0
280.0
315880.0
0.0
0.0
0.0
0.0
0.0
0.0
0.0
0.0
0.0
0.0
0.0
0.0
0.0
0.0
0.0
0.0
0.0
0.0
0.0
0.0
0.0
0.0
0.0
0.0
0.0
0.0
