0.06526476
0.008069009
0.0020020972
0.0016203552
0.0018022151
0.0005619634
0.00042925487
0.0006504358
0.002899928
0.001015794
0.00036535814
0.00050953537
0.001528606
0.0005177272
0.00036535814
0.0011042664
0.0060341437
0.0002834393
0.0003030998
0.00021790419
0.0014106429
0.0011059047
0.0007389082
0.00019005177
0.00079952815
0.00032112197
0.0015269677
0.00029490792
0.0007880595
0.00023920309
0.00012451668
0.00019332852
0.0009830265
0.00015728423
0.000116324794
0.00019988204
0.0020053738
0.00021954256
0.00013926208
0.00010977128
0.00039648733
0.0001589226
0.00024411823
0.0006733731
0.00040140245
0.00016711449
0.7610984
0.00012123992
0.000694672
0.00037846516
0.0005128121
0.0014319418
0.0005488564
0.00054557965
0.00040795596
0.0003538895
0.00056851696
0.0008126352
0.00035880465
0.0011190118
0.0004718527
0.00043580838
0.00047840617
0.0003686349
0.0015220526
0.000694672
0.00045219215
0.0005046202
0.00095189724
0.0019824365
0.0011501409
0.00037191165
0.00061930664
0.00032112197
0.00019332852
0.0003112917
0.0007192477
0.0009830265
0.0006782882
0.0002588636
0.0021069532
0.00050134346
0.00023920309
0.0015302445
0.0006881185
0.0009174913
0.0017334032
0.001289403
0.0003620814
0.0007733141
0.0001441772
0.0007978898
0.0004259781
0.0005668786
0.00072580116
0.0005849007
0.00026377875
0.0006143915
0.00021135068
0.000607838
0.0006291369
0.0019939053
0.00096500426
0.0002883544
0.0014942002
0.0009109378
0.0011321187
0.0002097123
0.0011009895
0.00027688578
0.0010092404
0.0009043843
0.00085687137
0.00017202963
0.0014548791
0.00095189724
0.0026164886
0.0018841339
0.00064224395
0.00033095223
0.0012877646
0.00028999278
0.00015728423
0.00012615505
0.0005586867
0.00059800775
0.000447277
0.00017858313
0.00048332132
0.00037355005
0.00014253883
0.0020135657
0.0005767088
0.0019496691
0.0003030998
0.0001441772
0.0006897569
0.0030588505
0.00061766827
0.006859886
0.00024411823
0.002041418
0.00025558687
0.00018513664
0.0009830265
0.00019988204
0.00017530637
0.00024903336
0.00021954256
0.00020807392
0.00027197064
0.00013107019
0.00029490792
0.0001884134
0.00011796317
9.338751e-05
0.00024903336
0.000103217775
0.00014090045
0.00012779344
0.00031456846
0.00015073072
0.00016875287
0.00017039124
0.00018022151
0.00024411823
0.0001015794
0.000106494525
0.00041614784
0.00019005177
0.00014909235
0.00025558687
0.00021954256
9.830264e-05
0.00036044302
0.00015728423
0.00042270136
0.00016711449
0.00011796317
0.0001081329
0.00020643555
0.00017530637
0.000119601544
0.00013926208
0.0008011665
0.00035061274
0.00015728423
0.00015073072
0.00042270136
0.00015564584
0.00022445769
0.00018677503
0.0013107018
0.0005767088
0.0006586277
0.00087161676
0.00066190446
0.00019332852
0.00043089324
0.00080444326
0.00061930664
0.00074218493
0.00026377875
0.0002588636
0.00043580838
0.00013762369
0.00030801495
0.00022937283
0.00049479
0.002718068
0.0003981257
0.00061930664
0.00023756472
0.00012779344
0.0004063176
0.00036699654
0.0005046202
0.00017694476
0.000119601544
0.000247395
0.00027524738
9.1749134e-05
0.00017202963
0.00014090045
0.00042433973
0.00038993382
0.00022609608
9.0110756e-05
0.00044891538
0.000103217775
0.000114686416
0.00022281932
0.002487057
0.0006307753
0.00016875287
0.00067173474
0.00082410383
0.00015400747
0.0002965463
0.00016056099
0.00079952815
0.000347336
0.00013434695
0.00034569763
0.00055377156
0.00011304804
0.0003178452
0.0003768268
0.0009387902
0.00037355005
0.00023920309
0.00035552788
0.0009797496
0.00052591914
0.00042270136
0.009055312
0.021138065
0.0010939142
0.61871797
0.0
7.385767e-06
8.2064076e-07
0.00015756303
1.8874738e-05
2.4619223e-06
4.7597165e-05
0.0
8.2064076e-07
0.00014032958
0.002364266
7.385767e-06
0.0
0.0030642727
0.00057526916
0.0660107
7.631959e-05
4.9238447e-06
7.385767e-06
1.4771534e-05
0.0005366991
1.23096115e-05
0.0
2.4619223e-06
2.4619223e-06
0.00019695378
4.9238446e-05
3.4466913e-05
0.0
0.0009150144
0.000112427784
0.020210741
2.2157301e-05
5.7444854e-06
1.7233457e-05
0.0
4.4314602e-05
9.0270485e-05
0.0
0.0
0.0
8.4526e-05
8.698792e-05
0.0002593225
0.0
0.0035788144
0.00029871325
0.028262047
0.00014853598
0.0001509979
0.00038898372
9.601497e-05
0.00033974528
0.0001427915
2.6260504e-05
1.3950893e-05
1.23096115e-05
3.282563e-06
4.9238447e-06
0.00014032958
5.7444854e-06
0.0063181133
0.0004267332
0.028555015
0.00048171612
0.00017807905
2.7081145e-05
0.0009773831
0.0011800814
1.4771534e-05
1.066833e-05
0.0001509979
0.00015017726
1.1488971e-05
1.3950893e-05
0.0001509979
8.206408e-06
0.0013351825
5.7444854e-06
2.7901786e-05
4.02114e-05
2.8722427e-05
1.7233457e-05
0.00014361214
6.8113186e-05
4.9238447e-06
0.0
2.4619223e-06
3.282563e-06
0.0
0.0
1.6412815e-06
1.6412815e-06
0.004721146
0.0005260307
7.549895e-05
5.0059087e-05
0.00013294381
9.601497e-05
0.00027327338
0.00017151392
0.00014443278
0.00010504202
3.200499e-05
5.252101e-05
8.206408e-05
3.200499e-05
7.7140234e-05
0.0001509979
0.0066348803
0.001000361
0.00022567621
0.00017972033
9.0270485e-05
7.9602156e-05
0.0004669446
0.0003298976
0.00012555804
0.00012309612
4.5955883e-05
3.4466913e-05
5.9086135e-05
2.8722427e-05
4.4314602e-05
0.0006154806
0.006329602
0.00019285058
0.00017889969
0.0002174698
0.0005966058
0.00060235034
0.0018382353
0.0011439732
0.00013130253
0.00014607406
6.0727416e-05
7.221639e-05
7.221639e-05
6.154806e-05
5.0879727e-05
6.975447e-05
0.0037790507
0.00016987264
0.00014853598
0.0005096179
0.00038488052
0.0003742122
0.0013548778
0.0007631959
0.00021172532
0.00010011817
6.0727416e-05
5.0059087e-05
7.7140234e-05
6.975447e-05
8.780856e-05
0.00026178441
0.0018226431
0.00021418724
8.4526e-05
0.000644203
0.00028886556
0.00026178441
0.00073365285
0.00041606487
5.0059087e-05
6.8113186e-05
0.00019695378
5.416229e-05
4.7597165e-05
5.170037e-05
5.498293e-05
5.252101e-05
0.00270237
0.00056049763
0.00029050684
0.0026621586
0.00056460086
0.00044396665
0.001445969
0.0009248621
0.00029296876
0.00031348478
0.00036764707
0.000253578
0.00021582852
0.00025193673
0.00022485557
0.0002494748
0.0
0.0
0.0
0.0
0.0
0.0
0.0
0.0
0.0
0.0
0.0
0.0
0.0
0.0
0.0
0.0
0.009436548
0.0029657958
0.0015551143
0.0012637868
0.0030158549
0.003157005
0.0012145484
0.0023027179
0.0070739235
0.0006926208
0.00045627626
0.000865776
0.002501313
0.0009913341
0.001848083
0.004356782
0.015335314
0.0056821164
0.002690881
0.0025054163
0.00558446
0.007234769
0.0030076483
0.0036329767
0.010986739
0.0014451484
0.001233423
0.0015140822
0.00435432
0.0022501969
0.0037560728
0.009458706
0.0010282629
0.0007476037
0.0006934414
0.0006942621
0.0006803112
0.0006778493
0.0008682379
0.0006778493
0.0006688222
0.00065569195
0.0006606158
0.0008436187
0.0006688222
0.00085018383
0.0006786699
0.0006704635
2951.0
160.35446
473206.0
0.00019653175
2.7472179e-05
2.1132446e-05
1.4792712e-05
9.0869515e-05
1.6905957e-05
8.452978e-06
2.324569e-05
5.4944358e-05
1.90192e-05
0.00014581387
6.973707e-05
6.973707e-05
2.7472179e-05
0.9814563
2.1132446e-05
0.00018385227
0.00010143574
0.00017117281
0.000198645
0.00020287148
0.00020287148
0.0001521536
0.00012045494
0.0001753993
0.00014158738
0.00012256818
0.00011200196
0.00013524765
0.00017328605
0.00012468144
0.00014158738
0.00015004036
0.00017117281
5.2831114e-05
0.0002557026
0.00017751254
0.00010777547
0.0001373609
0.00020075824
9.0869515e-05
0.00018807876
3.5925157e-05
4.8604623e-05
0.0001373609
0.00010777547
6.762383e-05
9.5096e-05
0.00025781585
0.00010143574
8.0303296e-05
0.0005135184
0.00013102117
8.0303296e-05
0.0002514761
0.00034023236
6.128409e-05
4.226489e-05
3.3811913e-05
4.0151648e-05
3.5925157e-05
4.226489e-05
4.4378135e-05
9.7209246e-05
4.4378135e-05
0.00057902903
0.00011200196
0.00054733036
0.0003698178
0.0014940639
0.000103548984
0.00017962579
0.00023457015
0.000769221
0.000109888715
0.00010566223
0.00057057606
0.00020287148
0.00076499453
0.00067201175
0.0004606873
1.90192e-05
0.000855864
0.00052408467
0.0012425878
0.00021555094
0.00021132446
0.00011200196
0.00013313441
0.00015426685
3.5925157e-05
1.6905957e-05
0.00018807876
1.0566223e-05
2.7472179e-05
3.169867e-05
0.24067068
0.0
0.0
0.0
2.0
610360.0
135168.0
0.0
39.0
139.0
1.0
1.0
0.0
0.0
0.0
1307629700.0
0.0
0.0
0.0
0.0
0.0
1.0
0.0
0.0
0.0
0.0
-1.0
0.0
-1.0
1.0
-1.0
-1.0
0.0
0.0
0.0
0.0
0.0
0.0
0.0
0.0
0.0
0.0
0.0
0.0
-1.0
0.0
0.0
0.0
0.0
0.0
0.0
0.0
0.0
0.0
0.0
0.0
0.0
-1.0
0.0
0.0
0.0
0.0
0.0
0.0
0.0
0.0
0.0
0.0
6.0
0.0
4.0
0.0
4.0
0.0
77824.0
4096.0
4096.0
5.0
0.0
0.0
1.0
1.0
0.0
0.0
0.0
0.0
0.0
-8192.0
0.0
0.0
0.0
0.0
0.0
0.0
0.0
0.0
24576.0
0.0
0.0
0.0
0.0
0.0
0.0
0.0
0.0
0.0
0.0
0.0
0.0
0.0
0.0
0.0
0.0
0.0
-12288.0
0.0
0.0
0.0
0.0
0.0
0.0
0.0
0.0
-77824.0
0.0
4096.0
0.0
0.0
0.0
0.0
0.0
0.0
0.0
0.0
0.0
0.0
0.0
-6.3716784
0.0
0.0
0.0
0.0
0.0
0.0
0.0
0.0
6.445061
0.0
0.0
0.0
0.0
0.0
0.0
0.0
0.0
0.0
0.0
0.0
0.0
0.0
0.0
0.0
0.0
0.0
-3.7103977
0.0
0.0
0.0
0.0
0.0
0.0
0.0
0.0
-6.621935
0.0
3.3983302
0.0
0.0
0.0
0.0
0.0
0.0
0.0
0.0
0.0
0.0
0.0
-5036.0
0.0
0.0
0.0
0.0
0.0
0.0
0.0
0.0
22571.0
0.0
0.0
0.0
0.0
0.0
0.0
0.0
0.0
0.0
0.0
0.0
0.0
0.0
0.0
0.0
0.0
0.0
-13089.0
0.0
0.0
0.0
0.0
0.0
0.0
0.0
0.0
-75346.0
0.0
1048.0
0.0
0.0
0.0
0.0
0.0
0.0
0.0
0.0
0.0
-1.0
0.0
0.0
0.0
0.0
0.0
1.0
0.0
0.0
0.0
0.0
0.0
0.0
0.0
0.0
0.0
0.0
0.0
0.0
0.0
0.0
0.0
0.0
0.0
0.0
0.0
0.0
0.0
0.0
0.0
0.0
0.0
0.0
0.0
0.0
0.0
-2.0
0.0
0.0
0.0
1.0
0.0
0.0
0.0
0.0
0.0
0.0
0.0
0.0
0.0
0.0
0.0
0.0
0.0
0.0
0.0
0.0
0.0
0.0
0.0
-1.0
0.0
0.0
0.0
0.0
0.0
0.0
0.0
0.0
0.0
1.0
0.0
0.0
0.0
0.0
1.0
0.0
0.0
0.0
0.0
0.0
0.0
0.0
0.0
0.0
0.0
0.0
0.0
0.0
0.0
0.0
0.0
0.0
0.0
0.0
0.0
0.0
0.0
0.0
0.0
0.0
0.0
0.0
0.0
0.0
0.0
0.0
0.0
0.0
0.0
0.0
0.0
0.0
0.0
0.0
0.0
0.0
0.0
0.0
0.0
0.0
0.0
0.0
0.0
0.0
0.0
0.0
-1.0
0.0
0.0
0.0
0.0
0.0
0.0
0.0
0.0
0.0
0.0
0.0
0.0
0.0
0.0
0.0
0.0
0.0
0.0
0.0
0.0
-1.0
0.0
0.0
0.0
0.0
0.0
0.0
0.0
0.0
0.0
0.0
0.0
0.0
0.0
0.0
0.0
0.0
0.0
0.0
0.0
0.0
0.0
0.0
0.0
0.0
0.0
0.0
0.0
0.0
0.0
0.0
0.0
0.0
0.0
0.0
0.0
0.0
0.0
0.0
0.0
0.0
0.0
0.0
0.0
0.0
0.0
0.0
0.0
0.0
0.0
0.0
0.0
0.0
0.0
0.0
0.0
0.0
0.0
0.0
0.0
0.0
0.0
0.0
0.0
0.0
0.0
1.0
0.0
0.0
0.0
0.0
0.0
0.0
0.0
0.0
0.0
0.0
0.0
0.0
0.0
0.0
0.0
0.0
0.0
0.0
0.0
0.0
0.0
0.0
0.0
0.0
0.0
0.0
0.0
0.0
0.0
0.0
0.0
0.0
0.0
0.0
0.0
0.0
0.0
0.0
0.0
0.0
0.0
0.0
0.0
0.0
0.0
0.0
0.0
0.0
0.0
0.0
0.0
0.0
0.0
0.0
0.0
0.0
0.0
0.0
0.0
0.0
0.0
0.0
0.0
0.0
0.0
0.0
0.0
0.0
0.0
0.0
0.0
0.0
0.0
0.0
0.0
0.0
0.0
0.0
0.0
0.0
0.0
0.0
0.0
1.0
0.0
0.0
0.0
0.0
0.0
0.0
0.0
0.0
0.0
0.0
0.0
0.0
0.0
0.0
0.0
0.0
0.0
0.0
0.0
0.0
0.0
0.0
0.0
0.0
0.0
0.0
0.0
0.0
0.0
0.0
0.0
0.0
0.0
0.0
0.0
0.0
0.0
0.0
0.0
0.0
0.0
0.0
0.0
0.0
0.0
0.0
0.0
0.0
0.0
0.0
0.0
0.0
0.0
0.0
0.0
-1.0
0.0
-1.0
0.0
0.0
0.0
0.0
0.0
0.0
0.0
0.0
0.0
0.0
0.0
0.0
0.0
0.0
0.0
0.0
0.0
0.0
0.0
0.0
0.0
0.0
0.0
0.0
0.0
0.0
0.0
0.0
0.0
0.0
0.0
0.0
0.0
0.0
0.0
0.0
0.0
0.0
0.0
0.0
0.0
0.0
0.0
0.0
0.0
0.0
0.0
0.0
0.0
-2.0
0.0
0.0
0.0
0.0
0.0
0.0
0.0
0.0
0.0
0.0
1.0
0.0
0.0
1.0
0.0
0.0
0.0
1.0
0.0
0.0
1.0
0.0
0.0
0.0
0.0
0.0
0.0
0.0
0.0
0.0
0.0
0.0
0.0
1.0
0.0
0.0
0.0
1.0
0.0
0.0
0.0
0.0
-1.0
0.0
0.0
0.0
0.0
0.0
1.0
0.0
1.0
0.0
0.0
0.0
0.0
0.0
0.0
0.0
0.0
0.0
0.0
0.0
0.0
0.0
0.0
0.0
0.0
0.0
0.0
0.0
0.0
0.0
1.0
0.0
0.0
0.0
0.0
0.0
0.0
0.0
0.0
0.0
0.0
0.0
0.0
0.0
0.0
0.0
0.0
0.0
0.0
0.0
0.0
0.0
0.0
0.0
0.0
0.0
0.0
0.0
0.0
0.0
0.0
0.0
0.0
0.0
0.0
0.0
0.0
0.0
0.0
0.0
0.0
0.0
1.0
0.0
0.0
0.0
-1.0
0.0
0.0
0.0
0.0
0.0
-1.0
0.0
0.0
0.0
0.0
0.0
0.0
-1.0
0.0
0.0
-1.0
0.0
0.0
0.0
0.0
0.0
0.0
0.0
0.0
0.0
0.0
0.0
0.0
-1.0
0.0
0.0
0.0
0.0
0.0
0.0
0.0
0.0
0.0
0.0
0.0
0.0
0.0
0.0
0.0
0.0
0.0
-1.0
0.0
0.0
0.0
0.0
0.0
0.0
0.0
0.0
0.0
0.0
0.0
0.0
-1.0
0.0
0.0
0.0
0.0
-1.0
1.0
0.0
0.0
0.0
0.0
0.0
0.0
0.0
0.0
0.0
0.0
0.0
0.0
-1.0
1.0
0.0
-1.0
0.0
0.0
-1.0
1.0
0.0
0.0
-1.0
0.0
0.0
0.0
0.0
0.0
0.0
0.0
0.0
-1.0
0.0
0.0
0.0
0.0
0.0
0.0
1.0
0.0
0.0
-1.0
0.0
0.0
-2.0
1.0
0.0
0.0
0.0
0.0
0.0
0.0
0.0
0.0
-1.0
0.0
1.0
0.0
0.0
0.0
0.0
0.0
0.0
0.0
0.0
0.0
0.0
0.0
0.0
0.0
0.0
1.0
0.0
0.0
0.0
0.0
0.0
0.0
0.0
0.0
0.0
0.0
0.0
0.0
0.0
0.0
0.0
-1.0
0.0
0.0
0.0
0.0
0.0
0.0
1.0
0.0
0.0
0.0
0.0
0.0
0.0
0.0
0.0
0.0
0.0
0.0
0.0
0.0
1.0
0.0
0.0
0.0
0.0
0.0
0.0
0.0
0.0
0.0
0.0
1.0
-1.0
0.0
-1.0
0.0
0.0
0.0
0.0
0.0
0.0
0.0
0.0
0.0
0.0
0.0
0.0
0.0
0.0
0.0
0.0
0.0
0.0
0.0
-1.0
1.0
0.0
0.0
1.0
0.0
0.0
-1.0
0.0
0.0
0.0
0.0
-1.0
0.0
0.0
0.0
0.0
0.0
-1.0
0.0
0.0
-1.0
0.0
0.0
0.0
0.0
0.0
0.0
0.0
0.0
0.0
0.0
0.0
0.0
0.0
0.0
0.0
0.0
0.0
0.0
0.0
0.0
0.0
0.0
0.0
0.0
0.0
1.0
0.0
0.0
0.0
0.0
0.0
0.0
0.0
0.0
0.0
-1.0
0.0
-1.0
0.0
1.0
0.0
0.0
0.0
1.0
0.0
0.0
0.0
0.0
0.0
0.0
0.0
0.0
0.0
0.0
0.0
0.0
0.0
-1.0
0.0
0.0
1.0
0.0
0.0
0.0
1.0
0.0
0.0
0.0
0.0
0.0
0.0
0.0
0.0
-1.0
0.0
0.0
0.0
-1.0
0.0
0.0
0.0
0.0
0.0
-1.0
0.0
0.0
0.0
0.0
0.0
0.0
0.0
1.0
1.0
0.0
0.0
0.0
0.0
0.0
0.0
0.0
0.0
0.0
0.0
0.0
1.0
0.0
0.0
0.0
0.0
0.0
0.0
0.0
0.0
0.0
0.0
0.0
0.0
0.0
0.0
0.0
0.0
0.0
1.0
0.0
0.0
0.0
0.0
0.0
-1.0
0.0
0.0
-1.0
1.0
0.0
0.0
1.0
0.0
0.0
0.0
0.0
0.0
0.0
0.0
1.0
0.0
1.0
0.0
0.0
0.0
0.0
0.0
0.0
0.0
0.0
0.0
0.0
0.0
0.0
0.0
0.0
0.0
0.0
1.0
0.0
0.0
0.0
0.0
0.0
0.0
0.0
0.0
0.0
0.0
0.0
0.0
0.0
0.0
0.0
-1.0
0.0
0.0
0.0
0.0
0.0
0.0
0.0
0.0
0.0
0.0
0.0
0.0
0.0
0.0
1.0
0.0
0.0
0.0
0.0
0.0
0.0
0.0
0.0
0.0
1.0
0.0
0.0
0.0
0.0
0.0
-1.0
0.0
0.0
0.0
0.0
0.0
0.0
0.0
0.0
-1.0
0.0
0.0
0.0
0.0
0.0
0.0
0.0
0.0
-1.0
-1.0
0.0
1.0
0.0
0.0
0.0
1.0
0.0
2.0
0.0
0.0
0.0
0.0
0.0
0.0
0.0
0.0
0.0
0.0
0.0
0.0
0.0
0.0
0.0
0.0
0.0
0.0
0.0
0.0
0.0
0.0
0.0
0.0
0.0
0.0
0.0
0.0
0.0
0.0
0.0
0.0
0.0
0.0
0.0
0.0
0.0
0.0
0.0
0.0
0.0
0.0
0.0
0.0
0.0
0.0
0.0
0.0
0.0
0.0
0.0
0.0
0.0
0.0
0.0
0.0
0.0
0.0
0.0
0.0
0.0
0.0
1.0
0.0
0.0
0.0
0.0
0.0
0.0
0.0
0.0
0.0
0.0
0.0
0.0
0.0
0.0
0.0
0.0
0.0
0.0
0.0
1.0
0.0
0.0
1.0
0.0
0.0
0.0
0.0
0.0
1.0
0.0
0.0
0.0
0.0
0.0
0.0
0.0
0.0
0.0
-1.0
0.0
0.0
0.0
0.0
1.0
0.0
0.0
0.0
0.0
0.0
0.0
0.0
1.0
-1.0
0.0
0.0
0.0
0.0
0.0
0.0
0.0
0.0
0.0
0.0
0.0
0.0
-1.0
0.0
1.0
0.0
1.0
0.0
1.0
0.0
0.0
0.0
0.0
0.0
0.0
0.0
0.0
0.0
0.0
-1.0
0.0
0.0
0.0
0.0
0.0
0.0
0.0
0.0
-1.0
-1.0
0.0
0.0
0.0
0.0
0.0
0.0
0.0
0.0
0.0
1.0
0.0
0.0
0.0
0.0
1.0
0.0
0.0
-1.0
0.0
0.0
0.0
0.0
-1.0
0.0
0.0
0.0
0.0
0.0
0.0
0.0
0.0
0.0
0.0
-1.0
0.0
0.0
0.0
0.0
0.0
0.0
0.0
0.0
0.0
0.0
0.0
0.0
0.0
0.0
0.0
0.0
0.0
0.0
0.0
0.0
0.0
0.0
0.0
0.0
0.0
1.0
0.0
0.0
0.0
0.0
0.0
1.0
0.0
0.0
0.0
0.0
0.0
-1.0
0.0
0.0
0.0
0.0
0.0
0.0
0.0
0.0
-1.0
0.0
0.0
0.0
1.0
0.0
0.0
0.0
0.0
0.0
0.0
0.0
0.0
0.0
0.0
0.0
0.0
-1.0
0.0
-1.0
0.0
0.0
0.0
0.0
0.0
0.0
-1.0
0.0
0.0
0.0
0.0
0.0
0.0
0.0
0.0
1.0
-1.0
0.0
0.0
0.0
0.0
0.0
-2.0
0.0
0.0
0.0
0.0
0.0
0.0
0.0
0.0
0.0
0.0
0.0
0.0
0.0
0.0
0.0
0.0
1.0
0.0
0.0
0.0
0.0
0.0
0.0
0.0
0.0
0.0
0.0
-1.0
0.0
0.0
0.0
0.0
-1.0
0.0
0.0
-2.0
0.0
0.0
0.0
0.0
0.0
-2.0
0.0
-1.0
0.0
0.0
0.0
0.0
0.0
2.0
0.0
0.0
0.0
0.0
0.0
0.0
0.0
0.0
0.0
0.0
0.0
0.0
1.0
0.0
0.0
0.0
-1.0
0.0
0.0
0.0
0.0
-1.0
0.0
0.0
0.0
0.0
-1.0
0.0
-1.0
0.0
0.0
0.0
0.0
0.0
0.0
0.0
0.0
0.0
0.0
0.0
0.0
0.0
1.0
0.0
0.0
0.0
0.0
0.0
0.0
0.0
0.0
0.0
0.0
0.0
0.0
0.0
-1.0
1.0
0.0
0.0
0.0
0.0
0.0
0.0
-1.0
1.0
0.0
0.0
0.0
0.0
0.0
0.0
0.0
0.0
0.0
0.0
0.0
1.0
0.0
0.0
0.0
0.0
-1.0
0.0
1.0
0.0
0.0
0.0
0.0
0.0
1.0
-1.0
0.0
0.0
0.0
0.0
0.0
0.0
0.0
0.0
-1.0
-2.0
0.0
0.0
0.0
0.0
0.0
0.0
0.0
0.0
0.0
0.0
1.0
1.0
1.0
-1.0
0.0
0.0
-1.0
0.0
0.0
-2.0
1.0
0.0
0.0
-1.0
0.0
0.0
-1.0
0.0
1.0
0.0
1.0
0.0
0.0
0.0
0.0
0.0
0.0
0.0
0.0
0.0
1.0
0.0
0.0
-1.0
0.0
2.0
0.0
0.0
1.0
0.0
0.0
0.0
0.0
0.0
1.0
0.0
-1.0
0.0
-1.0
0.0
0.0
0.0
0.0
0.0
0.0
-1.0
-1.0
0.0
0.0
0.0
1.0
0.0
0.0
0.0
0.0
0.0
0.0
0.0
0.0
0.0
0.0
1115.0
103376.0
100.0
100440.0
1048.0
122880.0
0.0
0.0
0.0
0.0
4484.0
126976.0
0.0
0.0
0.0
0.0
0.0
0.0
0.0
0.0
0.0
0.0
0.0
0.0
572.0
81920.0
0.0
0.0
0.0
0.0
