0.018471051
0.0072046076
0.005865999
0.0054668994
0.005984305
0.0063622263
0.0072148317
0.006508283
0.0042936993
0.0035451592
0.0053898543
0.006041997
0.003564877
0.004100174
0.0061292658
0.0070326263
0.005032746
0.0069508343
0.007164077
0.005377805
0.005894845
0.005961301
0.0091661485
0.007447792
0.0041392446
0.0039975694
0.005117824
0.005853219
0.0034589858
0.004104556
0.0070077963
0.00724952
0.007259379
0.00875865
0.0059492514
0.0074331863
0.010838862
0.009232239
0.005910911
0.0067930934
0.008287253
0.008147769
0.007550762
0.0065353033
0.008469093
0.008904707
0.007112957
0.0064929468
0.007248425
0.007867705
0.006215074
0.007584355
0.008977005
0.009166879
0.005851758
0.0067839646
0.007537252
0.008502686
0.007606629
0.007719457
0.008892657
0.00936442
0.006763152
0.0062599867
0.0048078187
0.0040782657
0.0037872482
0.004005968
0.0024679918
0.002208376
0.002721765
0.0024387804
0.004030067
0.0044386606
0.0019370759
0.0028838878
0.0014897775
0.0033403148
0.0021634637
0.0023726898
0.005860522
0.0048465235
0.003384497
0.0032446478
0.0027765364
0.0023796274
0.0019699386
0.0028265608
0.0030303097
0.0052277315
0.00196081
0.0029455968
0.0013353226
0.0024391455
0.0016876842
0.0018673339
0.0066751526
0.006387056
0.009461913
0.005832771
0.005845551
0.0039475453
0.008759015
0.0055768066
0.008682336
0.007418581
0.0075054844
0.009135841
0.006641194
0.0055213054
0.006453512
0.009243193
0.008133163
0.006103706
0.009816465
0.0062753228
0.005729436
0.0058006383
0.009756217
0.0057612034
0.008017413
0.0071009076
0.0067288284
0.008671016
0.006867582
0.0066809948
0.005796987
0.008068168
0.0016610288
0.0015923823
0.0014879518
0.002558912
0.00095922686
0.0022492718
0.0011038228
0.001916628
0.0015241008
0.0017964964
0.0015690132
0.0019524118
0.0018300894
0.0019987847
0.0010954246
0.001382791
0.0018169443
0.0012980782
0.0013528494
0.0010541637
0.0014302594
0.0018074507
0.0018041644
0.0010570848
0.0011618804
0.0020013407
0.0013846167
0.0014087161
0.0017548703
0.0009840565
0.0010968852
0.0015277523
0.001934885
0.0025727872
0.0020436973
0.002195596
0.0029989076
0.0017015596
0.0037025353
0.0027049684
0.0020970078
0.0026060152
0.001570839
0.0025855673
0.0023369058
0.0024048223
0.002683425
0.0035740053
0.0018414088
0.0023149974
0.0024884397
0.0019571586
0.002355528
0.0021043108
0.002510348
0.0030138784
0.0022901678
0.0022576703
0.0014886821
0.0022876118
0.003016069
0.0025417502
0.0025800902
0.0031898764
0.0016438672
0.0015496607
0.0038201108
0.0014353715
0.0021400945
0.0015010969
0.0016007805
0.0009457166
0.0019962287
0.0023701338
0.0015346899
0.0036309676
0.0012148259
0.0011962038
0.0010987109
0.0018070855
0.0021163605
0.0012852983
0.002652023
0.0025242234
0.0014346411
0.0010055999
0.0014072555
0.002626098
0.0019104206
0.0014985409
0.0018793836
0.0016942568
0.0017391691
0.0011669924
0.0017497583
0.0015098603
0.0016438672
0.001792845
0.0012969828
0.0019757808
0.00089350133
0.0014853958
0.0016204981
0.0006963249
0.0027546277
0.00072298024
0.0011315737
0.0011534821
0.0014054298
0.00064374454
0.0015328642
0.00078907085
0.0013572312
0.0014890472
0.0010640224
0.00071969396
0.0011512913
0.0012301619
0.00079235714
0.0010738813
0.0011673576
0.0016318175
0.0006678439
0.0016409461
0.0022927239
0.0016142908
0.0008394604
0.0060043875
0.0018705574
0.0
0.0
0.0
0.0
0.0
0.0
0.0
0.0
0.0
0.0
0.0
0.0
0.0
0.0
0.0
0.00072776375
1.0960298e-06
3.6534325e-07
2.922746e-06
1.461373e-06
3.2880891e-06
6.5761783e-06
4.0187756e-06
3.6534325e-07
0.0
0.0
3.6534325e-07
0.0
0.0
0.0
0.0
0.0
0.0
0.0
0.0
0.0
0.0
0.0
0.0
0.0
0.0
0.0
0.0
0.0
0.0
0.0
0.0
0.0006291211
2.0093878e-06
7.1241934e-06
2.2285938e-05
3.6351652e-05
3.470761e-06
2.8679446e-05
1.3152357e-05
1.6440446e-06
7.306865e-07
3.6534325e-07
1.461373e-06
0.0
5.480149e-07
1.2787013e-06
0.0
0.0
0.0
0.0
0.0
0.0
0.0
0.0
0.0
0.0
0.0
0.0
0.0
0.0
0.0
0.0
0.0
0.0020941475
5.6628203e-05
7.453002e-05
0.00028496774
0.00072283164
2.7948758e-05
1.4431058e-05
1.1690984e-05
5.0965384e-05
3.2880891e-06
3.6534325e-06
3.6534325e-06
3.836104e-06
6.0281636e-06
1.2787013e-06
7.1241934e-06
0.00023217563
0.0
0.0
2.922746e-06
1.6805789e-05
3.1054176e-05
5.9368278e-05
3.178486e-05
0.0
0.0
0.0
0.0
0.0
0.0
0.0
0.0
0.0008881494
1.1508312e-05
1.4065715e-05
0.000108689615
0.00025902837
2.4477997e-05
7.215529e-05
5.608019e-05
8.950909e-06
7.85488e-06
2.2285938e-05
4.932134e-06
4.384119e-06
2.3747311e-06
4.5667907e-06
6.941522e-06
0.0009186556
4.731195e-05
7.416468e-05
0.00012531273
0.00041064582
0.000356575
0.000367718
0.00018595971
2.0641894e-05
4.932134e-06
1.004694e-05
5.845492e-06
3.160219e-05
3.5072953e-05
8.402894e-06
1.589243e-05
0.0014712373
0.0003300876
0.001155946
0.0011669063
0.0009975698
0.00089710037
0.0012704812
0.0007929775
4.256249e-05
1.1873655e-05
0.00036716997
0.00036607395
1.808449e-05
2.3381968e-05
1.8449835e-05
4.8773323e-05
0.060375165
0.059575062
0.09457604
0.094430454
0.004573732
0.0046904595
0.08873493
0.08900985
7.343399e-05
5.754156e-05
0.00059587485
0.0005836358
7.946216e-05
7.471269e-05
4.8773323e-05
8.914375e-05
0.0010379402
0.00040607902
0.00071369804
0.0006857493
0.0010242398
0.0010706384
0.0004415173
0.00035383494
0.00014303188
7.1424605e-05
0.00024551066
0.0002272435
9.352787e-05
7.215529e-05
5.6628203e-05
9.07878e-05
0.001792922
0.00079023745
0.0011248918
0.0010982217
0.0019575092
0.0020773418
0.00069871894
0.0007505977
0.0005355932
0.00017682613
0.00045412165
0.00044571876
0.0003476241
0.00026523918
0.00033849053
0.0009880709
0.0067942883
0.002742449
0.0025075334
0.0026326634
0.006117307
0.0059708045
0.0050011836
0.0055133947
0.0029943532
0.001265549
0.0030255902
0.0034186994
0.0029609243
0.0021401807
0.0026847247
0.00633286
0.0064775357
0.0060066083
0.004191583
0.0042518647
0.0095456885
0.009409598
0.0022516104
0.0022147107
0.0032119153
0.0027583416
0.009062887
0.009045899
0.005340953
0.0053279833
0.0016732721
0.0019081878
0.017794773
0.023969075
0.019265829
0.017574837
0.023510203
0.023198383
0.014176962
0.016405374
0.019584773
0.018574052
0.025917815
0.024130922
0.020595495
0.020245861
0.01668888
0.015239198
92094.0
8.169566
752368.0
0.0136781465
0.016224774
0.010991962
0.015464507
0.021666259
0.017224284
0.010034983
0.012598888
0.01518273
0.015165451
0.015265136
0.013430928
0.016780352
0.019160837
0.014114103
0.013324597
0.013872201
0.016192874
0.0112205725
0.014312145
0.018552091
0.017656254
0.010326064
0.013025541
0.015378113
0.01586192
0.015384759
0.013296684
0.0180324
0.01878469
0.013682134
0.013016237
0.006967335
0.004168173
0.004554952
0.004509761
0.0026197287
0.0017664228
0.0025625757
0.0030065074
0.0037880398
0.005975799
0.001428822
0.0030277737
0.00081741915
0.0030809392
0.0019790847
0.0024615615
0.006238968
0.0037441785
0.00489654
0.004701157
0.0028416945
0.0017637645
0.0022901027
0.003167333
0.0038345596
0.0056700977
0.0015577483
0.0029427088
0.0012746422
0.00281777
0.0018288923
0.0015657232
0.013465485
0.012517811
0.017915435
0.010820502
0.009289337
0.007626587
0.016557056
0.010787275
0.016884025
0.014964751
0.011913053
0.014725506
0.013153138
0.010796579
0.011847925
0.01804702
0.012206793
0.011277726
0.018685006
0.0113189295
0.010025679
0.0060223187
0.018225124
0.011280384
0.015156147
0.014116762
0.011974193
0.014831837
0.012307807
0.012209451
0.010938796
0.015358176
6.330441
3.0
10.0
0.0
16.0
2738664.0
49152.0
1.0
0.0
90.0
0.0
1.0
0.0
0.0
0.0
1504708200.0
0.0
0.0
0.0
0.0
0.0
1.0
0.0
0.0
0.0
0.0
0.0
0.0
-1.0
0.0
-1.0
-1.0
0.0
0.0
0.0
0.0
0.0
0.0
0.0
0.0
0.0
0.0
0.0
0.0
-1.0
0.0
0.0
0.0
0.0
0.0
0.0
0.0
0.0
0.0
0.0
0.0
0.0
-1.0
0.0
0.0
0.0
0.0
0.0
0.0
0.0
0.0
1.0
0.0
6.0
0.0
4.0
0.0
4.0
0.0
36864.0
4096.0
4096.0
3.0
0.0
0.0
1.0
1.0
0.0
0.0
0.0
0.0
0.0
0.0
0.0
0.0
0.0
0.0
0.0
0.0
0.0
0.0
0.0
0.0
0.0
0.0
0.0
0.0
0.0
0.0
0.0
0.0
0.0
0.0
0.0
0.0
0.0
0.0
0.0
0.0
-4096.0
0.0
0.0
0.0
0.0
0.0
0.0
0.0
0.0
-36864.0
0.0
4096.0
0.0
0.0
0.0
0.0
0.0
0.0
0.0
0.0
0.0
0.0
0.0
0.0
0.0
0.0
0.0
0.0
0.0
0.0
0.0
0.0
0.0
0.0
0.0
0.0
0.0
0.0
0.0
0.0
0.0
0.0
0.0
0.0
0.0
0.0
0.0
0.0
0.0
0.0
0.0
0.0
0.0
0.0
0.0
0.0
0.0
0.0
0.0
-5.660553
0.0
3.3088052
0.0
0.0
0.0
0.0
0.0
0.0
0.0
0.0
0.0
0.0
0.0
0.0
0.0
0.0
0.0
0.0
0.0
0.0
0.0
0.0
0.0
0.0
0.0
0.0
0.0
0.0
0.0
0.0
0.0
0.0
0.0
0.0
0.0
0.0
0.0
0.0
0.0
0.0
-3376.0
0.0
0.0
0.0
0.0
0.0
0.0
0.0
0.0
-36828.0
0.0
2780.0
0.0
0.0
0.0
0.0
0.0
0.0
0.0
0.0
0.0
-1.0
0.0
0.0
0.0
0.0
0.0
1.0
0.0
0.0
0.0
0.0
0.0
0.0
0.0
0.0
0.0
0.0
0.0
0.0
0.0
0.0
0.0
0.0
0.0
0.0
0.0
0.0
0.0
0.0
0.0
0.0
0.0
0.0
0.0
0.0
0.0
-2.0
0.0
0.0
0.0
1.0
0.0
0.0
0.0
0.0
0.0
0.0
0.0
0.0
0.0
0.0
0.0
0.0
0.0
0.0
0.0
0.0
0.0
0.0
0.0
-1.0
0.0
0.0
0.0
0.0
0.0
0.0
0.0
0.0
0.0
1.0
0.0
0.0
0.0
0.0
1.0
0.0
0.0
0.0
0.0
0.0
0.0
0.0
0.0
0.0
0.0
0.0
0.0
0.0
0.0
0.0
0.0
0.0
0.0
0.0
0.0
0.0
0.0
0.0
0.0
0.0
0.0
0.0
0.0
0.0
0.0
0.0
0.0
0.0
0.0
0.0
0.0
0.0
0.0
0.0
0.0
0.0
0.0
0.0
0.0
0.0
0.0
0.0
0.0
0.0
0.0
0.0
0.0
0.0
0.0
0.0
0.0
0.0
0.0
0.0
0.0
0.0
0.0
0.0
0.0
0.0
0.0
0.0
0.0
0.0
0.0
0.0
0.0
0.0
0.0
0.0
0.0
0.0
0.0
0.0
0.0
0.0
0.0
0.0
0.0
0.0
0.0
0.0
0.0
0.0
0.0
0.0
0.0
0.0
0.0
0.0
0.0
0.0
0.0
0.0
0.0
0.0
0.0
0.0
0.0
0.0
0.0
0.0
0.0
0.0
0.0
0.0
0.0
0.0
0.0
0.0
0.0
0.0
0.0
0.0
0.0
0.0
0.0
0.0
0.0
0.0
0.0
0.0
0.0
0.0
0.0
0.0
0.0
0.0
0.0
0.0
0.0
0.0
0.0
0.0
0.0
0.0
0.0
0.0
0.0
0.0
0.0
0.0
0.0
0.0
0.0
0.0
0.0
0.0
0.0
0.0
0.0
0.0
0.0
0.0
0.0
0.0
0.0
0.0
0.0
0.0
0.0
0.0
0.0
0.0
0.0
0.0
0.0
0.0
0.0
0.0
0.0
0.0
0.0
0.0
0.0
0.0
0.0
0.0
-1.0
0.0
0.0
0.0
0.0
0.0
0.0
0.0
0.0
0.0
0.0
0.0
0.0
0.0
0.0
0.0
0.0
0.0
0.0
0.0
0.0
0.0
0.0
0.0
0.0
0.0
0.0
0.0
0.0
0.0
0.0
0.0
0.0
0.0
0.0
0.0
0.0
0.0
0.0
0.0
0.0
0.0
0.0
0.0
0.0
0.0
0.0
0.0
0.0
0.0
0.0
0.0
0.0
0.0
0.0
0.0
0.0
0.0
0.0
0.0
0.0
0.0
0.0
0.0
0.0
0.0
0.0
0.0
0.0
0.0
0.0
0.0
0.0
0.0
0.0
0.0
0.0
0.0
0.0
0.0
0.0
0.0
0.0
0.0
0.0
0.0
0.0
0.0
0.0
0.0
0.0
0.0
0.0
0.0
0.0
0.0
0.0
0.0
0.0
0.0
0.0
0.0
0.0
0.0
0.0
-1.0
0.0
0.0
1.0
0.0
0.0
0.0
0.0
0.0
0.0
0.0
1.0
0.0
0.0
0.0
0.0
0.0
0.0
0.0
0.0
0.0
1.0
0.0
0.0
1.0
0.0
0.0
0.0
0.0
0.0
0.0
0.0
0.0
0.0
0.0
0.0
0.0
0.0
0.0
0.0
0.0
0.0
0.0
0.0
0.0
0.0
0.0
0.0
0.0
0.0
0.0
0.0
0.0
-1.0
0.0
0.0
0.0
0.0
0.0
0.0
0.0
0.0
0.0
0.0
0.0
0.0
0.0
0.0
1.0
0.0
0.0
0.0
0.0
0.0
0.0
0.0
1.0
0.0
0.0
0.0
0.0
0.0
0.0
0.0
0.0
1.0
0.0
0.0
0.0
0.0
0.0
0.0
1.0
0.0
0.0
0.0
0.0
0.0
0.0
0.0
0.0
0.0
0.0
0.0
0.0
0.0
0.0
0.0
0.0
0.0
0.0
0.0
0.0
0.0
0.0
0.0
0.0
0.0
0.0
0.0
0.0
0.0
0.0
0.0
0.0
0.0
0.0
0.0
0.0
0.0
0.0
0.0
0.0
0.0
0.0
0.0
0.0
0.0
0.0
0.0
0.0
0.0
0.0
0.0
0.0
0.0
0.0
0.0
-1.0
1.0
0.0
0.0
0.0
0.0
0.0
0.0
0.0
-1.0
0.0
0.0
0.0
0.0
0.0
0.0
0.0
0.0
0.0
0.0
0.0
0.0
-1.0
0.0
0.0
0.0
0.0
0.0
0.0
0.0
0.0
0.0
0.0
0.0
0.0
0.0
0.0
0.0
0.0
0.0
0.0
0.0
0.0
0.0
0.0
0.0
0.0
0.0
0.0
0.0
0.0
0.0
0.0
0.0
0.0
0.0
0.0
0.0
0.0
0.0
0.0
0.0
0.0
1.0
0.0
0.0
0.0
0.0
0.0
1.0
0.0
0.0
0.0
0.0
0.0
0.0
0.0
1.0
0.0
0.0
0.0
0.0
0.0
0.0
0.0
0.0
0.0
0.0
0.0
0.0
0.0
1.0
0.0
0.0
0.0
0.0
0.0
0.0
0.0
0.0
0.0
0.0
0.0
0.0
-1.0
1.0
0.0
0.0
0.0
0.0
0.0
0.0
0.0
0.0
0.0
0.0
0.0
0.0
0.0
0.0
0.0
0.0
0.0
0.0
0.0
0.0
1.0
0.0
0.0
0.0
0.0
0.0
-1.0
-1.0
0.0
0.0
0.0
0.0
0.0
0.0
0.0
0.0
-1.0
0.0
0.0
0.0
0.0
0.0
0.0
0.0
0.0
0.0
-1.0
1.0
0.0
0.0
0.0
0.0
-1.0
0.0
-1.0
0.0
0.0
0.0
0.0
0.0
0.0
0.0
0.0
0.0
0.0
0.0
0.0
0.0
0.0
0.0
0.0
0.0
0.0
0.0
0.0
0.0
0.0
0.0
0.0
0.0
0.0
0.0
0.0
0.0
0.0
0.0
0.0
0.0
0.0
0.0
0.0
0.0
0.0
0.0
0.0
0.0
0.0
1.0
0.0
0.0
0.0
0.0
0.0
0.0
0.0
1.0
0.0
0.0
0.0
0.0
0.0
0.0
0.0
0.0
0.0
0.0
-1.0
0.0
-1.0
0.0
0.0
0.0
0.0
0.0
0.0
0.0
0.0
0.0
0.0
0.0
0.0
0.0
0.0
0.0
0.0
1.0
0.0
0.0
0.0
0.0
0.0
1.0
-1.0
0.0
0.0
0.0
0.0
0.0
0.0
0.0
0.0
-1.0
0.0
0.0
0.0
0.0
0.0
0.0
0.0
0.0
0.0
0.0
0.0
0.0
0.0
0.0
0.0
0.0
0.0
0.0
0.0
0.0
0.0
0.0
0.0
0.0
0.0
0.0
0.0
0.0
0.0
0.0
0.0
0.0
0.0
0.0
0.0
0.0
0.0
1.0
1.0
0.0
0.0
0.0
0.0
0.0
0.0
0.0
0.0
0.0
0.0
0.0
0.0
0.0
0.0
0.0
0.0
0.0
0.0
0.0
0.0
0.0
0.0
0.0
0.0
0.0
0.0
0.0
0.0
0.0
0.0
0.0
0.0
0.0
0.0
0.0
0.0
0.0
0.0
0.0
0.0
0.0
0.0
0.0
0.0
0.0
0.0
0.0
0.0
0.0
0.0
0.0
0.0
0.0
0.0
0.0
0.0
-1.0
0.0
0.0
1.0
0.0
0.0
0.0
0.0
0.0
0.0
0.0
0.0
0.0
0.0
0.0
0.0
0.0
0.0
0.0
0.0
0.0
0.0
0.0
0.0
0.0
0.0
0.0
0.0
0.0
0.0
0.0
0.0
0.0
0.0
0.0
0.0
0.0
0.0
0.0
0.0
0.0
0.0
0.0
0.0
0.0
0.0
0.0
0.0
0.0
0.0
0.0
0.0
-1.0
0.0
0.0
0.0
0.0
0.0
0.0
0.0
0.0
0.0
0.0
0.0
0.0
0.0
0.0
-1.0
0.0
0.0
2.0
0.0
0.0
0.0
0.0
0.0
0.0
0.0
0.0
0.0
0.0
-1.0
0.0
0.0
0.0
-1.0
0.0
0.0
0.0
0.0
0.0
0.0
0.0
0.0
1.0
0.0
0.0
0.0
0.0
0.0
0.0
0.0
0.0
-1.0
0.0
0.0
0.0
0.0
2.0
0.0
0.0
0.0
0.0
0.0
1.0
1.0
0.0
0.0
0.0
0.0
0.0
0.0
0.0
0.0
0.0
0.0
-1.0
0.0
0.0
0.0
0.0
0.0
0.0
0.0
0.0
0.0
0.0
0.0
0.0
0.0
0.0
0.0
0.0
0.0
0.0
1.0
0.0
0.0
0.0
1.0
0.0
0.0
0.0
0.0
0.0
0.0
0.0
0.0
0.0
0.0
0.0
0.0
0.0
0.0
0.0
0.0
-1.0
0.0
0.0
0.0
0.0
0.0
0.0
0.0
0.0
0.0
0.0
0.0
0.0
0.0
0.0
0.0
0.0
-1.0
0.0
-2.0
0.0
0.0
0.0
0.0
0.0
0.0
0.0
0.0
0.0
0.0
0.0
0.0
0.0
0.0
0.0
0.0
0.0
0.0
0.0
0.0
1.0
0.0
0.0
0.0
0.0
0.0
0.0
0.0
0.0
0.0
0.0
0.0
0.0
0.0
-1.0
0.0
-1.0
0.0
0.0
0.0
1.0
0.0
-1.0
0.0
1.0
0.0
0.0
0.0
0.0
0.0
0.0
0.0
0.0
0.0
0.0
0.0
0.0
0.0
0.0
0.0
0.0
-1.0
0.0
0.0
0.0
0.0
0.0
0.0
0.0
0.0
0.0
0.0
0.0
0.0
0.0
0.0
0.0
0.0
0.0
0.0
0.0
0.0
0.0
0.0
-1.0
0.0
-1.0
0.0
0.0
0.0
0.0
-1.0
0.0
0.0
0.0
-1.0
0.0
0.0
0.0
0.0
0.0
0.0
0.0
-1.0
0.0
0.0
0.0
0.0
0.0
0.0
0.0
0.0
0.0
-1.0
0.0
0.0
0.0
0.0
0.0
0.0
-1.0
0.0
0.0
0.0
0.0
0.0
0.0
0.0
1.0
0.0
0.0
0.0
0.0
0.0
0.0
0.0
0.0
0.0
0.0
1.0
0.0
0.0
0.0
0.0
0.0
0.0
0.0
0.0
0.0
0.0
0.0
1.0
1.0
-2.0
0.0
0.0
0.0
0.0
0.0
0.0
0.0
0.0
0.0
0.0
0.0
0.0
0.0
0.0
-2.0
0.0
0.0
1.0
0.0
0.0
0.0
0.0
0.0
0.0
0.0
0.0
0.0
-1.0
0.0
0.0
0.0
1.0
1.0
0.0
0.0
0.0
0.0
0.0
0.0
0.0
0.0
0.0
0.0
0.0
0.0
0.0
0.0
0.0
0.0
0.0
0.0
0.0
0.0
0.0
0.0
0.0
0.0
0.0
0.0
0.0
0.0
-1.0
-1.0
0.0
0.0
0.0
0.0
0.0
1.0
-1.0
0.0
0.0
0.0
0.0
0.0
0.0
0.0
0.0
0.0
0.0
0.0
0.0
0.0
0.0
0.0
0.0
0.0
0.0
0.0
0.0
0.0
0.0
0.0
0.0
0.0
-1.0
0.0
0.0
0.0
0.0
0.0
0.0
0.0
1.0
0.0
0.0
0.0
0.0
0.0
1.0
0.0
0.0
0.0
0.0
0.0
0.0
0.0
1.0
0.0
0.0
0.0
0.0
0.0
0.0
0.0
0.0
0.0
0.0
0.0
0.0
0.0
0.0
0.0
0.0
-1.0
0.0
0.0
0.0
0.0
0.0
0.0
0.0
0.0
0.0
0.0
0.0
0.0
0.0
0.0
0.0
0.0
1.0
0.0
0.0
0.0
0.0
0.0
0.0
0.0
0.0
0.0
-1.0
0.0
0.0
0.0
0.0
0.0
0.0
0.0
0.0
0.0
0.0
0.0
0.0
0.0
0.0
0.0
0.0
0.0
0.0
0.0
0.0
0.0
0.0
0.0
0.0
0.0
0.0
0.0
0.0
0.0
0.0
0.0
0.0
0.0
0.0
0.0
0.0
0.0
0.0
0.0
0.0
0.0
0.0
0.0
0.0
0.0
0.0
0.0
0.0
0.0
0.0
0.0
0.0
0.0
0.0
0.0
0.0
0.0
0.0
0.0
0.0
0.0
0.0
0.0
0.0
0.0
0.0
0.0
0.0
0.0
0.0
0.0
0.0
0.0
0.0
0.0
0.0
0.0
0.0
0.0
0.0
0.0
0.0
0.0
0.0
0.0
0.0
0.0
0.0
0.0
0.0
0.0
0.0
0.0
0.0
0.0
0.0
0.0
0.0
0.0
0.0
0.0
0.0
0.0
0.0
0.0
0.0
0.0
0.0
0.0
0.0
0.0
0.0
0.0
0.0
0.0
0.0
0.0
0.0
0.0
0.0
0.0
0.0
0.0
0.0
0.0
0.0
0.0
0.0
0.0
0.0
0.0
0.0
0.0
0.0
0.0
0.0
0.0
0.0
0.0
0.0
40.0
38932.0
2780.0
45056.0
0.0
0.0
0.0
0.0
0.0
0.0
28.0
4544.0
0.0
0.0
0.0
0.0
0.0
0.0
0.0
0.0
32.0
568.0
436.0
4096.0
0.0
0.0
0.0
0.0
