0.22236262
0.012490762
0.0060837204
0.011854017
0.017251505
0.0031012457
0.0034179688
0.002540382
0.012477566
0.0021807696
0.0020949906
0.0024710991
0.007492478
0.0033288903
0.0009963576
0.0067072688
0.0068161422
0.0012339
0.0007093275
0.0007060283
0.0040448164
0.003088049
0.0006862331
0.00059055636
0.0033783785
0.00059385557
0.000600454
0.0028999946
0.00283731
0.0008050042
0.00061035156
0.0006994299
0.004434122
0.00061035156
0.00062024913
0.0008247994
0.015103727
0.001385663
0.0005641628
0.00035961255
0.0017485748
0.00048498204
0.000583958
0.0015407254
0.0016100084
0.0006499419
0.00078520906
0.00050147803
0.0022401551
0.0006334459
0.0008083034
0.0063707507
0.0013988598
0.0009435705
0.00063014677
0.00048498204
0.001636402
0.0025766734
0.0011877111
0.0036159207
0.0017320787
0.0013889621
0.0007192251
0.00063014677
0.0029296875
0.0026459566
0.001336175
0.008059939
0.008666992
0.013500317
0.0024183118
0.0012965847
0.0027482316
0.0018805426
0.00064664276
0.00074561866
0.003790778
0.0023919183
0.0011283256
0.00064004434
0.008871542
0.003935943
0.0024941934
0.005697714
0.0031540329
0.004054714
0.004387933
0.0032563081
0.002019109
0.0028241132
0.00047178526
0.003088049
0.0014945365
0.013681772
0.003553236
0.0029428843
0.000834697
0.0020982898
0.0006499419
0.001167916
0.0018772434
0.0070701805
0.002355627
0.0009600665
0.009145376
0.0020949906
0.007680532
0.0006730363
0.002702043
0.0012437975
0.0024414062
0.002269848
0.0017881651
0.0005443676
0.0026657516
0.0023391312
0.012157544
0.011778136
0.0010392473
0.0011481207
0.0011646168
0.0011646168
0.00057406037
0.00049487967
0.0024710991
0.0032200168
0.0014285526
0.0010491449
0.0046617663
0.0035763301
0.00045528926
0.023572767
0.0034476616
0.007848791
0.00078190985
0.00052127324
0.0014648438
0.016083589
0.003239812
0.039563976
0.0010260504
0.0072483374
0.0007159259
0.0006829339
0.013823638
0.00033321895
0.00031672296
0.0005443676
0.0012833879
0.0006928315
0.00050147803
0.00032002217
0.00047838365
0.00047838365
0.00023424304
0.00038270693
0.00064004434
0.00029692778
0.00039920292
0.00035301415
0.00077531143
0.001085436
0.00047178526
0.00089408254
0.0013262775
0.0011481207
0.0004453917
0.00047178526
0.0007687131
0.00045528926
0.0004123997
0.0007390203
0.0009864601
0.0005476668
0.0012602935
0.000583958
0.0013922614
0.0013229783
0.0009435705
0.0012141047
0.0015143317
0.0009963576
0.0010293496
0.000801705
0.0032893
0.0010524441
0.00060705235
0.0017782676
0.0014450486
0.00091387774
0.0012108055
0.0010194521
0.007984058
0.0049883868
0.0021939664
0.009643555
0.01126676
0.0006994299
0.001821157
0.007060283
0.002438107
0.0036489125
0.001887141
0.0011481207
0.0023094383
0.0009567673
0.0013328758
0.0009765625
0.0020982898
0.0024776973
0.0018046611
0.0016001109
0.0015605205
0.0007687131
0.0010491449
0.00088088575
0.0027911211
0.0018310547
0.0007126267
0.0032134184
0.0020619985
0.0033486856
0.00062684756
0.00074561866
0.0028010188
0.0018112595
0.0019135346
0.0007522171
0.002170872
0.0019300306
0.00043879327
0.00088088575
0.017564928
0.0039326437
0.0006862331
0.0037247941
0.0049421983
0.00061035156
0.00062024913
0.0005608636
0.003688503
0.00078520906
0.001669394
0.0024645007
0.0041503906
0.00065654033
0.0018607475
0.0029296875
0.0067864493
0.0018178578
0.0012306008
0.0016462996
0.006311365
0.0014615445
0.0021840688
0.041213576
0.040677965
0.0
0.0
0.0
0.0
0.0
0.0
0.0
0.0
0.0
0.0
0.0
0.0
0.0
0.0
0.0
0.0032872087
2.482786e-05
6.6207626e-06
3.3103813e-06
9.931144e-06
1.3241525e-05
3.3103813e-06
4.965572e-06
1.1586335e-05
4.965572e-06
4.965572e-06
1.6551907e-06
1.6551907e-06
1.6551907e-06
3.3103813e-06
6.6207626e-06
0.0063079316
4.634534e-05
3.1448624e-05
3.4759003e-05
4.4690147e-05
3.9724575e-05
1.6551907e-05
1.9862287e-05
3.9724575e-05
2.317267e-05
3.8069385e-05
1.9862287e-05
1.9862287e-05
3.1448624e-05
1.8207098e-05
4.800053e-05
0.0059835142
3.1448624e-05
0.00015062235
3.6414196e-05
0.00018538136
2.482786e-05
6.620763e-05
3.8069385e-05
1.1586335e-05
2.1517479e-05
7.282839e-05
2.648305e-05
1.9862287e-05
1.8207098e-05
1.6551907e-05
7.613877e-05
0.0
0.0
0.0
0.0
0.0
0.0
0.0
0.0
0.0
0.0
0.0
0.0
0.0
0.0
0.0
0.0
0.013263043
0.00012248411
0.00030621028
0.00013241525
0.0004071769
0.00018207097
0.0007498014
0.0005164195
0.00016220869
6.9518006e-05
0.00013241525
0.00022345074
0.000107587395
6.620763e-05
8.6069915e-05
0.00042207362
0.002603615
3.6414196e-05
2.9793433e-05
2.648305e-05
2.1517479e-05
2.8138242e-05
2.317267e-05
2.1517479e-05
6.9518006e-05
2.1517479e-05
2.8138242e-05
1.8207098e-05
0.0002532442
0.00016055349
2.317267e-05
2.482786e-05
0.00024000264
0.0
1.6551907e-06
1.6551907e-05
0.0005131091
0.00023338188
0.001579052
0.00080607785
0.0
0.0
0.0
0.0
0.0
0.0
0.0
0.0
0.004417704
0.00019365731
0.0001059322
0.00013241525
0.00026317532
0.00012248411
0.0003161414
0.00020689884
0.00027145128
8.772511e-05
2.8138242e-05
0.00011255297
0.00013738082
3.4759003e-05
0.00011917373
0.0002300715
0.004199219
0.00011751854
0.00013076006
0.00020689884
0.0015078787
0.0006951801
0.0038963188
0.0019200211
0.000115863346
8.772511e-05
0.00013241525
8.441472e-05
0.00016882944
8.6069915e-05
7.944915e-05
0.00013076006
0.0044905324
8.441472e-05
9.269068e-05
0.00013241525
0.0002135196
0.000115863346
0.0001588983
0.0007580773
0.00061738613
0.0006885593
0.00019365731
0.0004982124
0.00048828125
0.00032110699
0.00057931675
0.0041263904
0.0129270395
0.00046510858
0.0011635991
0.0010874603
0.002169955
0.0014135329
0.0059156516
0.0042141154
0.0018802966
0.00068028335
0.0007580773
0.0012513242
0.0017114672
0.0014069121
0.00199616
0.005026814
0.07469214
0.0060795154
0.002838652
0.0042852885
0.008972788
0.014979475
0.012008408
0.009500794
0.030033436
0.004356462
0.0030488612
0.005963652
0.015062235
0.0074169096
0.012518208
0.022141486
0.076673396
0.009192929
0.010353218
0.008362023
0.018202132
0.02139665
0.011882613
0.012854211
0.037463587
0.0061722063
0.0036265228
0.007133872
0.018983383
0.0091201
0.014737817
0.021980932
0.06602225
0.01397974
0.016641287
0.012571173
0.022123279
0.026759468
0.008567267
0.014219743
0.044585872
0.008918167
0.0042753574
0.0052370233
0.023593089
0.008990996
0.015303893
0.026855469
0.0
0.0
0.0
0.0
0.0
0.0
0.0
0.0
0.0
0.0
0.0
0.0
0.0
0.0
0.0
0.0
1099.0
11.727025
12888.0
0.033519555
0.00077591557
0.00077591557
0.0005431409
0.014121664
0.00845748
0.00031036625
0.00046554935
0.0025605215
0.00077591557
0.0011638734
0.0006207325
0.0028708878
0.005276226
0.007060832
0.0031036623
0.010086902
0.0038019863
0.005276226
0.0045003104
0.002793296
0.00248293
0.002638113
0.0010862818
0.003336437
0.0030260708
0.011716325
0.0037243948
0.0032588455
0.0044227187
0.0010862818
0.00038795779
0.0021725637
0.015130354
0.0042675356
0.01396648
0.016527003
0.007836747
0.0060521415
0.010707635
0.004577902
0.011871508
0.00038795779
0.0013190565
0.008690255
0.0119491
0.0043451274
0.0035692116
0.02040658
0.008379889
0.015052762
0.022191186
0.012802607
0.007914339
0.009155804
0.012725015
0.0024053382
0.0020949722
0.00046554935
0.0031036623
0.0020173804
0.0032588455
0.0018621974
0.0062073246
0.00085350714
0.039106146
0.00597455
0.019630665
0.022734327
0.09326505
0.009854128
0.0143544385
0.012337058
0.037321538
0.005276226
0.0038019863
0.026769087
0.015906269
0.044692736
0.042209808
0.014509621
0.000698324
0.042985722
0.031657357
0.06703911
0.019708255
0.0037243948
0.00597455
0.006905649
0.0079919305
0.0018621974
0.00031036625
0.0010862818
0.00046554935
0.00023277468
0.0013190565
5.6310215
0.0
1.0
0.0
2.0
303104.0
364544.0
0.0
0.0
270.0
0.0
1.0
0.0
0.0
0.0
1436145300.0
0.0
0.0
0.0
0.0
0.0
1.0
0.0
0.0
0.0
0.0
0.0
0.0
-1.0
0.0
-1.0
-1.0
0.0
0.0
0.0
0.0
0.0
0.0
0.0
0.0
0.0
0.0
0.0
0.0
-1.0
0.0
0.0
0.0
0.0
0.0
0.0
0.0
0.0
0.0
0.0
0.0
0.0
-1.0
0.0
0.0
0.0
0.0
0.0
0.0
0.0
0.0
0.0
0.0
6.0
0.0
4.0
0.0
4.0
0.0
237568.0
4096.0
4096.0
4.0
0.0
0.0
1.0
2.0
0.0
0.0
0.0
0.0
0.0
0.0
0.0
0.0
0.0
0.0
0.0
0.0
0.0
0.0
12288.0
0.0
0.0
0.0
0.0
0.0
0.0
0.0
0.0
0.0
0.0
0.0
0.0
0.0
0.0
0.0
0.0
0.0
-32768.0
0.0
0.0
0.0
0.0
0.0
0.0
0.0
0.0
-237568.0
0.0
16384.0
0.0
0.0
0.0
0.0
0.0
0.0
0.0
0.0
0.0
0.0
0.0
0.0
0.0
0.0
0.0
0.0
0.0
0.0
0.0
0.0
5.9206953
0.0
0.0
0.0
0.0
0.0
0.0
0.0
0.0
0.0
0.0
0.0
0.0
0.0
0.0
0.0
0.0
0.0
-4.1746387
0.0
0.0
0.0
0.0
0.0
0.0
0.0
0.0
-6.442849
0.0
5.4554996
0.0
0.0
0.0
0.0
0.0
0.0
0.0
0.0
0.0
0.0
0.0
0.0
0.0
0.0
0.0
0.0
0.0
0.0
0.0
0.0
9852.0
0.0
0.0
0.0
0.0
0.0
0.0
0.0
0.0
0.0
0.0
0.0
0.0
0.0
0.0
0.0
0.0
0.0
-93528.0
0.0
0.0
0.0
0.0
0.0
0.0
0.0
0.0
-234946.0
0.0
16180.0
0.0
0.0
0.0
0.0
0.0
0.0
0.0
0.0
0.0
-1.0
0.0
0.0
0.0
0.0
0.0
1.0
0.0
0.0
0.0
0.0
0.0
0.0
0.0
0.0
0.0
0.0
0.0
0.0
0.0
0.0
0.0
0.0
0.0
0.0
0.0
0.0
0.0
0.0
0.0
0.0
0.0
0.0
0.0
0.0
0.0
-2.0
0.0
0.0
0.0
1.0
0.0
0.0
0.0
0.0
0.0
0.0
0.0
0.0
0.0
0.0
0.0
0.0
0.0
0.0
0.0
0.0
0.0
0.0
0.0
-1.0
0.0
0.0
0.0
0.0
0.0
0.0
0.0
0.0
0.0
1.0
0.0
0.0
0.0
0.0
1.0
0.0
0.0
0.0
0.0
0.0
0.0
0.0
0.0
0.0
0.0
0.0
0.0
0.0
0.0
0.0
0.0
0.0
0.0
0.0
0.0
0.0
0.0
0.0
0.0
0.0
0.0
0.0
0.0
0.0
0.0
0.0
0.0
0.0
0.0
0.0
0.0
0.0
0.0
0.0
0.0
0.0
0.0
0.0
0.0
0.0
0.0
0.0
0.0
0.0
0.0
0.0
-1.0
0.0
0.0
0.0
0.0
0.0
0.0
0.0
0.0
0.0
0.0
0.0
0.0
-1.0
0.0
0.0
0.0
0.0
0.0
0.0
0.0
-1.0
-1.0
-1.0
0.0
0.0
0.0
0.0
0.0
0.0
0.0
0.0
0.0
0.0
0.0
0.0
0.0
0.0
0.0
0.0
0.0
0.0
0.0
0.0
0.0
0.0
0.0
0.0
0.0
0.0
0.0
0.0
0.0
0.0
0.0
0.0
0.0
0.0
0.0
0.0
0.0
0.0
0.0
0.0
0.0
0.0
0.0
0.0
0.0
0.0
0.0
0.0
0.0
0.0
0.0
0.0
0.0
0.0
0.0
0.0
0.0
0.0
0.0
0.0
0.0
0.0
0.0
1.0
0.0
0.0
0.0
0.0
0.0
0.0
0.0
0.0
0.0
0.0
0.0
0.0
0.0
0.0
0.0
0.0
0.0
0.0
0.0
0.0
0.0
0.0
0.0
0.0
0.0
0.0
0.0
0.0
0.0
0.0
0.0
0.0
0.0
0.0
0.0
0.0
0.0
0.0
0.0
0.0
0.0
0.0
0.0
0.0
0.0
0.0
0.0
0.0
0.0
0.0
0.0
0.0
0.0
0.0
0.0
0.0
0.0
0.0
0.0
0.0
0.0
0.0
0.0
0.0
0.0
0.0
0.0
0.0
0.0
0.0
0.0
0.0
0.0
0.0
0.0
0.0
0.0
0.0
0.0
0.0
0.0
0.0
0.0
0.0
0.0
0.0
0.0
0.0
0.0
0.0
0.0
0.0
0.0
0.0
0.0
0.0
0.0
0.0
0.0
0.0
0.0
0.0
0.0
0.0
0.0
0.0
0.0
0.0
0.0
0.0
0.0
0.0
0.0
-1.0
0.0
0.0
0.0
0.0
0.0
0.0
0.0
0.0
1.0
0.0
0.0
0.0
0.0
0.0
0.0
0.0
0.0
0.0
0.0
0.0
0.0
0.0
0.0
0.0
0.0
-1.0
-1.0
0.0
0.0
0.0
0.0
0.0
0.0
0.0
0.0
-1.0
-2.0
2.0
0.0
0.0
0.0
0.0
0.0
1.0
0.0
-1.0
0.0
0.0
0.0
-1.0
0.0
0.0
0.0
1.0
0.0
0.0
-1.0
-1.0
1.0
0.0
1.0
0.0
0.0
0.0
0.0
0.0
1.0
0.0
0.0
0.0
0.0
0.0
0.0
0.0
0.0
0.0
-1.0
-1.0
0.0
-1.0
0.0
0.0
0.0
0.0
0.0
0.0
0.0
0.0
0.0
0.0
0.0
0.0
-1.0
0.0
0.0
-1.0
0.0
1.0
1.0
0.0
0.0
0.0
0.0
0.0
0.0
1.0
0.0
0.0
0.0
-1.0
0.0
1.0
0.0
0.0
0.0
1.0
0.0
0.0
0.0
0.0
0.0
0.0
0.0
1.0
0.0
0.0
0.0
2.0
0.0
0.0
1.0
0.0
0.0
0.0
-1.0
0.0
0.0
0.0
0.0
-1.0
0.0
1.0
0.0
-1.0
0.0
-1.0
0.0
0.0
1.0
0.0
0.0
0.0
1.0
0.0
0.0
-1.0
0.0
0.0
0.0
0.0
0.0
0.0
0.0
0.0
0.0
1.0
0.0
0.0
0.0
0.0
0.0
0.0
0.0
0.0
0.0
0.0
0.0
0.0
0.0
0.0
0.0
-1.0
0.0
0.0
0.0
0.0
1.0
0.0
0.0
0.0
0.0
1.0
1.0
0.0
0.0
0.0
0.0
0.0
0.0
0.0
0.0
0.0
0.0
0.0
0.0
0.0
0.0
0.0
0.0
0.0
-1.0
0.0
0.0
0.0
0.0
0.0
0.0
0.0
0.0
0.0
0.0
0.0
1.0
0.0
1.0
0.0
0.0
0.0
0.0
0.0
1.0
0.0
0.0
0.0
0.0
0.0
0.0
0.0
0.0
1.0
0.0
0.0
0.0
0.0
0.0
0.0
0.0
-1.0
0.0
0.0
0.0
0.0
1.0
0.0
0.0
-1.0
0.0
0.0
1.0
1.0
0.0
0.0
0.0
0.0
0.0
0.0
0.0
0.0
-1.0
0.0
0.0
1.0
-1.0
1.0
0.0
0.0
1.0
0.0
0.0
0.0
0.0
0.0
0.0
0.0
0.0
-2.0
0.0
0.0
-2.0
0.0
0.0
1.0
0.0
0.0
0.0
0.0
0.0
0.0
1.0
0.0
0.0
0.0
0.0
0.0
-1.0
0.0
-2.0
-1.0
0.0
1.0
-1.0
-1.0
0.0
0.0
0.0
1.0
0.0
0.0
0.0
0.0
0.0
1.0
0.0
0.0
0.0
0.0
0.0
0.0
0.0
0.0
0.0
0.0
0.0
0.0
0.0
0.0
0.0
0.0
0.0
-1.0
0.0
0.0
0.0
0.0
0.0
0.0
0.0
-1.0
0.0
0.0
1.0
0.0
0.0
0.0
0.0
0.0
0.0
0.0
0.0
0.0
0.0
0.0
0.0
0.0
0.0
1.0
0.0
0.0
0.0
0.0
0.0
0.0
0.0
0.0
1.0
0.0
0.0
0.0
-1.0
0.0
0.0
0.0
0.0
0.0
1.0
0.0
-1.0
0.0
0.0
0.0
0.0
0.0
0.0
0.0
-1.0
0.0
0.0
0.0
-1.0
0.0
-1.0
0.0
0.0
1.0
0.0
0.0
0.0
0.0
0.0
0.0
0.0
0.0
-1.0
0.0
0.0
0.0
0.0
0.0
-1.0
-1.0
0.0
0.0
0.0
0.0
0.0
1.0
0.0
0.0
0.0
0.0
0.0
0.0
0.0
1.0
0.0
-2.0
0.0
0.0
0.0
-1.0
0.0
0.0
0.0
0.0
-1.0
0.0
0.0
0.0
0.0
0.0
-1.0
0.0
-2.0
0.0
0.0
0.0
0.0
0.0
0.0
0.0
0.0
0.0
0.0
0.0
0.0
0.0
0.0
1.0
1.0
0.0
0.0
0.0
0.0
0.0
-1.0
2.0
0.0
0.0
0.0
-1.0
0.0
0.0
0.0
0.0
0.0
0.0
0.0
0.0
0.0
0.0
0.0
-2.0
0.0
0.0
0.0
0.0
-1.0
0.0
0.0
0.0
-2.0
0.0
-1.0
0.0
0.0
0.0
0.0
0.0
0.0
0.0
-2.0
0.0
0.0
0.0
-2.0
0.0
0.0
0.0
0.0
0.0
0.0
1.0
0.0
-1.0
0.0
0.0
0.0
0.0
0.0
0.0
0.0
0.0
-1.0
0.0
0.0
0.0
0.0
0.0
0.0
0.0
0.0
0.0
0.0
0.0
0.0
0.0
0.0
1.0
1.0
1.0
0.0
0.0
0.0
0.0
0.0
0.0
0.0
0.0
0.0
1.0
0.0
0.0
0.0
0.0
0.0
0.0
1.0
0.0
0.0
0.0
0.0
0.0
0.0
0.0
0.0
-1.0
0.0
0.0
0.0
0.0
0.0
0.0
0.0
0.0
0.0
0.0
1.0
0.0
0.0
1.0
0.0
0.0
0.0
0.0
1.0
-1.0
0.0
0.0
0.0
0.0
0.0
0.0
1.0
0.0
0.0
-2.0
0.0
0.0
0.0
0.0
0.0
0.0
-1.0
0.0
0.0
0.0
0.0
-1.0
0.0
0.0
1.0
0.0
0.0
1.0
-1.0
0.0
0.0
0.0
0.0
0.0
0.0
0.0
0.0
0.0
1.0
0.0
-1.0
-1.0
0.0
0.0
0.0
0.0
0.0
1.0
0.0
1.0
0.0
0.0
1.0
0.0
0.0
0.0
0.0
0.0
-1.0
0.0
-1.0
0.0
0.0
0.0
1.0
2.0
0.0
1.0
0.0
0.0
0.0
0.0
-1.0
0.0
-1.0
1.0
-1.0
0.0
1.0
0.0
0.0
0.0
-1.0
0.0
0.0
0.0
0.0
0.0
0.0
0.0
0.0
0.0
0.0
0.0
1.0
0.0
0.0
1.0
0.0
0.0
0.0
0.0
0.0
0.0
1.0
0.0
-1.0
1.0
0.0
0.0
0.0
0.0
0.0
0.0
0.0
0.0
0.0
1.0
0.0
0.0
0.0
0.0
0.0
0.0
0.0
0.0
0.0
-1.0
0.0
0.0
1.0
0.0
0.0
0.0
0.0
0.0
-1.0
0.0
0.0
0.0
0.0
0.0
0.0
-1.0
0.0
0.0
-2.0
-1.0
1.0
1.0
0.0
0.0
0.0
0.0
0.0
0.0
0.0
1.0
0.0
1.0
0.0
0.0
0.0
0.0
1.0
-1.0
0.0
0.0
0.0
0.0
0.0
0.0
0.0
0.0
0.0
0.0
0.0
1.0
-1.0
-1.0
0.0
1.0
0.0
0.0
0.0
0.0
0.0
0.0
0.0
0.0
0.0
0.0
0.0
0.0
0.0
0.0
0.0
0.0
1.0
0.0
0.0
0.0
0.0
0.0
0.0
0.0
0.0
1.0
0.0
0.0
0.0
0.0
0.0
-1.0
0.0
0.0
0.0
0.0
0.0
0.0
0.0
0.0
0.0
-2.0
-1.0
0.0
0.0
0.0
0.0
0.0
0.0
0.0
0.0
1.0
0.0
-1.0
0.0
0.0
1.0
1.0
0.0
-1.0
-1.0
0.0
0.0
0.0
0.0
0.0
0.0
0.0
0.0
0.0
0.0
0.0
0.0
0.0
0.0
-1.0
1.0
0.0
0.0
0.0
0.0
1.0
0.0
0.0
0.0
-1.0
0.0
0.0
0.0
0.0
0.0
0.0
0.0
0.0
2.0
0.0
0.0
-1.0
-1.0
0.0
0.0
1.0
0.0
1.0
0.0
0.0
0.0
1.0
0.0
0.0
1.0
0.0
0.0
0.0
0.0
0.0
0.0
0.0
0.0
0.0
-1.0
0.0
0.0
0.0
0.0
1.0
0.0
1.0
0.0
0.0
-1.0
0.0
-2.0
0.0
0.0
0.0
0.0
0.0
1.0
0.0
1.0
-1.0
0.0
1.0
0.0
0.0
0.0
0.0
0.0
1.0
0.0
0.0
0.0
0.0
0.0
-1.0
1.0
0.0
1.0
0.0
0.0
1.0
-1.0
0.0
0.0
0.0
-1.0
0.0
0.0
0.0
0.0
0.0
0.0
0.0
0.0
0.0
0.0
-1.0
0.0
-1.0
0.0
0.0
0.0
0.0
-1.0
0.0
0.0
0.0
0.0
0.0
0.0
0.0
0.0
0.0
1.0
0.0
0.0
0.0
1.0
0.0
0.0
1.0
1.0
0.0
0.0
-1.0
-1.0
0.0
-1.0
0.0
0.0
0.0
0.0
0.0
0.0
0.0
0.0
0.0
0.0
0.0
0.0
0.0
0.0
0.0
0.0
-1.0
0.0
0.0
0.0
0.0
1.0
-1.0
0.0
2.0
0.0
0.0
0.0
0.0
0.0
0.0
0.0
0.0
0.0
0.0
-1.0
0.0
0.0
0.0
0.0
0.0
0.0
0.0
0.0
0.0
0.0
-1.0
0.0
0.0
0.0
0.0
0.0
0.0
0.0
-1.0
0.0
0.0
1.0
0.0
1.0
0.0
0.0
0.0
0.0
0.0
0.0
0.0
0.0
0.0
0.0
0.0
0.0
0.0
0.0
0.0
0.0
0.0
0.0
0.0
0.0
0.0
0.0
0.0
0.0
0.0
0.0
0.0
0.0
0.0
0.0
0.0
0.0
0.0
0.0
0.0
0.0
0.0
0.0
0.0
0.0
0.0
0.0
0.0
0.0
0.0
0.0
0.0
0.0
0.0
0.0
0.0
0.0
0.0
0.0
0.0
0.0
0.0
0.0
0.0
0.0
0.0
0.0
0.0
0.0
0.0
0.0
0.0
0.0
0.0
0.0
0.0
0.0
0.0
0.0
0.0
0.0
0.0
0.0
0.0
0.0
0.0
0.0
0.0
0.0
0.0
0.0
0.0
0.0
0.0
0.0
0.0
0.0
0.0
0.0
0.0
0.0
0.0
0.0
0.0
0.0
0.0
0.0
0.0
0.0
0.0
0.0
0.0
0.0
0.0
0.0
0.0
0.0
0.0
0.0
0.0
0.0
0.0
0.0
0.0
0.0
0.0
0.0
0.0
0.0
0.0
0.0
0.0
0.0
0.0
0.0
0.0
180.0
246224.0
16180.0
348160.0
0.0
0.0
0.0
0.0
0.0
0.0
0.0
0.0
0.0
0.0
0.0
0.0
0.0
0.0
0.0
0.0
0.0
0.0
1116.0
241664.0
0.0
0.0
0.0
0.0
