0.065886594
0.0069629573
0.0018641116
0.0016214657
0.0018034502
0.0008476216
0.00042954905
0.00065088156
0.0029019152
0.00073777506
0.00036560855
0.00050988456
0.0015296537
0.00051808206
0.00036560855
0.00096566556
0.006041558
0.00028363353
0.00030330752
0.00021805352
0.0014116096
0.0011066626
0.0007394146
0.00019018202
0.00080007606
0.00032134203
0.0015312932
0.00029511002
0.00078859954
0.00023936701
0.00012460201
0.00019346102
0.0009837
0.00015739202
0.00011640451
0.00020001901
0.0020067482
0.00021969301
0.00013935751
0.00010984651
0.00039675905
0.00015903151
0.00024428553
0.0006738346
0.00040167753
0.00016722901
0.76227576
0.00012132301
0.0006951481
0.00037872454
0.00051316357
0.0014329231
0.0005492325
0.0005459536
0.00040823553
0.00035413203
0.00056890654
0.001098465
0.00035905052
0.0011197786
0.00047217603
0.00043610705
0.00033937654
0.00036888753
0.0015230956
0.0006951481
0.00045250205
0.00050496607
0.00095254957
0.001983795
0.0011509291
0.00037216654
0.0009050041
0.00032134203
0.00019346102
0.00031150502
0.0007197406
0.0009837
0.00053939555
0.00025904103
0.0021083972
0.00050168706
0.00023936701
0.0015312932
0.00068859005
0.0009181201
0.0017345912
0.0012902867
0.00036232953
0.00063448655
0.00014427601
0.00051972154
0.00042627004
0.00056726707
0.00072629855
0.00058530155
0.00026395952
0.00061481254
0.00021149551
0.0006082546
0.00062956807
0.0019952718
0.00096566556
0.00028855202
0.0014952242
0.00091156206
0.0011328947
0.00020985602
0.0011017441
0.00027707554
0.0010099321
0.0009050041
0.00085745857
0.00017214751
0.0014558762
0.00095254957
0.0026182816
0.0018854252
0.00064268406
0.00033117904
0.0010099321
0.00029019153
0.00030002854
0.00012624152
0.00055906957
0.00059841754
0.00044758353
0.00017870552
0.00048365255
0.00037380605
0.00014263652
0.0020149457
0.00057710405
0.0018116477
0.00030330752
0.00014427601
0.0006902296
0.0030609467
0.00061809155
0.0068645873
0.00024428553
0.0020428172
0.00025576202
0.00018526352
0.0009837
0.00020001901
0.00017542651
0.00024920402
0.00021969301
0.00020821652
0.00027215702
0.00013116
0.00029511002
0.00018854252
0.00011804401
9.345151e-05
0.00024920402
0.00010328851
0.00014099701
0.00012788101
0.00031478403
0.000150834
0.00016886852
0.00017050802
0.00018034501
0.00024428553
0.000101649006
0.00010656751
0.00041643303
0.00019018202
0.00014919451
0.00025576202
0.00021969301
9.837001e-05
0.00036069003
0.00015739202
0.00042299103
0.00016722901
0.00011804401
0.00010820701
0.00020657702
0.00017542651
0.00011968351
0.00013935751
0.0008017156
0.00035085302
0.00015739202
0.000150834
0.00042299103
0.00015575251
0.00022461152
0.00018690302
0.0013116001
0.00057710405
0.00065907906
0.0008722141
0.00066235807
0.00019346102
0.00043118853
0.00080499455
0.000619731
0.00074269355
0.00026395952
0.00025904103
0.00043610705
0.00013771802
0.00030822604
0.00022953002
0.00049512903
0.0027199308
0.00039839852
0.000619731
0.00023772752
0.00012788101
0.00040659602
0.00036724802
0.00050496607
0.00017706602
0.00011968351
0.00024756452
0.00027543603
9.1812006e-05
0.00017214751
0.00014099701
0.00042463053
0.00039020102
0.00022625102
9.017251e-05
0.0003098655
0.00010328851
0.00011476501
0.00022297203
0.0024887612
0.00063120754
0.00016886852
0.00067219505
0.00082466856
0.00015411302
0.00029674952
0.00016067101
0.00080007606
0.00034757404
0.00013443902
0.00034593453
0.0005541511
0.00011312551
0.00031806302
0.00037708503
0.0009394336
0.00037380605
0.00023936701
0.00035577154
0.0009804211
0.00052627956
0.00042299103
0.009061517
0.02117365
0.0010957557
0.6197596
0.0
7.398201e-06
8.220223e-07
0.00015782828
1.8906512e-05
2.466067e-06
4.7677295e-05
0.0
8.220223e-07
0.00014056581
0.0023682462
7.398201e-06
0.0
0.0035815511
0.0006929648
0.0786774
0.0001956413
0.00012412536
0.0
1.4796402e-05
0.0005935001
9.864268e-06
0.0
2.466067e-06
2.466067e-06
0.00019728535
5.0965384e-05
3.205887e-05
0.0
0.0014804621
0.00024578467
0.032706622
0.00016111638
0.00014467593
0.0
0.0
0.000106040876
8.4668296e-05
0.0
0.0
0.0
8.4668296e-05
8.549032e-05
0.0002540049
0.0
0.0016859678
4.603325e-05
0.0029814749
2.2194603e-05
2.4660669e-05
9.864268e-06
9.617661e-05
8.7134365e-05
1.6440446e-05
2.6304713e-05
1.3974379e-05
1.2330334e-05
3.2880891e-06
4.932134e-06
1.3974379e-05
5.754156e-06
0.00632875
0.0004274516
0.028603088
0.0004825271
0.00017837885
2.7126736e-05
0.0009790285
0.001182068
1.4796402e-05
1.068629e-05
0.0001512521
0.00015043009
1.1508312e-05
1.3974379e-05
0.0001512521
8.220223e-06
0.0013374303
5.754156e-06
2.7948758e-05
4.0279094e-05
2.877078e-05
1.7262468e-05
0.0001438539
6.822785e-05
4.932134e-06
0.0
2.466067e-06
3.2880891e-06
0.0
0.0
1.6440446e-06
1.6440446e-06
0.0047290944
0.0005269163
7.562605e-05
5.014336e-05
0.00013316762
9.617661e-05
0.00027373343
0.00017180266
0.00014467593
0.00010521885
3.205887e-05
5.2609426e-05
8.2202234e-05
3.205887e-05
7.7270095e-05
0.0001512521
0.00664605
0.0010020452
0.00022605613
0.00018002288
9.042245e-05
7.9736164e-05
0.0004677307
0.00033045295
0.00012576941
0.00012330334
4.603325e-05
3.4524935e-05
5.9185608e-05
2.877078e-05
4.4389206e-05
0.00061651674
0.006340258
0.00019317525
0.00017920087
0.00021783591
0.0005976102
0.0006033644
0.00184133
0.0011458991
0.00013152357
0.00014631997
6.082965e-05
7.233796e-05
7.233796e-05
6.165167e-05
5.0965384e-05
6.9871894e-05
0.0037854128
0.00017015862
0.00014878604
0.00051047583
0.00038552846
0.00037484217
0.0013571589
0.00076448073
0.00021208175
0.00010028672
6.082965e-05
5.014336e-05
7.7270095e-05
6.9871894e-05
8.795639e-05
0.0002622251
0.0018257116
0.00021454782
8.4668296e-05
0.0006452875
0.00028935185
0.0002622251
0.00073488796
0.0004167653
5.014336e-05
6.822785e-05
0.00019728535
5.4253473e-05
4.7677295e-05
5.1787407e-05
5.5075496e-05
5.2609426e-05
0.0027069196
0.00056144124
0.0002909959
0.0026666403
0.00056555134
0.00044471407
0.0014484033
0.00092641916
0.00029346196
0.00031401252
0.000368266
0.0002540049
0.00021619187
0.00025236086
0.00022523411
0.00024989477
0.0
0.0
0.0
0.0
0.0
0.0
0.0
0.0
0.0
0.0
0.0
0.0
0.0
0.0
0.0
0.0
0.009452434
0.0029707886
0.0015577322
0.0012659143
0.003020932
0.0031623198
0.001216593
0.0023065945
0.0070858323
0.00069378683
0.0004570444
0.00086723355
0.002505524
0.0009930029
0.0018511942
0.0043641166
0.015361131
0.0056916825
0.0026954112
0.002509634
0.005593862
0.007246949
0.0030127116
0.0036390927
0.011005235
0.0014475813
0.0012354995
0.0015166311
0.0043616504
0.0022539853
0.003762396
0.00947463
0.001029994
0.00074886234
0.00069460884
0.00069543085
0.00068145647
0.00067899044
0.0008696996
0.00067899044
0.0006699482
0.0006567958
0.000661728
0.0008450389
0.0006699482
0.0008516151
0.00067981245
0.00067159225
2953.0
160.41077
473693.0
0.0001963297
2.7443935e-05
2.111072e-05
1.4777504e-05
9.077609e-05
1.6888576e-05
8.444288e-06
2.3221792e-05
5.488787e-05
1.8999648e-05
0.00014566396
6.966537e-05
6.966537e-05
2.7443935e-05
0.98129165
2.111072e-05
0.00018366326
0.000101331454
0.00017099682
0.00019844076
0.00020266291
0.00020266291
0.00015199718
0.000120331104
0.00017521897
0.00014144182
0.00012244217
0.00011188681
0.00013510861
0.0001731079
0.00012455325
0.00014144182
0.00014988611
0.00017099682
5.27768e-05
0.0002554397
0.00017733005
0.000107664666
0.00013721967
0.00020055183
9.077609e-05
0.00018788541
3.5888224e-05
4.8554655e-05
0.00013721967
0.000107664666
6.7554305e-05
9.4998235e-05
0.00025755077
0.000101331454
8.0220736e-05
0.00051299046
0.00013088646
8.0220736e-05
0.00025121757
0.0003398826
6.1221086e-05
4.222144e-05
3.3777153e-05
4.0110368e-05
3.5888224e-05
4.222144e-05
4.433251e-05
9.710931e-05
4.433251e-05
0.0005784337
0.00011188681
0.0005467676
0.0003694376
0.0014925279
0.00010344252
0.00017944112
0.00023432898
0.0007684302
0.00010977574
0.0001055536
0.00056998944
0.00020266291
0.00076420803
0.0006713209
0.0004602137
1.8999648e-05
0.00085498416
0.00052354584
0.0012413103
0.00021532933
0.0002111072
0.00011188681
0.00013299753
0.00015410825
0.00021955148
1.6888576e-05
0.00018788541
1.055536e-05
2.7443935e-05
3.166608e-05
0.24284929
0.0
0.0
0.0
2.0
609942.0
135168.0
0.0
39.0
139.0
1.0
1.0
0.0
0.0
0.0
1307629700.0
0.0
0.0
0.0
0.0
0.0
1.0
0.0
0.0
0.0
0.0
-1.0
0.0
-1.0
1.0
-1.0
-1.0
0.0
0.0
0.0
0.0
0.0
0.0
0.0
0.0
0.0
0.0
0.0
0.0
-1.0
0.0
0.0
0.0
0.0
0.0
0.0
0.0
0.0
0.0
0.0
0.0
0.0
-1.0
0.0
0.0
0.0
0.0
0.0
0.0
0.0
0.0
0.0
0.0
6.0
0.0
4.0
0.0
4.0
0.0
77824.0
4096.0
4096.0
5.0
0.0
0.0
1.0
1.0
0.0
0.0
0.0
0.0
0.0
-8192.0
0.0
0.0
0.0
0.0
0.0
0.0
0.0
0.0
24576.0
0.0
0.0
0.0
0.0
0.0
0.0
0.0
0.0
0.0
0.0
0.0
0.0
0.0
0.0
0.0
0.0
0.0
-12288.0
0.0
0.0
0.0
0.0
0.0
0.0
0.0
0.0
-77824.0
0.0
4096.0
0.0
0.0
0.0
0.0
0.0
0.0
0.0
0.0
0.0
0.0
0.0
-6.3716784
0.0
0.0
0.0
0.0
0.0
0.0
0.0
0.0
6.445061
0.0
0.0
0.0
0.0
0.0
0.0
0.0
0.0
0.0
0.0
0.0
0.0
0.0
0.0
0.0
0.0
0.0
-3.7103977
0.0
0.0
0.0
0.0
0.0
0.0
0.0
0.0
-6.621935
0.0
3.3983302
0.0
0.0
0.0
0.0
0.0
0.0
0.0
0.0
0.0
0.0
0.0
-5036.0
0.0
0.0
0.0
0.0
0.0
0.0
0.0
0.0
22571.0
0.0
0.0
0.0
0.0
0.0
0.0
0.0
0.0
0.0
0.0
0.0
0.0
0.0
0.0
0.0
0.0
0.0
-13089.0
0.0
0.0
0.0
0.0
0.0
0.0
0.0
0.0
-75346.0
0.0
1048.0
0.0
0.0
0.0
0.0
0.0
0.0
0.0
0.0
0.0
-1.0
0.0
0.0
0.0
0.0
0.0
1.0
0.0
0.0
0.0
0.0
0.0
0.0
0.0
0.0
0.0
0.0
0.0
0.0
0.0
0.0
0.0
0.0
0.0
0.0
0.0
0.0
0.0
0.0
0.0
0.0
0.0
0.0
0.0
0.0
0.0
-2.0
0.0
0.0
0.0
1.0
0.0
0.0
0.0
0.0
0.0
0.0
0.0
0.0
0.0
0.0
0.0
0.0
0.0
0.0
0.0
0.0
0.0
0.0
0.0
-1.0
0.0
0.0
0.0
0.0
0.0
0.0
0.0
0.0
0.0
1.0
0.0
0.0
0.0
0.0
1.0
0.0
0.0
0.0
0.0
0.0
0.0
0.0
0.0
0.0
0.0
0.0
0.0
0.0
0.0
0.0
0.0
0.0
0.0
0.0
0.0
0.0
0.0
0.0
0.0
0.0
0.0
0.0
0.0
0.0
0.0
0.0
0.0
0.0
0.0
0.0
0.0
0.0
0.0
0.0
0.0
0.0
0.0
0.0
0.0
0.0
0.0
0.0
0.0
0.0
0.0
0.0
-1.0
0.0
0.0
0.0
0.0
0.0
0.0
0.0
0.0
0.0
0.0
0.0
0.0
0.0
0.0
0.0
0.0
0.0
0.0
0.0
0.0
-1.0
0.0
0.0
0.0
0.0
0.0
0.0
0.0
0.0
0.0
0.0
0.0
0.0
0.0
0.0
0.0
0.0
0.0
0.0
0.0
0.0
0.0
0.0
0.0
0.0
0.0
0.0
0.0
0.0
0.0
0.0
0.0
0.0
0.0
0.0
0.0
0.0
0.0
0.0
0.0
0.0
0.0
0.0
0.0
0.0
0.0
0.0
0.0
0.0
0.0
0.0
0.0
0.0
0.0
0.0
0.0
0.0
0.0
0.0
0.0
0.0
0.0
0.0
0.0
0.0
0.0
1.0
0.0
0.0
0.0
0.0
0.0
0.0
0.0
0.0
0.0
0.0
0.0
0.0
0.0
0.0
0.0
0.0
0.0
0.0
0.0
0.0
0.0
0.0
0.0
0.0
0.0
0.0
0.0
0.0
0.0
0.0
0.0
0.0
0.0
0.0
0.0
0.0
0.0
0.0
0.0
0.0
0.0
0.0
0.0
0.0
0.0
0.0
0.0
0.0
0.0
0.0
0.0
0.0
0.0
0.0
0.0
0.0
0.0
0.0
0.0
0.0
0.0
0.0
0.0
0.0
0.0
0.0
0.0
0.0
0.0
0.0
0.0
0.0
0.0
0.0
0.0
0.0
0.0
0.0
0.0
0.0
0.0
0.0
0.0
1.0
0.0
0.0
0.0
0.0
0.0
0.0
0.0
0.0
0.0
0.0
0.0
0.0
0.0
0.0
0.0
0.0
0.0
0.0
0.0
0.0
0.0
0.0
0.0
0.0
0.0
0.0
0.0
0.0
0.0
0.0
0.0
0.0
0.0
0.0
0.0
0.0
0.0
0.0
0.0
0.0
0.0
0.0
0.0
0.0
0.0
0.0
0.0
0.0
0.0
0.0
0.0
0.0
0.0
0.0
0.0
-1.0
0.0
-1.0
0.0
0.0
0.0
0.0
0.0
0.0
0.0
0.0
0.0
0.0
0.0
0.0
0.0
0.0
0.0
0.0
0.0
0.0
0.0
0.0
0.0
0.0
0.0
0.0
0.0
0.0
0.0
0.0
0.0
0.0
0.0
0.0
0.0
0.0
0.0
0.0
0.0
0.0
0.0
0.0
0.0
0.0
0.0
0.0
0.0
0.0
0.0
0.0
0.0
-2.0
0.0
0.0
0.0
0.0
0.0
0.0
0.0
0.0
0.0
0.0
1.0
0.0
0.0
1.0
0.0
0.0
0.0
1.0
0.0
0.0
1.0
0.0
0.0
0.0
0.0
0.0
0.0
0.0
0.0
0.0
0.0
0.0
0.0
1.0
0.0
0.0
0.0
1.0
0.0
0.0
0.0
0.0
-1.0
0.0
0.0
0.0
0.0
0.0
1.0
0.0
1.0
0.0
0.0
0.0
0.0
0.0
0.0
0.0
0.0
0.0
0.0
0.0
0.0
0.0
0.0
0.0
0.0
0.0
0.0
0.0
0.0
0.0
1.0
0.0
0.0
0.0
0.0
0.0
0.0
0.0
0.0
0.0
0.0
0.0
0.0
0.0
0.0
0.0
0.0
0.0
0.0
0.0
0.0
0.0
0.0
0.0
0.0
0.0
0.0
0.0
0.0
0.0
0.0
0.0
0.0
0.0
0.0
0.0
0.0
0.0
0.0
0.0
0.0
0.0
1.0
0.0
0.0
0.0
-1.0
0.0
0.0
0.0
0.0
0.0
-1.0
0.0
0.0
0.0
0.0
0.0
0.0
-1.0
0.0
0.0
-1.0
0.0
0.0
0.0
0.0
0.0
0.0
0.0
0.0
0.0
0.0
0.0
0.0
-1.0
0.0
0.0
0.0
0.0
0.0
0.0
0.0
0.0
0.0
0.0
0.0
0.0
0.0
0.0
0.0
0.0
0.0
-1.0
0.0
0.0
0.0
0.0
0.0
0.0
0.0
0.0
0.0
0.0
0.0
0.0
-1.0
0.0
0.0
0.0
0.0
-1.0
1.0
0.0
0.0
0.0
0.0
0.0
0.0
0.0
0.0
0.0
0.0
0.0
0.0
-1.0
1.0
0.0
-1.0
0.0
0.0
-1.0
1.0
0.0
0.0
-1.0
0.0
0.0
0.0
0.0
0.0
0.0
0.0
0.0
-1.0
0.0
0.0
0.0
0.0
0.0
0.0
1.0
0.0
0.0
-1.0
0.0
0.0
-2.0
1.0
0.0
0.0
0.0
0.0
0.0
0.0
0.0
0.0
-1.0
0.0
1.0
0.0
0.0
0.0
0.0
0.0
0.0
0.0
0.0
0.0
0.0
0.0
0.0
0.0
0.0
1.0
0.0
0.0
0.0
0.0
0.0
0.0
0.0
0.0
0.0
0.0
0.0
0.0
0.0
0.0
0.0
-1.0
0.0
0.0
0.0
0.0
0.0
0.0
1.0
0.0
0.0
0.0
0.0
0.0
0.0
0.0
0.0
0.0
0.0
0.0
0.0
0.0
1.0
0.0
0.0
0.0
0.0
0.0
0.0
0.0
0.0
0.0
0.0
1.0
-1.0
0.0
-1.0
0.0
0.0
0.0
0.0
0.0
0.0
0.0
0.0
0.0
0.0
0.0
0.0
0.0
0.0
0.0
0.0
0.0
0.0
0.0
-1.0
1.0
0.0
0.0
1.0
0.0
0.0
-1.0
0.0
0.0
0.0
0.0
-1.0
0.0
0.0
0.0
0.0
0.0
-1.0
0.0
0.0
-1.0
0.0
0.0
0.0
0.0
0.0
0.0
0.0
0.0
0.0
0.0
0.0
0.0
0.0
0.0
0.0
0.0
0.0
0.0
0.0
0.0
0.0
0.0
0.0
0.0
0.0
1.0
0.0
0.0
0.0
0.0
0.0
0.0
0.0
0.0
0.0
-1.0
0.0
-1.0
0.0
1.0
0.0
0.0
0.0
1.0
0.0
0.0
0.0
0.0
0.0
0.0
0.0
0.0
0.0
0.0
0.0
0.0
0.0
-1.0
0.0
0.0
1.0
0.0
0.0
0.0
1.0
0.0
0.0
0.0
0.0
0.0
0.0
0.0
0.0
-1.0
0.0
0.0
0.0
-1.0
0.0
0.0
0.0
0.0
0.0
-1.0
0.0
0.0
0.0
0.0
0.0
0.0
0.0
1.0
1.0
0.0
0.0
0.0
0.0
0.0
0.0
0.0
0.0
0.0
0.0
0.0
1.0
0.0
0.0
0.0
0.0
0.0
0.0
0.0
0.0
0.0
0.0
0.0
0.0
0.0
0.0
0.0
0.0
0.0
1.0
0.0
0.0
0.0
0.0
0.0
-1.0
0.0
0.0
-1.0
1.0
0.0
0.0
1.0
0.0
0.0
0.0
0.0
0.0
0.0
0.0
1.0
0.0
1.0
0.0
0.0
0.0
0.0
0.0
0.0
0.0
0.0
0.0
0.0
0.0
0.0
0.0
0.0
0.0
0.0
1.0
0.0
0.0
0.0
0.0
0.0
0.0
0.0
0.0
0.0
0.0
0.0
0.0
0.0
0.0
0.0
-1.0
0.0
0.0
0.0
0.0
0.0
0.0
0.0
0.0
0.0
0.0
0.0
0.0
0.0
0.0
1.0
0.0
0.0
0.0
0.0
0.0
0.0
0.0
0.0
0.0
1.0
0.0
0.0
0.0
0.0
0.0
-1.0
0.0
0.0
0.0
0.0
0.0
0.0
0.0
0.0
-1.0
0.0
0.0
0.0
0.0
0.0
0.0
0.0
0.0
-1.0
-1.0
0.0
1.0
0.0
0.0
0.0
1.0
0.0
2.0
0.0
0.0
0.0
0.0
0.0
0.0
0.0
0.0
0.0
0.0
0.0
0.0
0.0
0.0
0.0
0.0
0.0
0.0
0.0
0.0
0.0
0.0
0.0
0.0
0.0
0.0
0.0
0.0
0.0
0.0
0.0
0.0
0.0
0.0
0.0
0.0
0.0
0.0
0.0
0.0
0.0
0.0
0.0
0.0
0.0
0.0
0.0
0.0
0.0
0.0
0.0
0.0
0.0
0.0
0.0
0.0
0.0
0.0
0.0
0.0
0.0
0.0
1.0
0.0
0.0
0.0
0.0
0.0
0.0
0.0
0.0
0.0
0.0
0.0
0.0
0.0
0.0
0.0
0.0
0.0
0.0
0.0
1.0
0.0
0.0
1.0
0.0
0.0
0.0
0.0
0.0
1.0
0.0
0.0
0.0
0.0
0.0
0.0
0.0
0.0
0.0
-1.0
0.0
0.0
0.0
0.0
1.0
0.0
0.0
0.0
0.0
0.0
0.0
0.0
1.0
-1.0
0.0
0.0
0.0
0.0
0.0
0.0
0.0
0.0
0.0
0.0
0.0
0.0
-1.0
0.0
1.0
0.0
1.0
0.0
1.0
0.0
0.0
0.0
0.0
0.0
0.0
0.0
0.0
0.0
0.0
-1.0
0.0
0.0
0.0
0.0
0.0
0.0
0.0
0.0
-1.0
-1.0
0.0
0.0
0.0
0.0
0.0
0.0
0.0
0.0
0.0
1.0
0.0
0.0
0.0
0.0
1.0
0.0
0.0
-1.0
0.0
0.0
0.0
0.0
-1.0
0.0
0.0
0.0
0.0
0.0
0.0
0.0
0.0
0.0
0.0
-1.0
0.0
0.0
0.0
0.0
0.0
0.0
0.0
0.0
0.0
0.0
0.0
0.0
0.0
0.0
0.0
0.0
0.0
0.0
0.0
0.0
0.0
0.0
0.0
0.0
0.0
1.0
0.0
0.0
0.0
0.0
0.0
1.0
0.0
0.0
0.0
0.0
0.0
-1.0
0.0
0.0
0.0
0.0
0.0
0.0
0.0
0.0
-1.0
0.0
0.0
0.0
1.0
0.0
0.0
0.0
0.0
0.0
0.0
0.0
0.0
0.0
0.0
0.0
0.0
-1.0
0.0
-1.0
0.0
0.0
0.0
0.0
0.0
0.0
-1.0
0.0
0.0
0.0
0.0
0.0
0.0
0.0
0.0
1.0
-1.0
0.0
0.0
0.0
0.0
0.0
-2.0
0.0
0.0
0.0
0.0
0.0
0.0
0.0
0.0
0.0
0.0
0.0
0.0
0.0
0.0
0.0
0.0
1.0
0.0
0.0
0.0
0.0
0.0
0.0
0.0
0.0
0.0
0.0
-1.0
0.0
0.0
0.0
0.0
-1.0
0.0
0.0
-2.0
0.0
0.0
0.0
0.0
0.0
-2.0
0.0
-1.0
0.0
0.0
0.0
0.0
0.0
2.0
0.0
0.0
0.0
0.0
0.0
0.0
0.0
0.0
0.0
0.0
0.0
0.0
1.0
0.0
0.0
0.0
-1.0
0.0
0.0
0.0
0.0
-1.0
0.0
0.0
0.0
0.0
-1.0
0.0
-1.0
0.0
0.0
0.0
0.0
0.0
0.0
0.0
0.0
0.0
0.0
0.0
0.0
0.0
1.0
0.0
0.0
0.0
0.0
0.0
0.0
0.0
0.0
0.0
0.0
0.0
0.0
0.0
-1.0
1.0
0.0
0.0
0.0
0.0
0.0
0.0
-1.0
1.0
0.0
0.0
0.0
0.0
0.0
0.0
0.0
0.0
0.0
0.0
0.0
1.0
0.0
0.0
0.0
0.0
-1.0
0.0
1.0
0.0
0.0
0.0
0.0
0.0
1.0
-1.0
0.0
0.0
0.0
0.0
0.0
0.0
0.0
0.0
-1.0
-2.0
0.0
0.0
0.0
0.0
0.0
0.0
0.0
0.0
0.0
0.0
1.0
1.0
1.0
-1.0
0.0
0.0
-1.0
0.0
0.0
-2.0
1.0
0.0
0.0
-1.0
0.0
0.0
-1.0
0.0
1.0
0.0
1.0
0.0
0.0
0.0
0.0
0.0
0.0
0.0
0.0
0.0
1.0
0.0
0.0
-1.0
0.0
2.0
0.0
0.0
1.0
0.0
0.0
0.0
0.0
0.0
1.0
0.0
-1.0
0.0
-1.0
0.0
0.0
0.0
0.0
0.0
0.0
-1.0
-1.0
0.0
0.0
0.0
1.0
0.0
0.0
0.0
0.0
0.0
0.0
0.0
0.0
0.0
0.0
1115.0
103376.0
100.0
100440.0
1048.0
122880.0
0.0
0.0
0.0
0.0
4484.0
126976.0
0.0
0.0
0.0
0.0
0.0
0.0
0.0
0.0
0.0
0.0
0.0
0.0
572.0
81920.0
0.0
0.0
0.0
0.0
