0.040180992
0.0045392714
0.0011731676
0.000999508
0.0011065981
0.00039266385
0.0002527713
0.00038301607
0.0017983426
0.0004341492
0.00021514506
0.00030004536
0.0010361695
0.0002807498
0.00026048953
0.0005682531
0.0043164077
0.00016690625
0.00017848356
0.00017365969
0.00083067216
0.0006512238
0.000435114
0.00015725849
0.00060684414
0.0001890961
0.0015089097
0.00017365969
0.0005094017
0.00018620177
0.00016401193
0.00011384357
0.000491071
0.00013796297
6.8499096e-05
0.00011770268
0.0011808858
0.00012927999
0.00017269491
8.104119e-05
0.00027882028
9.358327e-05
0.0001890961
0.0004872119
0.00032705907
9.840715e-05
0.85111964
7.139343e-05
0.00040906505
0.00022286327
0.00030197488
0.0008432142
0.00032319996
0.0003212704
0.00024022923
0.00020839162
0.0005364155
0.0003251295
0.00025663042
0.0007042865
0.00032319996
0.00034731938
0.00019970864
0.0005007188
0.0010776548
0.000499754
0.0002662782
0.00034249548
0.0006512238
0.0010795844
0.0006772728
0.00021900416
0.0004100298
0.0001890961
0.00011384357
0.00027399638
0.00042353667
0.00057886564
0.00031741132
0.00015243462
0.0013535807
0.00034056595
0.0001408573
0.0009232907
0.00040520594
0.0005402746
0.001111422
0.0007592787
0.00030390444
0.00037336833
0.00013024476
0.000305834
0.00025084175
0.000379157
0.00042739577
0.00038301607
0.00015532895
0.000361791
0.00019006088
0.00035793192
0.000370474
0.000956093
0.0005682531
0.00016980058
0.00087987573
0.0005364155
0.0007120047
0.0001688358
0.0005605349
0.00016304715
0.0005065074
0.00060877367
0.00041678324
0.00014664595
0.00065894204
0.00047274024
0.0016198589
0.0011094924
0.0003781922
0.00019488476
0.0005827247
0.00021610982
9.26185e-05
7.428775e-05
0.0003743331
0.00035214325
0.00030872834
0.00010516059
0.00032995341
0.0003106579
0.00012927999
0.0012310542
0.00038494563
0.0010660775
0.00022382804
0.00013024476
0.00045151517
0.0018465813
0.00036372055
0.004084862
0.00014375163
0.0012474554
0.00015050506
0.00015436417
0.0006242101
0.00011770268
0.0001485755
0.00014664595
0.00017462447
0.00012252656
0.00016015282
7.7182085e-05
0.00030293968
0.000110949244
6.946387e-05
0.00010033671
0.00014664595
6.078089e-05
0.00012831521
0.00016594147
0.00027592594
8.875939e-05
9.937193e-05
0.00010033671
0.000106125364
0.0001890961
0.00010516059
6.271044e-05
0.00024505312
0.00011191402
8.7794615e-05
0.00015050506
0.00017462447
0.00010323103
0.00020839162
9.26185e-05
0.00025180654
9.840715e-05
6.946387e-05
6.3675216e-05
0.00014954028
0.00010323103
7.042865e-05
8.2005965e-05
0.0005624644
0.00020646206
9.26185e-05
0.00013410387
0.00024891223
9.1653725e-05
0.00015629371
0.0001408573
0.00077182084
0.00038494563
0.00038783997
0.0005586053
0.00038976953
0.00015918804
0.0002537361
0.00051326083
0.00036468534
0.00048238802
0.00019391999
0.00015243462
0.00025663042
8.104119e-05
0.0001813779
0.00013506865
0.00029136235
0.0026762886
0.00023444058
0.00045537428
0.00013989252
7.525253e-05
0.00028460892
0.0003067988
0.000297151
0.00014954028
0.000115773124
0.00014568117
0.00020742684
9.937193e-05
0.000101301484
8.2970735e-05
0.00029522146
0.00023251103
0.0001331391
5.3062682e-05
0.00018234267
6.078089e-05
0.0001611176
0.00013120954
0.0015610076
0.00041678324
0.00014471641
0.00044090266
0.00048528233
0.00013603341
0.00017462447
9.454805e-05
0.0005614996
0.00020453252
0.000101301484
0.00020356775
0.0003260943
6.656955e-05
0.0002093564
0.00022189849
0.00055281667
0.00021996893
0.0001408573
0.0002093564
0.0006222805
0.00035503757
0.00024891223
0.005332317
0.015390277
0.0019038622
0.7706194
6.954748e-05
4.3467176e-06
4.3467175e-05
0.00023182493
0.00015696479
1.4489058e-06
0.000112048714
3.863749e-05
8.355357e-05
0.00016082854
0.0024699015
5.3126546e-06
4.3467176e-06
0.002368961
0.0004689625
0.05172642
0.0001753176
0.0
1.2557183e-05
0.0
0.00035401597
5.795623e-06
0.0
0.0
0.0
0.000115912466
2.704624e-05
0.00012315699
1.2557183e-05
0.0008142851
0.00013474823
0.018301612
7.196232e-05
0.0
2.752921e-05
0.0
8.162169e-05
4.9745766e-05
0.0
0.0
0.0
4.9745766e-05
5.0228733e-05
0.00017338572
2.752921e-05
0.00087755395
9.176403e-06
1.1591246e-05
2.414843e-06
9.176403e-06
5.795623e-06
2.4631398e-05
8.693435e-06
9.659372e-06
1.5454994e-05
2.8978116e-06
1.9318743e-06
1.9318743e-06
1.9318743e-06
2.8978116e-06
3.38078e-06
0.0020956008
7.727497e-06
0.00051194674
0.000121225115
2.3665461e-05
1.5937963e-05
8.8383254e-05
4.5399047e-05
8.693435e-06
6.2785916e-06
7.727497e-06
7.244529e-06
6.76156e-06
8.210466e-06
7.727497e-06
4.829686e-06
0.00085292256
4.781389e-05
0.0016242234
5.3609514e-05
4.6364985e-05
3.1875927e-05
9.659372e-05
5.6990295e-05
3.477374e-05
1.9318744e-05
1.8352806e-05
1.4006089e-05
9.659372e-06
2.414843e-05
2.6080304e-05
1.0625309e-05
0.0027785182
0.00030958286
4.443311e-05
2.9461084e-05
7.824091e-05
5.6507324e-05
0.00016082854
0.00010094044
8.500247e-05
6.181998e-05
1.8835775e-05
3.090999e-05
4.829686e-05
1.8835775e-05
4.5399047e-05
8.886622e-05
0.003904801
0.0005887387
0.00013281636
0.00010577012
5.3126547e-05
4.6847952e-05
0.00027480914
0.00019415337
7.3894196e-05
7.244529e-05
2.704624e-05
2.028468e-05
3.477374e-05
1.6903901e-05
2.6080304e-05
0.00036222645
0.003768121
0.00015310105
0.0007659882
0.00015310105
0.0003800963
0.00037623252
0.0010939238
0.0006901621
0.00010866793
0.00010528715
5.2643576e-05
5.4575452e-05
5.216061e-05
5.7956233e-05
5.0228733e-05
5.0711704e-05
0.0028731802
0.0007490843
0.008540333
0.00070561713
0.00071286166
0.00058535795
0.001000228
0.0007331463
0.00065152464
0.00038347708
0.00031972522
0.0002323079
0.0002076765
0.00040617658
0.00037623252
0.00031634443
0.0010726732
0.0001260548
4.9745766e-05
0.00037913036
0.00017000495
0.00015406698
0.00043177392
0.00024486508
2.9461084e-05
4.0086394e-05
0.000115912466
3.1875927e-05
2.8012179e-05
3.0427022e-05
3.2358897e-05
3.090999e-05
0.0015904156
0.00032986756
0.00017097089
0.0015667501
0.0003322824
0.000261286
0.00085099065
0.0005443056
0.0001724198
0.000184494
0.00021636992
0.0001492373
0.00012702074
0.00014827136
0.0001323334
0.00014682245
0.0
0.0
0.0
0.0
0.0
0.0
0.0
0.0
0.0
0.0
0.0
0.0
0.0
0.0
0.0
0.0
0.005553656
0.0017454484
0.0009152255
0.0007437716
0.0017749096
0.0018579802
0.0007147935
0.0013552099
0.0041631893
0.00040762548
0.00026853054
0.0005095319
0.0014720883
0.00058342604
0.0010876453
0.0025640803
0.009025234
0.0033440746
0.001583654
0.0014745031
0.0032866013
0.0042578513
0.00177008
0.002138102
0.0064659836
0.0008505077
0.0007259018
0.00089107704
0.0025626314
0.0013242998
0.0022105472
0.005566696
0.0006051597
0.0004399844
0.00040810846
0.00040859144
0.00040038096
0.00039893205
0.0005109808
0.00039893205
0.0003936194
0.0003858919
0.00038878972
0.00049649173
0.0003936194
0.00050035544
0.00039941503
0.00039458534
4698.0
189.72797
891342.0
0.00010433706
1.458475e-05
1.1219038e-05
7.853327e-06
4.8241865e-05
8.97523e-06
4.487615e-06
3.1413307e-05
2.91695e-05
1.0097135e-05
7.7411365e-05
3.7022826e-05
3.7022826e-05
1.458475e-05
0.9896101
1.1219038e-05
9.760563e-05
5.3851385e-05
9.087421e-05
0.00010545896
0.00010770277
0.00010770277
8.077708e-05
6.3948515e-05
0.00016940747
7.5167554e-05
6.5070424e-05
5.94609e-05
7.180184e-05
9.199612e-05
6.6192326e-05
7.5167554e-05
7.965517e-05
9.087421e-05
2.8047596e-05
0.00013575036
9.423992e-05
5.7217094e-05
7.292375e-05
0.00010658086
4.8241865e-05
9.984944e-05
1.9072366e-05
7.853327e-05
7.292375e-05
5.7217094e-05
3.590092e-05
5.0485673e-05
0.00013687227
5.3851385e-05
4.2632346e-05
0.00029842643
6.955804e-05
4.2632346e-05
0.00013350656
0.00018062652
3.2535212e-05
2.2438076e-05
1.795046e-05
2.1316173e-05
1.9072366e-05
2.2438076e-05
2.355998e-05
9.648373e-05
2.355998e-05
0.00030740164
8.302088e-05
0.00029057308
0.00019633317
0.000793186
5.4973287e-05
9.536182e-05
0.00012453132
0.000408373
5.8339e-05
5.6095192e-05
0.00030291404
0.00010770277
0.0004061292
0.0004947596
0.00024457503
1.0097135e-05
0.0005306605
0.00027823215
0.00074830983
0.00011443419
0.000112190384
5.94609e-05
7.067994e-05
8.189898e-05
1.9072366e-05
8.97523e-06
9.984944e-05
5.609519e-06
1.458475e-05
1.6828557e-05
0.14341088
0.0
0.0
0.0
2.0
1036510.0
135168.0
0.0
39.0
139.0
1.0
1.0
0.0
0.0
0.0
1307629700.0
0.0
0.0
0.0
0.0
0.0
1.0
0.0
0.0
0.0
0.0
-1.0
0.0
-1.0
1.0
-1.0
-1.0
0.0
0.0
0.0
0.0
0.0
0.0
0.0
0.0
0.0
0.0
0.0
0.0
-1.0
0.0
0.0
0.0
0.0
0.0
0.0
0.0
0.0
0.0
0.0
0.0
0.0
-1.0
0.0
0.0
0.0
0.0
0.0
0.0
0.0
0.0
0.0
0.0
6.0
0.0
4.0
0.0
4.0
0.0
77824.0
4096.0
4096.0
5.0
0.0
0.0
1.0
1.0
0.0
0.0
0.0
0.0
0.0
-8192.0
0.0
0.0
0.0
0.0
0.0
0.0
0.0
0.0
24576.0
0.0
0.0
0.0
0.0
0.0
0.0
0.0
0.0
0.0
0.0
0.0
0.0
0.0
0.0
0.0
0.0
0.0
-12288.0
0.0
0.0
0.0
0.0
0.0
0.0
0.0
0.0
-77824.0
0.0
4096.0
0.0
0.0
0.0
0.0
0.0
0.0
0.0
0.0
0.0
0.0
0.0
-6.3716784
0.0
0.0
0.0
0.0
0.0
0.0
0.0
0.0
6.445061
0.0
0.0
0.0
0.0
0.0
0.0
0.0
0.0
0.0
0.0
0.0
0.0
0.0
0.0
0.0
0.0
0.0
-3.7103977
0.0
0.0
0.0
0.0
0.0
0.0
0.0
0.0
-6.621935
0.0
3.3983302
0.0
0.0
0.0
0.0
0.0
0.0
0.0
0.0
0.0
0.0
0.0
-5036.0
0.0
0.0
0.0
0.0
0.0
0.0
0.0
0.0
22571.0
0.0
0.0
0.0
0.0
0.0
0.0
0.0
0.0
0.0
0.0
0.0
0.0
0.0
0.0
0.0
0.0
0.0
-13089.0
0.0
0.0
0.0
0.0
0.0
0.0
0.0
0.0
-75346.0
0.0
1048.0
0.0
0.0
0.0
0.0
0.0
0.0
0.0
0.0
0.0
-1.0
0.0
0.0
0.0
0.0
0.0
1.0
0.0
0.0
0.0
0.0
0.0
0.0
0.0
0.0
0.0
0.0
0.0
0.0
0.0
0.0
0.0
0.0
0.0
0.0
0.0
0.0
0.0
0.0
0.0
0.0
0.0
0.0
0.0
0.0
0.0
-2.0
0.0
0.0
0.0
1.0
0.0
0.0
0.0
0.0
0.0
0.0
0.0
0.0
0.0
0.0
0.0
0.0
0.0
0.0
0.0
0.0
0.0
0.0
0.0
-1.0
0.0
0.0
0.0
0.0
0.0
0.0
0.0
0.0
0.0
1.0
0.0
0.0
0.0
0.0
1.0
0.0
0.0
0.0
0.0
0.0
0.0
0.0
0.0
0.0
0.0
0.0
0.0
0.0
0.0
0.0
0.0
0.0
0.0
0.0
0.0
0.0
0.0
0.0
0.0
0.0
0.0
0.0
0.0
0.0
0.0
0.0
0.0
0.0
0.0
0.0
0.0
0.0
0.0
0.0
0.0
0.0
0.0
0.0
0.0
0.0
0.0
0.0
0.0
0.0
0.0
0.0
-1.0
0.0
0.0
0.0
0.0
0.0
0.0
0.0
0.0
0.0
0.0
0.0
0.0
0.0
0.0
0.0
0.0
0.0
0.0
0.0
0.0
-1.0
0.0
0.0
0.0
0.0
0.0
0.0
0.0
0.0
0.0
0.0
0.0
0.0
0.0
0.0
0.0
0.0
0.0
0.0
0.0
0.0
0.0
0.0
0.0
0.0
0.0
0.0
0.0
0.0
0.0
0.0
0.0
0.0
0.0
0.0
0.0
0.0
0.0
0.0
0.0
0.0
0.0
0.0
0.0
0.0
0.0
0.0
0.0
0.0
0.0
0.0
0.0
0.0
0.0
0.0
0.0
0.0
0.0
0.0
0.0
0.0
0.0
0.0
0.0
0.0
0.0
1.0
0.0
0.0
0.0
0.0
0.0
0.0
0.0
0.0
0.0
0.0
0.0
0.0
0.0
0.0
0.0
0.0
0.0
0.0
0.0
0.0
0.0
0.0
0.0
0.0
0.0
0.0
0.0
0.0
0.0
0.0
0.0
0.0
0.0
0.0
0.0
0.0
0.0
0.0
0.0
0.0
0.0
0.0
0.0
0.0
0.0
0.0
0.0
0.0
0.0
0.0
0.0
0.0
0.0
0.0
0.0
0.0
0.0
0.0
0.0
0.0
0.0
0.0
0.0
0.0
0.0
0.0
0.0
0.0
0.0
0.0
0.0
0.0
0.0
0.0
0.0
0.0
0.0
0.0
0.0
0.0
0.0
0.0
0.0
1.0
0.0
0.0
0.0
0.0
0.0
0.0
0.0
0.0
0.0
0.0
0.0
0.0
0.0
0.0
0.0
0.0
0.0
0.0
0.0
0.0
0.0
0.0
0.0
0.0
0.0
0.0
0.0
0.0
0.0
0.0
0.0
0.0
0.0
0.0
0.0
0.0
0.0
0.0
0.0
0.0
0.0
0.0
0.0
0.0
0.0
0.0
0.0
0.0
0.0
0.0
0.0
0.0
0.0
0.0
0.0
-1.0
0.0
-1.0
0.0
0.0
0.0
0.0
0.0
0.0
0.0
0.0
0.0
0.0
0.0
0.0
0.0
0.0
0.0
0.0
0.0
0.0
0.0
0.0
0.0
0.0
0.0
0.0
0.0
0.0
0.0
0.0
0.0
0.0
0.0
0.0
0.0
0.0
0.0
0.0
0.0
0.0
0.0
0.0
0.0
0.0
0.0
0.0
0.0
0.0
0.0
0.0
0.0
-2.0
0.0
0.0
0.0
0.0
0.0
0.0
0.0
0.0
0.0
0.0
1.0
0.0
0.0
1.0
0.0
0.0
0.0
1.0
0.0
0.0
1.0
0.0
0.0
0.0
0.0
0.0
0.0
0.0
0.0
0.0
0.0
0.0
0.0
1.0
0.0
0.0
0.0
1.0
0.0
0.0
0.0
0.0
-1.0
0.0
0.0
0.0
0.0
0.0
1.0
0.0
1.0
0.0
0.0
0.0
0.0
0.0
0.0
0.0
0.0
0.0
0.0
0.0
0.0
0.0
0.0
0.0
0.0
0.0
0.0
0.0
0.0
0.0
1.0
0.0
0.0
0.0
0.0
0.0
0.0
0.0
0.0
0.0
0.0
0.0
0.0
0.0
0.0
0.0
0.0
0.0
0.0
0.0
0.0
0.0
0.0
0.0
0.0
0.0
0.0
0.0
0.0
0.0
0.0
0.0
0.0
0.0
0.0
0.0
0.0
0.0
0.0
0.0
0.0
0.0
1.0
0.0
0.0
0.0
-1.0
0.0
0.0
0.0
0.0
0.0
-1.0
0.0
0.0
0.0
0.0
0.0
0.0
-1.0
0.0
0.0
-1.0
0.0
0.0
0.0
0.0
0.0
0.0
0.0
0.0
0.0
0.0
0.0
0.0
-1.0
0.0
0.0
0.0
0.0
0.0
0.0
0.0
0.0
0.0
0.0
0.0
0.0
0.0
0.0
0.0
0.0
0.0
-1.0
0.0
0.0
0.0
0.0
0.0
0.0
0.0
0.0
0.0
0.0
0.0
0.0
-1.0
0.0
0.0
0.0
0.0
-1.0
1.0
0.0
0.0
0.0
0.0
0.0
0.0
0.0
0.0
0.0
0.0
0.0
0.0
-1.0
1.0
0.0
-1.0
0.0
0.0
-1.0
1.0
0.0
0.0
-1.0
0.0
0.0
0.0
0.0
0.0
0.0
0.0
0.0
-1.0
0.0
0.0
0.0
0.0
0.0
0.0
1.0
0.0
0.0
-1.0
0.0
0.0
-2.0
1.0
0.0
0.0
0.0
0.0
0.0
0.0
0.0
0.0
-1.0
0.0
1.0
0.0
0.0
0.0
0.0
0.0
0.0
0.0
0.0
0.0
0.0
0.0
0.0
0.0
0.0
1.0
0.0
0.0
0.0
0.0
0.0
0.0
0.0
0.0
0.0
0.0
0.0
0.0
0.0
0.0
0.0
-1.0
0.0
0.0
0.0
0.0
0.0
0.0
1.0
0.0
0.0
0.0
0.0
0.0
0.0
0.0
0.0
0.0
0.0
0.0
0.0
0.0
1.0
0.0
0.0
0.0
0.0
0.0
0.0
0.0
0.0
0.0
0.0
1.0
-1.0
0.0
-1.0
0.0
0.0
0.0
0.0
0.0
0.0
0.0
0.0
0.0
0.0
0.0
0.0
0.0
0.0
0.0
0.0
0.0
0.0
0.0
-1.0
1.0
0.0
0.0
1.0
0.0
0.0
-1.0
0.0
0.0
0.0
0.0
-1.0
0.0
0.0
0.0
0.0
0.0
-1.0
0.0
0.0
-1.0
0.0
0.0
0.0
0.0
0.0
0.0
0.0
0.0
0.0
0.0
0.0
0.0
0.0
0.0
0.0
0.0
0.0
0.0
0.0
0.0
0.0
0.0
0.0
0.0
0.0
1.0
0.0
0.0
0.0
0.0
0.0
0.0
0.0
0.0
0.0
-1.0
0.0
-1.0
0.0
1.0
0.0
0.0
0.0
1.0
0.0
0.0
0.0
0.0
0.0
0.0
0.0
0.0
0.0
0.0
0.0
0.0
0.0
-1.0
0.0
0.0
1.0
0.0
0.0
0.0
1.0
0.0
0.0
0.0
0.0
0.0
0.0
0.0
0.0
-1.0
0.0
0.0
0.0
-1.0
0.0
0.0
0.0
0.0
0.0
-1.0
0.0
0.0
0.0
0.0
0.0
0.0
0.0
1.0
1.0
0.0
0.0
0.0
0.0
0.0
0.0
0.0
0.0
0.0
0.0
0.0
1.0
0.0
0.0
0.0
0.0
0.0
0.0
0.0
0.0
0.0
0.0
0.0
0.0
0.0
0.0
0.0
0.0
0.0
1.0
0.0
0.0
0.0
0.0
0.0
-1.0
0.0
0.0
-1.0
1.0
0.0
0.0
1.0
0.0
0.0
0.0
0.0
0.0
0.0
0.0
1.0
0.0
1.0
0.0
0.0
0.0
0.0
0.0
0.0
0.0
0.0
0.0
0.0
0.0
0.0
0.0
0.0
0.0
0.0
1.0
0.0
0.0
0.0
0.0
0.0
0.0
0.0
0.0
0.0
0.0
0.0
0.0
0.0
0.0
0.0
-1.0
0.0
0.0
0.0
0.0
0.0
0.0
0.0
0.0
0.0
0.0
0.0
0.0
0.0
0.0
1.0
0.0
0.0
0.0
0.0
0.0
0.0
0.0
0.0
0.0
1.0
0.0
0.0
0.0
0.0
0.0
-1.0
0.0
0.0
0.0
0.0
0.0
0.0
0.0
0.0
-1.0
0.0
0.0
0.0
0.0
0.0
0.0
0.0
0.0
-1.0
-1.0
0.0
1.0
0.0
0.0
0.0
1.0
0.0
2.0
0.0
0.0
0.0
0.0
0.0
0.0
0.0
0.0
0.0
0.0
0.0
0.0
0.0
0.0
0.0
0.0
0.0
0.0
0.0
0.0
0.0
0.0
0.0
0.0
0.0
0.0
0.0
0.0
0.0
0.0
0.0
0.0
0.0
0.0
0.0
0.0
0.0
0.0
0.0
0.0
0.0
0.0
0.0
0.0
0.0
0.0
0.0
0.0
0.0
0.0
0.0
0.0
0.0
0.0
0.0
0.0
0.0
0.0
0.0
0.0
0.0
0.0
1.0
0.0
0.0
0.0
0.0
0.0
0.0
0.0
0.0
0.0
0.0
0.0
0.0
0.0
0.0
0.0
0.0
0.0
0.0
0.0
1.0
0.0
0.0
1.0
0.0
0.0
0.0
0.0
0.0
1.0
0.0
0.0
0.0
0.0
0.0
0.0
0.0
0.0
0.0
-1.0
0.0
0.0
0.0
0.0
1.0
0.0
0.0
0.0
0.0
0.0
0.0
0.0
1.0
-1.0
0.0
0.0
0.0
0.0
0.0
0.0
0.0
0.0
0.0
0.0
0.0
0.0
-1.0
0.0
1.0
0.0
1.0
0.0
1.0
0.0
0.0
0.0
0.0
0.0
0.0
0.0
0.0
0.0
0.0
-1.0
0.0
0.0
0.0
0.0
0.0
0.0
0.0
0.0
-1.0
-1.0
0.0
0.0
0.0
0.0
0.0
0.0
0.0
0.0
0.0
1.0
0.0
0.0
0.0
0.0
1.0
0.0
0.0
-1.0
0.0
0.0
0.0
0.0
-1.0
0.0
0.0
0.0
0.0
0.0
0.0
0.0
0.0
0.0
0.0
-1.0
0.0
0.0
0.0
0.0
0.0
0.0
0.0
0.0
0.0
0.0
0.0
0.0
0.0
0.0
0.0
0.0
0.0
0.0
0.0
0.0
0.0
0.0
0.0
0.0
0.0
1.0
0.0
0.0
0.0
0.0
0.0
1.0
0.0
0.0
0.0
0.0
0.0
-1.0
0.0
0.0
0.0
0.0
0.0
0.0
0.0
0.0
-1.0
0.0
0.0
0.0
1.0
0.0
0.0
0.0
0.0
0.0
0.0
0.0
0.0
0.0
0.0
0.0
0.0
-1.0
0.0
-1.0
0.0
0.0
0.0
0.0
0.0
0.0
-1.0
0.0
0.0
0.0
0.0
0.0
0.0
0.0
0.0
1.0
-1.0
0.0
0.0
0.0
0.0
0.0
-2.0
0.0
0.0
0.0
0.0
0.0
0.0
0.0
0.0
0.0
0.0
0.0
0.0
0.0
0.0
0.0
0.0
1.0
0.0
0.0
0.0
0.0
0.0
0.0
0.0
0.0
0.0
0.0
-1.0
0.0
0.0
0.0
0.0
-1.0
0.0
0.0
-2.0
0.0
0.0
0.0
0.0
0.0
-2.0
0.0
-1.0
0.0
0.0
0.0
0.0
0.0
2.0
0.0
0.0
0.0
0.0
0.0
0.0
0.0
0.0
0.0
0.0
0.0
0.0
1.0
0.0
0.0
0.0
-1.0
0.0
0.0
0.0
0.0
-1.0
0.0
0.0
0.0
0.0
-1.0
0.0
-1.0
0.0
0.0
0.0
0.0
0.0
0.0
0.0
0.0
0.0
0.0
0.0
0.0
0.0
1.0
0.0
0.0
0.0
0.0
0.0
0.0
0.0
0.0
0.0
0.0
0.0
0.0
0.0
-1.0
1.0
0.0
0.0
0.0
0.0
0.0
0.0
-1.0
1.0
0.0
0.0
0.0
0.0
0.0
0.0
0.0
0.0
0.0
0.0
0.0
1.0
0.0
0.0
0.0
0.0
-1.0
0.0
1.0
0.0
0.0
0.0
0.0
0.0
1.0
-1.0
0.0
0.0
0.0
0.0
0.0
0.0
0.0
0.0
-1.0
-2.0
0.0
0.0
0.0
0.0
0.0
0.0
0.0
0.0
0.0
0.0
1.0
1.0
1.0
-1.0
0.0
0.0
-1.0
0.0
0.0
-2.0
1.0
0.0
0.0
-1.0
0.0
0.0
-1.0
0.0
1.0
0.0
1.0
0.0
0.0
0.0
0.0
0.0
0.0
0.0
0.0
0.0
1.0
0.0
0.0
-1.0
0.0
2.0
0.0
0.0
1.0
0.0
0.0
0.0
0.0
0.0
1.0
0.0
-1.0
0.0
-1.0
0.0
0.0
0.0
0.0
0.0
0.0
-1.0
-1.0
0.0
0.0
0.0
1.0
0.0
0.0
0.0
0.0
0.0
0.0
0.0
0.0
0.0
0.0
1115.0
103376.0
100.0
100440.0
1048.0
122880.0
0.0
0.0
0.0
0.0
4484.0
126976.0
0.0
0.0
0.0
0.0
0.0
0.0
0.0
0.0
0.0
0.0
0.0
0.0
572.0
81920.0
0.0
0.0
0.0
0.0
