0.5923651
0.007286932
0.0078125
0.0026704546
0.0034232954
0.0016690341
0.006569602
0.0019247159
0.0021946023
0.0014275569
0.00484375
0.0016690341
0.0008948864
0.0009303977
0.0013991477
0.0014985795
0.00095170457
0.002599432
0.001953125
0.0028409092
0.0013707386
0.04180398
0.0010085227
0.00097301137
0.00047585228
0.0006392045
0.000390625
0.000546875
0.00056107953
0.00071732956
0.00048295455
0.0013139205
0.009879261
0.0006605114
0.00063210225
0.00058948866
0.00039772727
0.0013494318
0.00063210225
0.000390625
0.0016122159
0.00038352274
0.0012286932
0.0016832387
0.00071732956
0.0005255682
0.0014772727
0.0002911932
0.001747159
0.0010582387
0.0008380682
0.0008096591
0.00066761364
0.00038352274
0.00027698863
0.00038352274
0.0030397726
0.0004119318
0.00046875
0.00022017045
0.00039772727
0.0004474432
0.00046875
0.0010014204
0.00081676134
0.0010866477
0.0010795455
0.0015909091
0.00064630684
0.0009303977
0.0006818182
0.00042613636
0.0004971591
0.00058948866
0.000390625
0.0002840909
0.00085227273
0.00083096593
0.00042613636
0.00046164772
0.0008380682
0.0002911932
0.0008025568
0.0011221591
0.0007102273
0.00038352274
0.00045454546
0.00030539773
0.0002627841
0.0003409091
0.0033664773
0.00014914773
0.00035511365
0.00027698863
0.0005823864
0.0014204546
0.0004119318
0.006200284
0.0013068182
0.0016548296
0.0013068182
0.006271307
0.0005184659
0.0011363636
0.00083096593
0.0026633523
0.00034801135
0.0006818182
0.0020028409
0.0015269887
0.0025852274
0.007265625
0.0015625
0.00022727273
0.0032457386
0.003877841
0.0050923293
0.0018110796
0.0009659091
0.00042613636
0.00092329545
0.001015625
0.00033380682
0.0009375
0.0009659091
0.0027414772
0.039737217
0.0016832387
0.0025071022
0.0006534091
0.00017755682
0.0009303977
0.000234375
0.0002556818
0.0002059659
0.00024857954
0.00030539773
0.000234375
0.0002059659
0.00019176137
0.00026988637
0.00036931818
0.00017755682
0.00030539773
0.00034801135
0.00021306818
0.0002627841
0.000234375
0.00022017045
0.00022727273
0.00022727273
0.00019176137
0.00036931818
0.0002840909
0.00013494318
0.00017755682
0.00024147728
0.000234375
0.00018465909
0.00024147728
0.000390625
0.0002840909
0.00024147728
0.00038352274
0.00019886364
0.00015625
0.00010653409
0.00015625
0.00024147728
0.00022017045
0.00015625
0.00022017045
0.00026988637
0.00017045454
0.00017045454
0.00022727273
0.000390625
0.00022727273
0.000113636364
0.00034801135
0.00029829546
0.00014204545
0.00022017045
0.00014914773
0.0005184659
0.00019176137
0.00015625
0.00022727273
0.00022017045
0.00017755682
0.0002627841
0.00022017045
0.0006178977
0.00029829546
0.0002059659
0.0002911932
0.00024857954
0.00026988637
0.00030539773
0.000234375
0.0002059659
0.00032670455
0.0002059659
0.0002840909
0.00019176137
0.00033380682
0.00022017045
0.00024857954
0.0003409091
0.00030539773
0.00022017045
0.00030539773
0.00026988637
0.00016335228
0.00017755682
0.00024857954
0.00029829546
0.0003125
0.00019176137
0.00024857954
0.00034801135
0.0002840909
0.00027698863
0.00022017045
0.00053977274
0.00040482954
0.0012073864
0.00017045454
0.00034801135
0.00024857954
0.00022017045
0.0002556818
0.0002911932
0.00029829546
0.00026988637
0.00027698863
0.00035511365
0.00026988637
0.0002840909
0.0003409091
0.00066761364
0.0003622159
0.000234375
0.0003409091
0.00046875
0.00034801135
0.0002840909
0.0004971591
0.0006818182
0.0011292613
0.0016335227
0.04125
0.0006392045
0.00034801135
0.0010440341
0.059275568
0.22535616
0.0006462546
0.0
0.0
3.5903033e-06
0.0
0.0
0.0006462546
1.4361213e-05
0.0
0.0
0.0
0.0
0.0
0.0
0.0012745577
0.013750861
1.7951517e-05
7.1806066e-06
9.334789e-05
7.1806066e-06
0.0
3.5903033e-06
4.6673944e-05
2.154182e-05
0.0
0.0
0.0
1.7951517e-05
0.0
7.1806066e-06
0.0007324219
0.025943533
0.00035903032
2.8722427e-05
8.2576975e-05
1.7951517e-05
7.1806066e-06
3.5903033e-06
0.00035544002
2.154182e-05
3.5903033e-06
3.5903033e-06
0.0
1.7951517e-05
0.0
2.8722427e-05
0.0025383444
0.054899327
0.0022188073
2.8722427e-05
4.308364e-05
1.4361213e-05
4.6673944e-05
2.154182e-05
0.002261891
0.00017233456
3.9493338e-05
0.0
3.231273e-05
3.231273e-05
2.8722427e-05
5.0264247e-05
0.006286621
0.051528033
0.003683651
2.8722427e-05
6.462546e-05
1.4361213e-05
6.462546e-05
3.5903035e-05
0.003741096
0.00040211398
6.462546e-05
7.1806066e-06
5.7444853e-05
3.5903035e-05
3.5903035e-05
7.180607e-05
0.0063404758
0.055373248
0.004638672
0.000100528494
0.00016156364
9.693819e-05
3.9493338e-05
4.6673944e-05
0.0047032973
0.0005170037
6.462546e-05
4.6673944e-05
8.2576975e-05
0.00020105699
3.231273e-05
0.0002261891
0.014551499
0.027325798
0.003443101
0.00019028608
0.00052059395
5.385455e-05
3.9493338e-05
0.00030517578
0.0035579905
0.0002118279
7.1806066e-06
1.077091e-05
2.8722427e-05
4.6673944e-05
1.077091e-05
4.6673944e-05
0.0083187325
0.06342271
0.02850701
0.00024414062
0.00013284122
0.0014397117
0.0008724437
0.0069759595
0.032951802
0.00027645336
1.4361213e-05
1.4361213e-05
3.9493338e-05
3.9493338e-05
5.385455e-05
5.385455e-05
0.056137983
0.010598576
0.0014720244
0.00047392002
0.0004272461
0.0015797334
0.0010950426
0.00710162
0.0046709846
0.00042006548
7.539637e-05
5.0264247e-05
6.821576e-05
9.334789e-05
3.9493338e-05
6.1035156e-05
0.0011848
0.029526655
0.002969181
0.0024557675
0.0020572438
0.003066119
0.0019387638
0.0075109145
0.004272461
0.0010016946
0.0004092946
0.0005600873
0.00057085825
0.0005600873
0.0004523782
0.0007898667
0.00068215764
0.022310145
0.0026640052
0.0027322208
0.001787971
0.0016264074
0.0012386546
0.0037805894
0.0026640052
0.00083654065
0.00039493336
0.00049546186
0.000556497
0.00061035156
0.00068933825
0.0007036994
0.0010268268
0.017290901
0.002272662
0.0030912512
0.0013679055
0.0010196462
0.0012027516
0.0022080366
0.0015581916
0.0010447783
0.000556497
0.00068933825
0.0005493164
0.0006462546
0.00061035156
0.001077091
0.0015797334
0.020996094
0.0032851275
0.006534352
0.002355239
0.0011883904
0.0021577722
0.0034538717
0.0021577722
0.00095861097
0.0008724437
0.00071088003
0.00080781826
0.0009873334
0.0009765625
0.0010842716
0.0029440487
0.019121956
0.0029296875
0.0064122817
0.0034000173
0.0014756146
0.002994313
0.005241843
0.0024342258
0.0013750861
0.0012709674
0.0010160558
0.0010519589
0.0012027516
0.0012960995
0.0015976849
0.0060029873
0.0
0.0
0.0
0.0
0.0
0.0
0.0
0.0
0.0
0.0
0.0
0.0
0.0
0.0
0.0
0.0
0.0
0.0
0.0
0.0
0.0
0.0
0.0
0.0
0.0
0.0
0.0
0.0
0.0
0.0
0.0
0.0
555.0
13.1495495
7298.0
0.016853932
0.0009591669
0.00178131
0.0015072622
0.00041107152
0.0020553577
0.00041107152
0.0002740477
0.0002740477
0.0002740477
0.00082214305
0.0002740477
0.0028775006
0.0019183338
0.0153466705
0.00082214305
0.0073992875
0.010824883
0.0073992875
0.0058920253
0.0039736913
0.0027404767
0.0012332146
0.0020553577
0.006029049
0.00178131
0.0016442861
0.0002740477
0.0005480954
0.002603453
0.00178131
0.0005480954
0.0010961908
0.01068786
0.013565361
0.014798575
0.006851192
0.004658811
0.0056179776
0.0038366676
0.0021923815
0.006029049
0.00041107152
0.0016442861
0.010413812
0.009591669
0.002603453
0.003425596
0.0063030967
0.0006851192
0.009317622
0.016305838
0.0079473825
0.0019183338
0.0039736913
0.002603453
0.00082214305
0.0006851192
0.009317622
0.00013702385
0.0010961908
0.00041107152
0.0005480954
0.022608934
0.00082214305
0.047136202
0.018635243
0.02493834
0.018361194
0.10934503
0.005069882
0.017265005
0.008769526
0.043299533
0.0028775006
0.0065771444
0.032200605
0.020142505
0.042888463
0.05494656
0.013154289
0.0005480954
0.046177033
0.045491915
0.08865443
0.026719648
0.0064401207
0.0038366676
0.01068786
0.014524527
0.00178131
0.0006851192
0.0010961908
0.0005480954
0.00041107152
0.0002740477
5.316227
0.0
0.0
0.0
3.0
140800.0
163840.0
0.0
0.0
1.0
1.0
1.0
0.0
0.0
0.0
1491416800.0
0.0
0.0
0.0
0.0
0.0
1.0
0.0
0.0
0.0
0.0
0.0
0.0
-1.0
1.0
0.0
0.0
0.0
0.0
0.0
0.0
0.0
0.0
0.0
0.0
0.0
0.0
0.0
0.0
-1.0
0.0
0.0
-1.0
0.0
0.0
0.0
0.0
0.0
0.0
-1.0
0.0
0.0
-1.0
0.0
0.0
0.0
0.0
0.0
0.0
0.0
0.0
0.0
0.0
80.0
0.0
4.0
0.0
4.0
0.0
37376.0
512.0
4096.0
3.0
0.0
0.0
1.0
0.0
0.0
0.0
0.0
0.0
0.0
-512.0
0.0
0.0
0.0
0.0
0.0
0.0
0.0
0.0
0.0
0.0
0.0
0.0
0.0
0.0
0.0
0.0
0.0
0.0
0.0
0.0
0.0
0.0
0.0
0.0
0.0
0.0
0.0
0.0
0.0
0.0
0.0
0.0
0.0
0.0
0.0
-37376.0
0.0
102400.0
0.0
0.0
0.0
0.0
0.0
0.0
0.0
0.0
0.0
0.0
0.0
0.0
0.0
0.0
0.0
0.0
0.0
0.0
0.0
0.0
0.0
0.0
0.0
0.0
0.0
0.0
0.0
0.0
0.0
0.0
0.0
0.0
0.0
0.0
0.0
0.0
0.0
0.0
0.0
0.0
0.0
0.0
0.0
0.0
0.0
0.0
0.0
-6.085102
0.0
1.7811906
0.0
0.0
0.0
0.0
0.0
0.0
0.0
0.0
0.0
0.0
0.0
-12.0
0.0
0.0
0.0
0.0
0.0
0.0
0.0
0.0
0.0
0.0
0.0
0.0
0.0
0.0
0.0
0.0
0.0
0.0
0.0
0.0
0.0
0.0
0.0
0.0
0.0
0.0
0.0
0.0
0.0
0.0
0.0
0.0
0.0
0.0
0.0
-37204.0
0.0
102224.0
0.0
0.0
0.0
0.0
0.0
0.0
0.0
0.0
0.0
-1.0
0.0
0.0
0.0
0.0
0.0
1.0
0.0
0.0
0.0
0.0
0.0
0.0
0.0
0.0
0.0
0.0
0.0
0.0
0.0
0.0
0.0
0.0
0.0
0.0
0.0
0.0
0.0
0.0
0.0
0.0
0.0
0.0
0.0
0.0
0.0
-2.0
0.0
0.0
0.0
1.0
0.0
0.0
0.0
0.0
0.0
0.0
0.0
0.0
0.0
0.0
0.0
0.0
0.0
0.0
0.0
0.0
0.0
0.0
0.0
-1.0
0.0
0.0
0.0
0.0
0.0
0.0
0.0
0.0
0.0
1.0
0.0
0.0
0.0
0.0
1.0
0.0
0.0
0.0
0.0
0.0
0.0
0.0
0.0
0.0
0.0
0.0
0.0
0.0
0.0
0.0
0.0
0.0
0.0
0.0
0.0
0.0
0.0
0.0
0.0
0.0
0.0
0.0
0.0
0.0
0.0
0.0
0.0
0.0
0.0
0.0
0.0
0.0
0.0
0.0
0.0
0.0
0.0
0.0
0.0
0.0
0.0
0.0
0.0
0.0
0.0
0.0
0.0
0.0
1.0
0.0
0.0
0.0
0.0
0.0
0.0
0.0
0.0
0.0
0.0
0.0
0.0
0.0
0.0
0.0
0.0
0.0
0.0
0.0
0.0
0.0
0.0
0.0
0.0
0.0
0.0
0.0
0.0
0.0
0.0
0.0
0.0
0.0
0.0
0.0
0.0
0.0
0.0
0.0
0.0
0.0
0.0
0.0
0.0
0.0
0.0
0.0
0.0
0.0
0.0
0.0
0.0
0.0
0.0
0.0
0.0
0.0
0.0
0.0
0.0
0.0
0.0
0.0
0.0
0.0
0.0
0.0
0.0
0.0
0.0
0.0
0.0
0.0
0.0
0.0
0.0
0.0
0.0
0.0
0.0
0.0
0.0
0.0
0.0
0.0
0.0
0.0
0.0
0.0
0.0
0.0
0.0
0.0
0.0
0.0
0.0
0.0
0.0
0.0
0.0
0.0
0.0
0.0
0.0
0.0
0.0
0.0
0.0
0.0
0.0
0.0
0.0
0.0
0.0
0.0
0.0
0.0
0.0
0.0
0.0
0.0
0.0
0.0
0.0
0.0
0.0
0.0
0.0
0.0
0.0
0.0
0.0
0.0
0.0
0.0
0.0
0.0
0.0
0.0
0.0
0.0
0.0
0.0
0.0
0.0
0.0
0.0
0.0
0.0
0.0
0.0
0.0
0.0
0.0
0.0
0.0
0.0
0.0
0.0
0.0
0.0
0.0
0.0
0.0
0.0
0.0
0.0
0.0
0.0
0.0
0.0
0.0
0.0
0.0
0.0
0.0
0.0
0.0
0.0
0.0
0.0
0.0
0.0
0.0
0.0
0.0
0.0
0.0
0.0
0.0
0.0
0.0
0.0
0.0
0.0
0.0
0.0
0.0
0.0
0.0
0.0
0.0
0.0
0.0
0.0
0.0
0.0
0.0
0.0
0.0
0.0
0.0
0.0
0.0
0.0
0.0
0.0
0.0
0.0
0.0
0.0
0.0
0.0
0.0
0.0
0.0
0.0
0.0
0.0
0.0
0.0
0.0
0.0
0.0
0.0
0.0
0.0
0.0
0.0
0.0
0.0
0.0
0.0
0.0
0.0
0.0
0.0
0.0
0.0
0.0
0.0
0.0
0.0
0.0
0.0
0.0
0.0
0.0
0.0
0.0
0.0
0.0
0.0
0.0
0.0
0.0
0.0
0.0
0.0
0.0
0.0
0.0
0.0
0.0
0.0
0.0
0.0
0.0
0.0
0.0
0.0
0.0
0.0
0.0
0.0
0.0
0.0
0.0
0.0
0.0
0.0
0.0
0.0
0.0
0.0
0.0
0.0
0.0
0.0
0.0
0.0
0.0
0.0
0.0
0.0
0.0
0.0
0.0
0.0
0.0
0.0
0.0
0.0
0.0
0.0
0.0
0.0
0.0
0.0
0.0
0.0
0.0
0.0
0.0
0.0
0.0
0.0
0.0
0.0
0.0
0.0
0.0
0.0
0.0
0.0
0.0
0.0
0.0
0.0
0.0
0.0
0.0
0.0
0.0
0.0
0.0
0.0
0.0
0.0
0.0
0.0
0.0
0.0
0.0
0.0
0.0
0.0
0.0
0.0
0.0
0.0
0.0
0.0
0.0
0.0
0.0
0.0
0.0
0.0
0.0
0.0
0.0
0.0
0.0
0.0
0.0
0.0
0.0
0.0
0.0
0.0
0.0
0.0
0.0
0.0
0.0
0.0
0.0
0.0
0.0
0.0
0.0
0.0
0.0
0.0
0.0
0.0
0.0
0.0
0.0
0.0
0.0
0.0
0.0
0.0
0.0
0.0
0.0
0.0
0.0
0.0
0.0
0.0
0.0
0.0
0.0
0.0
0.0
0.0
0.0
0.0
0.0
0.0
0.0
0.0
0.0
0.0
0.0
0.0
0.0
0.0
0.0
0.0
0.0
0.0
0.0
0.0
0.0
0.0
0.0
0.0
0.0
0.0
0.0
0.0
0.0
0.0
0.0
0.0
0.0
0.0
0.0
0.0
0.0
0.0
0.0
0.0
0.0
0.0
0.0
0.0
0.0
0.0
0.0
0.0
0.0
0.0
0.0
0.0
0.0
0.0
0.0
0.0
0.0
0.0
0.0
0.0
0.0
0.0
0.0
0.0
0.0
0.0
0.0
0.0
0.0
0.0
0.0
0.0
0.0
0.0
0.0
0.0
0.0
0.0
0.0
0.0
0.0
0.0
0.0
0.0
0.0
0.0
0.0
0.0
0.0
0.0
0.0
0.0
0.0
0.0
0.0
0.0
0.0
0.0
0.0
0.0
0.0
0.0
0.0
0.0
0.0
0.0
0.0
0.0
0.0
0.0
0.0
0.0
0.0
0.0
0.0
0.0
0.0
0.0
0.0
0.0
0.0
0.0
0.0
0.0
0.0
0.0
0.0
0.0
0.0
0.0
0.0
0.0
0.0
0.0
0.0
0.0
0.0
0.0
0.0
0.0
0.0
0.0
0.0
0.0
0.0
0.0
0.0
0.0
0.0
0.0
0.0
0.0
0.0
0.0
0.0
0.0
0.0
0.0
0.0
0.0
0.0
0.0
0.0
0.0
0.0
0.0
-1.0
0.0
0.0
0.0
0.0
0.0
0.0
0.0
0.0
0.0
0.0
0.0
0.0
0.0
0.0
0.0
0.0
0.0
0.0
0.0
0.0
0.0
0.0
0.0
0.0
0.0
0.0
0.0
0.0
0.0
0.0
0.0
0.0
0.0
0.0
0.0
0.0
0.0
0.0
0.0
0.0
0.0
0.0
0.0
0.0
0.0
0.0
0.0
0.0
0.0
0.0
0.0
0.0
0.0
0.0
0.0
0.0
0.0
0.0
0.0
0.0
0.0
0.0
0.0
0.0
0.0
0.0
0.0
0.0
0.0
0.0
0.0
0.0
0.0
0.0
0.0
0.0
0.0
0.0
0.0
0.0
0.0
0.0
0.0
0.0
0.0
0.0
0.0
0.0
0.0
0.0
0.0
0.0
0.0
0.0
0.0
0.0
0.0
0.0
0.0
0.0
0.0
0.0
0.0
0.0
0.0
0.0
0.0
0.0
0.0
0.0
0.0
0.0
0.0
0.0
0.0
0.0
0.0
0.0
0.0
0.0
0.0
0.0
0.0
0.0
0.0
0.0
0.0
0.0
0.0
0.0
0.0
0.0
0.0
0.0
0.0
0.0
0.0
0.0
0.0
0.0
0.0
0.0
0.0
0.0
0.0
0.0
0.0
0.0
0.0
0.0
0.0
0.0
0.0
0.0
0.0
0.0
0.0
0.0
0.0
0.0
0.0
0.0
0.0
0.0
0.0
0.0
0.0
0.0
0.0
0.0
0.0
0.0
0.0
0.0
0.0
0.0
0.0
0.0
0.0
0.0
0.0
0.0
0.0
0.0
0.0
0.0
0.0
0.0
0.0
0.0
0.0
0.0
0.0
0.0
0.0
0.0
0.0
0.0
0.0
0.0
0.0
0.0
0.0
0.0
0.0
0.0
0.0
0.0
0.0
0.0
0.0
0.0
0.0
0.0
0.0
0.0
0.0
0.0
0.0
0.0
0.0
0.0
0.0
0.0
0.0
0.0
0.0
0.0
0.0
0.0
0.0
0.0
0.0
0.0
0.0
0.0
0.0
0.0
0.0
0.0
0.0
0.0
0.0
0.0
0.0
0.0
0.0
0.0
0.0
0.0
0.0
0.0
0.0
0.0
0.0
0.0
0.0
0.0
0.0
0.0
0.0
0.0
0.0
0.0
0.0
0.0
0.0
0.0
0.0
0.0
0.0
0.0
0.0
0.0
0.0
0.0
0.0
0.0
0.0
0.0
0.0
0.0
0.0
0.0
0.0
0.0
0.0
0.0
0.0
0.0
0.0
0.0
0.0
0.0
0.0
0.0
0.0
0.0
0.0
0.0
0.0
0.0
0.0
0.0
0.0
0.0
0.0
0.0
0.0
0.0
0.0
0.0
0.0
0.0
0.0
0.0
0.0
0.0
0.0
0.0
0.0
0.0
0.0
0.0
0.0
0.0
0.0
0.0
0.0
0.0
0.0
0.0
0.0
0.0
0.0
0.0
0.0
0.0
0.0
0.0
0.0
0.0
0.0
0.0
0.0
0.0
0.0
0.0
0.0
0.0
0.0
0.0
0.0
0.0
0.0
0.0
0.0
0.0
0.0
0.0
0.0
0.0
0.0
0.0
0.0
0.0
0.0
0.0
0.0
0.0
0.0
0.0
0.0
0.0
0.0
0.0
0.0
0.0
0.0
0.0
0.0
0.0
0.0
0.0
0.0
0.0
0.0
0.0
0.0
0.0
0.0
0.0
0.0
0.0
0.0
0.0
0.0
0.0
0.0
0.0
0.0
0.0
0.0
0.0
0.0
0.0
0.0
0.0
0.0
0.0
0.0
0.0
0.0
0.0
0.0
0.0
0.0
0.0
0.0
0.0
0.0
0.0
0.0
0.0
0.0
0.0
0.0
0.0
0.0
0.0
0.0
0.0
0.0
0.0
0.0
0.0
0.0
0.0
0.0
0.0
0.0
0.0
0.0
0.0
0.0
0.0
0.0
0.0
0.0
0.0
0.0
0.0
0.0
0.0
0.0
0.0
0.0
0.0
0.0
0.0
0.0
0.0
0.0
0.0
0.0
0.0
0.0
0.0
0.0
0.0
0.0
0.0
0.0
0.0
0.0
0.0
0.0
0.0
0.0
0.0
0.0
0.0
0.0
0.0
0.0
0.0
0.0
0.0
0.0
0.0
0.0
0.0
0.0
0.0
0.0
0.0
0.0
0.0
0.0
0.0
0.0
0.0
0.0
0.0
0.0
0.0
0.0
0.0
0.0
0.0
0.0
0.0
0.0
0.0
0.0
0.0
0.0
0.0
0.0
0.0
0.0
0.0
0.0
0.0
0.0
0.0
0.0
0.0
0.0
0.0
0.0
0.0
0.0
0.0
0.0
0.0
0.0
0.0
0.0
0.0
0.0
0.0
0.0
0.0
0.0
0.0
0.0
0.0
0.0
0.0
0.0
0.0
0.0
0.0
0.0
0.0
0.0
0.0
0.0
0.0
0.0
0.0
0.0
0.0
0.0
0.0
0.0
0.0
0.0
0.0
0.0
0.0
0.0
0.0
0.0
0.0
0.0
0.0
0.0
0.0
0.0
0.0
0.0
0.0
0.0
0.0
0.0
0.0
0.0
0.0
0.0
0.0
0.0
0.0
0.0
0.0
0.0
0.0
0.0
0.0
0.0
0.0
0.0
0.0
0.0
0.0
0.0
0.0
0.0
0.0
0.0
0.0
0.0
0.0
0.0
0.0
0.0
0.0
0.0
0.0
0.0
0.0
0.0
0.0
0.0
0.0
0.0
0.0
0.0
0.0
0.0
0.0
0.0
0.0
0.0
0.0
0.0
0.0
0.0
0.0
0.0
0.0
0.0
0.0
0.0
0.0
0.0
0.0
0.0
0.0
0.0
0.0
0.0
0.0
0.0
0.0
0.0
0.0
0.0
0.0
0.0
0.0
0.0
0.0
0.0
0.0
0.0
0.0
0.0
0.0
0.0
0.0
0.0
0.0
0.0
0.0
0.0
0.0
0.0
0.0
0.0
0.0
0.0
0.0
0.0
0.0
0.0
0.0
0.0
0.0
0.0
0.0
0.0
0.0
0.0
0.0
0.0
0.0
0.0
0.0
0.0
0.0
0.0
0.0
0.0
0.0
0.0
0.0
0.0
0.0
0.0
0.0
0.0
0.0
0.0
0.0
0.0
0.0
0.0
0.0
0.0
0.0
0.0
0.0
0.0
0.0
0.0
0.0
0.0
0.0
0.0
0.0
0.0
0.0
0.0
0.0
0.0
0.0
0.0
0.0
0.0
0.0
0.0
0.0
0.0
0.0
0.0
0.0
0.0
0.0
0.0
0.0
0.0
0.0
0.0
0.0
0.0
0.0
0.0
0.0
0.0
0.0
0.0
0.0
0.0
0.0
0.0
0.0
0.0
0.0
0.0
0.0
0.0
0.0
0.0
0.0
0.0
0.0
0.0
0.0
0.0
0.0
0.0
0.0
0.0
0.0
0.0
0.0
0.0
0.0
0.0
0.0
0.0
87.0
45300.0
102224.0
49152.0
0.0
0.0
0.0
0.0
12.0
155648.0
0.0
0.0
0.0
0.0
0.0
0.0
0.0
0.0
0.0
0.0
0.0
0.0
8.0
8192.0
0.0
0.0
72.0
8200.0
