0.022667453
0.006825273
0.0069139577
0.006360292
0.008739093
0.0050265957
0.008584263
0.006139806
0.009328037
0.0042411746
0.005559192
0.004415114
0.007382858
0.0045772935
0.008885594
0.0075386683
0.00735052
0.0035993147
0.0040172585
0.003451834
0.0056321975
0.0039618923
0.004654219
0.004282822
0.0061295168
0.0028888592
0.0034709428
0.003532189
0.005128019
0.0032342877
0.0043577873
0.0044606808
0.005643467
0.003374419
0.0031784312
0.003166182
0.0043612174
0.0026262356
0.0034655533
0.0040211785
0.0041186824
0.0025968375
0.0032230183
0.0035885356
0.0039094654
0.0025948777
0.0039119152
0.0043523978
0.0053798635
0.00287563
0.0029344265
0.003983941
0.0036884893
0.00271786
0.0033758888
0.0038800673
0.0047536828
0.0026497543
0.0028790599
0.0043886555
0.004014319
0.0025532304
0.0030863169
0.004005499
0.005814956
0.0040025595
0.004331329
0.0053509553
0.004231865
0.005548903
0.0057904576
0.0041157426
0.0045116376
0.002636525
0.003084847
0.0030084117
0.0037791335
0.0040510665
0.003967282
0.0039251447
0.006345103
0.0029657844
0.0036012747
0.0044312826
0.004524377
0.0049197823
0.0041858084
0.003981491
0.0044185435
0.0025179526
0.0029015986
0.0027830258
0.0035062206
0.003310233
0.003501321
0.0038736977
0.005339686
0.0049805385
0.0031916604
0.0033141526
0.004360727
0.0047727916
0.0041284817
0.0034175362
0.0047576022
0.0036370424
0.0031103254
0.002923157
0.004666958
0.0033048433
0.0049932776
0.0053935824
0.006216241
0.0023151052
0.0046615684
0.0039878604
0.008130551
0.006250049
0.0035860857
0.0039075054
0.0046752873
0.002571359
0.0024258383
0.003003512
0.0037668843
0.0034778025
0.0037806034
0.0042642034
0.0066287955
0.0045625945
0.003954543
0.0072946637
0.004543976
0.0043847356
0.0034900517
0.003562567
0.0038320504
0.006199582
0.0028663208
0.016608981
0.003338651
0.004365137
0.0030951363
0.0029020885
0.003769824
0.0022298505
0.0018839322
0.0021784038
0.0025326516
0.0021803635
0.0021671343
0.0023753713
0.0031921503
0.0018662933
0.0020862895
0.0022793375
0.003276915
0.0018785425
0.0028624008
0.0026811124
0.0034807422
0.0028315329
0.00223916
0.0022239708
0.0027928252
0.001981926
0.0023420535
0.0024469069
0.0030956264
0.0019378287
0.0023964401
0.002045132
0.003053489
0.0020916793
0.0029437358
0.003071128
0.004816889
0.002271988
0.001965757
0.002095599
0.0029770539
0.0021676244
0.0030740676
0.0032808348
0.004618941
0.0024346577
0.0033949977
0.0027550976
0.0033626596
0.0023361738
0.0030613285
0.003772274
0.0073568895
0.004711545
0.0039535626
0.004616001
0.0034983812
0.0026130066
0.003598335
0.0037629646
0.0035512978
0.0022670883
0.0019716367
0.001871193
0.0030618184
0.0018334653
0.00255715
0.0028653408
0.00399472
0.0023190249
0.0026879718
0.0022994261
0.003053979
0.0019603674
0.0027697966
0.0030358501
0.005052074
0.0020578713
0.0028040945
0.00335825
0.003949643
0.0025659695
0.0030946464
0.003403817
0.006456816
0.003613034
0.0028354526
0.0022180912
0.003788933
0.0016987238
0.0021455758
0.0024748351
0.0042308853
0.0021215673
0.002334214
0.0050486443
0.004201977
0.0027237397
0.0030030222
0.0033788285
0.0066126264
0.0023954601
0.0019613474
0.0020137741
0.004201487
0.0018937315
0.003706128
0.0033043532
0.0061466657
0.0015889705
0.0025473507
0.0029824434
0.0046145315
0.0024650358
0.0039898204
0.012506957
0.0
0.0
0.0
0.0
0.0
0.0
0.0
0.0
0.0
0.0
0.0
0.0
0.0
0.0
0.0
0.0
0.0
0.0
0.0
0.0
0.0
0.0
0.0
0.0
0.0
0.0
0.0
0.0
0.0
0.0
0.0
0.0
0.0
0.0
0.0
0.0
0.0
0.0
0.0
0.0
0.0
0.0
0.0
0.0
0.0
0.0
0.0
0.0
0.0
0.0
0.0
0.0
0.0
0.0
0.0
0.0
0.0
0.0
0.0
0.0
0.0
0.0
0.0
0.0
0.0
0.0
0.0
0.0
0.0
0.0
0.0
0.0
0.0
0.0
0.0
0.0
0.0
0.0
0.0
0.0
0.0
0.0
0.0
0.0
0.0
0.0
0.0
0.0
0.0
0.0
0.0
0.0
0.0
0.0
0.0
0.0
0.0007571791
1.2746298e-05
7.843875e-06
8.088997e-06
5.3926644e-05
2.9659654e-05
7.1085124e-06
3.088526e-05
4.436692e-05
4.902422e-06
5.8829064e-06
7.1085124e-06
5.392664e-06
7.1085124e-06
1.103045e-05
1.0785328e-05
0.00072384265
1.9609688e-05
1.2991419e-05
1.544263e-05
3.60328e-05
2.2551141e-05
5.6377853e-06
2.622796e-05
6.4711974e-05
4.902422e-06
5.6377853e-06
5.8829064e-06
1.103045e-05
1.4952388e-05
1.4462145e-05
2.0099931e-05
0.00032086353
9.559723e-06
1.9609688e-06
4.902422e-06
3.8238893e-05
4.4612043e-05
3.4316956e-06
1.7158478e-05
2.867917e-05
3.6768167e-06
1.1275571e-05
6.61827e-06
1.2256055e-06
4.1670587e-06
9.804844e-07
4.657301e-06
0.00020124443
7.353633e-07
9.535211e-05
1.7158478e-05
2.647308e-05
8.82436e-06
8.750823e-05
4.632789e-05
7.353633e-07
7.353633e-07
4.902422e-07
4.902422e-07
1.3481661e-05
9.804844e-07
4.902422e-07
9.804844e-07
0.00022820775
1.9609688e-06
1.2256055e-06
1.9609688e-06
9.804844e-07
1.1765813e-05
9.804844e-07
1.4462145e-05
1.103045e-05
1.4217025e-05
1.4952388e-05
2.5492596e-05
2.2551141e-05
2.5982838e-05
6.324125e-05
6.299613e-05
0.00096675765
3.6768168e-05
2.7698685e-05
5.1230312e-05
0.00013138492
0.00034194396
5.9074187e-05
0.00014069951
0.0001451117
9.2900904e-05
0.000157858
0.00010785329
0.0001137362
0.00014069951
0.00033262934
0.0006677099
0.0013734136
4.657301e-05
0.00018138962
0.00010760817
0.00015614215
0.00039121328
0.00023286506
0.00035027807
0.00033581592
0.00016766285
0.00026963322
0.00023212969
0.00026154422
0.000313755
0.0007476194
0.0013584612
0.00051499944
5.735834e-05
4.632789e-05
4.216083e-05
7.20656e-05
9.5597235e-05
7.966436e-05
8.799848e-05
9.9028926e-05
6.397661e-05
6.7898545e-05
8.260582e-05
8.848872e-05
8.530215e-05
0.00016153482
0.00036302436
0.0013449795
0.00040935224
0.0004948995
0.00045396428
0.00032552084
0.00029684167
0.0004505326
0.0003576317
0.00039096817
0.00020443101
0.00022796264
0.0002649759
0.00025271985
0.000259093
0.00032478548
0.00046744596
0.1165644
0.06957027
0.057266418
0.056463894
0.067326926
0.060531676
0.06537576
0.06595523
0.08053528
0.038892385
0.04022511
0.04766674
0.05333492
0.04757139
0.050635893
0.059995353
15143.0
6.4798255
98124.0
0.016591253
0.005360564
0.0055949613
0.006400065
0.0069198157
0.004973299
0.006277771
0.0094778035
0.0073886104
0.00463699
0.006022991
0.0053197993
0.007419184
0.0048815785
0.008468876
0.008896906
0.01039501
0.006807713
0.007551669
0.006104521
0.007684155
0.005177123
0.006389874
0.0075210957
0.008397538
0.0064204475
0.0056561087
0.0064204475
0.006980963
0.0039541805
0.00463699
0.006807713
0.008479067
0.010782275
0.010252334
0.013584852
0.0119033065
0.009579715
0.017804002
0.009151686
0.009508377
0.0086727
0.005197505
0.0049325344
0.009223024
0.008254861
0.009814112
0.010313481
0.013686764
0.005095593
0.00833639
0.012667645
0.013768293
0.0071644043
0.0077962577
0.008774612
0.008764421
0.0047083283
0.005778403
0.003994945
0.006002609
0.004361828
0.005472667
0.006950389
0.009131303
0.029921325
0.010272716
0.016550487
0.019485548
0.04320044
0.011098202
0.0139925
0.015093148
0.025029555
0.005890506
0.007949126
0.024652481
0.013666381
0.025793893
0.030033426
0.01837471
0.004545269
0.029299662
0.021829521
0.035332844
0.018741593
0.0082344785
0.009426848
0.010130039
0.0091618765
0.0050446372
0.0049834903
0.0062370063
0.0036688272
0.004800049
0.006114712
6.311401
1.0
10.0
0.0
23.0
2040944.0
4968448.0
0.0
0.0
16.0
0.0
1.0
1.0
1.0
0.0
1480360200.0
0.0
0.0
0.0
0.0
0.0
1.0
0.0
0.0
0.0
0.0
0.0
0.0
-1.0
1.0
-1.0
-1.0
0.0
1.0
0.0
0.0
0.0
0.0
0.0
0.0
0.0
0.0
0.0
0.0
-1.0
0.0
0.0
0.0
0.0
0.0
0.0
0.0
0.0
0.0
0.0
0.0
0.0
-1.0
0.0
0.0
0.0
0.0
0.0
0.0
0.0
0.0
0.0
0.0
2.0
25.0
5.0
0.0
5.0
0.0
1933312.0
4096.0
4096.0
3.0
1.0
0.0
2.0
3.0
0.0
0.0
0.0
0.0
0.0
0.0
0.0
0.0
0.0
0.0
0.0
0.0
0.0
0.0
0.0
0.0
0.0
0.0
0.0
0.0
0.0
0.0
0.0
0.0
0.0
0.0
0.0
0.0
-1932288.0
0.0
0.0
0.0
0.0
0.0
0.0
0.0
0.0
0.0
0.0
0.0
0.0
0.0
0.0
102400.0
0.0
0.0
0.0
0.0
0.0
0.0
0.0
0.0
0.0
0.0
0.0
0.0
0.0
0.0
0.0
0.0
0.0
0.0
0.0
0.0
0.0
0.0
0.0
0.0
0.0
0.0
0.0
0.0
0.0
0.0
0.0
0.0
0.0
0.0
-7.8531313
0.0
0.0
0.0
0.0
0.0
0.0
0.0
0.0
0.0
0.0
0.0
0.0
0.0
0.0
7.582198
0.0
0.0
0.0
0.0
0.0
0.0
0.0
0.0
0.0
0.0
0.0
0.0
0.0
0.0
0.0
0.0
0.0
0.0
0.0
0.0
0.0
0.0
0.0
0.0
0.0
0.0
0.0
0.0
0.0
0.0
0.0
0.0
0.0
0.0
-1933312.0
0.0
0.0
0.0
0.0
0.0
2928640.0
0.0
0.0
0.0
0.0
0.0
0.0
0.0
0.0
102400.0
0.0
0.0
0.0
0.0
0.0
0.0
0.0
0.0
0.0
0.0
0.0
0.0
0.0
0.0
0.0
0.0
0.0
0.0
1.0
0.0
0.0
0.0
0.0
0.0
0.0
0.0
-1.0
0.0
0.0
0.0
0.0
0.0
0.0
0.0
0.0
0.0
0.0
-1.0
0.0
0.0
0.0
0.0
0.0
0.0
0.0
-1.0
0.0
0.0
0.0
0.0
0.0
0.0
0.0
0.0
0.0
0.0
0.0
0.0
0.0
0.0
0.0
0.0
0.0
0.0
0.0
0.0
0.0
0.0
0.0
-1.0
0.0
0.0
0.0
0.0
0.0
0.0
0.0
0.0
0.0
1.0
0.0
0.0
0.0
0.0
0.0
0.0
0.0
0.0
0.0
0.0
0.0
0.0
0.0
1.0
0.0
0.0
0.0
0.0
0.0
0.0
0.0
0.0
0.0
-1.0
0.0
0.0
0.0
0.0
0.0
0.0
0.0
0.0
0.0
0.0
-1.0
0.0
0.0
0.0
0.0
0.0
0.0
0.0
0.0
0.0
0.0
0.0
0.0
0.0
0.0
0.0
0.0
1.0
0.0
0.0
0.0
1.0
-1.0
0.0
0.0
0.0
0.0
0.0
0.0
0.0
0.0
0.0
0.0
0.0
0.0
0.0
0.0
0.0
0.0
0.0
0.0
0.0
0.0
0.0
0.0
-1.0
0.0
0.0
0.0
0.0
0.0
0.0
0.0
0.0
0.0
0.0
0.0
0.0
0.0
0.0
0.0
0.0
0.0
0.0
0.0
0.0
0.0
0.0
0.0
0.0
0.0
0.0
0.0
0.0
0.0
0.0
0.0
0.0
0.0
0.0
0.0
0.0
0.0
0.0
0.0
0.0
0.0
0.0
0.0
0.0
0.0
0.0
-1.0
0.0
0.0
0.0
0.0
0.0
1.0
0.0
0.0
0.0
0.0
0.0
0.0
0.0
0.0
0.0
0.0
1.0
0.0
0.0
0.0
0.0
0.0
0.0
0.0
0.0
0.0
0.0
0.0
0.0
0.0
0.0
0.0
0.0
0.0
0.0
0.0
0.0
0.0
-1.0
0.0
0.0
0.0
0.0
0.0
0.0
0.0
0.0
0.0
0.0
0.0
0.0
0.0
0.0
0.0
0.0
0.0
0.0
0.0
0.0
0.0
0.0
0.0
0.0
0.0
0.0
0.0
0.0
0.0
0.0
0.0
0.0
0.0
0.0
0.0
0.0
0.0
0.0
0.0
0.0
0.0
0.0
0.0
0.0
0.0
0.0
0.0
0.0
0.0
0.0
0.0
0.0
0.0
0.0
0.0
0.0
0.0
0.0
0.0
0.0
0.0
0.0
0.0
0.0
0.0
0.0
0.0
0.0
0.0
0.0
0.0
0.0
0.0
0.0
0.0
0.0
0.0
0.0
0.0
0.0
0.0
0.0
1.0
0.0
0.0
0.0
0.0
0.0
0.0
0.0
0.0
-1.0
0.0
0.0
0.0
0.0
0.0
0.0
0.0
0.0
1.0
0.0
0.0
0.0
0.0
0.0
0.0
-1.0
0.0
0.0
0.0
0.0
0.0
0.0
0.0
1.0
0.0
0.0
0.0
0.0
0.0
0.0
0.0
0.0
0.0
0.0
0.0
0.0
0.0
0.0
0.0
0.0
0.0
0.0
0.0
0.0
0.0
0.0
0.0
0.0
0.0
0.0
0.0
0.0
0.0
0.0
1.0
0.0
0.0
0.0
0.0
0.0
0.0
0.0
0.0
0.0
0.0
0.0
0.0
0.0
0.0
0.0
0.0
0.0
0.0
0.0
0.0
0.0
0.0
0.0
0.0
0.0
0.0
0.0
0.0
0.0
0.0
0.0
0.0
0.0
0.0
0.0
0.0
0.0
0.0
0.0
0.0
0.0
0.0
0.0
0.0
0.0
0.0
0.0
0.0
0.0
0.0
0.0
0.0
0.0
0.0
0.0
0.0
0.0
0.0
0.0
0.0
0.0
0.0
0.0
0.0
0.0
0.0
0.0
0.0
0.0
0.0
0.0
0.0
0.0
0.0
0.0
0.0
0.0
0.0
0.0
0.0
0.0
0.0
0.0
0.0
0.0
0.0
0.0
0.0
0.0
0.0
0.0
0.0
0.0
0.0
0.0
0.0
0.0
0.0
0.0
0.0
0.0
0.0
0.0
0.0
0.0
0.0
0.0
0.0
0.0
0.0
0.0
0.0
0.0
0.0
0.0
0.0
0.0
0.0
0.0
0.0
0.0
0.0
0.0
0.0
0.0
0.0
0.0
0.0
0.0
0.0
0.0
0.0
0.0
0.0
0.0
0.0
0.0
0.0
0.0
0.0
0.0
0.0
0.0
0.0
0.0
0.0
0.0
0.0
0.0
0.0
0.0
0.0
0.0
0.0
0.0
0.0
0.0
0.0
0.0
0.0
0.0
0.0
0.0
0.0
0.0
0.0
0.0
0.0
0.0
0.0
0.0
0.0
0.0
0.0
0.0
0.0
0.0
0.0
0.0
0.0
0.0
0.0
0.0
0.0
0.0
0.0
0.0
0.0
0.0
0.0
0.0
0.0
0.0
0.0
0.0
0.0
0.0
0.0
0.0
0.0
0.0
0.0
0.0
0.0
0.0
0.0
0.0
0.0
0.0
0.0
0.0
0.0
0.0
0.0
0.0
0.0
0.0
0.0
0.0
0.0
0.0
0.0
0.0
0.0
0.0
0.0
0.0
0.0
0.0
0.0
0.0
0.0
0.0
0.0
0.0
0.0
0.0
0.0
0.0
0.0
0.0
0.0
0.0
0.0
0.0
0.0
0.0
0.0
0.0
0.0
0.0
0.0
0.0
0.0
0.0
0.0
0.0
0.0
0.0
0.0
0.0
0.0
0.0
0.0
0.0
0.0
-1.0
0.0
0.0
0.0
0.0
0.0
0.0
0.0
0.0
0.0
0.0
0.0
0.0
0.0
0.0
0.0
0.0
0.0
0.0
0.0
0.0
0.0
0.0
0.0
0.0
0.0
0.0
0.0
0.0
0.0
0.0
0.0
0.0
0.0
0.0
0.0
0.0
0.0
0.0
0.0
0.0
-1.0
0.0
0.0
0.0
0.0
0.0
0.0
0.0
0.0
0.0
0.0
0.0
0.0
0.0
0.0
0.0
0.0
0.0
0.0
0.0
0.0
0.0
0.0
0.0
0.0
0.0
0.0
0.0
0.0
0.0
0.0
0.0
0.0
0.0
0.0
0.0
0.0
0.0
0.0
0.0
0.0
0.0
0.0
0.0
0.0
0.0
0.0
0.0
0.0
0.0
0.0
0.0
0.0
0.0
0.0
0.0
0.0
0.0
0.0
0.0
0.0
0.0
0.0
0.0
0.0
0.0
0.0
0.0
0.0
0.0
0.0
0.0
0.0
0.0
0.0
0.0
0.0
0.0
0.0
0.0
0.0
0.0
0.0
0.0
0.0
0.0
0.0
0.0
0.0
0.0
0.0
0.0
0.0
0.0
0.0
0.0
0.0
0.0
0.0
0.0
0.0
0.0
0.0
0.0
-1.0
0.0
0.0
0.0
0.0
0.0
0.0
0.0
0.0
0.0
0.0
0.0
0.0
0.0
0.0
0.0
0.0
0.0
0.0
0.0
0.0
0.0
0.0
0.0
0.0
0.0
0.0
0.0
0.0
0.0
0.0
0.0
0.0
0.0
0.0
0.0
0.0
0.0
0.0
0.0
0.0
0.0
0.0
0.0
0.0
0.0
0.0
0.0
0.0
0.0
0.0
0.0
0.0
0.0
0.0
0.0
0.0
0.0
0.0
0.0
0.0
0.0
0.0
0.0
0.0
0.0
0.0
0.0
0.0
0.0
0.0
0.0
0.0
0.0
0.0
0.0
0.0
0.0
0.0
0.0
0.0
0.0
0.0
0.0
0.0
0.0
0.0
0.0
0.0
0.0
0.0
0.0
0.0
0.0
0.0
0.0
0.0
0.0
0.0
0.0
0.0
0.0
0.0
0.0
0.0
0.0
0.0
0.0
0.0
0.0
0.0
0.0
0.0
0.0
0.0
0.0
0.0
0.0
-1.0
0.0
0.0
0.0
1.0
0.0
0.0
0.0
0.0
0.0
0.0
0.0
0.0
0.0
-1.0
0.0
0.0
0.0
0.0
0.0
0.0
0.0
0.0
0.0
0.0
0.0
0.0
0.0
0.0
0.0
0.0
0.0
0.0
0.0
0.0
0.0
0.0
0.0
0.0
0.0
0.0
0.0
0.0
0.0
0.0
0.0
0.0
0.0
0.0
0.0
0.0
0.0
0.0
0.0
0.0
0.0
0.0
0.0
0.0
0.0
0.0
0.0
0.0
0.0
0.0
0.0
0.0
0.0
0.0
0.0
0.0
0.0
0.0
0.0
0.0
0.0
0.0
0.0
0.0
0.0
0.0
0.0
0.0
0.0
0.0
0.0
0.0
0.0
0.0
0.0
0.0
0.0
0.0
0.0
0.0
0.0
0.0
0.0
0.0
0.0
0.0
0.0
0.0
0.0
0.0
0.0
0.0
0.0
0.0
0.0
0.0
0.0
0.0
0.0
0.0
0.0
0.0
0.0
0.0
0.0
0.0
0.0
0.0
0.0
0.0
0.0
0.0
0.0
0.0
0.0
0.0
0.0
0.0
0.0
0.0
0.0
0.0
0.0
0.0
0.0
0.0
0.0
0.0
0.0
0.0
0.0
0.0
0.0
0.0
0.0
0.0
0.0
0.0
0.0
0.0
0.0
0.0
0.0
0.0
0.0
0.0
0.0
0.0
0.0
0.0
0.0
0.0
0.0
0.0
0.0
0.0
0.0
0.0
0.0
0.0
0.0
0.0
0.0
0.0
0.0
0.0
0.0
1.0
0.0
0.0
0.0
0.0
0.0
0.0
0.0
0.0
0.0
0.0
0.0
0.0
0.0
0.0
0.0
0.0
0.0
1.0
0.0
0.0
0.0
0.0
0.0
0.0
0.0
0.0
0.0
0.0
0.0
0.0
0.0
1.0
0.0
0.0
0.0
0.0
0.0
0.0
0.0
0.0
0.0
0.0
0.0
0.0
0.0
0.0
0.0
0.0
0.0
0.0
0.0
0.0
0.0
0.0
0.0
0.0
0.0
0.0
0.0
0.0
0.0
0.0
0.0
0.0
0.0
0.0
0.0
0.0
0.0
0.0
0.0
0.0
0.0
0.0
0.0
0.0
0.0
0.0
0.0
0.0
0.0
0.0
0.0
0.0
0.0
0.0
0.0
0.0
-1.0
0.0
0.0
0.0
1.0
0.0
0.0
0.0
0.0
-1.0
0.0
0.0
0.0
0.0
0.0
0.0
0.0
0.0
0.0
0.0
0.0
0.0
0.0
0.0
0.0
0.0
0.0
0.0
0.0
0.0
0.0
0.0
0.0
0.0
0.0
0.0
-1.0
0.0
0.0
0.0
0.0
0.0
0.0
0.0
0.0
0.0
0.0
0.0
0.0
0.0
0.0
0.0
0.0
0.0
0.0
0.0
-1.0
0.0
0.0
0.0
0.0
0.0
0.0
0.0
0.0
0.0
0.0
0.0
0.0
0.0
0.0
0.0
0.0
0.0
0.0
0.0
0.0
0.0
0.0
0.0
0.0
0.0
0.0
0.0
0.0
0.0
0.0
0.0
0.0
0.0
0.0
0.0
0.0
0.0
0.0
0.0
0.0
0.0
0.0
0.0
0.0
0.0
0.0
0.0
0.0
0.0
0.0
0.0
0.0
0.0
0.0
0.0
0.0
0.0
0.0
0.0
0.0
0.0
0.0
0.0
0.0
0.0
0.0
0.0
0.0
0.0
0.0
0.0
0.0
0.0
0.0
0.0
0.0
0.0
0.0
0.0
0.0
0.0
0.0
0.0
0.0
0.0
0.0
0.0
0.0
0.0
0.0
0.0
0.0
1.0
0.0
0.0
0.0
0.0
0.0
0.0
0.0
0.0
0.0
0.0
0.0
0.0
0.0
0.0
0.0
0.0
0.0
0.0
0.0
0.0
0.0
0.0
0.0
0.0
0.0
0.0
0.0
0.0
0.0
0.0
0.0
0.0
0.0
0.0
0.0
0.0
0.0
0.0
0.0
0.0
0.0
0.0
0.0
0.0
0.0
0.0
0.0
0.0
0.0
0.0
0.0
0.0
0.0
0.0
0.0
0.0
0.0
0.0
0.0
0.0
0.0
0.0
0.0
0.0
0.0
0.0
0.0
0.0
0.0
0.0
0.0
0.0
0.0
0.0
0.0
0.0
0.0
0.0
0.0
0.0
0.0
0.0
0.0
0.0
0.0
0.0
0.0
0.0
0.0
0.0
0.0
0.0
0.0
0.0
0.0
0.0
0.0
0.0
0.0
0.0
0.0
0.0
0.0
0.0
0.0
0.0
0.0
0.0
0.0
0.0
0.0
0.0
0.0
0.0
0.0
0.0
0.0
0.0
0.0
0.0
0.0
0.0
0.0
0.0
0.0
0.0
0.0
0.0
0.0
0.0
0.0
0.0
0.0
0.0
0.0
0.0
0.0
0.0
0.0
0.0
0.0
0.0
0.0
0.0
0.0
0.0
0.0
0.0
0.0
0.0
0.0
0.0
0.0
0.0
0.0
0.0
0.0
0.0
0.0
0.0
0.0
0.0
0.0
0.0
0.0
0.0
0.0
0.0
0.0
0.0
0.0
0.0
0.0
972.0
4967092.0
101044.0
4866048.0
0.0
0.0
5232.0
2035712.0
0.0
0.0
0.0
0.0
0.0
0.0
0.0
0.0
24.0
4864392.0
0.0
0.0
0.0
0.0
0.0
0.0
1104.0
4141056.0
0.0
0.0
