0.22363524
0.004962779
0.004566446
0.0040494897
0.0034463743
0.0027743315
0.0033946787
0.00239523
0.002808795
0.0022401435
0.0027398677
0.0028604907
0.00322236
0.002429694
0.002808795
0.0026020126
0.0034291425
0.0021195202
0.0027226359
0.0026709402
0.0031362008
0.002808795
0.0025158534
0.0026537082
0.002963882
0.002688172
0.002688172
0.0022229115
0.0019988972
0.0027398677
0.0022918389
0.0019472016
0.0035497656
0.002843259
0.002274607
0.002153984
0.0032568239
0.0021712158
0.0026020126
0.0021712158
0.0028777227
0.0022229115
0.0025847808
0.0023779983
0.002808795
0.0020678246
0.0025158534
0.0023435345
0.0031878962
0.0029983458
0.002826027
0.0022573753
0.0031534326
0.002429694
0.003377447
0.0024986214
0.0022573753
0.004032258
0.0024813896
0.003101737
0.0029466501
0.002688172
0.0039288667
0.0026192446
0.0030672732
0.0054625035
0.002808795
0.003911635
0.0028949545
0.0032395918
0.0044975188
0.0026364764
0.002826027
0.004721533
0.0031362008
0.00322236
0.0028949545
0.0028949545
0.004187345
0.0025330852
0.0031362008
0.0043252
0.0029121863
0.003635925
0.002981114
0.004032258
0.0047043012
0.0032395918
0.0030155776
0.0042735045
0.0027054038
0.0033946787
0.002567549
0.0031878962
0.0042735045
0.0026537082
0.0032740557
0.0051695616
0.002981114
0.004032258
0.0044113593
0.0046526054
0.0052384892
0.0030328096
0.0038771713
0.0042907363
0.002429694
0.003515302
0.004980011
0.0034463743
0.0043596635
0.002843259
0.0035842294
0.0031878962
0.0033085195
0.0026537082
0.004687069
0.003756548
0.0027054038
0.002843259
0.0033085195
0.0030500414
0.0032051282
0.0019127378
0.0039805626
0.0036186932
0.0026709402
0.0025330852
0.0047043012
0.0030672732
0.0037048524
0.0035669976
0.0044975188
0.003635925
0.0041184174
0.0028604907
0.0036703888
0.0036186932
0.0032740557
0.0025847808
0.0049110837
0.0032568239
0.002826027
0.0030500414
0.0042735045
0.002963882
0.0036876206
0.002567549
0.0039977944
0.0039805626
0.0026537082
0.0023779983
0.0036876206
0.0047732284
0.002826027
0.0016542597
0.001878274
0.0018438103
0.0022229115
0.0021367522
0.003101737
0.0022229115
0.002826027
0.0022573753
0.0023779983
0.0025158534
0.0027054038
0.0019988972
0.0032568239
0.0020850566
0.0030328096
0.002843259
0.0028604907
0.0019816654
0.0027915633
0.0024124621
0.0034463743
0.002567549
0.002274607
0.0024641578
0.0021022884
0.0026709402
0.0020850566
0.0023607665
0.002567549
0.0022056797
0.0023607665
0.0025158534
0.0021195202
0.0018955059
0.0027226359
0.0025330852
0.002688172
0.002688172
0.0028777227
0.0026020126
0.0032051282
0.0028604907
0.0030328096
0.0023607665
0.0022918389
0.0022056797
0.002153984
0.002309071
0.0033257513
0.0022401435
0.0021367522
0.0025158534
0.0022918389
0.002153984
0.0019472016
0.0025330852
0.0024986214
0.0025330852
0.0022401435
0.0022918389
0.002808795
0.0026364764
0.0024641578
0.0017404191
0.002153984
0.002688172
0.0017748828
0.002274607
0.002826027
0.0021884479
0.002688172
0.0022918389
0.0021712158
0.002309071
0.0028777227
0.0020850566
0.0019988972
0.0025158534
0.0023435345
0.0026192446
0.0027054038
0.0019988972
0.0021712158
0.0024986214
0.0023779983
0.00239523
0.0030155776
0.002309071
0.0019988972
0.002843259
0.0021367522
0.002033361
0.0030155776
0.0023435345
0.0021367522
0.0027743315
0.0027054038
0.0021367522
0.0032568239
0.03701406
0.054545455
0.0
0.0
0.0
0.0
0.0
0.0
0.0
0.0
0.0
0.0
0.0
0.0
0.0
0.0
0.0
0.034525923
9.765625e-05
0.00021306818
0.00011541193
0.00012428977
0.00017755682
0.00046164772
0.00024857954
9.765625e-05
8.877841e-06
2.6633523e-05
1.7755681e-05
7.1022725e-05
3.5511363e-05
6.2144885e-05
7.9900565e-05
0.0
0.0
0.0
0.0
0.0
0.0
0.0
0.0
0.0
0.0
0.0
0.0
0.0
0.0
0.0
0.0
0.015722657
3.5511363e-05
4.4389206e-05
3.5511363e-05
7.9900565e-05
1.7755681e-05
6.2144885e-05
3.5511363e-05
0.00011541193
0.0002840909
7.1022725e-05
0.00013316762
0.0003018466
0.00012428977
0.0001509233
0.00096768467
0.045800783
0.00022194603
0.0003018466
0.0005681818
0.0007990057
0.00041725853
0.0021129262
0.0010653409
0.00024857954
0.00023082386
0.00015980113
0.00025745737
0.00013316762
0.00022194603
0.00010653409
0.001899858
0.013680753
5.3267046e-05
0.00022194603
0.00032848012
0.00033735795
0.00020419034
0.0013050426
0.0005681818
8.877841e-06
1.7755681e-05
2.6633523e-05
1.7755681e-05
0.0
0.0
8.877841e-06
0.0014026988
0.0
0.0
0.0
0.0
0.0
0.0
0.0
0.0
0.0
0.0
0.0
0.0
0.0
0.0
0.0
0.0
0.0
0.0
0.0
0.0
0.0
0.0
0.0
0.0
0.0
0.0
0.0
0.0
0.0
0.0
0.0
0.0
0.00912642
6.2144885e-05
0.00010653409
0.00011541193
0.00017755682
4.4389206e-05
0.00012428977
8.877841e-05
0.0001953125
0.000949929
0.00018643466
0.00031960226
0.0005859375
0.0004527699
0.0005681818
0.005078125
0.025852272
0.000390625
0.00046164772
0.00041725853
0.00044389206
0.0004350142
0.00076349435
0.0012340199
0.0020419033
0.003462358
0.0015358665
0.0016512785
0.0021129262
0.0019353693
0.0028764205
0.027112925
0.0063210228
0.00013316762
0.00014204545
9.765625e-05
0.00011541193
9.765625e-05
0.00014204545
0.00086115056
0.0015003551
0.00024857954
0.00017755682
0.00017755682
0.00032848012
0.0005859375
0.0015447444
0.005708452
0.015917968
0.0007013494
0.0007723722
0.0034357244
0.0048739347
0.0047318893
0.0069957385
0.005060369
0.004847301
0.002681108
0.0010653409
0.0011363636
0.0008078835
0.00038174717
0.00047940342
0.00065696024
0.007990057
0.0006747159
0.00096768467
0.005415483
0.007919034
0.0077947443
0.011408025
0.008664773
0.008939986
0.005557528
0.0019886363
0.0020951706
0.0015536222
0.00078125
0.00048828125
0.00048828125
0.0
0.0
0.0
0.0
0.0
0.0
0.0
0.0
0.0
0.0
0.0
0.0
0.0
0.0
0.0
0.0
0.0
0.0
0.0
0.0
0.0
0.0
0.0
0.0
0.0
0.0
0.0
0.0
0.0
0.0
0.0
0.0
0.042444956
0.040403053
0.038503196
0.035342686
0.038307883
0.039373223
0.036035158
0.031640626
0.03807706
0.03401101
0.037136007
0.034037642
0.036576703
0.033487216
0.03314098
0.03330078
341.0
13.313783
4540.0
0.004845815
0.0046255505
0.0017621146
0.0030837005
0.0028634362
0.0028634362
0.004845815
0.0035242292
0.0046255505
0.0030837005
0.0030837005
0.0026431717
0.0039647575
0.0028634362
0.0033039649
0.002202643
0.0035242292
0.009251101
0.0057268725
0.0039647575
0.0055066077
0.0046255505
0.01938326
0.01123348
0.0055066077
0.026872247
0.008149779
0.018061673
0.008149779
0.010792951
0.030396476
0.0063876654
0.0070484583
0.031277534
0.008590308
0.018722467
0.008149779
0.010792951
0.032378856
0.01123348
0.008370044
0.027973568
0.00969163
0.016740087
0.0063876654
0.010132158
0.02753304
0.005947137
0.0072687226
0.021145374
0.0070484583
0.017180616
0.0039647575
0.008149779
0.014977974
0.0037444935
0.005066079
0.0046255505
0.0039647575
0.002202643
0.0037444935
0.004185022
0.0046255505
0.004845815
0.005066079
0.008810572
0.005066079
0.0066079297
0.021145374
0.021585902
0.008149779
0.009030837
0.01894273
0.0070484583
0.0066079297
0.0070484583
0.032378856
0.018061673
0.021365639
0.010132158
0.017621145
0.004845815
0.012114538
0.008810572
0.03171806
0.018281939
0.007929515
0.009030837
0.016960353
0.0037444935
0.008370044
0.0046255505
0.028193833
0.016079295
0.0066079297
0.008590308
6.2042303
0.0
0.0
0.0
2.0
58032.0
311296.0
0.0
0.0
4.0
0.0
1.0
0.0
0.0
0.0
1005528260.0
0.0
0.0
0.0
0.0
0.0
1.0
0.0
0.0
0.0
0.0
0.0
0.0
-1.0
0.0
-1.0
-1.0
0.0
0.0
0.0
0.0
0.0
0.0
0.0
0.0
0.0
0.0
0.0
0.0
-1.0
0.0
0.0
0.0
0.0
0.0
0.0
0.0
0.0
0.0
0.0
0.0
0.0
-1.0
0.0
0.0
0.0
0.0
0.0
0.0
0.0
0.0
13.0
18.0
8.0
0.0
4.0
0.0
4.0
0.0
50688.0
1024.0
4096.0
3.0
0.0
1.0
2.0
1.0
34304.0
0.0
0.0
0.0
0.0
385.0
0.0
0.0
0.0
0.0
0.0
0.0
0.0
0.0
0.0
0.0
0.0
0.0
0.0
0.0
0.0
0.0
0.0
0.0
0.0
0.0
0.0
0.0
0.0
0.0
0.0
0.0
0.0
0.0
0.0
0.0
0.0
0.0
0.0
0.0
0.0
0.0
0.0
16384.0
0.0
0.0
0.0
0.0
0.0
0.0
7.9596086
0.0
0.0
0.0
0.0
4.039924
0.0
0.0
0.0
0.0
0.0
0.0
0.0
0.0
0.0
0.0
0.0
0.0
0.0
0.0
0.0
0.0
0.0
0.0
0.0
0.0
0.0
0.0
0.0
0.0
0.0
0.0
0.0
0.0
0.0
0.0
0.0
0.0
0.0
0.0
0.0
0.0
0.0
2.4909983
0.0
0.0
0.0
0.0
0.0
0.0
258048.0
0.0
0.0
0.0
0.0
385.0
0.0
0.0
0.0
0.0
0.0
0.0
0.0
0.0
0.0
0.0
0.0
0.0
0.0
0.0
0.0
0.0
0.0
0.0
0.0
0.0
0.0
0.0
0.0
0.0
0.0
0.0
0.0
0.0
0.0
0.0
0.0
0.0
0.0
0.0
0.0
0.0
0.0
45056.0
0.0
0.0
0.0
0.0
0.0
0.0
0.0
0.0
0.0
0.0
0.0
0.0
0.0
0.0
0.0
0.0
0.0
0.0
0.0
0.0
0.0
0.0
0.0
0.0
0.0
0.0
0.0
0.0
0.0
0.0
0.0
0.0
0.0
0.0
0.0
0.0
0.0
0.0
0.0
0.0
0.0
0.0
0.0
0.0
0.0
0.0
0.0
0.0
0.0
0.0
0.0
0.0
0.0
0.0
0.0
0.0
1.0
0.0
0.0
0.0
0.0
0.0
0.0
0.0
0.0
0.0
0.0
0.0
0.0
-1.0
0.0
0.0
0.0
0.0
0.0
0.0
0.0
0.0
0.0
1.0
0.0
0.0
0.0
0.0
1.0
0.0
0.0
0.0
0.0
0.0
0.0
0.0
0.0
0.0
0.0
0.0
0.0
0.0
0.0
0.0
0.0
0.0
0.0
0.0
0.0
0.0
0.0
0.0
0.0
0.0
0.0
0.0
0.0
0.0
0.0
0.0
0.0
0.0
0.0
0.0
0.0
0.0
0.0
0.0
0.0
0.0
0.0
0.0
0.0
0.0
0.0
0.0
0.0
0.0
0.0
0.0
-1.0
0.0
0.0
0.0
0.0
0.0
0.0
0.0
0.0
0.0
0.0
0.0
0.0
-1.0
0.0
0.0
0.0
0.0
0.0
0.0
0.0
0.0
0.0
0.0
0.0
0.0
0.0
0.0
0.0
0.0
0.0
0.0
0.0
0.0
0.0
0.0
0.0
0.0
0.0
0.0
0.0
0.0
0.0
0.0
0.0
0.0
0.0
0.0
0.0
0.0
0.0
0.0
0.0
0.0
0.0
0.0
0.0
0.0
0.0
0.0
0.0
0.0
0.0
0.0
0.0
0.0
0.0
0.0
0.0
0.0
-1.0
0.0
0.0
0.0
0.0
0.0
0.0
0.0
0.0
0.0
0.0
0.0
0.0
0.0
0.0
0.0
0.0
1.0
0.0
0.0
0.0
0.0
0.0
0.0
0.0
0.0
0.0
0.0
0.0
0.0
0.0
0.0
0.0
0.0
0.0
0.0
0.0
0.0
0.0
0.0
0.0
0.0
0.0
0.0
0.0
0.0
0.0
0.0
0.0
0.0
0.0
0.0
0.0
0.0
0.0
0.0
0.0
0.0
0.0
0.0
0.0
0.0
0.0
0.0
0.0
0.0
0.0
0.0
0.0
0.0
0.0
0.0
0.0
0.0
0.0
0.0
0.0
0.0
0.0
0.0
0.0
0.0
0.0
0.0
0.0
0.0
0.0
0.0
0.0
0.0
0.0
0.0
0.0
0.0
0.0
0.0
0.0
0.0
0.0
0.0
0.0
0.0
0.0
0.0
0.0
0.0
0.0
0.0
0.0
0.0
0.0
0.0
0.0
0.0
0.0
0.0
0.0
0.0
0.0
0.0
0.0
0.0
0.0
0.0
0.0
0.0
0.0
0.0
0.0
0.0
0.0
0.0
0.0
0.0
0.0
0.0
0.0
0.0
0.0
0.0
0.0
0.0
0.0
0.0
0.0
0.0
0.0
0.0
0.0
0.0
0.0
0.0
0.0
0.0
0.0
0.0
0.0
0.0
0.0
0.0
0.0
0.0
0.0
0.0
0.0
0.0
0.0
0.0
0.0
0.0
0.0
0.0
0.0
0.0
0.0
0.0
0.0
0.0
0.0
0.0
0.0
0.0
0.0
0.0
0.0
0.0
0.0
0.0
0.0
0.0
0.0
0.0
0.0
0.0
0.0
0.0
0.0
0.0
0.0
0.0
0.0
0.0
0.0
0.0
0.0
0.0
0.0
0.0
0.0
0.0
0.0
0.0
0.0
0.0
0.0
0.0
0.0
0.0
0.0
0.0
0.0
0.0
0.0
0.0
0.0
0.0
0.0
0.0
0.0
0.0
0.0
0.0
0.0
0.0
0.0
0.0
0.0
0.0
0.0
0.0
0.0
0.0
0.0
0.0
0.0
0.0
0.0
0.0
0.0
0.0
0.0
0.0
0.0
0.0
0.0
0.0
0.0
0.0
0.0
0.0
0.0
0.0
0.0
0.0
0.0
0.0
0.0
0.0
0.0
0.0
0.0
0.0
0.0
0.0
0.0
0.0
0.0
0.0
0.0
0.0
0.0
0.0
0.0
0.0
0.0
0.0
0.0
0.0
0.0
0.0
0.0
0.0
0.0
0.0
0.0
0.0
0.0
0.0
0.0
0.0
0.0
0.0
0.0
0.0
0.0
0.0
0.0
0.0
0.0
0.0
0.0
0.0
0.0
0.0
0.0
0.0
0.0
0.0
0.0
0.0
0.0
0.0
0.0
0.0
0.0
0.0
0.0
0.0
0.0
0.0
0.0
0.0
0.0
0.0
0.0
0.0
0.0
0.0
0.0
0.0
0.0
0.0
0.0
0.0
0.0
0.0
0.0
0.0
0.0
0.0
0.0
0.0
0.0
0.0
0.0
0.0
0.0
0.0
0.0
0.0
0.0
0.0
0.0
0.0
0.0
0.0
0.0
0.0
0.0
0.0
0.0
0.0
0.0
0.0
0.0
0.0
0.0
0.0
0.0
0.0
0.0
0.0
0.0
0.0
0.0
0.0
0.0
0.0
0.0
0.0
0.0
0.0
0.0
0.0
0.0
0.0
0.0
0.0
0.0
0.0
0.0
0.0
0.0
0.0
0.0
0.0
0.0
0.0
0.0
0.0
0.0
0.0
0.0
0.0
0.0
0.0
0.0
0.0
0.0
0.0
0.0
0.0
0.0
0.0
0.0
0.0
0.0
0.0
0.0
0.0
0.0
0.0
0.0
0.0
0.0
0.0
0.0
0.0
0.0
0.0
0.0
0.0
0.0
0.0
0.0
0.0
0.0
0.0
0.0
0.0
0.0
0.0
0.0
0.0
0.0
0.0
0.0
0.0
0.0
0.0
0.0
0.0
0.0
0.0
0.0
0.0
0.0
0.0
0.0
0.0
0.0
0.0
0.0
0.0
0.0
0.0
0.0
0.0
0.0
0.0
0.0
0.0
0.0
0.0
0.0
0.0
0.0
0.0
0.0
0.0
0.0
0.0
0.0
0.0
0.0
0.0
0.0
0.0
0.0
0.0
0.0
0.0
0.0
0.0
0.0
0.0
0.0
0.0
0.0
0.0
0.0
0.0
0.0
0.0
0.0
0.0
0.0
0.0
0.0
0.0
0.0
0.0
0.0
0.0
0.0
0.0
0.0
0.0
0.0
0.0
0.0
0.0
0.0
0.0
0.0
0.0
0.0
0.0
0.0
0.0
0.0
0.0
0.0
0.0
0.0
0.0
0.0
0.0
0.0
0.0
0.0
0.0
0.0
0.0
0.0
0.0
0.0
0.0
0.0
0.0
0.0
0.0
0.0
0.0
0.0
1.0
0.0
0.0
0.0
0.0
0.0
0.0
0.0
0.0
0.0
0.0
0.0
0.0
1.0
0.0
0.0
0.0
0.0
0.0
0.0
0.0
0.0
0.0
0.0
0.0
0.0
0.0
0.0
0.0
0.0
0.0
0.0
0.0
0.0
0.0
0.0
0.0
0.0
0.0
0.0
0.0
0.0
0.0
0.0
0.0
0.0
0.0
0.0
0.0
0.0
0.0
0.0
0.0
0.0
0.0
0.0
0.0
0.0
0.0
0.0
0.0
0.0
0.0
0.0
0.0
0.0
0.0
0.0
0.0
0.0
0.0
0.0
0.0
0.0
0.0
0.0
0.0
0.0
0.0
0.0
0.0
0.0
0.0
0.0
0.0
0.0
0.0
0.0
0.0
0.0
0.0
0.0
0.0
0.0
0.0
0.0
0.0
0.0
0.0
0.0
0.0
0.0
0.0
0.0
0.0
0.0
0.0
0.0
0.0
0.0
0.0
0.0
0.0
0.0
0.0
0.0
0.0
0.0
0.0
0.0
0.0
0.0
0.0
0.0
0.0
0.0
0.0
0.0
0.0
0.0
0.0
0.0
0.0
0.0
0.0
0.0
0.0
0.0
0.0
0.0
0.0
0.0
0.0
0.0
0.0
0.0
0.0
0.0
0.0
0.0
0.0
0.0
0.0
0.0
0.0
0.0
0.0
0.0
0.0
0.0
0.0
0.0
0.0
0.0
0.0
0.0
0.0
0.0
0.0
0.0
0.0
0.0
0.0
0.0
0.0
0.0
0.0
0.0
0.0
0.0
0.0
0.0
0.0
0.0
0.0
0.0
0.0
0.0
0.0
0.0
0.0
0.0
0.0
0.0
0.0
0.0
0.0
0.0
0.0
0.0
0.0
0.0
0.0
0.0
0.0
0.0
0.0
0.0
0.0
0.0
0.0
0.0
0.0
0.0
0.0
0.0
0.0
0.0
0.0
0.0
0.0
0.0
0.0
0.0
0.0
0.0
0.0
0.0
0.0
0.0
0.0
0.0
0.0
0.0
0.0
0.0
0.0
0.0
0.0
0.0
0.0
0.0
0.0
0.0
0.0
0.0
0.0
0.0
0.0
0.0
0.0
0.0
0.0
0.0
0.0
0.0
0.0
0.0
0.0
0.0
0.0
0.0
0.0
0.0
0.0
0.0
0.0
0.0
0.0
0.0
0.0
0.0
0.0
0.0
0.0
0.0
0.0
0.0
0.0
0.0
0.0
0.0
0.0
0.0
0.0
0.0
0.0
0.0
0.0
0.0
0.0
0.0
0.0
0.0
0.0
0.0
0.0
0.0
0.0
0.0
0.0
0.0
0.0
0.0
0.0
0.0
0.0
0.0
0.0
0.0
0.0
0.0
0.0
0.0
0.0
0.0
0.0
0.0
0.0
0.0
0.0
0.0
0.0
0.0
0.0
0.0
0.0
0.0
-1.0
0.0
0.0
0.0
0.0
0.0
0.0
0.0
0.0
0.0
0.0
0.0
0.0
0.0
0.0
0.0
0.0
0.0
0.0
0.0
0.0
0.0
0.0
0.0
0.0
0.0
0.0
0.0
0.0
0.0
0.0
0.0
0.0
0.0
0.0
0.0
0.0
0.0
0.0
0.0
0.0
0.0
0.0
0.0
0.0
0.0
0.0
0.0
0.0
0.0
0.0
0.0
0.0
0.0
0.0
0.0
0.0
0.0
0.0
0.0
0.0
0.0
0.0
0.0
0.0
0.0
0.0
0.0
0.0
0.0
0.0
0.0
0.0
0.0
0.0
0.0
0.0
0.0
0.0
0.0
0.0
0.0
0.0
0.0
0.0
0.0
0.0
0.0
0.0
0.0
0.0
0.0
0.0
0.0
0.0
0.0
0.0
0.0
0.0
0.0
0.0
0.0
0.0
0.0
0.0
0.0
0.0
0.0
0.0
0.0
0.0
0.0
0.0
0.0
0.0
0.0
0.0
0.0
0.0
0.0
0.0
0.0
0.0
0.0
0.0
0.0
0.0
0.0
0.0
0.0
0.0
0.0
0.0
0.0
0.0
0.0
0.0
0.0
0.0
0.0
0.0
0.0
0.0
0.0
0.0
0.0
0.0
0.0
0.0
0.0
0.0
0.0
0.0
0.0
0.0
0.0
0.0
0.0
0.0
0.0
0.0
0.0
0.0
0.0
0.0
0.0
0.0
0.0
0.0
0.0
0.0
0.0
0.0
0.0
0.0
0.0
0.0
0.0
0.0
0.0
0.0
0.0
0.0
0.0
0.0
0.0
0.0
0.0
0.0
0.0
0.0
0.0
0.0
0.0
0.0
0.0
0.0
0.0
0.0
0.0
0.0
0.0
0.0
0.0
0.0
0.0
0.0
0.0
0.0
0.0
0.0
0.0
0.0
0.0
0.0
0.0
0.0
0.0
0.0
0.0
0.0
0.0
0.0
-1.0
0.0
0.0
0.0
0.0
0.0
0.0
0.0
0.0
0.0
0.0
0.0
0.0
0.0
0.0
0.0
0.0
0.0
0.0
0.0
0.0
0.0
0.0
0.0
0.0
0.0
0.0
0.0
0.0
0.0
0.0
0.0
0.0
0.0
0.0
0.0
0.0
0.0
0.0
0.0
0.0
0.0
0.0
0.0
0.0
0.0
0.0
0.0
0.0
0.0
0.0
0.0
0.0
0.0
0.0
0.0
0.0
0.0
0.0
0.0
0.0
0.0
0.0
0.0
0.0
0.0
0.0
0.0
0.0
0.0
0.0
0.0
0.0
0.0
0.0
0.0
0.0
0.0
0.0
0.0
0.0
0.0
0.0
0.0
0.0
0.0
0.0
0.0
0.0
0.0
0.0
0.0
0.0
0.0
0.0
0.0
0.0
0.0
0.0
0.0
0.0
0.0
0.0
0.0
0.0
0.0
0.0
0.0
0.0
0.0
0.0
0.0
0.0
0.0
0.0
0.0
0.0
0.0
0.0
0.0
0.0
0.0
0.0
0.0
0.0
0.0
0.0
0.0
0.0
0.0
0.0
0.0
0.0
0.0
0.0
0.0
0.0
0.0
0.0
0.0
0.0
0.0
0.0
0.0
0.0
0.0
0.0
0.0
0.0
0.0
0.0
0.0
0.0
0.0
0.0
0.0
0.0
0.0
0.0
0.0
0.0
0.0
0.0
0.0
0.0
0.0
0.0
0.0
0.0
0.0
0.0
0.0
0.0
0.0
0.0
0.0
0.0
0.0
0.0
0.0
0.0
0.0
0.0
0.0
0.0
0.0
0.0
0.0
0.0
0.0
0.0
0.0
0.0
0.0
100.0
307378.0
45056.0
262144.0
0.0
0.0
0.0
0.0
0.0
0.0
0.0
0.0
0.0
0.0
0.0
0.0
0.0
0.0
0.0
0.0
0.0
0.0
60.0
307478.0
0.0
0.0
0.0
0.0
