0.08472652
0.0067985007
0.0033088592
0.0019447765
0.009370537
0.0012230179
0.0011887789
0.0030390557
0.006158916
0.0035827714
0.0009970404
0.0015119953
0.0052139186
0.0074326075
0.00066560664
0.0140900435
0.002988382
0.010090925
0.000617672
0.0022666233
0.005557678
0.00072723685
0.0024624707
0.00037799883
0.0017324946
0.00074641075
0.00045195513
0.0018557551
0.00458666
0.0008066714
0.002392623
0.000898432
0.0015119953
0.0006163024
0.0005683678
0.0005190636
0.011765898
0.00085049734
0.0019064288
0.00071764993
0.0012394526
0.002258406
0.0007203891
0.0005752156
0.0010244315
0.0014709085
0.0012463005
0.0010258012
0.0018708203
0.0035868802
0.0048961802
0.00076284545
0.0007450412
0.00043962908
0.0016256688
0.00036019454
0.0020159937
0.0012901265
0.0018132987
0.0022227974
0.0022406017
0.005412505
0.0009956708
0.0006834109
0.005320744
0.0029527734
0.0036978147
0.0039059878
0.0052988315
0.013229959
0.0020543414
0.001650321
0.001962581
0.0013668218
0.0021351455
0.0038087491
0.0046811593
0.00464692
0.002851426
0.0011271486
0.0034444458
0.0010299098
0.0032116205
0.0018708203
0.002161167
0.0065903272
0.0024843835
0.003706032
0.0012367135
0.0029020996
0.0015873212
0.0033896633
0.0024460359
0.0059877206
0.0014339304
0.002485753
0.002654209
0.0062753283
0.0019981894
0.0011531704
0.0014010608
0.0023186668
0.0018694507
0.0011846703
0.0011613877
0.00064643275
0.0022570365
0.0018639725
0.00633148
0.0023255146
0.002514514
0.0011942572
0.0027870566
0.0010436055
0.0027281654
0.0006697153
0.003647141
0.0037142492
0.005774069
0.00057932426
0.006357502
0.00071080215
0.0023844056
0.0020201025
0.0020721457
0.005608352
0.0011833006
0.00081488874
0.0024816445
0.005942525
0.0018023422
0.018427443
0.039005097
0.016058102
0.028056826
0.0045181816
0.009528035
0.0222718
0.0027569262
0.019329984
0.0023200363
0.006462958
0.0015982776
0.0005656287
0.011871355
0.00054782437
0.0013572349
0.0015243214
0.00168456
0.0034923805
0.001044975
0.00046428115
0.0020858413
0.00056288956
0.0010121055
0.00032458594
0.0010819532
0.00086830166
0.0005039984
0.00031773813
0.0015037779
0.0009025407
0.0006080851
0.00073819334
0.00094636664
0.0007601063
0.0014982997
0.00041908564
0.004746898
0.0012367135
0.003552641
0.00038347708
0.0010956487
0.0014626911
0.00093130145
0.00062999805
0.0016941469
0.0006478023
0.00080393226
0.00059028075
0.0041812696
0.0023309928
0.002485753
0.0024884923
0.0032499682
0.0010545619
0.00096006226
0.0016996252
0.0027843174
0.0014531042
0.0012367135
0.0031047948
0.0041032047
0.0010011491
0.0010436055
0.0020392763
0.002763774
0.0013873653
0.0022762103
0.008022889
0.003269142
0.006067155
0.002036537
0.0049865716
0.00062588934
0.0016010167
0.00043415083
0.0016352558
0.0019447765
0.0011613877
0.003733423
0.00097238825
0.001481865
0.0018119292
0.001606495
0.0018804072
0.002748709
0.0033595331
0.000954584
0.0029829037
0.0012106919
0.00056152
0.0011545399
0.0004382595
0.0031732728
0.0022529277
0.00061904156
0.004104574
0.0012161701
0.0075202594
0.0012408223
0.0043935515
0.007439455
0.006057568
0.0019516244
0.00374301
0.011490616
0.028523846
0.004956441
0.004509964
0.004975615
0.0034184242
0.0018968419
0.0021502108
0.0040812916
0.0026007963
0.003671793
0.009789621
0.04579264
0.0069875
0.006510893
0.0022515582
0.005732982
0.0032896854
0.003964879
0.031649183
0.03230337
0.0
0.0
0.0
0.0
0.0
0.0
0.0
0.0
0.0
0.0
0.0
0.0
0.0
0.0
0.0
0.0013221998
0.0
2.0573648e-06
6.857883e-07
1.3715766e-05
0.0
6.857883e-07
5.4863062e-06
6.857883e-07
2.7431531e-06
3.4289415e-06
2.7431531e-06
1.3715766e-06
0.0
1.1658401e-05
3.7032565e-05
0.0012645936
5.4863062e-06
4.1147296e-06
5.4863062e-06
3.4289415e-06
4.800518e-06
7.6122495e-05
3.4289415e-06
6.1720943e-06
4.1147296e-06
6.1720943e-06
2.7431531e-06
4.1147296e-06
5.4863062e-06
4.1147296e-06
4.1147296e-06
0.003455687
3.7032565e-05
2.0573648e-06
6.857883e-07
1.6458918e-05
0.0
6.857883e-07
0.00015635973
6.857883e-07
2.7431531e-06
3.4289415e-06
2.7431531e-06
1.3715766e-06
0.0
1.4401554e-05
0.00051914173
0.0022980764
1.1658401e-05
4.5947814e-05
2.1259437e-05
9.94393e-05
1.3715766e-05
0.00015978867
6.0349368e-05
1.3715766e-05
1.6458918e-05
1.0286824e-05
1.8516283e-05
1.09726125e-05
6.1720943e-06
5.4863062e-06
1.7144706e-05
0.0
0.0
0.0
0.0
0.0
0.0
0.0
0.0
0.0
0.0
0.0
0.0
0.0
0.0
0.0
0.0
0.0
0.0
0.0
0.0
0.0
0.0
0.0
0.0
0.0
0.0
0.0
0.0
0.0
0.0
0.0
0.0
0.0028515076
2.0573649e-05
6.720725e-05
0.00018584862
6.1720944e-05
3.8404145e-05
0.00018859177
0.00016870392
0.0020813674
0.00017076128
1.7830494e-05
0.0003031184
1.577313e-05
2.9488896e-05
0.00086752215
0.0013585465
0.0021842357
0.00012755662
7.132198e-05
0.00021396595
0.00011864137
0.00012001295
0.00070361875
0.00034083676
0.0026965195
9.6696145e-05
7.2007766e-05
0.0004443908
6.377831e-05
3.154626e-05
0.000819517
0.0017268149
0.0034378567
0.0010348544
0.00083254697
0.00096353254
0.0010993186
0.001234419
0.0017158423
0.0011459521
0.032625005
0.0011555533
0.0014723875
0.00079962914
0.0007550529
0.000702933
0.014366578
0.019523706
0.00049376755
0.00048416652
0.0004087298
0.0002798016
0.00032986415
0.0007701402
0.00065835676
0.000246198
0.011215381
0.0004382187
0.00052531384
0.00038472723
0.0002509985
0.0002043649
0.0055432264
0.0072611263
0.0032760105
0.00077425496
0.0007180203
0.0006480699
0.0012981972
0.0014909037
0.0017741342
0.00065629935
0.0061515206
0.00035180937
0.0004389045
0.00093335786
0.00037924093
0.000210537
0.0038486437
0.0065444773
0.0075100674
0.0019394092
0.0031930301
0.0037368604
0.007472349
0.010432211
0.009190248
0.001353746
0.006166608
0.0012131594
0.000573319
0.0037320598
0.0037149151
0.0034323703
0.0126809105
0.016355364
0.045595318
0.0085874405
0.013245314
0.00726867
0.025942
0.020346653
0.010282709
0.008227402
0.04351601
0.0089378785
0.0037094287
0.009734765
0.016175002
0.008119733
0.021626333
0.042224668
0.037050396
0.019834368
0.0077871257
0.012466259
0.018642468
0.009579777
0.008879586
0.022742111
0.061973315
0.013578608
0.010834769
0.0105872
0.016823757
0.010903347
0.026177224
0.035173394
0.008057326
0.005729761
0.0016225751
0.005165357
0.005577516
0.0018715162
0.0034440288
0.0070204143
0.014887092
0.0027980162
0.0037663493
0.003806125
0.0051091225
0.0043478976
0.0072138067
0.008066242
514.0
10.651751
5475.0
0.010958904
0.0012785388
0.0010958904
0.00036529682
0.0023744293
0.005479452
0.0005479452
0.002739726
0.0016438356
0.0038356164
0.00073059363
0.00036529682
0.0010958904
0.004200913
0.0038356164
0.004018265
0.005844749
0.017351598
0.01479452
0.0038356164
0.003105023
0.00456621
0.001826484
0.0029223745
0.0051141554
0.004018265
0.015525114
0.004200913
0.0023744293
0.012968036
0.0014611873
0.00018264841
0.0023744293
0.0060273972
0.004200913
0.0056621004
0.005479452
0.018995434
0.004200913
0.004018265
0.0038356164
0.014611872
0.0049315067
0.012420092
0.0060273972
0.008767123
0.0051141554
0.0025570777
0.003105023
0.00036529682
0.0023744293
0.020273972
0.002739726
0.0043835617
0.0014611873
0.0014611873
0.0014611873
0.0020091324
0.000913242
0.017899543
0.0052968035
0.020273972
0.017899543
0.056621004
0.00073059363
0.044748858
0.018630138
0.042009134
0.014429224
0.056986302
0.015707763
0.0100456625
0.007305936
0.033607304
0.0052968035
0.0005479452
0.025388127
0.021369863
0.027214611
0.026118722
0.01369863
0.0016438356
0.042009134
0.03525114
0.06484018
0.015159817
0.013881278
0.0032876711
0.015342466
0.009315069
0.007671233
0.002739726
0.007671233
0.0020091324
0.001826484
0.0010958904
5.7227902
0.0
0.0
0.0
2.0
730161.0
352256.0
0.0
0.0
76.0
0.0
1.0
0.0
0.0
48.0
1393483300.0
0.0
0.0
0.0
0.0
0.0
1.0
0.0
0.0
0.0
0.0
0.0
0.0
-1.0
0.0
0.0
-1.0
1.0
0.0
0.0
0.0
0.0
0.0
0.0
0.0
0.0
0.0
0.0
0.0
-1.0
0.0
0.0
0.0
0.0
0.0
0.0
0.0
0.0
0.0
0.0
0.0
0.0
-1.0
0.0
0.0
0.0
0.0
0.0
0.0
0.0
0.0
1.0
0.0
2.0
56.0
4.0
0.0
4.0
0.0
245760.0
512.0
4096.0
2.0
0.0
0.0
2.0
2.0
0.0
0.0
0.0
0.0
0.0
0.0
0.0
0.0
0.0
0.0
0.0
0.0
0.0
0.0
0.0
0.0
0.0
0.0
0.0
0.0
0.0
0.0
0.0
0.0
0.0
0.0
0.0
0.0
0.0
0.0
0.0
0.0
0.0
0.0
0.0
0.0
0.0
0.0
0.0
0.0
0.0
-285184.0
0.0
30208.0
0.0
0.0
0.0
0.0
0.0
0.0
0.0
0.0
0.0
0.0
0.0
0.0
0.0
0.0
0.0
0.0
0.0
0.0
0.0
0.0
0.0
0.0
0.0
0.0
0.0
0.0
0.0
0.0
0.0
0.0
0.0
0.0
0.0
0.0
0.0
0.0
0.0
0.0
0.0
0.0
0.0
0.0
0.0
0.0
0.0
0.0
0.0
-5.779121
0.0
6.905213
0.0
0.0
0.0
0.0
0.0
0.0
0.0
0.0
0.0
0.0
0.0
0.0
0.0
0.0
0.0
0.0
0.0
0.0
0.0
0.0
0.0
0.0
0.0
0.0
0.0
0.0
0.0
0.0
0.0
0.0
0.0
0.0
0.0
0.0
0.0
0.0
0.0
0.0
0.0
0.0
0.0
0.0
0.0
0.0
0.0
0.0
0.0
-315392.0
0.0
32768.0
0.0
0.0
0.0
0.0
0.0
0.0
0.0
0.0
0.0
-1.0
0.0
0.0
0.0
0.0
0.0
1.0
0.0
0.0
0.0
0.0
0.0
0.0
0.0
0.0
0.0
0.0
0.0
0.0
0.0
0.0
0.0
0.0
0.0
0.0
0.0
0.0
0.0
0.0
0.0
0.0
0.0
0.0
0.0
0.0
0.0
-2.0
0.0
0.0
0.0
1.0
0.0
0.0
0.0
0.0
0.0
0.0
1.0
0.0
0.0
0.0
0.0
0.0
0.0
0.0
0.0
0.0
0.0
0.0
0.0
-1.0
0.0
0.0
0.0
0.0
0.0
0.0
0.0
0.0
0.0
1.0
0.0
0.0
0.0
0.0
1.0
0.0
0.0
0.0
0.0
0.0
0.0
0.0
0.0
1.0
0.0
0.0
0.0
0.0
0.0
0.0
0.0
0.0
0.0
0.0
0.0
0.0
0.0
0.0
0.0
0.0
0.0
0.0
0.0
0.0
0.0
0.0
0.0
0.0
0.0
0.0
0.0
0.0
0.0
0.0
0.0
0.0
0.0
0.0
0.0
0.0
0.0
0.0
0.0
0.0
0.0
0.0
0.0
0.0
0.0
0.0
0.0
0.0
0.0
0.0
0.0
0.0
0.0
0.0
0.0
0.0
0.0
0.0
0.0
0.0
0.0
0.0
0.0
0.0
0.0
0.0
0.0
0.0
0.0
0.0
0.0
0.0
0.0
0.0
0.0
0.0
0.0
0.0
0.0
0.0
0.0
0.0
0.0
0.0
0.0
0.0
0.0
0.0
0.0
0.0
0.0
0.0
0.0
0.0
0.0
0.0
0.0
0.0
0.0
0.0
0.0
0.0
0.0
0.0
0.0
0.0
0.0
0.0
0.0
0.0
0.0
0.0
0.0
0.0
0.0
0.0
0.0
0.0
0.0
0.0
0.0
0.0
0.0
0.0
0.0
0.0
0.0
0.0
0.0
1.0
0.0
0.0
0.0
0.0
0.0
0.0
0.0
0.0
0.0
0.0
0.0
0.0
0.0
0.0
0.0
0.0
0.0
0.0
0.0
0.0
0.0
0.0
0.0
0.0
0.0
0.0
0.0
0.0
0.0
0.0
0.0
0.0
0.0
0.0
0.0
0.0
0.0
0.0
0.0
0.0
0.0
0.0
0.0
0.0
0.0
0.0
0.0
0.0
0.0
0.0
0.0
0.0
0.0
0.0
0.0
0.0
0.0
0.0
0.0
0.0
0.0
0.0
0.0
0.0
0.0
0.0
0.0
0.0
0.0
0.0
0.0
0.0
0.0
0.0
0.0
0.0
0.0
0.0
0.0
0.0
0.0
0.0
0.0
1.0
0.0
0.0
0.0
0.0
0.0
0.0
0.0
0.0
0.0
0.0
0.0
0.0
0.0
0.0
0.0
0.0
0.0
0.0
0.0
0.0
0.0
0.0
0.0
0.0
0.0
0.0
0.0
0.0
0.0
-1.0
0.0
0.0
0.0
0.0
0.0
0.0
0.0
0.0
0.0
0.0
0.0
0.0
0.0
0.0
0.0
0.0
0.0
0.0
0.0
0.0
0.0
0.0
0.0
0.0
0.0
1.0
0.0
0.0
0.0
0.0
0.0
0.0
0.0
0.0
0.0
0.0
0.0
0.0
0.0
0.0
0.0
0.0
0.0
0.0
0.0
0.0
0.0
0.0
0.0
-1.0
0.0
0.0
0.0
0.0
0.0
0.0
0.0
0.0
0.0
0.0
0.0
0.0
0.0
0.0
0.0
0.0
0.0
0.0
0.0
0.0
0.0
-1.0
0.0
1.0
0.0
-1.0
-2.0
-1.0
0.0
0.0
0.0
0.0
0.0
0.0
0.0
0.0
0.0
1.0
0.0
0.0
0.0
0.0
0.0
0.0
0.0
0.0
0.0
0.0
0.0
0.0
0.0
0.0
0.0
0.0
0.0
0.0
0.0
0.0
0.0
0.0
0.0
0.0
0.0
0.0
0.0
0.0
0.0
0.0
0.0
0.0
0.0
0.0
0.0
0.0
0.0
0.0
0.0
0.0
0.0
0.0
0.0
0.0
0.0
0.0
0.0
1.0
0.0
0.0
0.0
0.0
0.0
0.0
0.0
0.0
0.0
0.0
0.0
0.0
0.0
0.0
0.0
0.0
0.0
0.0
0.0
0.0
0.0
0.0
0.0
0.0
0.0
0.0
0.0
0.0
0.0
0.0
0.0
0.0
0.0
0.0
0.0
0.0
0.0
0.0
0.0
0.0
0.0
0.0
0.0
0.0
-1.0
0.0
0.0
0.0
0.0
-1.0
0.0
0.0
0.0
0.0
0.0
0.0
0.0
0.0
0.0
0.0
0.0
0.0
0.0
0.0
0.0
0.0
0.0
0.0
0.0
0.0
0.0
0.0
0.0
0.0
0.0
0.0
0.0
0.0
0.0
0.0
0.0
0.0
0.0
0.0
0.0
0.0
0.0
0.0
0.0
0.0
0.0
0.0
0.0
0.0
0.0
0.0
0.0
0.0
0.0
0.0
0.0
0.0
0.0
0.0
0.0
0.0
0.0
0.0
0.0
0.0
0.0
0.0
0.0
0.0
0.0
0.0
0.0
0.0
0.0
0.0
0.0
0.0
0.0
0.0
0.0
0.0
1.0
0.0
0.0
0.0
0.0
0.0
0.0
0.0
0.0
0.0
0.0
0.0
0.0
0.0
0.0
0.0
0.0
-1.0
0.0
0.0
0.0
0.0
0.0
0.0
0.0
0.0
0.0
0.0
0.0
0.0
0.0
0.0
0.0
0.0
0.0
-1.0
0.0
0.0
-1.0
0.0
0.0
0.0
-1.0
0.0
0.0
0.0
0.0
1.0
0.0
0.0
0.0
0.0
0.0
0.0
0.0
0.0
0.0
0.0
0.0
0.0
0.0
0.0
0.0
0.0
0.0
0.0
0.0
0.0
0.0
0.0
0.0
0.0
0.0
0.0
0.0
0.0
0.0
0.0
0.0
0.0
0.0
0.0
0.0
0.0
0.0
0.0
0.0
0.0
1.0
0.0
0.0
0.0
0.0
0.0
0.0
0.0
0.0
1.0
0.0
0.0
0.0
0.0
0.0
0.0
0.0
0.0
0.0
0.0
0.0
0.0
0.0
0.0
0.0
0.0
0.0
0.0
0.0
0.0
0.0
0.0
0.0
0.0
1.0
0.0
0.0
0.0
0.0
0.0
0.0
0.0
0.0
0.0
0.0
0.0
0.0
0.0
0.0
0.0
0.0
0.0
0.0
0.0
0.0
0.0
0.0
0.0
0.0
0.0
0.0
0.0
0.0
0.0
0.0
0.0
0.0
0.0
0.0
0.0
0.0
0.0
0.0
0.0
0.0
0.0
0.0
0.0
0.0
0.0
0.0
0.0
0.0
0.0
0.0
0.0
0.0
0.0
0.0
0.0
0.0
0.0
0.0
0.0
0.0
0.0
0.0
0.0
0.0
0.0
0.0
0.0
0.0
0.0
0.0
0.0
0.0
-1.0
0.0
0.0
0.0
0.0
-1.0
0.0
0.0
0.0
0.0
0.0
0.0
0.0
1.0
0.0
0.0
0.0
0.0
0.0
0.0
0.0
0.0
0.0
0.0
0.0
0.0
0.0
0.0
0.0
0.0
0.0
0.0
0.0
0.0
0.0
-1.0
0.0
0.0
0.0
0.0
0.0
0.0
0.0
0.0
0.0
0.0
0.0
-1.0
0.0
0.0
0.0
0.0
0.0
0.0
0.0
0.0
0.0
0.0
0.0
0.0
0.0
0.0
0.0
0.0
0.0
1.0
0.0
0.0
0.0
0.0
0.0
0.0
0.0
-1.0
0.0
0.0
0.0
0.0
0.0
0.0
0.0
0.0
0.0
0.0
0.0
0.0
0.0
0.0
0.0
0.0
0.0
0.0
0.0
0.0
0.0
0.0
0.0
0.0
0.0
0.0
0.0
0.0
0.0
0.0
0.0
0.0
0.0
0.0
0.0
0.0
0.0
0.0
0.0
0.0
0.0
0.0
0.0
0.0
-1.0
0.0
0.0
0.0
0.0
0.0
0.0
0.0
0.0
0.0
0.0
0.0
0.0
0.0
0.0
0.0
0.0
0.0
0.0
0.0
-1.0
0.0
0.0
0.0
-1.0
0.0
0.0
0.0
0.0
0.0
0.0
0.0
-1.0
0.0
0.0
0.0
0.0
0.0
0.0
0.0
0.0
0.0
-1.0
0.0
0.0
0.0
0.0
0.0
0.0
0.0
0.0
0.0
0.0
0.0
0.0
1.0
0.0
0.0
0.0
-1.0
0.0
0.0
-1.0
-1.0
0.0
0.0
0.0
0.0
0.0
0.0
0.0
0.0
0.0
0.0
0.0
0.0
0.0
0.0
0.0
0.0
0.0
0.0
0.0
0.0
0.0
0.0
0.0
0.0
0.0
0.0
0.0
0.0
0.0
0.0
0.0
0.0
0.0
0.0
0.0
1.0
0.0
0.0
0.0
-1.0
0.0
0.0
0.0
0.0
0.0
0.0
0.0
0.0
0.0
0.0
0.0
0.0
-1.0
0.0
0.0
0.0
0.0
0.0
1.0
0.0
0.0
0.0
0.0
0.0
0.0
0.0
0.0
0.0
0.0
0.0
0.0
0.0
0.0
0.0
0.0
0.0
0.0
0.0
0.0
0.0
0.0
0.0
0.0
0.0
0.0
0.0
1.0
0.0
0.0
0.0
0.0
0.0
0.0
0.0
0.0
0.0
0.0
0.0
0.0
0.0
-1.0
0.0
0.0
0.0
-1.0
0.0
1.0
0.0
0.0
1.0
1.0
0.0
0.0
0.0
0.0
0.0
0.0
0.0
0.0
0.0
0.0
0.0
1.0
0.0
0.0
0.0
0.0
0.0
0.0
0.0
1.0
0.0
0.0
0.0
1.0
0.0
0.0
0.0
0.0
0.0
-1.0
0.0
0.0
0.0
0.0
0.0
0.0
0.0
0.0
0.0
0.0
0.0
0.0
0.0
0.0
0.0
1.0
0.0
0.0
1.0
0.0
0.0
0.0
0.0
0.0
0.0
0.0
0.0
0.0
0.0
0.0
1.0
0.0
0.0
0.0
0.0
0.0
0.0
0.0
0.0
-1.0
0.0
0.0
0.0
0.0
0.0
0.0
0.0
0.0
0.0
1.0
0.0
0.0
0.0
0.0
2.0
0.0
0.0
0.0
0.0
0.0
0.0
0.0
0.0
0.0
0.0
0.0
0.0
0.0
0.0
0.0
0.0
0.0
0.0
0.0
0.0
0.0
0.0
0.0
0.0
1.0
0.0
0.0
0.0
0.0
0.0
0.0
0.0
1.0
0.0
0.0
0.0
0.0
0.0
0.0
0.0
0.0
0.0
-1.0
0.0
0.0
0.0
0.0
0.0
0.0
0.0
0.0
0.0
0.0
0.0
0.0
0.0
0.0
0.0
-1.0
0.0
-1.0
0.0
0.0
0.0
0.0
0.0
0.0
0.0
0.0
1.0
0.0
0.0
0.0
0.0
0.0
0.0
0.0
0.0
0.0
0.0
0.0
0.0
1.0
0.0
0.0
0.0
0.0
0.0
0.0
0.0
0.0
0.0
0.0
0.0
0.0
0.0
0.0
0.0
0.0
0.0
0.0
0.0
0.0
0.0
0.0
0.0
0.0
-1.0
0.0
0.0
0.0
0.0
0.0
0.0
0.0
0.0
0.0
0.0
0.0
0.0
0.0
0.0
0.0
0.0
0.0
0.0
0.0
0.0
0.0
0.0
0.0
0.0
0.0
0.0
0.0
1.0
0.0
0.0
0.0
0.0
0.0
0.0
0.0
0.0
0.0
0.0
0.0
0.0
0.0
-2.0
0.0
0.0
0.0
0.0
0.0
0.0
0.0
0.0
0.0
0.0
0.0
0.0
1.0
0.0
0.0
0.0
0.0
0.0
0.0
0.0
0.0
0.0
0.0
0.0
-1.0
0.0
0.0
0.0
1.0
0.0
0.0
0.0
0.0
0.0
0.0
0.0
0.0
0.0
0.0
0.0
0.0
0.0
0.0
0.0
1.0
0.0
0.0
0.0
0.0
0.0
0.0
0.0
0.0
0.0
0.0
0.0
0.0
0.0
0.0
1.0
0.0
0.0
0.0
0.0
0.0
0.0
0.0
0.0
0.0
0.0
0.0
0.0
0.0
0.0
0.0
0.0
0.0
0.0
0.0
0.0
0.0
0.0
0.0
0.0
0.0
0.0
0.0
0.0
0.0
0.0
0.0
0.0
0.0
0.0
0.0
0.0
0.0
0.0
0.0
0.0
0.0
0.0
0.0
0.0
0.0
0.0
0.0
0.0
0.0
0.0
0.0
0.0
0.0
0.0
0.0
0.0
0.0
0.0
0.0
0.0
0.0
0.0
0.0
0.0
0.0
0.0
0.0
0.0
0.0
0.0
0.0
0.0
0.0
0.0
0.0
0.0
0.0
0.0
0.0
0.0
0.0
0.0
0.0
0.0
0.0
0.0
0.0
0.0
0.0
0.0
0.0
0.0
0.0
0.0
0.0
0.0
0.0
0.0
0.0
0.0
0.0
0.0
0.0
0.0
0.0
0.0
0.0
0.0
0.0
0.0
0.0
0.0
0.0
0.0
0.0
0.0
0.0
0.0
0.0
0.0
0.0
0.0
0.0
0.0
0.0
0.0
0.0
0.0
0.0
0.0
0.0
0.0
0.0
100.0
286720.0
26560.0
319488.0
0.0
0.0
0.0
0.0
0.0
0.0
0.0
0.0
0.0
0.0
0.0
0.0
0.0
0.0
0.0
0.0
0.0
0.0
0.0
0.0
0.0
0.0
0.0
0.0
