0.1056372
0.007207094
0.0032087236
0.002262401
0.0038040923
0.00471908
0.0024880143
0.0021746624
0.0060978285
0.0043618586
0.003572212
0.002462946
0.0023564065
0.0017798389
0.0036912856
0.0033653998
0.0034782065
0.0032901953
0.0050136307
0.0021683953
0.0049697617
0.0018362423
0.0025256164
0.0027073605
0.002939241
0.0018237082
0.002287469
0.0018613104
0.0027198948
0.0020430544
0.004411995
0.0022059975
0.006711998
0.004236518
0.002744963
0.003941967
0.003064582
0.0032713942
0.0020618557
0.0020681226
0.0029016389
0.0018299753
0.0051201703
0.005571397
0.0023250713
0.0023313384
0.0054021874
0.002287469
0.0032212578
0.0022498667
0.0025318835
0.0016732992
0.0056215334
0.00292044
0.0064675836
0.00438066
0.005822079
0.0027888322
0.007652054
0.0031397862
0.0032337918
0.002744963
0.002945508
0.002600821
0.005897283
0.0049697617
0.005740607
0.0046313414
0.002945508
0.00258202
0.0023752076
0.0027324287
0.002406543
0.005759408
0.0028139004
0.0025757528
0.0025256164
0.002958042
0.0024942814
0.0054460564
0.0024190769
0.0050888355
0.0021621282
0.0024316108
0.0030332466
0.0065866574
0.0028264343
0.004562404
0.0024128098
0.0024754803
0.001786106
0.0022122646
0.0024692132
0.0021746624
0.004574938
0.002268668
0.0038291605
0.005834613
0.0026822924
0.0028577696
0.0077084573
0.005339517
0.004399461
0.0024754803
0.0035220757
0.0046626767
0.004925892
0.0071005546
0.003277661
0.0031397862
0.004600006
0.0060414253
0.002782565
0.0044558644
0.003760223
0.0036787516
0.005552596
0.003409269
0.0024692132
0.002437878
0.002268668
0.0031773886
0.0025694857
0.0043054554
0.0051201703
0.0039983704
0.0030269795
0.0030269795
0.002268668
0.0017422367
0.0020555886
0.005157773
0.0017297026
0.0020430544
0.0016858333
0.0015980948
0.003064582
0.0026321562
0.004405728
0.0023501394
0.0041675805
0.0023752076
0.0021307932
0.0022435999
0.001949049
0.0025130825
0.002619622
0.002105725
0.004524802
0.0047692163
0.0017046345
0.002456679
0.0022059975
0.0026321562
0.02596434
0.004267853
0.0021495942
0.0025444177
0.0018613104
0.0032964624
0.004405728
0.007445242
0.0026384231
0.0028452354
0.002776298
0.004023439
0.0028703036
0.0036850187
0.0069501456
0.0031523204
0.0021683953
0.0041111773
0.0029831103
0.0043555917
0.004411995
0.002588287
0.0044683986
0.006129164
0.0018049071
0.0047629494
0.00179864
0.0025569517
0.003440604
0.0025569517
0.002124526
0.00421145
0.003898098
0.0028264343
0.0023062702
0.0056716697
0.0021119919
0.0055024596
0.0033152634
0.002287469
0.0054585906
0.003083383
0.0047880174
0.006818538
0.00438066
0.004506001
0.007595651
0.007144424
0.0026321562
0.004399461
0.0031335193
0.0019991852
0.0021997306
0.0018362423
0.0035158086
0.004393194
0.0041111773
0.0024817472
0.004756682
0.0027073605
0.0023689405
0.0023250713
0.002600821
0.0019929183
0.003572212
0.0020054523
0.0035283426
0.0020493215
0.0021621282
0.0039858366
0.0044370634
0.002588287
0.0026384231
0.0023877416
0.002262401
0.0019866512
0.0021746624
0.0022185317
0.0038291605
0.0035346097
0.0025945539
0.00471908
0.0025381506
0.006304641
0.002437878
0.003572212
0.0018487764
0.0024316108
0.0020806568
0.0020493215
0.0022373328
0.0019365149
0.0019302479
0.0025381506
0.0031899225
0.0029329741
0.0056152665
0.00308965
0.0042051827
0.003916899
0.0046062735
0.0061228964
0.038961038
0.0
0.0
0.0
0.0
0.0
0.0
0.0
0.0
0.012987013
0.0
0.0
0.0
0.0
0.0
0.0
0.011991426
1.5853288e-05
4.755986e-05
2.2194603e-05
2.8535916e-05
9.511972e-06
6.341315e-06
3.1706575e-06
8.560775e-05
0.0006499848
4.755986e-05
1.5853288e-05
1.268263e-05
9.511972e-06
9.511972e-06
3.1706575e-05
0.0
0.0
0.0
0.0
0.0
0.0
0.0
0.0
0.0
0.0
0.0
0.0
0.0
0.0
0.0
0.0
0.008075665
3.1706575e-06
0.0
0.0
0.00016170353
8.2437095e-05
0.00047559862
0.00028535916
0.0
0.0038935675
0.0
0.0
0.0
3.1706575e-06
0.0
6.341315e-06
8.877841e-05
1.9023944e-05
9.511972e-06
1.5853288e-05
4.755986e-05
0.0012936282
9.511972e-06
9.511972e-06
2.2194603e-05
0.0048733004
1.268263e-05
3.4877234e-05
9.511972e-06
3.1706575e-06
1.9023944e-05
2.536526e-05
0.0
0.0
0.0
0.0
0.0
0.0
0.0
0.0
0.0
0.0
0.0
0.0
0.0
0.0
0.0
0.0
0.0045816
5.7071833e-05
0.00036779625
2.8535916e-05
0.00010146104
3.1706575e-05
0.00069754466
0.00041218547
8.560775e-05
3.1706575e-06
4.755986e-05
1.5853288e-05
1.268263e-05
9.511972e-06
9.511972e-06
3.1706575e-05
0.017872997
0.00025999392
0.0015124036
0.00014267958
0.0016614245
0.00046608664
0.0064649708
0.003452846
9.829038e-05
0.00014585024
8.877841e-05
3.1706575e-05
8.2437095e-05
7.292512e-05
5.7071833e-05
5.7071833e-05
0.004432579
0.00013316762
0.00012365564
0.00010146104
0.00016170353
0.00012999696
0.00013316762
0.0001712155
0.00015536221
0.00016170353
0.00012999696
0.00013316762
0.00013633828
0.000107802356
0.00013950893
0.00014267958
0.0052791447
0.00010146104
9.511972e-05
0.00014585024
0.0015631341
0.00036779625
0.0029233461
0.0011826552
9.511972e-05
0.00017755682
0.00012365564
6.341315e-05
6.975447e-05
0.000107802356
0.00053267047
0.00015853287
0.0026126218
6.341315e-05
7.609578e-05
0.000114143666
0.0007133979
0.00015219155
0.0013348468
0.00049462257
4.4389206e-05
4.755986e-05
4.4389206e-05
4.4389206e-05
5.073052e-05
7.9266436e-05
0.0005009639
0.00012048498
0.0026696937
0.00017755682
0.00044706272
0.0001934101
0.0002092634
0.00014585024
0.0012555803
0.00062461954
9.829038e-05
9.194906e-05
0.00018389813
9.511972e-05
0.0001268263
2.536526e-05
4.1218547e-05
0.000107802356
0.0039569805
0.00047559862
0.00059291295
0.00047242796
0.00047876927
0.0016233766
0.00081485894
0.0004851106
0.00029487113
0.0018484934
0.0005802303
0.00032657772
0.00042803877
0.00014585024
0.00016487419
0.0002980418
0.0026221338
0.00019658076
0.00019023944
0.00032974838
0.00037730823
0.0002092634
0.0003804789
0.00022194603
0.00018706878
0.00021243405
0.00028535916
0.00022511667
0.00040584416
0.00021877537
0.00020292208
0.00022828733
0.0
0.0
0.0
0.0
0.0
0.0
0.0
0.0
0.0
0.0
0.0
0.0
0.0
0.0
0.0
0.0
0.054716036
0.04465554
0.052449014
0.05864448
0.053346314
0.044918705
0.05810547
0.04875203
0.040467102
0.04278168
0.060109325
0.055245537
0.06448166
0.047775466
0.04861252
0.049614448
667.0
7.9430285
5298.0
0.009626274
0.006417516
0.007550019
0.008493771
0.006795017
0.00811627
0.002453756
0.002453756
0.006417516
0.004341261
0.010381276
0.012268781
0.005096263
0.005096263
0.01604379
0.004341261
0.009437524
0.0016987543
0.0069837673
0.0058512646
0.00792752
0.0058512646
0.0069837673
0.00792752
0.012835032
0.0060400153
0.011136278
0.003586259
0.004530011
0.0041525103
0.004907512
0.0037750094
0.0054737637
0.017553793
0.0073612686
0.0139675345
0.010381276
0.009437524
0.010570026
0.011513779
0.005285013
0.009060022
0.007172518
0.007172518
0.010570026
0.004341261
0.0066062664
0.004341261
0.008305021
0.0058512646
0.006795017
0.010381276
0.007550019
0.082483955
0.0056625144
0.0066062664
0.004907512
0.00792752
0.0026425065
0.0041525103
0.003208758
0.002453756
0.00396376
0.004341261
0.004530011
0.027935069
0.007172518
0.01585504
0.023027558
0.055870138
0.012457531
0.008493771
0.009626274
0.031143827
0.004341261
0.00811627
0.030388827
0.0077387695
0.02397131
0.026991317
0.009060022
0.004718762
0.029445074
0.016610041
0.032842584
0.010947527
0.004341261
0.0037750094
0.0062287655
0.014156286
0.0069837673
0.009437524
0.007172518
0.00792752
0.0058512646
0.005285013
6.098826
0.0
0.0
0.0
2.0
159565.0
159744.0
0.0
0.0
10.0
0.0
1.0
0.0
1.0
0.0
708992500.0
0.0
0.0
0.0
0.0
0.0
1.0
0.0
0.0
0.0
0.0
0.0
0.0
-1.0
1.0
-1.0
-1.0
0.0
1.0
0.0
0.0
0.0
0.0
0.0
0.0
0.0
0.0
0.0
0.0
-1.0
0.0
0.0
0.0
0.0
0.0
0.0
0.0
0.0
0.0
0.0
0.0
0.0
-1.0
0.0
0.0
0.0
0.0
0.0
0.0
0.0
0.0
0.0
0.0
2.0
25.0
4.0
0.0
4.0
0.0
107008.0
1024.0
4096.0
10.0
2.0
0.0
2.0
5.0
0.0
0.0
0.0
0.0
0.0
-7680.0
0.0
0.0
0.0
0.0
0.0
0.0
0.0
0.0
512.0
0.0
0.0
0.0
0.0
0.0
0.0
0.0
-2048.0
0.0
0.0
0.0
0.0
0.0
0.0
0.0
0.0
0.0
0.0
0.0
0.0
-107008.0
0.0
0.0
0.0
0.0
0.0
0.0
-3072.0
5120.0
0.0
0.0
0.0
1024.0
0.0
-4096.0
0.0
0.0
0.0
0.0
0.0
0.0
0.0
0.0
0.0
0.0
0.0
0.0
0.0
0.0
2.0825517
0.0
0.0
0.0
0.0
0.0
0.0
0.0
-4.0546365
0.0
0.0
0.0
0.0
0.0
0.0
0.0
0.0
0.0
0.0
0.0
0.0
-7.829819
0.0
0.0
0.0
0.0
0.0
0.0
-4.8718653
3.4856634
0.0
0.0
0.0
5.133382
0.0
0.0
0.0
0.0
-12.0
0.0
0.0
-7284.0
0.0
0.0
0.0
0.0
0.0
0.0
0.0
0.0
24.0
0.0
2597.0
0.0
0.0
0.0
0.0
0.0
-1912.0
0.0
0.0
0.0
0.0
0.0
0.0
0.0
0.0
0.0
0.0
0.0
0.0
-106516.0
0.0
0.0
0.0
0.0
0.0
0.0
-3066.0
5120.0
0.0
0.0
0.0
1024.0
0.0
-3788.0
0.0
0.0
0.0
0.0
0.0
0.0
0.0
0.0
0.0
0.0
0.0
0.0
0.0
0.0
0.0
0.0
0.0
1.0
0.0
0.0
0.0
0.0
0.0
0.0
0.0
0.0
0.0
0.0
0.0
0.0
0.0
-1.0
0.0
0.0
0.0
0.0
1.0
0.0
0.0
0.0
0.0
0.0
1.0
0.0
0.0
0.0
0.0
0.0
0.0
0.0
0.0
0.0
0.0
0.0
0.0
0.0
0.0
0.0
0.0
0.0
0.0
0.0
0.0
-1.0
0.0
0.0
0.0
0.0
0.0
0.0
0.0
0.0
0.0
1.0
0.0
0.0
0.0
0.0
0.0
0.0
0.0
0.0
0.0
0.0
0.0
0.0
0.0
1.0
0.0
0.0
0.0
0.0
0.0
0.0
0.0
0.0
0.0
0.0
0.0
0.0
0.0
0.0
0.0
0.0
0.0
0.0
0.0
0.0
0.0
0.0
0.0
0.0
0.0
0.0
0.0
0.0
0.0
0.0
0.0
0.0
0.0
0.0
0.0
0.0
0.0
0.0
0.0
0.0
0.0
0.0
-1.0
0.0
0.0
0.0
0.0
0.0
0.0
0.0
0.0
0.0
0.0
0.0
0.0
0.0
0.0
0.0
0.0
0.0
0.0
0.0
0.0
0.0
0.0
0.0
0.0
0.0
0.0
0.0
0.0
0.0
0.0
0.0
0.0
0.0
0.0
0.0
0.0
0.0
0.0
0.0
0.0
0.0
0.0
0.0
0.0
0.0
0.0
0.0
0.0
0.0
0.0
0.0
0.0
0.0
0.0
0.0
0.0
0.0
0.0
0.0
0.0
0.0
0.0
0.0
0.0
0.0
0.0
0.0
0.0
0.0
-1.0
0.0
0.0
0.0
0.0
0.0
0.0
0.0
0.0
0.0
0.0
0.0
0.0
0.0
0.0
0.0
0.0
1.0
0.0
0.0
0.0
0.0
0.0
0.0
0.0
0.0
0.0
0.0
0.0
0.0
0.0
0.0
0.0
0.0
0.0
0.0
0.0
0.0
0.0
0.0
0.0
0.0
0.0
0.0
0.0
0.0
0.0
0.0
0.0
0.0
0.0
0.0
0.0
0.0
0.0
0.0
0.0
0.0
0.0
0.0
0.0
0.0
0.0
0.0
0.0
0.0
0.0
0.0
0.0
0.0
0.0
0.0
0.0
0.0
0.0
0.0
0.0
0.0
0.0
0.0
0.0
0.0
0.0
0.0
0.0
0.0
0.0
0.0
0.0
0.0
0.0
0.0
0.0
0.0
0.0
0.0
0.0
0.0
0.0
0.0
0.0
0.0
0.0
0.0
0.0
0.0
0.0
0.0
0.0
0.0
0.0
0.0
0.0
0.0
0.0
0.0
0.0
0.0
0.0
0.0
0.0
0.0
0.0
0.0
0.0
0.0
0.0
0.0
0.0
0.0
0.0
0.0
0.0
0.0
0.0
0.0
0.0
0.0
0.0
0.0
1.0
0.0
0.0
0.0
0.0
0.0
0.0
0.0
0.0
0.0
0.0
0.0
0.0
0.0
0.0
0.0
0.0
0.0
0.0
0.0
0.0
0.0
0.0
0.0
0.0
0.0
0.0
0.0
0.0
0.0
0.0
0.0
0.0
0.0
0.0
0.0
0.0
0.0
0.0
0.0
0.0
0.0
0.0
0.0
0.0
0.0
0.0
0.0
0.0
0.0
0.0
0.0
0.0
0.0
0.0
0.0
0.0
0.0
0.0
0.0
0.0
0.0
0.0
0.0
0.0
0.0
0.0
0.0
0.0
0.0
0.0
0.0
0.0
0.0
0.0
0.0
0.0
0.0
0.0
0.0
0.0
0.0
0.0
0.0
0.0
0.0
0.0
0.0
0.0
0.0
0.0
0.0
0.0
0.0
0.0
0.0
0.0
0.0
0.0
0.0
1.0
0.0
0.0
0.0
0.0
0.0
0.0
1.0
0.0
0.0
0.0
0.0
0.0
0.0
0.0
0.0
0.0
0.0
0.0
0.0
0.0
0.0
0.0
0.0
0.0
0.0
0.0
0.0
0.0
0.0
0.0
0.0
0.0
0.0
0.0
0.0
0.0
0.0
0.0
0.0
0.0
0.0
0.0
0.0
0.0
0.0
0.0
0.0
0.0
0.0
0.0
0.0
0.0
0.0
0.0
0.0
0.0
0.0
0.0
0.0
0.0
0.0
0.0
0.0
0.0
0.0
0.0
0.0
0.0
0.0
0.0
0.0
0.0
0.0
0.0
0.0
0.0
0.0
0.0
0.0
0.0
0.0
0.0
0.0
0.0
0.0
0.0
0.0
0.0
0.0
0.0
0.0
0.0
0.0
0.0
0.0
0.0
0.0
0.0
0.0
0.0
0.0
0.0
0.0
0.0
0.0
0.0
0.0
0.0
0.0
0.0
0.0
0.0
0.0
0.0
0.0
0.0
0.0
0.0
0.0
0.0
0.0
0.0
0.0
0.0
0.0
0.0
0.0
0.0
0.0
0.0
0.0
0.0
0.0
0.0
0.0
0.0
0.0
0.0
0.0
0.0
0.0
0.0
0.0
0.0
0.0
-1.0
0.0
0.0
0.0
0.0
0.0
0.0
0.0
0.0
0.0
0.0
0.0
0.0
0.0
0.0
0.0
0.0
0.0
0.0
0.0
0.0
0.0
0.0
0.0
0.0
0.0
0.0
0.0
0.0
0.0
0.0
0.0
0.0
0.0
0.0
0.0
0.0
0.0
0.0
0.0
0.0
0.0
0.0
0.0
0.0
0.0
0.0
0.0
0.0
0.0
0.0
0.0
0.0
0.0
0.0
0.0
0.0
0.0
0.0
0.0
0.0
0.0
0.0
0.0
0.0
0.0
0.0
0.0
0.0
0.0
0.0
0.0
0.0
0.0
0.0
0.0
0.0
0.0
0.0
0.0
0.0
0.0
0.0
0.0
0.0
0.0
0.0
0.0
0.0
0.0
0.0
0.0
0.0
0.0
0.0
0.0
0.0
0.0
0.0
0.0
0.0
0.0
0.0
0.0
0.0
0.0
0.0
0.0
0.0
0.0
0.0
0.0
0.0
0.0
0.0
0.0
0.0
0.0
0.0
0.0
0.0
0.0
0.0
0.0
0.0
0.0
0.0
0.0
0.0
0.0
0.0
0.0
0.0
0.0
0.0
0.0
0.0
0.0
0.0
0.0
0.0
0.0
0.0
0.0
0.0
0.0
0.0
0.0
0.0
0.0
0.0
0.0
0.0
0.0
0.0
0.0
0.0
0.0
0.0
0.0
0.0
0.0
0.0
0.0
0.0
0.0
0.0
0.0
0.0
0.0
0.0
0.0
0.0
0.0
0.0
0.0
0.0
0.0
0.0
1.0
0.0
0.0
0.0
0.0
0.0
0.0
0.0
0.0
0.0
0.0
0.0
0.0
0.0
0.0
0.0
0.0
0.0
0.0
0.0
0.0
0.0
0.0
0.0
0.0
0.0
0.0
0.0
0.0
0.0
0.0
0.0
0.0
0.0
0.0
0.0
0.0
0.0
0.0
0.0
0.0
0.0
0.0
0.0
0.0
0.0
0.0
0.0
0.0
0.0
0.0
0.0
0.0
0.0
0.0
0.0
0.0
0.0
0.0
0.0
0.0
0.0
0.0
0.0
0.0
0.0
0.0
0.0
0.0
0.0
0.0
0.0
0.0
0.0
0.0
0.0
0.0
0.0
0.0
0.0
0.0
0.0
0.0
0.0
0.0
0.0
0.0
0.0
0.0
0.0
0.0
0.0
0.0
0.0
0.0
0.0
0.0
0.0
0.0
0.0
0.0
0.0
0.0
0.0
0.0
0.0
0.0
0.0
0.0
0.0
0.0
0.0
0.0
0.0
0.0
0.0
0.0
0.0
0.0
0.0
0.0
0.0
0.0
0.0
0.0
0.0
0.0
0.0
0.0
0.0
0.0
0.0
0.0
0.0
0.0
0.0
0.0
0.0
0.0
0.0
0.0
0.0
0.0
0.0
0.0
0.0
0.0
0.0
0.0
0.0
0.0
0.0
0.0
0.0
0.0
0.0
0.0
0.0
0.0
0.0
0.0
0.0
0.0
0.0
0.0
0.0
0.0
0.0
0.0
0.0
0.0
0.0
0.0
0.0
0.0
0.0
0.0
0.0
0.0
0.0
0.0
0.0
0.0
0.0
-1.0
0.0
0.0
0.0
0.0
0.0
0.0
0.0
0.0
0.0
0.0
0.0
0.0
0.0
0.0
0.0
0.0
0.0
0.0
0.0
0.0
0.0
0.0
0.0
0.0
0.0
0.0
0.0
0.0
0.0
0.0
0.0
0.0
0.0
0.0
0.0
0.0
0.0
0.0
0.0
0.0
0.0
0.0
0.0
0.0
0.0
0.0
0.0
0.0
0.0
0.0
0.0
0.0
0.0
0.0
0.0
0.0
0.0
0.0
0.0
0.0
0.0
0.0
0.0
0.0
0.0
0.0
0.0
0.0
0.0
0.0
0.0
0.0
0.0
0.0
0.0
0.0
0.0
0.0
0.0
0.0
0.0
0.0
0.0
0.0
0.0
0.0
0.0
0.0
0.0
0.0
0.0
0.0
0.0
0.0
0.0
0.0
0.0
0.0
0.0
0.0
0.0
0.0
0.0
0.0
0.0
0.0
0.0
0.0
0.0
0.0
0.0
0.0
0.0
0.0
0.0
0.0
0.0
0.0
0.0
0.0
0.0
0.0
0.0
0.0
0.0
0.0
0.0
0.0
0.0
0.0
0.0
0.0
0.0
0.0
0.0
0.0
0.0
0.0
0.0
0.0
0.0
0.0
0.0
0.0
0.0
0.0
0.0
0.0
0.0
0.0
0.0
0.0
0.0
0.0
0.0
0.0
0.0
0.0
0.0
0.0
0.0
0.0
0.0
0.0
0.0
0.0
0.0
0.0
0.0
0.0
0.0
0.0
0.0
0.0
0.0
0.0
0.0
0.0
0.0
0.0
0.0
0.0
0.0
0.0
0.0
0.0
0.0
0.0
0.0
0.0
0.0
-1.0
0.0
0.0
0.0
0.0
0.0
0.0
0.0
0.0
0.0
0.0
0.0
0.0
0.0
0.0
0.0
0.0
0.0
0.0
0.0
1.0
0.0
0.0
0.0
0.0
0.0
0.0
0.0
0.0
0.0
0.0
0.0
0.0
0.0
0.0
0.0
0.0
0.0
0.0
0.0
0.0
0.0
0.0
0.0
0.0
0.0
0.0
0.0
0.0
0.0
0.0
0.0
0.0
0.0
0.0
0.0
0.0
0.0
0.0
0.0
0.0
0.0
0.0
0.0
0.0
0.0
0.0
0.0
0.0
0.0
0.0
0.0
0.0
0.0
0.0
0.0
0.0
0.0
0.0
0.0
0.0
0.0
0.0
0.0
0.0
0.0
0.0
0.0
0.0
0.0
0.0
0.0
0.0
0.0
0.0
0.0
0.0
0.0
0.0
0.0
0.0
0.0
0.0
0.0
0.0
0.0
0.0
0.0
0.0
0.0
0.0
0.0
0.0
0.0
0.0
0.0
1.0
1.0
0.0
0.0
0.0
0.0
0.0
0.0
0.0
0.0
0.0
0.0
0.0
0.0
0.0
0.0
0.0
0.0
0.0
0.0
0.0
0.0
0.0
0.0
0.0
0.0
0.0
0.0
0.0
0.0
0.0
0.0
0.0
0.0
0.0
0.0
0.0
0.0
0.0
0.0
0.0
0.0
0.0
0.0
0.0
0.0
0.0
0.0
0.0
0.0
0.0
0.0
0.0
0.0
0.0
0.0
0.0
0.0
0.0
0.0
0.0
0.0
0.0
0.0
0.0
0.0
0.0
0.0
0.0
0.0
0.0
0.0
0.0
0.0
0.0
0.0
0.0
0.0
0.0
0.0
0.0
0.0
0.0
0.0
-1.0
0.0
0.0
0.0
0.0
0.0
0.0
0.0
0.0
0.0
0.0
0.0
0.0
0.0
0.0
0.0
0.0
0.0
0.0
0.0
0.0
0.0
0.0
0.0
0.0
0.0
0.0
0.0
0.0
0.0
0.0
0.0
0.0
0.0
0.0
0.0
0.0
0.0
0.0
0.0
0.0
0.0
0.0
0.0
0.0
0.0
0.0
0.0
0.0
0.0
0.0
0.0
0.0
0.0
0.0
0.0
0.0
0.0
0.0
0.0
0.0
0.0
0.0
0.0
0.0
0.0
0.0
0.0
0.0
0.0
0.0
0.0
0.0
0.0
0.0
0.0
0.0
0.0
0.0
0.0
0.0
0.0
0.0
0.0
0.0
0.0
0.0
0.0
0.0
0.0
0.0
0.0
0.0
0.0
0.0
0.0
0.0
0.0
0.0
0.0
0.0
0.0
0.0
0.0
0.0
0.0
0.0
0.0
0.0
0.0
0.0
0.0
0.0
0.0
0.0
0.0
0.0
0.0
0.0
0.0
0.0
0.0
0.0
0.0
0.0
0.0
0.0
0.0
0.0
0.0
0.0
0.0
0.0
0.0
0.0
0.0
0.0
0.0
0.0
0.0
0.0
0.0
0.0
0.0
0.0
0.0
0.0
0.0
0.0
0.0
0.0
0.0
0.0
0.0
0.0
0.0
0.0
0.0
0.0
0.0
0.0
0.0
0.0
0.0
0.0
0.0
0.0
0.0
0.0
3066.0
122880.0
5120.0
143360.0
0.0
0.0
0.0
0.0
0.0
0.0
0.0
0.0
0.0
0.0
0.0
0.0
24.0
131072.0
0.0
0.0
0.0
0.0
0.0
0.0
0.0
0.0
0.0
0.0
