0.859857
0.0016769583
0.00078532676
0.00081456057
0.0011866274
0.0004943173
0.00013952506
0.00024450105
0.0017287818
0.00026841962
0.00036276516
0.00017673174
0.00093149586
0.00053816807
0.0001315522
0.00056341547
0.00072951673
0.00023254176
0.00010364719
7.574217e-05
0.00055012736
0.00070559816
0.000132881
8.238622e-05
0.00029366702
6.776931e-05
4.9165974e-05
7.83998e-05
0.00019932151
5.3152402e-05
7.9728605e-05
0.00012490814
0.0008863163
0.00010231837
6.64405e-05
0.00019533507
0.00028436535
0.00029765346
7.707098e-05
4.2521922e-05
0.00013553862
8.637265e-05
7.175574e-05
0.000120921715
0.00013952506
9.5674324e-05
0.00017540292
6.511169e-05
0.00036409395
0.00020995199
0.00031094154
0.0007653946
0.00025911795
0.00029366702
0.00032422965
0.00026044677
0.00032555847
0.00037472445
0.00040395826
0.000846452
0.00041325993
0.00054614095
0.00038801253
0.0003029687
0.00045843946
0.00047039875
0.0012291493
0.0017540293
0.00047172757
0.002665593
0.00031891442
0.00025513154
0.0003680804
0.00025513154
0.00018736222
0.00013553862
0.00029765346
0.0018948831
0.00021659605
0.00014085387
0.0010537463
0.001035143
0.0007653946
0.00028569417
0.0002910094
0.0020065033
0.00037605324
0.00022988414
0.00018603342
0.0001847046
0.00017540292
0.00024582987
0.00020197913
0.00052089355
0.0002883518
0.0003056263
0.00025513154
0.00054879853
0.00022058247
0.00040395826
0.000552785
0.0009368111
0.0004106023
0.0002258977
0.0016477245
0.000552785
0.0011480919
0.00027107724
0.0006564322
0.0002763925
0.0005434833
0.0005275376
0.00036143634
0.000104975996
0.0005142495
0.0004983038
0.0013274812
0.0012158612
0.00021925366
0.00021659605
0.0003308737
0.00023254176
0.00013952506
0.00017008769
0.0006976253
0.000846452
0.00017806055
0.00013420981
0.00042654804
0.0004358497
0.00013819625
0.003120046
0.00041857516
0.0013301389
0.00012490814
0.00014085387
0.00041458875
0.0019334187
0.0004517954
0.0061975704
0.0003308737
0.0013859489
0.0001966639
0.00013686744
0.00029499584
0.00012357933
0.00011693528
9.833195e-05
0.00033220253
0.00057271717
0.0001182641
7.308456e-05
0.00014882673
9.9660756e-05
0.00017938936
0.000110291236
0.00020862318
9.9660756e-05
0.0017221378
5.3152402e-05
0.00018603342
0.0002245689
5.0494782e-05
0.00018204698
0.00014616911
9.0359084e-05
4.9165974e-05
0.00015945721
0.00031227036
0.0001315522
0.00016610126
0.00011294885
0.00014218267
6.64405e-05
4.385073e-05
3.587787e-05
0.00013819625
6.112526e-05
4.2521922e-05
4.9165974e-05
0.00011959291
6.3782885e-05
4.6508354e-05
2.3918581e-05
0.00026841962
0.00010896243
9.700313e-05
5.5810022e-05
0.00012490814
0.00022855533
0.00029233823
7.175574e-05
0.0011640376
0.00041990398
0.00025778916
0.00039199897
0.0011175292
3.4549063e-05
0.00017938936
0.00068433717
0.00024317224
0.00028968058
9.4345516e-05
3.1891443e-05
0.030761953
4.5179542e-05
7.175574e-05
7.4413365e-05
0.00031227036
9.4345516e-05
0.0005102631
0.00025513154
0.00025380272
8.238622e-05
0.000104975996
8.371504e-05
0.00032688727
3.322025e-05
6.511169e-05
4.119311e-05
0.00032555847
2.5247391e-05
8.105741e-05
6.776931e-05
0.0003694092
0.00016211483
0.00017008769
3.4549063e-05
0.00025778916
0.0002365282
3.587787e-05
8.637265e-05
0.0016344364
0.00048368686
0.00011427767
0.0008331639
0.00083847914
2.5247391e-05
9.4345516e-05
9.700313e-05
0.00045711067
7.83998e-05
1.8603341e-05
0.00012357933
0.0012464238
0.000111620044
3.7206682e-05
0.00028436535
0.0010085668
0.00021526722
0.0001979927
0.00013819625
0.0016384228
0.00042389042
0.00054614095
0.005721856
0.82661355
4.662986e-06
1.3322817e-06
1.598738e-05
2.264879e-05
2.0650366e-05
3.3307042e-05
3.3307042e-06
8.659831e-06
2.6645635e-06
3.3307042e-06
6.6614086e-07
0.019100923
1.9984225e-06
2.6645635e-06
2.6645635e-06
0.0012929795
1.1324395e-05
6.6614084e-06
1.9984225e-06
8.659831e-06
6.6614084e-06
1.9984225e-06
2.6645635e-06
6.6614084e-06
1.3322817e-06
5.329127e-06
1.3322817e-06
2.6645635e-06
9.325972e-06
1.9984225e-06
2.6645635e-06
0.0064142705
1.4655099e-05
4.662986e-06
3.797003e-05
7.793848e-05
5.7954254e-05
0.00018052418
6.394952e-05
3.5305464e-05
1.598738e-05
1.9984225e-06
2.6645635e-06
0.0012130425
1.3322817e-06
2.6645635e-06
6.061882e-05
0.0032560965
1.0658254e-05
1.1990535e-05
1.7319662e-05
2.5313353e-05
1.3322817e-05
5.1292845e-05
2.398107e-05
1.0658254e-05
1.1990535e-05
8.659831e-06
3.996845e-06
0.0005315804
9.858885e-05
9.325972e-06
7.99369e-06
0.002326164
4.662986e-05
4.9960563e-05
7.3275496e-06
3.4639324e-05
1.532124e-05
4.3299155e-05
3.130862e-05
3.996845e-05
2.0650366e-05
1.1990535e-05
2.1316508e-05
9.325972e-06
1.6653521e-05
1.6653521e-05
3.730389e-05
0.0011157859
3.3307042e-05
2.7977916e-05
7.3275496e-06
2.8644057e-05
6.6614084e-06
1.1324395e-05
1.7985803e-05
3.5305464e-05
9.325972e-06
7.99369e-06
4.662986e-06
1.0658254e-05
4.662986e-06
3.996845e-06
3.863617e-05
0.0
0.0
0.0
0.0
0.0
0.0
0.0
0.0
0.0
0.0
0.0
0.0
0.0
0.0
0.0
0.0
0.00095124915
1.1990535e-05
0.0001092471
4.1966876e-05
9.325972e-05
4.662986e-05
0.0002118328
0.00012656677
3.6637746e-05
4.662986e-06
4.662986e-06
3.996845e-06
0.0009519153
4.2633015e-05
1.598738e-05
7.5273914e-05
0.0037723556
7.5273914e-05
9.392586e-05
0.00042766242
0.00030376023
0.00022115877
0.0009485846
0.0002871067
8.726445e-05
3.3307042e-05
4.4631437e-05
4.796214e-05
0.00025246738
3.996845e-05
6.794637e-05
0.00011790693
0.0034039798
8.0603044e-05
0.0005262513
0.0005302481
0.0004289947
0.00029643267
0.0015720924
0.00071943214
0.00021916034
0.0010018758
6.6614084e-05
7.127707e-05
7.460778e-05
0.00018318873
0.0001059164
0.0002691209
0.0025466564
6.8612506e-05
0.00040035066
0.00030109566
0.00042166715
0.00045697263
0.001470839
0.00067213614
0.000283776
0.00102186
4.662986e-05
5.395741e-05
5.1292845e-05
6.328338e-05
6.8612506e-05
0.00025779652
0.00096457195
0.00016253837
0.00025513195
0.0021489705
0.00040301523
0.00031175392
0.0005409064
0.00040567978
0.0003976861
0.00017919189
0.00018718558
0.00013789115
0.0012829873
0.00017319662
0.00021116665
0.0004236656
0.0035105622
0.00045497422
0.00022382333
0.0009592428
0.0024680519
0.0019271455
0.0014608469
0.0013782454
0.0040314845
0.00082468236
0.00037303887
0.0004976072
0.0026485762
0.00051892374
0.0009852223
0.002294189
0.0139783
0.0023128411
0.0009699011
0.0014834957
0.005864038
0.004094102
0.0019657817
0.002874398
0.010789484
0.0009252697
0.0010931372
0.0008020336
0.009216059
0.0013782454
0.0036810944
0.008148901
0.0015434484
0.0002657902
0.00015054783
0.00021316507
0.00065814715
0.0003976861
0.0002691209
0.00032041376
0.0009665704
0.00014521871
0.00022782017
0.0001059164
0.0005935315
0.00013322817
0.00030176181
0.00052891584
0.0
0.0
0.0
0.0
0.0
0.0
0.0
0.0
0.0
0.0
0.0
0.0
0.0
0.0
0.0
0.0
689.0
18.51524
12757.0
0.031747278
0.0020380968
0.0007838834
0.0043113586
0.0012542134
0.0064278436
0.0020380968
0.0008622717
0.0021948733
0.0021948733
0.001175825
0.0010974366
0.001646155
0.0031355335
0.006819785
0.0019597083
0.00987693
0.0052520186
0.009563377
0.00893627
0.008544329
0.00987693
0.011836639
0.008073999
0.008701106
0.012071804
0.014188289
0.010190484
0.011366309
0.014972172
0.014658619
0.008309163
0.00705495
0.014737007
0.010582426
0.012463746
0.009171436
0.011993416
0.01316924
0.009641766
0.006976562
0.011366309
0.006506232
0.006976562
0.010974367
0.00987693
0.010112096
0.006035902
0.010033707
0.008544329
0.0068981736
0.00799561
0.005565572
0.0066630086
0.011131144
0.0036842518
0.00611429
0.00517363
0.003527475
0.00235165
0.00282198
0.0071333386
0.0021948733
0.0059575136
0.0031355335
0.023751665
0.00799561
0.017088657
0.018656423
0.04523007
0.010739202
0.009720154
0.055263776
0.026024928
0.0064278436
0.00799561
0.030963393
0.013247629
0.02735753
0.0282198
0.014423454
0.0045465236
0.024143608
0.02077291
0.03433409
0.015364114
0.007917222
0.008152387
0.008622717
0.008152387
0.003527475
0.005330407
0.009955319
0.004938465
0.0046249116
0.0038410285
6.1457005
0.0
0.0
0.0
3.0
752553.0
839680.0
1.0
0.0
65.0
0.0
1.0
0.0
0.0
0.0
54.0
0.0
0.0
0.0
0.0
0.0
1.0
0.0
0.0
0.0
0.0
0.0
0.0
-1.0
1.0
-1.0
-1.0
0.0
0.0
0.0
0.0
0.0
0.0
0.0
0.0
0.0
0.0
0.0
0.0
-1.0
0.0
0.0
0.0
0.0
0.0
0.0
0.0
0.0
0.0
0.0
0.0
0.0
-1.0
0.0
0.0
0.0
0.0
0.0
0.0
0.0
0.0
0.0
0.0
6.0
0.0
4.0
0.0
4.0
0.0
155648.0
4096.0
4096.0
9.0
0.0
0.0
4.0
6.0
0.0
0.0
0.0
0.0
0.0
-8192.0
0.0
32768.0
0.0
0.0
0.0
495616.0
0.0
0.0
8192.0
0.0
0.0
0.0
0.0
0.0
0.0
0.0
0.0
0.0
0.0
0.0
0.0
0.0
0.0
0.0
0.0
0.0
-8192.0
0.0
0.0
0.0
0.0
0.0
0.0
0.0
0.0
-155648.0
-4096.0
28672.0
0.0
0.0
0.0
0.0
0.0
0.0
0.0
0.0
0.0
0.0
0.0
-6.0070767
0.0
0.026741993
0.0
0.0
0.0
0.006199156
0.0
0.0
5.0555015
0.0
0.0
0.0
0.0
0.0
0.0
0.0
0.0
0.0
0.0
0.0
0.0
0.0
0.0
0.0
0.0
0.0
-0.870509
0.0
0.0
0.0
0.0
0.0
0.0
0.0
0.0
-3.9207134
-4.2082253
3.8664718
0.0
0.0
0.0
0.0
0.0
0.0
0.0
0.0
0.0
0.0
0.0
-5094.0
0.0
32768.0
0.0
0.0
0.0
495616.0
0.0
0.0
7217.0
0.0
0.0
0.0
0.0
0.0
0.0
0.0
0.0
0.0
0.0
0.0
0.0
0.0
0.0
0.0
0.0
0.0
-78372.0
0.0
0.0
0.0
0.0
0.0
0.0
0.0
0.0
-155619.0
-2633.0
45929.0
0.0
0.0
0.0
0.0
0.0
0.0
0.0
0.0
0.0
-1.0
0.0
0.0
0.0
0.0
0.0
1.0
0.0
0.0
0.0
0.0
0.0
0.0
0.0
0.0
0.0
0.0
0.0
0.0
0.0
0.0
0.0
0.0
0.0
0.0
0.0
0.0
0.0
0.0
0.0
0.0
0.0
0.0
0.0
0.0
0.0
-2.0
0.0
0.0
0.0
1.0
0.0
0.0
0.0
0.0
0.0
0.0
1.0
0.0
0.0
0.0
0.0
0.0
0.0
0.0
0.0
0.0
0.0
0.0
0.0
-1.0
0.0
0.0
0.0
0.0
0.0
0.0
0.0
0.0
0.0
1.0
0.0
0.0
0.0
0.0
1.0
0.0
0.0
0.0
0.0
0.0
0.0
0.0
0.0
1.0
0.0
0.0
0.0
0.0
0.0
0.0
0.0
0.0
0.0
0.0
0.0
0.0
0.0
0.0
0.0
0.0
0.0
0.0
0.0
0.0
0.0
0.0
0.0
0.0
0.0
0.0
0.0
0.0
0.0
0.0
0.0
0.0
0.0
0.0
0.0
0.0
0.0
0.0
0.0
0.0
0.0
0.0
-1.0
0.0
0.0
0.0
0.0
0.0
0.0
0.0
0.0
0.0
0.0
0.0
0.0
-1.0
0.0
0.0
0.0
0.0
0.0
0.0
0.0
0.0
0.0
0.0
0.0
0.0
0.0
0.0
0.0
0.0
0.0
0.0
0.0
0.0
0.0
0.0
0.0
0.0
0.0
0.0
0.0
0.0
0.0
0.0
0.0
0.0
0.0
0.0
0.0
0.0
0.0
0.0
0.0
0.0
0.0
0.0
0.0
0.0
0.0
0.0
0.0
0.0
0.0
0.0
0.0
0.0
0.0
0.0
0.0
0.0
-1.0
0.0
0.0
0.0
0.0
0.0
0.0
0.0
0.0
0.0
0.0
0.0
0.0
0.0
0.0
0.0
0.0
1.0
0.0
0.0
0.0
0.0
0.0
0.0
0.0
0.0
0.0
0.0
0.0
0.0
0.0
0.0
0.0
0.0
0.0
0.0
0.0
0.0
0.0
0.0
0.0
0.0
0.0
0.0
0.0
0.0
0.0
0.0
0.0
0.0
0.0
0.0
0.0
0.0
0.0
0.0
0.0
0.0
0.0
0.0
0.0
0.0
0.0
0.0
0.0
0.0
0.0
0.0
0.0
0.0
0.0
0.0
0.0
0.0
0.0
0.0
0.0
0.0
0.0
0.0
0.0
0.0
0.0
0.0
0.0
0.0
0.0
0.0
0.0
0.0
0.0
0.0
0.0
0.0
0.0
0.0
0.0
0.0
0.0
0.0
0.0
0.0
0.0
0.0
0.0
0.0
0.0
0.0
0.0
0.0
0.0
0.0
0.0
0.0
0.0
0.0
0.0
0.0
0.0
0.0
0.0
0.0
0.0
0.0
0.0
0.0
0.0
0.0
0.0
0.0
0.0
0.0
0.0
0.0
0.0
0.0
0.0
0.0
0.0
0.0
0.0
0.0
0.0
0.0
0.0
0.0
0.0
0.0
0.0
0.0
0.0
0.0
0.0
0.0
0.0
0.0
0.0
-1.0
0.0
0.0
0.0
0.0
0.0
0.0
0.0
0.0
0.0
0.0
0.0
1.0
0.0
0.0
0.0
0.0
0.0
0.0
0.0
0.0
0.0
0.0
0.0
0.0
0.0
0.0
0.0
0.0
0.0
0.0
0.0
0.0
0.0
0.0
0.0
0.0
0.0
0.0
0.0
0.0
-1.0
0.0
0.0
0.0
0.0
0.0
0.0
0.0
0.0
0.0
0.0
0.0
0.0
0.0
0.0
0.0
0.0
0.0
0.0
0.0
0.0
0.0
0.0
0.0
0.0
0.0
0.0
0.0
0.0
0.0
0.0
0.0
0.0
0.0
0.0
0.0
0.0
0.0
0.0
0.0
0.0
0.0
0.0
0.0
0.0
0.0
0.0
0.0
0.0
0.0
0.0
0.0
0.0
0.0
0.0
0.0
0.0
0.0
0.0
0.0
0.0
0.0
0.0
0.0
1.0
0.0
0.0
0.0
0.0
0.0
0.0
0.0
0.0
0.0
0.0
0.0
0.0
0.0
0.0
0.0
0.0
0.0
0.0
0.0
0.0
0.0
0.0
0.0
0.0
-1.0
0.0
0.0
0.0
0.0
0.0
0.0
0.0
0.0
0.0
0.0
0.0
0.0
0.0
0.0
0.0
0.0
0.0
0.0
0.0
0.0
0.0
0.0
0.0
0.0
0.0
0.0
0.0
0.0
0.0
0.0
0.0
0.0
0.0
0.0
0.0
0.0
0.0
0.0
0.0
0.0
0.0
0.0
0.0
0.0
0.0
0.0
0.0
0.0
0.0
0.0
0.0
0.0
0.0
0.0
0.0
0.0
0.0
0.0
0.0
0.0
0.0
0.0
0.0
0.0
0.0
0.0
0.0
0.0
0.0
0.0
0.0
0.0
0.0
0.0
0.0
0.0
0.0
0.0
0.0
0.0
0.0
0.0
0.0
0.0
0.0
0.0
0.0
0.0
0.0
-1.0
0.0
0.0
0.0
0.0
0.0
0.0
0.0
0.0
0.0
0.0
0.0
0.0
0.0
0.0
0.0
0.0
0.0
0.0
0.0
0.0
0.0
0.0
0.0
0.0
0.0
0.0
0.0
0.0
0.0
0.0
1.0
0.0
0.0
0.0
0.0
0.0
0.0
0.0
0.0
0.0
0.0
0.0
0.0
0.0
0.0
0.0
-1.0
0.0
0.0
0.0
0.0
0.0
0.0
0.0
0.0
0.0
0.0
0.0
-1.0
0.0
0.0
0.0
0.0
0.0
0.0
-1.0
0.0
0.0
0.0
0.0
0.0
0.0
0.0
0.0
0.0
0.0
0.0
0.0
0.0
0.0
0.0
0.0
0.0
0.0
0.0
0.0
0.0
0.0
0.0
0.0
0.0
0.0
0.0
0.0
0.0
0.0
0.0
0.0
0.0
0.0
0.0
-1.0
0.0
0.0
1.0
0.0
0.0
0.0
0.0
0.0
0.0
0.0
0.0
0.0
0.0
0.0
0.0
0.0
0.0
0.0
0.0
0.0
0.0
0.0
0.0
0.0
0.0
0.0
0.0
0.0
0.0
0.0
0.0
0.0
0.0
0.0
0.0
0.0
0.0
0.0
0.0
0.0
0.0
0.0
0.0
0.0
0.0
0.0
-1.0
0.0
0.0
0.0
-1.0
0.0
0.0
0.0
0.0
0.0
0.0
0.0
0.0
0.0
0.0
0.0
0.0
0.0
0.0
0.0
0.0
0.0
0.0
0.0
0.0
0.0
0.0
0.0
0.0
0.0
0.0
0.0
0.0
0.0
0.0
0.0
0.0
0.0
0.0
1.0
0.0
0.0
0.0
0.0
0.0
0.0
0.0
0.0
0.0
0.0
-1.0
0.0
1.0
0.0
0.0
0.0
0.0
0.0
0.0
0.0
0.0
0.0
0.0
0.0
0.0
0.0
0.0
0.0
0.0
0.0
0.0
0.0
0.0
0.0
0.0
0.0
0.0
0.0
0.0
0.0
0.0
1.0
0.0
0.0
0.0
0.0
0.0
0.0
0.0
0.0
0.0
0.0
0.0
0.0
0.0
0.0
0.0
0.0
0.0
0.0
0.0
0.0
0.0
0.0
0.0
0.0
0.0
0.0
0.0
0.0
0.0
0.0
0.0
0.0
0.0
0.0
0.0
0.0
0.0
0.0
-1.0
0.0
0.0
0.0
0.0
0.0
0.0
0.0
0.0
0.0
0.0
0.0
0.0
0.0
0.0
0.0
0.0
0.0
0.0
-1.0
0.0
0.0
0.0
0.0
0.0
0.0
0.0
0.0
0.0
0.0
0.0
0.0
0.0
0.0
0.0
0.0
0.0
0.0
0.0
0.0
0.0
0.0
0.0
0.0
0.0
0.0
0.0
0.0
0.0
0.0
0.0
0.0
0.0
0.0
0.0
0.0
0.0
0.0
0.0
0.0
0.0
0.0
0.0
0.0
0.0
0.0
0.0
0.0
0.0
0.0
0.0
0.0
1.0
0.0
0.0
0.0
0.0
0.0
0.0
0.0
0.0
0.0
0.0
0.0
0.0
0.0
0.0
0.0
1.0
0.0
0.0
-2.0
0.0
0.0
0.0
0.0
0.0
0.0
0.0
0.0
0.0
0.0
1.0
0.0
0.0
0.0
1.0
0.0
0.0
1.0
-1.0
0.0
0.0
0.0
0.0
0.0
0.0
0.0
0.0
0.0
0.0
0.0
-1.0
-1.0
0.0
0.0
0.0
0.0
0.0
1.0
0.0
0.0
0.0
0.0
0.0
0.0
0.0
0.0
0.0
0.0
0.0
0.0
0.0
0.0
0.0
0.0
0.0
1.0
0.0
1.0
0.0
0.0
0.0
0.0
0.0
0.0
0.0
0.0
0.0
0.0
0.0
0.0
0.0
0.0
-1.0
0.0
0.0
0.0
0.0
0.0
0.0
0.0
0.0
0.0
0.0
0.0
0.0
0.0
0.0
1.0
0.0
0.0
0.0
0.0
0.0
0.0
0.0
0.0
0.0
1.0
0.0
0.0
0.0
0.0
0.0
0.0
0.0
0.0
0.0
0.0
0.0
0.0
0.0
0.0
0.0
0.0
0.0
0.0
0.0
0.0
0.0
0.0
0.0
0.0
0.0
0.0
0.0
0.0
0.0
0.0
0.0
0.0
0.0
0.0
0.0
-1.0
0.0
0.0
-1.0
0.0
0.0
0.0
0.0
0.0
0.0
0.0
0.0
0.0
0.0
0.0
0.0
0.0
0.0
0.0
0.0
0.0
0.0
-1.0
0.0
0.0
0.0
0.0
1.0
0.0
0.0
0.0
0.0
0.0
0.0
1.0
0.0
0.0
0.0
0.0
0.0
0.0
0.0
0.0
0.0
0.0
0.0
0.0
0.0
0.0
0.0
0.0
0.0
0.0
0.0
0.0
-1.0
0.0
0.0
0.0
0.0
0.0
0.0
0.0
0.0
0.0
0.0
0.0
0.0
0.0
-1.0
-1.0
0.0
0.0
0.0
0.0
0.0
0.0
0.0
0.0
0.0
-1.0
0.0
0.0
0.0
0.0
0.0
0.0
0.0
0.0
0.0
0.0
0.0
-1.0
0.0
0.0
1.0
0.0
0.0
0.0
0.0
0.0
0.0
0.0
0.0
0.0
0.0
0.0
0.0
0.0
0.0
0.0
0.0
-1.0
0.0
-1.0
1.0
0.0
0.0
0.0
0.0
1.0
0.0
0.0
0.0
0.0
0.0
0.0
0.0
0.0
0.0
0.0
0.0
0.0
1.0
0.0
0.0
0.0
-1.0
0.0
0.0
0.0
0.0
0.0
0.0
0.0
0.0
1.0
0.0
0.0
0.0
0.0
0.0
0.0
0.0
0.0
0.0
0.0
0.0
0.0
0.0
0.0
0.0
0.0
0.0
1.0
0.0
0.0
0.0
0.0
0.0
0.0
-1.0
0.0
0.0
0.0
0.0
0.0
0.0
0.0
0.0
0.0
0.0
0.0
0.0
0.0
0.0
0.0
0.0
0.0
0.0
0.0
0.0
0.0
0.0
-1.0
0.0
0.0
0.0
0.0
0.0
0.0
0.0
0.0
0.0
0.0
0.0
0.0
0.0
0.0
0.0
0.0
0.0
0.0
0.0
0.0
0.0
0.0
0.0
-1.0
0.0
0.0
0.0
0.0
0.0
0.0
0.0
0.0
0.0
0.0
0.0
0.0
0.0
0.0
0.0
0.0
0.0
0.0
0.0
0.0
0.0
0.0
0.0
0.0
0.0
-1.0
-1.0
0.0
0.0
0.0
0.0
0.0
0.0
0.0
0.0
0.0
0.0
0.0
0.0
0.0
0.0
0.0
0.0
0.0
0.0
0.0
0.0
0.0
0.0
0.0
0.0
-1.0
0.0
0.0
0.0
0.0
0.0
0.0
0.0
0.0
0.0
0.0
0.0
0.0
0.0
0.0
0.0
0.0
0.0
0.0
0.0
0.0
0.0
0.0
0.0
0.0
0.0
0.0
0.0
0.0
0.0
0.0
0.0
0.0
0.0
0.0
0.0
0.0
0.0
0.0
0.0
0.0
0.0
0.0
0.0
0.0
0.0
0.0
0.0
0.0
0.0
0.0
0.0
0.0
0.0
0.0
0.0
0.0
0.0
0.0
0.0
0.0
0.0
0.0
0.0
0.0
0.0
0.0
0.0
0.0
0.0
0.0
0.0
0.0
0.0
0.0
0.0
0.0
0.0
0.0
0.0
0.0
0.0
0.0
0.0
0.0
0.0
0.0
0.0
0.0
0.0
0.0
0.0
0.0
0.0
0.0
0.0
0.0
0.0
0.0
0.0
0.0
0.0
0.0
0.0
0.0
0.0
0.0
0.0
0.0
0.0
0.0
0.0
0.0
0.0
0.0
0.0
0.0
0.0
0.0
0.0
0.0
0.0
0.0
0.0
0.0
0.0
0.0
0.0
0.0
0.0
0.0
0.0
0.0
0.0
0.0
0.0
0.0
0.0
0.0
0.0
0.0
0.0
0.0
0.0
0.0
0.0
0.0
0.0
0.0
0.0
0.0
0.0
0.0
0.0
0.0
0.0
0.0
0.0
0.0
0.0
0.0
0.0
0.0
0.0
0.0
0.0
0.0
0.0
0.0
100.0
249856.0
9065.0
253952.0
0.0
0.0
0.0
0.0
0.0
0.0
28.0
159744.0
0.0
0.0
0.0
0.0
0.0
0.0
0.0
0.0
0.0
0.0
484.0
250440.0
0.0
0.0
0.0
0.0
