0.0036603564
9.112836e-05
4.952187e-05
4.5056782e-05
8.037156e-05
3.734436e-05
1.8063305e-05
1.9484014e-05
0.00010127629
1.9281057e-05
2.293431e-05
1.4004136e-05
6.312009e-05
2.6384603e-05
1.1568633e-05
4.6274534e-05
5.7843168e-05
9.133132e-06
6.69763e-06
7.103547e-06
2.1107682e-05
3.0240813e-05
6.0887546e-06
5.6828376e-06
1.9281057e-05
5.0739623e-06
4.262128e-06
4.262128e-06
1.1568633e-05
5.0739623e-06
5.2769205e-06
6.9005887e-06
9.3360904e-05
7.103547e-06
5.4798793e-06
8.11834e-06
4.688341e-05
9.539049e-06
4.4650865e-06
2.4355018e-06
1.0756799e-05
9.133132e-06
2.4355018e-06
1.1365675e-05
6.0887546e-06
4.8710035e-06
2.5166852e-05
3.2473358e-06
2.415206e-05
5.6828376e-06
8.727215e-06
4.3839034e-05
1.01479245e-05
1.4207094e-05
7.509464e-06
4.4650865e-06
1.603372e-05
1.4004136e-05
9.133132e-06
3.064673e-05
1.1771592e-05
9.539049e-06
6.291713e-06
6.291713e-06
0.000175965
2.3340226e-05
1.0553841e-05
1.7048513e-05
5.3175125e-05
8.1995226e-05
3.3691107e-05
2.3949102e-05
2.415206e-05
1.7251472e-05
7.103547e-06
4.8710035e-06
1.603372e-05
4.8507078e-05
1.01479245e-05
9.33609e-06
5.7234294e-05
2.1310641e-05
2.3340226e-05
3.754732e-05
1.5221886e-05
3.653253e-05
3.3894066e-05
2.9834897e-05
1.1974551e-05
3.0240813e-05
4.668045e-06
1.01479245e-05
1.1162717e-05
1.7048513e-05
2.1513599e-05
1.6845554e-05
8.11834e-06
5.3175125e-05
6.9005887e-06
2.1107682e-05
2.6384603e-05
9.904374e-05
2.1716558e-05
1.3801177e-05
3.734436e-05
5.114554e-05
3.632957e-05
9.133132e-06
3.8968028e-05
1.5221886e-05
4.3636075e-05
5.5407665e-05
4.8912996e-05
3.4502943e-06
5.906092e-05
4.2215364e-05
0.00013090823
0.00010858279
1.9686973e-05
1.9078097e-05
2.8008271e-05
1.3192302e-05
3.856211e-06
9.742007e-06
1.1568633e-05
2.415206e-05
6.9005887e-06
5.2769205e-06
4.911595e-05
1.4410052e-05
6.0887546e-06
0.00013801178
2.3137267e-05
6.291713e-05
2.4355018e-06
3.4502943e-06
3.186448e-05
7.7936056e-05
2.4355018e-05
0.0001936224
5.6828376e-06
6.94118e-05
7.712422e-06
1.339526e-05
0.99003434
2.029585e-06
1.8266263e-06
2.8414188e-06
4.668045e-06
1.6845554e-05
6.69763e-06
6.0887546e-06
3.856211e-06
3.0443773e-06
1.2177509e-06
2.2325432e-06
2.8414188e-06
6.0887544e-07
3.4502943e-06
0.0008227937
1.5018928e-05
1.2989343e-05
4.4650865e-06
1.1162717e-05
3.4502943e-06
4.4650865e-06
2.2325432e-06
1.4207094e-06
6.9005887e-06
2.8414188e-06
2.2325432e-06
2.4355018e-06
2.6384603e-06
2.0295849e-07
8.1183396e-07
1.0147925e-06
4.4650865e-06
1.0147925e-06
1.6236679e-06
8.11834e-06
1.9484014e-05
1.6236679e-06
5.2769205e-06
7.915381e-06
1.0756799e-05
2.4355018e-06
4.05917e-06
3.0443773e-06
3.0443773e-06
4.668045e-06
9.944966e-06
6.0887546e-06
5.3986958e-05
3.0240813e-05
9.33609e-06
4.525974e-05
3.47059e-05
2.4355018e-06
1.5018928e-05
3.9170987e-05
1.5627804e-05
1.339526e-05
3.856211e-06
3.2473358e-06
1.603372e-05
1.8266263e-06
4.05917e-06
5.2769205e-06
7.509464e-06
9.133132e-06
1.1365675e-05
6.291713e-06
4.668045e-06
1.6236679e-06
2.6384603e-06
2.4355018e-06
1.0959759e-05
2.029585e-06
3.856211e-06
5.885796e-06
6.69763e-06
4.0591698e-07
2.6384603e-06
2.4355018e-06
1.5627804e-05
5.0739623e-06
2.029585e-06
1.8266263e-06
1.0756799e-05
4.262128e-06
5.885796e-06
2.2325432e-06
8.1995226e-05
2.273135e-05
4.05917e-06
5.2160332e-05
2.9226021e-05
1.8266263e-06
3.6532526e-06
5.885796e-06
2.8617147e-05
5.4798793e-06
1.2177509e-06
1.1365675e-05
2.5978687e-05
1.8266263e-06
2.5166852e-05
3.8156195e-05
5.2769206e-05
1.46130105e-05
7.712422e-06
8.727215e-06
5.7031335e-05
8.727215e-06
1.5830761e-05
0.00027439988
0.00041580043
0.0
0.0
0.0
0.0
0.0
0.0
0.0
0.0
0.9904366
0.0
0.0
0.0
0.0
0.0
0.0
0.00022495452
0.0
7.105964e-07
8.121102e-07
1.2181653e-06
7.105964e-07
7.5120192e-06
3.146927e-06
0.0
0.00038453419
0.0
1.0151378e-07
0.0
0.0
0.0
0.0
0.0
0.0
0.0
0.0
0.0
0.0
0.0
0.0
0.0
0.0
0.0
0.0
0.0
0.0
0.0
0.0
0.00036819046
6.4968817e-06
6.3953676e-06
5.0756887e-07
3.552982e-06
4.56812e-06
6.0908264e-06
2.9438995e-06
4.1620647e-06
8.121102e-07
2.2333031e-06
8.121102e-07
1.1166516e-06
1.3196791e-06
1.6242204e-06
4.9741748e-06
0.00027520384
1.0151378e-07
2.0302755e-07
3.0454132e-07
5.9893127e-06
3.4514683e-06
1.6445232e-05
9.237753e-06
0.0
0.00010395011
1.0151378e-07
4.060551e-07
2.0302755e-07
1.0151378e-07
1.0151378e-07
0.0
0.0
0.0
0.0
0.0
0.0
0.0
0.0
0.0
0.0
0.0
0.0
0.0
0.0
0.0
0.0
0.0
0.00043721983
2.0302755e-06
2.1622434e-05
1.0658946e-05
2.9235967e-05
1.5227066e-05
6.507033e-05
2.9743536e-05
3.8575236e-06
6.0908263e-07
3.0454132e-07
1.2181653e-06
1.3196791e-06
3.0454132e-07
1.2181653e-06
4.060551e-06
0.00066075317
8.324129e-06
4.5579684e-05
2.4363306e-05
2.5987527e-05
1.5836149e-05
0.00013298304
7.59323e-05
1.6039176e-05
2.5378442e-06
3.0454132e-06
4.1620647e-06
3.3499546e-06
2.3348168e-06
2.0302755e-06
1.6242204e-05
0.00026860545
8.628671e-06
4.7711474e-06
4.060551e-06
1.3196791e-05
1.3907387e-05
6.4968817e-06
1.14710565e-05
2.3957251e-05
4.56812e-06
2.3348168e-06
1.7257341e-06
1.1877111e-05
2.3348168e-06
1.19786255e-05
2.5886013e-05
0.0004010809
4.872661e-06
3.4311655e-05
2.3652708e-05
5.684771e-05
2.7510232e-05
0.00014323593
8.720033e-05
1.5836149e-05
2.5378442e-06
1.3196791e-06
5.38023e-06
4.2635784e-06
1.6242204e-06
2.4363305e-06
1.9490644e-05
6.3344596e-05
1.5227066e-06
1.2181653e-05
7.308992e-06
1.1775598e-05
6.699909e-06
5.623863e-05
3.959037e-05
8.121102e-07
1.9287618e-06
8.121102e-07
1.0151377e-06
4.060551e-07
1.0151377e-06
8.121102e-07
2.4363305e-06
0.0
0.0
0.0
0.0
0.0
0.0
0.0
0.0
0.0
0.0
0.0
0.0
0.0
0.0
0.0
0.0
0.00010516827
1.0861973e-05
4.6696337e-06
4.1620647e-06
3.0961703e-05
2.4160277e-05
7.4105055e-06
1.2181653e-05
7.0349044e-05
1.0658946e-05
2.7408719e-06
5.1772026e-06
2.3551196e-05
2.2333031e-06
2.8423856e-05
7.308992e-05
0.0005711165
7.968831e-05
5.562955e-05
7.0146016e-05
0.00021754402
0.00014232231
4.7812988e-05
0.00012628314
0.00034159384
4.2026702e-05
2.5175415e-05
3.4311655e-05
0.00013074974
3.0758674e-05
0.000112071204
0.00025967223
0.0004363062
8.151556e-05
6.243097e-05
7.633836e-05
0.00015917359
0.00012069988
4.324487e-05
0.00013470878
0.00024667848
2.5175415e-05
3.5935875e-05
3.877826e-05
0.00011603024
3.8372207e-05
8.750487e-05
0.00016820832
0.0
0.0
0.0
0.0
0.0
0.0
0.0
0.0
0.0
0.0
0.0
0.0
0.0
0.0
0.0
0.0
243.0
17.11111
4158.0
0.07022607
0.0021645022
0.0007215007
0.00024050025
0.000962001
0.0014430014
0.0
0.00024050025
0.005050505
0.0045695044
0.0
0.0004810005
0.0
0.0031265032
0.024050023
0.0012025012
0.00937951
0.0031265032
0.0062530064
0.013227513
0.001924002
0.0033670033
0.0055315057
0.0016835016
0.0031265032
0.0012025012
0.001924002
0.0004810005
0.00024050025
0.00024050025
0.00024050025
0.0004810005
0.0026455026
0.01034151
0.0033670033
0.008658009
0.013468013
0.008417509
0.0074555073
0.0074555073
0.006012506
0.0036075036
0.000962001
0.0014430014
0.0036075036
0.006974507
0.0024050025
0.0031265032
0.00937951
0.0007215007
0.008417509
0.013468013
0.0045695044
0.0031265032
0.005291005
0.00986051
0.0012025012
0.0007215007
0.0007215007
0.0004810005
0.0036075036
0.0004810005
0.0004810005
0.0007215007
0.0016835016
0.053631555
0.005050505
0.02068302
0.018518519
0.103174604
0.007936508
0.0115440115
0.013468013
0.05098605
0.0012025012
0.0067340066
0.036315538
0.015392016
0.044973545
0.055315055
0.02020202
0.0
0.04858105
0.036796536
0.05146705
0.022847522
0.006974507
0.008898509
0.02068302
0.004810005
0.0024050025
0.008417509
0.0
0.0
0.0
0.0012025012
5.303963
1.0
0.0
0.0
1.0
4927116.0
57344.0
0.0
0.0
54.0
0.0
1.0
0.0
0.0
0.0
1083884500.0
0.0
0.0
0.0
0.0
0.0
1.0
0.0
0.0
0.0
0.0
0.0
0.0
-1.0
0.0
-1.0
-1.0
0.0
0.0
0.0
0.0
0.0
0.0
0.0
0.0
0.0
0.0
0.0
0.0
-1.0
0.0
0.0
0.0
0.0
0.0
0.0
0.0
0.0
0.0
0.0
0.0
0.0
-1.0
0.0
0.0
0.0
0.0
0.0
0.0
0.0
0.0
0.0
0.0
6.0
0.0
4.0
0.0
4.0
0.0
24576.0
4096.0
4096.0
5.0
0.0
0.0
1.0
1.0
0.0
0.0
4096.0
0.0
0.0
0.0
0.0
0.0
0.0
0.0
0.0
0.0
0.0
0.0
4096.0
0.0
0.0
0.0
0.0
0.0
0.0
0.0
0.0
0.0
0.0
0.0
0.0
0.0
0.0
0.0
0.0
0.0
-8192.0
0.0
0.0
0.0
0.0
0.0
0.0
0.0
0.0
-24576.0
0.0
4096.0
0.0
0.0
0.0
0.0
0.0
0.0
0.0
0.0
0.0
0.0
0.0
0.0
0.0
0.0
0.0
0.0
0.0
0.0
0.0
0.0
5.297788
0.0
0.0
0.0
0.0
0.0
0.0
0.0
0.0
0.0
0.0
0.0
0.0
0.0
0.0
0.0
0.0
0.0
-3.429211
0.0
0.0
0.0
0.0
0.0
0.0
0.0
0.0
-6.5496798
0.0
3.7997313
0.0
0.0
0.0
0.0
0.0
0.0
0.0
0.0
3942.0
0.0
0.0
0.0
0.0
0.0
0.0
0.0
0.0
0.0
0.0
0.0
2476.0
0.0
0.0
0.0
0.0
0.0
0.0
0.0
0.0
0.0
0.0
0.0
0.0
0.0
0.0
0.0
0.0
0.0
-13432.0
0.0
0.0
0.0
0.0
0.0
0.0
0.0
0.0
-23376.0
0.0
2392.0
0.0
0.0
0.0
0.0
0.0
0.0
0.0
0.0
0.0
-1.0
0.0
0.0
0.0
0.0
0.0
1.0
0.0
0.0
0.0
0.0
0.0
0.0
0.0
0.0
0.0
0.0
0.0
0.0
0.0
0.0
0.0
0.0
0.0
0.0
0.0
0.0
0.0
0.0
0.0
0.0
0.0
0.0
0.0
0.0
0.0
-2.0
0.0
0.0
0.0
1.0
0.0
0.0
0.0
0.0
0.0
0.0
0.0
0.0
0.0
0.0
0.0
0.0
0.0
0.0
0.0
0.0
0.0
0.0
0.0
-1.0
0.0
0.0
0.0
0.0
0.0
0.0
0.0
0.0
0.0
1.0
0.0
0.0
0.0
0.0
1.0
0.0
0.0
0.0
0.0
0.0
0.0
0.0
0.0
0.0
0.0
0.0
0.0
0.0
0.0
0.0
0.0
0.0
0.0
0.0
0.0
0.0
0.0
0.0
0.0
0.0
0.0
0.0
0.0
0.0
0.0
0.0
0.0
0.0
0.0
0.0
0.0
0.0
0.0
0.0
0.0
0.0
0.0
0.0
0.0
0.0
0.0
0.0
0.0
0.0
0.0
0.0
-1.0
0.0
0.0
0.0
0.0
0.0
0.0
0.0
0.0
0.0
0.0
0.0
0.0
0.0
0.0
0.0
0.0
0.0
0.0
0.0
0.0
0.0
0.0
0.0
0.0
0.0
0.0
0.0
0.0
0.0
0.0
0.0
0.0
0.0
0.0
0.0
0.0
0.0
0.0
0.0
0.0
0.0
0.0
0.0
0.0
0.0
0.0
0.0
0.0
0.0
0.0
0.0
0.0
0.0
0.0
0.0
0.0
0.0
0.0
0.0
0.0
0.0
0.0
0.0
0.0
0.0
0.0
0.0
0.0
0.0
-1.0
0.0
0.0
0.0
0.0
0.0
0.0
0.0
0.0
0.0
0.0
0.0
0.0
0.0
0.0
0.0
0.0
1.0
0.0
0.0
0.0
0.0
0.0
0.0
0.0
0.0
0.0
0.0
0.0
0.0
0.0
0.0
0.0
0.0
0.0
0.0
0.0
0.0
0.0
0.0
0.0
0.0
0.0
0.0
0.0
0.0
0.0
0.0
0.0
0.0
0.0
0.0
0.0
0.0
0.0
0.0
0.0
0.0
0.0
0.0
0.0
0.0
0.0
0.0
0.0
0.0
0.0
0.0
0.0
0.0
0.0
0.0
0.0
0.0
0.0
0.0
0.0
0.0
0.0
0.0
0.0
0.0
0.0
0.0
0.0
0.0
0.0
0.0
0.0
0.0
0.0
0.0
0.0
0.0
0.0
0.0
0.0
0.0
0.0
0.0
0.0
0.0
0.0
0.0
0.0
0.0
0.0
0.0
0.0
0.0
0.0
0.0
0.0
0.0
0.0
0.0
0.0
0.0
0.0
0.0
0.0
0.0
0.0
0.0
0.0
0.0
0.0
0.0
0.0
0.0
0.0
0.0
0.0
0.0
0.0
0.0
0.0
0.0
0.0
0.0
0.0
0.0
0.0
0.0
0.0
0.0
0.0
0.0
0.0
0.0
0.0
0.0
0.0
0.0
0.0
0.0
0.0
0.0
0.0
0.0
0.0
0.0
0.0
0.0
0.0
0.0
0.0
0.0
0.0
0.0
0.0
0.0
0.0
0.0
0.0
0.0
0.0
0.0
0.0
0.0
0.0
0.0
0.0
0.0
0.0
0.0
0.0
0.0
0.0
0.0
0.0
0.0
0.0
0.0
0.0
0.0
0.0
0.0
0.0
0.0
0.0
0.0
0.0
-1.0
0.0
0.0
0.0
0.0
0.0
0.0
0.0
0.0
0.0
0.0
0.0
0.0
0.0
0.0
0.0
0.0
0.0
0.0
0.0
0.0
0.0
0.0
0.0
0.0
0.0
0.0
0.0
0.0
0.0
0.0
0.0
0.0
0.0
0.0
0.0
0.0
1.0
0.0
0.0
0.0
0.0
0.0
0.0
0.0
0.0
0.0
0.0
0.0
0.0
0.0
0.0
0.0
0.0
0.0
0.0
0.0
0.0
0.0
1.0
0.0
0.0
0.0
0.0
1.0
0.0
0.0
0.0
0.0
0.0
0.0
0.0
0.0
0.0
0.0
0.0
0.0
0.0
0.0
0.0
0.0
1.0
0.0
0.0
0.0
0.0
0.0
0.0
0.0
0.0
0.0
0.0
0.0
0.0
0.0
0.0
0.0
0.0
0.0
0.0
0.0
0.0
0.0
0.0
0.0
0.0
0.0
0.0
0.0
0.0
0.0
0.0
0.0
0.0
0.0
0.0
0.0
0.0
0.0
0.0
0.0
0.0
0.0
0.0
0.0
0.0
-1.0
0.0
0.0
0.0
0.0
0.0
0.0
0.0
0.0
0.0
0.0
0.0
0.0
0.0
0.0
0.0
0.0
0.0
0.0
0.0
0.0
0.0
0.0
0.0
0.0
0.0
0.0
0.0
0.0
0.0
0.0
0.0
0.0
0.0
0.0
0.0
0.0
0.0
0.0
0.0
0.0
0.0
0.0
0.0
0.0
0.0
0.0
0.0
-1.0
0.0
0.0
0.0
0.0
0.0
0.0
0.0
0.0
0.0
0.0
0.0
0.0
0.0
0.0
0.0
0.0
0.0
0.0
0.0
0.0
0.0
0.0
0.0
0.0
0.0
0.0
0.0
0.0
0.0
0.0
1.0
0.0
0.0
0.0
0.0
0.0
0.0
0.0
0.0
0.0
0.0
0.0
0.0
0.0
0.0
0.0
0.0
0.0
0.0
0.0
0.0
0.0
0.0
0.0
0.0
0.0
0.0
0.0
-1.0
0.0
0.0
0.0
0.0
0.0
0.0
0.0
0.0
0.0
0.0
0.0
0.0
0.0
0.0
0.0
0.0
0.0
0.0
0.0
0.0
0.0
0.0
0.0
0.0
0.0
0.0
0.0
0.0
0.0
0.0
0.0
0.0
0.0
0.0
0.0
0.0
0.0
0.0
0.0
0.0
0.0
0.0
-1.0
0.0
0.0
1.0
0.0
0.0
0.0
0.0
0.0
0.0
0.0
0.0
0.0
0.0
0.0
0.0
0.0
0.0
0.0
0.0
0.0
0.0
0.0
0.0
0.0
0.0
0.0
0.0
0.0
0.0
0.0
0.0
0.0
0.0
0.0
0.0
0.0
0.0
0.0
0.0
0.0
0.0
0.0
0.0
0.0
0.0
0.0
-1.0
0.0
0.0
0.0
-1.0
0.0
0.0
0.0
0.0
0.0
0.0
0.0
0.0
0.0
0.0
0.0
0.0
0.0
0.0
0.0
0.0
0.0
0.0
0.0
0.0
0.0
0.0
0.0
0.0
0.0
0.0
0.0
0.0
0.0
0.0
0.0
0.0
0.0
0.0
1.0
0.0
0.0
0.0
0.0
0.0
0.0
0.0
0.0
0.0
0.0
-1.0
0.0
0.0
0.0
0.0
0.0
0.0
0.0
0.0
0.0
0.0
0.0
0.0
0.0
0.0
0.0
0.0
0.0
0.0
0.0
0.0
0.0
0.0
0.0
0.0
0.0
0.0
0.0
0.0
0.0
0.0
1.0
0.0
0.0
0.0
0.0
0.0
0.0
0.0
0.0
0.0
0.0
0.0
0.0
0.0
0.0
0.0
0.0
0.0
0.0
0.0
0.0
0.0
0.0
0.0
0.0
0.0
0.0
0.0
0.0
0.0
0.0
0.0
0.0
0.0
0.0
0.0
0.0
0.0
0.0
-1.0
0.0
0.0
0.0
0.0
0.0
0.0
0.0
0.0
0.0
0.0
0.0
0.0
0.0
0.0
0.0
0.0
0.0
0.0
-1.0
0.0
0.0
0.0
0.0
0.0
0.0
0.0
0.0
0.0
0.0
0.0
0.0
0.0
0.0
0.0
0.0
0.0
0.0
0.0
0.0
0.0
0.0
0.0
0.0
0.0
0.0
0.0
0.0
0.0
0.0
0.0
0.0
0.0
0.0
0.0
0.0
0.0
0.0
0.0
0.0
0.0
0.0
0.0
0.0
0.0
0.0
0.0
0.0
0.0
0.0
0.0
0.0
0.0
0.0
0.0
0.0
0.0
0.0
0.0
0.0
0.0
0.0
0.0
0.0
0.0
0.0
0.0
0.0
1.0
0.0
0.0
-2.0
0.0
0.0
0.0
0.0
0.0
0.0
0.0
0.0
0.0
0.0
0.0
0.0
0.0
0.0
1.0
0.0
0.0
0.0
-1.0
0.0
0.0
0.0
0.0
0.0
0.0
0.0
0.0
0.0
0.0
0.0
-1.0
0.0
0.0
0.0
0.0
0.0
0.0
1.0
0.0
0.0
0.0
0.0
0.0
0.0
0.0
0.0
0.0
0.0
0.0
0.0
0.0
0.0
0.0
0.0
0.0
1.0
0.0
1.0
0.0
0.0
0.0
0.0
0.0
1.0
0.0
0.0
0.0
0.0
0.0
0.0
0.0
0.0
-1.0
0.0
0.0
0.0
0.0
0.0
0.0
0.0
0.0
0.0
0.0
0.0
0.0
0.0
0.0
1.0
0.0
0.0
0.0
0.0
0.0
0.0
0.0
0.0
0.0
0.0
0.0
0.0
0.0
0.0
0.0
0.0
0.0
0.0
0.0
0.0
0.0
0.0
0.0
0.0
0.0
0.0
0.0
0.0
0.0
0.0
0.0
0.0
0.0
0.0
0.0
0.0
0.0
0.0
0.0
0.0
0.0
0.0
0.0
0.0
0.0
0.0
0.0
0.0
-1.0
0.0
0.0
0.0
0.0
0.0
0.0
0.0
0.0
0.0
0.0
0.0
0.0
0.0
0.0
0.0
0.0
0.0
0.0
0.0
0.0
0.0
0.0
0.0
1.0
0.0
0.0
0.0
0.0
0.0
0.0
1.0
0.0
0.0
0.0
0.0
0.0
0.0
0.0
0.0
0.0
0.0
0.0
0.0
0.0
0.0
0.0
0.0
0.0
0.0
0.0
0.0
0.0
0.0
0.0
0.0
1.0
0.0
0.0
0.0
0.0
0.0
0.0
0.0
0.0
0.0
0.0
-1.0
0.0
0.0
0.0
0.0
0.0
0.0
0.0
0.0
0.0
-1.0
0.0
0.0
0.0
0.0
0.0
0.0
0.0
0.0
0.0
0.0
0.0
0.0
0.0
0.0
1.0
0.0
0.0
0.0
0.0
0.0
0.0
0.0
0.0
0.0
0.0
0.0
0.0
0.0
0.0
0.0
0.0
0.0
0.0
-1.0
1.0
0.0
0.0
0.0
0.0
0.0
0.0
0.0
0.0
0.0
0.0
0.0
0.0
0.0
0.0
0.0
0.0
0.0
1.0
0.0
0.0
0.0
-1.0
0.0
0.0
0.0
0.0
0.0
0.0
0.0
0.0
1.0
0.0
0.0
0.0
0.0
0.0
0.0
0.0
0.0
0.0
0.0
0.0
0.0
0.0
0.0
0.0
0.0
0.0
0.0
0.0
0.0
0.0
0.0
0.0
0.0
-1.0
0.0
0.0
0.0
0.0
0.0
0.0
0.0
0.0
0.0
0.0
0.0
0.0
0.0
0.0
0.0
0.0
0.0
0.0
0.0
0.0
0.0
0.0
-1.0
0.0
0.0
0.0
0.0
0.0
0.0
0.0
0.0
0.0
0.0
0.0
0.0
0.0
0.0
0.0
0.0
0.0
0.0
0.0
0.0
0.0
0.0
0.0
-1.0
0.0
0.0
0.0
0.0
0.0
0.0
0.0
0.0
0.0
0.0
0.0
0.0
0.0
0.0
0.0
0.0
0.0
0.0
0.0
0.0
0.0
0.0
0.0
0.0
0.0
-1.0
-1.0
0.0
0.0
0.0
0.0
0.0
0.0
0.0
0.0
0.0
0.0
0.0
0.0
0.0
0.0
0.0
0.0
0.0
0.0
0.0
0.0
0.0
0.0
0.0
0.0
-1.0
0.0
0.0
0.0
0.0
0.0
0.0
0.0
0.0
0.0
0.0
0.0
0.0
0.0
0.0
0.0
0.0
0.0
0.0
0.0
0.0
0.0
0.0
0.0
0.0
0.0
0.0
0.0
0.0
0.0
0.0
0.0
0.0
0.0
0.0
0.0
0.0
0.0
0.0
0.0
0.0
0.0
0.0
0.0
0.0
0.0
0.0
0.0
0.0
0.0
0.0
0.0
0.0
0.0
0.0
0.0
0.0
0.0
0.0
0.0
0.0
0.0
0.0
0.0
0.0
0.0
0.0
0.0
0.0
0.0
0.0
0.0
0.0
0.0
0.0
0.0
0.0
0.0
0.0
0.0
0.0
0.0
0.0
0.0
0.0
0.0
0.0
0.0
0.0
0.0
0.0
0.0
0.0
0.0
0.0
0.0
0.0
0.0
0.0
0.0
0.0
0.0
0.0
0.0
0.0
0.0
0.0
0.0
0.0
0.0
0.0
0.0
0.0
0.0
0.0
0.0
0.0
0.0
0.0
0.0
0.0
0.0
0.0
0.0
0.0
0.0
0.0
0.0
0.0
0.0
0.0
0.0
0.0
0.0
0.0
0.0
0.0
0.0
0.0
0.0
0.0
0.0
0.0
0.0
0.0
0.0
0.0
0.0
0.0
0.0
0.0
0.0
0.0
0.0
0.0
0.0
0.0
0.0
0.0
0.0
0.0
0.0
0.0
0.0
0.0
0.0
0.0
0.0
0.0
80.0
29892.0
2392.0
49152.0
0.0
0.0
0.0
0.0
0.0
0.0
0.0
0.0
0.0
0.0
0.0
0.0
0.0
0.0
0.0
0.0
0.0
0.0
228.0
28672.0
0.0
0.0
0.0
0.0
