0.24661866
0.012109375
0.005900065
0.0037841797
0.005900065
0.002665202
0.006628418
0.0036987304
0.003141276
0.0036010742
0.0028645834
0.0021891275
0.0026326498
0.0034505208
0.0032023112
0.0020670572
0.0026529948
0.003133138
0.0025227864
0.0034830729
0.0024739583
0.0032226562
0.003063965
0.0024454752
0.002697754
0.0023600261
0.0024047852
0.0021036784
0.0025309245
0.0033528646
0.002323405
0.0024088542
0.008662923
0.0031901042
0.002746582
0.0020792643
0.0058064777
0.0029052733
0.0014038086
0.001570638
0.0035644532
0.0016316732
0.0024698894
0.0021077474
0.002380371
0.0025390624
0.002799479
0.0017618815
0.005419922
0.0034342448
0.0017862956
0.0040649413
0.0032674153
0.0031819663
0.0016276041
0.0025309245
0.0017659505
0.003076172
0.003914388
0.0015136718
0.0013020834
0.0015218098
0.0031046548
0.003059896
0.0029866537
0.0027913412
0.0021891275
0.003971354
0.0034220377
0.0028808594
0.0032836914
0.0014160157
0.0071004233
0.0028686523
0.0022949218
0.00234375
0.0024495444
0.0020711264
0.002364095
0.0015950521
0.0024617512
0.003080241
0.0033610025
0.0029134115
0.0029988608
0.003442383
0.0021077474
0.0035888671
0.002758789
0.0031901042
0.0030232747
0.0033162434
0.0044718427
0.0028035482
0.002400716
0.0043823244
0.0029052733
0.0040445966
0.0033854167
0.004711914
0.003592936
0.00748291
0.005855306
0.0031372071
0.00464681
0.0041829427
0.0014648438
0.0024861654
0.004695638
0.00271403
0.0050170897
0.005074056
0.0043863934
0.00316569
0.0052937823
0.0034016927
0.0071329754
0.0037556966
0.0033569336
0.0017903646
0.0036214192
0.003503418
0.0032389322
0.0024698894
0.0024210613
0.0014444987
0.0022094727
0.002298991
0.007446289
0.004691569
0.002006022
0.004239909
0.0030843099
0.003885905
0.0023966471
0.0029500325
0.0031982423
0.0032063802
0.0029988608
0.0057373047
0.0016072592
0.0036702475
0.003063965
0.0013264974
0.001989746
0.0030314128
0.0030069987
0.0022460937
0.0025390624
0.0022338866
0.0028767905
0.0030436197
0.0016967773
0.0029866537
0.0014892578
0.0030436197
0.0032307943
0.0028483074
0.002319336
0.0021443686
0.0026733398
0.003177897
0.00316569
0.0013753255
0.003112793
0.001546224
0.0013509115
0.0013671875
0.001566569
0.0020385743
0.0013387044
0.0030314128
0.003125
0.0014648438
0.0029012044
0.0012898763
0.0022420248
0.0018636067
0.0033976238
0.0031738281
0.0012654623
0.0030232747
0.002319336
0.0014322917
0.002762858
0.003145345
0.0031819663
0.0022298177
0.0014485677
0.0013427734
0.0034261069
0.0015014649
0.0044230144
0.003120931
0.0014363606
0.0019938152
0.0016642252
0.0022176106
0.0022135417
0.0019165039
0.0034220377
0.0038614909
0.0025472005
0.0030843099
0.00904541
0.003161621
0.0032145183
0.0025349935
0.0028564453
0.0016194661
0.0037556966
0.0024373373
0.0030029297
0.0022135417
0.0017374675
0.002319336
0.0024495444
0.002286784
0.0024251302
0.0034667968
0.0021647136
0.0014404297
0.003133138
0.0016398112
0.0027547202
0.001578776
0.001550293
0.0014282226
0.0013387044
0.0016113281
0.0013224283
0.0022013346
0.006978353
0.003100586
0.0026692708
0.0032836914
0.0018473307
0.003141276
0.0024210613
0.001546224
0.002742513
0.0030558268
0.0029459635
0.002364095
0.003108724
0.002323405
0.0022583008
0.0026489259
0.002327474
0.0033406576
0.0016276041
0.0033243815
0.002298991
0.0016398112
0.0023600261
0.0044921874
0.12970711
0.0
0.0
0.0
0.0
0.0
0.0
0.0
0.0
0.0
0.0
0.0
0.0
0.0
0.0
0.0
0.0
0.0
0.0
0.0
0.0
0.0
0.0
0.0
0.0
0.0
0.0
0.0
0.0
0.0
0.0
0.0
0.0
0.0
0.0
0.0
0.0
0.0
0.0
0.0
0.0
0.0
0.0
0.0
0.0
0.0
0.0
0.0
0.0
0.0
0.0
0.0
0.0
0.0
0.0
0.0
0.0
0.0
0.0
0.0
0.0
0.0
0.0
0.0
0.006995293
5.516148e-05
6.333355e-05
2.860225e-05
2.6559232e-05
4.0860356e-05
6.333355e-05
0.0001266671
0.0005107545
6.537657e-05
6.537657e-05
6.537657e-05
0.00011849503
7.9677695e-05
2.6559232e-05
3.677432e-05
0.0067501306
7.763468e-05
4.494639e-05
3.0645268e-05
3.2688284e-05
9.3978815e-05
4.6989408e-05
0.00011032296
0.00040860355
5.9247515e-05
7.763468e-05
5.72045e-05
0.0002962376
0.00016344142
6.333355e-05
5.516148e-05
0.021817386
0.00038613036
0.0003350549
0.00034322697
0.0002758074
0.0007804328
0.00048010919
0.0007722607
0.0017529093
0.0003227968
0.000228818
0.00020838782
0.00061699137
0.00042086167
0.00030645265
0.0002410761
0.040860355
0.00040860355
0.0037223783
0.0010439821
0.0017467802
0.002306567
0.013369508
0.0057919556
0.0012115096
0.0001368822
0.00015526936
7.763468e-05
7.150562e-05
6.946261e-05
7.5591655e-05
8.172071e-05
0.026166972
0.00041881864
0.0017488232
0.0008294652
0.0013320476
0.0010541972
0.0062904516
0.0027723752
0.0026273208
0.0008641965
0.0003330119
0.00018182858
0.0003902164
0.00038000132
0.00031053871
0.0003248398
0.0070892717
0.00013279615
0.00045354996
0.0002860225
0.00060064724
0.00047806615
0.001483231
0.000806992
0.00013279615
0.000112365975
0.00013279615
7.9677695e-05
0.0002533342
0.00021247385
0.00020225876
9.602184e-05
0.004363886
0.00014301125
0.00039430242
0.00011849503
0.0003902164
0.00023086101
0.00062516343
0.0003657002
0.0004147326
9.602184e-05
9.8064855e-05
0.0001838716
0.00059043214
8.989278e-05
0.00013075313
0.00013279615
0.002055276
0.00010827994
0.00016957047
9.8064855e-05
0.00016957047
0.00020225876
0.00021043084
0.0001368822
0.000112365975
0.00014709728
0.00013075313
9.3978815e-05
0.00010010787
0.0001368822
0.00019612971
0.000116452014
0.0025844176
0.00030440965
0.00030032362
0.00020021574
0.00083150825
0.0003902164
0.00031258172
0.0001838716
0.0008580675
0.00011849503
0.00012053805
0.00013075313
0.0008396803
0.00016548444
0.0004372058
0.00059043214
0.01210488
0.0018979635
0.0030052792
0.0020511898
0.0070606694
0.0031319463
0.0018897915
0.0016262422
0.00794121
0.00073957245
0.00053527066
0.0007518305
0.007236369
0.0011134447
0.003007322
0.004484424
0.015224569
0.0024373203
0.0065029254
0.0060677626
0.004139154
0.003679475
0.0061045373
0.003326033
0.006329269
0.001270757
0.0015322634
0.0033035597
0.004010444
0.003093129
0.005332276
0.0029603327
0.033141833
0.03695615
0.030820966
0.03361377
0.029560424
0.038071636
0.034257323
0.037454646
0.03342377
0.03696228
0.031254087
0.032765917
0.035534207
0.03317861
0.028843325
0.03391001
667.0
9.575712
6387.0
0.023172067
0.0036010647
0.0039142007
0.0039142007
0.006106153
0.004853609
0.004383905
0.0045404728
0.004853609
0.0032879286
0.0028182245
0.0037576328
0.004383905
0.010176922
0.012525442
0.012212306
0.031157037
0.029434789
0.01424769
0.008924378
0.008924378
0.007828401
0.0070455614
0.007828401
0.0073586972
0.0065758573
0.0070455614
0.0036010647
0.0039142007
0.005323313
0.004383905
0.0037576328
0.0059495852
0.012368875
0.005010177
0.0118991705
0.006732425
0.010803194
0.0046970407
0.004227337
0.006262721
0.005636449
0.0036010647
0.005479881
0.005793017
0.010959762
0.0045404728
0.006106153
0.009237514
0.005636449
0.008611241
0.0090809455
0.008298106
0.0045404728
0.005323313
0.00876781
0.0040707686
0.0037576328
0.005636449
0.004853609
0.015656803
0.004383905
0.0046970407
0.0064192894
0.005166745
0.020823548
0.006888993
0.028182246
0.022702364
0.03507124
0.014091123
0.01033349
0.013151715
0.035697512
0.004227337
0.006732425
0.016283074
0.018005323
0.025050884
0.05558165
0.021919524
0.005166745
0.035384376
0.02708627
0.037576325
0.012525442
0.0098637855
0.008924378
0.005323313
0.005166745
0.0034444965
0.0040707686
0.0045404728
0.0045404728
0.005793017
0.005793017
6.138685
2.0
10.0
0.0
3.0
245760.0
221184.0
0.0
0.0
0.0
0.0
0.0
0.0
0.0
0.0
565435100.0
0.0
0.0
0.0
0.0
0.0
1.0
0.0
0.0
0.0
0.0
0.0
0.0
-1.0
0.0
-1.0
-1.0
0.0
0.0
0.0
0.0
0.0
0.0
0.0
0.0
0.0
0.0
0.0
0.0
-1.0
0.0
0.0
0.0
0.0
0.0
0.0
0.0
0.0
0.0
0.0
0.0
0.0
-1.0
0.0
0.0
0.0
0.0
0.0
0.0
0.0
0.0
0.0
0.0
5.0
12.0
4.0
0.0
4.0
0.0
13824.0
1024.0
4096.0
4.0
2.0
0.0
2.0
3.0
0.0
0.0
0.0
0.0
0.0
0.0
0.0
0.0
0.0
0.0
0.0
0.0
0.0
0.0
0.0
0.0
0.0
0.0
0.0
0.0
0.0
0.0
0.0
0.0
0.0
0.0
0.0
0.0
0.0
0.0
0.0
0.0
-128000.0
0.0
0.0
0.0
0.0
0.0
0.0
0.0
0.0
-13824.0
0.0
0.0
0.0
0.0
0.0
0.0
0.0
0.0
0.0
0.0
0.0
0.0
0.0
0.0
0.0
0.0
0.0
0.0
0.0
0.0
0.0
0.0
0.0
0.0
0.0
0.0
0.0
0.0
0.0
0.0
0.0
0.0
0.0
0.0
0.0
0.0
0.0
0.0
0.0
0.0
-7.916718
0.0
0.0
0.0
0.0
0.0
0.0
0.0
0.0
-6.640941
0.0
0.0
0.0
0.0
0.0
0.0
0.0
0.0
0.0
0.0
0.0
0.0
0.0
0.0
0.0
0.0
0.0
0.0
0.0
0.0
0.0
0.0
0.0
0.0
0.0
0.0
0.0
0.0
0.0
0.0
0.0
0.0
0.0
0.0
-4096.0
0.0
0.0
0.0
0.0
0.0
-129024.0
0.0
0.0
0.0
0.0
0.0
0.0
0.0
0.0
-13352.0
0.0
0.0
0.0
65536.0
0.0
0.0
0.0
0.0
0.0
0.0
0.0
-1.0
0.0
0.0
0.0
0.0
0.0
1.0
0.0
0.0
0.0
0.0
0.0
0.0
0.0
0.0
0.0
0.0
0.0
0.0
0.0
0.0
0.0
0.0
0.0
0.0
0.0
0.0
0.0
0.0
0.0
0.0
0.0
0.0
0.0
0.0
0.0
-2.0
0.0
0.0
0.0
1.0
0.0
0.0
0.0
0.0
0.0
0.0
0.0
0.0
0.0
0.0
0.0
0.0
0.0
0.0
0.0
0.0
0.0
0.0
0.0
-1.0
0.0
0.0
0.0
0.0
0.0
0.0
0.0
0.0
0.0
1.0
0.0
0.0
0.0
0.0
1.0
0.0
0.0
0.0
0.0
0.0
0.0
0.0
0.0
0.0
0.0
0.0
0.0
0.0
0.0
0.0
0.0
0.0
0.0
0.0
0.0
0.0
0.0
0.0
0.0
0.0
0.0
0.0
0.0
0.0
0.0
0.0
0.0
0.0
0.0
0.0
0.0
0.0
0.0
0.0
0.0
0.0
0.0
0.0
0.0
0.0
0.0
0.0
0.0
0.0
0.0
0.0
0.0
0.0
0.0
0.0
0.0
0.0
0.0
0.0
0.0
0.0
0.0
0.0
0.0
0.0
0.0
0.0
0.0
0.0
0.0
0.0
0.0
0.0
0.0
0.0
0.0
0.0
0.0
0.0
0.0
0.0
0.0
0.0
0.0
0.0
0.0
0.0
0.0
0.0
0.0
0.0
0.0
0.0
0.0
0.0
0.0
0.0
0.0
0.0
0.0
0.0
0.0
0.0
0.0
0.0
0.0
0.0
0.0
0.0
0.0
0.0
0.0
0.0
0.0
0.0
0.0
0.0
0.0
0.0
0.0
0.0
0.0
0.0
0.0
0.0
0.0
0.0
0.0
0.0
0.0
0.0
0.0
0.0
0.0
0.0
0.0
0.0
0.0
0.0
0.0
0.0
0.0
0.0
0.0
0.0
0.0
0.0
0.0
0.0
0.0
0.0
0.0
0.0
0.0
0.0
0.0
0.0
0.0
0.0
0.0
0.0
0.0
0.0
0.0
0.0
0.0
0.0
0.0
0.0
0.0
0.0
0.0
0.0
0.0
0.0
0.0
0.0
0.0
0.0
0.0
0.0
0.0
0.0
0.0
0.0
0.0
0.0
0.0
0.0
0.0
0.0
0.0
0.0
0.0
0.0
0.0
0.0
0.0
0.0
0.0
0.0
0.0
0.0
0.0
0.0
0.0
0.0
0.0
0.0
0.0
0.0
0.0
0.0
0.0
0.0
0.0
0.0
0.0
0.0
0.0
0.0
0.0
0.0
0.0
0.0
0.0
0.0
0.0
0.0
0.0
0.0
0.0
0.0
0.0
0.0
0.0
0.0
0.0
0.0
0.0
0.0
0.0
0.0
0.0
0.0
0.0
0.0
0.0
0.0
0.0
0.0
0.0
0.0
0.0
0.0
0.0
0.0
0.0
0.0
0.0
0.0
0.0
0.0
0.0
0.0
0.0
0.0
0.0
0.0
0.0
0.0
0.0
0.0
0.0
0.0
0.0
0.0
0.0
0.0
0.0
0.0
0.0
0.0
0.0
0.0
0.0
0.0
0.0
0.0
0.0
0.0
0.0
0.0
0.0
0.0
0.0
0.0
0.0
0.0
0.0
0.0
0.0
0.0
0.0
0.0
0.0
0.0
0.0
0.0
0.0
0.0
0.0
0.0
0.0
0.0
0.0
0.0
0.0
0.0
0.0
0.0
0.0
0.0
0.0
0.0
0.0
0.0
0.0
0.0
0.0
0.0
0.0
0.0
0.0
0.0
0.0
0.0
0.0
0.0
0.0
0.0
0.0
0.0
0.0
0.0
0.0
0.0
0.0
0.0
0.0
0.0
0.0
0.0
0.0
0.0
0.0
0.0
0.0
0.0
0.0
0.0
0.0
0.0
0.0
0.0
0.0
0.0
0.0
0.0
0.0
0.0
0.0
0.0
0.0
0.0
0.0
0.0
0.0
0.0
0.0
0.0
0.0
0.0
0.0
0.0
0.0
0.0
0.0
0.0
0.0
0.0
0.0
0.0
0.0
0.0
0.0
0.0
0.0
0.0
0.0
0.0
0.0
0.0
0.0
0.0
0.0
0.0
0.0
0.0
0.0
0.0
0.0
0.0
0.0
0.0
0.0
0.0
0.0
0.0
0.0
0.0
0.0
0.0
0.0
0.0
0.0
0.0
0.0
0.0
0.0
0.0
0.0
0.0
0.0
0.0
0.0
0.0
0.0
0.0
0.0
0.0
0.0
0.0
0.0
0.0
0.0
0.0
0.0
0.0
0.0
0.0
0.0
0.0
0.0
0.0
0.0
0.0
0.0
0.0
0.0
0.0
0.0
0.0
0.0
0.0
0.0
0.0
0.0
0.0
0.0
0.0
0.0
0.0
0.0
0.0
0.0
0.0
0.0
0.0
0.0
0.0
0.0
0.0
0.0
0.0
0.0
0.0
0.0
0.0
0.0
0.0
0.0
0.0
0.0
0.0
0.0
0.0
0.0
0.0
0.0
0.0
0.0
0.0
0.0
0.0
0.0
0.0
0.0
0.0
0.0
0.0
0.0
0.0
0.0
0.0
0.0
0.0
0.0
0.0
0.0
0.0
0.0
0.0
0.0
0.0
0.0
0.0
0.0
0.0
0.0
0.0
0.0
0.0
0.0
0.0
0.0
0.0
0.0
0.0
0.0
0.0
0.0
0.0
0.0
0.0
0.0
0.0
0.0
0.0
0.0
0.0
0.0
0.0
0.0
0.0
0.0
0.0
0.0
0.0
0.0
0.0
0.0
0.0
0.0
0.0
0.0
0.0
0.0
0.0
0.0
0.0
0.0
0.0
0.0
0.0
0.0
0.0
0.0
0.0
0.0
0.0
0.0
0.0
0.0
0.0
0.0
0.0
0.0
0.0
0.0
0.0
0.0
0.0
0.0
0.0
0.0
0.0
0.0
0.0
0.0
0.0
0.0
0.0
0.0
0.0
0.0
0.0
0.0
0.0
0.0
0.0
0.0
0.0
0.0
0.0
0.0
0.0
0.0
0.0
0.0
0.0
0.0
0.0
0.0
0.0
0.0
0.0
0.0
0.0
0.0
0.0
0.0
0.0
0.0
0.0
0.0
0.0
0.0
0.0
0.0
0.0
0.0
0.0
0.0
0.0
0.0
0.0
0.0
0.0
0.0
0.0
0.0
0.0
0.0
0.0
0.0
0.0
0.0
0.0
0.0
0.0
0.0
0.0
0.0
0.0
0.0
0.0
0.0
0.0
0.0
0.0
0.0
0.0
0.0
0.0
0.0
0.0
0.0
0.0
0.0
0.0
0.0
0.0
0.0
0.0
0.0
0.0
0.0
0.0
0.0
0.0
0.0
0.0
0.0
0.0
0.0
0.0
0.0
0.0
0.0
0.0
0.0
0.0
0.0
0.0
0.0
0.0
0.0
0.0
0.0
0.0
0.0
0.0
0.0
0.0
0.0
0.0
0.0
0.0
0.0
0.0
0.0
0.0
0.0
0.0
0.0
0.0
0.0
0.0
0.0
0.0
0.0
0.0
0.0
0.0
0.0
0.0
0.0
0.0
0.0
0.0
0.0
0.0
0.0
0.0
0.0
0.0
0.0
0.0
0.0
0.0
0.0
0.0
0.0
0.0
0.0
0.0
0.0
0.0
0.0
0.0
0.0
0.0
0.0
0.0
0.0
0.0
0.0
0.0
0.0
0.0
0.0
0.0
0.0
0.0
0.0
0.0
0.0
0.0
0.0
0.0
0.0
0.0
0.0
0.0
0.0
0.0
0.0
0.0
0.0
0.0
0.0
0.0
0.0
0.0
0.0
0.0
0.0
0.0
0.0
0.0
0.0
0.0
0.0
0.0
0.0
0.0
0.0
0.0
0.0
0.0
0.0
0.0
0.0
0.0
0.0
0.0
0.0
0.0
0.0
0.0
0.0
0.0
0.0
0.0
0.0
0.0
0.0
0.0
0.0
0.0
0.0
0.0
0.0
0.0
0.0
0.0
0.0
0.0
0.0
0.0
0.0
0.0
0.0
0.0
0.0
0.0
0.0
0.0
0.0
0.0
0.0
0.0
0.0
0.0
0.0
0.0
0.0
0.0
0.0
0.0
0.0
0.0
0.0
0.0
0.0
0.0
0.0
0.0
0.0
0.0
0.0
0.0
0.0
0.0
0.0
0.0
0.0
0.0
0.0
0.0
0.0
0.0
0.0
0.0
0.0
0.0
0.0
0.0
0.0
0.0
0.0
0.0
0.0
0.0
0.0
0.0
0.0
0.0
0.0
0.0
0.0
0.0
0.0
0.0
0.0
0.0
0.0
0.0
0.0
0.0
0.0
0.0
0.0
0.0
0.0
0.0
0.0
0.0
0.0
0.0
0.0
0.0
0.0
0.0
0.0
0.0
0.0
0.0
0.0
0.0
0.0
0.0
0.0
0.0
0.0
0.0
0.0
0.0
0.0
0.0
0.0
0.0
0.0
0.0
0.0
0.0
0.0
0.0
0.0
0.0
0.0
0.0
0.0
0.0
0.0
0.0
0.0
0.0
0.0
0.0
0.0
0.0
0.0
0.0
0.0
0.0
0.0
0.0
0.0
0.0
0.0
0.0
0.0
0.0
0.0
0.0
0.0
0.0
0.0
0.0
0.0
0.0
0.0
0.0
0.0
0.0
0.0
0.0
0.0
0.0
0.0
0.0
0.0
0.0
0.0
0.0
0.0
0.0
0.0
0.0
0.0
0.0
0.0
0.0
0.0
0.0
0.0
0.0
0.0
0.0
0.0
0.0
0.0
0.0
0.0
0.0
0.0
0.0
0.0
0.0
0.0
0.0
0.0
0.0
0.0
0.0
0.0
0.0
0.0
0.0
0.0
0.0
0.0
0.0
0.0
0.0
0.0
0.0
0.0
0.0
0.0
0.0
0.0
0.0
0.0
0.0
0.0
0.0
0.0
0.0
0.0
0.0
0.0
0.0
0.0
0.0
0.0
0.0
0.0
0.0
0.0
0.0
0.0
0.0
0.0
0.0
0.0
0.0
0.0
0.0
0.0
0.0
0.0
0.0
0.0
0.0
0.0
0.0
0.0
0.0
0.0
0.0
0.0
0.0
0.0
0.0
0.0
0.0
0.0
0.0
0.0
0.0
0.0
0.0
0.0
0.0
0.0
0.0
0.0
0.0
0.0
0.0
0.0
0.0
0.0
0.0
0.0
0.0
0.0
0.0
0.0
0.0
0.0
0.0
0.0
0.0
0.0
0.0
0.0
0.0
0.0
0.0
0.0
0.0
0.0
0.0
0.0
0.0
0.0
0.0
0.0
0.0
0.0
0.0
0.0
0.0
0.0
0.0
0.0
0.0
0.0
0.0
0.0
0.0
0.0
0.0
0.0
0.0
0.0
0.0
0.0
0.0
0.0
0.0
0.0
0.0
0.0
0.0
0.0
0.0
0.0
0.0
0.0
0.0
0.0
0.0
0.0
0.0
0.0
0.0
0.0
0.0
0.0
0.0
0.0
0.0
0.0
0.0
0.0
0.0
0.0
0.0
0.0
0.0
0.0
0.0
0.0
0.0
0.0
0.0
0.0
0.0
0.0
0.0
0.0
0.0
0.0
0.0
0.0
0.0
0.0
0.0
0.0
0.0
0.0
0.0
0.0
0.0
0.0
0.0
0.0
0.0
0.0
0.0
0.0
0.0
0.0
0.0
0.0
0.0
0.0
0.0
0.0
0.0
0.0
0.0
0.0
0.0
0.0
0.0
0.0
0.0
0.0
0.0
0.0
0.0
0.0
0.0
0.0
0.0
0.0
0.0
0.0
0.0
0.0
0.0
0.0
0.0
0.0
0.0
0.0
0.0
0.0
0.0
0.0
0.0
0.0
0.0
0.0
0.0
0.0
0.0
0.0
0.0
0.0
0.0
0.0
0.0
0.0
0.0
0.0
0.0
0.0
0.0
0.0
0.0
0.0
0.0
0.0
0.0
0.0
0.0
0.0
0.0
0.0
0.0
0.0
0.0
0.0
0.0
0.0
0.0
0.0
0.0
0.0
0.0
0.0
0.0
0.0
0.0
0.0
0.0
0.0
0.0
0.0
0.0
0.0
0.0
0.0
0.0
0.0
0.0
0.0
0.0
0.0
0.0
0.0
0.0
0.0
0.0
0.0
0.0
0.0
0.0
0.0
0.0
0.0
0.0
0.0
0.0
0.0
0.0
0.0
0.0
0.0
0.0
0.0
0.0
0.0
0.0
0.0
0.0
0.0
0.0
0.0
0.0
0.0
0.0
0.0
0.0
0.0
0.0
0.0
0.0
0.0
0.0
0.0
0.0
0.0
0.0
0.0
0.0
0.0
0.0
0.0
0.0
0.0
0.0
0.0
0.0
0.0
0.0
0.0
0.0
0.0
0.0
0.0
0.0
0.0
0.0
0.0
0.0
0.0
0.0
0.0
0.0
0.0
0.0
0.0
0.0
0.0
0.0
0.0
0.0
0.0
0.0
0.0
0.0
0.0
0.0
0.0
0.0
0.0
0.0
0.0
0.0
0.0
0.0
0.0
0.0
0.0
0.0
0.0
0.0
0.0
0.0
0.0
0.0
0.0
0.0
0.0
0.0
0.0
0.0
0.0
0.0
0.0
0.0
0.0
0.0
40.0
17414.0
0.0
0.0
0.0
0.0
0.0
0.0
0.0
0.0
0.0
0.0
0.0
0.0
0.0
0.0
0.0
0.0
0.0
0.0
0.0
0.0
44.0
17498.0
0.0
0.0
0.0
0.0
