0.026606625
0.0029376922
0.0019701116
0.0011515312
0.0068337675
0.0011570497
0.00092711137
0.00152863
0.0047312113
0.00067141996
0.002599223
0.0015433461
0.0046760263
0.0009326299
0.000678778
0.006199138
0.008000014
0.0008020249
0.0066461377
0.00069349405
0.007873089
0.0010319633
0.00037709888
0.0030958897
0.0014366547
0.0005021853
0.00078546937
0.0006346298
0.001364914
0.002207408
0.0012913337
0.0006567039
0.0018468647
0.002968964
0.0007118891
0.0008590496
0.0065725576
0.0009252719
0.0009160743
0.0013262844
0.0014200992
0.0014274572
0.000537136
0.0010558768
0.0005996792
0.0028089269
0.00035318529
0.0007891484
0.0034619516
0.0026930377
0.0015157536
0.0023251364
0.01297956
0.05635145
0.0041186553
0.0019737908
0.001234309
0.0042934087
0.00050770387
0.0014863214
0.0015580622
0.0029248158
0.0014697659
0.0011202596
0.0035484084
0.0022920254
0.0019351611
0.004243742
0.0056178537
0.009252719
0.0016316425
0.012181213
0.036825083
0.006567039
0.0057852487
0.004933557
0.0039475816
0.0033846924
0.0027427045
0.0047054584
0.0023140993
0.003997248
0.0016647535
0.0035888776
0.00305726
0.0056178537
0.0011772843
0.0029064205
0.002319618
0.006399644
0.0005500125
0.0010871484
0.0027960502
0.002882507
0.0014164202
0.0020492105
0.0015010375
0.0005279384
0.0024115932
0.0031032478
0.0067215576
0.002494371
0.0033534206
0.0011938398
0.003042544
0.00097125955
0.00064198783
0.0010190867
0.005562668
0.0011754448
0.0011662473
0.0023968772
0.0017548894
0.00058864214
0.0006327903
0.0031455564
0.0027003959
0.004262137
0.0022202847
0.00152863
0.0022681118
0.011616485
0.0067362734
0.007891484
0.00096942
0.003583359
0.0019406796
0.0017328153
0.0050126556
0.0014550498
0.0010650743
0.0050328905
0.002192692
0.0051248656
0.010858608
0.0369189
0.010006917
0.0152403135
0.005354804
0.013472547
0.0031216429
0.009940694
0.00052977796
0.0029763218
0.005422866
0.0021264697
0.0017916795
0.002439186
0.0052297176
0.0017916795
0.0059121745
0.0022497168
0.004302606
0.0010319633
0.0032044207
0.004164643
0.0014771239
0.0019480377
0.002207408
0.0009215929
0.00075051875
0.0010374818
0.0020032227
0.0019535562
0.0019370005
0.0019682723
0.00086640764
0.007906199
0.003874001
0.008618089
0.0031087664
0.007873089
0.0018744573
0.0038280135
0.0015580622
0.0008995188
0.002207408
0.0021375068
0.0011294571
0.0010190867
0.0019664327
0.0030259886
0.0023582475
0.0043688286
0.0066958047
0.0014973584
0.004070828
0.0026580873
0.007082101
0.002490692
0.0074334466
0.0008682472
0.0098799905
0.0009528645
0.002762939
0.0015194325
0.0013777906
0.005419187
0.00073396316
0.0054007918
0.0018229511
0.0017640869
0.0017309758
0.0032724824
0.007507027
0.0020951983
0.00036790135
0.00049114827
0.0028677909
0.0070673847
0.0017732845
0.007043471
0.0012048769
0.002926655
0.00041021
0.001100025
0.006622224
0.0012251114
0.0026157785
0.0013557165
0.004457125
0.0011515312
0.00031639516
0.0005426545
0.0009988522
0.0012251114
0.00056656805
0.0005739261
0.0022957043
0.001368593
0.004446088
0.00062359276
0.0071777552
0.002464939
0.003143717
0.0024097539
0.0046337172
0.0020326548
0.0017530499
0.011502435
0.051079422
0.0042823716
0.0017107412
0.0015672598
0.0047036186
0.0022460376
0.002006902
0.0015010375
0.0042823716
0.0029763218
0.0026985563
0.0066351006
0.006611187
0.0014219387
0.0017971981
0.019943932
0.0
0.0
0.0
0.0
0.0
0.0
0.0
0.0
0.0
0.0
0.0
0.0
0.0
0.0
0.0
0.0
0.0
0.0
0.0
0.0
0.0
0.0
0.0
0.0
0.0
0.0
0.0
0.0
0.0
0.0
0.0
0.0
0.0
0.0
0.0
0.0
0.0
0.0
0.0
0.0
0.0
0.0
0.0
0.0
0.0
0.0
0.0
0.0
0.0
0.0
0.0
0.0
0.0
0.0
0.0
0.0
0.0
0.0
0.0
0.0
0.0
0.0
0.0
0.0
0.0
0.0
0.0
0.0
0.0
0.0
0.0
0.0
0.0
0.0
0.0
0.0
0.0
0.0
0.0
0.0
0.0
0.0
0.0
0.0
0.0
0.0
0.0
0.0
0.0
0.0
0.0
0.0
0.0
0.0
0.0
0.0
0.0
0.0
0.0
0.0
0.0
0.0
0.0
0.0
0.0
0.0
0.0
0.0
0.0
0.0
0.0
0.0
0.0
0.0
0.0
0.0
0.0
0.0
0.0
0.0
0.0
0.0
0.0
0.0
0.0
0.0
0.0
0.0
0.0
0.0
0.0
0.0
0.0
0.0
0.0
0.0
0.0
0.0
0.0
0.0
0.0
0.0
0.0
0.0
9.23027e-06
9.23027e-06
5.5381615e-06
0.00037844104
0.00040890093
1.9383566e-05
5.5381615e-06
4.615135e-06
0.00042366938
3.599805e-05
2.0306592e-05
1.1076323e-05
1.9383566e-05
7.3842157e-06
4.615135e-06
0.00052704837
0.00020398895
0.00010891718
9.137967e-05
0.0059793685
0.005544623
0.00036828776
0.00035259628
0.00020398895
0.005819685
0.00030736797
0.00031382916
0.0002944456
0.00018922052
0.00013568495
0.0004042858
0.0061473595
0.0020297363
0.00087595254
0.0009885619
0.025112795
0.023173515
0.0018968204
0.0025890905
0.0015183793
0.023092289
0.002158037
0.0028992277
0.0015829912
0.0011547067
0.0011953199
0.0014897655
0.025445083
0.004805278
0.00064888794
0.0008861059
0.004111162
0.004005937
0.00092210394
0.00090548943
0.00076149724
0.0057356893
0.001130708
0.00084364665
0.00091748877
0.00081687886
0.00045136016
0.000822417
0.006261815
0.031442914
0.0043022283
0.0071682273
0.008745681
0.017162763
0.0077931164
0.003215826
0.0056766155
0.029053196
0.0063587325
0.0041582366
0.0058436836
0.00848631
0.0030570652
0.007613126
0.023835324
0.0069826986
0.002983223
0.0053674015
0.009966845
0.013223284
0.016548026
0.015023187
0.009260729
0.017279988
0.021664366
0.027786803
0.019154655
0.0064944173
0.007088847
0.016251735
0.02042474
0.01939372
0.0285603
0.01059358
0.045988895
0.0462898
0.01618897
0.015049954
0.036189117
0.047169447
0.014397374
0.013792791
0.023064597
0.030034374
0.030784795
0.02055581
0.03294837
1859.0
6.131791
11399.0
0.0043863496
0.0040354417
0.001052724
0.0035968067
0.0032458988
0.0017545399
0.001140451
0.0057022544
0.004561804
0.0032458988
0.0015790858
0.0052636196
0.0025440827
0.0030704448
0.0016668129
0.0034213527
0.011053601
0.0035090798
0.0075445212
0.013159049
0.04149487
0.14606544
0.016755857
0.013246776
0.0036845338
0.0067549786
0.0021931748
0.0043863496
0.0066672517
0.010702693
0.0028949908
0.010614966
0.0063163433
0.0037722606
0.0030704448
0.0057899817
0.012369506
0.011755417
0.0061408896
0.03123081
0.07869111
0.018247215
0.0062286165
0.009299061
0.039828055
0.0050881654
0.03237126
0.0055268006
0.0059654354
0.0029827177
0.0016668129
0.003947715
0.008948153
0.0033336258
0.001140451
0.00815861
0.0052636196
0.042635318
0.0014913589
0.0053513465
0.0097376965
0.0035090798
0.0065795244
0.0073690675
0.002719537
0.0034213527
0.0025440827
0.003947715
0.009035881
0.004561804
0.010000877
0.0069304323
0.0034213527
0.0042986227
0.00043863498
0.0047372575
0.013334503
0.0018422669
0.0050004385
0.041056234
0.013246776
0.0024563558
0.0025440827
0.00789543
0.0034213527
0.0036845338
0.0012281779
0.0064040706
0.0040354417
0.049127117
0.022809017
0.0078077023
0.0028072638
0.0038599877
0.001140451
0.005439074
5.5273013
0.0
0.0
0.0
1.0
543624.0
352256.0
0.0
0.0
0.0
0.0
1.0
0.0
0.0
38.0
1393483300.0
0.0
0.0
0.0
0.0
0.0
1.0
0.0
0.0
0.0
0.0
0.0
0.0
-1.0
0.0
0.0
-1.0
1.0
0.0
0.0
0.0
0.0
0.0
0.0
0.0
0.0
0.0
0.0
0.0
-1.0
0.0
0.0
0.0
0.0
0.0
0.0
0.0
0.0
0.0
0.0
0.0
0.0
-1.0
0.0
0.0
0.0
0.0
0.0
0.0
0.0
0.0
1.0
0.0
2.0
56.0
4.0
0.0
4.0
0.0
245760.0
512.0
4096.0
2.0
0.0
0.0
2.0
2.0
0.0
0.0
0.0
0.0
0.0
0.0
0.0
0.0
0.0
0.0
0.0
0.0
0.0
0.0
0.0
0.0
0.0
0.0
0.0
0.0
0.0
0.0
0.0
0.0
0.0
0.0
0.0
0.0
0.0
0.0
0.0
0.0
0.0
0.0
0.0
0.0
0.0
0.0
0.0
0.0
0.0
-285184.0
0.0
30208.0
0.0
0.0
0.0
0.0
0.0
0.0
0.0
0.0
0.0
0.0
0.0
0.0
0.0
0.0
0.0
0.0
0.0
0.0
0.0
0.0
0.0
0.0
0.0
0.0
0.0
0.0
0.0
0.0
0.0
0.0
0.0
0.0
0.0
0.0
0.0
0.0
0.0
0.0
0.0
0.0
0.0
0.0
0.0
0.0
0.0
0.0
0.0
-7.167445
0.0
7.1367083
0.0
0.0
0.0
0.0
0.0
0.0
0.0
0.0
0.0
0.0
0.0
0.0
0.0
0.0
0.0
0.0
0.0
0.0
0.0
0.0
0.0
0.0
0.0
0.0
0.0
0.0
0.0
0.0
0.0
0.0
0.0
0.0
0.0
0.0
0.0
0.0
0.0
0.0
0.0
0.0
0.0
0.0
0.0
0.0
0.0
0.0
0.0
-315392.0
0.0
32768.0
0.0
0.0
0.0
0.0
0.0
0.0
0.0
0.0
0.0
-1.0
0.0
0.0
0.0
0.0
0.0
1.0
0.0
0.0
0.0
0.0
0.0
0.0
0.0
0.0
0.0
0.0
0.0
0.0
0.0
0.0
0.0
0.0
0.0
0.0
0.0
0.0
0.0
0.0
0.0
0.0
0.0
0.0
0.0
0.0
0.0
-2.0
0.0
0.0
0.0
1.0
0.0
0.0
0.0
0.0
0.0
0.0
1.0
0.0
0.0
0.0
0.0
0.0
0.0
0.0
0.0
0.0
0.0
0.0
0.0
-1.0
0.0
0.0
0.0
0.0
0.0
0.0
0.0
0.0
0.0
1.0
0.0
0.0
0.0
0.0
1.0
0.0
0.0
0.0
0.0
0.0
0.0
0.0
0.0
1.0
0.0
0.0
0.0
0.0
0.0
0.0
0.0
0.0
0.0
0.0
0.0
0.0
0.0
0.0
0.0
0.0
0.0
0.0
0.0
0.0
0.0
0.0
0.0
0.0
0.0
0.0
0.0
0.0
0.0
0.0
0.0
0.0
0.0
0.0
0.0
0.0
0.0
0.0
0.0
0.0
0.0
0.0
0.0
0.0
0.0
0.0
0.0
0.0
0.0
0.0
0.0
0.0
0.0
0.0
0.0
0.0
0.0
0.0
0.0
0.0
0.0
0.0
0.0
0.0
0.0
0.0
0.0
0.0
0.0
0.0
0.0
0.0
0.0
0.0
0.0
0.0
0.0
0.0
0.0
0.0
0.0
0.0
0.0
0.0
0.0
0.0
0.0
0.0
0.0
0.0
0.0
0.0
0.0
0.0
0.0
0.0
0.0
0.0
0.0
0.0
0.0
0.0
0.0
0.0
0.0
0.0
0.0
0.0
0.0
0.0
0.0
0.0
0.0
0.0
0.0
0.0
0.0
0.0
0.0
0.0
0.0
0.0
0.0
0.0
0.0
0.0
0.0
0.0
0.0
0.0
0.0
0.0
0.0
0.0
0.0
0.0
0.0
0.0
0.0
0.0
0.0
0.0
0.0
0.0
0.0
0.0
0.0
0.0
0.0
0.0
0.0
0.0
0.0
0.0
0.0
0.0
0.0
0.0
0.0
0.0
0.0
0.0
0.0
0.0
0.0
0.0
0.0
0.0
0.0
0.0
0.0
0.0
0.0
0.0
0.0
0.0
0.0
0.0
0.0
0.0
0.0
0.0
0.0
0.0
0.0
0.0
0.0
0.0
0.0
0.0
0.0
0.0
0.0
0.0
0.0
0.0
0.0
0.0
0.0
0.0
0.0
0.0
0.0
0.0
0.0
0.0
0.0
0.0
0.0
0.0
0.0
0.0
0.0
0.0
0.0
0.0
0.0
0.0
0.0
0.0
0.0
0.0
0.0
0.0
0.0
0.0
0.0
0.0
0.0
0.0
0.0
0.0
0.0
0.0
0.0
0.0
0.0
0.0
0.0
0.0
0.0
0.0
0.0
0.0
0.0
0.0
0.0
0.0
0.0
0.0
0.0
0.0
0.0
0.0
0.0
0.0
0.0
0.0
0.0
0.0
0.0
0.0
0.0
0.0
0.0
0.0
0.0
0.0
0.0
0.0
0.0
0.0
0.0
0.0
0.0
0.0
0.0
0.0
0.0
0.0
0.0
0.0
0.0
0.0
0.0
0.0
0.0
0.0
0.0
0.0
0.0
0.0
0.0
0.0
0.0
0.0
0.0
0.0
0.0
0.0
0.0
0.0
0.0
0.0
0.0
0.0
0.0
0.0
0.0
0.0
0.0
0.0
0.0
0.0
0.0
0.0
0.0
0.0
0.0
0.0
0.0
0.0
0.0
0.0
0.0
0.0
0.0
0.0
0.0
0.0
0.0
0.0
0.0
0.0
0.0
0.0
0.0
0.0
0.0
0.0
0.0
0.0
0.0
0.0
0.0
0.0
0.0
0.0
0.0
0.0
0.0
0.0
0.0
0.0
0.0
0.0
0.0
0.0
0.0
0.0
0.0
0.0
0.0
0.0
0.0
0.0
0.0
0.0
0.0
0.0
0.0
0.0
0.0
0.0
0.0
0.0
0.0
0.0
0.0
0.0
0.0
0.0
0.0
0.0
0.0
0.0
0.0
0.0
0.0
0.0
0.0
0.0
0.0
0.0
0.0
0.0
0.0
0.0
0.0
0.0
0.0
0.0
0.0
0.0
0.0
0.0
0.0
0.0
0.0
0.0
0.0
0.0
0.0
0.0
0.0
0.0
0.0
0.0
0.0
0.0
0.0
0.0
0.0
0.0
0.0
0.0
0.0
0.0
0.0
0.0
0.0
0.0
0.0
0.0
0.0
0.0
0.0
0.0
0.0
0.0
0.0
0.0
0.0
0.0
0.0
0.0
0.0
0.0
0.0
0.0
0.0
0.0
0.0
0.0
0.0
0.0
0.0
0.0
0.0
0.0
0.0
0.0
0.0
0.0
0.0
0.0
0.0
0.0
0.0
0.0
0.0
0.0
0.0
0.0
0.0
0.0
0.0
0.0
0.0
0.0
0.0
0.0
0.0
0.0
0.0
0.0
0.0
0.0
0.0
0.0
0.0
0.0
0.0
0.0
0.0
0.0
0.0
0.0
0.0
0.0
0.0
0.0
0.0
0.0
0.0
0.0
0.0
0.0
0.0
0.0
0.0
0.0
0.0
0.0
0.0
0.0
0.0
0.0
0.0
0.0
0.0
0.0
0.0
0.0
0.0
0.0
0.0
0.0
0.0
0.0
0.0
0.0
0.0
0.0
0.0
0.0
0.0
0.0
0.0
0.0
0.0
0.0
0.0
0.0
0.0
0.0
0.0
0.0
0.0
0.0
0.0
0.0
0.0
0.0
0.0
0.0
0.0
0.0
0.0
0.0
0.0
0.0
0.0
0.0
0.0
0.0
0.0
0.0
0.0
0.0
0.0
0.0
0.0
0.0
0.0
0.0
0.0
0.0
0.0
0.0
0.0
0.0
0.0
0.0
0.0
0.0
0.0
0.0
0.0
0.0
0.0
0.0
0.0
0.0
0.0
0.0
0.0
0.0
0.0
0.0
0.0
0.0
0.0
0.0
0.0
0.0
0.0
0.0
0.0
0.0
0.0
0.0
0.0
0.0
0.0
0.0
0.0
0.0
0.0
0.0
0.0
0.0
0.0
0.0
0.0
0.0
0.0
0.0
0.0
0.0
0.0
0.0
0.0
0.0
0.0
0.0
0.0
0.0
0.0
0.0
0.0
0.0
0.0
0.0
0.0
0.0
0.0
0.0
0.0
0.0
0.0
0.0
0.0
0.0
0.0
0.0
0.0
0.0
0.0
0.0
0.0
0.0
0.0
0.0
0.0
0.0
0.0
0.0
0.0
0.0
0.0
0.0
0.0
0.0
0.0
0.0
0.0
0.0
0.0
0.0
0.0
0.0
0.0
0.0
0.0
0.0
0.0
0.0
0.0
0.0
0.0
0.0
0.0
0.0
0.0
0.0
0.0
0.0
0.0
0.0
0.0
0.0
0.0
0.0
0.0
0.0
0.0
0.0
0.0
0.0
0.0
0.0
0.0
0.0
0.0
0.0
0.0
0.0
0.0
0.0
0.0
0.0
0.0
0.0
0.0
0.0
0.0
0.0
0.0
0.0
0.0
0.0
0.0
0.0
0.0
0.0
0.0
0.0
0.0
0.0
0.0
0.0
0.0
0.0
0.0
0.0
0.0
0.0
0.0
0.0
0.0
0.0
0.0
0.0
0.0
0.0
0.0
0.0
0.0
0.0
0.0
0.0
0.0
0.0
0.0
0.0
0.0
0.0
0.0
0.0
0.0
0.0
0.0
0.0
0.0
0.0
0.0
0.0
0.0
0.0
0.0
0.0
0.0
0.0
0.0
0.0
0.0
0.0
0.0
0.0
0.0
0.0
0.0
0.0
0.0
0.0
0.0
0.0
0.0
0.0
0.0
0.0
0.0
0.0
0.0
0.0
0.0
0.0
0.0
0.0
0.0
0.0
0.0
0.0
0.0
0.0
0.0
0.0
0.0
0.0
0.0
0.0
0.0
0.0
0.0
0.0
0.0
0.0
0.0
0.0
0.0
0.0
0.0
0.0
0.0
0.0
0.0
0.0
0.0
0.0
0.0
0.0
0.0
0.0
0.0
0.0
0.0
0.0
0.0
0.0
0.0
0.0
0.0
0.0
0.0
0.0
0.0
0.0
0.0
0.0
0.0
0.0
0.0
0.0
0.0
0.0
0.0
0.0
0.0
0.0
0.0
0.0
0.0
0.0
0.0
0.0
0.0
0.0
0.0
0.0
0.0
0.0
0.0
0.0
0.0
0.0
0.0
0.0
0.0
0.0
0.0
0.0
0.0
0.0
0.0
0.0
0.0
0.0
0.0
0.0
0.0
0.0
0.0
0.0
0.0
0.0
0.0
0.0
0.0
0.0
0.0
0.0
0.0
0.0
0.0
0.0
0.0
0.0
0.0
0.0
0.0
0.0
0.0
0.0
0.0
0.0
0.0
0.0
0.0
0.0
0.0
0.0
0.0
0.0
0.0
0.0
0.0
0.0
0.0
0.0
0.0
0.0
0.0
0.0
0.0
0.0
0.0
0.0
0.0
0.0
0.0
0.0
0.0
0.0
0.0
0.0
0.0
0.0
0.0
0.0
0.0
0.0
0.0
0.0
0.0
0.0
0.0
0.0
0.0
0.0
0.0
0.0
0.0
0.0
0.0
0.0
0.0
0.0
0.0
0.0
0.0
0.0
0.0
0.0
0.0
0.0
0.0
0.0
0.0
0.0
0.0
0.0
0.0
0.0
0.0
0.0
0.0
0.0
0.0
0.0
0.0
0.0
0.0
0.0
0.0
0.0
0.0
0.0
0.0
0.0
0.0
0.0
0.0
0.0
0.0
0.0
0.0
0.0
0.0
0.0
0.0
0.0
0.0
0.0
0.0
0.0
0.0
0.0
0.0
0.0
0.0
0.0
0.0
0.0
0.0
0.0
0.0
0.0
0.0
0.0
0.0
0.0
0.0
0.0
0.0
0.0
0.0
0.0
0.0
0.0
0.0
0.0
0.0
0.0
0.0
0.0
0.0
0.0
0.0
0.0
0.0
0.0
0.0
0.0
0.0
0.0
0.0
0.0
0.0
0.0
0.0
0.0
0.0
0.0
0.0
0.0
0.0
0.0
0.0
0.0
0.0
0.0
0.0
0.0
0.0
0.0
0.0
0.0
0.0
0.0
0.0
0.0
0.0
0.0
0.0
0.0
0.0
0.0
0.0
0.0
0.0
0.0
0.0
0.0
0.0
0.0
0.0
0.0
0.0
0.0
0.0
0.0
0.0
0.0
0.0
0.0
0.0
0.0
0.0
0.0
0.0
0.0
0.0
0.0
0.0
0.0
0.0
0.0
0.0
0.0
0.0
0.0
0.0
0.0
0.0
0.0
0.0
0.0
0.0
0.0
0.0
0.0
0.0
0.0
0.0
0.0
0.0
0.0
0.0
0.0
0.0
0.0
0.0
0.0
0.0
0.0
0.0
0.0
0.0
0.0
0.0
0.0
0.0
0.0
0.0
0.0
0.0
0.0
0.0
0.0
0.0
0.0
0.0
0.0
0.0
0.0
0.0
0.0
0.0
0.0
0.0
0.0
0.0
0.0
0.0
0.0
0.0
0.0
0.0
0.0
0.0
0.0
0.0
0.0
0.0
0.0
0.0
0.0
0.0
0.0
0.0
0.0
0.0
0.0
0.0
0.0
0.0
0.0
0.0
0.0
0.0
0.0
0.0
0.0
0.0
0.0
0.0
0.0
0.0
0.0
0.0
0.0
0.0
0.0
0.0
0.0
0.0
0.0
0.0
0.0
0.0
0.0
0.0
0.0
0.0
0.0
0.0
0.0
0.0
0.0
0.0
0.0
0.0
0.0
0.0
0.0
0.0
0.0
0.0
0.0
0.0
0.0
0.0
0.0
0.0
0.0
0.0
0.0
0.0
0.0
0.0
0.0
0.0
0.0
0.0
0.0
0.0
0.0
0.0
0.0
0.0
0.0
0.0
0.0
0.0
0.0
0.0
0.0
0.0
0.0
0.0
0.0
0.0
0.0
0.0
0.0
0.0
0.0
0.0
0.0
0.0
0.0
0.0
0.0
0.0
0.0
0.0
0.0
0.0
0.0
0.0
0.0
0.0
0.0
0.0
0.0
0.0
0.0
0.0
0.0
0.0
0.0
0.0
0.0
0.0
0.0
0.0
0.0
0.0
0.0
0.0
0.0
0.0
0.0
0.0
0.0
0.0
0.0
0.0
0.0
0.0
0.0
0.0
0.0
0.0
0.0
0.0
0.0
0.0
0.0
0.0
0.0
0.0
0.0
0.0
0.0
0.0
0.0
0.0
0.0
0.0
0.0
0.0
0.0
0.0
0.0
0.0
0.0
0.0
0.0
0.0
0.0
0.0
0.0
0.0
0.0
0.0
0.0
0.0
0.0
0.0
0.0
0.0
0.0
0.0
0.0
0.0
0.0
0.0
0.0
0.0
0.0
0.0
0.0
0.0
0.0
0.0
0.0
0.0
0.0
0.0
0.0
0.0
0.0
0.0
0.0
0.0
0.0
0.0
0.0
0.0
0.0
0.0
0.0
0.0
0.0
0.0
0.0
0.0
0.0
0.0
0.0
0.0
0.0
0.0
0.0
0.0
0.0
0.0
0.0
0.0
0.0
100.0
286720.0
26560.0
319488.0
0.0
0.0
0.0
0.0
0.0
0.0
0.0
0.0
0.0
0.0
0.0
0.0
0.0
0.0
0.0
0.0
0.0
0.0
0.0
0.0
0.0
0.0
0.0
0.0
