0.52929175
0.0055261846
0.0025436408
0.0026783042
0.0039102244
0.0015062344
0.00038902744
0.0008079801
0.005466334
0.00090274314
0.0012369078
0.0005286783
0.003072319
0.0013665835
0.00044389028
0.001830424
0.002349127
0.00074314215
0.0003341646
0.0002094763
0.0017855362
0.0022942643
0.00035910224
0.00027930175
0.0009975062
0.00018453866
0.0001745636
0.0002543641
0.00051870325
0.00022942643
0.0002394015
0.00032418952
0.0031321696
0.0005336658
0.00017955112
0.00068329176
0.00095261843
0.0009476309
0.00019950124
0.00012967581
0.00040399004
0.00057356607
0.000159601
0.00039401496
0.00036408976
0.00029925187
0.0006184539
0.00021446384
0.0010074812
0.00082793017
0.0010523691
0.002234414
0.0010573566
0.0008927681
0.0011521197
0.00090274314
0.0010573566
0.0013715711
0.0011870324
0.0029825435
0.0010922693
0.0016209476
0.0015511222
0.001127182
0.0019251871
0.0012618453
0.0039950125
0.005810474
0.0016009975
0.008798005
0.0012568579
0.0008029925
0.0012817956
0.0008029925
0.0006882793
0.0005286783
0.0009775561
0.0060798004
0.00096758106
0.00046882793
0.003182045
0.0032917706
0.0023790523
0.0011321696
0.0009925187
0.0065785535
0.0013416458
0.00082294265
0.0006882793
0.0005286783
0.0010374065
0.001840399
0.0006433915
0.0015511222
0.0012269326
0.0010473815
0.00082294265
0.0020199502
0.0007331671
0.0014862843
0.0017356608
0.0034812968
0.0016658354
0.0008977556
0.003296758
0.0019401496
0.003371571
0.0010922693
0.002413965
0.0010473815
0.0019750623
0.0017556109
0.0013216957
0.00035411472
0.001840399
0.001830424
0.004638404
0.004009975
0.00077306735
0.000553616
0.0008678304
0.0009127182
0.00087780546
0.0008478803
0.0011620948
0.002872818
0.0005436409
0.00047381545
0.0013566085
0.0013715711
0.00035411472
0.010069826
0.0017855362
0.0045336657
0.0013366584
0.000563591
0.0016907731
0.005810474
0.0015511222
0.020498753
0.0015062344
0.0046733166
0.00056857854
0.0004987531
0.0009177057
0.00035411472
0.00025935163
0.00027431422
0.0016009975
0.0020149625
0.00037905236
0.00025935163
0.00053865334
0.00026433915
0.0005137157
0.00029426435
0.0012269326
0.0002892768
0.0010174564
0.00029426435
0.00035411472
0.0007331671
0.00095261843
0.00088778057
0.0005336658
0.0006134663
0.00029426435
0.0002892768
0.00040897756
0.00017955112
0.00027930175
0.00040897756
0.00024937655
0.00033915212
0.000159601
0.00013965087
0.0007281795
0.00019451372
0.00025935163
0.00016458853
0.00057356607
0.00034413964
0.0002094763
0.00013965087
0.0010124688
0.00036408976
0.00037905236
0.00016957606
0.00043890273
0.00065336656
0.0009725686
0.00011471321
0.0029675812
0.0012917706
0.00082793017
0.0013017457
0.0035461346
0.00020448878
0.00084289274
0.0023840398
0.00079301745
0.0009476309
0.00029426435
8.977556e-05
0.10412469
0.00016458853
0.000723192
0.000319202
0.0010523691
0.00032418952
0.000957606
0.00044389028
0.00073815463
0.000159601
0.00025935163
0.00024937655
0.0009875312
0.00011471321
0.00019950124
0.00022942643
0.0010074812
8.977556e-05
0.0005037406
0.00032917707
0.0012967581
0.0005286783
0.0005137157
0.0003491272
0.0009127182
0.0008079801
0.00010972568
0.00054862845
0.0051770573
0.0016658354
0.0004339152
0.002912718
0.0028977557
8.478803e-05
0.0003840399
0.00065336656
0.0014613466
0.00011970075
0.00031421447
0.00068329176
0.003541147
0.00022942643
0.00011970075
0.0010673316
0.0040798006
0.0006184539
0.000723192
0.0008129676
0.0058902744
0.0014962594
0.002009975
0.024049874
0.4019033
2.5169136e-06
0.0
5.033827e-06
2.768605e-05
5.033827e-06
7.047358e-05
2.768605e-05
0.0
0.0
2.5169136e-06
0.0
0.067010306
5.033827e-06
0.0
1.2584568e-05
0.009748006
4.5304445e-05
7.550741e-06
2.768605e-05
2.0135309e-05
1.2584568e-05
5.033827e-06
4.5304445e-05
1.2584568e-05
5.033827e-06
1.0067654e-05
2.5169136e-06
5.033827e-06
2.5169136e-06
0.0
0.00035991866
0.013500725
4.0270617e-05
1.0067654e-05
4.782136e-05
6.7956666e-05
3.2719876e-05
7.299049e-05
4.782136e-05
2.0135309e-05
4.278753e-05
1.0067654e-05
1.5101482e-05
0.0010671713
2.0135309e-05
1.7618395e-05
0.00045052756
0.015202158
0.0001661163
0.00015353173
9.060889e-05
0.00015353173
6.7956666e-05
0.00025169135
0.00014346407
0.00014094716
4.278753e-05
0.00040270618
4.0270617e-05
0.0036092543
5.2855186e-05
3.7753704e-05
6.292284e-05
0.012710414
8.557506e-05
0.00029951273
0.0001484979
0.00028189432
0.00015604864
0.00087840285
0.00053358567
8.557506e-05
2.2652222e-05
2.5169136e-05
4.5304445e-05
2.5169136e-05
1.0067654e-05
7.802432e-05
7.802432e-05
0.0124486545
0.00017870087
0.0002391068
0.0006594314
0.00017618395
0.000120811856
0.0003523679
0.0002391068
0.00013591333
0.00013339642
0.000113261114
8.0541235e-05
0.00010822729
0.00018121778
7.802432e-05
0.00021897149
0.0
0.0
0.0
0.0
0.0
0.0
0.0
0.0
0.0
0.0
0.0
0.0
0.0
0.0
0.0
0.0
0.0062167766
1.7618395e-05
4.5304445e-05
4.782136e-05
0.0003850878
0.00016863321
0.0011175097
0.0005663056
1.7618395e-05
0.00031964804
3.7753704e-05
8.8091976e-05
0.0001837347
0.000100676545
0.00015604864
0.0008406492
0.0062998347
0.00010571037
0.00019883618
0.00010571037
0.00045807828
0.00023658988
0.0007978616
0.00043039225
0.00025169135
1.0067654e-05
6.543975e-05
8.0541235e-05
0.00085323374
4.5304445e-05
0.00018121778
0.00018876852
0.009317614
0.0001484979
0.0025294982
0.0020311493
0.0014170224
0.00078779395
0.0055019734
0.002974992
0.00053358567
0.0002592421
0.00029196197
0.00013591333
0.0031587267
0.00033978335
0.000523518
0.0009765625
0.0088645695
4.782136e-05
0.00074500643
0.00074500643
0.00122322
0.0007223542
0.0034305532
0.0017794579
0.00066698215
0.0010596206
0.00080037856
0.00050841656
0.0006141269
0.00036243556
0.0004429768
0.003760269
0.006702541
0.000699702
0.0011426788
0.008172419
0.0024011356
0.0017542888
0.003352529
0.0022400531
0.0025169137
0.0012710413
0.0007525572
0.0007349388
0.0046260874
0.00076262484
0.0011753987
0.0029322044
0.014019209
0.002124275
0.00062167767
0.0038634625
0.008902323
0.008527303
0.0059046797
0.004915532
0.014965569
0.0033374275
0.0014421915
0.0023457636
0.01507883
0.0011477126
0.0041277385
0.011769088
0.047023498
0.0074827843
0.003732583
0.00448514
0.020548083
0.014542727
0.0064256806
0.008859536
0.03761779
0.003501027
0.0027258175
0.0025823533
0.025146484
0.0046034353
0.012280022
0.02524716
0.0010319346
0.00018876852
6.7956666e-05
0.00010319346
0.00037753704
0.0003146142
0.00017115012
0.00025420828
0.0007928278
0.0001107442
0.0001661163
6.7956666e-05
0.0004203246
7.802432e-05
0.00028189432
0.0007273881
0.0
0.0
0.0
0.0
0.0
0.0
0.0
0.0
0.0
0.0
0.0
0.0
0.0
0.0
0.0
0.0
615.0
18.315447
11264.0
0.03497869
0.0023082385
0.0007990057
0.0045276987
0.0016867898
0.0059481533
0.0014204546
0.0007990057
0.0023082385
0.002397017
0.0007102273
0.0011541193
0.0022194602
0.003462358
0.0068359375
0.0014204546
0.0076349434
0.0063920454
0.010209517
0.007013494
0.008256392
0.008877841
0.012784091
0.008877841
0.008078835
0.013849432
0.010387074
0.012606534
0.009410512
0.015269887
0.019797586
0.011541193
0.005415483
0.015003551
0.013583097
0.013583097
0.011629972
0.011807528
0.01677912
0.009144176
0.007368608
0.011186079
0.0062144888
0.008700284
0.009765625
0.0090553975
0.014559659
0.006747159
0.0075461646
0.0077237217
0.0075461646
0.010387074
0.005415483
0.006303267
0.008078835
0.0028409092
0.0036399148
0.0018643466
0.0028409092
0.002574574
0.0028409092
0.0030184658
0.0027521306
0.005149148
0.0024857954
0.026544744
0.0087890625
0.015891336
0.019975143
0.050426137
0.012162642
0.009943182
0.017578125
0.025568182
0.0041725854
0.008877841
0.035955254
0.015625
0.031072443
0.02787642
0.016867898
0.0048828125
0.025479404
0.021129262
0.041104402
0.01615767
0.007901278
0.0057705967
0.010298296
0.0074573862
0.0042613638
0.0035511365
0.012073863
0.007368608
0.0042613638
0.003462358
6.131318
0.0
0.0
0.0
3.0
200500.0
798720.0
1.0
0.0
60.0
0.0
1.0
0.0
0.0
0.0
1077264600.0
0.0
0.0
0.0
0.0
0.0
1.0
0.0
0.0
0.0
0.0
0.0
0.0
-1.0
1.0
-1.0
-1.0
0.0
0.0
0.0
0.0
0.0
0.0
0.0
0.0
0.0
0.0
0.0
0.0
-1.0
0.0
0.0
0.0
0.0
0.0
0.0
0.0
0.0
0.0
0.0
0.0
0.0
-1.0
0.0
0.0
0.0
0.0
0.0
0.0
0.0
0.0
0.0
0.0
6.0
0.0
4.0
0.0
4.0
0.0
147456.0
4096.0
4096.0
13.0
6.0
0.0
8.0
10.0
0.0
0.0
0.0
0.0
0.0
-8192.0
0.0
0.0
0.0
0.0
0.0
0.0
0.0
0.0
8192.0
0.0
0.0
-4141.0
0.0
0.0
0.0
0.0
0.0
0.0
0.0
0.0
0.0
0.0
0.0
0.0
0.0
0.0
-8192.0
0.0
0.0
0.0
0.0
0.0
0.0
0.0
0.0
-147456.0
-4096.0
12288.0
0.0
0.0
0.0
0.0
0.0
0.0
0.0
0.0
0.0
0.0
0.0
-3.820192
0.0
0.0
0.0
0.0
0.0
0.0
0.0
0.0
4.3806105
0.0
0.0
-1.0366374
0.0
0.0
0.0
0.0
0.0
0.0
0.0
0.0
0.0
0.0
0.0
0.0
0.0
0.0
-0.783453
0.0
0.0
0.0
0.0
0.0
0.0
0.0
0.0
-3.7000184
-2.8220417
2.3781133
0.0
0.0
0.0
0.0
0.0
0.0
0.0
0.0
0.0
0.0
-106496.0
-36864.0
0.0
0.0
0.0
0.0
0.0
0.0
0.0
0.0
8192.0
0.0
0.0
-4096.0
32768.0
0.0
0.0
0.0
32768.0
0.0
0.0
0.0
0.0
0.0
-110592.0
0.0
0.0
0.0
-77824.0
0.0
0.0
0.0
0.0
0.0
-110592.0
0.0
0.0
-147456.0
-4096.0
12288.0
0.0
0.0
-110592.0
0.0
0.0
0.0
0.0
0.0
0.0
-1.0
0.0
0.0
0.0
0.0
0.0
1.0
0.0
0.0
0.0
0.0
0.0
0.0
0.0
0.0
0.0
0.0
0.0
0.0
0.0
0.0
0.0
0.0
0.0
0.0
0.0
0.0
0.0
0.0
0.0
0.0
0.0
0.0
0.0
0.0
0.0
-2.0
0.0
0.0
0.0
1.0
0.0
0.0
0.0
0.0
0.0
0.0
0.0
0.0
0.0
0.0
0.0
0.0
0.0
0.0
0.0
0.0
0.0
0.0
0.0
-1.0
0.0
0.0
0.0
0.0
0.0
0.0
0.0
0.0
0.0
1.0
0.0
0.0
0.0
0.0
1.0
0.0
0.0
0.0
0.0
0.0
0.0
0.0
0.0
0.0
0.0
0.0
0.0
0.0
0.0
0.0
0.0
0.0
0.0
0.0
0.0
0.0
0.0
0.0
0.0
0.0
0.0
0.0
0.0
0.0
0.0
0.0
0.0
0.0
0.0
0.0
0.0
0.0
0.0
0.0
0.0
0.0
0.0
0.0
0.0
0.0
0.0
0.0
0.0
0.0
0.0
0.0
-1.0
0.0
0.0
0.0
0.0
0.0
0.0
0.0
0.0
0.0
0.0
0.0
0.0
-1.0
0.0
0.0
0.0
0.0
0.0
0.0
0.0
0.0
0.0
0.0
0.0
0.0
0.0
0.0
0.0
0.0
0.0
0.0
0.0
0.0
0.0
0.0
0.0
0.0
0.0
0.0
0.0
0.0
0.0
0.0
0.0
0.0
0.0
0.0
0.0
0.0
0.0
0.0
0.0
0.0
0.0
0.0
0.0
0.0
0.0
0.0
0.0
0.0
0.0
0.0
0.0
0.0
0.0
0.0
0.0
0.0
-1.0
0.0
0.0
0.0
0.0
0.0
0.0
0.0
0.0
0.0
0.0
0.0
0.0
0.0
0.0
0.0
0.0
1.0
0.0
0.0
0.0
0.0
0.0
0.0
0.0
0.0
0.0
0.0
0.0
0.0
0.0
0.0
0.0
0.0
0.0
0.0
0.0
0.0
0.0
0.0
0.0
0.0
0.0
0.0
0.0
0.0
0.0
0.0
0.0
0.0
0.0
0.0
0.0
0.0
0.0
0.0
0.0
0.0
0.0
0.0
0.0
0.0
0.0
0.0
0.0
0.0
0.0
0.0
0.0
0.0
0.0
0.0
0.0
0.0
0.0
0.0
0.0
0.0
0.0
0.0
0.0
0.0
0.0
0.0
0.0
0.0
0.0
0.0
0.0
0.0
0.0
0.0
0.0
0.0
0.0
0.0
0.0
0.0
0.0
0.0
0.0
0.0
0.0
0.0
0.0
0.0
0.0
0.0
0.0
0.0
0.0
0.0
0.0
0.0
0.0
0.0
0.0
0.0
0.0
0.0
0.0
0.0
0.0
0.0
0.0
0.0
0.0
0.0
0.0
0.0
0.0
0.0
0.0
0.0
0.0
0.0
0.0
0.0
0.0
0.0
0.0
0.0
0.0
0.0
0.0
0.0
0.0
0.0
0.0
0.0
0.0
0.0
0.0
0.0
0.0
0.0
0.0
0.0
0.0
0.0
0.0
0.0
0.0
0.0
0.0
0.0
0.0
0.0
0.0
1.0
0.0
0.0
0.0
0.0
0.0
0.0
0.0
0.0
0.0
0.0
0.0
0.0
0.0
0.0
0.0
0.0
0.0
0.0
0.0
0.0
0.0
0.0
0.0
0.0
0.0
0.0
0.0
0.0
-1.0
0.0
0.0
0.0
0.0
0.0
0.0
0.0
0.0
0.0
0.0
0.0
0.0
0.0
0.0
0.0
0.0
0.0
0.0
0.0
0.0
0.0
0.0
0.0
0.0
0.0
0.0
0.0
0.0
0.0
0.0
0.0
0.0
0.0
0.0
0.0
0.0
0.0
0.0
0.0
0.0
0.0
0.0
0.0
0.0
0.0
0.0
0.0
0.0
0.0
0.0
0.0
0.0
0.0
0.0
0.0
0.0
0.0
0.0
0.0
0.0
0.0
0.0
0.0
1.0
0.0
0.0
0.0
0.0
0.0
0.0
0.0
0.0
0.0
0.0
0.0
0.0
0.0
0.0
0.0
0.0
0.0
0.0
0.0
0.0
0.0
0.0
0.0
0.0
-1.0
0.0
0.0
0.0
0.0
0.0
0.0
0.0
0.0
0.0
0.0
0.0
0.0
0.0
0.0
0.0
0.0
0.0
0.0
0.0
0.0
0.0
0.0
0.0
0.0
0.0
0.0
0.0
0.0
0.0
0.0
0.0
0.0
0.0
0.0
0.0
0.0
0.0
0.0
0.0
0.0
0.0
0.0
0.0
0.0
0.0
0.0
0.0
0.0
0.0
0.0
0.0
0.0
0.0
0.0
0.0
0.0
0.0
0.0
0.0
0.0
0.0
0.0
0.0
0.0
0.0
0.0
0.0
0.0
0.0
0.0
0.0
0.0
0.0
0.0
0.0
0.0
0.0
0.0
0.0
0.0
0.0
0.0
0.0
0.0
0.0
0.0
0.0
0.0
0.0
-1.0
0.0
0.0
0.0
0.0
0.0
0.0
0.0
0.0
0.0
0.0
0.0
0.0
0.0
0.0
0.0
0.0
0.0
0.0
0.0
0.0
0.0
0.0
0.0
0.0
0.0
0.0
0.0
0.0
0.0
0.0
1.0
0.0
0.0
0.0
0.0
0.0
0.0
0.0
0.0
0.0
0.0
0.0
0.0
0.0
0.0
0.0
-1.0
0.0
0.0
0.0
0.0
0.0
0.0
0.0
0.0
0.0
0.0
0.0
-1.0
0.0
0.0
0.0
0.0
0.0
0.0
0.0
0.0
0.0
0.0
0.0
0.0
0.0
0.0
0.0
0.0
0.0
0.0
0.0
0.0
0.0
0.0
0.0
0.0
0.0
0.0
0.0
0.0
0.0
0.0
0.0
0.0
0.0
0.0
0.0
0.0
0.0
0.0
0.0
0.0
0.0
0.0
-1.0
0.0
0.0
1.0
0.0
0.0
0.0
0.0
0.0
0.0
0.0
0.0
0.0
0.0
0.0
0.0
0.0
0.0
0.0
0.0
0.0
0.0
0.0
0.0
0.0
0.0
0.0
0.0
0.0
0.0
0.0
0.0
0.0
0.0
0.0
0.0
0.0
0.0
0.0
0.0
0.0
0.0
0.0
0.0
0.0
0.0
0.0
-1.0
0.0
0.0
0.0
-1.0
0.0
0.0
0.0
0.0
0.0
0.0
0.0
0.0
0.0
0.0
0.0
0.0
0.0
0.0
0.0
0.0
0.0
0.0
0.0
0.0
0.0
0.0
0.0
0.0
0.0
0.0
0.0
0.0
0.0
0.0
0.0
0.0
0.0
0.0
1.0
0.0
0.0
0.0
0.0
0.0
0.0
0.0
0.0
0.0
0.0
-1.0
0.0
1.0
0.0
0.0
0.0
0.0
0.0
0.0
0.0
0.0
0.0
0.0
0.0
0.0
0.0
0.0
0.0
0.0
0.0
0.0
0.0
0.0
0.0
0.0
0.0
0.0
0.0
0.0
0.0
0.0
1.0
0.0
0.0
0.0
0.0
0.0
0.0
0.0
0.0
0.0
0.0
0.0
0.0
0.0
0.0
0.0
0.0
0.0
0.0
0.0
0.0
0.0
0.0
0.0
0.0
0.0
0.0
0.0
0.0
0.0
0.0
0.0
0.0
0.0
0.0
0.0
0.0
0.0
0.0
-1.0
0.0
0.0
0.0
0.0
0.0
0.0
0.0
0.0
0.0
0.0
0.0
0.0
0.0
0.0
0.0
0.0
0.0
0.0
-1.0
0.0
0.0
0.0
0.0
0.0
0.0
0.0
0.0
0.0
0.0
0.0
0.0
0.0
0.0
0.0
0.0
0.0
0.0
0.0
0.0
0.0
0.0
0.0
0.0
0.0
0.0
0.0
0.0
0.0
0.0
0.0
0.0
0.0
0.0
0.0
0.0
0.0
0.0
0.0
0.0
0.0
0.0
0.0
0.0
0.0
0.0
0.0
0.0
0.0
0.0
0.0
0.0
1.0
0.0
0.0
0.0
0.0
0.0
0.0
0.0
0.0
0.0
0.0
0.0
0.0
0.0
0.0
0.0
1.0
0.0
0.0
-2.0
0.0
0.0
0.0
0.0
0.0
0.0
0.0
0.0
0.0
0.0
1.0
0.0
0.0
0.0
1.0
0.0
0.0
1.0
-1.0
0.0
0.0
0.0
0.0
0.0
0.0
0.0
0.0
0.0
0.0
0.0
-1.0
-1.0
0.0
0.0
0.0
0.0
0.0
1.0
0.0
0.0
0.0
0.0
0.0
0.0
0.0
0.0
0.0
0.0
0.0
0.0
0.0
0.0
0.0
0.0
0.0
1.0
0.0
1.0
0.0
0.0
0.0
0.0
0.0
1.0
0.0
0.0
0.0
0.0
0.0
0.0
0.0
0.0
-1.0
0.0
0.0
0.0
0.0
0.0
0.0
0.0
0.0
0.0
0.0
0.0
0.0
0.0
0.0
1.0
0.0
0.0
0.0
0.0
0.0
0.0
0.0
0.0
0.0
1.0
0.0
0.0
0.0
0.0
0.0
0.0
0.0
0.0
0.0
0.0
0.0
0.0
0.0
0.0
0.0
0.0
0.0
0.0
0.0
0.0
0.0
0.0
0.0
0.0
0.0
0.0
0.0
0.0
0.0
0.0
0.0
0.0
0.0
0.0
0.0
0.0
0.0
0.0
-1.0
0.0
0.0
0.0
0.0
0.0
0.0
0.0
0.0
0.0
0.0
0.0
0.0
0.0
0.0
0.0
0.0
0.0
0.0
-1.0
0.0
0.0
0.0
0.0
1.0
0.0
0.0
0.0
0.0
0.0
0.0
1.0
0.0
0.0
0.0
0.0
0.0
0.0
0.0
0.0
0.0
0.0
0.0
0.0
0.0
0.0
0.0
0.0
0.0
0.0
0.0
0.0
-1.0
0.0
0.0
0.0
0.0
0.0
0.0
0.0
0.0
0.0
0.0
0.0
0.0
0.0
-1.0
-1.0
0.0
0.0
0.0
0.0
0.0
0.0
0.0
0.0
0.0
-1.0
0.0
0.0
0.0
0.0
0.0
0.0
0.0
0.0
0.0
0.0
0.0
-1.0
0.0
0.0
1.0
0.0
0.0
0.0
0.0
0.0
0.0
0.0
0.0
0.0
0.0
0.0
0.0
0.0
0.0
0.0
0.0
-1.0
0.0
-1.0
1.0
0.0
0.0
0.0
0.0
1.0
0.0
0.0
0.0
0.0
0.0
0.0
0.0
0.0
0.0
0.0
0.0
0.0
1.0
0.0
0.0
0.0
-1.0
0.0
0.0
0.0
0.0
0.0
0.0
0.0
0.0
1.0
0.0
0.0
0.0
0.0
0.0
0.0
0.0
0.0
0.0
0.0
0.0
0.0
0.0
0.0
0.0
0.0
0.0
0.0
0.0
0.0
0.0
0.0
0.0
0.0
-1.0
0.0
0.0
0.0
0.0
0.0
0.0
0.0
0.0
0.0
0.0
0.0
0.0
0.0
0.0
0.0
0.0
0.0
0.0
0.0
0.0
0.0
0.0
-1.0
0.0
0.0
0.0
0.0
0.0
0.0
0.0
0.0
0.0
0.0
0.0
0.0
0.0
0.0
0.0
0.0
0.0
0.0
0.0
0.0
0.0
0.0
0.0
-1.0
0.0
0.0
0.0
0.0
0.0
0.0
0.0
0.0
0.0
0.0
0.0
0.0
0.0
0.0
0.0
0.0
0.0
0.0
0.0
0.0
0.0
0.0
0.0
0.0
0.0
-1.0
-1.0
0.0
0.0
0.0
0.0
0.0
0.0
0.0
0.0
0.0
0.0
0.0
0.0
0.0
0.0
0.0
0.0
0.0
0.0
0.0
0.0
0.0
0.0
0.0
0.0
-1.0
0.0
0.0
0.0
0.0
0.0
0.0
0.0
0.0
0.0
0.0
0.0
0.0
0.0
0.0
0.0
0.0
0.0
0.0
0.0
0.0
0.0
0.0
0.0
0.0
0.0
0.0
0.0
0.0
0.0
0.0
0.0
0.0
0.0
0.0
0.0
0.0
0.0
0.0
0.0
0.0
0.0
0.0
0.0
0.0
0.0
0.0
0.0
0.0
0.0
0.0
0.0
0.0
0.0
0.0
0.0
0.0
0.0
0.0
0.0
0.0
0.0
0.0
0.0
0.0
0.0
0.0
0.0
0.0
0.0
0.0
0.0
0.0
0.0
0.0
0.0
0.0
0.0
0.0
0.0
0.0
0.0
0.0
0.0
0.0
0.0
0.0
0.0
0.0
0.0
0.0
0.0
0.0
0.0
0.0
0.0
0.0
0.0
0.0
0.0
0.0
0.0
0.0
0.0
0.0
0.0
0.0
0.0
0.0
0.0
0.0
0.0
0.0
0.0
0.0
0.0
0.0
0.0
0.0
0.0
0.0
0.0
0.0
0.0
0.0
0.0
0.0
0.0
0.0
0.0
0.0
0.0
0.0
0.0
0.0
0.0
0.0
0.0
0.0
0.0
0.0
0.0
0.0
0.0
0.0
0.0
0.0
0.0
0.0
0.0
0.0
0.0
0.0
0.0
0.0
0.0
0.0
0.0
0.0
0.0
0.0
0.0
0.0
0.0
0.0
0.0
0.0
0.0
0.0
100.0
237568.0
10640.0
241664.0
0.0
0.0
0.0
0.0
0.0
0.0
28.0
151552.0
0.0
0.0
0.0
0.0
0.0
0.0
0.0
0.0
0.0
0.0
460.0
238128.0
0.0
0.0
0.0
0.0
