0.012645903
0.0041823615
0.0040893555
0.006632487
0.004839216
0.0023106167
0.0024152484
0.0026303246
0.002912249
0.0024239677
0.0033017113
0.007684617
0.004066104
0.0037754604
0.0024152484
0.00327846
0.0025024414
0.0033017113
0.0035807292
0.0028424945
0.0036097935
0.0030430385
0.003019787
0.0025431316
0.0031156994
0.0039876304
0.00251988
0.0025344123
0.0022553944
0.0030256
0.0030575707
0.0033017113
0.0035226005
0.0035429455
0.003194173
0.00470552
0.0051356726
0.00251988
0.0031069801
0.0032406761
0.00273205
0.003885905
0.002859933
0.003726051
0.0031215122
0.00403704
0.003406343
0.003205799
0.0026245117
0.0041184197
0.0030168805
0.0070975167
0.0020577568
0.0027175178
0.002546038
0.0032523018
0.016316732
0.0032377697
0.003458659
0.003746396
0.00327846
0.0035138812
0.0063709076
0.002859933
0.002633231
0.00466483
0.0024646576
0.0038888115
0.0034877232
0.0038510277
0.0022117977
0.004272461
0.0033220563
0.0026913597
0.0022350494
0.0034092495
0.0037289574
0.003040132
0.0023600261
0.002380371
0.0034005302
0.002653576
0.0020839146
0.0021304176
0.006399972
0.0027436756
0.0026855469
0.0033017113
0.0034557525
0.0068010604
0.003040132
0.004632859
0.0028279622
0.0031011673
0.0026477631
0.003638858
0.0035371326
0.0046561104
0.003159296
0.003179641
0.0063302177
0.0031447639
0.005126953
0.0020984467
0.0027872722
0.0026739212
0.004368373
0.0026477631
0.0022437687
0.0028018043
0.0024355934
0.002859933
0.0039498466
0.0027756463
0.0029674713
0.004571824
0.004103888
0.00218564
0.0025721958
0.0025256928
0.0026971726
0.0048450287
0.002973284
0.004502069
0.0049700057
0.014747256
0.00327846
0.0027233306
0.0040690103
0.0068562827
0.003013974
0.0037987118
0.0036330451
0.0041998
0.0035487583
0.0032958984
0.00407773
0.0035952614
0.0029674713
0.006411598
0.003967285
0.0038510277
0.0035545712
0.0042753676
0.0038539341
0.0026361374
0.004438128
0.003447033
0.006123861
0.004019601
0.0029035297
0.0043160575
0.0050106957
0.0025925408
0.0030779156
0.0078880675
0.0031738281
0.0028163365
0.0037027996
0.0036679222
0.008097331
0.0028889973
0.0031563896
0.0028628395
0.0033743721
0.0043276832
0.0042695543
0.0028163365
0.0027611142
0.0030488514
0.0038452148
0.0053710938
0.0023832775
0.0056297667
0.006524949
0.0028919037
0.0044294083
0.0041968934
0.0055454797
0.003406343
0.004103888
0.0038800922
0.0024762836
0.0034383137
0.0044206893
0.0022117977
0.0031970795
0.0029907227
0.0021914528
0.0035371326
0.0061703636
0.003720238
0.0037289574
0.005426316
0.0027901786
0.004679362
0.0034150623
0.0035051617
0.003261021
0.005623954
0.0092976885
0.010370163
0.008794876
0.004859561
0.0035836357
0.0030081612
0.003999256
0.003999256
0.0049235024
0.004725865
0.004531134
0.0029413132
0.0048159645
0.0062168664
0.0030633835
0.003772554
0.0034441266
0.004940941
0.0034383137
0.004141671
0.0032813663
0.0035516648
0.0042172386
0.0041532973
0.008222307
0.0029878162
0.0037987118
0.0046183267
0.0034557525
0.003740583
0.0031767345
0.0038277763
0.0024094353
0.0033017113
0.003205799
0.003194173
0.0027146111
0.0054408484
0.0050106957
0.005426316
0.0034005302
0.003092448
0.0049118767
0.0041532973
0.006992885
0.0036679222
0.0042898995
0.0061819893
0.0038277763
0.0031302315
0.0034819103
0.0039440338
0.0028018043
0.0037086124
0.003926595
0.0038771858
0.0
0.0
0.0
0.0
0.0
0.0
0.0
0.0
0.0
0.0
0.0
0.0
0.0
0.0
0.0
0.0
0.0
0.0
0.0
0.0
0.0
0.0
0.0
0.0
0.0
0.0
0.0
0.0
0.0
0.0
0.0
0.0
0.0
0.0
0.0
0.0
0.0
0.0
0.0
0.0
0.0
0.0
0.0
0.0
0.0
0.0
0.0
0.0
0.0
0.0
0.0
0.0
0.0
0.0
0.0
0.0
0.0
0.0
0.0
0.0
0.0
0.0
0.0
0.0
0.0
0.0
0.0
0.0
0.0
0.0
0.0
0.0
0.0
0.0
0.0
0.0
0.0
0.0
0.0
0.0
0.0
0.0
0.0
0.0
0.0
0.0
0.0
0.0
0.0
0.0
0.0
0.0
0.0
0.0
0.0
0.0
0.0
0.0
0.0
0.0
0.0
0.0
0.0
0.0
0.0
0.0
0.0
0.0
0.0
0.0
0.0
0.0
0.0
0.0
0.0
0.0
0.0
0.0
0.0
0.0
0.0
0.0
0.0
0.0
0.0
0.0
0.0
0.0
0.0
2.915112e-06
0.0
4.3726677e-06
2.915112e-06
1.457556e-06
1.457556e-06
1.457556e-06
0.0
0.0014881646
0.0014881646
0.0
0.0014867071
1.457556e-06
2.915112e-06
0.0014881646
0.0012272621
3.498134e-05
8.745335e-06
5.830224e-06
5.830224e-06
2.915112e-06
5.830224e-06
1.0202892e-05
3.498134e-05
5.8302237e-05
7.2877796e-05
0.00011806203
0.0001851096
0.00012826493
0.00011368936
0.0009721898
0.0031949626
8.4538246e-05
0.000112231806
0.0001093167
0.000116604475
0.00011514692
0.00019093983
0.00012534982
0.00018948228
0.0007637593
0.00079874066
0.00015595849
0.0009036847
0.0002550723
0.00018656717
0.0016528685
0.0
0.0
0.0
0.0
0.0
0.0
0.0
0.0
0.0
0.0
0.0
0.0
0.0
0.0
0.0
0.0
0.0015945663
0.00033961053
0.00069962686
0.0010975397
0.00031628963
0.00039791278
0.00045475745
0.0023058536
0.0012593283
0.0014400653
0.0008351796
0.00033669543
0.003022971
0.0014823345
0.0005392957
0.0017884212
0.0014517257
0.0005699044
0.0016266324
0.0026279734
0.0006588153
0.0011237756
0.0011383512
0.0016105993
0.003872726
0.0030492072
0.0015799907
0.0019487523
0.0045213387
0.0039018774
0.0016616138
0.0014925373
0.015060926
0.0069306786
0.0114607625
0.020870743
0.008477146
0.00827746
0.008121502
0.020732276
0.012997027
0.010425898
0.007969916
0.009630072
0.025571361
0.013037838
0.011596316
0.011825152
0.045453884
0.04036847
0.04215252
0.045690008
0.041194905
0.045768715
0.044230994
0.04177647
0.04693913
0.046627216
0.051658697
0.047832616
0.044802357
0.04749592
0.05053638
0.045829933
1314.0
6.0068493
7893.0
0.02622577
0.008995312
0.007094894
0.005701254
0.0050677815
0.0064614215
0.022551628
0.0069681997
0.00836184
0.006841505
0.009248701
0.010642341
0.0095020905
0.009375396
0.007094894
0.025592297
0.0062080324
0.0069681997
0.0069681997
0.015330039
0.0064614215
0.0064614215
0.007474978
0.006588116
0.04155581
0.025212213
0.008741924
0.009375396
0.004687698
0.0059546432
0.02761941
0.0064614215
0.007474978
0.012416065
0.007094894
0.008995312
0.026859242
0.007348283
0.009628785
0.026605854
0.0051944763
0.0076016723
0.007094894
0.008741924
0.007221589
0.0076016723
0.008995312
0.007855061
0.00810845
0.007855061
0.007855061
0.0064614215
0.008995312
0.00557456
0.009628785
0.005447865
0.011275814
0.036741417
0.007855061
0.009122007
0.0062080324
0.007981756
0.0076016723
0.006334727
0.011022425
0.017483847
0.0076016723
0.009628785
0.020777905
0.013176232
0.007474978
0.005447865
0.0051944763
0.0076016723
0.0076016723
0.007728367
0.013176232
0.009628785
0.010262257
0.008995312
0.007094894
0.006841505
0.008615228
0.010262257
0.009122007
0.007094894
0.007348283
0.005447865
0.0067148106
0.007474978
0.006841505
0.006841505
0.007728367
0.036107942
0.0062080324
0.009882174
6.334785
0.0
0.0
0.0
5.0
344064.0
253952.0
0.0
0.0
0.0
0.0
0.0
0.0
0.0
0.0
570763260.0
0.0
0.0
0.0
0.0
0.0
1.0
0.0
0.0
0.0
0.0
0.0
0.0
-1.0
0.0
-1.0
-1.0
0.0
0.0
0.0
0.0
0.0
0.0
0.0
0.0
0.0
0.0
0.0
0.0
-1.0
0.0
0.0
0.0
0.0
0.0
0.0
0.0
0.0
0.0
0.0
0.0
0.0
-1.0
0.0
0.0
0.0
0.0
0.0
0.0
0.0
0.0
0.0
0.0
5.0
12.0
4.0
0.0
4.0
0.0
13824.0
1024.0
4096.0
5.0
1.0
0.0
4.0
4.0
0.0
0.0
0.0
0.0
0.0
0.0
0.0
0.0
0.0
0.0
0.0
0.0
0.0
0.0
0.0
0.0
0.0
0.0
0.0
0.0
0.0
0.0
0.0
0.0
0.0
0.0
-31744.0
0.0
0.0
0.0
0.0
0.0
-128000.0
0.0
0.0
0.0
0.0
0.0
0.0
0.0
0.0
-9728.0
0.0
0.0
0.0
0.0
0.0
0.0
0.0
0.0
0.0
0.0
0.0
0.0
0.0
0.0
0.0
0.0
0.0
0.0
0.0
0.0
0.0
0.0
0.0
0.0
0.0
0.0
0.0
0.0
0.0
0.0
0.0
0.0
0.0
0.0
-7.3556333
0.0
0.0
0.0
0.0
0.0
-7.939458
0.0
0.0
0.0
0.0
0.0
0.0
0.0
0.0
0.09613226
0.0
0.0
0.0
0.0
0.0
0.0
0.0
0.0
0.0
0.0
0.0
0.0
0.0
0.0
0.0
0.0
0.0
0.0
0.0
0.0
0.0
0.0
0.0
0.0
0.0
0.0
0.0
0.0
0.0
0.0
0.0
0.0
0.0
0.0
-32768.0
0.0
0.0
0.0
0.0
0.0
-129024.0
0.0
0.0
0.0
0.0
0.0
0.0
0.0
0.0
-9256.0
0.0
0.0
0.0
65536.0
0.0
0.0
0.0
0.0
0.0
0.0
0.0
-1.0
0.0
0.0
0.0
0.0
0.0
1.0
0.0
0.0
0.0
0.0
0.0
0.0
0.0
0.0
0.0
0.0
0.0
0.0
0.0
0.0
0.0
0.0
0.0
0.0
0.0
0.0
0.0
0.0
0.0
0.0
0.0
0.0
0.0
0.0
0.0
-2.0
0.0
0.0
0.0
1.0
0.0
0.0
0.0
0.0
0.0
0.0
0.0
0.0
0.0
0.0
0.0
0.0
0.0
0.0
0.0
0.0
0.0
0.0
0.0
-1.0
0.0
0.0
0.0
0.0
0.0
0.0
0.0
0.0
0.0
1.0
0.0
0.0
0.0
0.0
1.0
0.0
0.0
0.0
0.0
0.0
0.0
0.0
0.0
0.0
0.0
0.0
0.0
0.0
0.0
0.0
0.0
0.0
0.0
0.0
0.0
0.0
0.0
0.0
0.0
0.0
0.0
0.0
0.0
0.0
0.0
0.0
0.0
0.0
0.0
0.0
0.0
0.0
0.0
0.0
0.0
0.0
0.0
0.0
0.0
0.0
0.0
0.0
0.0
0.0
0.0
0.0
0.0
0.0
0.0
0.0
0.0
0.0
0.0
0.0
0.0
0.0
0.0
0.0
0.0
0.0
0.0
0.0
0.0
0.0
0.0
0.0
0.0
0.0
0.0
0.0
0.0
0.0
0.0
0.0
0.0
0.0
0.0
0.0
0.0
0.0
0.0
0.0
0.0
0.0
0.0
0.0
0.0
0.0
0.0
0.0
0.0
0.0
0.0
0.0
0.0
0.0
0.0
0.0
0.0
0.0
0.0
0.0
0.0
0.0
0.0
0.0
0.0
0.0
0.0
0.0
0.0
0.0
0.0
0.0
0.0
0.0
0.0
0.0
0.0
0.0
0.0
0.0
0.0
0.0
0.0
0.0
0.0
0.0
0.0
0.0
0.0
0.0
0.0
0.0
0.0
0.0
0.0
0.0
0.0
0.0
0.0
0.0
0.0
0.0
0.0
0.0
0.0
0.0
0.0
0.0
0.0
0.0
0.0
0.0
0.0
0.0
0.0
0.0
0.0
0.0
0.0
0.0
0.0
0.0
0.0
0.0
0.0
0.0
0.0
0.0
0.0
0.0
0.0
0.0
0.0
0.0
0.0
0.0
0.0
0.0
0.0
0.0
0.0
0.0
0.0
0.0
0.0
0.0
0.0
0.0
0.0
0.0
0.0
0.0
0.0
0.0
0.0
0.0
0.0
0.0
0.0
0.0
0.0
0.0
0.0
0.0
0.0
0.0
0.0
0.0
0.0
0.0
0.0
0.0
0.0
0.0
0.0
0.0
0.0
0.0
0.0
0.0
0.0
0.0
0.0
0.0
0.0
0.0
0.0
0.0
0.0
0.0
0.0
0.0
0.0
0.0
0.0
0.0
0.0
0.0
0.0
0.0
0.0
0.0
0.0
0.0
0.0
0.0
0.0
0.0
0.0
0.0
0.0
0.0
0.0
0.0
0.0
0.0
0.0
0.0
0.0
0.0
0.0
0.0
0.0
0.0
0.0
0.0
0.0
0.0
0.0
0.0
0.0
0.0
0.0
0.0
0.0
0.0
0.0
0.0
0.0
0.0
0.0
0.0
0.0
0.0
0.0
0.0
0.0
0.0
0.0
0.0
0.0
0.0
0.0
0.0
0.0
0.0
0.0
0.0
0.0
0.0
0.0
0.0
0.0
0.0
0.0
0.0
0.0
0.0
0.0
0.0
0.0
0.0
0.0
0.0
0.0
0.0
0.0
0.0
0.0
0.0
0.0
0.0
0.0
0.0
0.0
0.0
0.0
0.0
0.0
0.0
0.0
0.0
0.0
0.0
0.0
0.0
0.0
0.0
0.0
0.0
0.0
0.0
0.0
0.0
0.0
0.0
0.0
0.0
0.0
0.0
0.0
0.0
0.0
0.0
0.0
0.0
0.0
0.0
0.0
0.0
0.0
0.0
0.0
0.0
0.0
0.0
0.0
0.0
0.0
0.0
0.0
0.0
0.0
0.0
0.0
0.0
0.0
0.0
0.0
0.0
0.0
0.0
0.0
0.0
0.0
0.0
0.0
0.0
0.0
0.0
0.0
0.0
0.0
0.0
0.0
0.0
0.0
0.0
0.0
0.0
0.0
0.0
0.0
0.0
0.0
0.0
0.0
0.0
0.0
0.0
0.0
0.0
0.0
0.0
0.0
0.0
0.0
0.0
0.0
0.0
0.0
0.0
0.0
0.0
0.0
0.0
0.0
0.0
0.0
0.0
0.0
0.0
0.0
0.0
0.0
0.0
0.0
0.0
0.0
0.0
0.0
0.0
0.0
0.0
0.0
0.0
0.0
0.0
0.0
0.0
0.0
0.0
0.0
0.0
0.0
0.0
0.0
0.0
0.0
0.0
0.0
0.0
0.0
0.0
0.0
0.0
0.0
0.0
0.0
0.0
0.0
0.0
0.0
0.0
0.0
0.0
0.0
0.0
0.0
0.0
0.0
0.0
0.0
0.0
0.0
0.0
0.0
0.0
0.0
0.0
0.0
0.0
0.0
0.0
0.0
0.0
0.0
0.0
0.0
0.0
0.0
0.0
0.0
0.0
0.0
0.0
0.0
0.0
0.0
0.0
0.0
0.0
0.0
0.0
0.0
0.0
0.0
0.0
0.0
0.0
0.0
0.0
0.0
0.0
0.0
0.0
0.0
0.0
0.0
0.0
0.0
0.0
0.0
0.0
0.0
0.0
0.0
0.0
0.0
0.0
0.0
0.0
0.0
0.0
0.0
0.0
0.0
0.0
0.0
0.0
0.0
0.0
0.0
0.0
0.0
0.0
0.0
0.0
0.0
0.0
0.0
0.0
0.0
0.0
0.0
0.0
0.0
0.0
0.0
0.0
0.0
0.0
0.0
0.0
0.0
0.0
0.0
0.0
0.0
0.0
0.0
0.0
0.0
0.0
0.0
0.0
0.0
0.0
0.0
0.0
0.0
0.0
0.0
0.0
0.0
0.0
0.0
0.0
0.0
0.0
0.0
0.0
0.0
0.0
0.0
0.0
0.0
0.0
0.0
0.0
0.0
0.0
0.0
0.0
0.0
0.0
0.0
0.0
0.0
0.0
0.0
0.0
0.0
0.0
0.0
0.0
0.0
0.0
0.0
0.0
0.0
0.0
0.0
0.0
0.0
0.0
0.0
0.0
0.0
0.0
0.0
0.0
0.0
0.0
0.0
0.0
0.0
0.0
0.0
0.0
0.0
0.0
0.0
0.0
0.0
0.0
0.0
0.0
0.0
0.0
0.0
0.0
0.0
0.0
0.0
0.0
0.0
0.0
0.0
0.0
0.0
0.0
0.0
0.0
0.0
0.0
0.0
0.0
0.0
0.0
0.0
0.0
0.0
0.0
0.0
0.0
0.0
0.0
0.0
0.0
0.0
0.0
0.0
0.0
0.0
0.0
0.0
0.0
0.0
0.0
0.0
0.0
0.0
0.0
0.0
0.0
0.0
0.0
0.0
0.0
0.0
0.0
0.0
0.0
0.0
0.0
0.0
0.0
0.0
0.0
0.0
0.0
0.0
0.0
0.0
0.0
0.0
0.0
0.0
0.0
0.0
0.0
0.0
0.0
0.0
0.0
0.0
0.0
0.0
0.0
0.0
0.0
0.0
0.0
0.0
0.0
0.0
0.0
0.0
0.0
0.0
0.0
0.0
0.0
0.0
0.0
0.0
0.0
0.0
0.0
0.0
0.0
0.0
0.0
0.0
0.0
0.0
0.0
0.0
0.0
0.0
0.0
0.0
0.0
0.0
0.0
0.0
0.0
0.0
0.0
0.0
0.0
0.0
0.0
0.0
0.0
0.0
0.0
0.0
0.0
0.0
0.0
0.0
0.0
0.0
0.0
0.0
0.0
0.0
0.0
0.0
0.0
0.0
0.0
0.0
0.0
0.0
0.0
0.0
0.0
0.0
0.0
0.0
0.0
0.0
0.0
0.0
0.0
0.0
0.0
0.0
0.0
0.0
0.0
0.0
0.0
0.0
0.0
0.0
0.0
0.0
0.0
0.0
0.0
0.0
0.0
0.0
0.0
0.0
0.0
0.0
0.0
0.0
0.0
0.0
0.0
0.0
0.0
0.0
0.0
0.0
0.0
0.0
0.0
0.0
0.0
0.0
0.0
0.0
0.0
0.0
0.0
0.0
0.0
0.0
0.0
0.0
0.0
0.0
0.0
0.0
0.0
0.0
0.0
0.0
0.0
0.0
0.0
0.0
0.0
0.0
0.0
0.0
0.0
0.0
0.0
0.0
0.0
0.0
0.0
0.0
0.0
0.0
0.0
0.0
0.0
0.0
0.0
0.0
0.0
0.0
0.0
0.0
0.0
0.0
0.0
0.0
0.0
0.0
0.0
0.0
0.0
0.0
0.0
0.0
0.0
0.0
0.0
0.0
0.0
0.0
0.0
0.0
0.0
0.0
0.0
0.0
0.0
0.0
0.0
0.0
0.0
0.0
0.0
0.0
0.0
0.0
0.0
0.0
0.0
0.0
0.0
0.0
0.0
0.0
0.0
0.0
0.0
0.0
0.0
0.0
0.0
0.0
0.0
0.0
0.0
0.0
0.0
0.0
0.0
0.0
0.0
0.0
0.0
0.0
0.0
0.0
0.0
0.0
0.0
0.0
0.0
0.0
0.0
0.0
0.0
0.0
0.0
0.0
0.0
0.0
0.0
0.0
0.0
0.0
0.0
0.0
0.0
0.0
0.0
0.0
0.0
0.0
0.0
0.0
0.0
0.0
0.0
0.0
0.0
0.0
0.0
0.0
0.0
0.0
0.0
0.0
0.0
0.0
0.0
0.0
0.0
0.0
0.0
0.0
0.0
0.0
0.0
0.0
0.0
0.0
0.0
0.0
0.0
0.0
0.0
0.0
0.0
0.0
0.0
0.0
0.0
0.0
0.0
0.0
0.0
0.0
0.0
0.0
0.0
0.0
0.0
0.0
0.0
0.0
0.0
0.0
0.0
0.0
0.0
0.0
0.0
0.0
0.0
0.0
0.0
0.0
0.0
0.0
0.0
0.0
0.0
0.0
0.0
0.0
0.0
0.0
0.0
0.0
0.0
0.0
0.0
0.0
0.0
0.0
0.0
0.0
0.0
0.0
0.0
0.0
0.0
0.0
0.0
0.0
0.0
0.0
0.0
0.0
0.0
0.0
0.0
0.0
0.0
0.0
0.0
0.0
0.0
0.0
0.0
0.0
0.0
0.0
0.0
0.0
0.0
0.0
0.0
0.0
0.0
0.0
0.0
0.0
0.0
0.0
0.0
0.0
0.0
0.0
0.0
0.0
0.0
0.0
0.0
0.0
0.0
0.0
0.0
0.0
0.0
0.0
0.0
0.0
0.0
0.0
0.0
0.0
0.0
0.0
0.0
0.0
0.0
0.0
0.0
0.0
0.0
0.0
0.0
0.0
0.0
0.0
0.0
0.0
0.0
0.0
0.0
0.0
0.0
0.0
0.0
0.0
0.0
0.0
0.0
0.0
0.0
0.0
0.0
0.0
0.0
0.0
0.0
0.0
0.0
0.0
0.0
0.0
0.0
0.0
0.0
0.0
0.0
0.0
0.0
0.0
0.0
0.0
0.0
0.0
0.0
0.0
0.0
0.0
0.0
0.0
0.0
0.0
0.0
0.0
0.0
0.0
0.0
0.0
0.0
0.0
0.0
0.0
0.0
0.0
0.0
0.0
0.0
0.0
0.0
0.0
0.0
0.0
0.0
0.0
0.0
0.0
0.0
0.0
0.0
0.0
0.0
0.0
0.0
0.0
0.0
0.0
0.0
0.0
0.0
0.0
0.0
0.0
0.0
0.0
0.0
0.0
0.0
0.0
0.0
0.0
0.0
0.0
0.0
0.0
0.0
0.0
0.0
0.0
0.0
0.0
0.0
0.0
0.0
0.0
0.0
0.0
0.0
0.0
0.0
0.0
0.0
0.0
0.0
0.0
0.0
0.0
0.0
0.0
0.0
0.0
0.0
0.0
0.0
0.0
0.0
0.0
0.0
0.0
0.0
0.0
0.0
0.0
0.0
0.0
0.0
0.0
0.0
0.0
0.0
0.0
0.0
0.0
0.0
0.0
0.0
0.0
0.0
0.0
0.0
0.0
0.0
0.0
0.0
0.0
0.0
0.0
0.0
0.0
0.0
0.0
0.0
0.0
0.0
0.0
0.0
0.0
0.0
0.0
0.0
0.0
0.0
0.0
0.0
0.0
0.0
0.0
0.0
0.0
0.0
0.0
0.0
0.0
0.0
0.0
0.0
0.0
0.0
0.0
0.0
0.0
0.0
0.0
0.0
0.0
0.0
0.0
0.0
0.0
0.0
0.0
0.0
0.0
0.0
0.0
0.0
0.0
0.0
0.0
0.0
0.0
0.0
0.0
0.0
0.0
0.0
0.0
0.0
0.0
0.0
0.0
0.0
0.0
0.0
0.0
0.0
0.0
0.0
0.0
0.0
0.0
0.0
0.0
0.0
0.0
0.0
0.0
0.0
0.0
0.0
0.0
0.0
0.0
0.0
0.0
0.0
0.0
0.0
0.0
0.0
0.0
0.0
0.0
0.0
0.0
0.0
0.0
0.0
0.0
0.0
0.0
0.0
0.0
0.0
0.0
0.0
0.0
0.0
0.0
0.0
40.0
17466.0
0.0
0.0
0.0
0.0
0.0
0.0
0.0
0.0
0.0
0.0
0.0
0.0
0.0
0.0
0.0
0.0
0.0
0.0
0.0
0.0
56.0
17562.0
0.0
0.0
0.0
0.0
