0.21692818
0.022577073
0.01373771
0.009381851
0.018862626
0.0011392247
0.0013338822
0.0011328425
0.011641154
0.0013817488
0.0010498738
0.0011328425
0.010042409
0.0011264604
0.00060311897
0.011771989
0.0060694832
0.0011902824
0.0010020072
0.00091265625
0.007275721
0.00082011416
0.0005616346
0.00052015024
0.0030028305
0.0006797055
0.0005073858
0.0005616346
0.00326131
0.00072757213
0.0005839724
0.0004371815
0.005361058
0.00047547475
0.0003446394
0.0014647176
0.025640534
0.00086478965
0.001748726
0.0012477223
0.0016721394
0.0012062379
0.00047866587
0.00057120796
0.0008711719
0.0003254928
0.00085202523
0.0003350661
0.0015285397
0.0039825
0.00052334135
0.00041803485
0.0011615625
0.00041484376
0.00030634616
0.00041484376
0.0013657933
0.0015700241
0.0005041947
0.0016242728
0.0011551803
0.0005520613
0.00031591946
0.00037016827
0.00787884
0.0030538882
0.0051951203
0.005980132
0.010604044
0.028936947
0.00086798077
0.00075948314
0.0013402645
0.00080734974
0.00090946513
0.00047866587
0.0017965925
0.0042090686
0.00040846155
0.00045951921
0.0028847596
0.00057759014
0.0005520613
0.0021188941
0.0029485817
0.011893251
0.0009732873
0.0009413762
0.0017774459
0.00032230167
0.00037974157
0.0016785216
0.0019657211
0.008057542
0.0010403005
0.001723197
0.0012604868
0.0017136238
0.0009732873
0.0017008594
0.001234958
0.002680529
0.0016849039
0.00052972353
0.0010498738
0.0010594471
0.00024571514
0.0002776262
0.0013913221
0.0005584435
0.0007690565
0.00079777645
0.00210613
0.00029358172
0.0018699879
0.0015795974
0.008261773
0.0071608415
0.0014328065
0.000813732
0.0019082812
0.00070523436
0.00045632813
0.0004467548
0.0018380769
0.0041261
0.0005265325
0.0010881671
0.0029517729
0.001359411
0.0005169591
0.012767614
0.004556899
0.010150908
0.00043079926
0.00053610577
0.002840084
0.04580194
0.00023933293
0.043584123
0.0011870913
0.012955889
0.00026167068
0.0003254928
0.02435452
0.00035421274
0.00030953725
0.00025847956
0.0019433834
0.0033602344
0.00018189303
0.0003829327
0.0022401563
0.00028400842
0.00019784855
0.00022975961
0.0011966646
0.0008233053
0.00039888822
0.00023295073
0.0020135876
0.0010371094
0.00031272837
0.0007307632
0.0012030469
0.00029039063
0.00043399038
0.00023614183
0.0030794172
0.00029358172
0.00026167068
0.0002871995
0.0011807091
0.00023295073
0.00017870193
0.00027124397
0.0017519171
0.00018508414
0.00031272837
0.00031911058
0.0017614904
0.00058078126
0.0034176742
0.0008711719
0.0043686237
0.0007179988
0.0009318029
0.0007658654
0.004410108
0.0011264604
0.0014742909
0.00084564305
0.008603221
0.0011839003
0.0015827884
0.0043335217
0.004400535
0.0013019711
0.0019465745
0.015997013
0.002655
0.0016146995
0.0006414123
0.00029039063
0.00097009615
0.00026805289
0.00024571514
0.00034144832
0.003076226
0.0005169591
0.0027539243
0.0005169591
0.0004946214
0.00025528847
0.00030953725
0.0004467548
0.003593185
0.0003382572
0.00053610577
0.0010307272
0.001509393
0.00034144832
0.00037655048
0.00036697715
0.0030092127
0.0005999279
0.00086478965
0.00037335936
0.0012445312
0.0036984915
0.00026805289
0.00029039063
0.0140153365
0.0043335217
0.00029996395
0.001723197
0.005214267
0.00023933293
0.00027124397
0.00029039063
0.0019561478
0.00048504808
0.0005616346
0.0006797055
0.005431262
0.00037016827
0.0018795613
0.00074033655
0.0059290747
0.0007179988
0.0012509135
0.0009381851
0.0040878067
0.0045090322
0.0072087077
0.07289443
0.0
0.0
0.0
0.0
0.0
0.0
0.0
0.0
0.0
0.0
0.0
0.0
0.0
0.0
0.0
0.0
0.0
0.0
0.0
0.0
0.0
0.0
0.0
0.0
0.0
0.0
0.0
0.0
0.0
0.0
0.0
0.0
0.0
0.0
0.0
0.0
0.0
0.0
0.0
0.0
0.0
0.0
0.0
0.0
0.0
0.0
0.0
0.0
0.013928022
0.00027375767
8.164703e-05
7.20415e-05
6.403688e-05
2.0811987e-05
3.201844e-05
0.0003762167
2.8816597e-05
2.0811987e-05
2.0811987e-05
0.00016169314
7.8445184e-05
2.0811987e-05
3.0417521e-05
0.0011830814
0.049662206
0.0012295082
0.0015528945
0.00043865267
0.0004850794
0.00064036885
0.0006739882
0.0007444288
0.0004418545
0.00033619365
0.00049628585
0.0005683274
0.00051869877
0.00040983607
0.00038101946
0.00043705176
0.077459015
0.0013655865
0.0029280866
0.0012679304
0.0011350538
0.00082767673
0.0018154457
0.0012855405
0.0010309939
0.00082767673
0.001088627
0.00089331454
0.00056672643
0.0008052638
0.0007508325
0.0010341957
0.0049900743
0.00012006916
0.00033779457
3.842213e-05
3.201844e-05
6.243596e-05
0.00032338628
0.00019050973
0.00013447746
2.0811987e-05
8.0046106e-05
7.684426e-05
3.3619366e-05
3.201844e-05
2.8816597e-05
5.6032273e-05
0.0039174566
6.723873e-05
0.00016489498
0.00018890882
0.00011846824
0.00012967469
0.0010710169
0.000720415
1.600922e-05
2.8816597e-05
1.2807377e-05
1.12064545e-05
9.605533e-06
1.6009221e-06
8.00461e-06
9.1252565e-05
0.0
0.0
0.0
0.0
0.0
0.0
0.0
0.0
0.0
0.0
0.0
0.0
0.0
0.0
0.0
0.0
0.0049020234
0.00014088115
0.00013287654
0.00018570697
0.0008052638
0.00030097336
0.0011686732
0.0013847976
9.285349e-05
0.00014888575
0.00012647285
0.00012487192
9.445441e-05
7.0440576e-05
7.20415e-05
8.484887e-05
0.007157723
0.00014248207
0.00032338628
0.0005651255
0.001972336
0.00067558914
0.0019979507
0.0013863986
0.0004066342
0.00018250513
0.00016809683
0.00018410604
0.00037301486
7.364242e-05
0.00019851435
0.0005859375
0.0048828125
0.00013767931
0.0005283043
0.0003986296
0.0013896005
0.00049468497
0.0017097848
0.0010950307
0.00046586833
0.0005603227
9.925717e-05
0.00011366547
0.00020171619
0.00014728484
0.00015689037
0.00073322235
0.018999744
0.0018794825
0.0033027024
0.0016953766
0.0049676616
0.0018586706
0.0012599258
0.002526255
0.012091765
0.0025630763
0.00053951074
0.0021196208
0.002671939
0.0014984631
0.0017818264
0.015653817
0.09989113
0.016001217
0.02459977
0.007662013
0.043807633
0.023245389
0.004871606
0.017650167
0.091463886
0.020134797
0.0063044312
0.013992059
0.028285092
0.009477459
0.022268826
0.06870517
0.036344133
0.0067366804
0.009570313
0.0037061346
0.019111808
0.011693135
0.0029921234
0.007314613
0.034754418
0.012042136
0.0031330045
0.005651255
0.013667072
0.003970287
0.011169634
0.02142194
0.0
0.0
0.0
0.0
0.0
0.0
0.0
0.0
0.0
0.0
0.0
0.0
0.0
0.0
0.0
0.0
469.0
11.761194
5516.0
0.011783902
0.00072516315
0.0
0.0
0.0012690355
0.0030819434
0.0
0.00018129079
0.00072516315
0.00090645393
0.0
0.00036258157
0.00054387236
0.0036258157
0.024655547
0.0027193618
0.0032632342
0.017222624
0.0039883973
0.003444525
0.0023567802
0.0032632342
0.0018129079
0.0023567802
0.0029006526
0.0038071065
0.013415518
0.0014503263
0.0012690355
0.00072516315
0.00036258157
0.0
0.0018129079
0.0063451775
0.0014503263
0.0054387236
0.0030819434
0.016316172
0.0023567802
0.004169688
0.002538071
0.012871646
0.00090645393
0.00054387236
0.0054387236
0.0039883973
0.004350979
0.0016316171
0.0016316171
0.00018129079
0.0018129079
0.020123277
0.0023567802
0.0018129079
0.00090645393
0.0012690355
0.00072516315
0.00054387236
0.00072516315
0.016497461
0.005801305
0.017585207
0.016497461
0.060188543
0.00054387236
0.061276287
0.018854242
0.053662073
0.021936186
0.07324148
0.020123277
0.010152284
0.008520667
0.044416245
0.00036258157
0.00054387236
0.030094272
0.02048586
0.030275563
0.030456852
0.014140681
0.00036258157
0.04586657
0.040246554
0.08683829
0.015409717
0.005982596
0.0036258157
0.010514866
0.009608412
0.00090645393
0.0
0.006707759
0.0
0.0
0.00072516315
5.286784
0.0
0.0
0.0
2.0
313371.0
294912.0
0.0
0.0
81.0
0.0
0.0
0.0
0.0
1862.0
1393481600.0
0.0
0.0
0.0
0.0
0.0
1.0
0.0
0.0
0.0
0.0
0.0
0.0
-1.0
0.0
0.0
-1.0
1.0
0.0
0.0
0.0
0.0
0.0
0.0
0.0
0.0
0.0
0.0
0.0
-1.0
0.0
0.0
0.0
0.0
0.0
0.0
0.0
0.0
0.0
0.0
0.0
0.0
-1.0
0.0
0.0
0.0
0.0
0.0
0.0
0.0
0.0
1.0
0.0
2.0
56.0
4.0
0.0
4.0
0.0
246784.0
1024.0
4096.0
5.0
1.0
0.0
1.0
3.0
0.0
0.0
0.0
0.0
0.0
0.0
0.0
0.0
0.0
0.0
0.0
0.0
0.0
0.0
9728.0
0.0
0.0
0.0
0.0
0.0
0.0
0.0
0.0
0.0
0.0
0.0
0.0
0.0
0.0
0.0
0.0
0.0
-1024.0
0.0
0.0
0.0
0.0
0.0
0.0
0.0
0.0
-246784.0
-2560.0
0.0
0.0
0.0
0.0
0.0
0.0
0.0
0.0
0.0
0.0
0.0
0.0
0.0
0.0
0.0
0.0
0.0
0.0
0.0
0.0
0.0
5.110897
0.0
0.0
0.0
0.0
0.0
0.0
0.0
0.0
0.0
0.0
0.0
0.0
0.0
0.0
0.0
0.0
0.0
-1.1830682
0.0
0.0
0.0
0.0
0.0
0.0
0.0
0.0
-6.096468
-4.794765
0.0
0.0
0.0
0.0
0.0
0.0
0.0
0.0
0.0
0.0
0.0
0.0
0.0
0.0
0.0
0.0
0.0
0.0
0.0
0.0
0.0
9512.0
0.0
0.0
0.0
0.0
0.0
0.0
0.0
0.0
0.0
0.0
0.0
0.0
0.0
0.0
18176.0
0.0
0.0
-576.0
0.0
0.0
0.0
0.0
0.0
0.0
0.0
0.0
-246632.0
-2400.0
0.0
0.0
0.0
0.0
0.0
0.0
0.0
0.0
0.0
0.0
-1.0
0.0
0.0
0.0
0.0
0.0
1.0
0.0
0.0
0.0
0.0
0.0
0.0
0.0
0.0
0.0
0.0
0.0
0.0
0.0
0.0
0.0
0.0
0.0
0.0
0.0
0.0
0.0
0.0
0.0
0.0
0.0
0.0
0.0
0.0
0.0
-2.0
0.0
0.0
0.0
1.0
0.0
0.0
0.0
0.0
0.0
0.0
1.0
0.0
0.0
0.0
0.0
0.0
0.0
0.0
0.0
0.0
0.0
0.0
0.0
-1.0
0.0
0.0
0.0
0.0
0.0
0.0
0.0
0.0
0.0
1.0
0.0
0.0
0.0
0.0
1.0
0.0
0.0
0.0
0.0
0.0
0.0
0.0
0.0
0.0
0.0
0.0
0.0
0.0
0.0
0.0
0.0
0.0
0.0
0.0
0.0
0.0
0.0
0.0
0.0
0.0
0.0
0.0
0.0
0.0
0.0
0.0
0.0
0.0
0.0
0.0
0.0
0.0
0.0
0.0
0.0
0.0
0.0
0.0
0.0
0.0
0.0
0.0
0.0
0.0
0.0
0.0
0.0
0.0
0.0
0.0
0.0
0.0
0.0
0.0
0.0
0.0
0.0
0.0
0.0
0.0
0.0
0.0
0.0
0.0
0.0
0.0
0.0
0.0
0.0
0.0
0.0
0.0
0.0
0.0
0.0
0.0
0.0
0.0
0.0
0.0
0.0
0.0
0.0
0.0
0.0
0.0
0.0
0.0
0.0
0.0
0.0
0.0
0.0
0.0
0.0
0.0
0.0
0.0
0.0
0.0
0.0
0.0
0.0
0.0
0.0
0.0
0.0
0.0
0.0
0.0
0.0
0.0
0.0
0.0
0.0
0.0
-1.0
0.0
0.0
0.0
0.0
0.0
0.0
0.0
0.0
0.0
0.0
0.0
0.0
0.0
0.0
0.0
0.0
1.0
0.0
0.0
0.0
0.0
0.0
0.0
0.0
0.0
0.0
0.0
0.0
0.0
0.0
0.0
0.0
0.0
0.0
0.0
0.0
0.0
0.0
0.0
0.0
0.0
0.0
0.0
0.0
0.0
0.0
0.0
0.0
0.0
0.0
0.0
0.0
0.0
0.0
0.0
0.0
0.0
0.0
0.0
0.0
0.0
0.0
0.0
0.0
0.0
0.0
0.0
0.0
0.0
0.0
0.0
0.0
0.0
0.0
0.0
0.0
0.0
0.0
0.0
0.0
0.0
0.0
0.0
0.0
0.0
0.0
0.0
0.0
0.0
0.0
0.0
0.0
0.0
0.0
0.0
0.0
0.0
0.0
0.0
0.0
1.0
0.0
0.0
0.0
0.0
0.0
0.0
0.0
0.0
0.0
0.0
0.0
0.0
0.0
0.0
0.0
0.0
0.0
0.0
0.0
0.0
0.0
0.0
0.0
0.0
0.0
0.0
0.0
0.0
0.0
-1.0
0.0
0.0
0.0
0.0
0.0
0.0
0.0
0.0
0.0
0.0
0.0
0.0
0.0
0.0
0.0
0.0
0.0
0.0
0.0
0.0
0.0
0.0
0.0
0.0
0.0
1.0
0.0
0.0
0.0
0.0
0.0
0.0
0.0
0.0
0.0
0.0
0.0
0.0
0.0
0.0
-1.0
0.0
0.0
0.0
0.0
0.0
0.0
0.0
0.0
-1.0
0.0
0.0
0.0
0.0
0.0
0.0
0.0
0.0
0.0
0.0
0.0
0.0
0.0
0.0
0.0
0.0
0.0
0.0
0.0
0.0
0.0
0.0
0.0
1.0
0.0
-1.0
-2.0
-1.0
0.0
0.0
0.0
0.0
0.0
0.0
0.0
0.0
0.0
1.0
0.0
0.0
0.0
0.0
0.0
0.0
0.0
0.0
0.0
0.0
0.0
0.0
0.0
0.0
0.0
0.0
0.0
0.0
0.0
0.0
1.0
0.0
0.0
0.0
0.0
0.0
0.0
0.0
0.0
0.0
0.0
0.0
0.0
0.0
0.0
0.0
0.0
0.0
0.0
0.0
0.0
0.0
0.0
0.0
0.0
0.0
0.0
1.0
0.0
0.0
0.0
0.0
0.0
0.0
0.0
0.0
0.0
0.0
0.0
0.0
0.0
0.0
0.0
0.0
0.0
0.0
0.0
0.0
0.0
0.0
0.0
0.0
0.0
0.0
0.0
0.0
0.0
0.0
0.0
0.0
0.0
0.0
0.0
0.0
0.0
0.0
0.0
0.0
0.0
0.0
0.0
0.0
-1.0
0.0
0.0
0.0
0.0
-1.0
0.0
0.0
0.0
0.0
0.0
0.0
0.0
0.0
0.0
0.0
0.0
-1.0
0.0
0.0
0.0
0.0
0.0
0.0
0.0
0.0
0.0
0.0
0.0
0.0
0.0
0.0
0.0
0.0
0.0
0.0
0.0
0.0
0.0
0.0
0.0
0.0
0.0
0.0
0.0
0.0
0.0
0.0
0.0
0.0
0.0
0.0
0.0
0.0
0.0
0.0
0.0
0.0
0.0
0.0
0.0
0.0
0.0
0.0
0.0
0.0
0.0
0.0
0.0
0.0
0.0
0.0
0.0
0.0
0.0
0.0
0.0
0.0
0.0
0.0
0.0
0.0
1.0
0.0
0.0
0.0
0.0
0.0
0.0
0.0
0.0
0.0
0.0
0.0
0.0
0.0
0.0
0.0
0.0
-1.0
0.0
0.0
0.0
0.0
0.0
0.0
0.0
0.0
0.0
0.0
0.0
0.0
0.0
0.0
0.0
0.0
0.0
-1.0
0.0
0.0
-1.0
0.0
0.0
0.0
-1.0
0.0
0.0
0.0
0.0
1.0
0.0
0.0
0.0
0.0
0.0
0.0
0.0
0.0
0.0
0.0
0.0
0.0
0.0
0.0
0.0
0.0
0.0
0.0
0.0
0.0
0.0
0.0
0.0
0.0
0.0
0.0
0.0
0.0
0.0
0.0
0.0
0.0
0.0
0.0
0.0
0.0
0.0
0.0
0.0
0.0
1.0
0.0
0.0
0.0
0.0
0.0
0.0
0.0
0.0
1.0
0.0
0.0
0.0
0.0
0.0
0.0
0.0
0.0
0.0
0.0
0.0
0.0
0.0
0.0
0.0
0.0
0.0
0.0
0.0
0.0
0.0
0.0
0.0
0.0
1.0
0.0
0.0
0.0
0.0
0.0
0.0
0.0
0.0
0.0
0.0
0.0
0.0
0.0
0.0
0.0
0.0
0.0
0.0
0.0
0.0
0.0
0.0
0.0
0.0
0.0
0.0
0.0
0.0
0.0
0.0
0.0
0.0
0.0
0.0
0.0
0.0
0.0
0.0
0.0
0.0
0.0
0.0
0.0
0.0
0.0
0.0
0.0
0.0
0.0
0.0
0.0
0.0
0.0
0.0
0.0
0.0
0.0
0.0
0.0
0.0
0.0
0.0
0.0
0.0
0.0
0.0
0.0
0.0
0.0
0.0
0.0
0.0
-1.0
0.0
0.0
0.0
0.0
-1.0
0.0
0.0
0.0
0.0
0.0
0.0
0.0
1.0
0.0
0.0
0.0
0.0
0.0
0.0
0.0
0.0
0.0
0.0
0.0
0.0
0.0
0.0
0.0
0.0
0.0
0.0
0.0
0.0
0.0
-1.0
-1.0
0.0
0.0
0.0
0.0
0.0
0.0
0.0
0.0
0.0
0.0
-1.0
0.0
0.0
0.0
0.0
0.0
0.0
0.0
0.0
0.0
0.0
0.0
0.0
0.0
0.0
0.0
0.0
0.0
1.0
0.0
0.0
0.0
0.0
0.0
0.0
0.0
-1.0
0.0
0.0
0.0
0.0
0.0
0.0
0.0
0.0
0.0
0.0
0.0
0.0
0.0
0.0
0.0
0.0
0.0
0.0
0.0
0.0
0.0
0.0
0.0
0.0
0.0
0.0
0.0
0.0
0.0
0.0
0.0
0.0
0.0
0.0
0.0
0.0
0.0
0.0
0.0
0.0
0.0
0.0
0.0
0.0
-1.0
0.0
0.0
0.0
0.0
0.0
0.0
0.0
0.0
0.0
0.0
0.0
0.0
0.0
0.0
0.0
0.0
0.0
0.0
0.0
-1.0
0.0
0.0
0.0
-1.0
0.0
0.0
0.0
0.0
0.0
0.0
0.0
-1.0
0.0
0.0
0.0
0.0
0.0
0.0
0.0
0.0
0.0
-1.0
0.0
0.0
0.0
0.0
0.0
0.0
0.0
0.0
0.0
0.0
0.0
0.0
1.0
0.0
0.0
0.0
-1.0
0.0
0.0
-1.0
-1.0
0.0
0.0
0.0
0.0
0.0
0.0
0.0
0.0
0.0
0.0
0.0
0.0
0.0
0.0
0.0
0.0
-1.0
0.0
1.0
0.0
0.0
0.0
0.0
0.0
0.0
0.0
0.0
0.0
0.0
0.0
0.0
0.0
0.0
0.0
0.0
0.0
0.0
0.0
0.0
-1.0
0.0
0.0
0.0
0.0
0.0
0.0
0.0
0.0
0.0
0.0
0.0
0.0
-1.0
0.0
0.0
0.0
0.0
0.0
1.0
0.0
0.0
0.0
0.0
0.0
0.0
0.0
0.0
0.0
0.0
0.0
0.0
0.0
0.0
0.0
0.0
0.0
0.0
0.0
0.0
0.0
0.0
0.0
0.0
0.0
0.0
0.0
1.0
0.0
0.0
0.0
0.0
0.0
0.0
0.0
0.0
0.0
0.0
0.0
0.0
0.0
-1.0
0.0
0.0
0.0
-1.0
0.0
1.0
0.0
0.0
1.0
1.0
0.0
0.0
0.0
0.0
0.0
0.0
0.0
0.0
0.0
0.0
0.0
1.0
0.0
0.0
0.0
0.0
0.0
0.0
0.0
1.0
0.0
0.0
0.0
1.0
0.0
0.0
0.0
0.0
0.0
-1.0
0.0
0.0
0.0
0.0
0.0
0.0
0.0
0.0
0.0
0.0
0.0
0.0
0.0
0.0
0.0
1.0
0.0
0.0
2.0
0.0
0.0
0.0
0.0
0.0
0.0
0.0
0.0
0.0
0.0
0.0
0.0
0.0
0.0
0.0
0.0
0.0
0.0
0.0
0.0
-1.0
0.0
0.0
0.0
0.0
0.0
0.0
0.0
0.0
0.0
1.0
0.0
0.0
0.0
0.0
2.0
0.0
0.0
0.0
0.0
0.0
0.0
0.0
0.0
0.0
0.0
0.0
0.0
0.0
0.0
0.0
0.0
0.0
0.0
0.0
0.0
0.0
0.0
0.0
0.0
1.0
0.0
0.0
0.0
0.0
0.0
0.0
0.0
1.0
0.0
0.0
0.0
0.0
0.0
0.0
0.0
0.0
0.0
-1.0
0.0
0.0
0.0
0.0
0.0
0.0
0.0
0.0
0.0
0.0
0.0
0.0
0.0
0.0
0.0
-1.0
0.0
-1.0
0.0
0.0
0.0
0.0
0.0
0.0
0.0
0.0
1.0
0.0
0.0
0.0
0.0
0.0
0.0
0.0
0.0
0.0
0.0
0.0
0.0
1.0
0.0
0.0
0.0
0.0
0.0
0.0
0.0
0.0
0.0
0.0
0.0
0.0
0.0
0.0
0.0
0.0
0.0
0.0
0.0
0.0
0.0
0.0
0.0
0.0
-1.0
0.0
0.0
0.0
0.0
0.0
0.0
0.0
0.0
0.0
0.0
0.0
0.0
0.0
0.0
0.0
0.0
0.0
0.0
0.0
0.0
0.0
0.0
0.0
0.0
0.0
0.0
0.0
1.0
0.0
0.0
0.0
0.0
0.0
0.0
0.0
0.0
0.0
0.0
0.0
0.0
0.0
-2.0
0.0
0.0
0.0
0.0
0.0
0.0
0.0
0.0
0.0
-1.0
0.0
0.0
1.0
0.0
0.0
0.0
0.0
0.0
0.0
0.0
0.0
0.0
0.0
0.0
-1.0
0.0
0.0
0.0
1.0
0.0
0.0
0.0
0.0
0.0
0.0
0.0
0.0
0.0
0.0
0.0
0.0
0.0
0.0
0.0
1.0
0.0
0.0
0.0
0.0
0.0
0.0
0.0
0.0
0.0
0.0
0.0
0.0
0.0
0.0
1.0
0.0
0.0
0.0
0.0
0.0
0.0
0.0
0.0
0.0
0.0
0.0
0.0
0.0
0.0
0.0
0.0
0.0
0.0
0.0
0.0
0.0
0.0
0.0
0.0
0.0
0.0
0.0
0.0
0.0
0.0
0.0
0.0
0.0
0.0
0.0
0.0
0.0
0.0
0.0
0.0
0.0
0.0
0.0
0.0
0.0
0.0
0.0
0.0
0.0
0.0
0.0
0.0
0.0
0.0
0.0
0.0
0.0
0.0
0.0
0.0
0.0
0.0
0.0
0.0
0.0
0.0
0.0
0.0
0.0
0.0
0.0
0.0
0.0
0.0
0.0
0.0
0.0
0.0
0.0
0.0
0.0
0.0
0.0
0.0
0.0
0.0
0.0
0.0
0.0
0.0
0.0
0.0
0.0
0.0
0.0
0.0
0.0
0.0
0.0
0.0
0.0
0.0
0.0
0.0
0.0
0.0
0.0
0.0
0.0
0.0
0.0
0.0
0.0
0.0
0.0
0.0
0.0
0.0
0.0
0.0
0.0
0.0
0.0
0.0
0.0
0.0
0.0
0.0
0.0
0.0
0.0
0.0
0.0
2400.0
290816.0
0.0
0.0
0.0
0.0
0.0
0.0
0.0
0.0
0.0
0.0
0.0
0.0
0.0
0.0
0.0
0.0
0.0
0.0
0.0
0.0
0.0
0.0
0.0
0.0
0.0
0.0
