0.0036842024
9.172204e-05
4.984449e-05
4.5350316e-05
8.089516e-05
3.7587648e-05
1.8180983e-05
1.9610947e-05
0.00010193607
1.9406667e-05
2.308372e-05
1.4095369e-05
6.35313e-05
2.655649e-05
1.1644e-05
4.6576e-05
5.822e-05
9.192631e-06
6.741263e-06
7.149825e-06
2.1245192e-05
3.0437825e-05
6.128421e-06
5.7198595e-06
1.9406667e-05
5.1070174e-06
4.2898946e-06
4.2898946e-06
1.1644e-05
5.1070174e-06
5.311298e-06
6.9455436e-06
9.396912e-05
7.149825e-06
5.515579e-06
8.171228e-06
4.718884e-05
9.601193e-06
4.4941753e-06
2.4513683e-06
1.0826877e-05
9.192631e-06
2.4513683e-06
1.1439719e-05
6.128421e-06
4.9027367e-06
2.5330806e-05
3.2684911e-06
2.4309404e-05
5.7198595e-06
8.78407e-06
4.412463e-05
1.0214035e-05
1.429965e-05
7.558386e-06
4.4941753e-06
1.6138176e-05
1.4095369e-05
9.192631e-06
3.0846386e-05
1.184828e-05
9.601193e-06
6.3327016e-06
6.3327016e-06
0.00017711137
2.349228e-05
1.0622596e-05
1.7159578e-05
5.3521544e-05
8.2529405e-05
3.3910597e-05
2.4105122e-05
2.4309404e-05
1.736386e-05
7.149825e-06
4.9027367e-06
1.6138176e-05
4.8823087e-05
1.0214035e-05
9.396912e-06
5.7607158e-05
2.1449474e-05
2.349228e-05
3.779193e-05
1.5321053e-05
3.6770525e-05
3.4114877e-05
3.0029263e-05
1.2052561e-05
3.0437825e-05
4.698456e-06
1.0214035e-05
1.1235438e-05
1.7159578e-05
2.1653754e-05
1.6955299e-05
8.171228e-06
5.3521544e-05
6.9455436e-06
2.1245192e-05
2.655649e-05
9.968898e-05
2.1858035e-05
1.3891087e-05
3.7587648e-05
5.1478735e-05
3.6566245e-05
9.192631e-06
3.9221894e-05
1.5321053e-05
4.392035e-05
5.5768633e-05
4.923165e-05
3.4727718e-06
5.9445683e-05
4.2490385e-05
0.00013176106
0.00010929017
1.9815228e-05
1.9202385e-05
2.8190738e-05
1.3278245e-05
3.881333e-06
9.805473e-06
1.1644e-05
2.4309404e-05
6.9455436e-06
5.311298e-06
4.943593e-05
1.450393e-05
6.128421e-06
0.00013891088
2.3288e-05
6.332702e-05
2.4513683e-06
3.4727718e-06
3.2072072e-05
7.844379e-05
2.4513683e-05
0.00019488379
5.7198595e-06
6.9864e-05
7.762666e-06
1.3482526e-05
0.98996943
2.042807e-06
1.8385264e-06
2.8599297e-06
4.698456e-06
1.6955299e-05
6.741263e-06
6.128421e-06
3.881333e-06
3.0642104e-06
1.2256842e-06
2.2470877e-06
2.8599297e-06
6.128421e-07
3.4727718e-06
0.000828154
1.5116772e-05
1.30739645e-05
4.4941753e-06
1.1235438e-05
3.4727718e-06
4.4941753e-06
2.2470877e-06
1.4299649e-06
6.9455436e-06
2.8599297e-06
2.2470877e-06
2.4513683e-06
2.655649e-06
2.042807e-07
8.171228e-07
1.0214035e-06
4.4941753e-06
1.0214035e-06
1.6342456e-06
8.171228e-06
1.9610947e-05
1.6342456e-06
5.311298e-06
7.966947e-06
1.0826877e-05
2.4513683e-06
4.085614e-06
3.0642104e-06
3.0642104e-06
4.698456e-06
1.0009754e-05
6.128421e-06
5.4338667e-05
3.0437825e-05
9.396912e-06
4.5554596e-05
3.4932e-05
2.4513683e-06
1.5116772e-05
3.9426177e-05
1.5729614e-05
1.3482526e-05
3.881333e-06
3.2684911e-06
1.6138176e-05
1.8385264e-06
4.085614e-06
5.311298e-06
7.558386e-06
9.192631e-06
1.1439719e-05
6.3327016e-06
4.698456e-06
1.6342456e-06
2.655649e-06
2.4513683e-06
1.1031158e-05
2.042807e-06
3.881333e-06
5.92414e-06
6.741263e-06
4.085614e-07
2.655649e-06
2.4513683e-06
1.5729614e-05
5.1070174e-06
2.042807e-06
1.8385264e-06
1.0826877e-05
4.2898946e-06
5.92414e-06
2.2470877e-06
8.2529405e-05
2.2879438e-05
4.085614e-06
5.250014e-05
2.9416422e-05
1.8385264e-06
3.6770527e-06
5.92414e-06
2.8803579e-05
5.515579e-06
1.2256842e-06
1.1439719e-05
2.6147929e-05
1.8385264e-06
2.5330806e-05
3.840477e-05
5.311298e-05
1.4708211e-05
7.762666e-06
8.78407e-06
5.7402878e-05
8.78407e-06
1.5933894e-05
0.00027618752
0.0004184976
0.0
0.0
0.0
0.0
0.0
0.0
0.0
0.0
0.99037457
0.0
0.0
0.0
0.0
0.0
0.0
0.00022641374
0.0
7.1520583e-07
8.173781e-07
1.2260672e-06
7.1520583e-07
7.5607477e-06
3.16734e-06
0.0
0.00038702853
0.0
1.02172265e-07
0.0
0.0
0.0
0.0
0.0
0.0
0.0
0.0
0.0
0.0
0.0
0.0
0.0
0.0
0.0
0.0
0.0
0.0
0.0
0.0
0.0003705788
6.539025e-06
6.436853e-06
5.108613e-07
3.5760293e-06
4.5977517e-06
6.130336e-06
2.9629957e-06
4.189063e-06
8.173781e-07
2.2477898e-06
8.173781e-07
1.1238949e-06
1.3282395e-06
1.6347562e-06
5.006441e-06
0.000276989
1.02172265e-07
2.0434453e-07
3.065168e-07
6.0281636e-06
3.473857e-06
1.6551907e-05
9.297676e-06
0.0
0.0001046244
1.02172265e-07
4.0868906e-07
2.0434453e-07
1.02172265e-07
1.02172265e-07
0.0
0.0
0.0
0.0
0.0
0.0
0.0
0.0
0.0
0.0
0.0
0.0
0.0
0.0
0.0
0.0
0.0
0.00044005594
2.0434452e-06
2.1762693e-05
1.0728088e-05
2.9425612e-05
1.5325839e-05
6.549242e-05
2.9936473e-05
3.882546e-06
6.130336e-07
3.065168e-07
1.2260672e-06
1.3282395e-06
3.065168e-07
1.2260672e-06
4.0868904e-06
0.0006650393
8.378126e-06
4.5875346e-05
2.4521343e-05
2.61561e-05
1.5938873e-05
0.00013384566
7.6424854e-05
1.6143218e-05
2.5543065e-06
3.065168e-06
4.189063e-06
3.3716847e-06
2.349962e-06
2.0434452e-06
1.6347562e-05
0.0002703478
8.684642e-06
4.8020966e-06
4.0868904e-06
1.3282394e-05
1.39976e-05
6.539025e-06
1.1545466e-05
2.4112655e-05
4.5977517e-06
2.349962e-06
1.7369285e-06
1.1954155e-05
2.349962e-06
1.2056327e-05
2.6053927e-05
0.0004036826
4.9042687e-06
3.4534227e-05
2.3806138e-05
5.7216468e-05
2.7688684e-05
0.00014416507
8.776598e-05
1.5938873e-05
2.5543065e-06
1.3282395e-06
5.41513e-06
4.291235e-06
1.6347562e-06
2.4521344e-06
1.9617075e-05
6.375549e-05
1.532584e-06
1.2260672e-05
7.356403e-06
1.1851983e-05
6.7433693e-06
5.6603436e-05
3.9847182e-05
8.173781e-07
1.941273e-06
8.173781e-07
1.0217226e-06
4.0868906e-07
1.0217226e-06
8.173781e-07
2.4521344e-06
0.0
0.0
0.0
0.0
0.0
0.0
0.0
0.0
0.0
0.0
0.0
0.0
0.0
0.0
0.0
0.0
0.000105850464
1.0932432e-05
4.699924e-06
4.189063e-06
3.116254e-05
2.4316998e-05
7.458575e-06
1.2260672e-05
7.080538e-05
1.0728088e-05
2.7586511e-06
5.2107853e-06
2.3703966e-05
2.2477898e-06
2.8608234e-05
7.356403e-05
0.00057482114
8.020523e-05
5.59904e-05
7.060103e-05
0.00021895516
0.00014324552
4.8123136e-05
0.00012710229
0.00034380966
4.2299318e-05
2.533872e-05
3.4534227e-05
0.00013159787
3.0958196e-05
0.00011279818
0.00026135665
0.0004391364
8.204433e-05
6.283594e-05
7.6833545e-05
0.00016020611
0.00012148282
4.3525386e-05
0.0001355826
0.0002482786
2.533872e-05
3.616898e-05
3.9029805e-05
0.000116782896
3.8621114e-05
8.807249e-05
0.00016929944
0.0
0.0
0.0
0.0
0.0
0.0
0.0
0.0
0.0
0.0
0.0
0.0
0.0
0.0
0.0
0.0
243.0
17.11111
4158.0
0.07022607
0.0021645022
0.0007215007
0.00024050025
0.000962001
0.0014430014
0.0
0.00024050025
0.005050505
0.0045695044
0.0
0.0004810005
0.0
0.0031265032
0.024050023
0.0012025012
0.00937951
0.0031265032
0.0062530064
0.013227513
0.001924002
0.0033670033
0.0055315057
0.0016835016
0.0031265032
0.0012025012
0.001924002
0.0004810005
0.00024050025
0.00024050025
0.00024050025
0.0004810005
0.0026455026
0.01034151
0.0033670033
0.008658009
0.013468013
0.008417509
0.0074555073
0.0074555073
0.006012506
0.0036075036
0.000962001
0.0014430014
0.0036075036
0.006974507
0.0024050025
0.0031265032
0.00937951
0.0007215007
0.008417509
0.013468013
0.0045695044
0.0031265032
0.005291005
0.00986051
0.0012025012
0.0007215007
0.0007215007
0.0004810005
0.0036075036
0.0004810005
0.0004810005
0.0007215007
0.0016835016
0.053631555
0.005050505
0.02068302
0.018518519
0.103174604
0.007936508
0.0115440115
0.013468013
0.05098605
0.0012025012
0.0067340066
0.036315538
0.015392016
0.044973545
0.055315055
0.02020202
0.0
0.04858105
0.036796536
0.05146705
0.022847522
0.006974507
0.008898509
0.02068302
0.004810005
0.0024050025
0.008417509
0.0
0.0
0.0
0.0012025012
5.303963
1.0
0.0
0.0
1.0
4895225.0
57344.0
0.0
0.0
54.0
0.0
1.0
0.0
0.0
0.0
1083884500.0
0.0
0.0
0.0
0.0
0.0
1.0
0.0
0.0
0.0
0.0
0.0
0.0
-1.0
0.0
-1.0
-1.0
0.0
0.0
0.0
0.0
0.0
0.0
0.0
0.0
0.0
0.0
0.0
0.0
-1.0
0.0
0.0
0.0
0.0
0.0
0.0
0.0
0.0
0.0
0.0
0.0
0.0
-1.0
0.0
0.0
0.0
0.0
0.0
0.0
0.0
0.0
0.0
0.0
6.0
0.0
4.0
0.0
4.0
0.0
24576.0
4096.0
4096.0
5.0
0.0
0.0
1.0
1.0
0.0
0.0
4096.0
0.0
0.0
0.0
0.0
0.0
0.0
0.0
0.0
0.0
0.0
0.0
4096.0
0.0
0.0
0.0
0.0
0.0
0.0
0.0
0.0
0.0
0.0
0.0
0.0
0.0
0.0
0.0
0.0
0.0
-8192.0
0.0
0.0
0.0
0.0
0.0
0.0
0.0
0.0
-24576.0
0.0
4096.0
0.0
0.0
0.0
0.0
0.0
0.0
0.0
0.0
0.0
0.0
0.0
0.0
0.0
0.0
0.0
0.0
0.0
0.0
0.0
0.0
5.297788
0.0
0.0
0.0
0.0
0.0
0.0
0.0
0.0
0.0
0.0
0.0
0.0
0.0
0.0
0.0
0.0
0.0
-3.429211
0.0
0.0
0.0
0.0
0.0
0.0
0.0
0.0
-6.5496798
0.0
3.7997313
0.0
0.0
0.0
0.0
0.0
0.0
0.0
0.0
3942.0
0.0
0.0
0.0
0.0
0.0
0.0
0.0
0.0
0.0
0.0
0.0
2476.0
0.0
0.0
0.0
0.0
0.0
0.0
0.0
0.0
0.0
0.0
0.0
0.0
0.0
0.0
0.0
0.0
0.0
-13432.0
0.0
0.0
0.0
0.0
0.0
0.0
0.0
0.0
-23376.0
0.0
2392.0
0.0
0.0
0.0
0.0
0.0
0.0
0.0
0.0
0.0
-1.0
0.0
0.0
0.0
0.0
0.0
1.0
0.0
0.0
0.0
0.0
0.0
0.0
0.0
0.0
0.0
0.0
0.0
0.0
0.0
0.0
0.0
0.0
0.0
0.0
0.0
0.0
0.0
0.0
0.0
0.0
0.0
0.0
0.0
0.0
0.0
-2.0
0.0
0.0
0.0
1.0
0.0
0.0
0.0
0.0
0.0
0.0
0.0
0.0
0.0
0.0
0.0
0.0
0.0
0.0
0.0
0.0
0.0
0.0
0.0
-1.0
0.0
0.0
0.0
0.0
0.0
0.0
0.0
0.0
0.0
1.0
0.0
0.0
0.0
0.0
1.0
0.0
0.0
0.0
0.0
0.0
0.0
0.0
0.0
0.0
0.0
0.0
0.0
0.0
0.0
0.0
0.0
0.0
0.0
0.0
0.0
0.0
0.0
0.0
0.0
0.0
0.0
0.0
0.0
0.0
0.0
0.0
0.0
0.0
0.0
0.0
0.0
0.0
0.0
0.0
0.0
0.0
0.0
0.0
0.0
0.0
0.0
0.0
0.0
0.0
0.0
0.0
-1.0
0.0
0.0
0.0
0.0
0.0
0.0
0.0
0.0
0.0
0.0
0.0
0.0
0.0
0.0
0.0
0.0
0.0
0.0
0.0
0.0
0.0
0.0
0.0
0.0
0.0
0.0
0.0
0.0
0.0
0.0
0.0
0.0
0.0
0.0
0.0
0.0
0.0
0.0
0.0
0.0
0.0
0.0
0.0
0.0
0.0
0.0
0.0
0.0
0.0
0.0
0.0
0.0
0.0
0.0
0.0
0.0
0.0
0.0
0.0
0.0
0.0
0.0
0.0
0.0
0.0
0.0
0.0
0.0
0.0
-1.0
0.0
0.0
0.0
0.0
0.0
0.0
0.0
0.0
0.0
0.0
0.0
0.0
0.0
0.0
0.0
0.0
1.0
0.0
0.0
0.0
0.0
0.0
0.0
0.0
0.0
0.0
0.0
0.0
0.0
0.0
0.0
0.0
0.0
0.0
0.0
0.0
0.0
0.0
0.0
0.0
0.0
0.0
0.0
0.0
0.0
0.0
0.0
0.0
0.0
0.0
0.0
0.0
0.0
0.0
0.0
0.0
0.0
0.0
0.0
0.0
0.0
0.0
0.0
0.0
0.0
0.0
0.0
0.0
0.0
0.0
0.0
0.0
0.0
0.0
0.0
0.0
0.0
0.0
0.0
0.0
0.0
0.0
0.0
0.0
0.0
0.0
0.0
0.0
0.0
0.0
0.0
0.0
0.0
0.0
0.0
0.0
0.0
0.0
0.0
0.0
0.0
0.0
0.0
0.0
0.0
0.0
0.0
0.0
0.0
0.0
0.0
0.0
0.0
0.0
0.0
0.0
0.0
0.0
0.0
0.0
0.0
0.0
0.0
0.0
0.0
0.0
0.0
0.0
0.0
0.0
0.0
0.0
0.0
0.0
0.0
0.0
0.0
0.0
0.0
0.0
0.0
0.0
0.0
0.0
0.0
0.0
0.0
0.0
0.0
0.0
0.0
0.0
0.0
0.0
0.0
0.0
0.0
0.0
0.0
0.0
0.0
0.0
0.0
0.0
0.0
0.0
0.0
0.0
0.0
0.0
0.0
0.0
0.0
0.0
0.0
0.0
0.0
0.0
0.0
0.0
0.0
0.0
0.0
0.0
0.0
0.0
0.0
0.0
0.0
0.0
0.0
0.0
0.0
0.0
0.0
0.0
0.0
0.0
0.0
0.0
0.0
0.0
-1.0
0.0
0.0
0.0
0.0
0.0
0.0
0.0
0.0
0.0
0.0
0.0
0.0
0.0
0.0
0.0
0.0
0.0
0.0
0.0
0.0
0.0
0.0
0.0
0.0
0.0
0.0
0.0
0.0
0.0
0.0
0.0
0.0
0.0
0.0
0.0
0.0
1.0
0.0
0.0
0.0
0.0
0.0
0.0
0.0
0.0
0.0
0.0
0.0
0.0
0.0
0.0
0.0
0.0
0.0
0.0
0.0
0.0
0.0
1.0
0.0
0.0
0.0
0.0
1.0
0.0
0.0
0.0
0.0
0.0
0.0
0.0
0.0
0.0
0.0
0.0
0.0
0.0
0.0
0.0
0.0
1.0
0.0
0.0
0.0
0.0
0.0
0.0
0.0
0.0
0.0
0.0
0.0
0.0
0.0
0.0
0.0
0.0
0.0
0.0
0.0
0.0
0.0
0.0
0.0
0.0
0.0
0.0
0.0
0.0
0.0
0.0
0.0
0.0
0.0
0.0
0.0
0.0
0.0
0.0
0.0
0.0
0.0
0.0
0.0
0.0
-1.0
0.0
0.0
0.0
0.0
0.0
0.0
0.0
0.0
0.0
0.0
0.0
0.0
0.0
0.0
0.0
0.0
0.0
0.0
0.0
0.0
0.0
0.0
0.0
0.0
0.0
0.0
0.0
0.0
0.0
0.0
0.0
0.0
0.0
0.0
0.0
0.0
0.0
0.0
0.0
0.0
0.0
0.0
0.0
0.0
0.0
0.0
0.0
-1.0
0.0
0.0
0.0
0.0
0.0
0.0
0.0
0.0
0.0
0.0
0.0
0.0
0.0
0.0
0.0
0.0
0.0
0.0
0.0
0.0
0.0
0.0
0.0
0.0
0.0
0.0
0.0
0.0
0.0
0.0
1.0
0.0
0.0
0.0
0.0
0.0
0.0
0.0
0.0
0.0
0.0
0.0
0.0
0.0
0.0
0.0
0.0
0.0
0.0
0.0
0.0
0.0
0.0
0.0
0.0
0.0
0.0
0.0
-1.0
0.0
0.0
0.0
0.0
0.0
0.0
0.0
0.0
0.0
0.0
0.0
0.0
0.0
0.0
0.0
0.0
0.0
0.0
0.0
0.0
0.0
0.0
0.0
0.0
0.0
0.0
0.0
0.0
0.0
0.0
0.0
0.0
0.0
0.0
0.0
0.0
0.0
0.0
0.0
0.0
0.0
0.0
-1.0
0.0
0.0
1.0
0.0
0.0
0.0
0.0
0.0
0.0
0.0
0.0
0.0
0.0
0.0
0.0
0.0
0.0
0.0
0.0
0.0
0.0
0.0
0.0
0.0
0.0
0.0
0.0
0.0
0.0
0.0
0.0
0.0
0.0
0.0
0.0
0.0
0.0
0.0
0.0
0.0
0.0
0.0
0.0
0.0
0.0
0.0
-1.0
0.0
0.0
0.0
-1.0
0.0
0.0
0.0
0.0
0.0
0.0
0.0
0.0
0.0
0.0
0.0
0.0
0.0
0.0
0.0
0.0
0.0
0.0
0.0
0.0
0.0
0.0
0.0
0.0
0.0
0.0
0.0
0.0
0.0
0.0
0.0
0.0
0.0
0.0
1.0
0.0
0.0
0.0
0.0
0.0
0.0
0.0
0.0
0.0
0.0
-1.0
0.0
0.0
0.0
0.0
0.0
0.0
0.0
0.0
0.0
0.0
0.0
0.0
0.0
0.0
0.0
0.0
0.0
0.0
0.0
0.0
0.0
0.0
0.0
0.0
0.0
0.0
0.0
0.0
0.0
0.0
1.0
0.0
0.0
0.0
0.0
0.0
0.0
0.0
0.0
0.0
0.0
0.0
0.0
0.0
0.0
0.0
0.0
0.0
0.0
0.0
0.0
0.0
0.0
0.0
0.0
0.0
0.0
0.0
0.0
0.0
0.0
0.0
0.0
0.0
0.0
0.0
0.0
0.0
0.0
-1.0
0.0
0.0
0.0
0.0
0.0
0.0
0.0
0.0
0.0
0.0
0.0
0.0
0.0
0.0
0.0
0.0
0.0
0.0
-1.0
0.0
0.0
0.0
0.0
0.0
0.0
0.0
0.0
0.0
0.0
0.0
0.0
0.0
0.0
0.0
0.0
0.0
0.0
0.0
0.0
0.0
0.0
0.0
0.0
0.0
0.0
0.0
0.0
0.0
0.0
0.0
0.0
0.0
0.0
0.0
0.0
0.0
0.0
0.0
0.0
0.0
0.0
0.0
0.0
0.0
0.0
0.0
0.0
0.0
0.0
0.0
0.0
0.0
0.0
0.0
0.0
0.0
0.0
0.0
0.0
0.0
0.0
0.0
0.0
0.0
0.0
0.0
0.0
1.0
0.0
0.0
-2.0
0.0
0.0
0.0
0.0
0.0
0.0
0.0
0.0
0.0
0.0
0.0
0.0
0.0
0.0
1.0
0.0
0.0
0.0
-1.0
0.0
0.0
0.0
0.0
0.0
0.0
0.0
0.0
0.0
0.0
0.0
-1.0
0.0
0.0
0.0
0.0
0.0
0.0
1.0
0.0
0.0
0.0
0.0
0.0
0.0
0.0
0.0
0.0
0.0
0.0
0.0
0.0
0.0
0.0
0.0
0.0
1.0
0.0
1.0
0.0
0.0
0.0
0.0
0.0
1.0
0.0
0.0
0.0
0.0
0.0
0.0
0.0
0.0
-1.0
0.0
0.0
0.0
0.0
0.0
0.0
0.0
0.0
0.0
0.0
0.0
0.0
0.0
0.0
1.0
0.0
0.0
0.0
0.0
0.0
0.0
0.0
0.0
0.0
0.0
0.0
0.0
0.0
0.0
0.0
0.0
0.0
0.0
0.0
0.0
0.0
0.0
0.0
0.0
0.0
0.0
0.0
0.0
0.0
0.0
0.0
0.0
0.0
0.0
0.0
0.0
0.0
0.0
0.0
0.0
0.0
0.0
0.0
0.0
0.0
0.0
0.0
0.0
-1.0
0.0
0.0
0.0
0.0
0.0
0.0
0.0
0.0
0.0
0.0
0.0
0.0
0.0
0.0
0.0
0.0
0.0
0.0
0.0
0.0
0.0
0.0
0.0
1.0
0.0
0.0
0.0
0.0
0.0
0.0
1.0
0.0
0.0
0.0
0.0
0.0
0.0
0.0
0.0
0.0
0.0
0.0
0.0
0.0
0.0
0.0
0.0
0.0
0.0
0.0
0.0
0.0
0.0
0.0
0.0
1.0
0.0
0.0
0.0
0.0
0.0
0.0
0.0
0.0
0.0
0.0
-1.0
0.0
0.0
0.0
0.0
0.0
0.0
0.0
0.0
0.0
-1.0
0.0
0.0
0.0
0.0
0.0
0.0
0.0
0.0
0.0
0.0
0.0
0.0
0.0
0.0
1.0
0.0
0.0
0.0
0.0
0.0
0.0
0.0
0.0
0.0
0.0
0.0
0.0
0.0
0.0
0.0
0.0
0.0
0.0
-1.0
1.0
0.0
0.0
0.0
0.0
0.0
0.0
0.0
0.0
0.0
0.0
0.0
0.0
0.0
0.0
0.0
0.0
0.0
1.0
0.0
0.0
0.0
-1.0
0.0
0.0
0.0
0.0
0.0
0.0
0.0
0.0
1.0
0.0
0.0
0.0
0.0
0.0
0.0
0.0
0.0
0.0
0.0
0.0
0.0
0.0
0.0
0.0
0.0
0.0
0.0
0.0
0.0
0.0
0.0
0.0
0.0
-1.0
0.0
0.0
0.0
0.0
0.0
0.0
0.0
0.0
0.0
0.0
0.0
0.0
0.0
0.0
0.0
0.0
0.0
0.0
0.0
0.0
0.0
0.0
-1.0
0.0
0.0
0.0
0.0
0.0
0.0
0.0
0.0
0.0
0.0
0.0
0.0
0.0
0.0
0.0
0.0
0.0
0.0
0.0
0.0
0.0
0.0
0.0
-1.0
0.0
0.0
0.0
0.0
0.0
0.0
0.0
0.0
0.0
0.0
0.0
0.0
0.0
0.0
0.0
0.0
0.0
0.0
0.0
0.0
0.0
0.0
0.0
0.0
0.0
-1.0
-1.0
0.0
0.0
0.0
0.0
0.0
0.0
0.0
0.0
0.0
0.0
0.0
0.0
0.0
0.0
0.0
0.0
0.0
0.0
0.0
0.0
0.0
0.0
0.0
0.0
-1.0
0.0
0.0
0.0
0.0
0.0
0.0
0.0
0.0
0.0
0.0
0.0
0.0
0.0
0.0
0.0
0.0
0.0
0.0
0.0
0.0
0.0
0.0
0.0
0.0
0.0
0.0
0.0
0.0
0.0
0.0
0.0
0.0
0.0
0.0
0.0
0.0
0.0
0.0
0.0
0.0
0.0
0.0
0.0
0.0
0.0
0.0
0.0
0.0
0.0
0.0
0.0
0.0
0.0
0.0
0.0
0.0
0.0
0.0
0.0
0.0
0.0
0.0
0.0
0.0
0.0
0.0
0.0
0.0
0.0
0.0
0.0
0.0
0.0
0.0
0.0
0.0
0.0
0.0
0.0
0.0
0.0
0.0
0.0
0.0
0.0
0.0
0.0
0.0
0.0
0.0
0.0
0.0
0.0
0.0
0.0
0.0
0.0
0.0
0.0
0.0
0.0
0.0
0.0
0.0
0.0
0.0
0.0
0.0
0.0
0.0
0.0
0.0
0.0
0.0
0.0
0.0
0.0
0.0
0.0
0.0
0.0
0.0
0.0
0.0
0.0
0.0
0.0
0.0
0.0
0.0
0.0
0.0
0.0
0.0
0.0
0.0
0.0
0.0
0.0
0.0
0.0
0.0
0.0
0.0
0.0
0.0
0.0
0.0
0.0
0.0
0.0
0.0
0.0
0.0
0.0
0.0
0.0
0.0
0.0
0.0
0.0
0.0
0.0
0.0
0.0
0.0
0.0
0.0
80.0
29892.0
2392.0
49152.0
0.0
0.0
0.0
0.0
0.0
0.0
0.0
0.0
0.0
0.0
0.0
0.0
0.0
0.0
0.0
0.0
0.0
0.0
228.0
28672.0
0.0
0.0
0.0
0.0
