0.0028016644
5.8126356e-05
3.15764e-05
2.8869852e-05
5.129554e-05
2.4230054e-05
1.1470611e-05
1.2759444e-05
6.418387e-05
1.22439105e-05
1.4692692e-05
9.021829e-06
3.9953815e-05
1.7141474e-05
7.604113e-06
2.9514269e-05
3.711838e-05
5.9286303e-06
4.253148e-06
4.5109146e-06
1.3661626e-05
1.9203608e-05
3.995381e-06
3.6087315e-06
1.22439105e-05
3.4798484e-06
2.8354318e-06
2.8354318e-06
7.346346e-06
3.350965e-06
3.350965e-06
4.382031e-06
5.9286303e-05
4.5109146e-06
3.350965e-06
5.2842142e-06
3.0029802e-05
6.0575135e-06
2.8354318e-06
1.5465993e-06
7.08858e-06
6.31528e-06
1.6754825e-06
7.604113e-06
4.1242647e-06
3.0931985e-06
1.5981524e-05
2.0621324e-06
1.5465992e-05
4.5109146e-06
5.9286303e-06
2.8483202e-05
7.4752297e-06
9.537362e-06
5.1553307e-06
3.6087315e-06
1.05684285e-05
9.408479e-06
5.799747e-06
1.9590258e-05
7.4752297e-06
6.186397e-06
3.866498e-06
4.1242647e-06
0.00011199956
1.4821576e-05
6.70193e-06
1.1083961e-05
3.38963e-05
5.206884e-05
2.1394622e-05
1.5208226e-05
1.533711e-05
1.1083961e-05
4.5109146e-06
3.0931985e-06
1.0181779e-05
3.08031e-05
6.4441633e-06
6.0575135e-06
3.634508e-05
1.3532744e-05
1.4821576e-05
2.3972289e-05
9.537362e-06
2.3198989e-05
2.1394622e-05
1.933249e-05
7.732996e-06
1.933249e-05
2.9643152e-06
6.4441633e-06
7.4752297e-06
1.0826195e-05
1.3532744e-05
1.0826195e-05
5.1553307e-06
3.4282948e-05
4.768681e-06
1.4048276e-05
1.7270359e-05
6.39261e-05
1.39193935e-05
8.764062e-06
2.3714521e-05
3.2607466e-05
2.2941222e-05
5.9286303e-06
2.4745588e-05
9.795129e-06
2.7709902e-05
3.5185134e-05
3.1060867e-05
2.1910155e-06
3.750503e-05
2.7065487e-05
8.300083e-05
6.882367e-05
1.0697311e-05
1.0955077e-05
1.6239292e-05
7.346346e-06
2.5776653e-06
6.186397e-06
1.3661626e-05
1.533711e-05
4.253148e-06
3.350965e-06
3.4154065e-05
1.1599494e-05
4.1242647e-06
8.802727e-05
1.5208226e-05
3.9953815e-05
1.5465993e-06
2.1910155e-06
2.0234673e-05
4.9491176e-05
1.5594876e-05
0.00012295463
3.6087315e-06
4.420696e-05
4.8975644e-06
8.506296e-06
0.9936717
1.8043658e-06
1.0310662e-06
1.933249e-06
3.0931985e-06
1.0697311e-05
4.253148e-06
3.866498e-06
2.1910155e-06
2.0621324e-06
7.7329963e-07
1.6754825e-06
1.933249e-06
3.8664982e-07
2.0621324e-06
1.4692692e-05
9.666245e-06
8.248529e-06
2.9643152e-06
7.08858e-06
2.3198988e-06
2.8354318e-06
1.2888327e-06
9.021829e-07
4.382031e-06
1.933249e-06
1.2888327e-06
1.6754825e-06
1.8043658e-06
2.5776654e-07
5.155331e-07
6.4441633e-07
2.8354318e-06
6.4441633e-07
1.0310662e-06
5.2842142e-06
1.2372794e-05
1.1599494e-06
3.2220817e-06
5.0264475e-06
6.70193e-06
1.6754825e-06
2.5776653e-06
1.933249e-06
1.933249e-06
2.9643152e-06
6.186397e-06
3.866498e-06
3.4540717e-05
1.9203608e-05
5.9286303e-06
2.874097e-05
2.2296805e-05
1.5465993e-06
9.666245e-06
2.5003354e-05
9.9240115e-06
8.506296e-06
2.4487822e-06
2.1910155e-06
1.0310661e-05
1.2888327e-06
2.7065487e-06
3.4798484e-06
4.768681e-06
5.799747e-06
7.08858e-06
3.995381e-06
2.9643152e-06
1.0310662e-06
1.6754825e-06
1.6754825e-06
7.08858e-06
1.2888327e-06
2.4487822e-06
3.7376149e-06
4.382031e-06
5.155331e-07
1.6754825e-06
1.6754825e-06
1.0052895e-05
3.2220817e-06
1.2888327e-06
1.1599494e-06
6.830813e-06
2.7065487e-06
3.866498e-06
1.5465993e-06
5.2197724e-05
1.4434926e-05
2.4487822e-06
3.3251883e-05
1.8430308e-05
1.1599494e-06
2.3198988e-06
3.866498e-06
1.8430308e-05
3.4798484e-06
7.7329963e-07
7.217463e-06
1.6497059e-05
1.1599494e-06
1.5852642e-05
2.4230054e-05
3.350965e-05
9.279595e-06
4.8975644e-06
5.5419805e-06
3.62162e-05
5.6708636e-06
9.9240115e-06
0.00017579678
0.00079197466
0.0
0.0
0.0
0.0
0.0
0.0
0.0
0.0
0.9936642
0.0
0.0
0.0
0.0
0.0
0.0
0.00012297263
0.0
4.5115743e-07
5.156085e-07
7.7341275e-07
4.5115743e-07
4.769379e-06
1.997983e-06
0.0
0.0
0.0
6.4451065e-08
0.0
0.0
0.0
0.0
0.0
0.0
0.0
0.0
0.0
0.0
0.0
0.0
0.0
0.0
0.0
0.0
0.0
0.0
0.0
0.0
0.000116720876
1.031217e-06
1.2890213e-06
1.2890213e-07
1.1601192e-06
2.2557872e-06
3.2225532e-06
1.4823744e-06
3.2225532e-07
1.9335319e-07
1.9335319e-07
3.2225532e-07
4.5115743e-07
1.2890213e-07
7.089617e-07
2.3846894e-06
0.00017472683
6.4451065e-08
1.2890213e-07
1.9335319e-07
3.8026126e-06
2.191336e-06
1.0441072e-05
5.8650467e-06
0.0
6.599789e-05
6.4451065e-08
2.5780426e-07
1.2890213e-07
6.4451065e-08
6.4451065e-08
0.0
0.000109566805
3.2225532e-06
2.9002979e-06
3.0292e-06
1.4823744e-06
1.031217e-06
2.3846894e-06
7.089617e-07
2.7069445e-06
4.5115743e-07
1.2245702e-06
1.9335319e-07
3.8670638e-07
7.089617e-07
3.8670638e-07
1.6112766e-06
0.00027759073
1.2890213e-06
1.3728077e-05
6.7673614e-06
1.8561906e-05
9.6676595e-06
4.131313e-05
1.888416e-05
2.4491403e-06
3.8670638e-07
1.9335319e-07
7.7341275e-07
8.378638e-07
1.9335319e-07
7.7341275e-07
2.5780425e-06
0.0001584207
7.7341275e-07
1.5983864e-05
3.931515e-06
6.5740082e-06
4.962732e-06
4.9369515e-05
2.1011047e-05
4.5115743e-07
3.8670638e-07
2.5780426e-07
3.8670638e-07
3.8670638e-07
3.8670638e-07
3.2225532e-07
3.8670638e-07
0.00041751398
1.0763328e-05
1.6886179e-05
1.7079532e-05
1.875526e-05
1.43725865e-05
4.0926425e-05
3.4868026e-05
2.8358467e-05
4.7049275e-06
3.4803575e-06
3.3514552e-06
9.989914e-06
2.9002979e-06
8.829796e-06
2.7198348e-05
0.00025464615
3.093651e-06
2.1784459e-05
1.5017097e-05
3.6092595e-05
1.7466238e-05
9.094045e-05
5.5363464e-05
1.0054366e-05
1.6112766e-06
8.378638e-07
3.4159063e-06
2.7069445e-06
1.031217e-06
1.5468255e-06
1.2374604e-05
0.0
0.0
0.0
0.0
0.0
0.0
0.0
0.0
0.0
0.0
0.0
0.0
0.0
0.0
0.0
0.0
3.3579003e-05
1.6112766e-06
8.50754e-06
4.769379e-06
7.5407743e-06
4.3182213e-06
3.570589e-05
2.5200365e-05
3.5448084e-06
1.6757276e-06
8.378638e-07
6.4451064e-07
8.378638e-07
9.667659e-07
7.089617e-07
1.5468255e-06
6.67713e-05
6.8962636e-06
2.9647488e-06
2.6424937e-06
1.9657575e-05
1.5339352e-05
4.7049275e-06
7.734127e-06
4.4664586e-05
6.7673614e-06
1.7401787e-06
3.2870041e-06
1.4952647e-05
1.4179234e-06
1.8046298e-05
4.6404766e-05
0.00036260168
5.0594084e-05
3.5319183e-05
4.4535685e-05
0.00013811863
9.036039e-05
3.035645e-05
8.0177124e-05
0.00021687783
2.668274e-05
1.5983864e-05
2.1784459e-05
8.301297e-05
1.9528672e-05
7.1153976e-05
0.00016486582
0.00027701067
5.1754203e-05
3.9637405e-05
4.84672e-05
0.00010105927
7.6632314e-05
2.7456153e-05
8.552656e-05
0.00015661608
1.5983864e-05
2.2815677e-05
2.4620305e-05
7.3667565e-05
2.4362502e-05
5.5556815e-05
0.00010679541
0.0
0.0
0.0
0.0
0.0
0.0
0.0
0.0
0.0
0.0
0.0
0.0
0.0
0.0
0.0
0.0
244.0
17.40164
4246.0
0.06877061
0.002119642
0.00070654735
0.00023551578
0.0009420631
0.0014130947
0.0
0.00023551578
0.0049458314
0.0044747996
0.0
0.00047103156
0.0
0.003061705
0.023787094
0.0011775789
0.009420631
0.0044747996
0.0068299575
0.014130947
0.0037682524
0.0040037683
0.00612341
0.003061705
0.0040037683
0.002119642
0.002119642
0.00047103156
0.00023551578
0.00023551578
0.00023551578
0.00047103156
0.0025906735
0.010127178
0.003297221
0.008714084
0.013424399
0.008243052
0.0073009892
0.0073009892
0.0058878944
0.0037682524
0.0009420631
0.0014130947
0.0035327368
0.0068299575
0.0025906735
0.003297221
0.009185116
0.00070654735
0.008243052
0.013424399
0.0044747996
0.003061705
0.005181347
0.010127178
0.0011775789
0.00070654735
0.00070654735
0.00047103156
0.004239284
0.00047103156
0.00047103156
0.00070654735
0.0016486105
0.05346208
0.005416863
0.021431936
0.019312294
0.1029204
0.008243052
0.011304758
0.013188884
0.049929347
0.0011775789
0.006594442
0.035562884
0.015308525
0.04404145
0.05416863
0.019783325
0.0
0.04757419
0.036504947
0.050635893
0.022373999
0.0068299575
0.008714084
0.020489873
0.0049458314
0.0023551579
0.008243052
0.0
0.0
0.0
0.0011775789
5.3357544
2.0
0.0
0.0
1.0
7758959.0
57344.0
0.0
0.0
54.0
0.0
1.0
0.0
0.0
0.0
1083884500.0
0.0
0.0
0.0
0.0
0.0
1.0
0.0
0.0
0.0
0.0
0.0
0.0
-1.0
0.0
-1.0
-1.0
0.0
0.0
0.0
0.0
0.0
0.0
0.0
0.0
0.0
0.0
0.0
0.0
-1.0
0.0
0.0
0.0
0.0
0.0
0.0
0.0
0.0
0.0
0.0
0.0
0.0
-1.0
0.0
0.0
0.0
0.0
0.0
0.0
0.0
0.0
0.0
0.0
6.0
0.0
4.0
0.0
4.0
0.0
24576.0
4096.0
4096.0
5.0
0.0
0.0
1.0
1.0
0.0
0.0
4096.0
0.0
0.0
0.0
0.0
0.0
0.0
0.0
0.0
0.0
0.0
0.0
4096.0
0.0
0.0
0.0
0.0
0.0
0.0
0.0
0.0
0.0
0.0
0.0
0.0
0.0
0.0
0.0
0.0
0.0
-8192.0
0.0
0.0
0.0
0.0
0.0
0.0
0.0
0.0
-24576.0
0.0
4096.0
0.0
0.0
0.0
0.0
0.0
0.0
0.0
0.0
0.0
0.0
0.0
0.0
0.0
0.0
0.0
0.0
0.0
0.0
0.0
0.0
5.6636963
0.0
0.0
0.0
0.0
0.0
0.0
0.0
0.0
0.0
0.0
0.0
0.0
0.0
0.0
0.0
0.0
0.0
-3.554024
0.0
0.0
0.0
0.0
0.0
0.0
0.0
0.0
-6.5496798
0.0
3.7997313
0.0
0.0
0.0
0.0
0.0
0.0
0.0
0.0
3942.0
0.0
0.0
0.0
0.0
0.0
0.0
0.0
0.0
0.0
0.0
0.0
2476.0
0.0
0.0
0.0
0.0
0.0
0.0
0.0
0.0
0.0
0.0
0.0
0.0
0.0
0.0
0.0
0.0
0.0
-13432.0
0.0
0.0
0.0
0.0
0.0
0.0
0.0
0.0
-23376.0
0.0
2392.0
0.0
0.0
0.0
0.0
0.0
0.0
0.0
0.0
0.0
-1.0
0.0
0.0
0.0
0.0
0.0
1.0
0.0
0.0
0.0
0.0
0.0
0.0
0.0
0.0
0.0
0.0
0.0
0.0
0.0
0.0
0.0
0.0
0.0
0.0
0.0
0.0
0.0
0.0
0.0
0.0
0.0
0.0
0.0
0.0
0.0
-2.0
0.0
0.0
0.0
1.0
0.0
0.0
0.0
0.0
0.0
0.0
0.0
0.0
0.0
0.0
0.0
0.0
0.0
0.0
0.0
0.0
0.0
0.0
0.0
-1.0
0.0
0.0
0.0
0.0
0.0
0.0
0.0
0.0
0.0
1.0
0.0
0.0
0.0
0.0
1.0
0.0
0.0
0.0
0.0
0.0
0.0
0.0
0.0
0.0
0.0
0.0
0.0
0.0
0.0
0.0
0.0
0.0
0.0
0.0
0.0
0.0
0.0
0.0
0.0
0.0
0.0
0.0
0.0
0.0
0.0
0.0
0.0
0.0
0.0
0.0
0.0
0.0
0.0
0.0
0.0
0.0
0.0
0.0
0.0
0.0
0.0
0.0
0.0
0.0
0.0
0.0
-1.0
0.0
0.0
0.0
0.0
0.0
0.0
0.0
0.0
0.0
0.0
0.0
0.0
0.0
0.0
0.0
0.0
0.0
0.0
0.0
0.0
0.0
0.0
0.0
0.0
0.0
0.0
0.0
0.0
0.0
0.0
0.0
0.0
0.0
0.0
0.0
0.0
0.0
0.0
0.0
0.0
0.0
0.0
0.0
0.0
0.0
0.0
0.0
0.0
0.0
0.0
0.0
0.0
0.0
0.0
0.0
0.0
0.0
0.0
0.0
0.0
0.0
0.0
0.0
0.0
0.0
0.0
0.0
0.0
0.0
-1.0
0.0
0.0
0.0
0.0
0.0
0.0
0.0
0.0
0.0
0.0
0.0
0.0
0.0
0.0
0.0
0.0
1.0
0.0
0.0
0.0
0.0
0.0
0.0
0.0
0.0
0.0
0.0
0.0
0.0
0.0
0.0
0.0
0.0
0.0
0.0
0.0
0.0
0.0
0.0
0.0
0.0
0.0
0.0
0.0
0.0
0.0
0.0
0.0
0.0
0.0
0.0
0.0
0.0
0.0
0.0
0.0
0.0
0.0
0.0
0.0
0.0
0.0
0.0
0.0
0.0
0.0
0.0
0.0
0.0
0.0
0.0
0.0
0.0
0.0
0.0
0.0
0.0
0.0
0.0
0.0
0.0
0.0
0.0
0.0
0.0
0.0
0.0
0.0
0.0
0.0
0.0
0.0
0.0
0.0
0.0
0.0
0.0
0.0
0.0
0.0
0.0
0.0
0.0
0.0
0.0
0.0
0.0
0.0
0.0
0.0
0.0
0.0
0.0
0.0
0.0
0.0
0.0
0.0
0.0
0.0
0.0
0.0
0.0
0.0
0.0
0.0
0.0
0.0
0.0
0.0
0.0
0.0
0.0
0.0
0.0
0.0
0.0
0.0
0.0
0.0
0.0
0.0
0.0
0.0
0.0
0.0
0.0
0.0
0.0
0.0
0.0
0.0
0.0
0.0
0.0
0.0
0.0
0.0
0.0
0.0
0.0
0.0
0.0
0.0
0.0
0.0
0.0
0.0
0.0
0.0
0.0
0.0
0.0
0.0
0.0
0.0
0.0
0.0
0.0
0.0
0.0
0.0
0.0
0.0
0.0
0.0
0.0
0.0
0.0
0.0
0.0
0.0
0.0
0.0
0.0
0.0
0.0
0.0
0.0
0.0
0.0
0.0
-1.0
0.0
0.0
0.0
0.0
0.0
0.0
0.0
0.0
0.0
0.0
0.0
0.0
0.0
0.0
0.0
0.0
0.0
0.0
0.0
0.0
0.0
0.0
0.0
0.0
0.0
0.0
0.0
0.0
0.0
0.0
0.0
0.0
0.0
0.0
0.0
0.0
1.0
0.0
0.0
0.0
0.0
0.0
0.0
0.0
0.0
0.0
0.0
0.0
0.0
0.0
0.0
0.0
0.0
0.0
0.0
0.0
0.0
0.0
1.0
0.0
0.0
0.0
0.0
1.0
0.0
0.0
0.0
0.0
0.0
0.0
0.0
0.0
0.0
0.0
0.0
0.0
0.0
0.0
0.0
0.0
1.0
0.0
0.0
0.0
0.0
0.0
0.0
0.0
0.0
0.0
0.0
0.0
0.0
0.0
0.0
0.0
0.0
0.0
0.0
0.0
0.0
0.0
0.0
0.0
0.0
0.0
0.0
0.0
0.0
0.0
0.0
0.0
0.0
0.0
0.0
0.0
0.0
0.0
0.0
0.0
0.0
0.0
0.0
0.0
0.0
-1.0
0.0
0.0
0.0
0.0
0.0
0.0
0.0
0.0
0.0
0.0
0.0
0.0
0.0
0.0
0.0
0.0
0.0
0.0
0.0
0.0
0.0
0.0
0.0
0.0
0.0
0.0
0.0
0.0
0.0
0.0
0.0
0.0
0.0
0.0
0.0
0.0
0.0
0.0
0.0
0.0
0.0
0.0
0.0
0.0
0.0
0.0
0.0
-1.0
0.0
0.0
0.0
0.0
0.0
0.0
0.0
0.0
0.0
0.0
0.0
0.0
0.0
0.0
0.0
0.0
0.0
0.0
0.0
0.0
0.0
0.0
0.0
0.0
0.0
0.0
0.0
0.0
0.0
0.0
1.0
0.0
0.0
0.0
0.0
0.0
0.0
0.0
0.0
0.0
0.0
0.0
0.0
0.0
0.0
0.0
0.0
0.0
0.0
0.0
0.0
0.0
0.0
0.0
0.0
0.0
0.0
0.0
-1.0
0.0
0.0
0.0
0.0
0.0
0.0
0.0
0.0
0.0
0.0
0.0
0.0
0.0
0.0
0.0
0.0
0.0
0.0
0.0
0.0
0.0
0.0
0.0
0.0
0.0
0.0
0.0
0.0
0.0
0.0
0.0
0.0
0.0
0.0
0.0
0.0
0.0
0.0
0.0
0.0
0.0
0.0
-1.0
0.0
0.0
1.0
0.0
0.0
0.0
0.0
0.0
0.0
0.0
0.0
0.0
0.0
0.0
0.0
0.0
0.0
0.0
0.0
0.0
0.0
0.0
0.0
0.0
0.0
0.0
0.0
0.0
0.0
0.0
0.0
0.0
0.0
0.0
0.0
0.0
0.0
0.0
0.0
0.0
0.0
0.0
0.0
0.0
0.0
0.0
-1.0
0.0
0.0
0.0
-1.0
0.0
0.0
0.0
0.0
0.0
0.0
0.0
0.0
0.0
0.0
0.0
0.0
0.0
0.0
0.0
0.0
0.0
0.0
0.0
0.0
0.0
0.0
0.0
0.0
0.0
0.0
0.0
0.0
0.0
0.0
0.0
0.0
0.0
0.0
1.0
0.0
0.0
0.0
0.0
0.0
0.0
0.0
0.0
0.0
0.0
-1.0
0.0
0.0
0.0
0.0
0.0
0.0
0.0
0.0
0.0
0.0
0.0
0.0
0.0
0.0
0.0
0.0
0.0
0.0
0.0
0.0
0.0
0.0
0.0
0.0
0.0
0.0
0.0
0.0
0.0
0.0
1.0
0.0
0.0
0.0
0.0
0.0
0.0
0.0
0.0
0.0
0.0
0.0
0.0
0.0
0.0
0.0
0.0
0.0
0.0
0.0
0.0
0.0
0.0
0.0
0.0
0.0
0.0
0.0
0.0
0.0
0.0
0.0
0.0
0.0
0.0
0.0
0.0
0.0
0.0
-1.0
0.0
0.0
0.0
0.0
0.0
0.0
0.0
0.0
0.0
0.0
0.0
0.0
0.0
0.0
0.0
0.0
0.0
0.0
-1.0
0.0
0.0
0.0
0.0
0.0
0.0
0.0
0.0
0.0
0.0
0.0
0.0
0.0
0.0
0.0
0.0
0.0
0.0
0.0
0.0
0.0
0.0
0.0
0.0
0.0
0.0
0.0
0.0
0.0
0.0
0.0
0.0
0.0
0.0
0.0
0.0
0.0
0.0
0.0
0.0
0.0
0.0
0.0
0.0
0.0
0.0
0.0
0.0
0.0
0.0
0.0
0.0
0.0
0.0
0.0
0.0
0.0
0.0
0.0
0.0
0.0
0.0
0.0
0.0
0.0
0.0
0.0
0.0
1.0
0.0
0.0
-2.0
0.0
0.0
0.0
0.0
0.0
0.0
0.0
0.0
0.0
0.0
0.0
0.0
0.0
0.0
1.0
0.0
0.0
0.0
-1.0
0.0
0.0
0.0
0.0
0.0
0.0
0.0
0.0
0.0
0.0
0.0
-1.0
0.0
0.0
0.0
0.0
0.0
0.0
1.0
0.0
0.0
0.0
0.0
0.0
0.0
0.0
0.0
0.0
0.0
0.0
0.0
0.0
0.0
0.0
0.0
0.0
1.0
0.0
1.0
0.0
0.0
0.0
0.0
0.0
1.0
0.0
0.0
0.0
0.0
0.0
0.0
0.0
0.0
-1.0
0.0
0.0
0.0
0.0
0.0
0.0
0.0
0.0
0.0
0.0
0.0
0.0
0.0
0.0
1.0
0.0
0.0
0.0
0.0
0.0
0.0
0.0
0.0
0.0
0.0
0.0
0.0
0.0
0.0
0.0
0.0
0.0
0.0
0.0
0.0
0.0
0.0
0.0
0.0
0.0
0.0
0.0
0.0
0.0
0.0
0.0
0.0
0.0
0.0
0.0
0.0
0.0
0.0
0.0
0.0
0.0
0.0
0.0
0.0
0.0
0.0
0.0
0.0
-1.0
0.0
0.0
0.0
0.0
0.0
0.0
0.0
0.0
0.0
0.0
0.0
0.0
0.0
0.0
0.0
0.0
0.0
0.0
0.0
0.0
0.0
0.0
0.0
1.0
0.0
0.0
0.0
0.0
0.0
0.0
1.0
0.0
0.0
0.0
0.0
0.0
0.0
0.0
0.0
0.0
0.0
0.0
0.0
0.0
0.0
0.0
0.0
0.0
0.0
0.0
0.0
0.0
0.0
0.0
0.0
1.0
0.0
0.0
0.0
0.0
0.0
0.0
0.0
0.0
0.0
0.0
-1.0
0.0
0.0
0.0
0.0
0.0
0.0
0.0
0.0
0.0
-1.0
0.0
0.0
0.0
0.0
0.0
0.0
0.0
0.0
0.0
0.0
0.0
0.0
0.0
0.0
1.0
0.0
0.0
0.0
0.0
0.0
0.0
0.0
0.0
0.0
0.0
0.0
0.0
0.0
0.0
0.0
0.0
0.0
0.0
-1.0
1.0
0.0
0.0
0.0
0.0
0.0
0.0
0.0
0.0
0.0
0.0
0.0
0.0
0.0
0.0
0.0
0.0
0.0
1.0
0.0
0.0
0.0
-1.0
0.0
0.0
0.0
0.0
0.0
0.0
0.0
0.0
1.0
0.0
0.0
0.0
0.0
0.0
0.0
0.0
0.0
0.0
0.0
0.0
0.0
0.0
0.0
0.0
0.0
0.0
0.0
0.0
0.0
0.0
0.0
0.0
0.0
-1.0
0.0
0.0
0.0
0.0
0.0
0.0
0.0
0.0
0.0
0.0
0.0
0.0
0.0
0.0
0.0
0.0
0.0
0.0
0.0
0.0
0.0
0.0
-1.0
0.0
0.0
0.0
0.0
0.0
0.0
0.0
0.0
0.0
0.0
0.0
0.0
0.0
0.0
0.0
0.0
0.0
0.0
0.0
0.0
0.0
0.0
0.0
-1.0
0.0
0.0
0.0
0.0
0.0
0.0
0.0
0.0
0.0
0.0
0.0
0.0
0.0
0.0
0.0
0.0
0.0
0.0
0.0
0.0
0.0
0.0
0.0
0.0
0.0
-1.0
-1.0
0.0
0.0
0.0
0.0
0.0
0.0
0.0
0.0
0.0
0.0
0.0
0.0
0.0
0.0
0.0
0.0
0.0
0.0
0.0
0.0
0.0
0.0
0.0
0.0
-1.0
0.0
0.0
0.0
0.0
0.0
0.0
0.0
0.0
0.0
0.0
0.0
0.0
0.0
0.0
0.0
0.0
0.0
0.0
0.0
0.0
0.0
0.0
0.0
0.0
0.0
0.0
0.0
0.0
0.0
0.0
0.0
0.0
0.0
0.0
0.0
0.0
0.0
0.0
0.0
0.0
0.0
0.0
0.0
0.0
0.0
0.0
0.0
0.0
0.0
0.0
0.0
0.0
0.0
0.0
0.0
0.0
0.0
0.0
0.0
0.0
0.0
0.0
0.0
0.0
0.0
0.0
0.0
0.0
0.0
0.0
0.0
0.0
0.0
0.0
0.0
0.0
0.0
0.0
0.0
0.0
0.0
0.0
0.0
0.0
0.0
0.0
0.0
0.0
0.0
0.0
0.0
0.0
0.0
0.0
0.0
0.0
0.0
0.0
0.0
0.0
0.0
0.0
0.0
0.0
0.0
0.0
0.0
0.0
0.0
0.0
0.0
0.0
0.0
0.0
0.0
0.0
0.0
0.0
0.0
0.0
0.0
0.0
0.0
0.0
0.0
0.0
0.0
0.0
0.0
0.0
0.0
0.0
0.0
0.0
0.0
0.0
0.0
0.0
0.0
0.0
0.0
0.0
0.0
0.0
0.0
0.0
0.0
0.0
0.0
0.0
0.0
0.0
0.0
0.0
0.0
0.0
0.0
0.0
0.0
0.0
0.0
0.0
0.0
0.0
0.0
0.0
0.0
0.0
80.0
29892.0
2392.0
49152.0
0.0
0.0
0.0
0.0
0.0
0.0
0.0
0.0
0.0
0.0
0.0
0.0
0.0
0.0
0.0
0.0
0.0
0.0
228.0
28672.0
0.0
0.0
0.0
0.0
