0.060368054
0.0055521787
0.0023778067
0.0022039297
0.004482166
0.0011770143
0.0007311756
0.0006152575
0.002575462
0.0004933949
0.0005097423
0.00046664456
0.0017670076
0.00089464977
0.0004428665
0.0015544911
0.0022262216
0.00040868553
0.0003759907
0.00029871197
0.0013390024
0.0014578927
0.00033735132
0.00029128132
0.0009986789
0.00043692198
0.00033735132
0.00033883745
0.0010254291
0.00045475553
0.0010492072
0.000701453
0.001530713
0.00033289293
0.00036707392
0.0004280052
0.020771628
0.00038044908
0.00029276745
0.00035369876
0.0007311756
0.00025561423
0.00027642003
0.00045921392
0.0007371201
0.00043394972
0.00028236455
0.0001827939
0.00074009236
0.00028385068
0.0005142007
0.0014504622
0.000885733
0.00045475553
0.00023183615
0.00018725228
0.00086789945
0.0004740752
0.0002541281
0.0011606669
0.0005379788
0.00039976876
0.0002244055
0.00024223907
0.0012453763
0.0006568691
0.0022812083
0.0028221593
0.009157528
0.0019958715
0.0010402905
0.0006464662
0.0007891346
0.00043989424
0.0002793923
0.000264531
0.002022622
0.00084560754
0.0005350065
0.00032249003
0.0023198477
0.001001651
0.0008366908
0.0009555811
0.0016302838
0.00072820333
0.0013033353
0.0010789298
0.0004428665
0.00084709364
0.00026601713
0.00071334204
0.0009793591
0.00077130104
0.0011294582
0.0008693856
0.0004874504
0.000621202
0.00024075294
0.00043097747
0.0009808453
0.0011829588
0.00076238427
0.0002957397
0.0010908189
0.0006003962
0.0017744383
0.00021548873
0.00074157846
0.0005156868
0.0006107991
0.00058107654
0.0010209708
0.00021846099
0.0010714992
0.0006137714
0.0025383087
0.0024803497
0.00044583876
0.00031505938
0.00052757584
0.00031357325
0.00025264197
0.00022143325
0.0009555811
0.0005543262
0.00039976876
0.00031505938
0.0012201121
0.0006464662
0.00020954422
0.003427014
0.007940388
0.0015113935
0.0002496697
0.00022143325
0.0033631104
0.0032575952
0.0023391673
0.007623843
0.0011903895
0.0032769148
0.00017536325
0.00021251648
0.00044138037
0.00013375163
0.00016644647
0.00019616906
0.0009065388
0.00018130777
0.00011889034
9.362614e-05
0.0002244055
0.00014118227
9.957066e-05
0.00017833551
0.00052757584
0.00014861292
0.00014118227
0.00010551517
0.0003863936
0.0005156868
0.0002749339
0.00028087842
0.00039233812
0.00020508583
0.00013672389
0.00013672389
0.00029425358
0.00015009905
0.00020508583
0.00021103035
0.00025264197
0.0001218626
0.00013821002
0.00016941872
0.000575132
0.00037896296
0.00026007261
0.00027047552
0.00027642003
0.00013523776
0.0003254623
0.00015752969
0.00050677004
0.00026304487
0.00019468293
0.00016496034
0.000310601
0.00017387712
0.00029722584
0.00023035002
0.0021786655
0.00077575946
0.000781704
0.0012007924
0.0011116246
0.0002288639
0.0142282015
0.0010373181
0.000517173
0.0005706736
0.00031505938
0.00034775425
0.0038713666
0.00017684938
0.00038490747
0.00028682293
0.00043692198
0.00043543585
0.00051271456
0.00040571328
0.0002749339
0.00017982164
0.0003507265
0.00029276745
0.0006345772
0.00026750326
0.0002496697
0.00034180973
0.0003611294
0.00014118227
0.00017833551
0.00014118227
0.0009139695
0.0008143988
0.0002585865
0.00035221264
0.000494881
0.00026304487
0.00019022454
0.0001827939
0.0032828595
0.0006464662
0.00026007261
0.001126486
0.0006955085
0.00025264197
0.00023332228
0.0002689894
0.0006761888
0.000517173
0.0003507265
0.00039382424
0.00033437906
0.00020211357
0.0006420078
0.00038490747
0.0010997356
0.00048150588
0.000264531
0.00026155874
0.00079210685
0.0003655878
0.00060188235
0.7005063
0.0045731706
0.0
0.0
0.0
0.0
0.0
0.0
0.0
0.0
0.0
0.0
0.0
0.0
0.0
0.0
0.6875
7.4433115e-07
1.4886623e-06
2.2329934e-06
2.9773246e-06
1.4886623e-06
1.4886623e-06
3.721656e-06
3.721656e-05
8.187643e-06
1.4886623e-06
2.2329934e-06
2.2329934e-06
7.4433115e-07
2.2329934e-06
0.0
0.0014559118
0.0
0.0
0.0
0.0
0.0
0.0
0.0
0.0
0.0
0.0
0.0
0.0
0.0
0.0
0.0
0.0
0.0026788479
3.721656e-05
2.9773248e-05
7.443312e-06
5.73135e-05
2.0096943e-05
7.666611e-05
4.9125858e-05
6.6989805e-06
8.931974e-06
4.465987e-06
5.2103182e-06
7.443312e-06
2.1585603e-05
2.530726e-05
1.265363e-05
0.0011522246
1.1164968e-05
5.2103182e-06
2.9773246e-06
4.465987e-06
3.721656e-06
3.721656e-06
2.9773246e-06
1.935261e-05
2.9773246e-06
2.2329934e-06
3.721656e-06
1.4886623e-06
3.721656e-06
2.9773246e-06
0.00030145413
0.002894704
2.9028915e-05
2.4562929e-05
1.265363e-05
0.0001049507
2.3074266e-05
1.265363e-05
4.465987e-05
7.592178e-05
1.5630954e-05
5.582484e-05
2.0096943e-05
8.559808e-05
2.0096943e-05
6.773414e-05
0.0010859792
0.0025247713
4.0938216e-05
5.135885e-05
3.4983565e-05
0.00013100229
5.2847514e-05
9.974038e-05
0.00010643936
6.177949e-05
2.1585603e-05
0.00010718369
1.5630954e-05
3.4239234e-05
2.4562929e-05
7.443312e-05
0.0011916743
0.004023854
0.00015928686
0.00015333222
2.9773248e-05
0.0003490913
9.2297065e-05
0.00035206866
0.00022032202
5.2103183e-05
6.177949e-05
2.3818597e-05
3.126191e-05
2.7540253e-05
0.0001049507
3.2750573e-05
0.00038333057
0.0010011254
7.741044e-05
5.73135e-05
6.6989805e-06
9.2297065e-05
1.41422925e-05
2.0841273e-05
2.1585603e-05
2.0841273e-05
1.3397961e-05
6.6989805e-06
8.187643e-06
1.04206365e-05
3.647223e-05
2.9773246e-06
0.00013397961
0.002263511
8.485375e-05
0.000229254
9.6018724e-05
0.00048158228
0.0002530726
0.0015035489
0.0008142983
9.7507385e-05
1.3397961e-05
1.6375287e-05
2.6051592e-05
9.4530056e-05
2.3074266e-05
3.647223e-05
6.401248e-05
0.001514714
3.944955e-05
0.00013918993
6.475681e-05
0.00024637362
0.00011313834
0.00062672683
0.0005567597
5.5080505e-05
5.5080505e-05
5.2847514e-05
6.0290826e-05
6.252382e-05
7.517745e-05
7.964343e-05
0.0008314179
0.013680062
0.0005046565
0.004396764
0.0006825517
0.0008805438
0.00058876595
0.0013628703
0.0011224514
0.005229671
0.0007420982
0.0004250131
0.00047637196
0.0039456994
0.00068850635
0.0007882467
0.0010710926
0.0044644983
0.00031187476
0.0015675614
0.0002724252
0.0004704173
0.0003364377
0.00036323362
0.00043022342
0.0020372344
0.00035951196
0.00019129312
0.00021287872
0.0011395711
0.0003676996
0.00037812022
0.0008165313
0.025671238
0.0051664026
0.012483178
0.0038169303
0.012064864
0.0075214664
0.003357678
0.004542653
0.016827095
0.0014841964
0.0015578852
0.0018712486
0.013219322
0.0020327684
0.004279904
0.0060543898
0.01932507
0.005618212
0.008704953
0.003892852
0.01048986
0.006873898
0.0033271604
0.0042918134
0.012435541
0.0010286657
0.0014306045
0.0017923495
0.009427698
0.0017938381
0.00446822
0.00723341
0.0
0.0
0.0
0.0
0.0
0.0
0.0
0.0
0.0
0.0
0.0
0.0
0.0
0.0
0.0
0.0
514.0
11.747082
6038.0
0.036435906
0.0009937065
0.000662471
0.0008280888
0.031964228
0.0023186486
0.00016561775
0.0014905598
0.0043060617
0.000662471
0.0008280888
0.0011593243
0.0028155018
0.0033123551
0.0046372972
0.001324942
0.006127857
0.001324942
0.0036435905
0.007452799
0.0031467373
0.000662471
0.0028155018
0.0011593243
0.0051341504
0.003974826
0.001324942
0.007287181
0.0029811196
0.0008280888
0.0009937065
0.0011593243
0.0046372972
0.014077509
0.0023186486
0.00811527
0.015402451
0.0064590923
0.008943358
0.007949652
0.005465386
0.0041404436
0.0011593243
0.0014905598
0.012421331
0.0057966216
0.0031467373
0.003974826
0.0177211
0.0064590923
0.012752567
0.018052336
0.012255714
0.005299768
0.00960583
0.009440212
0.0014905598
0.002649884
0.001324942
0.001987413
0.0021530308
0.003477973
0.005465386
0.005299768
0.0023186486
0.0354422
0.0051341504
0.023352103
0.023020867
0.08429944
0.0076184166
0.00960583
0.0129181845
0.040079497
0.008612123
0.002649884
0.03030805
0.011924478
0.04074197
0.04041073
0.062437892
0.0009937065
0.046704207
0.027161311
0.062106658
0.023848956
0.006127857
0.003974826
0.006955946
0.009108976
0.001987413
0.00016561775
0.0023186486
0.00016561775
0.0003312355
0.0023186486
5.557128
0.0
0.0
0.0
4.0
672889.0
413696.0
0.0
0.0
144.0
0.0
1.0
0.0
0.0
0.0
1158758100.0
0.0
0.0
0.0
0.0
0.0
1.0
0.0
0.0
0.0
0.0
0.0
0.0
-1.0
0.0
-1.0
-1.0
0.0
0.0
0.0
0.0
0.0
0.0
0.0
0.0
0.0
0.0
0.0
0.0
-1.0
0.0
0.0
0.0
0.0
0.0
0.0
0.0
0.0
0.0
0.0
0.0
0.0
-1.0
0.0
0.0
0.0
0.0
0.0
0.0
0.0
0.0
0.0
0.0
7.0
10.0
4.0
0.0
4.0
0.0
184320.0
4096.0
4096.0
4.0
0.0
0.0
1.0
1.0
0.0
0.0
0.0
0.0
0.0
0.0
0.0
0.0
0.0
0.0
0.0
0.0
0.0
0.0
12288.0
0.0
0.0
0.0
0.0
0.0
0.0
0.0
0.0
0.0
0.0
0.0
0.0
0.0
0.0
0.0
0.0
0.0
-4096.0
0.0
0.0
0.0
0.0
0.0
0.0
0.0
0.0
-184320.0
0.0
200704.0
0.0
0.0
0.0
0.0
0.0
0.0
0.0
0.0
0.0
0.0
0.0
0.0
0.0
0.0
0.0
0.0
0.0
0.0
0.0
0.0
5.029084
0.0
0.0
0.0
0.0
0.0
0.0
0.0
0.0
0.0
0.0
0.0
0.0
0.0
0.0
0.0
0.0
0.0
-1.9793888
0.0
0.0
0.0
0.0
0.0
0.0
0.0
0.0
-6.405959
0.0
0.1552383
0.0
0.0
0.0
0.0
0.0
0.0
0.0
0.0
0.0
0.0
0.0
0.0
0.0
0.0
0.0
0.0
0.0
0.0
0.0
0.0
12028.0
0.0
0.0
0.0
0.0
0.0
0.0
0.0
0.0
0.0
0.0
0.0
0.0
0.0
0.0
0.0
0.0
0.0
-10432.0
0.0
0.0
0.0
0.0
0.0
0.0
0.0
0.0
-181668.0
0.0
196888.0
0.0
0.0
0.0
0.0
0.0
0.0
0.0
0.0
0.0
-1.0
0.0
0.0
0.0
0.0
0.0
1.0
0.0
0.0
0.0
0.0
0.0
0.0
0.0
0.0
0.0
0.0
0.0
0.0
0.0
0.0
0.0
0.0
0.0
0.0
0.0
0.0
0.0
0.0
0.0
0.0
0.0
0.0
0.0
0.0
0.0
-2.0
0.0
0.0
0.0
1.0
0.0
0.0
0.0
0.0
0.0
0.0
0.0
0.0
0.0
0.0
0.0
0.0
0.0
0.0
0.0
0.0
0.0
0.0
0.0
-1.0
0.0
0.0
0.0
0.0
0.0
0.0
0.0
0.0
0.0
1.0
0.0
0.0
0.0
0.0
1.0
0.0
0.0
0.0
0.0
0.0
0.0
0.0
0.0
0.0
0.0
0.0
0.0
0.0
0.0
0.0
0.0
0.0
0.0
0.0
0.0
0.0
0.0
0.0
0.0
0.0
0.0
0.0
0.0
0.0
0.0
0.0
0.0
0.0
0.0
0.0
0.0
0.0
0.0
0.0
0.0
0.0
0.0
0.0
0.0
0.0
0.0
0.0
0.0
0.0
0.0
0.0
-1.0
0.0
0.0
0.0
0.0
0.0
0.0
0.0
0.0
0.0
0.0
0.0
0.0
0.0
0.0
0.0
0.0
0.0
0.0
0.0
0.0
0.0
0.0
0.0
0.0
0.0
0.0
0.0
0.0
0.0
0.0
0.0
0.0
0.0
0.0
0.0
0.0
0.0
0.0
0.0
0.0
0.0
0.0
0.0
0.0
0.0
0.0
0.0
0.0
0.0
0.0
0.0
0.0
0.0
0.0
0.0
0.0
0.0
0.0
0.0
0.0
0.0
0.0
0.0
0.0
0.0
0.0
0.0
0.0
0.0
-1.0
0.0
0.0
0.0
0.0
0.0
0.0
0.0
0.0
0.0
0.0
0.0
0.0
0.0
0.0
0.0
0.0
1.0
0.0
0.0
0.0
0.0
0.0
0.0
0.0
0.0
0.0
0.0
0.0
0.0
0.0
0.0
0.0
0.0
0.0
0.0
0.0
0.0
0.0
0.0
0.0
0.0
0.0
0.0
0.0
0.0
0.0
0.0
0.0
0.0
0.0
0.0
0.0
0.0
0.0
0.0
0.0
0.0
0.0
0.0
0.0
0.0
0.0
0.0
0.0
0.0
0.0
0.0
0.0
0.0
0.0
0.0
0.0
0.0
0.0
0.0
0.0
0.0
0.0
0.0
0.0
0.0
0.0
0.0
0.0
0.0
0.0
0.0
0.0
0.0
0.0
0.0
0.0
0.0
0.0
0.0
0.0
0.0
0.0
0.0
0.0
0.0
0.0
0.0
0.0
0.0
0.0
0.0
0.0
0.0
0.0
0.0
0.0
0.0
0.0
0.0
0.0
0.0
0.0
0.0
0.0
0.0
0.0
0.0
0.0
0.0
0.0
0.0
0.0
0.0
0.0
0.0
0.0
0.0
0.0
0.0
0.0
0.0
0.0
0.0
0.0
0.0
0.0
0.0
0.0
0.0
0.0
0.0
0.0
0.0
0.0
0.0
0.0
0.0
0.0
0.0
0.0
-2.0
0.0
0.0
0.0
0.0
0.0
0.0
0.0
0.0
0.0
0.0
0.0
0.0
0.0
0.0
0.0
0.0
0.0
0.0
0.0
0.0
0.0
0.0
1.0
-1.0
0.0
0.0
0.0
0.0
0.0
0.0
0.0
0.0
0.0
0.0
0.0
0.0
0.0
0.0
0.0
0.0
0.0
0.0
0.0
0.0
0.0
0.0
0.0
0.0
0.0
0.0
-1.0
-1.0
0.0
0.0
0.0
0.0
0.0
0.0
0.0
0.0
0.0
0.0
0.0
0.0
0.0
0.0
0.0
0.0
0.0
0.0
-1.0
0.0
0.0
0.0
0.0
0.0
0.0
0.0
0.0
0.0
0.0
0.0
1.0
0.0
0.0
0.0
0.0
0.0
0.0
1.0
0.0
0.0
0.0
0.0
0.0
0.0
0.0
1.0
0.0
0.0
0.0
1.0
0.0
0.0
1.0
0.0
0.0
0.0
0.0
0.0
0.0
0.0
0.0
0.0
0.0
1.0
0.0
0.0
0.0
0.0
0.0
0.0
0.0
0.0
0.0
1.0
1.0
0.0
0.0
0.0
0.0
0.0
0.0
0.0
0.0
0.0
0.0
0.0
0.0
0.0
0.0
0.0
0.0
0.0
0.0
0.0
-1.0
0.0
0.0
0.0
0.0
0.0
0.0
0.0
0.0
0.0
0.0
0.0
0.0
0.0
1.0
0.0
0.0
0.0
0.0
1.0
0.0
0.0
0.0
0.0
0.0
-1.0
0.0
0.0
0.0
0.0
0.0
0.0
0.0
1.0
0.0
0.0
0.0
-1.0
0.0
0.0
0.0
0.0
0.0
0.0
-1.0
0.0
0.0
0.0
0.0
0.0
0.0
0.0
0.0
0.0
0.0
0.0
0.0
0.0
0.0
0.0
0.0
0.0
0.0
0.0
0.0
0.0
0.0
0.0
0.0
-1.0
0.0
0.0
0.0
-1.0
0.0
0.0
0.0
0.0
0.0
0.0
1.0
0.0
0.0
0.0
0.0
0.0
0.0
0.0
0.0
0.0
0.0
0.0
0.0
0.0
0.0
0.0
0.0
0.0
0.0
0.0
-1.0
0.0
0.0
0.0
1.0
0.0
0.0
0.0
0.0
0.0
0.0
0.0
0.0
0.0
0.0
0.0
0.0
0.0
0.0
0.0
0.0
0.0
0.0
0.0
0.0
0.0
0.0
0.0
0.0
0.0
0.0
0.0
-2.0
0.0
0.0
0.0
0.0
0.0
0.0
-1.0
0.0
0.0
0.0
0.0
0.0
0.0
0.0
0.0
0.0
0.0
0.0
0.0
0.0
0.0
0.0
0.0
0.0
0.0
0.0
0.0
1.0
0.0
0.0
0.0
0.0
0.0
0.0
1.0
0.0
0.0
0.0
0.0
0.0
0.0
0.0
-1.0
0.0
0.0
1.0
0.0
0.0
0.0
0.0
0.0
0.0
0.0
0.0
0.0
0.0
0.0
0.0
0.0
0.0
0.0
0.0
0.0
0.0
0.0
0.0
0.0
0.0
0.0
0.0
0.0
0.0
0.0
0.0
0.0
0.0
0.0
0.0
0.0
0.0
0.0
0.0
0.0
0.0
0.0
0.0
0.0
0.0
0.0
-1.0
0.0
0.0
0.0
-1.0
0.0
0.0
0.0
0.0
-1.0
0.0
0.0
0.0
0.0
0.0
1.0
0.0
1.0
-1.0
0.0
0.0
0.0
0.0
0.0
0.0
0.0
0.0
0.0
-1.0
0.0
1.0
0.0
0.0
0.0
0.0
0.0
1.0
0.0
0.0
1.0
0.0
0.0
0.0
0.0
-1.0
1.0
0.0
0.0
0.0
0.0
-1.0
0.0
0.0
0.0
0.0
0.0
0.0
0.0
0.0
0.0
0.0
0.0
0.0
-1.0
0.0
-2.0
0.0
0.0
0.0
0.0
0.0
0.0
0.0
0.0
0.0
0.0
0.0
0.0
0.0
0.0
0.0
1.0
0.0
0.0
0.0
0.0
0.0
-1.0
0.0
0.0
0.0
0.0
1.0
0.0
0.0
0.0
0.0
0.0
0.0
0.0
0.0
0.0
0.0
1.0
0.0
0.0
0.0
0.0
0.0
0.0
0.0
0.0
0.0
0.0
0.0
0.0
0.0
0.0
0.0
0.0
-2.0
1.0
0.0
0.0
0.0
0.0
0.0
1.0
0.0
0.0
0.0
0.0
0.0
0.0
0.0
0.0
0.0
0.0
0.0
-1.0
0.0
0.0
0.0
0.0
0.0
0.0
-1.0
0.0
0.0
0.0
0.0
0.0
-1.0
1.0
0.0
0.0
0.0
0.0
0.0
0.0
0.0
0.0
0.0
0.0
0.0
0.0
0.0
0.0
0.0
0.0
0.0
0.0
0.0
0.0
0.0
0.0
0.0
0.0
0.0
0.0
0.0
-1.0
0.0
0.0
0.0
0.0
0.0
0.0
0.0
0.0
0.0
0.0
0.0
0.0
0.0
0.0
-1.0
0.0
0.0
0.0
0.0
-1.0
0.0
0.0
0.0
0.0
0.0
0.0
1.0
0.0
0.0
-2.0
0.0
0.0
0.0
0.0
0.0
0.0
0.0
0.0
0.0
0.0
1.0
-1.0
0.0
0.0
2.0
0.0
0.0
1.0
-1.0
0.0
0.0
0.0
0.0
0.0
0.0
-1.0
0.0
0.0
0.0
0.0
-1.0
0.0
0.0
0.0
-1.0
0.0
0.0
0.0
0.0
-1.0
0.0
0.0
0.0
0.0
0.0
0.0
0.0
0.0
0.0
0.0
0.0
1.0
0.0
0.0
0.0
1.0
0.0
1.0
0.0
0.0
0.0
0.0
0.0
1.0
0.0
0.0
0.0
0.0
1.0
0.0
0.0
0.0
-1.0
0.0
0.0
0.0
0.0
0.0
0.0
0.0
0.0
0.0
0.0
0.0
0.0
0.0
0.0
1.0
0.0
0.0
0.0
0.0
0.0
0.0
0.0
0.0
0.0
1.0
0.0
0.0
0.0
0.0
0.0
0.0
0.0
0.0
0.0
0.0
1.0
0.0
0.0
0.0
0.0
0.0
0.0
0.0
0.0
0.0
1.0
0.0
1.0
0.0
-1.0
0.0
0.0
0.0
0.0
0.0
0.0
0.0
0.0
0.0
0.0
0.0
0.0
0.0
-1.0
-1.0
0.0
0.0
0.0
0.0
0.0
0.0
0.0
0.0
1.0
1.0
0.0
1.0
0.0
0.0
0.0
0.0
0.0
0.0
0.0
0.0
0.0
0.0
1.0
0.0
0.0
0.0
0.0
0.0
0.0
1.0
0.0
0.0
0.0
0.0
0.0
0.0
0.0
0.0
0.0
0.0
0.0
0.0
0.0
0.0
0.0
0.0
0.0
0.0
0.0
0.0
1.0
0.0
0.0
0.0
2.0
0.0
0.0
0.0
0.0
0.0
0.0
0.0
0.0
0.0
0.0
-1.0
0.0
0.0
0.0
0.0
0.0
0.0
0.0
0.0
0.0
-1.0
-1.0
0.0
0.0
0.0
0.0
0.0
0.0
0.0
0.0
0.0
0.0
0.0
0.0
0.0
1.0
0.0
0.0
-1.0
0.0
0.0
0.0
0.0
-1.0
0.0
0.0
0.0
0.0
0.0
0.0
0.0
0.0
0.0
0.0
-1.0
1.0
0.0
0.0
0.0
0.0
0.0
0.0
0.0
0.0
0.0
0.0
0.0
0.0
0.0
0.0
0.0
0.0
0.0
1.0
0.0
0.0
0.0
-1.0
0.0
0.0
0.0
0.0
0.0
0.0
0.0
0.0
1.0
0.0
0.0
0.0
0.0
0.0
0.0
0.0
0.0
0.0
0.0
0.0
0.0
-1.0
0.0
0.0
0.0
0.0
0.0
0.0
1.0
0.0
0.0
0.0
0.0
-1.0
0.0
0.0
0.0
0.0
0.0
0.0
-2.0
1.0
0.0
0.0
0.0
0.0
0.0
0.0
0.0
1.0
0.0
0.0
0.0
0.0
0.0
0.0
-1.0
0.0
0.0
0.0
0.0
0.0
0.0
0.0
0.0
-1.0
0.0
0.0
-1.0
0.0
0.0
0.0
0.0
0.0
0.0
0.0
0.0
0.0
0.0
0.0
-1.0
1.0
0.0
0.0
0.0
0.0
0.0
0.0
0.0
0.0
0.0
0.0
0.0
0.0
0.0
0.0
0.0
0.0
0.0
0.0
0.0
0.0
1.0
0.0
0.0
0.0
-1.0
-1.0
1.0
0.0
1.0
0.0
0.0
0.0
0.0
0.0
1.0
0.0
0.0
0.0
0.0
0.0
0.0
0.0
0.0
0.0
-1.0
0.0
0.0
0.0
0.0
0.0
-1.0
0.0
0.0
0.0
0.0
0.0
1.0
0.0
0.0
0.0
0.0
0.0
0.0
0.0
0.0
0.0
1.0
-1.0
0.0
0.0
0.0
0.0
0.0
0.0
0.0
0.0
0.0
0.0
0.0
0.0
0.0
0.0
0.0
0.0
0.0
0.0
0.0
0.0
0.0
0.0
0.0
0.0
0.0
0.0
0.0
0.0
0.0
0.0
0.0
0.0
0.0
0.0
0.0
0.0
0.0
0.0
0.0
0.0
0.0
0.0
0.0
0.0
0.0
0.0
0.0
0.0
0.0
0.0
0.0
0.0
0.0
0.0
0.0
0.0
0.0
0.0
0.0
0.0
0.0
0.0
0.0
0.0
0.0
0.0
0.0
0.0
0.0
0.0
0.0
0.0
0.0
0.0
0.0
0.0
0.0
0.0
0.0
0.0
0.0
0.0
0.0
0.0
0.0
0.0
0.0
0.0
0.0
0.0
0.0
0.0
0.0
0.0
0.0
0.0
0.0
0.0
0.0
0.0
0.0
0.0
0.0
0.0
0.0
0.0
0.0
0.0
0.0
0.0
0.0
0.0
0.0
0.0
0.0
0.0
0.0
0.0
0.0
0.0
0.0
0.0
0.0
0.0
0.0
0.0
0.0
0.0
0.0
0.0
0.0
0.0
0.0
0.0
0.0
0.0
0.0
0.0
0.0
0.0
0.0
0.0
0.0
0.0
0.0
0.0
0.0
0.0
0.0
0.0
0.0
80.0
197124.0
196888.0
212992.0
0.0
0.0
0.0
0.0
0.0
0.0
0.0
0.0
0.0
0.0
0.0
0.0
0.0
0.0
72.0
194256.0
0.0
0.0
588.0
188416.0
0.0
0.0
0.0
0.0
