0.57424885
0.0043498226
0.002121761
0.002279086
0.0031890196
0.0013223802
0.00035291817
0.00071434036
0.0046219523
0.00075260864
0.0010204862
0.0004379587
0.002759565
0.0010459984
0.00034866613
0.0016923064
0.0019431759
0.00064205594
0.00027212966
0.00018283712
0.0015732497
0.002104753
0.00031464992
0.0002806337
0.0007951289
0.00016157699
0.00019134117
0.00020834927
0.0004252026
0.00017008104
0.00023386143
0.00034866613
0.002619248
0.00045071475
0.00016582901
0.00036567423
0.0008419012
0.00083764916
0.00015732496
0.00017008104
0.00031890196
0.0004592188
0.00015732496
0.00033591007
0.00032315397
0.00027212966
0.0005017391
0.0002126013
0.0009311937
0.00080363295
0.0010289903
0.0020069564
0.00085465726
0.0010204862
0.0011863153
0.0009269417
0.0012756079
0.0012671038
0.0012288356
0.0025384596
0.0012585997
0.00163703
0.0015349814
0.001135291
0.0020409725
0.0012330876
0.0038055633
0.005064163
0.0015009652
0.0077812076
0.0011990714
0.0009184376
0.0014712011
0.0008333971
0.0008419012
0.0005825276
0.0009992261
0.0054510976
0.0009439498
0.00064630795
0.003078467
0.0030359465
0.0023641265
0.0011735592
0.0008631613
0.0057529914
0.0013308842
0.0009099336
0.0008674133
0.00067182013
0.0011267869
0.0017050625
0.00070583634
0.0014797051
0.0011905673
0.001139543
0.0010204862
0.0019134118
0.0008844214
0.0014371849
0.0017433307
0.0032102796
0.0016030138
0.0010630066
0.0032953203
0.0019389238
0.0033378405
0.001143795
0.0021770373
0.0010417463
0.0018326233
0.0017348266
0.0013649004
0.0005485114
0.0017730949
0.0017986071
0.004039425
0.0036099702
0.00087166537
0.00070583634
0.0009822181
0.0010289903
0.0009354457
0.0010289903
0.0010715106
0.0026490123
0.0007483566
0.0006207958
0.0014074206
0.0013946645
0.0005485114
0.008865475
0.0015775017
0.0040309206
0.0014286807
0.00070158433
0.0017348266
0.0049791224
0.0015009652
0.01722921
0.0013521443
0.00430305
0.0007483566
0.00067607214
0.0010502505
0.0005485114
0.00044646274
0.0005059911
0.0013691525
0.0016667942
0.0005697715
0.00034866613
0.0005825276
0.00034441412
0.0005612674
0.0003911864
0.0010672585
0.00034441412
0.0009609579
0.00030614587
0.00041669855
0.00071008835
0.0008844214
0.0008886735
0.0005315033
0.0005697715
0.0003741783
0.00031890196
0.000488983
0.00024236548
0.0003103979
0.00045071475
0.00033591007
0.00043370665
0.00022535738
0.00017858509
0.00077386876
0.0002466175
0.00027212966
0.00024236548
0.0006378039
0.00037843033
0.0002296094
0.00014882091
0.0010970228
0.00039543843
0.0004252026
0.0002466175
0.000497487
0.0006165438
0.0010077301
0.00017433306
0.0026872805
0.0011693072
0.0007823728
0.0011990714
0.003112483
0.00023811345
0.00079087686
0.0020409725
0.00073985255
0.00085465726
0.00022110535
8.504052e-05
0.08894813
0.00015732496
0.00062504783
0.00028913777
0.0009567059
0.00025512156
0.0008461532
0.000327406
0.00061229174
0.00014031686
0.00021685332
0.0002126013
0.00085465726
0.00010204862
0.00023386143
0.00019134117
0.0008674133
5.9528364e-05
0.00043370665
0.0002763817
0.0011140308
0.00046772286
0.0004549668
0.00033591007
0.00077812077
0.00067607214
9.77966e-05
0.000488983
0.004400847
0.0014201767
0.00035717018
0.0024661752
0.0021982975
8.9292545e-05
0.00030189386
0.0005229992
0.0012713558
0.00017008104
0.0004081945
0.0006080397
0.0029721663
0.00022535738
0.00010630065
0.0009099336
0.0034483932
0.0005612674
0.0006207958
0.00068032416
0.004736757
0.0012628518
0.001148047
0.020086572
0.46455464
2.1415844e-06
4.283169e-06
2.9982182e-05
7.495545e-05
5.5681194e-05
0.000109220804
4.0690105e-05
1.7132676e-05
1.0707922e-05
2.1415844e-06
0.0
0.057017542
4.283169e-06
0.0
6.4247533e-06
0.012269137
3.854852e-05
6.4247533e-06
2.3557428e-05
1.7132676e-05
1.0707922e-05
4.283169e-06
2.5699013e-05
1.0707922e-05
4.283169e-06
2.1415844e-05
2.1415844e-06
0.00041546737
2.1415844e-06
0.0
0.00030624657
0.007960269
3.2123768e-05
8.566338e-06
3.2123768e-05
5.782278e-05
2.5699013e-05
5.9964364e-05
4.4973272e-05
1.927426e-05
3.854852e-05
8.566338e-06
1.2849507e-05
5.1398027e-05
1.927426e-05
1.2849507e-05
0.0003876268
0.017214056
0.00017989309
0.00018417626
9.208813e-05
0.00020987527
8.9946545e-05
0.00030838815
0.00017132676
0.00016918516
5.1398027e-05
0.00036621094
4.9256443e-05
0.0026427151
4.9256443e-05
8.780496e-05
6.4247535e-05
0.007249263
3.2123768e-05
0.00016918516
0.000109220804
0.00015633566
9.63713e-05
0.0005653783
0.0002891139
1.927426e-05
6.4247533e-06
1.4991091e-05
1.0707922e-05
2.1415844e-06
4.283169e-06
6.4247533e-06
4.0690105e-05
0.010450932
0.0001499109
0.00021415844
0.00063819217
0.00015633566
0.00010493764
0.000304105
0.00020773368
0.0001242119
0.0001242119
9.208813e-05
6.4247535e-05
0.00010493764
0.00016061883
7.0672286e-05
0.00019060101
0.0
0.0
0.0
0.0
0.0
0.0
0.0
0.0
0.0
0.0
0.0
0.0
0.0
0.0
0.0
0.0
0.008103755
5.782278e-05
0.00010065447
9.63713e-05
0.00056751986
0.00023557429
0.0015847725
0.00079238624
3.6406935e-05
0.0002741228
7.709704e-05
9.63713e-05
0.00017560992
0.00010493764
0.00013491981
0.00071957236
0.003045333
8.780496e-05
0.00013063665
6.210595e-05
0.00031052975
0.00018631785
3.6406935e-05
8.9946545e-05
0.00034693666
2.7840597e-05
0.0001242119
5.353961e-05
0.0036406936
3.6406935e-05
0.00021201686
0.00038120203
0.007529811
8.566338e-05
0.0020323636
0.0017196923
0.0009487219
0.0005332545
0.004638672
0.0024542557
0.00020987527
0.0002055921
0.00012635348
8.3521794e-05
0.00014776933
0.00027626439
0.00035336142
0.00058465253
0.008060924
0.00010707922
0.0007088644
0.0006874486
0.0012249863
0.0008116605
0.00304105
0.0015590735
0.0008609169
0.0009315892
0.0007324219
0.0004989892
0.0025699013
0.00033622875
0.00047757334
0.0037070827
0.0049513434
0.00046258225
0.00086305855
0.0066303452
0.0012721012
0.0006638912
0.0018117804
0.0013213576
0.0011350397
0.00074955454
0.0005139803
0.00044330797
0.002282929
0.0006060684
0.00085877534
0.0017496744
0.008570621
0.0013513397
0.00046258225
0.005621659
0.010468065
0.009645697
0.0096949525
0.008065207
0.013922441
0.0051804925
0.002396433
0.0031031559
0.0089603895
0.00074741297
0.0022508053
0.006049976
0.041283324
0.006782398
0.0031609787
0.004283169
0.018107096
0.01350269
0.005953605
0.0075383773
0.03304679
0.0027776351
0.0023878666
0.0025634766
0.025692588
0.0041011344
0.01106985
0.023889374
0.0027776351
0.0005139803
0.0001499109
0.00025056538
0.0012142784
0.0008908991
0.00040047627
0.0005653783
0.0021715667
0.00032337924
0.00038976836
0.00029768024
0.0009187397
0.00018203468
0.00069601496
0.0014155873
0.0
0.0
0.0
0.0
0.0
0.0
0.0
0.0
0.0
0.0
0.0
0.0
0.0
0.0
0.0
0.0
808.0
17.337872
14009.0
0.027553715
0.0021414806
0.0008565922
0.0007138268
0.001356271
0.004925405
0.0011421229
0.0012135056
0.001784567
0.0014990363
0.0006424441
0.0010707403
0.0015704191
0.0032122207
0.00585338
0.0012848882
0.006995503
0.0077807126
0.009493897
0.008280391
0.007852095
0.009708045
0.012349204
0.009708045
0.013705475
0.012991648
0.013134413
0.011492612
0.012706118
0.01541866
0.01941609
0.012063674
0.01092155
0.014562068
0.015275894
0.013134413
0.012206439
0.012420586
0.015846955
0.01092155
0.012206439
0.011421229
0.00878007
0.009279748
0.010992933
0.010136341
0.013491327
0.008494539
0.011064316
0.0080662435
0.009065601
0.009136983
0.0057819975
0.0059961453
0.0075665643
0.0039260476
0.00478264
0.003354986
0.00399743
0.0031408381
0.0032836033
0.0037118995
0.00399743
0.0062816762
0.0039260476
0.023342136
0.009636662
0.014918981
0.018416733
0.04282961
0.013277179
0.011635377
0.017774288
0.024055963
0.006781355
0.010564637
0.02848169
0.013419944
0.025697766
0.025055321
0.015347277
0.0069241202
0.022771075
0.019844385
0.03240774
0.015347277
0.008351774
0.007138268
0.010064959
0.008922835
0.0053537013
0.006210293
0.00956528
0.008209009
0.0057819975
0.00478264
6.2345543
0.0
0.0
0.0
3.0
235182.0
319488.0
1.0
0.0
60.0
0.0
1.0
0.0
0.0
0.0
1187546100.0
0.0
0.0
0.0
0.0
0.0
1.0
0.0
0.0
0.0
0.0
0.0
0.0
-1.0
1.0
-1.0
-1.0
0.0
0.0
0.0
0.0
0.0
0.0
0.0
0.0
0.0
0.0
0.0
0.0
-1.0
0.0
0.0
0.0
0.0
0.0
0.0
0.0
0.0
0.0
0.0
0.0
0.0
-1.0
0.0
0.0
0.0
0.0
0.0
0.0
0.0
0.0
0.0
0.0
6.0
0.0
4.0
0.0
4.0
0.0
147456.0
4096.0
4096.0
6.0
0.0
0.0
2.0
3.0
0.0
0.0
0.0
0.0
0.0
-36864.0
0.0
0.0
0.0
0.0
0.0
0.0
0.0
0.0
8192.0
0.0
0.0
0.0
0.0
0.0
0.0
0.0
0.0
0.0
0.0
0.0
0.0
0.0
0.0
0.0
0.0
0.0
-8192.0
0.0
0.0
0.0
0.0
0.0
0.0
0.0
0.0
-147456.0
-4096.0
12288.0
0.0
0.0
0.0
0.0
0.0
0.0
0.0
0.0
0.0
0.0
0.0
-1.1131293
0.0
0.0
0.0
0.0
0.0
0.0
0.0
0.0
4.953459
0.0
0.0
0.0
0.0
0.0
0.0
0.0
0.0
0.0
0.0
0.0
0.0
0.0
0.0
0.0
0.0
0.0
-0.78428787
0.0
0.0
0.0
0.0
0.0
0.0
0.0
0.0
-3.749054
-4.1501646
2.6588376
0.0
0.0
0.0
0.0
0.0
0.0
0.0
0.0
0.0
0.0
0.0
-65536.0
0.0
0.0
0.0
0.0
0.0
0.0
0.0
0.0
6690.0
0.0
0.0
0.0
0.0
0.0
0.0
0.0
0.0
0.0
0.0
0.0
0.0
0.0
0.0
0.0
0.0
0.0
-77796.0
0.0
0.0
0.0
0.0
0.0
0.0
0.0
0.0
-144576.0
-2470.0
10640.0
0.0
0.0
0.0
0.0
0.0
0.0
0.0
0.0
0.0
-1.0
0.0
0.0
0.0
0.0
0.0
1.0
0.0
0.0
0.0
0.0
0.0
0.0
0.0
0.0
0.0
0.0
0.0
0.0
0.0
0.0
0.0
0.0
0.0
0.0
0.0
0.0
0.0
0.0
0.0
0.0
0.0
0.0
0.0
0.0
0.0
-2.0
0.0
0.0
0.0
1.0
0.0
0.0
0.0
0.0
0.0
0.0
0.0
0.0
0.0
0.0
0.0
0.0
0.0
0.0
0.0
0.0
0.0
0.0
0.0
-1.0
0.0
0.0
0.0
0.0
0.0
0.0
0.0
0.0
0.0
1.0
0.0
0.0
0.0
0.0
1.0
0.0
0.0
0.0
0.0
0.0
0.0
0.0
0.0
0.0
0.0
0.0
0.0
0.0
0.0
0.0
0.0
0.0
0.0
0.0
0.0
0.0
0.0
0.0
0.0
0.0
0.0
0.0
0.0
0.0
0.0
0.0
0.0
0.0
0.0
0.0
0.0
0.0
0.0
0.0
0.0
0.0
0.0
0.0
0.0
0.0
0.0
0.0
0.0
0.0
0.0
0.0
-1.0
0.0
0.0
0.0
0.0
0.0
0.0
0.0
0.0
0.0
0.0
0.0
0.0
-1.0
0.0
0.0
0.0
0.0
0.0
0.0
0.0
0.0
0.0
0.0
0.0
0.0
0.0
0.0
0.0
0.0
0.0
0.0
0.0
0.0
0.0
0.0
0.0
0.0
0.0
0.0
0.0
0.0
0.0
0.0
0.0
0.0
0.0
0.0
0.0
0.0
0.0
0.0
0.0
0.0
0.0
0.0
0.0
0.0
0.0
0.0
0.0
0.0
0.0
0.0
0.0
0.0
0.0
0.0
0.0
0.0
-1.0
0.0
0.0
0.0
0.0
0.0
0.0
0.0
0.0
0.0
0.0
0.0
0.0
0.0
0.0
0.0
0.0
1.0
0.0
0.0
0.0
0.0
0.0
0.0
0.0
0.0
0.0
0.0
0.0
0.0
0.0
0.0
0.0
0.0
0.0
0.0
0.0
0.0
0.0
0.0
0.0
0.0
0.0
0.0
0.0
0.0
0.0
0.0
0.0
0.0
0.0
0.0
0.0
0.0
0.0
0.0
0.0
0.0
0.0
0.0
0.0
0.0
0.0
0.0
0.0
0.0
0.0
0.0
0.0
0.0
0.0
0.0
0.0
0.0
0.0
0.0
0.0
0.0
0.0
0.0
0.0
0.0
0.0
0.0
0.0
0.0
0.0
0.0
0.0
0.0
0.0
0.0
0.0
0.0
0.0
0.0
0.0
0.0
0.0
0.0
0.0
0.0
0.0
0.0
0.0
0.0
0.0
0.0
0.0
0.0
0.0
0.0
0.0
0.0
0.0
0.0
0.0
0.0
0.0
0.0
0.0
0.0
0.0
0.0
0.0
0.0
0.0
0.0
0.0
0.0
0.0
0.0
0.0
0.0
0.0
0.0
0.0
0.0
0.0
0.0
0.0
0.0
0.0
0.0
0.0
0.0
0.0
0.0
0.0
0.0
0.0
0.0
0.0
0.0
0.0
0.0
0.0
0.0
0.0
0.0
0.0
0.0
0.0
0.0
0.0
0.0
0.0
0.0
0.0
1.0
0.0
0.0
0.0
0.0
0.0
0.0
0.0
0.0
0.0
0.0
0.0
0.0
0.0
0.0
0.0
0.0
0.0
0.0
0.0
0.0
0.0
0.0
0.0
0.0
0.0
0.0
0.0
0.0
-1.0
0.0
0.0
0.0
0.0
0.0
0.0
0.0
0.0
0.0
0.0
0.0
0.0
0.0
0.0
0.0
0.0
0.0
0.0
0.0
0.0
0.0
0.0
0.0
0.0
0.0
0.0
0.0
0.0
0.0
0.0
0.0
0.0
0.0
0.0
0.0
0.0
0.0
0.0
0.0
0.0
0.0
0.0
0.0
0.0
0.0
0.0
0.0
0.0
0.0
0.0
0.0
0.0
0.0
0.0
0.0
0.0
0.0
0.0
0.0
0.0
0.0
0.0
0.0
1.0
0.0
0.0
0.0
0.0
0.0
0.0
0.0
0.0
0.0
0.0
0.0
0.0
0.0
0.0
0.0
0.0
0.0
0.0
0.0
0.0
0.0
0.0
0.0
0.0
-1.0
0.0
0.0
0.0
0.0
0.0
0.0
0.0
0.0
0.0
0.0
0.0
0.0
0.0
0.0
0.0
0.0
0.0
0.0
0.0
0.0
0.0
0.0
0.0
0.0
0.0
0.0
0.0
0.0
0.0
0.0
0.0
0.0
0.0
0.0
0.0
0.0
0.0
0.0
0.0
0.0
0.0
0.0
0.0
0.0
0.0
0.0
0.0
0.0
0.0
0.0
0.0
0.0
0.0
0.0
0.0
0.0
0.0
0.0
0.0
0.0
0.0
0.0
0.0
0.0
0.0
0.0
0.0
0.0
0.0
0.0
0.0
0.0
0.0
0.0
0.0
0.0
0.0
0.0
0.0
0.0
0.0
0.0
0.0
0.0
0.0
0.0
0.0
0.0
0.0
-1.0
0.0
0.0
0.0
0.0
0.0
0.0
0.0
0.0
0.0
0.0
0.0
0.0
0.0
0.0
0.0
0.0
0.0
0.0
0.0
0.0
0.0
0.0
0.0
0.0
0.0
0.0
0.0
0.0
0.0
0.0
1.0
0.0
0.0
0.0
0.0
0.0
0.0
0.0
0.0
0.0
0.0
0.0
0.0
0.0
0.0
0.0
-1.0
0.0
0.0
0.0
0.0
0.0
0.0
0.0
0.0
0.0
0.0
0.0
-1.0
0.0
0.0
0.0
0.0
0.0
0.0
0.0
0.0
0.0
0.0
0.0
0.0
0.0
0.0
0.0
0.0
0.0
0.0
0.0
0.0
0.0
0.0
0.0
0.0
0.0
0.0
0.0
0.0
0.0
0.0
0.0
0.0
0.0
0.0
0.0
0.0
0.0
0.0
0.0
0.0
0.0
0.0
-1.0
0.0
0.0
1.0
0.0
0.0
0.0
0.0
0.0
0.0
0.0
0.0
0.0
0.0
0.0
0.0
0.0
0.0
0.0
0.0
0.0
0.0
0.0
0.0
0.0
0.0
0.0
0.0
0.0
0.0
0.0
0.0
0.0
0.0
0.0
0.0
0.0
0.0
0.0
0.0
0.0
0.0
0.0
0.0
0.0
0.0
0.0
-1.0
0.0
0.0
0.0
-1.0
0.0
0.0
0.0
0.0
0.0
0.0
0.0
0.0
0.0
0.0
0.0
0.0
0.0
0.0
0.0
0.0
0.0
0.0
0.0
0.0
0.0
0.0
0.0
0.0
0.0
0.0
0.0
0.0
0.0
0.0
0.0
0.0
0.0
0.0
1.0
0.0
0.0
0.0
0.0
0.0
0.0
0.0
0.0
0.0
0.0
-1.0
0.0
1.0
0.0
0.0
0.0
0.0
0.0
0.0
0.0
0.0
0.0
0.0
0.0
0.0
0.0
0.0
0.0
0.0
0.0
0.0
0.0
0.0
0.0
0.0
0.0
0.0
0.0
0.0
0.0
0.0
1.0
0.0
0.0
0.0
0.0
0.0
0.0
0.0
0.0
0.0
0.0
0.0
0.0
0.0
0.0
0.0
0.0
0.0
0.0
0.0
0.0
0.0
0.0
0.0
0.0
0.0
0.0
0.0
0.0
0.0
0.0
0.0
0.0
0.0
0.0
0.0
0.0
0.0
0.0
-1.0
0.0
0.0
0.0
0.0
0.0
0.0
0.0
0.0
0.0
0.0
0.0
0.0
0.0
0.0
0.0
0.0
0.0
0.0
-1.0
0.0
0.0
0.0
0.0
0.0
0.0
0.0
0.0
0.0
0.0
0.0
0.0
0.0
0.0
0.0
0.0
0.0
0.0
0.0
0.0
0.0
0.0
0.0
0.0
0.0
0.0
0.0
0.0
0.0
0.0
0.0
0.0
0.0
0.0
0.0
0.0
0.0
0.0
0.0
0.0
0.0
0.0
0.0
0.0
0.0
0.0
0.0
0.0
0.0
0.0
0.0
0.0
1.0
0.0
0.0
0.0
0.0
0.0
0.0
0.0
0.0
0.0
0.0
0.0
0.0
0.0
0.0
0.0
1.0
0.0
0.0
-2.0
0.0
0.0
0.0
0.0
0.0
0.0
0.0
0.0
0.0
0.0
1.0
0.0
0.0
0.0
1.0
0.0
0.0
1.0
-1.0
0.0
0.0
0.0
0.0
0.0
0.0
0.0
0.0
0.0
0.0
0.0
-1.0
-1.0
0.0
0.0
0.0
0.0
0.0
1.0
0.0
0.0
0.0
0.0
0.0
0.0
0.0
0.0
0.0
0.0
0.0
0.0
0.0
0.0
0.0
0.0
0.0
1.0
0.0
1.0
0.0
0.0
0.0
0.0
0.0
1.0
0.0
0.0
0.0
0.0
0.0
0.0
0.0
0.0
-1.0
0.0
0.0
0.0
0.0
0.0
0.0
0.0
0.0
0.0
0.0
0.0
0.0
0.0
0.0
1.0
0.0
0.0
0.0
0.0
0.0
0.0
0.0
0.0
0.0
1.0
0.0
0.0
0.0
0.0
0.0
0.0
0.0
0.0
0.0
0.0
0.0
0.0
0.0
0.0
0.0
0.0
0.0
0.0
0.0
0.0
0.0
0.0
0.0
0.0
0.0
0.0
0.0
0.0
0.0
0.0
0.0
0.0
0.0
0.0
0.0
0.0
0.0
0.0
-1.0
0.0
0.0
0.0
0.0
0.0
0.0
0.0
0.0
0.0
0.0
0.0
0.0
0.0
0.0
0.0
0.0
0.0
0.0
-1.0
0.0
0.0
0.0
0.0
1.0
0.0
0.0
0.0
0.0
0.0
0.0
1.0
0.0
0.0
0.0
0.0
0.0
0.0
0.0
0.0
0.0
0.0
0.0
0.0
0.0
0.0
0.0
0.0
0.0
0.0
0.0
0.0
-1.0
0.0
0.0
0.0
0.0
0.0
0.0
0.0
0.0
0.0
0.0
0.0
0.0
0.0
-1.0
-1.0
0.0
0.0
0.0
0.0
0.0
0.0
0.0
0.0
0.0
-1.0
0.0
0.0
0.0
0.0
0.0
0.0
0.0
0.0
0.0
0.0
0.0
-1.0
0.0
0.0
1.0
0.0
0.0
0.0
0.0
0.0
0.0
0.0
0.0
0.0
0.0
0.0
0.0
0.0
0.0
0.0
0.0
-1.0
0.0
-1.0
1.0
0.0
0.0
0.0
0.0
1.0
0.0
0.0
0.0
0.0
0.0
0.0
0.0
0.0
0.0
0.0
0.0
0.0
1.0
0.0
0.0
0.0
-1.0
0.0
0.0
0.0
0.0
0.0
0.0
0.0
0.0
1.0
0.0
0.0
0.0
0.0
0.0
0.0
0.0
0.0
0.0
0.0
0.0
0.0
0.0
0.0
0.0
0.0
0.0
0.0
0.0
0.0
0.0
0.0
0.0
0.0
-1.0
0.0
0.0
0.0
0.0
0.0
0.0
0.0
0.0
0.0
0.0
0.0
0.0
0.0
0.0
0.0
0.0
0.0
0.0
0.0
0.0
0.0
0.0
-1.0
0.0
0.0
0.0
0.0
0.0
0.0
0.0
0.0
0.0
0.0
0.0
0.0
0.0
0.0
0.0
0.0
0.0
0.0
0.0
0.0
0.0
0.0
0.0
-1.0
0.0
0.0
0.0
0.0
0.0
0.0
0.0
0.0
0.0
0.0
0.0
0.0
0.0
0.0
0.0
0.0
0.0
0.0
0.0
0.0
0.0
0.0
0.0
0.0
0.0
-1.0
-1.0
0.0
0.0
0.0
0.0
0.0
0.0
0.0
0.0
0.0
0.0
0.0
0.0
0.0
0.0
0.0
0.0
0.0
0.0
0.0
0.0
0.0
0.0
0.0
0.0
-1.0
0.0
0.0
0.0
0.0
0.0
0.0
0.0
0.0
0.0
0.0
0.0
0.0
0.0
0.0
0.0
0.0
0.0
0.0
0.0
0.0
0.0
0.0
0.0
0.0
0.0
0.0
0.0
0.0
0.0
0.0
0.0
0.0
0.0
0.0
0.0
0.0
0.0
0.0
0.0
0.0
0.0
0.0
0.0
0.0
0.0
0.0
0.0
0.0
0.0
0.0
0.0
0.0
0.0
0.0
0.0
0.0
0.0
0.0
0.0
0.0
0.0
0.0
0.0
0.0
0.0
0.0
0.0
0.0
0.0
0.0
0.0
0.0
0.0
0.0
0.0
0.0
0.0
0.0
0.0
0.0
0.0
0.0
0.0
0.0
0.0
0.0
0.0
0.0
0.0
0.0
0.0
0.0
0.0
0.0
0.0
0.0
0.0
0.0
0.0
0.0
0.0
0.0
0.0
0.0
0.0
0.0
0.0
0.0
0.0
0.0
0.0
0.0
0.0
0.0
0.0
0.0
0.0
0.0
0.0
0.0
0.0
0.0
0.0
0.0
0.0
0.0
0.0
0.0
0.0
0.0
0.0
0.0
0.0
0.0
0.0
0.0
0.0
0.0
0.0
0.0
0.0
0.0
0.0
0.0
0.0
0.0
0.0
0.0
0.0
0.0
0.0
0.0
0.0
0.0
0.0
0.0
0.0
0.0
0.0
0.0
0.0
0.0
0.0
0.0
0.0
0.0
0.0
0.0
100.0
237568.0
10640.0
241664.0
0.0
0.0
0.0
0.0
0.0
0.0
28.0
151552.0
0.0
0.0
0.0
0.0
0.0
0.0
0.0
0.0
0.0
0.0
460.0
238128.0
0.0
0.0
0.0
0.0
