0.012619956
0.003683422
0.0027529045
0.0010761895
0.0041680043
0.0015072598
0.0011683493
0.0011297016
0.001739146
0.0029907364
0.00062133593
0.0013169943
0.005244194
0.0026250698
0.0010137586
0.0048101507
0.0082706055
0.0019799508
0.0022504847
0.0039955764
0.0038944979
0.0073222504
0.00043107037
0.00097213796
0.0018075226
0.0011891596
0.0012159157
0.0032226227
0.0022564305
0.0018967096
0.0005826882
0.002060219
0.0020185984
0.0033682946
0.0018610348
0.018464675
0.043011904
0.008092231
0.019201955
0.031949747
0.008127906
0.0041382755
0.0019531946
0.0058387737
0.003478292
0.0029877636
0.00084133045
0.0034396441
0.0029877636
0.0047952863
0.003270189
0.009236798
0.003115598
0.0026696634
0.00394801
0.0026934466
0.0021018395
0.0015191514
0.00052323024
0.0024080481
0.0014596934
0.0019769778
0.0006332275
0.0014626663
0.0026369614
0.0023396716
0.0021583247
0.002152379
0.003793419
0.005675264
0.0016410403
0.003478292
0.023304556
0.035903703
0.004658533
0.008648164
0.001560772
0.0060766055
0.00082349306
0.001147539
0.0018461703
0.00385585
0.0014299644
0.0029818178
0.0019829236
0.0073787356
0.000558905
0.0016767151
0.004706099
0.012289965
0.0008680865
0.011077022
0.00086214073
0.0056217522
0.0009245716
0.0010405147
0.006477947
0.0018758993
0.0008888968
0.00076700794
0.002886685
0.0027023652
0.0016410403
0.0032939722
0.0032582975
0.008704648
0.0019026553
0.0028034437
0.009620301
0.011195938
0.0011267287
0.00085916783
0.001355642
0.0030888421
0.00084727624
0.0011683493
0.0027320941
0.0014537476
0.00080268277
0.0022861594
0.004176923
0.006736589
0.002479398
0.0014656392
0.006424435
0.0020869751
0.00049944705
0.0010791623
0.0019680592
0.0033831592
0.0015786093
0.0022534574
0.0032464059
0.0022712948
0.002791552
0.0011713222
0.0036031536
0.007016042
0.002146433
0.0043909717
0.0034277525
0.005184736
0.007063608
0.00074322475
0.0038053107
0.0015459075
0.0009513277
0.0019294114
0.0018164413
0.0012515906
0.0021999453
0.0046377224
0.002413994
0.003329647
0.0010761895
0.002205891
0.0027172298
0.0018669806
0.0026280428
0.00083835755
0.0014805037
0.0018075226
0.001031596
0.0010048399
0.0020513004
0.0010791623
0.002384265
0.005288787
0.0030264112
0.0026577718
0.004058007
0.0015072598
0.0037517985
0.010752976
0.0008948426
0.0114010675
0.011011618
0.003561533
0.011528903
0.0007016042
0.0111513445
0.0037309884
0.0010553792
0.0047833947
0.0047447467
0.0029223599
0.00052917603
0.0014834766
0.0049379854
0.0034069424
0.004058007
0.0013526691
0.0024348043
0.0013318588
0.0009305174
0.0013794252
0.0030739775
0.0011891596
0.0017510375
0.0026696634
0.002416967
0.0009453819
0.0011653764
0.0007848453
0.0045217793
0.0028153353
0.0044890777
0.017834421
0.03142057
0.0045693456
0.015462048
0.002268322
0.015194487
0.0006837668
0.0039688204
0.0009780838
0.0033355928
0.005910123
0.0014180728
0.00084133045
0.003653693
0.0018907638
0.0013437504
0.00406098
0.0029223599
0.0016232029
0.00096024637
0.0015369888
0.004117465
0.0021167041
0.00082052016
0.0029996552
0.0037636901
0.0016380674
0.0020483274
0.0056395894
0.0022534574
0.0018045497
0.0041561127
0.0014091542
0.0021494061
0.0013942897
0.0005945798
0.0011059184
0.007366844
0.0010434876
0.0033207282
0.0013110485
0.0022267015
0.0014269915
0.0015726635
0.0005648508
0.0036180182
0.005294733
0.0013318588
0.0073638707
0.0
0.0
0.0
0.0
0.0
0.0
0.0
0.0
0.0
0.0
0.0
0.0
0.0
0.0
0.0
0.0
0.0
0.0
0.0
0.0
0.0
0.0
0.0
0.0
0.0
0.0
0.0
0.0
0.0
0.0
0.0
0.0
0.0
0.0
0.0
0.0
0.0
0.0
0.0
0.0
0.0
0.0
0.0
0.0
0.0
0.0
0.0
0.0
0.0
0.0
0.0
0.0
0.0
0.0
0.0
0.0
0.0
0.0
0.0
0.0
0.0
0.0
0.0
0.0
0.0
0.0
0.0
0.0
0.0
0.0
0.0
0.0
0.0
0.0
0.0
0.0
0.0
0.0
0.0
0.0
0.0
0.0
0.0
0.0
0.0
0.0
0.0
0.0
0.0
0.0
0.0
0.0
0.0
0.0
0.0
0.0
0.0
0.0
0.0
0.0
0.0
0.0
0.0
0.0
0.0
0.0
0.0
0.0
0.0
0.0
0.0
0.0
2.9864298e-06
3.2850727e-05
0.004295979
6.122181e-05
0.0022771526
1.1945719e-05
4.4796443e-06
2.9864298e-06
7.4660743e-06
5.9728595e-06
0.00019710435
0.0
0.00029565653
0.0019053421
7.3167525e-05
0.0
0.0
0.0
0.0
0.0
0.0
0.0
0.0
0.0
0.0
0.0
0.0
0.0
0.0
0.0
0.0
0.0
0.00025384652
0.0002911769
0.02033012
0.0008347071
0.01154703
0.0007212228
0.0006346163
0.0006689602
0.0006689602
0.00052113197
0.00050470664
0.00037778335
0.0003523987
0.009923906
0.00039868837
0.00090040854
0.0017351157
0.00012543004
0.002460818
0.00021651616
0.0014379659
0.000120950404
0.00021800937
0.00011796397
0.00042556622
0.0002926701
0.00012692326
0.0002493669
0.0001508147
0.0011467889
0.00014484183
0.00020457043
4.4796445e-05
9.705896e-05
0.0020725823
0.00019710435
0.0011214043
0.00010452504
0.00031357512
0.00022099579
7.914039e-05
6.8687885e-05
0.00012543004
0.00025533975
7.914039e-05
0.0010781011
5.9728594e-05
0.00019859757
0.0020412246
0.0016514956
0.0050366134
0.00066149415
0.0025892346
0.00023443473
0.00040914086
0.00032104118
0.0016052059
0.0011482822
0.0004957473
0.0008869696
0.000646562
0.002014347
0.0005256116
0.0011393229
0.011475356
0.0027982846
0.008677071
0.0017381021
0.00788716
0.003413489
0.0021517226
0.002917742
0.010667527
0.002704212
0.0014708166
0.0030282396
0.0036867475
0.0038599602
0.0033671993
0.006608969
0.011626171
0.012083095
0.047700748
0.017224234
0.032078736
0.019732835
0.01958202
0.014331876
0.014866447
0.010333046
0.016947988
0.021971162
0.020348039
0.025574291
0.011373817
0.016152104
0.020055369
0.026355242
0.06877897
0.023716731
0.047345363
0.03489195
0.036640506
0.019900074
0.02398551
0.020194238
0.03444996
0.04415436
0.024193067
0.05185487
0.023973564
0.016329797
3561.0
6.2987924
22430.0
0.0041462327
0.010075792
0.009763709
0.026348641
0.032679446
0.0074008023
0.04079358
0.052117698
0.022113241
0.004012483
0.0037895676
0.0049041463
0.0026304056
0.0019616585
0.0019170754
0.0077128843
0.0061524743
0.024743646
0.0065091397
0.018502006
0.006910388
0.0033883192
0.0034774856
0.0071333037
0.007489969
0.002674989
0.0009808292
0.011056621
0.0028979045
0.004636647
0.0017833259
0.0031208203
0.007802051
0.0032099867
0.004012483
0.0037004012
0.003611235
0.0034329023
0.0016049934
0.0041462327
0.046098974
0.05621935
0.005795809
0.06312974
0.0035666518
0.017521176
0.0015604101
0.0027641552
0.0023183236
0.013018279
0.0019170754
0.004859563
0.0046812305
0.015559519
0.0013820776
0.0034774856
0.013642443
0.0685243
0.0011591618
0.057556845
0.0019616585
0.01685243
0.0009808292
0.001203745
0.002674989
0.005171645
0.002987071
0.0016049934
0.008515381
0.006063308
0.005037896
0.0044583147
0.02166741
0.03370486
0.0032545698
0.0055283103
0.012572448
0.013865359
0.0037004012
0.0015604101
0.0055283103
0.010254124
0.0020508247
0.0019616585
0.006286224
0.0013820776
0.001515827
0.0035220687
0.00962996
0.020463664
0.009407044
0.0012483281
0.007891217
0.0025858225
0.0011591618
0.0016495765
5.6691
0.0
0.0
0.0
2.0
336372.0
319488.0
0.0
0.0
0.0
0.0
0.0
0.0
0.0
29.0
1393483300.0
0.0
0.0
0.0
0.0
0.0
1.0
0.0
0.0
0.0
0.0
0.0
0.0
-1.0
0.0
0.0
-1.0
1.0
0.0
0.0
0.0
0.0
0.0
0.0
0.0
0.0
0.0
0.0
0.0
-1.0
0.0
0.0
0.0
0.0
0.0
0.0
0.0
0.0
0.0
0.0
0.0
0.0
-1.0
0.0
0.0
0.0
0.0
0.0
0.0
0.0
0.0
1.0
0.0
2.0
56.0
4.0
0.0
4.0
0.0
245760.0
1024.0
4096.0
6.0
1.0
0.0
1.0
5.0
0.0
0.0
0.0
0.0
0.0
0.0
0.0
0.0
0.0
0.0
0.0
0.0
0.0
0.0
9728.0
0.0
0.0
0.0
0.0
0.0
0.0
0.0
0.0
0.0
0.0
0.0
0.0
0.0
0.0
0.0
0.0
0.0
-1024.0
0.0
0.0
0.0
0.0
0.0
0.0
0.0
0.0
-245760.0
-2560.0
26624.0
0.0
0.0
0.0
0.0
0.0
0.0
0.0
0.0
0.0
0.0
0.0
0.0
0.0
0.0
0.0
0.0
0.0
0.0
0.0
0.0
7.1285605
0.0
0.0
0.0
0.0
0.0
0.0
0.0
0.0
0.0
0.0
0.0
0.0
0.0
0.0
0.0
0.0
0.0
-6.4704003
0.0
0.0
0.0
0.0
0.0
0.0
0.0
0.0
-7.2417545
-7.0222635
6.381318
0.0
0.0
0.0
0.0
0.0
0.0
0.0
0.0
0.0
0.0
0.0
0.0
0.0
0.0
0.0
0.0
0.0
0.0
0.0
0.0
9384.0
0.0
0.0
0.0
0.0
0.0
0.0
0.0
0.0
0.0
0.0
0.0
0.0
0.0
0.0
18576.0
0.0
0.0
-608.0
0.0
0.0
0.0
0.0
0.0
0.0
0.0
0.0
-245368.0
-2212.0
26552.0
0.0
0.0
0.0
0.0
0.0
0.0
0.0
0.0
0.0
-1.0
0.0
0.0
0.0
0.0
0.0
1.0
0.0
0.0
0.0
0.0
0.0
0.0
0.0
0.0
0.0
0.0
0.0
0.0
0.0
0.0
0.0
0.0
0.0
0.0
0.0
0.0
0.0
0.0
0.0
0.0
0.0
0.0
0.0
0.0
0.0
-2.0
0.0
0.0
0.0
1.0
0.0
0.0
0.0
0.0
0.0
0.0
1.0
0.0
0.0
0.0
0.0
0.0
0.0
0.0
0.0
0.0
0.0
0.0
0.0
-1.0
0.0
0.0
0.0
0.0
0.0
0.0
0.0
0.0
0.0
1.0
0.0
0.0
0.0
0.0
1.0
0.0
0.0
0.0
0.0
0.0
0.0
0.0
0.0
1.0
0.0
0.0
0.0
0.0
0.0
0.0
0.0
0.0
0.0
0.0
0.0
0.0
0.0
0.0
0.0
0.0
0.0
0.0
0.0
0.0
0.0
0.0
0.0
0.0
0.0
0.0
0.0
0.0
0.0
0.0
0.0
0.0
0.0
0.0
0.0
0.0
0.0
0.0
0.0
0.0
0.0
0.0
0.0
0.0
0.0
0.0
0.0
0.0
0.0
0.0
0.0
0.0
0.0
0.0
0.0
0.0
0.0
0.0
0.0
0.0
0.0
0.0
0.0
0.0
0.0
0.0
0.0
0.0
0.0
0.0
0.0
0.0
0.0
0.0
0.0
0.0
0.0
0.0
0.0
0.0
0.0
0.0
0.0
0.0
0.0
0.0
0.0
0.0
0.0
0.0
0.0
0.0
0.0
0.0
0.0
0.0
0.0
0.0
0.0
0.0
0.0
0.0
0.0
0.0
0.0
0.0
0.0
0.0
0.0
0.0
0.0
0.0
0.0
0.0
0.0
0.0
0.0
0.0
0.0
0.0
0.0
0.0
0.0
0.0
0.0
0.0
0.0
0.0
0.0
0.0
0.0
0.0
0.0
0.0
0.0
0.0
0.0
0.0
0.0
0.0
0.0
0.0
0.0
0.0
0.0
0.0
0.0
0.0
0.0
0.0
0.0
0.0
0.0
0.0
0.0
0.0
0.0
0.0
0.0
0.0
0.0
0.0
0.0
0.0
0.0
0.0
0.0
0.0
0.0
0.0
0.0
0.0
0.0
0.0
0.0
0.0
0.0
0.0
0.0
0.0
0.0
0.0
0.0
0.0
0.0
0.0
0.0
0.0
0.0
0.0
0.0
0.0
0.0
0.0
0.0
0.0
0.0
0.0
0.0
0.0
0.0
0.0
0.0
0.0
0.0
0.0
0.0
0.0
0.0
0.0
0.0
0.0
0.0
0.0
0.0
0.0
0.0
0.0
0.0
0.0
0.0
0.0
0.0
0.0
0.0
0.0
0.0
0.0
0.0
0.0
0.0
0.0
0.0
0.0
0.0
0.0
0.0
0.0
0.0
0.0
0.0
0.0
0.0
0.0
0.0
0.0
0.0
0.0
0.0
0.0
0.0
0.0
0.0
0.0
0.0
0.0
0.0
0.0
0.0
0.0
0.0
0.0
0.0
0.0
0.0
0.0
0.0
0.0
0.0
0.0
0.0
0.0
0.0
0.0
0.0
0.0
0.0
0.0
0.0
0.0
0.0
0.0
0.0
0.0
0.0
0.0
0.0
0.0
0.0
0.0
0.0
0.0
0.0
0.0
0.0
0.0
0.0
0.0
0.0
0.0
0.0
0.0
0.0
0.0
0.0
0.0
0.0
0.0
0.0
0.0
0.0
0.0
0.0
0.0
0.0
0.0
0.0
0.0
0.0
0.0
0.0
0.0
0.0
0.0
0.0
0.0
0.0
0.0
0.0
0.0
0.0
0.0
0.0
0.0
0.0
0.0
0.0
0.0
0.0
0.0
0.0
0.0
0.0
0.0
0.0
0.0
0.0
0.0
0.0
0.0
0.0
0.0
0.0
0.0
0.0
0.0
0.0
0.0
0.0
0.0
0.0
0.0
0.0
0.0
0.0
0.0
0.0
0.0
0.0
0.0
0.0
0.0
0.0
0.0
0.0
0.0
0.0
0.0
0.0
0.0
0.0
0.0
0.0
0.0
0.0
0.0
0.0
0.0
0.0
0.0
0.0
0.0
0.0
0.0
0.0
0.0
0.0
0.0
0.0
0.0
0.0
0.0
0.0
0.0
0.0
0.0
0.0
0.0
0.0
0.0
0.0
0.0
0.0
0.0
0.0
0.0
0.0
0.0
0.0
0.0
0.0
0.0
0.0
0.0
0.0
0.0
0.0
0.0
0.0
0.0
0.0
0.0
0.0
0.0
0.0
0.0
0.0
0.0
0.0
0.0
0.0
0.0
0.0
0.0
0.0
0.0
0.0
0.0
0.0
0.0
0.0
0.0
0.0
0.0
0.0
0.0
0.0
0.0
0.0
0.0
0.0
0.0
0.0
0.0
0.0
0.0
0.0
0.0
0.0
0.0
0.0
0.0
0.0
0.0
0.0
0.0
0.0
0.0
0.0
0.0
0.0
0.0
0.0
0.0
0.0
0.0
0.0
0.0
0.0
0.0
0.0
0.0
0.0
0.0
0.0
0.0
0.0
0.0
0.0
0.0
0.0
0.0
0.0
0.0
0.0
0.0
0.0
0.0
0.0
0.0
0.0
0.0
0.0
0.0
0.0
0.0
0.0
0.0
0.0
0.0
0.0
0.0
0.0
0.0
0.0
0.0
0.0
0.0
0.0
0.0
0.0
0.0
0.0
0.0
0.0
0.0
0.0
0.0
0.0
0.0
0.0
0.0
0.0
0.0
0.0
0.0
0.0
0.0
0.0
0.0
0.0
0.0
0.0
0.0
0.0
0.0
0.0
0.0
0.0
0.0
0.0
0.0
0.0
0.0
0.0
0.0
0.0
0.0
0.0
0.0
0.0
0.0
0.0
0.0
0.0
0.0
0.0
0.0
0.0
0.0
0.0
0.0
0.0
0.0
0.0
0.0
0.0
0.0
0.0
0.0
0.0
0.0
0.0
0.0
0.0
0.0
0.0
0.0
0.0
0.0
0.0
0.0
0.0
0.0
0.0
0.0
0.0
0.0
0.0
0.0
0.0
0.0
0.0
0.0
0.0
0.0
0.0
0.0
0.0
0.0
0.0
0.0
0.0
0.0
0.0
0.0
0.0
0.0
0.0
0.0
0.0
0.0
0.0
0.0
0.0
0.0
0.0
0.0
0.0
0.0
0.0
0.0
0.0
0.0
0.0
0.0
0.0
0.0
0.0
0.0
0.0
0.0
0.0
0.0
0.0
0.0
0.0
0.0
0.0
0.0
0.0
0.0
0.0
0.0
0.0
0.0
0.0
0.0
0.0
0.0
0.0
0.0
0.0
0.0
0.0
0.0
0.0
0.0
0.0
0.0
0.0
0.0
0.0
0.0
0.0
0.0
0.0
0.0
0.0
0.0
0.0
0.0
0.0
0.0
0.0
0.0
0.0
0.0
0.0
0.0
0.0
0.0
0.0
0.0
0.0
0.0
0.0
0.0
0.0
0.0
0.0
0.0
0.0
0.0
0.0
0.0
0.0
0.0
0.0
0.0
0.0
0.0
0.0
0.0
0.0
0.0
0.0
0.0
0.0
0.0
0.0
0.0
0.0
0.0
0.0
0.0
0.0
0.0
0.0
0.0
0.0
0.0
0.0
0.0
0.0
0.0
0.0
0.0
0.0
0.0
0.0
0.0
0.0
0.0
0.0
0.0
0.0
0.0
0.0
0.0
0.0
0.0
0.0
0.0
0.0
0.0
0.0
0.0
0.0
0.0
0.0
0.0
0.0
0.0
0.0
0.0
0.0
0.0
0.0
0.0
0.0
0.0
0.0
0.0
0.0
0.0
0.0
0.0
0.0
0.0
0.0
0.0
0.0
0.0
0.0
0.0
0.0
0.0
0.0
0.0
0.0
0.0
0.0
0.0
0.0
0.0
0.0
0.0
0.0
0.0
0.0
0.0
0.0
0.0
0.0
0.0
0.0
0.0
0.0
0.0
0.0
0.0
0.0
0.0
0.0
0.0
0.0
0.0
0.0
0.0
0.0
0.0
0.0
0.0
0.0
0.0
0.0
0.0
0.0
0.0
0.0
0.0
0.0
0.0
0.0
0.0
0.0
0.0
0.0
0.0
0.0
0.0
0.0
0.0
0.0
0.0
0.0
0.0
0.0
0.0
0.0
0.0
0.0
0.0
0.0
0.0
0.0
0.0
0.0
0.0
0.0
0.0
0.0
0.0
0.0
0.0
0.0
0.0
0.0
0.0
0.0
0.0
0.0
0.0
0.0
0.0
0.0
0.0
0.0
0.0
0.0
0.0
0.0
0.0
0.0
0.0
0.0
0.0
0.0
0.0
0.0
0.0
0.0
0.0
0.0
0.0
0.0
0.0
0.0
0.0
0.0
0.0
0.0
0.0
0.0
0.0
0.0
0.0
0.0
0.0
0.0
0.0
0.0
0.0
0.0
0.0
0.0
0.0
0.0
0.0
0.0
0.0
0.0
0.0
0.0
0.0
0.0
0.0
0.0
0.0
0.0
0.0
0.0
0.0
0.0
0.0
0.0
0.0
0.0
0.0
0.0
0.0
0.0
0.0
0.0
0.0
0.0
0.0
0.0
0.0
0.0
0.0
0.0
0.0
0.0
0.0
0.0
0.0
0.0
0.0
0.0
0.0
0.0
0.0
0.0
0.0
0.0
0.0
0.0
0.0
0.0
0.0
0.0
0.0
0.0
0.0
0.0
0.0
0.0
0.0
0.0
0.0
0.0
0.0
0.0
0.0
0.0
0.0
0.0
0.0
0.0
0.0
0.0
0.0
0.0
0.0
0.0
0.0
0.0
0.0
0.0
0.0
0.0
0.0
0.0
0.0
0.0
0.0
0.0
0.0
0.0
0.0
0.0
0.0
0.0
0.0
0.0
0.0
0.0
0.0
0.0
0.0
0.0
0.0
0.0
0.0
0.0
0.0
0.0
0.0
0.0
0.0
0.0
0.0
0.0
0.0
0.0
0.0
0.0
0.0
0.0
0.0
0.0
0.0
0.0
0.0
0.0
0.0
0.0
0.0
0.0
0.0
0.0
0.0
0.0
0.0
0.0
0.0
0.0
0.0
0.0
0.0
0.0
0.0
0.0
0.0
0.0
0.0
0.0
0.0
0.0
0.0
0.0
0.0
0.0
0.0
0.0
0.0
0.0
0.0
0.0
0.0
0.0
0.0
0.0
0.0
0.0
0.0
0.0
0.0
0.0
0.0
0.0
0.0
0.0
0.0
0.0
0.0
0.0
0.0
0.0
0.0
0.0
0.0
0.0
0.0
0.0
0.0
0.0
0.0
0.0
0.0
0.0
0.0
0.0
0.0
0.0
0.0
0.0
0.0
0.0
0.0
0.0
0.0
0.0
0.0
0.0
0.0
0.0
0.0
0.0
0.0
0.0
0.0
0.0
0.0
0.0
0.0
0.0
0.0
0.0
0.0
0.0
0.0
0.0
0.0
0.0
0.0
0.0
0.0
0.0
0.0
0.0
0.0
0.0
0.0
0.0
0.0
0.0
0.0
0.0
0.0
0.0
0.0
0.0
0.0
0.0
0.0
0.0
0.0
0.0
0.0
0.0
0.0
0.0
0.0
0.0
0.0
0.0
0.0
0.0
0.0
0.0
0.0
0.0
0.0
0.0
0.0
0.0
0.0
0.0
0.0
0.0
0.0
0.0
0.0
0.0
0.0
0.0
0.0
0.0
0.0
0.0
0.0
0.0
0.0
0.0
0.0
0.0
0.0
0.0
0.0
0.0
0.0
0.0
0.0
0.0
0.0
0.0
0.0
0.0
0.0
0.0
0.0
0.0
0.0
0.0
0.0
0.0
0.0
0.0
0.0
0.0
0.0
0.0
0.0
0.0
0.0
0.0
0.0
0.0
0.0
0.0
0.0
0.0
0.0
0.0
0.0
0.0
0.0
0.0
0.0
0.0
0.0
0.0
0.0
0.0
0.0
0.0
0.0
0.0
0.0
0.0
0.0
0.0
0.0
0.0
0.0
0.0
0.0
0.0
0.0
0.0
0.0
0.0
0.0
0.0
0.0
0.0
0.0
0.0
0.0
0.0
0.0
0.0
0.0
0.0
0.0
0.0
0.0
0.0
0.0
0.0
0.0
0.0
0.0
0.0
0.0
0.0
0.0
0.0
0.0
0.0
0.0
0.0
0.0
0.0
0.0
0.0
0.0
0.0
0.0
0.0
0.0
0.0
0.0
0.0
0.0
0.0
0.0
0.0
0.0
0.0
0.0
0.0
0.0
0.0
0.0
0.0
0.0
0.0
0.0
0.0
0.0
0.0
0.0
0.0
0.0
0.0
0.0
0.0
0.0
0.0
0.0
0.0
0.0
0.0
0.0
0.0
0.0
0.0
0.0
0.0
0.0
0.0
0.0
0.0
0.0
0.0
0.0
0.0
0.0
0.0
0.0
0.0
0.0
0.0
0.0
0.0
0.0
0.0
0.0
0.0
0.0
0.0
0.0
0.0
0.0
0.0
0.0
0.0
0.0
0.0
0.0
0.0
0.0
0.0
0.0
0.0
0.0
0.0
0.0
0.0
0.0
0.0
0.0
0.0
0.0
0.0
0.0
0.0
0.0
0.0
0.0
0.0
0.0
0.0
0.0
0.0
0.0
0.0
0.0
2212.0
286720.0
26552.0
290816.0
0.0
0.0
0.0
0.0
0.0
0.0
0.0
0.0
0.0
0.0
0.0
0.0
0.0
0.0
0.0
0.0
0.0
0.0
0.0
0.0
0.0
0.0
0.0
0.0
