0.34055924
0.0050858604
0.0035581684
0.004080291
0.0041189664
0.0033647895
0.0034808167
0.0042736693
0.0044283727
0.0026492884
0.0033841275
0.0035968442
0.0042736693
0.003016708
0.0027073019
0.0035968442
0.0041576424
0.0027653156
0.0028233293
0.0026299504
0.00390625
0.0023398823
0.0028813428
0.0023205446
0.0034808167
0.0026686261
0.0022238551
0.0028813428
0.0035775062
0.0018370978
0.002243193
0.0020111387
0.004370359
0.0027073019
0.0017984221
0.0030553837
0.0029393565
0.0024559097
0.001643719
0.0019337871
0.003016708
0.0013923268
0.0018951114
0.0031327351
0.0029200185
0.0028039913
0.0030360457
0.0030360457
0.0040029394
0.0027846536
0.0029393565
0.0040222774
0.0036548576
0.0027459778
0.003016708
0.0030360457
0.002842667
0.0031907489
0.0014890161
0.0029006808
0.0026106127
0.0018177599
0.0016823948
0.0016823948
0.003925588
0.0042930073
0.0039642635
0.0034228032
0.004041615
0.0029586942
0.003925588
0.0035194927
0.004196318
0.0026492884
0.0027846536
0.0030553837
0.0034808167
0.0029780322
0.002417234
0.0027073019
0.0054339417
0.0031133972
0.0031133972
0.004041615
0.0035775062
0.0026879641
0.003944926
0.0040222774
0.0035581684
0.0031133972
0.0030553837
0.0029780322
0.0026492884
0.0020884902
0.0020691522
0.0025332612
0.0027073019
0.0038095606
0.0026299504
0.003016708
0.004041615
0.0032487623
0.003616182
0.0030360457
0.005395266
0.0029780322
0.0033647895
0.0032681003
0.0045250617
0.0037708848
0.0031133972
0.0035388304
0.003751547
0.0020884902
0.0041576424
0.0037708848
0.0054146037
0.0047571165
0.0031714109
0.0030553837
0.0031133972
0.0027073019
0.0018757735
0.0017404084
0.0026879641
0.0020111387
0.0018951114
0.0014503404
0.0028813428
0.0027846536
0.0015470297
0.004060953
0.0028039913
0.0026879641
0.0016630569
0.0014696782
0.0027846536
0.0026492884
0.0022045174
0.0043123453
0.0026879641
0.0037128713
0.0018564357
0.0014696782
0.0028813428
0.0020498144
0.0012376237
0.0013923268
0.0017984221
0.0013343131
0.0019918007
0.0015663676
0.0024945855
0.0011409344
0.0020884902
0.0015276918
0.0015857054
0.0015276918
0.0014310025
0.0016823948
0.0020884902
0.002552599
0.0015276918
0.001972463
0.0020304765
0.0018564357
0.0012569616
0.0011022587
0.0017210705
0.0013149752
0.0017790842
0.0020691522
0.002243193
0.002397896
0.0014503404
0.0012376237
0.0028233293
0.0016630569
0.0017597463
0.0018951114
0.002243193
0.002107828
0.002571937
0.002127166
0.0029780322
0.0017404084
0.0017404084
0.002397896
0.0017404084
0.0017017326
0.0017017326
0.0023398823
0.0027846536
0.0028039913
0.0019144493
0.0021465037
0.0023012066
0.0014116646
0.0018370978
0.0018177599
0.0032100866
0.002107828
0.0011409344
0.0016630569
0.001972463
0.002107828
0.0011602723
0.0017210705
0.0026106127
0.0021658416
0.0014890161
0.001508354
0.0019337871
0.0012376237
0.0018564357
0.0017017326
0.0029200185
0.001972463
0.001643719
0.0035388304
0.0027846536
0.0018951114
0.0020691522
0.0020111387
0.0031520731
0.0018757735
0.0014890161
0.0011602723
0.0029200185
0.0012956373
0.0014116646
0.0013343131
0.002552599
0.0012956373
0.0012956373
0.0035968442
0.0025332612
0.0023205446
0.0014696782
0.0018177599
0.002571937
0.0015663676
0.0017984221
0.0017017326
0.0022045174
0.0009862315
0.0026299504
0.002107828
0.0029586942
0.0017017326
0.0012376237
0.0018951114
0.003287438
0.0012956373
0.0018951114
0.0042736693
0.26530612
0.0
0.0
0.0
0.0
0.0
0.0
0.0
0.0
0.0
0.0
0.0
0.0
0.0
0.0
0.0
0.0
0.0
0.0
0.0
0.0
0.0
0.0
0.0
0.0
0.0
0.0
0.0
0.0
0.0
0.0
0.0
0.018514827
9.964923e-06
6.975447e-05
0.000129544
0.00039859695
0.00017936862
0.00054807076
0.00023915817
1.9929847e-05
0.0002092634
1.9929847e-05
1.9929847e-05
9.964923e-06
9.964923e-06
1.9929847e-05
9.964923e-06
0.0
0.0
0.0
0.0
0.0
0.0
0.0
0.0
0.0
0.0
0.0
0.0
0.0
0.0
0.0
0.0
0.0
0.0
0.0
0.0
0.0
0.0
0.0
0.0
0.0
0.0
0.0
0.0
0.0
0.0
0.0
0.0
0.0
0.0
0.0
0.0
0.0
0.0
0.0
0.0
0.0
0.0
0.0
0.0
0.0
0.0
0.0
0.0
0.01607342
0.00040856187
0.00019929848
0.00011957908
0.0002889828
0.0002092634
0.00019929848
0.00035873725
0.0007075096
0.00018933354
7.9719386e-05
0.00013950893
0.00031887754
0.000259088
0.00035873725
0.00049824617
0.01422991
0.0003388074
0.0002889828
0.00034877233
0.000777264
0.00049824617
0.0011160715
0.0007075096
0.0004583865
0.0003388074
0.00015943877
0.00032884246
0.00022919325
0.00011957908
0.00021922831
0.00024912308
0.0
0.0
0.0
0.0
0.0
0.0
0.0
0.0
0.0
0.0
0.0
0.0
0.0
0.0
0.0
0.0
0.0
0.0
0.0
0.0
0.0
0.0
0.0
0.0
0.0
0.0
0.0
0.0
0.0
0.0
0.0
0.0
0.0
0.0
0.0
0.0
0.0
0.0
0.0
0.0
0.0
0.0
0.0
0.0
0.0
0.0
0.0
0.0
0.0
0.0
0.0
0.0
0.0
0.0
0.0
0.0
0.0
0.0
0.0
0.0
0.0
0.0
0.0
0.0
0.008709343
0.0007971939
0.0010463169
0.0008071588
0.00062779017
0.0010762117
0.0010861766
0.00064772
0.00095663266
0.00064772
0.0002989477
0.00054807076
0.00066764985
0.0008968431
0.00060786033
0.0009865274
0.014200016
0.0024314413
0.0018734057
0.0014548788
0.0022620377
0.0019331952
0.0024115115
0.0021623883
0.0025410554
0.0011160715
0.0010762117
0.0012655453
0.0015844228
0.0014449139
0.0015246333
0.0015345982
0.0015345982
0.001554528
0.0019431601
0.0041354434
0.0058992347
0.0050223214
0.0056600766
0.0044941804
0.0013851244
0.0007274394
0.0011260364
0.001833546
0.0010263871
0.0016043527
0.0011858259
0.0016840721
0.052006934
0.039640464
0.03661113
0.03798629
0.04455317
0.043407205
0.04575893
0.039779976
0.035465162
0.024952168
0.026317364
0.02993463
0.028499682
0.029257014
0.027861927
0.029396525
495.0
7.3454547
3636.0
0.01210121
0.007975797
0.0035753576
0.0033003301
0.00550055
0.00440044
0.003850385
0.0052255224
0.0057755774
0.0016501651
0.0041254126
0.008525853
0.0074257427
0.00550055
0.00990099
0.012651265
0.010451045
0.010451045
0.013476348
0.0137513755
0.010176018
0.009625963
0.00990099
0.010451045
0.010726073
0.0110011
0.0024752475
0.0063256323
0.0041254126
0.0033003301
0.0033003301
0.002750275
0.006050605
0.01760176
0.015676567
0.01650165
0.012926293
0.013201321
0.013476348
0.011276128
0.011826183
0.011276128
0.00990099
0.009625963
0.0140264025
0.011826183
0.00880088
0.01210121
0.018426843
0.009625963
0.012376238
0.01540154
0.012926293
0.012651265
0.012926293
0.014851485
0.012651265
0.011551155
0.011551155
0.00880088
0.004950495
0.00440044
0.0041254126
0.008525853
0.0033003301
0.017326733
0.009350935
0.01650165
0.018151816
0.017326733
0.013476348
0.012926293
0.016226623
0.0137513755
0.010726073
0.010726073
0.0220022
0.0140264025
0.01430143
0.019526953
0.013476348
0.009350935
0.01870187
0.014851485
0.019251926
0.014851485
0.0140264025
0.010726073
0.012651265
0.00990099
0.010176018
0.00440044
0.0033003301
0.0024752475
0.0035753576
0.0030253024
6.4200006
0.0
0.0
0.0
3.0
51712.0
118784.0
0.0
0.0
5.0
0.0
1.0
0.0
0.0
0.0
1142465200.0
0.0
0.0
0.0
0.0
0.0
1.0
0.0
0.0
0.0
0.0
0.0
0.0
-1.0
0.0
-1.0
-1.0
1.0
0.0
0.0
0.0
0.0
0.0
0.0
0.0
0.0
0.0
0.0
1.0
0.0
0.0
0.0
0.0
0.0
0.0
0.0
0.0
0.0
0.0
0.0
0.0
0.0
-1.0
0.0
0.0
0.0
0.0
0.0
0.0
0.0
0.0
0.0
0.0
2.0
29.0
4.0
0.0
4.0
0.0
32768.0
1024.0
4096.0
3.0
1.0
0.0
3.0
3.0
0.0
0.0
0.0
0.0
0.0
0.0
0.0
0.0
0.0
0.0
0.0
0.0
0.0
0.0
0.0
0.0
0.0
0.0
0.0
0.0
0.0
0.0
50688.0
0.0
0.0
0.0
0.0
0.0
0.0
0.0
0.0
0.0
0.0
0.0
0.0
0.0
0.0
0.0
0.0
0.0
0.0
0.0
0.0
0.0
0.0
0.0
0.0
0.0
0.0
0.0
0.0
0.0
0.0
0.0
0.0
0.0
0.0
0.0
0.0
0.0
0.0
0.0
0.0
0.0
0.0
0.0
0.0
0.0
0.0
0.0
0.0
0.0
13.439209
0.0
0.0
0.0
0.0
0.0
0.0
0.0
0.0
0.0
0.0
0.0
0.0
0.0
0.0
0.0
0.0
0.0
0.0
0.0
0.0
0.0
0.0
0.0
0.0
0.0
0.0
0.0
0.0
0.0
0.0
0.0
0.0
0.0
0.0
0.0
0.0
0.0
0.0
0.0
0.0
0.0
0.0
0.0
0.0
0.0
0.0
0.0
0.0
0.0
114688.0
0.0
0.0
0.0
0.0
0.0
0.0
0.0
0.0
0.0
0.0
0.0
0.0
0.0
0.0
0.0
0.0
0.0
0.0
0.0
0.0
0.0
0.0
0.0
0.0
0.0
0.0
0.0
2.0
0.0
0.0
0.0
0.0
0.0
0.0
0.0
2.0
0.0
0.0
0.0
0.0
0.0
0.0
0.0
0.0
0.0
-2.0
0.0
0.0
0.0
0.0
0.0
0.0
0.0
0.0
0.0
0.0
0.0
0.0
-2.0
0.0
0.0
0.0
0.0
0.0
0.0
0.0
0.0
0.0
0.0
0.0
0.0
0.0
0.0
0.0
0.0
0.0
0.0
1.0
0.0
0.0
0.0
0.0
0.0
0.0
0.0
0.0
0.0
0.0
0.0
0.0
-3.0
0.0
0.0
0.0
0.0
0.0
0.0
0.0
0.0
0.0
3.0
0.0
0.0
0.0
0.0
2.0
0.0
0.0
0.0
0.0
0.0
0.0
0.0
0.0
3.0
0.0
0.0
0.0
0.0
0.0
0.0
0.0
0.0
0.0
-1.0
0.0
0.0
0.0
0.0
0.0
0.0
0.0
0.0
0.0
0.0
-1.0
0.0
0.0
0.0
0.0
0.0
0.0
0.0
0.0
0.0
0.0
0.0
0.0
0.0
0.0
0.0
0.0
-1.0
0.0
0.0
0.0
0.0
-1.0
0.0
0.0
0.0
0.0
0.0
0.0
0.0
0.0
0.0
0.0
0.0
0.0
0.0
0.0
0.0
0.0
0.0
0.0
0.0
0.0
0.0
0.0
0.0
0.0
0.0
0.0
0.0
0.0
0.0
0.0
0.0
0.0
0.0
0.0
0.0
0.0
0.0
0.0
0.0
0.0
0.0
0.0
0.0
0.0
0.0
0.0
0.0
0.0
0.0
0.0
0.0
0.0
0.0
0.0
0.0
0.0
0.0
0.0
0.0
0.0
0.0
0.0
0.0
0.0
0.0
0.0
0.0
0.0
0.0
-1.0
0.0
0.0
0.0
0.0
0.0
0.0
0.0
0.0
0.0
0.0
0.0
0.0
0.0
0.0
0.0
0.0
1.0
0.0
0.0
0.0
0.0
0.0
0.0
0.0
0.0
0.0
0.0
0.0
0.0
0.0
0.0
0.0
0.0
0.0
0.0
0.0
0.0
0.0
0.0
0.0
0.0
0.0
0.0
0.0
0.0
0.0
0.0
0.0
0.0
0.0
0.0
0.0
0.0
0.0
0.0
0.0
0.0
0.0
0.0
0.0
0.0
0.0
0.0
0.0
0.0
0.0
0.0
0.0
0.0
0.0
0.0
0.0
0.0
0.0
0.0
0.0
0.0
0.0
0.0
0.0
0.0
0.0
0.0
0.0
0.0
0.0
0.0
0.0
0.0
0.0
0.0
0.0
0.0
0.0
0.0
0.0
0.0
0.0
0.0
0.0
0.0
0.0
0.0
0.0
0.0
0.0
0.0
0.0
0.0
0.0
0.0
0.0
0.0
0.0
0.0
0.0
0.0
0.0
0.0
0.0
0.0
0.0
0.0
0.0
0.0
0.0
0.0
0.0
0.0
0.0
-1.0
0.0
0.0
0.0
0.0
0.0
0.0
0.0
0.0
0.0
0.0
0.0
0.0
0.0
0.0
0.0
0.0
0.0
0.0
0.0
0.0
0.0
0.0
0.0
0.0
0.0
0.0
0.0
0.0
0.0
0.0
0.0
0.0
0.0
0.0
0.0
0.0
0.0
0.0
0.0
0.0
0.0
0.0
0.0
0.0
0.0
0.0
0.0
0.0
0.0
0.0
0.0
0.0
0.0
0.0
0.0
0.0
0.0
0.0
0.0
0.0
0.0
0.0
0.0
0.0
0.0
0.0
0.0
0.0
0.0
0.0
0.0
0.0
0.0
0.0
0.0
0.0
0.0
0.0
0.0
0.0
0.0
0.0
0.0
0.0
0.0
0.0
0.0
0.0
0.0
0.0
0.0
0.0
0.0
0.0
0.0
0.0
0.0
0.0
0.0
0.0
0.0
0.0
0.0
0.0
0.0
0.0
0.0
0.0
0.0
0.0
0.0
1.0
0.0
0.0
0.0
0.0
0.0
0.0
0.0
0.0
0.0
0.0
0.0
0.0
0.0
0.0
0.0
0.0
0.0
0.0
0.0
0.0
0.0
0.0
0.0
0.0
0.0
0.0
0.0
0.0
0.0
0.0
0.0
0.0
0.0
0.0
0.0
0.0
0.0
0.0
0.0
0.0
0.0
0.0
0.0
0.0
0.0
0.0
0.0
0.0
0.0
0.0
0.0
0.0
0.0
0.0
0.0
0.0
0.0
0.0
0.0
0.0
0.0
0.0
0.0
0.0
0.0
0.0
0.0
0.0
0.0
0.0
0.0
0.0
0.0
0.0
0.0
0.0
0.0
0.0
0.0
0.0
0.0
0.0
0.0
0.0
0.0
-1.0
0.0
0.0
0.0
0.0
0.0
0.0
0.0
0.0
0.0
0.0
0.0
0.0
0.0
0.0
0.0
0.0
0.0
0.0
0.0
0.0
0.0
0.0
0.0
0.0
0.0
0.0
0.0
0.0
0.0
0.0
0.0
0.0
0.0
0.0
0.0
0.0
0.0
0.0
0.0
0.0
0.0
0.0
0.0
0.0
0.0
0.0
0.0
0.0
0.0
0.0
0.0
0.0
0.0
0.0
0.0
0.0
0.0
0.0
0.0
0.0
0.0
0.0
0.0
0.0
0.0
0.0
0.0
0.0
0.0
0.0
0.0
0.0
0.0
0.0
0.0
0.0
0.0
0.0
0.0
0.0
0.0
0.0
0.0
0.0
0.0
0.0
0.0
0.0
0.0
0.0
0.0
0.0
0.0
0.0
0.0
0.0
0.0
0.0
0.0
0.0
0.0
0.0
0.0
0.0
0.0
0.0
0.0
0.0
0.0
0.0
0.0
0.0
0.0
0.0
0.0
0.0
0.0
0.0
0.0
0.0
0.0
0.0
0.0
0.0
0.0
0.0
0.0
0.0
0.0
0.0
0.0
0.0
0.0
0.0
0.0
0.0
0.0
0.0
0.0
0.0
0.0
0.0
0.0
0.0
0.0
0.0
0.0
0.0
0.0
0.0
0.0
0.0
0.0
0.0
0.0
0.0
0.0
0.0
0.0
0.0
0.0
0.0
0.0
0.0
0.0
0.0
0.0
0.0
0.0
0.0
0.0
0.0
0.0
0.0
0.0
0.0
0.0
0.0
0.0
0.0
0.0
0.0
0.0
0.0
0.0
0.0
0.0
0.0
0.0
0.0
0.0
0.0
0.0
0.0
-1.0
0.0
0.0
0.0
0.0
0.0
0.0
0.0
0.0
0.0
0.0
0.0
0.0
0.0
0.0
0.0
0.0
0.0
0.0
0.0
0.0
0.0
0.0
0.0
0.0
0.0
0.0
0.0
0.0
0.0
0.0
0.0
0.0
0.0
0.0
0.0
0.0
0.0
0.0
0.0
0.0
0.0
0.0
0.0
0.0
0.0
0.0
0.0
0.0
0.0
0.0
0.0
0.0
0.0
0.0
0.0
0.0
0.0
0.0
0.0
0.0
0.0
0.0
0.0
0.0
0.0
0.0
0.0
0.0
0.0
0.0
0.0
0.0
0.0
0.0
0.0
0.0
0.0
0.0
0.0
0.0
0.0
0.0
0.0
0.0
0.0
0.0
0.0
0.0
0.0
0.0
0.0
0.0
0.0
0.0
0.0
0.0
0.0
0.0
0.0
0.0
0.0
0.0
0.0
0.0
0.0
0.0
0.0
0.0
0.0
0.0
0.0
0.0
0.0
0.0
0.0
0.0
0.0
0.0
0.0
0.0
0.0
0.0
0.0
0.0
0.0
0.0
0.0
0.0
0.0
0.0
0.0
0.0
0.0
0.0
0.0
0.0
0.0
0.0
0.0
0.0
0.0
0.0
0.0
0.0
0.0
0.0
0.0
0.0
0.0
0.0
0.0
0.0
0.0
0.0
0.0
0.0
0.0
0.0
0.0
0.0
0.0
0.0
0.0
0.0
0.0
0.0
0.0
0.0
0.0
0.0
0.0
0.0
0.0
0.0
0.0
0.0
0.0
0.0
0.0
0.0
0.0
0.0
0.0
0.0
0.0
0.0
0.0
0.0
0.0
0.0
0.0
0.0
0.0
0.0
0.0
0.0
0.0
0.0
0.0
0.0
0.0
0.0
0.0
0.0
0.0
0.0
0.0
0.0
0.0
0.0
0.0
0.0
0.0
0.0
0.0
0.0
0.0
0.0
0.0
0.0
0.0
0.0
0.0
0.0
0.0
0.0
0.0
0.0
0.0
0.0
0.0
0.0
0.0
0.0
0.0
0.0
0.0
0.0
0.0
0.0
0.0
0.0
0.0
0.0
0.0
0.0
0.0
0.0
0.0
0.0
0.0
0.0
0.0
0.0
0.0
0.0
0.0
0.0
0.0
0.0
0.0
0.0
0.0
0.0
0.0
0.0
0.0
0.0
0.0
0.0
0.0
0.0
0.0
0.0
0.0
0.0
0.0
0.0
0.0
0.0
0.0
0.0
0.0
0.0
0.0
0.0
0.0
0.0
0.0
0.0
0.0
0.0
0.0
0.0
0.0
0.0
0.0
0.0
0.0
0.0
0.0
0.0
0.0
0.0
0.0
0.0
1.0
0.0
0.0
0.0
0.0
0.0
0.0
0.0
0.0
0.0
0.0
0.0
0.0
0.0
0.0
0.0
0.0
0.0
0.0
0.0
0.0
0.0
0.0
0.0
0.0
0.0
0.0
0.0
0.0
0.0
0.0
0.0
0.0
0.0
0.0
0.0
0.0
0.0
0.0
0.0
0.0
0.0
0.0
0.0
0.0
0.0
0.0
0.0
0.0
0.0
0.0
0.0
0.0
0.0
0.0
0.0
0.0
0.0
0.0
0.0
0.0
0.0
0.0
0.0
0.0
0.0
0.0
1.0
0.0
0.0
0.0
0.0
0.0
0.0
0.0
0.0
0.0
0.0
0.0
0.0
0.0
0.0
0.0
0.0
0.0
0.0
0.0
0.0
0.0
0.0
0.0
0.0
0.0
0.0
0.0
0.0
0.0
0.0
0.0
0.0
0.0
0.0
0.0
0.0
0.0
0.0
0.0
0.0
0.0
0.0
0.0
1.0
0.0
0.0
0.0
0.0
0.0
0.0
0.0
0.0
0.0
0.0
0.0
0.0
0.0
0.0
0.0
0.0
0.0
0.0
0.0
0.0
0.0
0.0
0.0
0.0
0.0
0.0
0.0
0.0
0.0
0.0
0.0
0.0
0.0
0.0
0.0
0.0
0.0
0.0
0.0
0.0
0.0
0.0
0.0
0.0
0.0
0.0
0.0
0.0
0.0
0.0
0.0
0.0
0.0
0.0
0.0
0.0
0.0
0.0
0.0
0.0
0.0
0.0
0.0
0.0
0.0
0.0
0.0
0.0
0.0
0.0
0.0
0.0
0.0
0.0
0.0
0.0
0.0
0.0
0.0
0.0
0.0
0.0
0.0
0.0
0.0
0.0
0.0
0.0
0.0
0.0
0.0
0.0
0.0
0.0
0.0
0.0
0.0
0.0
0.0
0.0
0.0
0.0
0.0
0.0
0.0
0.0
0.0
0.0
0.0
0.0
0.0
0.0
0.0
0.0
0.0
0.0
0.0
0.0
0.0
0.0
0.0
0.0
0.0
0.0
0.0
0.0
0.0
0.0
0.0
0.0
0.0
0.0
0.0
0.0
0.0
0.0
0.0
0.0
0.0
0.0
0.0
0.0
0.0
0.0
0.0
0.0
0.0
0.0
0.0
0.0
0.0
0.0
0.0
0.0
0.0
0.0
0.0
0.0
0.0
0.0
0.0
0.0
0.0
0.0
0.0
0.0
0.0
0.0
0.0
0.0
0.0
0.0
0.0
0.0
0.0
0.0
0.0
0.0
0.0
0.0
0.0
0.0
0.0
0.0
0.0
0.0
0.0
0.0
0.0
0.0
0.0
0.0
0.0
0.0
0.0
0.0
0.0
0.0
0.0
0.0
0.0
0.0
0.0
0.0
0.0
0.0
0.0
0.0
0.0
0.0
0.0
0.0
0.0
0.0
0.0
0.0
0.0
0.0
0.0
0.0
0.0
0.0
0.0
0.0
0.0
0.0
0.0
0.0
0.0
0.0
0.0
0.0
0.0
0.0
0.0
0.0
0.0
0.0
0.0
0.0
0.0
0.0
0.0
0.0
0.0
0.0
0.0
0.0
0.0
0.0
0.0
0.0
0.0
0.0
0.0
0.0
0.0
0.0
0.0
0.0
0.0
0.0
0.0
0.0
0.0
0.0
0.0
0.0
0.0
0.0
0.0
0.0
0.0
0.0
0.0
0.0
0.0
0.0
0.0
0.0
0.0
0.0
0.0
0.0
0.0
0.0
0.0
0.0
0.0
0.0
0.0
0.0
0.0
0.0
0.0
0.0
0.0
0.0
0.0
0.0
0.0
0.0
0.0
0.0
0.0
0.0
0.0
0.0
0.0
0.0
0.0
0.0
0.0
0.0
0.0
0.0
0.0
0.0
0.0
0.0
0.0
0.0
0.0
0.0
0.0
0.0
0.0
0.0
0.0
0.0
0.0
0.0
0.0
0.0
0.0
0.0
0.0
0.0
0.0
0.0
0.0
0.0
0.0
0.0
0.0
0.0
0.0
0.0
0.0
0.0
0.0
0.0
0.0
0.0
0.0
0.0
0.0
0.0
0.0
0.0
0.0
0.0
0.0
0.0
0.0
0.0
0.0
140.0
105976.0
16.0
110592.0
0.0
0.0
0.0
0.0
0.0
0.0
0.0
0.0
0.0
0.0
0.0
0.0
0.0
0.0
0.0
0.0
0.0
0.0
0.0
0.0
0.0
0.0
0.0
0.0
