0.20594667
0.010991377
0.004940454
0.0031387745
0.006844115
0.004260575
0.0031727685
0.002617534
0.009540969
0.0020962935
0.002617534
0.0015637217
0.0056769894
0.0017676854
0.0010084872
0.007138729
0.005948941
0.0015637217
0.0013370953
0.0016430409
0.003943298
0.0032520879
0.0008045235
0.00086118
0.0022662634
0.0012464448
0.0008045235
0.0007705295
0.0018583359
0.00090650533
0.0006345537
0.0015863843
0.0023569139
0.000645885
0.00078186084
0.000679879
0.0032520879
0.0020283055
0.00072520424
0.0007025416
0.0010198185
0.0016430409
0.0004759153
0.001144463
0.0014730712
0.0009631619
0.0013031014
0.00060055975
0.0034900454
0.004804478
0.002651528
0.0018356732
0.00172236
0.0012691075
0.0013937519
0.0012464448
0.0019943116
0.003943298
0.0015637217
0.001325764
0.0011331317
0.0011331317
0.0008271861
0.0005439032
0.029767368
0.019297231
0.0017790167
0.0052803936
0.002651528
0.022503994
0.002073631
0.0011557942
0.0018809985
0.0017110287
0.0007705295
0.0008045235
0.0019829804
0.0024135704
0.002288926
0.0018923298
0.011489955
0.0008838427
0.0023569139
0.006209561
0.0031274434
0.0059716036
0.003694009
0.0024588956
0.0014277459
0.0031047806
0.002118956
0.0024815584
0.0015637217
0.003546702
0.0018583359
0.0014277459
0.00046458398
0.015433253
0.0049971105
0.0071160668
0.007093404
0.019784478
0.0062548867
0.005846959
0.007376687
0.011489955
0.0052237366
0.0039319666
0.009155704
0.006266218
0.011682587
0.011773238
0.0056429957
0.0009178366
0.013790212
0.01153528
0.013801543
0.0110933585
0.0023455825
0.0027421785
0.002220938
0.004407882
0.0012351135
0.00078186084
0.0011218003
0.002764841
0.0010651437
0.0012237822
0.0039319666
0.0014617398
0.0004872466
0.0133142965
0.0017790167
0.0073653557
0.0003512708
0.00038526475
0.0015863843
0.018470045
0.0010651437
0.021971423
0.00129177
0.0066854768
0.00031727686
0.0004985779
0.01790348
0.00037393344
0.00030594555
0.0004872466
0.00046458398
0.00094049925
0.00031727686
0.00069121027
0.00040792738
0.0007705295
0.00023795765
0.00038526475
0.00058922847
0.0004872466
0.0003512708
0.00038526475
0.00066854764
0.001790348
0.00032860818
0.00078186084
0.00086118
0.0007591982
0.0003399395
0.0004192587
0.0005778971
0.00022662633
0.00032860818
0.0004759153
0.00043059
0.00030594555
0.00032860818
0.00030594555
0.0008838427
0.00031727686
0.0002606203
0.00046458398
0.00065721635
0.0007591982
0.0022322694
0.0012011195
0.001144463
0.0012124509
0.0007025416
0.0007591982
0.0010311498
0.0004985779
0.00084984873
0.0015977157
0.006617489
0.0023002573
0.002107625
0.004226581
0.0036033585
0.00032860818
0.002288926
0.0046798335
0.002073631
0.0005439032
0.001110469
0.00090650533
0.0013937519
0.000645885
0.0007591982
0.00072520424
0.003082118
0.0015183964
0.0011671255
0.00129177
0.0013710893
0.000895174
0.0009744932
0.0010084872
0.0029461423
0.001076475
0.0016996975
0.0019149925
0.0017676854
0.0013144327
0.00081585476
0.00090650533
0.0063115433
0.0008385174
0.0014277459
0.0009744932
0.001790348
0.0021642814
0.00074786687
0.0008271861
0.00722938
0.0030367929
0.0017450227
0.0058922847
0.004260575
0.00071387296
0.0011331317
0.000895174
0.0032747504
0.0009518306
0.0010538124
0.0013824205
0.0025948714
0.00084984873
0.0016770348
0.0031727685
0.0061755674
0.0016996975
0.0016883662
0.0016203782
0.005756309
0.0017450227
0.00232292
0.020441694
0.0
0.0
0.0
0.0
0.0
0.0
0.0
0.0
0.0
0.0
0.0
0.0
0.0
0.0
0.0
0.0
0.0
0.0
0.0
0.0
0.0
0.0
0.0
0.0
0.0
0.0
0.0
0.0
0.0
0.0
0.0
0.0
0.0
0.0
0.0
0.0
0.0
0.0
0.0
0.0
0.0
0.0
0.0
0.0
0.0
0.0
0.0
0.0
0.010523897
0.00025850185
1.1488971e-05
4.5955883e-05
0.00041360295
0.00022403493
5.7444853e-05
1.7233457e-05
5.7444854e-06
5.7444854e-06
0.0
0.00013786765
0.0
1.1488971e-05
5.170037e-05
0.0
0.01009306
4.02114e-05
9.765625e-05
4.5955883e-05
0.00022977941
0.00017807905
0.00048828125
0.00015510111
5.170037e-05
6.893383e-05
1.7233457e-05
4.02114e-05
9.191177e-05
3.4466913e-05
3.4466913e-05
9.765625e-05
0.008030791
0.0
0.0
0.0004308364
0.00033892464
0.00012063419
0.035724953
0.014177389
0.0
0.0
0.0
0.0
0.0
0.0
0.0
0.0
0.025045956
5.7444854e-06
0.0005170037
0.001338465
0.0017693015
0.0013786765
0.033857998
0.01819853
1.1488971e-05
1.7233457e-05
5.7444854e-06
5.7444854e-06
0.00018382353
5.7444854e-06
5.7444854e-06
5.7444854e-06
0.0060317097
0.0
0.0
0.0043830425
0.00017233456
8.04228e-05
0.01689453
0.007732077
0.0
0.0
0.0
0.0
0.0
0.0
0.0
0.0
0.02572955
0.00060891546
0.000580193
0.0020622702
0.013390395
0.0071461396
0.003113511
0.0012982537
0.0004308364
0.00031020222
0.00025850185
0.0004308364
0.0010512408
0.0016888786
0.00032743567
0.0003963695
0.021467142
0.0018037683
0.0006433824
0.0039005056
0.00965648
0.002320772
0.017549403
0.007990579
0.00048828125
0.00045381434
0.00040211398
0.00043658089
0.0013097427
0.0009248621
0.00040211398
0.00083869486
0.011167279
0.0007467831
0.0006606158
0.000591682
0.0067899814
0.0006433824
0.004038373
0.0019129136
0.0005629596
0.00048253677
0.00048828125
0.00048253677
0.0004653033
0.0004653033
0.0034064797
0.002389706
0.03620749
0.0020163143
0.002590763
0.0029067094
0.018836167
0.0023724723
0.007094439
0.0047162226
0.0028147977
0.0016544118
0.0013959099
0.0017290901
0.0018554687
0.007732077
0.005824908
0.0061351103
0.007525276
0.00055721507
0.0008559283
0.00096507353
0.002142693
0.0010167739
0.0010742188
0.0007755055
0.0025160846
0.00052274816
0.00034466913
0.00049402576
0.0007008272
0.00018956802
0.0022518383
0.0015969669
0.05136144
0.009788603
0.0041130516
0.00541705
0.020720359
0.016871553
0.005847886
0.008352482
0.035701975
0.007680377
0.0017693015
0.0038660385
0.01272978
0.005491728
0.013689108
0.020128677
0.058748852
0.011816407
0.0078642005
0.0069738054
0.024080882
0.020944394
0.00881204
0.011420037
0.038068704
0.013126149
0.003170956
0.0060776654
0.015337775
0.0065085017
0.013551241
0.024086626
0.0013154871
0.0012178309
0.0012408089
0.0012867647
0.0005457261
0.00056870404
0.00048828125
0.00052274816
0.00063763786
0.00057444855
0.0006261489
0.00052274816
0.00053423713
0.000591682
0.0005284927
0.0005629596
2321.0
7.0809994
16435.0
0.00444174
0.00018253727
0.00012169151
0.00024338302
0.00030422877
0.0031031335
0.00030422877
0.00018253727
0.00048676605
0.00024338302
0.00024338302
0.0005476118
0.0
0.0010952236
0.0037724369
0.0004259203
0.0070581078
0.007179799
0.007849103
0.0046242774
0.0027989047
0.0028597505
0.0025555217
0.0026772132
0.002251293
0.0026772132
0.004198357
0.00030422877
6.0845756e-05
6.0845756e-05
0.00030422877
0.00018253727
0.00012169151
0.012169152
0.0023729845
0.008761789
0.00444174
0.011317311
0.004685123
0.0034073624
0.0026772132
0.006753879
0.0009735321
0.0013386066
0.004745969
0.0052935807
0.010222087
0.007423182
0.008518406
0.00036507455
0.008275023
0.011195619
0.011013082
0.004502586
0.0059020384
0.0048068147
0.0012777608
0.0012777608
0.0006693033
0.00024338302
0.0009735321
0.00018253727
0.00012169151
0.00024338302
0.00018253727
0.07064192
0.02093094
0.029449346
0.02896258
0.094675995
0.010708853
0.018862184
0.023486461
0.052874964
0.0043808944
0.012290843
0.038880438
0.025190143
0.05378765
0.050380286
0.019288104
0.0023729845
0.06498327
0.050988745
0.046851233
0.02251293
0.00845756
0.00918771
0.0061454214
0.019288104
0.0031031335
0.00018253727
0.00024338302
6.0845756e-05
0.00018253727
0.0008518406
5.2300243
2.0
0.0
0.0
1.0
88251.0
176128.0
0.0
0.0
95.0
0.0
0.0
0.0
0.0
0.0
1141321900.0
0.0
0.0
0.0
0.0
0.0
1.0
0.0
0.0
0.0
0.0
0.0
0.0
-1.0
0.0
-1.0
-1.0
0.0
0.0
0.0
0.0
0.0
0.0
0.0
0.0
0.0
0.0
0.0
0.0
-1.0
0.0
0.0
0.0
0.0
0.0
0.0
0.0
0.0
0.0
0.0
0.0
0.0
-1.0
0.0
0.0
0.0
0.0
0.0
0.0
0.0
0.0
0.0
0.0
2.0
50.0
4.0
0.0
4.0
0.0
42496.0
512.0
4096.0
3.0
0.0
0.0
2.0
2.0
0.0
0.0
0.0
0.0
0.0
0.0
0.0
0.0
0.0
0.0
0.0
0.0
0.0
0.0
26112.0
0.0
0.0
0.0
0.0
0.0
0.0
0.0
0.0
0.0
0.0
0.0
0.0
0.0
0.0
0.0
0.0
0.0
-94720.0
0.0
0.0
0.0
0.0
0.0
0.0
0.0
0.0
-42496.0
0.0
0.0
0.0
0.0
0.0
0.0
0.0
0.0
0.0
0.0
0.0
0.0
0.0
0.0
0.0
0.0
0.0
0.0
0.0
0.0
0.0
0.0
5.2029037
0.0
0.0
0.0
0.0
0.0
0.0
0.0
0.0
0.0
0.0
0.0
0.0
0.0
0.0
0.0
0.0
0.0
-5.500947
0.0
0.0
0.0
0.0
0.0
0.0
0.0
0.0
-6.4578476
0.0
0.0
0.0
0.0
0.0
0.0
0.0
0.0
0.0
0.0
0.0
0.0
0.0
0.0
0.0
0.0
0.0
0.0
0.0
0.0
0.0
0.0
25860.0
0.0
0.0
0.0
0.0
0.0
0.0
0.0
0.0
0.0
0.0
0.0
0.0
0.0
0.0
0.0
0.0
0.0
-98304.0
0.0
0.0
0.0
0.0
0.0
0.0
0.0
0.0
-42342.0
0.0
0.0
0.0
0.0
0.0
0.0
0.0
0.0
0.0
0.0
0.0
-1.0
0.0
0.0
0.0
0.0
0.0
1.0
0.0
0.0
0.0
0.0
0.0
0.0
0.0
0.0
0.0
0.0
0.0
0.0
0.0
0.0
0.0
0.0
0.0
0.0
0.0
0.0
0.0
0.0
0.0
0.0
0.0
0.0
0.0
0.0
0.0
-2.0
0.0
0.0
0.0
1.0
0.0
0.0
0.0
0.0
0.0
0.0
1.0
0.0
0.0
0.0
0.0
0.0
0.0
0.0
0.0
0.0
0.0
0.0
0.0
-1.0
0.0
0.0
0.0
0.0
0.0
0.0
0.0
0.0
0.0
1.0
0.0
0.0
0.0
0.0
1.0
0.0
0.0
0.0
0.0
0.0
0.0
0.0
0.0
1.0
0.0
0.0
0.0
0.0
0.0
0.0
0.0
0.0
0.0
0.0
0.0
0.0
0.0
0.0
0.0
0.0
0.0
0.0
0.0
0.0
0.0
0.0
0.0
0.0
0.0
0.0
0.0
0.0
0.0
0.0
0.0
0.0
0.0
0.0
0.0
0.0
0.0
0.0
0.0
0.0
0.0
0.0
-1.0
0.0
0.0
0.0
0.0
0.0
0.0
0.0
0.0
0.0
0.0
0.0
0.0
0.0
0.0
0.0
0.0
0.0
0.0
0.0
0.0
-1.0
0.0
0.0
0.0
0.0
0.0
0.0
0.0
0.0
0.0
0.0
0.0
0.0
0.0
0.0
0.0
0.0
0.0
0.0
0.0
0.0
0.0
0.0
0.0
0.0
0.0
0.0
0.0
0.0
0.0
0.0
0.0
0.0
0.0
0.0
0.0
0.0
0.0
0.0
0.0
0.0
0.0
0.0
0.0
0.0
0.0
0.0
0.0
0.0
-1.0
0.0
0.0
0.0
0.0
0.0
0.0
0.0
0.0
0.0
0.0
0.0
0.0
0.0
0.0
0.0
0.0
1.0
0.0
0.0
0.0
0.0
0.0
0.0
0.0
0.0
0.0
0.0
0.0
0.0
0.0
0.0
0.0
0.0
0.0
0.0
0.0
0.0
0.0
0.0
0.0
0.0
0.0
0.0
0.0
0.0
0.0
0.0
0.0
0.0
0.0
0.0
0.0
0.0
0.0
0.0
0.0
0.0
0.0
0.0
0.0
0.0
0.0
0.0
0.0
0.0
0.0
0.0
0.0
0.0
0.0
0.0
0.0
0.0
0.0
0.0
0.0
0.0
0.0
0.0
0.0
0.0
0.0
0.0
0.0
0.0
0.0
0.0
0.0
0.0
0.0
0.0
0.0
0.0
0.0
0.0
0.0
0.0
0.0
0.0
0.0
0.0
0.0
0.0
0.0
0.0
0.0
0.0
0.0
0.0
0.0
0.0
0.0
0.0
0.0
0.0
0.0
0.0
1.0
0.0
0.0
0.0
0.0
0.0
0.0
0.0
0.0
0.0
0.0
0.0
0.0
-1.0
0.0
0.0
0.0
0.0
0.0
0.0
0.0
0.0
0.0
0.0
0.0
0.0
0.0
0.0
0.0
0.0
0.0
0.0
0.0
0.0
0.0
0.0
0.0
0.0
1.0
-1.0
0.0
0.0
0.0
0.0
0.0
0.0
0.0
0.0
0.0
0.0
0.0
0.0
0.0
0.0
0.0
0.0
0.0
0.0
0.0
0.0
0.0
0.0
0.0
0.0
0.0
0.0
0.0
0.0
0.0
0.0
0.0
0.0
0.0
0.0
0.0
0.0
0.0
0.0
0.0
0.0
0.0
0.0
0.0
0.0
0.0
0.0
0.0
0.0
0.0
0.0
0.0
0.0
0.0
-1.0
0.0
0.0
0.0
0.0
0.0
0.0
0.0
0.0
0.0
0.0
0.0
0.0
0.0
0.0
0.0
0.0
0.0
0.0
0.0
0.0
0.0
0.0
0.0
0.0
-1.0
0.0
0.0
0.0
1.0
0.0
0.0
0.0
0.0
0.0
0.0
0.0
0.0
0.0
0.0
0.0
0.0
0.0
0.0
0.0
0.0
0.0
0.0
1.0
0.0
0.0
1.0
0.0
0.0
0.0
0.0
1.0
0.0
0.0
0.0
0.0
0.0
0.0
0.0
0.0
0.0
0.0
0.0
0.0
0.0
0.0
0.0
0.0
1.0
0.0
0.0
0.0
0.0
0.0
0.0
0.0
0.0
0.0
0.0
0.0
0.0
0.0
0.0
0.0
0.0
0.0
0.0
0.0
0.0
0.0
0.0
0.0
0.0
0.0
0.0
0.0
0.0
0.0
0.0
0.0
0.0
0.0
1.0
0.0
0.0
0.0
0.0
1.0
0.0
-1.0
0.0
0.0
-1.0
0.0
0.0
0.0
0.0
0.0
0.0
0.0
0.0
-1.0
0.0
0.0
0.0
0.0
0.0
0.0
0.0
0.0
0.0
0.0
1.0
0.0
0.0
0.0
0.0
0.0
0.0
0.0
0.0
0.0
0.0
0.0
0.0
0.0
0.0
0.0
0.0
0.0
0.0
0.0
0.0
0.0
0.0
0.0
0.0
0.0
0.0
0.0
0.0
-1.0
0.0
0.0
0.0
0.0
0.0
0.0
0.0
0.0
0.0
0.0
0.0
0.0
0.0
0.0
0.0
-1.0
0.0
0.0
0.0
0.0
0.0
0.0
0.0
0.0
0.0
0.0
0.0
1.0
0.0
0.0
1.0
0.0
0.0
1.0
0.0
0.0
0.0
0.0
0.0
0.0
0.0
0.0
0.0
0.0
0.0
1.0
-1.0
0.0
0.0
0.0
0.0
0.0
0.0
0.0
0.0
0.0
0.0
0.0
-1.0
0.0
0.0
-1.0
0.0
0.0
0.0
-1.0
-1.0
0.0
0.0
0.0
0.0
0.0
0.0
0.0
0.0
0.0
0.0
0.0
0.0
0.0
0.0
0.0
0.0
0.0
0.0
0.0
1.0
0.0
0.0
0.0
0.0
0.0
0.0
1.0
0.0
0.0
0.0
0.0
0.0
0.0
0.0
0.0
0.0
0.0
1.0
0.0
0.0
0.0
0.0
0.0
0.0
0.0
0.0
0.0
0.0
0.0
0.0
0.0
0.0
0.0
0.0
0.0
1.0
0.0
-1.0
0.0
0.0
0.0
0.0
0.0
0.0
0.0
0.0
0.0
0.0
0.0
0.0
0.0
0.0
0.0
0.0
0.0
0.0
0.0
0.0
0.0
0.0
0.0
-1.0
0.0
0.0
0.0
0.0
0.0
0.0
0.0
0.0
0.0
0.0
0.0
0.0
0.0
0.0
0.0
0.0
0.0
0.0
0.0
0.0
0.0
0.0
0.0
0.0
0.0
0.0
0.0
0.0
0.0
0.0
0.0
-1.0
0.0
0.0
0.0
0.0
0.0
0.0
0.0
0.0
0.0
0.0
0.0
0.0
1.0
0.0
0.0
0.0
0.0
-1.0
0.0
0.0
0.0
0.0
0.0
0.0
0.0
0.0
0.0
0.0
0.0
0.0
0.0
0.0
0.0
0.0
0.0
0.0
0.0
0.0
0.0
0.0
0.0
0.0
0.0
0.0
0.0
0.0
0.0
0.0
2.0
0.0
0.0
0.0
0.0
0.0
0.0
0.0
1.0
0.0
0.0
1.0
0.0
0.0
0.0
0.0
0.0
0.0
0.0
0.0
0.0
0.0
0.0
0.0
0.0
0.0
0.0
0.0
0.0
0.0
0.0
0.0
0.0
0.0
1.0
0.0
0.0
0.0
0.0
-2.0
1.0
0.0
-1.0
0.0
0.0
0.0
-1.0
0.0
0.0
0.0
0.0
0.0
0.0
0.0
0.0
0.0
0.0
0.0
-1.0
0.0
0.0
0.0
0.0
0.0
0.0
0.0
0.0
0.0
0.0
0.0
0.0
0.0
1.0
0.0
1.0
0.0
0.0
0.0
0.0
0.0
0.0
0.0
0.0
0.0
0.0
0.0
0.0
0.0
0.0
0.0
0.0
0.0
0.0
0.0
0.0
0.0
0.0
0.0
0.0
0.0
-1.0
0.0
0.0
0.0
0.0
0.0
0.0
0.0
0.0
0.0
0.0
0.0
0.0
0.0
0.0
0.0
0.0
0.0
0.0
0.0
0.0
0.0
0.0
0.0
0.0
0.0
0.0
0.0
0.0
0.0
-1.0
0.0
1.0
0.0
0.0
0.0
0.0
0.0
-1.0
0.0
0.0
0.0
0.0
0.0
0.0
1.0
0.0
0.0
0.0
-1.0
0.0
0.0
0.0
0.0
0.0
0.0
0.0
0.0
0.0
1.0
0.0
-1.0
0.0
0.0
0.0
0.0
0.0
0.0
0.0
0.0
0.0
0.0
0.0
0.0
0.0
0.0
0.0
0.0
0.0
0.0
0.0
0.0
0.0
0.0
0.0
0.0
0.0
0.0
1.0
0.0
0.0
0.0
0.0
0.0
0.0
0.0
0.0
0.0
0.0
0.0
0.0
0.0
0.0
-1.0
0.0
0.0
0.0
0.0
0.0
0.0
0.0
0.0
0.0
0.0
0.0
0.0
0.0
0.0
1.0
0.0
0.0
0.0
0.0
0.0
0.0
0.0
0.0
0.0
0.0
0.0
0.0
0.0
0.0
0.0
0.0
0.0
0.0
0.0
0.0
0.0
0.0
0.0
0.0
0.0
0.0
0.0
0.0
0.0
0.0
0.0
0.0
1.0
0.0
-1.0
0.0
0.0
0.0
0.0
0.0
0.0
0.0
0.0
0.0
0.0
0.0
0.0
0.0
-1.0
0.0
0.0
0.0
0.0
0.0
0.0
0.0
0.0
0.0
0.0
0.0
0.0
0.0
0.0
0.0
0.0
0.0
0.0
0.0
0.0
0.0
0.0
0.0
1.0
0.0
0.0
1.0
0.0
0.0
0.0
1.0
0.0
0.0
0.0
0.0
0.0
0.0
0.0
0.0
0.0
0.0
0.0
0.0
0.0
0.0
0.0
0.0
0.0
0.0
-1.0
0.0
0.0
0.0
0.0
0.0
1.0
0.0
0.0
0.0
0.0
0.0
0.0
0.0
0.0
0.0
0.0
-1.0
1.0
0.0
0.0
0.0
0.0
0.0
0.0
0.0
0.0
-1.0
0.0
0.0
0.0
0.0
0.0
0.0
0.0
0.0
0.0
0.0
0.0
-1.0
0.0
0.0
1.0
0.0
0.0
0.0
0.0
0.0
0.0
0.0
-1.0
0.0
0.0
0.0
0.0
0.0
0.0
0.0
0.0
1.0
0.0
-1.0
0.0
0.0
0.0
0.0
0.0
0.0
0.0
0.0
0.0
0.0
0.0
0.0
0.0
0.0
0.0
0.0
0.0
1.0
1.0
0.0
0.0
0.0
0.0
0.0
0.0
1.0
0.0
0.0
0.0
0.0
0.0
0.0
0.0
0.0
0.0
0.0
0.0
0.0
0.0
0.0
0.0
0.0
0.0
0.0
-1.0
0.0
0.0
0.0
0.0
0.0
0.0
1.0
0.0
0.0
0.0
0.0
0.0
0.0
0.0
0.0
0.0
0.0
0.0
0.0
1.0
0.0
0.0
0.0
0.0
0.0
0.0
0.0
1.0
1.0
0.0
0.0
0.0
0.0
0.0
-1.0
0.0
0.0
0.0
0.0
0.0
0.0
0.0
0.0
-1.0
0.0
0.0
0.0
0.0
0.0
0.0
0.0
0.0
0.0
0.0
0.0
0.0
0.0
0.0
-1.0
0.0
0.0
0.0
0.0
0.0
0.0
0.0
0.0
0.0
-1.0
0.0
0.0
0.0
0.0
0.0
0.0
0.0
0.0
0.0
0.0
0.0
0.0
0.0
0.0
0.0
0.0
-2.0
0.0
0.0
0.0
0.0
0.0
0.0
0.0
0.0
0.0
0.0
0.0
0.0
0.0
0.0
0.0
0.0
0.0
0.0
0.0
0.0
0.0
0.0
0.0
0.0
-1.0
0.0
0.0
0.0
0.0
0.0
0.0
0.0
0.0
0.0
0.0
0.0
0.0
0.0
0.0
0.0
1.0
-1.0
0.0
0.0
0.0
0.0
0.0
0.0
0.0
0.0
0.0
0.0
0.0
0.0
0.0
0.0
0.0
0.0
0.0
1.0
0.0
0.0
0.0
0.0
0.0
0.0
0.0
0.0
0.0
0.0
0.0
0.0
0.0
0.0
0.0
0.0
0.0
0.0
0.0
0.0
0.0
0.0
0.0
0.0
0.0
0.0
0.0
0.0
0.0
0.0
0.0
0.0
0.0
0.0
0.0
0.0
0.0
0.0
0.0
0.0
0.0
0.0
0.0
0.0
0.0
0.0
0.0
0.0
0.0
0.0
0.0
0.0
0.0
0.0
0.0
0.0
0.0
0.0
0.0
0.0
0.0
0.0
0.0
0.0
0.0
0.0
0.0
0.0
0.0
0.0
0.0
0.0
0.0
0.0
0.0
0.0
0.0
0.0
0.0
0.0
0.0
0.0
0.0
0.0
0.0
0.0
0.0
0.0
0.0
0.0
0.0
0.0
0.0
0.0
0.0
0.0
0.0
0.0
0.0
0.0
0.0
0.0
0.0
0.0
0.0
0.0
0.0
0.0
0.0
0.0
0.0
0.0
0.0
0.0
0.0
0.0
0.0
0.0
0.0
0.0
0.0
0.0
0.0
0.0
0.0
0.0
0.0
0.0
0.0
0.0
0.0
0.0
0.0
140.0
91260.0
0.0
0.0
0.0
0.0
0.0
0.0
0.0
0.0
0.0
0.0
0.0
0.0
0.0
0.0
0.0
0.0
0.0
0.0
0.0
0.0
404.0
91804.0
0.0
0.0
0.0
0.0
