0.003664752
0.00046040028
2.2741113e-05
1.3730484e-05
1.44456135e-05
1.7020078e-05
1.802126e-05
1.5017717e-05
1.6877053e-05
1.44456135e-05
2.1596907e-05
1.38735095e-05
0.00029720776
1.7735209e-05
1.44456135e-05
1.2729302e-05
2.3599268e-05
1.4731665e-05
1.6161923e-05
1.4588639e-05
1.0154837e-05
1.4302587e-05
1.1585095e-05
1.5303769e-05
9.725759e-06
1.3301406e-05
1.7878234e-05
1.6161923e-05
1.1299044e-05
1.6734028e-05
1.7878234e-05
1.5017717e-05
6.57919e-05
1.3587458e-05
1.1299044e-05
1.6877053e-05
1.5017717e-05
1.3301406e-05
1.8307312e-05
1.6877053e-05
1.7735209e-05
1.4159561e-05
1.4588639e-05
1.4302587e-05
1.6018897e-05
1.3301406e-05
2.9606355e-05
1.7020078e-05
2.4743476e-05
1.7878234e-05
1.9451518e-05
0.0005274794
1.6447975e-05
1.3015355e-05
1.9022442e-05
2.0023623e-05
2.388532e-05
1.3301406e-05
1.3444432e-05
1.3015355e-05
1.5160743e-05
1.3444432e-05
1.6018897e-05
1.9308492e-05
2.4886502e-05
2.1024804e-05
1.5875872e-05
2.2598088e-05
2.603071e-05
2.7317941e-05
2.1167829e-05
2.4171373e-05
1.6734028e-05
1.8593364e-05
1.6161923e-05
1.4159561e-05
2.0881778e-05
2.04527e-05
1.8879415e-05
2.0023623e-05
0.0005267643
1.17281215e-05
2.2455062e-05
2.3456243e-05
2.3742296e-05
0.00013201288
1.7163105e-05
2.3456243e-05
1.3015355e-05
1.5017717e-05
1.5303769e-05
2.1024804e-05
1.5875872e-05
9.153656e-06
1.9165467e-05
1.6591e-05
1.487469e-05
4.9486953e-05
1.8164286e-05
3.1036616e-05
2.7460968e-05
7.866423e-05
2.2455062e-05
2.2025984e-05
2.0738751e-05
4.777064e-05
1.5017717e-05
1.9594545e-05
4.190658e-05
2.3456243e-05
4.4481047e-05
5.30626e-05
2.6602813e-05
1.144207e-05
4.848577e-05
3.8616985e-05
4.505315e-05
2.5172554e-05
1.973757e-05
2.4886502e-05
2.5601632e-05
1.7163105e-05
1.6447975e-05
1.9880596e-05
8.152475e-06
1.6018897e-05
1.4588639e-05
1.6877053e-05
2.188296e-05
1.3301406e-05
1.802126e-05
1.3015355e-05
1.6447975e-05
1.2872329e-05
9.725759e-06
1.2300225e-05
1.6877053e-05
1.4588639e-05
1.0583914e-05
7.723397e-06
9.582734e-06
1.558982e-05
8.867604e-06
1.7020078e-05
0.99005467
2.0881778e-05
1.38735095e-05
1.3444432e-05
1.2586277e-05
1.1156018e-05
1.38735095e-05
1.3730484e-05
2.04527e-05
1.5017717e-05
1.4016536e-05
9.725759e-06
1.7449156e-05
1.38735095e-05
1.2157199e-05
1.1012992e-05
1.558982e-05
1.630495e-05
1.0440889e-05
1.0869966e-05
1.873639e-05
1.144207e-05
9.868785e-06
1.4588639e-05
1.6447975e-05
1.3301406e-05
1.1299044e-05
1.9594545e-05
1.730613e-05
1.44456135e-05
1.0726941e-05
1.7449156e-05
1.8879415e-05
1.315838e-05
1.2300225e-05
1.8164286e-05
1.7163105e-05
1.2300225e-05
1.1156018e-05
1.8879415e-05
1.630495e-05
1.6018897e-05
1.7020078e-05
1.3301406e-05
1.630495e-05
1.44456135e-05
1.4159561e-05
1.6877053e-05
2.04527e-05
1.4016536e-05
1.44456135e-05
1.4588639e-05
1.730613e-05
1.2586277e-05
1.4159561e-05
1.8593364e-05
1.630495e-05
1.5446794e-05
1.315838e-05
1.5017717e-05
1.7449156e-05
1.5160743e-05
1.5875872e-05
1.5732847e-05
1.38735095e-05
1.4159561e-05
1.5875872e-05
1.3301406e-05
1.4731665e-05
1.2872329e-05
1.3301406e-05
1.0726941e-05
1.9165467e-05
1.973757e-05
1.3301406e-05
1.5303769e-05
1.873639e-05
1.5303769e-05
9.582734e-06
1.3015355e-05
1.7592183e-05
1.4731665e-05
1.315838e-05
9.439707e-06
1.5446794e-05
1.7592183e-05
1.2872329e-05
1.1156018e-05
1.3587458e-05
1.4302587e-05
1.3587458e-05
1.4159561e-05
1.6161923e-05
1.2729302e-05
1.487469e-05
1.144207e-05
1.9022442e-05
1.3015355e-05
1.1585095e-05
1.0154837e-05
1.558982e-05
1.17281215e-05
1.315838e-05
1.2300225e-05
1.3444432e-05
1.6734028e-05
1.1299044e-05
9.725759e-06
1.4159561e-05
1.144207e-05
1.1299044e-05
3.1322666e-05
0.0020509816
0.0
0.0
0.00029299737
0.0
0.00029299737
0.0
0.0
0.0
0.9900381
0.0
0.0
0.0
0.0
0.0
0.0
0.00013648413
0.0
5.0072794e-07
5.722605e-07
8.583907e-07
5.0072794e-07
5.2934092e-06
2.2175093e-06
0.0
0.0
0.0
7.153256e-08
0.0
0.0
0.0
0.0
0.0
0.0
0.0
0.0
0.0
0.0
0.0
0.0
0.0
0.0
0.0
0.0
0.0
0.0
0.0
0.0
0.00021853198
3.4335628e-06
3.0759e-06
0.000101290105
1.2160535e-06
0.000104008344
7.153256e-07
4.2919535e-07
2.5751722e-06
3.576628e-07
1.3591186e-06
2.1459768e-07
2.8613024e-07
7.8685815e-07
3.576628e-07
8.583907e-07
0.00046617768
1.7167814e-06
2.0029117e-06
7.367854e-05
6.0802677e-06
7.818509e-05
1.6380956e-05
8.440842e-06
4.2919535e-07
7.346394e-05
3.576628e-07
6.4379304e-07
7.8685815e-07
3.576628e-07
1.0014559e-06
2.7897697e-06
0.0
0.0
0.0
0.0
0.0
0.0
0.0
0.0
0.0
0.0
0.0
0.0
0.0
0.0
0.0
0.0
0.00030809073
1.4306512e-06
1.52364355e-05
7.5109187e-06
2.0601377e-05
1.0729884e-05
4.5852372e-05
2.095904e-05
2.7182373e-06
4.2919535e-07
2.1459768e-07
8.583907e-07
9.2992326e-07
2.1459768e-07
8.583907e-07
2.8613024e-06
0.00046560544
5.8656697e-06
3.2118118e-05
1.7167815e-05
1.8312336e-05
1.1159079e-05
9.3707655e-05
5.3506355e-05
1.1302144e-05
1.788314e-06
2.1459769e-06
2.9328348e-06
2.3605744e-06
1.6452489e-06
1.4306512e-06
1.144521e-05
0.0
0.0
0.0
0.0
0.0
0.0
0.0
0.0
0.0
0.0
0.0
0.0
0.0
0.0
0.0
0.0
0.0005735481
1.5451033e-05
3.5694746e-05
3.0329806e-05
5.450781e-05
0.00015265048
0.000110160145
7.189022e-05
2.0029116e-05
1.3519653e-05
1.0014558e-05
1.9456857e-05
1.4878772e-05
1.2160535e-05
1.4091915e-05
2.3605744e-05
4.4636316e-05
1.0729884e-06
8.583907e-06
5.1503444e-06
8.297777e-06
4.721149e-06
3.9629038e-05
2.7897699e-05
5.722605e-07
1.3591186e-06
5.722605e-07
7.153256e-07
2.8613024e-07
7.153256e-07
5.722605e-07
1.7167814e-06
0.00012747102
7.797049e-06
8.154711e-06
3.605241e-05
9.299232e-06
3.6982332e-05
6.0802677e-06
6.7240608e-06
6.652528e-06
7.3678534e-06
4.0773557e-06
7.653984e-06
7.868582e-06
7.296321e-06
7.797049e-06
5.722605e-06
0.0
0.0
0.0
0.0
0.0
0.0
0.0
0.0
0.0
0.0
0.0
0.0
0.0
0.0
0.0
0.0
0.0
0.0
0.0
0.0
0.0
0.0
0.0
0.0
0.0
0.0
0.0
0.0
0.0
0.0
0.0
0.0
0.0
0.0
0.0
0.0
0.0
0.0
0.0
0.0
0.0
0.0
0.0
0.0
0.0
0.0
0.0
0.0
0.00019227952
0.00020007657
0.00020064884
0.00022089254
0.00020801669
0.00021173638
0.00020773055
0.00018083431
0.00017375259
0.00020193642
0.00020944733
0.00021359623
0.0002223232
0.0002095904
0.00019585615
0.00017425332
365.0
34.49863
12592.0
0.02366582
0.0011912326
0.00055590854
0.000317662
0.000317662
0.000952986
0.00055590854
0.001270648
0.0018265565
0.0023824652
0.0003970775
0.000794155
0.0008735705
0.00158831
0.008656289
0.0010324016
0.00317662
0.0015088945
0.002541296
0.2802573
0.0013500635
0.001429479
0.002541296
0.001429479
0.001429479
0.0011118171
0.0011912326
0.0010324016
0.00055590854
0.0003970775
0.0007147395
0.0007147395
0.001429479
0.003653113
0.001905972
0.0035736975
0.0050031766
0.003653113
0.002858958
0.00317662
0.0020648031
0.0016677255
0.001270648
0.000794155
0.0015088945
0.0029383735
0.001429479
0.001905972
0.2812103
0.0007147395
0.003017789
0.0041296063
0.0022236342
0.06623253
0.00158831
0.0037325285
0.000952986
0.000794155
0.000794155
0.0010324016
0.00158831
0.0010324016
0.0011118171
0.0008735705
0.001270648
0.018344982
0.0019853876
0.007703304
0.007147395
0.034545742
0.003335451
0.0045266836
0.005082592
0.017233163
0.0008735705
0.002541296
0.01270648
0.005876747
0.015406608
0.01890089
0.007465057
0.0003970775
0.016518425
0.012468234
0.016359594
0.007782719
0.0027795425
0.003811944
0.007306226
0.0026207115
0.001270648
0.003494282
7.94155e-05
0.0008735705
0.0007147395
0.000952986
3.8985653
1.0
0.0
0.0
1.0
6991742.0
77824.0
0.0
0.0
54.0
0.0
1.0
0.0
0.0
0.0
1083884500.0
0.0
0.0
0.0
0.0
0.0
1.0
0.0
0.0
0.0
0.0
0.0
0.0
-1.0
0.0
-1.0
-1.0
0.0
0.0
0.0
0.0
0.0
0.0
0.0
0.0
0.0
0.0
0.0
0.0
-1.0
0.0
0.0
0.0
0.0
0.0
0.0
0.0
0.0
0.0
0.0
0.0
0.0
-1.0
0.0
0.0
0.0
0.0
0.0
0.0
0.0
0.0
0.0
0.0
6.0
0.0
4.0
0.0
4.0
0.0
24576.0
4096.0
4096.0
10.0
0.0
0.0
3.0
2.0
0.0
0.0
0.0
0.0
0.0
0.0
4096.0
0.0
0.0
0.0
0.0
0.0
-4096.0
4096.0
4096.0
0.0
0.0
0.0
0.0
0.0
0.0
0.0
0.0
4096.0
0.0
0.0
0.0
0.0
0.0
0.0
0.0
0.0
-8192.0
0.0
0.0
0.0
0.0
0.0
0.0
0.0
4096.0
-24576.0
0.0
4096.0
-4096.0
0.0
0.0
0.0
0.0
0.0
0.0
0.0
0.0
0.0
0.0
0.0
0.0
0.0
0.0
0.0
0.0
0.0
0.0
0.0
5.297788
0.0
0.0
0.0
0.0
0.0
0.0
0.0
0.0
0.0
0.0
0.0
0.0
0.0
0.0
0.0
0.0
0.0
-3.429211
0.0
0.0
0.0
0.0
0.0
0.0
0.0
5.486761
-7.9730797
0.0
3.7997313
-5.1765885
0.0
0.0
0.0
0.0
0.0
0.0
0.0
0.0
0.0
0.0
0.0
3492.0
0.0
0.0
0.0
0.0
0.0
-3019.0
3461.0
2476.0
0.0
0.0
0.0
0.0
0.0
0.0
0.0
0.0
2010.0
0.0
0.0
0.0
0.0
0.0
0.0
0.0
0.0
-13432.0
0.0
0.0
0.0
0.0
0.0
0.0
0.0
1024.0
-23376.0
0.0
2392.0
-1024.0
0.0
0.0
0.0
0.0
0.0
0.0
0.0
0.0
-1.0
0.0
0.0
0.0
0.0
0.0
1.0
0.0
0.0
0.0
0.0
0.0
0.0
0.0
0.0
0.0
0.0
0.0
0.0
0.0
0.0
0.0
0.0
0.0
0.0
0.0
0.0
0.0
0.0
0.0
0.0
0.0
0.0
0.0
0.0
0.0
-2.0
0.0
0.0
0.0
1.0
0.0
0.0
0.0
0.0
0.0
0.0
0.0
0.0
0.0
0.0
0.0
0.0
0.0
0.0
0.0
0.0
0.0
0.0
0.0
-1.0
0.0
0.0
0.0
0.0
0.0
0.0
0.0
0.0
0.0
1.0
0.0
0.0
0.0
0.0
0.0
0.0
0.0
0.0
0.0
0.0
0.0
0.0
0.0
1.0
0.0
0.0
0.0
0.0
0.0
0.0
0.0
0.0
0.0
0.0
0.0
0.0
0.0
0.0
0.0
0.0
0.0
0.0
0.0
0.0
0.0
0.0
0.0
0.0
0.0
0.0
0.0
0.0
0.0
0.0
0.0
0.0
0.0
0.0
0.0
0.0
0.0
0.0
0.0
0.0
0.0
0.0
-1.0
0.0
0.0
0.0
0.0
0.0
0.0
0.0
0.0
0.0
0.0
0.0
0.0
0.0
0.0
0.0
0.0
0.0
0.0
0.0
0.0
0.0
0.0
0.0
0.0
0.0
0.0
0.0
0.0
0.0
0.0
0.0
0.0
0.0
0.0
0.0
0.0
0.0
0.0
0.0
0.0
0.0
0.0
0.0
0.0
0.0
0.0
0.0
0.0
0.0
0.0
0.0
0.0
0.0
0.0
0.0
0.0
0.0
0.0
0.0
0.0
0.0
0.0
0.0
0.0
0.0
0.0
0.0
0.0
0.0
-1.0
0.0
0.0
0.0
0.0
0.0
0.0
0.0
0.0
0.0
0.0
0.0
0.0
0.0
0.0
0.0
0.0
1.0
0.0
0.0
0.0
0.0
0.0
0.0
0.0
0.0
0.0
0.0
0.0
0.0
0.0
0.0
0.0
0.0
0.0
0.0
0.0
0.0
0.0
0.0
0.0
0.0
0.0
0.0
0.0
0.0
0.0
0.0
0.0
0.0
0.0
0.0
0.0
0.0
0.0
0.0
0.0
0.0
0.0
0.0
0.0
0.0
0.0
0.0
0.0
0.0
0.0
0.0
0.0
0.0
0.0
0.0
0.0
0.0
0.0
0.0
0.0
0.0
0.0
0.0
0.0
0.0
0.0
0.0
0.0
0.0
0.0
0.0
0.0
0.0
0.0
0.0
0.0
0.0
0.0
0.0
0.0
0.0
0.0
0.0
0.0
0.0
0.0
0.0
0.0
0.0
0.0
0.0
0.0
0.0
0.0
0.0
0.0
0.0
0.0
0.0
0.0
0.0
0.0
0.0
0.0
0.0
0.0
0.0
0.0
0.0
0.0
0.0
0.0
0.0
0.0
0.0
0.0
0.0
0.0
0.0
0.0
0.0
0.0
0.0
0.0
0.0
0.0
0.0
0.0
0.0
0.0
0.0
0.0
0.0
0.0
0.0
0.0
0.0
0.0
0.0
0.0
0.0
0.0
0.0
0.0
0.0
0.0
0.0
0.0
0.0
0.0
0.0
0.0
0.0
0.0
0.0
0.0
0.0
0.0
0.0
0.0
0.0
0.0
0.0
0.0
0.0
0.0
0.0
0.0
0.0
0.0
0.0
0.0
0.0
0.0
0.0
0.0
0.0
0.0
0.0
0.0
0.0
0.0
0.0
0.0
0.0
0.0
-1.0
0.0
0.0
0.0
0.0
0.0
0.0
0.0
0.0
0.0
0.0
0.0
0.0
0.0
0.0
0.0
0.0
0.0
0.0
0.0
0.0
0.0
0.0
0.0
0.0
0.0
0.0
0.0
0.0
0.0
0.0
0.0
0.0
0.0
0.0
0.0
0.0
1.0
0.0
0.0
0.0
0.0
0.0
0.0
0.0
0.0
0.0
0.0
0.0
0.0
0.0
0.0
0.0
0.0
0.0
0.0
0.0
0.0
0.0
1.0
0.0
0.0
0.0
0.0
1.0
0.0
0.0
0.0
0.0
0.0
0.0
0.0
0.0
0.0
0.0
0.0
0.0
0.0
0.0
0.0
0.0
1.0
0.0
0.0
0.0
0.0
0.0
0.0
0.0
0.0
0.0
0.0
0.0
0.0
0.0
0.0
0.0
0.0
0.0
0.0
0.0
0.0
0.0
0.0
0.0
0.0
0.0
0.0
0.0
0.0
0.0
0.0
0.0
0.0
0.0
0.0
0.0
0.0
0.0
0.0
0.0
0.0
0.0
0.0
0.0
0.0
-1.0
0.0
0.0
0.0
0.0
0.0
0.0
0.0
0.0
0.0
0.0
0.0
0.0
0.0
0.0
0.0
0.0
0.0
0.0
0.0
0.0
0.0
0.0
0.0
0.0
0.0
0.0
0.0
0.0
0.0
0.0
0.0
0.0
0.0
0.0
0.0
0.0
0.0
0.0
0.0
0.0
0.0
0.0
0.0
0.0
0.0
0.0
0.0
-1.0
0.0
0.0
0.0
0.0
0.0
0.0
0.0
0.0
0.0
0.0
0.0
0.0
0.0
0.0
0.0
0.0
0.0
0.0
0.0
0.0
0.0
0.0
0.0
0.0
0.0
0.0
0.0
0.0
0.0
0.0
1.0
0.0
0.0
0.0
0.0
0.0
0.0
0.0
0.0
0.0
0.0
0.0
0.0
0.0
0.0
0.0
0.0
0.0
0.0
0.0
0.0
0.0
0.0
0.0
0.0
0.0
0.0
0.0
-1.0
0.0
0.0
0.0
0.0
0.0
0.0
0.0
0.0
0.0
0.0
0.0
0.0
0.0
0.0
0.0
0.0
0.0
0.0
0.0
0.0
0.0
0.0
0.0
0.0
0.0
0.0
0.0
0.0
0.0
0.0
0.0
0.0
0.0
0.0
0.0
0.0
0.0
0.0
0.0
0.0
0.0
0.0
-1.0
0.0
0.0
1.0
0.0
0.0
0.0
0.0
0.0
0.0
0.0
0.0
0.0
0.0
0.0
0.0
0.0
0.0
0.0
0.0
0.0
0.0
0.0
0.0
0.0
0.0
0.0
0.0
0.0
0.0
0.0
0.0
0.0
0.0
0.0
0.0
0.0
0.0
0.0
0.0
0.0
0.0
0.0
0.0
0.0
0.0
0.0
-1.0
0.0
0.0
0.0
-1.0
0.0
0.0
0.0
0.0
0.0
0.0
0.0
0.0
0.0
0.0
0.0
0.0
0.0
0.0
0.0
0.0
0.0
0.0
0.0
0.0
0.0
0.0
0.0
0.0
0.0
0.0
0.0
0.0
0.0
0.0
0.0
0.0
0.0
0.0
1.0
0.0
0.0
0.0
0.0
0.0
0.0
0.0
0.0
0.0
0.0
-1.0
0.0
0.0
0.0
0.0
0.0
0.0
0.0
0.0
0.0
0.0
0.0
0.0
0.0
0.0
0.0
0.0
0.0
0.0
0.0
0.0
0.0
0.0
0.0
0.0
0.0
0.0
0.0
0.0
0.0
0.0
1.0
0.0
0.0
0.0
0.0
0.0
0.0
0.0
0.0
0.0
0.0
0.0
0.0
0.0
0.0
0.0
0.0
0.0
0.0
0.0
0.0
0.0
0.0
0.0
0.0
0.0
0.0
0.0
0.0
0.0
0.0
0.0
0.0
0.0
0.0
0.0
0.0
0.0
0.0
-1.0
0.0
0.0
0.0
0.0
0.0
0.0
0.0
0.0
0.0
0.0
0.0
0.0
0.0
0.0
0.0
0.0
0.0
0.0
-1.0
0.0
0.0
0.0
0.0
0.0
0.0
0.0
0.0
0.0
0.0
0.0
0.0
0.0
0.0
0.0
0.0
0.0
0.0
0.0
0.0
0.0
0.0
0.0
0.0
0.0
0.0
0.0
0.0
0.0
0.0
0.0
0.0
0.0
0.0
0.0
0.0
0.0
0.0
0.0
0.0
0.0
0.0
0.0
0.0
0.0
0.0
0.0
0.0
0.0
0.0
0.0
0.0
0.0
0.0
0.0
0.0
0.0
0.0
0.0
0.0
0.0
0.0
0.0
0.0
0.0
0.0
0.0
0.0
1.0
0.0
0.0
-2.0
0.0
0.0
0.0
0.0
0.0
0.0
0.0
0.0
0.0
0.0
0.0
0.0
0.0
0.0
1.0
0.0
0.0
0.0
-1.0
0.0
0.0
0.0
0.0
0.0
0.0
0.0
0.0
0.0
0.0
0.0
-1.0
0.0
0.0
0.0
0.0
0.0
0.0
1.0
0.0
0.0
0.0
0.0
0.0
0.0
0.0
0.0
0.0
0.0
0.0
0.0
0.0
0.0
0.0
0.0
0.0
1.0
0.0
1.0
0.0
0.0
0.0
0.0
0.0
1.0
0.0
0.0
0.0
0.0
0.0
0.0
0.0
0.0
-1.0
0.0
0.0
0.0
0.0
0.0
0.0
0.0
0.0
0.0
0.0
0.0
0.0
0.0
0.0
1.0
0.0
0.0
0.0
0.0
0.0
0.0
0.0
0.0
0.0
0.0
0.0
0.0
0.0
0.0
0.0
0.0
0.0
0.0
0.0
0.0
0.0
0.0
0.0
0.0
0.0
0.0
0.0
0.0
0.0
0.0
0.0
0.0
0.0
0.0
0.0
0.0
0.0
0.0
0.0
0.0
0.0
0.0
0.0
0.0
0.0
0.0
0.0
0.0
-1.0
0.0
0.0
0.0
0.0
0.0
0.0
0.0
0.0
0.0
0.0
0.0
0.0
0.0
0.0
0.0
0.0
0.0
0.0
0.0
0.0
0.0
0.0
0.0
1.0
0.0
0.0
0.0
0.0
0.0
0.0
1.0
0.0
0.0
0.0
0.0
0.0
0.0
0.0
0.0
0.0
0.0
0.0
0.0
0.0
0.0
0.0
0.0
0.0
0.0
0.0
0.0
0.0
0.0
0.0
0.0
1.0
0.0
0.0
0.0
0.0
0.0
0.0
0.0
0.0
0.0
0.0
-1.0
0.0
0.0
0.0
0.0
0.0
0.0
0.0
0.0
0.0
-1.0
0.0
0.0
0.0
0.0
0.0
0.0
0.0
0.0
0.0
0.0
0.0
0.0
0.0
0.0
1.0
0.0
0.0
0.0
0.0
0.0
0.0
0.0
0.0
0.0
0.0
0.0
0.0
0.0
0.0
0.0
0.0
0.0
0.0
-1.0
1.0
0.0
0.0
0.0
0.0
0.0
0.0
0.0
0.0
0.0
0.0
0.0
0.0
0.0
0.0
0.0
0.0
0.0
1.0
0.0
0.0
0.0
-1.0
0.0
0.0
0.0
0.0
0.0
0.0
0.0
0.0
1.0
0.0
0.0
0.0
0.0
0.0
0.0
0.0
0.0
0.0
0.0
0.0
0.0
0.0
0.0
0.0
0.0
0.0
0.0
0.0
0.0
0.0
0.0
0.0
0.0
-1.0
0.0
0.0
0.0
0.0
0.0
0.0
0.0
0.0
0.0
0.0
0.0
0.0
0.0
0.0
0.0
0.0
0.0
0.0
0.0
0.0
0.0
0.0
-1.0
0.0
0.0
0.0
0.0
0.0
0.0
0.0
0.0
0.0
0.0
0.0
0.0
0.0
0.0
0.0
0.0
0.0
0.0
0.0
0.0
0.0
0.0
0.0
-1.0
0.0
0.0
0.0
0.0
0.0
0.0
0.0
0.0
0.0
0.0
0.0
0.0
0.0
0.0
0.0
0.0
0.0
0.0
0.0
0.0
0.0
0.0
0.0
0.0
0.0
-1.0
-1.0
0.0
0.0
0.0
0.0
0.0
0.0
0.0
0.0
0.0
0.0
0.0
0.0
0.0
0.0
0.0
0.0
0.0
0.0
0.0
0.0
0.0
0.0
0.0
0.0
-1.0
0.0
0.0
0.0
0.0
0.0
0.0
0.0
0.0
0.0
0.0
0.0
0.0
0.0
0.0
0.0
0.0
0.0
0.0
0.0
0.0
0.0
0.0
0.0
0.0
0.0
0.0
0.0
0.0
0.0
0.0
0.0
0.0
0.0
0.0
0.0
0.0
0.0
0.0
0.0
0.0
0.0
0.0
0.0
0.0
0.0
0.0
0.0
0.0
0.0
0.0
0.0
0.0
0.0
0.0
0.0
0.0
0.0
0.0
0.0
0.0
0.0
0.0
0.0
0.0
0.0
0.0
0.0
0.0
0.0
0.0
0.0
0.0
0.0
0.0
0.0
0.0
0.0
0.0
0.0
0.0
0.0
0.0
0.0
0.0
0.0
0.0
0.0
0.0
0.0
0.0
0.0
0.0
0.0
0.0
0.0
0.0
0.0
0.0
0.0
0.0
0.0
0.0
0.0
0.0
0.0
0.0
0.0
0.0
0.0
0.0
0.0
0.0
0.0
0.0
0.0
0.0
0.0
0.0
0.0
0.0
0.0
0.0
0.0
0.0
0.0
0.0
0.0
0.0
0.0
0.0
0.0
0.0
0.0
0.0
0.0
0.0
0.0
0.0
0.0
0.0
0.0
0.0
0.0
0.0
0.0
0.0
0.0
0.0
0.0
0.0
0.0
0.0
0.0
0.0
0.0
0.0
0.0
0.0
0.0
0.0
0.0
0.0
0.0
0.0
0.0
0.0
0.0
0.0
80.0
29892.0
2392.0
49152.0
0.0
0.0
0.0
0.0
0.0
0.0
0.0
0.0
0.0
0.0
0.0
0.0
0.0
0.0
0.0
0.0
0.0
0.0
228.0
28672.0
0.0
0.0
0.0
0.0
