0.08338612
0.007590185
0.003457751
0.0042873756
0.005991735
0.0016455207
0.0009982956
0.00094730215
0.0034342154
0.0007413669
0.000735483
0.0007256766
0.0023908103
0.0012375728
0.0006609541
0.0026791196
0.0030125384
0.0006236896
0.0005079736
0.00047070914
0.001776927
0.0019926687
0.00045305755
0.00043540596
0.0014317404
0.0006217283
0.000476593
0.0005550445
0.0013729017
0.00061976706
0.0014062435
0.0010571342
0.0020809267
0.0004471737
0.0004981672
0.0006138832
0.02749726
0.00052170263
0.0004118705
0.0005432768
0.0009924117
0.00036087702
0.00036872216
0.00063741865
0.0009963344
0.0005825026
0.0003922576
0.0002981158
0.0010198698
0.00038245117
0.00068252825
0.0019514817
0.0011963857
0.00061584444
0.0003491093
0.00028830935
0.0011610825
0.00063741865
0.00036872216
0.0015984498
0.0007374443
0.00053150905
0.00032361253
0.0009590699
0.0018867592
0.00088257965
0.0030144998
0.0038147054
0.012091341
0.0026379325
0.0014258565
0.00089826994
0.0010728246
0.00059034774
0.0003785286
0.0003765673
0.0026850034
0.0011257794
0.0007099863
0.0004805156
0.0031615964
0.0013454437
0.0011120504
0.0012748373
0.002198604
0.0009826054
0.0017416239
0.0014474306
0.00061584444
0.0011257794
0.00036872216
0.0009943731
0.0013022952
0.0010316375
0.0015141144
0.0011905018
0.0007825539
0.00083747
0.00033145768
0.0006236896
0.0013121017
0.001586682
0.0010179086
0.00044128983
0.0014533144
0.00079628295
0.002361391
0.00032165126
0.0009943731
0.0006903734
0.00080608943
0.00088257965
0.0014003597
0.00029419322
0.0014219339
0.00085316034
0.0033616477
0.0032969252
0.00058838644
0.0004471737
0.000735483
0.0004295221
0.00033930285
0.00033930285
0.0012709147
0.0007452895
0.0005275865
0.0006138832
0.0019691333
0.0008845409
0.00029223194
0.004609027
0.010506621
0.0020063978
0.0003491093
0.00032165126
0.0044423174
0.004320718
0.0030870675
0.010071214
0.0015807982
0.004328563
0.00023927714
0.00032753512
0.00068645086
0.0001980901
0.00022358685
0.0002961545
0.0012199212
0.00027458032
0.00017063206
0.00017651592
0.00030792222
0.00018632237
0.0001490579
0.00028634805
0.00071194756
0.00020789653
0.00021181912
0.00018043851
0.0005864251
0.000708025
0.00036676088
0.00040402534
0.0005275865
0.0002981158
0.00018239979
0.00020397396
0.00040794793
0.00021181912
0.00027654163
0.00029223194
0.00035107057
0.00017847722
0.00018632237
0.00024123843
0.0008021668
0.0005177801
0.00034322543
0.0003765673
0.00042363824
0.00018239979
0.0004471737
0.00022554814
0.0006884121
0.000347148
0.00027065777
0.00023731586
0.0004471737
0.00023535457
0.00041579307
0.00043344466
0.0037009506
0.0010590956
0.0010590956
0.0018161528
0.0014866564
0.00030596094
0.018891128
0.0014395855
0.000694296
0.00080608943
0.00041971565
0.00048639945
0.0051170005
0.00025300618
0.0005393542
0.0005589671
0.00064722507
0.00060211547
0.00068448955
0.000592309
0.00038637375
0.00025300618
0.0004962059
0.00041579307
0.00086296676
0.00039814148
0.00033734154
0.0004942446
0.00048443815
0.00019416751
0.00028438677
0.00025300618
0.0013317146
0.001110089
0.00035499316
0.0005295478
0.00066291535
0.00038637375
0.00026869646
0.0002785029
0.004397208
0.0008570829
0.0003589157
0.001531766
0.00091788283
0.00038245117
0.00032361253
0.00042167693
0.0017730044
0.000810012
0.0005295478
0.00079628295
0.00051385746
0.00034126412
0.0009218054
0.0006256509
0.0015572627
0.0006727218
0.00040206406
0.0004099092
0.00213192
0.00068448955
0.0010237924
0.58487964
0.0060720136
7.875504e-06
1.968876e-06
7.875504e-06
0.0
1.968876e-06
0.0
2.953314e-06
1.968876e-06
0.0
2.953314e-06
0.0
1.2797694e-05
1.968876e-06
0.0
0.50598246
0.00028942476
4.2330834e-05
4.1346397e-05
0.00013585245
1.7719884e-05
1.5751008e-05
2.6579826e-05
0.000106319305
3.5439767e-05
1.5751008e-05
2.6579826e-05
3.8393082e-05
9.05683e-05
1.5751008e-05
3.0517578e-05
0.019232966
0.00030616022
4.429971e-05
3.8393082e-05
0.00012207031
1.3782132e-05
1.476657e-05
2.0673198e-05
4.6268586e-05
3.0517578e-05
1.5751008e-05
3.0517578e-05
2.953314e-05
8.663054e-05
9.84438e-06
1.6735446e-05
0.01127083
0.0040283203
9.942824e-05
7.186397e-05
4.036196e-05
0.00013880576
5.808184e-05
0.00013782132
7.6786164e-05
4.331527e-05
4.036196e-05
2.6579826e-05
2.3626511e-05
0.000103365994
5.906628e-05
6.201959e-05
0.007086969
0.001953125
8.269279e-05
5.3159652e-05
3.937752e-05
4.7253023e-05
3.445533e-05
4.036196e-05
3.1502015e-05
7.875504e-05
4.036196e-05
2.461095e-05
2.1657635e-05
0.00011025705
4.331527e-05
4.7253023e-05
0.005416378
0.0041474374
7.580173e-05
5.7097404e-05
0.00013388357
0.00016144784
5.0206338e-05
4.528415e-05
9.647493e-05
0.00012994582
4.1346397e-05
8.663054e-05
5.906628e-05
0.00017916772
4.92219e-05
0.00011321037
0.004654423
0.003543977
9.05683e-05
8.269279e-05
6.792622e-05
0.00019787204
9.4506046e-05
0.00015947895
0.00015061902
0.00010533487
5.0206338e-05
0.00015258789
2.953314e-05
9.1552734e-05
5.0206338e-05
0.000121085875
0.0030763687
0.0077327606
0.00044201265
0.00034159998
0.00042823053
0.0006320092
0.00028450257
0.00063299364
0.000444966
0.00028351814
0.00021559192
0.00010533487
0.00020870086
0.000570974
0.00031009797
0.00023626511
0.01132399
0.0027327999
0.00028942476
0.00017719885
0.00010238155
0.00026481383
0.00010435043
0.00014077463
0.000106319305
0.0001683389
0.00011419481
6.497291e-05
8.170836e-05
0.00034356886
0.00014865014
0.00014077463
0.005100373
0.0033972955
0.00016341671
0.0003317556
0.0001555412
0.0006733556
0.0003543977
0.002018098
0.0011055239
0.00017227665
4.92219e-05
4.1346397e-05
4.7253023e-05
0.00021066974
6.201959e-05
8.466167e-05
0.001213812
0.0028844033
0.00017621441
0.000253985
0.00015751008
0.00042133947
0.00020673199
0.0008978075
0.00079148816
0.00016341671
0.0001427435
0.000112225935
0.00011813256
0.00029926916
0.00018212103
0.00018015216
0.003093104
0.018092986
0.00066744897
0.0058150752
0.00090272963
0.0011645901
0.00077869045
0.001802506
0.0014845325
0.0069166613
0.0009814847
0.0005621141
0.0006300403
0.005218506
0.00091060513
0.0010425198
0.0014166062
0.005904659
0.00041247954
0.0020732265
0.00036030432
0.0006221648
0.000444966
0.00048040575
0.00056900515
0.0026944068
0.00047548357
0.00025300056
0.00028154926
0.0015071746
0.00048631238
0.0005000945
0.0010799285
0.03395228
0.0068329843
0.01651001
0.005048198
0.015956756
0.009947746
0.0044408
0.0060080253
0.02225519
0.0019629693
0.0020604287
0.002474877
0.017483618
0.0026885
0.0056605185
0.008007418
0.025558963
0.007430538
0.011513002
0.0051486106
0.013873685
0.009091285
0.0044004377
0.0056762695
0.016447006
0.0013604934
0.0018920898
0.0023705268
0.012468892
0.0023724956
0.005909581
0.009566768
0.0
0.0
0.0
0.0
0.0
0.0
0.0
0.0
0.0
0.0
0.0
0.0
0.0
0.0
0.0
0.0
520.0
11.66923
6068.0
0.03625577
0.0009887937
0.00065919576
0.00082399475
0.032135796
0.0023071852
0.00016479894
0.0014831905
0.0042847726
0.00065919576
0.00082399475
0.0011535926
0.002801582
0.003295979
0.0046143704
0.0013183915
0.0060975607
0.0013183915
0.0036255769
0.0074159526
0.00313118
0.00065919576
0.002801582
0.0011535926
0.005108767
0.0039551747
0.0016479895
0.0072511537
0.0036255769
0.00082399475
0.0009887937
0.002801582
0.0049439683
0.01400791
0.0023071852
0.008075148
0.015326302
0.006427159
0.008899143
0.007910349
0.005438365
0.0041199736
0.0011535926
0.0014831905
0.012359921
0.005767963
0.00313118
0.0039551747
0.017963085
0.006427159
0.012689519
0.017963085
0.0121951215
0.005273566
0.009558339
0.00939354
0.0014831905
0.002636783
0.0013183915
0.0019775874
0.0021423863
0.003460778
0.005438365
0.005273566
0.002636783
0.035266973
0.005108767
0.023236651
0.022907054
0.08454186
0.0075807516
0.009558339
0.012854318
0.039881345
0.008569545
0.002636783
0.030158207
0.011865524
0.04054054
0.040210944
0.062129203
0.0009887937
0.046473302
0.027027028
0.061799604
0.023731047
0.0060975607
0.0039551747
0.006921556
0.009063942
0.0019775874
0.00016479894
0.0023071852
0.00016479894
0.00032959788
0.002636783
5.5672026
0.0
0.0
0.0
4.0
509869.0
413696.0
0.0
0.0
144.0
0.0
1.0
0.0
0.0
0.0
1158758100.0
0.0
0.0
0.0
0.0
0.0
1.0
0.0
0.0
0.0
0.0
0.0
0.0
-1.0
0.0
-1.0
-1.0
0.0
0.0
0.0
0.0
0.0
0.0
0.0
0.0
0.0
0.0
0.0
0.0
-1.0
0.0
0.0
0.0
0.0
0.0
0.0
0.0
0.0
0.0
0.0
0.0
0.0
-1.0
0.0
0.0
0.0
0.0
0.0
0.0
0.0
0.0
0.0
0.0
7.0
10.0
4.0
0.0
4.0
0.0
184320.0
4096.0
4096.0
4.0
0.0
0.0
1.0
1.0
0.0
0.0
0.0
0.0
0.0
0.0
0.0
0.0
0.0
0.0
0.0
0.0
0.0
0.0
12288.0
0.0
0.0
0.0
0.0
0.0
0.0
0.0
0.0
0.0
0.0
0.0
0.0
0.0
0.0
0.0
0.0
0.0
-4096.0
0.0
0.0
0.0
0.0
0.0
0.0
0.0
0.0
-184320.0
0.0
200704.0
0.0
0.0
0.0
0.0
0.0
0.0
0.0
0.0
0.0
0.0
0.0
0.0
0.0
0.0
0.0
0.0
0.0
0.0
0.0
0.0
5.029084
0.0
0.0
0.0
0.0
0.0
0.0
0.0
0.0
0.0
0.0
0.0
0.0
0.0
0.0
0.0
0.0
0.0
-1.9793888
0.0
0.0
0.0
0.0
0.0
0.0
0.0
0.0
-6.405959
0.0
0.33920345
0.0
0.0
0.0
0.0
0.0
0.0
0.0
0.0
0.0
0.0
0.0
0.0
0.0
0.0
0.0
0.0
0.0
0.0
0.0
0.0
12028.0
0.0
0.0
0.0
0.0
0.0
0.0
0.0
0.0
0.0
0.0
0.0
0.0
0.0
0.0
0.0
0.0
0.0
-10432.0
0.0
0.0
0.0
0.0
0.0
0.0
0.0
0.0
-181668.0
0.0
196888.0
0.0
0.0
0.0
0.0
0.0
0.0
0.0
0.0
0.0
-1.0
0.0
0.0
0.0
0.0
0.0
1.0
0.0
0.0
0.0
0.0
0.0
0.0
0.0
0.0
0.0
0.0
0.0
0.0
0.0
0.0
0.0
0.0
0.0
0.0
0.0
0.0
0.0
0.0
0.0
0.0
0.0
0.0
0.0
0.0
0.0
-2.0
0.0
0.0
0.0
1.0
0.0
0.0
0.0
0.0
0.0
0.0
0.0
0.0
0.0
0.0
0.0
0.0
0.0
0.0
0.0
0.0
0.0
0.0
0.0
-1.0
0.0
0.0
0.0
0.0
0.0
0.0
0.0
0.0
0.0
1.0
0.0
0.0
0.0
0.0
1.0
0.0
0.0
0.0
0.0
0.0
0.0
0.0
0.0
0.0
0.0
0.0
0.0
0.0
0.0
0.0
0.0
0.0
0.0
0.0
0.0
0.0
0.0
0.0
0.0
0.0
0.0
0.0
0.0
0.0
0.0
0.0
0.0
0.0
0.0
0.0
0.0
0.0
0.0
0.0
0.0
0.0
0.0
0.0
0.0
0.0
0.0
0.0
0.0
0.0
0.0
0.0
-1.0
0.0
0.0
0.0
0.0
0.0
0.0
0.0
0.0
0.0
0.0
0.0
0.0
0.0
0.0
0.0
0.0
0.0
0.0
0.0
0.0
0.0
0.0
0.0
0.0
0.0
0.0
0.0
0.0
0.0
0.0
0.0
0.0
0.0
0.0
0.0
0.0
0.0
0.0
0.0
0.0
0.0
0.0
0.0
0.0
0.0
0.0
0.0
0.0
0.0
0.0
0.0
0.0
0.0
0.0
0.0
0.0
0.0
0.0
0.0
0.0
0.0
0.0
0.0
0.0
0.0
0.0
0.0
0.0
0.0
-1.0
0.0
0.0
0.0
0.0
0.0
0.0
0.0
0.0
0.0
0.0
0.0
0.0
0.0
0.0
0.0
0.0
1.0
0.0
0.0
0.0
0.0
0.0
0.0
0.0
0.0
0.0
0.0
0.0
0.0
0.0
0.0
0.0
0.0
0.0
0.0
0.0
0.0
0.0
0.0
0.0
0.0
0.0
0.0
0.0
0.0
0.0
0.0
0.0
0.0
0.0
0.0
0.0
0.0
0.0
0.0
0.0
0.0
0.0
0.0
0.0
0.0
0.0
0.0
0.0
0.0
0.0
0.0
0.0
0.0
0.0
0.0
0.0
0.0
0.0
0.0
0.0
0.0
0.0
0.0
0.0
0.0
0.0
0.0
0.0
0.0
0.0
0.0
0.0
0.0
0.0
0.0
0.0
0.0
0.0
0.0
0.0
0.0
0.0
0.0
0.0
0.0
0.0
0.0
0.0
0.0
0.0
0.0
0.0
0.0
0.0
0.0
0.0
0.0
0.0
0.0
0.0
0.0
0.0
0.0
0.0
0.0
0.0
0.0
0.0
0.0
0.0
0.0
0.0
0.0
0.0
0.0
0.0
0.0
0.0
0.0
0.0
0.0
0.0
0.0
0.0
0.0
0.0
0.0
0.0
0.0
0.0
0.0
0.0
0.0
0.0
0.0
0.0
0.0
0.0
0.0
0.0
-2.0
0.0
0.0
0.0
0.0
0.0
0.0
0.0
0.0
0.0
0.0
0.0
0.0
0.0
0.0
0.0
0.0
0.0
0.0
0.0
0.0
0.0
0.0
1.0
-1.0
0.0
0.0
0.0
0.0
0.0
0.0
0.0
0.0
0.0
0.0
0.0
0.0
0.0
0.0
0.0
0.0
0.0
0.0
0.0
0.0
0.0
0.0
0.0
0.0
0.0
0.0
-1.0
-1.0
0.0
0.0
0.0
0.0
0.0
0.0
0.0
0.0
0.0
0.0
0.0
0.0
0.0
0.0
0.0
0.0
0.0
0.0
-1.0
0.0
0.0
0.0
0.0
0.0
0.0
0.0
0.0
0.0
0.0
0.0
1.0
0.0
0.0
0.0
0.0
0.0
0.0
1.0
0.0
0.0
0.0
0.0
0.0
0.0
0.0
1.0
0.0
0.0
0.0
1.0
0.0
0.0
1.0
0.0
0.0
0.0
0.0
0.0
0.0
0.0
0.0
0.0
0.0
1.0
0.0
0.0
0.0
0.0
0.0
0.0
0.0
0.0
0.0
1.0
1.0
0.0
0.0
0.0
0.0
0.0
0.0
0.0
0.0
0.0
0.0
0.0
0.0
0.0
0.0
0.0
0.0
0.0
0.0
0.0
-1.0
0.0
0.0
0.0
0.0
0.0
0.0
0.0
0.0
0.0
0.0
0.0
0.0
0.0
1.0
0.0
0.0
0.0
0.0
1.0
0.0
0.0
0.0
0.0
0.0
-1.0
0.0
0.0
0.0
0.0
0.0
0.0
0.0
1.0
0.0
0.0
0.0
-1.0
0.0
0.0
0.0
0.0
0.0
0.0
-1.0
0.0
0.0
0.0
0.0
0.0
0.0
0.0
0.0
0.0
0.0
0.0
0.0
0.0
0.0
0.0
0.0
0.0
0.0
0.0
0.0
0.0
0.0
0.0
0.0
-1.0
0.0
0.0
0.0
-1.0
0.0
0.0
0.0
0.0
0.0
0.0
1.0
0.0
0.0
0.0
0.0
0.0
0.0
0.0
0.0
0.0
0.0
0.0
0.0
0.0
0.0
0.0
0.0
0.0
0.0
0.0
-1.0
0.0
0.0
0.0
1.0
0.0
0.0
0.0
0.0
0.0
0.0
0.0
0.0
0.0
0.0
0.0
0.0
0.0
0.0
0.0
0.0
0.0
0.0
0.0
0.0
0.0
0.0
0.0
0.0
0.0
0.0
0.0
-2.0
0.0
0.0
0.0
0.0
0.0
0.0
-1.0
0.0
0.0
0.0
0.0
0.0
0.0
0.0
0.0
0.0
0.0
0.0
0.0
0.0
0.0
0.0
0.0
0.0
0.0
0.0
0.0
1.0
0.0
0.0
0.0
0.0
0.0
0.0
1.0
0.0
0.0
0.0
0.0
0.0
0.0
0.0
-1.0
0.0
0.0
1.0
0.0
0.0
0.0
0.0
0.0
0.0
0.0
0.0
0.0
0.0
0.0
0.0
0.0
0.0
0.0
0.0
0.0
0.0
0.0
0.0
0.0
0.0
0.0
0.0
0.0
0.0
0.0
0.0
0.0
0.0
0.0
0.0
0.0
0.0
0.0
0.0
0.0
0.0
0.0
0.0
0.0
0.0
0.0
-1.0
0.0
0.0
0.0
-1.0
0.0
0.0
0.0
0.0
-1.0
0.0
0.0
0.0
0.0
0.0
1.0
0.0
1.0
-1.0
0.0
0.0
0.0
0.0
0.0
0.0
0.0
0.0
0.0
-1.0
0.0
1.0
0.0
0.0
0.0
0.0
0.0
1.0
0.0
0.0
1.0
0.0
0.0
0.0
0.0
-1.0
1.0
0.0
0.0
0.0
0.0
-1.0
0.0
0.0
0.0
0.0
0.0
0.0
0.0
0.0
0.0
0.0
0.0
0.0
-1.0
0.0
-2.0
0.0
0.0
0.0
0.0
0.0
0.0
0.0
0.0
0.0
0.0
0.0
0.0
0.0
0.0
0.0
1.0
0.0
0.0
0.0
0.0
0.0
-1.0
0.0
0.0
0.0
0.0
1.0
0.0
0.0
0.0
0.0
0.0
0.0
0.0
0.0
0.0
0.0
1.0
0.0
0.0
0.0
0.0
0.0
0.0
0.0
0.0
0.0
0.0
0.0
0.0
0.0
0.0
0.0
0.0
-2.0
1.0
0.0
0.0
0.0
0.0
0.0
1.0
0.0
0.0
0.0
0.0
0.0
0.0
0.0
0.0
0.0
0.0
0.0
-1.0
0.0
0.0
0.0
0.0
0.0
0.0
-1.0
0.0
0.0
0.0
0.0
0.0
-1.0
1.0
0.0
0.0
0.0
0.0
0.0
0.0
0.0
0.0
0.0
0.0
0.0
0.0
0.0
0.0
0.0
0.0
0.0
0.0
0.0
0.0
0.0
0.0
0.0
0.0
0.0
0.0
0.0
-1.0
0.0
0.0
0.0
0.0
0.0
0.0
0.0
0.0
0.0
0.0
0.0
0.0
0.0
0.0
-1.0
0.0
0.0
0.0
0.0
-1.0
0.0
0.0
0.0
0.0
0.0
0.0
1.0
0.0
0.0
-2.0
0.0
0.0
0.0
0.0
0.0
0.0
0.0
0.0
0.0
0.0
1.0
-1.0
0.0
0.0
2.0
0.0
0.0
1.0
-1.0
0.0
0.0
0.0
0.0
0.0
0.0
-1.0
0.0
0.0
0.0
0.0
-1.0
0.0
0.0
0.0
-1.0
0.0
0.0
0.0
0.0
-1.0
0.0
0.0
0.0
0.0
0.0
0.0
0.0
0.0
0.0
0.0
0.0
1.0
0.0
0.0
0.0
1.0
0.0
1.0
0.0
0.0
0.0
0.0
0.0
1.0
0.0
0.0
0.0
0.0
1.0
0.0
0.0
0.0
-1.0
0.0
0.0
0.0
0.0
0.0
0.0
0.0
0.0
0.0
0.0
0.0
0.0
0.0
0.0
1.0
0.0
0.0
0.0
0.0
0.0
0.0
0.0
0.0
0.0
1.0
0.0
0.0
0.0
0.0
0.0
0.0
0.0
0.0
0.0
0.0
1.0
0.0
0.0
0.0
0.0
0.0
0.0
0.0
0.0
0.0
1.0
0.0
1.0
0.0
-1.0
0.0
0.0
0.0
0.0
0.0
0.0
0.0
0.0
0.0
0.0
0.0
0.0
0.0
-1.0
-1.0
0.0
0.0
0.0
0.0
0.0
0.0
0.0
0.0
1.0
1.0
0.0
1.0
0.0
0.0
0.0
0.0
0.0
0.0
0.0
0.0
0.0
0.0
1.0
0.0
0.0
0.0
0.0
0.0
0.0
1.0
0.0
0.0
0.0
0.0
0.0
0.0
0.0
0.0
0.0
0.0
0.0
0.0
0.0
0.0
0.0
0.0
0.0
0.0
0.0
0.0
1.0
0.0
0.0
0.0
2.0
0.0
0.0
0.0
0.0
0.0
0.0
0.0
0.0
0.0
0.0
-1.0
0.0
0.0
0.0
0.0
0.0
0.0
0.0
0.0
0.0
-1.0
-1.0
0.0
0.0
0.0
0.0
0.0
0.0
0.0
0.0
0.0
0.0
0.0
0.0
0.0
1.0
0.0
0.0
-1.0
0.0
0.0
0.0
0.0
-1.0
0.0
0.0
0.0
0.0
0.0
0.0
0.0
0.0
0.0
0.0
-1.0
1.0
0.0
0.0
0.0
0.0
0.0
0.0
0.0
0.0
0.0
0.0
0.0
0.0
0.0
0.0
0.0
0.0
0.0
1.0
0.0
0.0
0.0
-1.0
0.0
0.0
0.0
0.0
0.0
0.0
0.0
0.0
1.0
0.0
0.0
0.0
0.0
0.0
0.0
0.0
0.0
0.0
0.0
0.0
0.0
-1.0
0.0
0.0
0.0
0.0
0.0
0.0
1.0
0.0
0.0
0.0
0.0
-1.0
0.0
0.0
0.0
0.0
0.0
0.0
-2.0
1.0
0.0
0.0
0.0
0.0
0.0
0.0
0.0
1.0
0.0
0.0
0.0
0.0
0.0
0.0
-1.0
0.0
0.0
0.0
0.0
0.0
0.0
0.0
0.0
-1.0
0.0
0.0
-1.0
0.0
0.0
0.0
0.0
0.0
0.0
0.0
0.0
0.0
0.0
0.0
-1.0
1.0
0.0
0.0
0.0
0.0
0.0
0.0
0.0
0.0
0.0
0.0
0.0
0.0
0.0
0.0
0.0
0.0
0.0
0.0
0.0
0.0
1.0
0.0
0.0
0.0
-1.0
-1.0
1.0
0.0
1.0
0.0
0.0
0.0
0.0
0.0
1.0
0.0
0.0
0.0
0.0
0.0
0.0
0.0
0.0
0.0
-1.0
0.0
0.0
0.0
0.0
0.0
-1.0
0.0
0.0
0.0
0.0
0.0
1.0
0.0
0.0
0.0
0.0
0.0
0.0
0.0
0.0
0.0
1.0
-1.0
0.0
0.0
0.0
0.0
0.0
0.0
0.0
0.0
0.0
0.0
0.0
0.0
0.0
0.0
0.0
0.0
0.0
0.0
0.0
0.0
0.0
0.0
0.0
0.0
0.0
0.0
0.0
0.0
0.0
0.0
0.0
0.0
0.0
0.0
0.0
0.0
0.0
0.0
0.0
0.0
0.0
0.0
0.0
0.0
0.0
0.0
0.0
0.0
0.0
0.0
0.0
0.0
0.0
0.0
0.0
0.0
0.0
0.0
0.0
0.0
0.0
0.0
0.0
0.0
0.0
0.0
0.0
0.0
0.0
0.0
0.0
0.0
0.0
0.0
0.0
0.0
0.0
0.0
0.0
0.0
0.0
0.0
0.0
0.0
0.0
0.0
0.0
0.0
0.0
0.0
0.0
0.0
0.0
0.0
0.0
0.0
0.0
0.0
0.0
0.0
0.0
0.0
0.0
0.0
0.0
0.0
0.0
0.0
0.0
0.0
0.0
0.0
0.0
0.0
0.0
0.0
0.0
0.0
0.0
0.0
0.0
0.0
0.0
0.0
0.0
0.0
0.0
0.0
0.0
0.0
0.0
0.0
0.0
0.0
0.0
0.0
0.0
0.0
0.0
0.0
0.0
0.0
0.0
0.0
0.0
0.0
0.0
0.0
0.0
0.0
0.0
80.0
197124.0
196888.0
212992.0
0.0
0.0
0.0
0.0
0.0
0.0
0.0
0.0
0.0
0.0
0.0
0.0
0.0
0.0
72.0
194256.0
0.0
0.0
588.0
188416.0
0.0
0.0
0.0
0.0
