0.003329738
8.3466344e-05
4.685497e-05
4.1733172e-05
7.967242e-05
3.5852587e-05
1.6882965e-05
1.8779927e-05
9.7314165e-05
1.7641749e-05
2.067689e-05
1.3278736e-05
5.8616137e-05
2.52296e-05
1.1381774e-05
4.325074e-05
5.4822212e-05
8.726027e-06
6.2599756e-06
6.639368e-06
2.0487192e-05
2.8264738e-05
6.0702796e-06
5.3114945e-06
1.7262357e-05
5.121798e-06
4.173317e-06
4.173317e-06
1.1381774e-05
4.932102e-06
4.932102e-06
6.4496717e-06
9.0674796e-05
6.829064e-06
4.932102e-06
7.777546e-06
4.571679e-05
8.915723e-06
4.173317e-06
2.2763547e-06
1.1002381e-05
9.295115e-06
2.466051e-06
1.1381774e-05
7.5878493e-06
4.5527095e-06
2.3901724e-05
3.0351398e-06
2.4091421e-05
6.2599756e-06
8.915723e-06
4.230226e-05
9.674508e-06
1.4227217e-05
7.5878493e-06
4.932102e-06
1.51756985e-05
1.4227217e-05
8.536331e-06
2.8833827e-05
7.967242e-06
9.105419e-06
5.690887e-06
6.0702796e-06
0.00015630969
2.162537e-05
1.00539e-05
1.6503573e-05
4.571679e-05
7.6637276e-05
3.1489573e-05
2.2953243e-05
1.8210838e-05
1.6313876e-05
6.639368e-06
4.5527095e-06
1.51756985e-05
4.381983e-05
9.864204e-06
8.915723e-06
5.3114945e-05
2.01078e-05
2.1815067e-05
3.5093803e-05
1.4037521e-05
3.376593e-05
3.1489573e-05
2.8454435e-05
1.0243596e-05
2.8454435e-05
4.3630134e-06
9.484812e-06
9.484812e-06
1.5934484e-05
1.9918105e-05
1.5934484e-05
7.5878493e-06
5.5580997e-05
7.5878493e-06
2.0297497e-05
2.3522332e-05
9.864204e-05
1.8969624e-05
1.308904e-05
3.3955625e-05
4.8372538e-05
3.471441e-05
8.536331e-06
3.7559854e-05
1.5555092e-05
4.268165e-05
5.1217983e-05
4.5527097e-05
3.7939246e-06
5.5580997e-05
4.0594994e-05
0.00012216438
0.000103005055
1.5934484e-05
1.612418e-05
2.4470814e-05
1.0812685e-05
3.7939246e-06
9.105419e-06
1.9918105e-05
2.2573851e-05
6.2599756e-06
4.932102e-06
5.04592e-05
1.7072662e-05
6.0702796e-06
0.00012956253
2.2763548e-05
5.8805832e-05
2.2763547e-06
3.2248358e-06
2.9782308e-05
7.284335e-05
2.2953243e-05
0.00018097021
4.742406e-06
6.5065804e-05
7.2084567e-06
1.2519951e-05
0.99146193
2.6557473e-06
2.0866585e-06
3.6042284e-06
4.932102e-06
1.5555092e-05
7.777546e-06
3.2248358e-06
2.6557473e-06
3.0351398e-06
9.4848116e-07
2.466051e-06
3.6042284e-06
1.3278736e-06
1.1192078e-05
1.2709647e-05
1.47963065e-05
1.4227217e-05
5.121798e-06
6.829064e-06
4.173317e-06
4.173317e-06
1.8969623e-06
1.3278736e-06
5.690887e-06
2.8454435e-06
1.8969623e-06
2.466051e-06
1.8969623e-06
3.7939247e-07
7.5878495e-07
9.4848116e-07
4.5527095e-06
9.4848116e-07
3.0351398e-06
6.2599756e-06
1.8021143e-05
1.707266e-06
4.742406e-06
7.3981532e-06
9.295115e-06
2.466051e-06
4.3630134e-06
2.8454435e-06
3.6042284e-06
4.3630134e-06
9.105419e-06
5.690887e-06
5.2545856e-05
3.0541094e-05
8.726027e-06
4.2112562e-05
3.3576234e-05
2.2763547e-06
1.4227217e-05
3.680107e-05
1.6882965e-05
1.2519951e-05
3.6042284e-06
3.2248358e-06
1.5365395e-05
1.8969623e-06
3.983621e-06
5.121798e-06
7.777546e-06
8.536331e-06
1.0433293e-05
5.880583e-06
3.6042284e-06
1.5175699e-06
2.466051e-06
2.466051e-06
1.2330255e-05
1.8969623e-06
3.6042284e-06
5.5011906e-06
6.0702796e-06
7.5878495e-07
2.466051e-06
2.466051e-06
1.7262357e-05
4.742406e-06
1.8969623e-06
1.707266e-06
9.864204e-06
3.983621e-06
5.690887e-06
2.2763547e-06
7.7585755e-05
2.1245978e-05
3.6042284e-06
4.8941627e-05
2.7505954e-05
1.707266e-06
3.414532e-06
5.690887e-06
2.7505954e-05
5.690887e-06
1.1381774e-06
1.0622989e-05
2.5039903e-05
1.707266e-06
2.3332637e-05
3.5473196e-05
4.989011e-05
1.3658128e-05
6.639368e-06
8.156938e-06
5.4822212e-05
8.346634e-06
1.46066095e-05
0.00025874565
0.00038857586
0.0
0.0
0.0
0.0
0.0
0.0
0.0
0.0
0.9914513
0.0
0.0
0.0
0.0
0.0
0.0
0.0
0.0
0.0
0.0
0.0
0.0
0.0
0.0
0.0
0.0
0.0
0.0
0.0
0.0
0.0
0.0
0.0
0.0
0.0
0.0
0.0
0.0
0.0
0.0
0.0
0.0
0.0
0.0
0.0
0.0
0.0
0.0
0.00033924496
1.6127417e-06
4.838225e-06
1.6127417e-06
3.9844203e-06
3.6049519e-06
1.8593963e-05
8.063708e-06
4.743358e-07
1.8973431e-07
3.7946862e-07
7.5893723e-07
5.6920294e-07
1.8973431e-07
9.486716e-07
3.5100848e-06
0.00025718485
9.4867154e-08
1.8973431e-07
2.8460147e-07
5.5971623e-06
3.2254834e-06
1.536848e-05
8.632911e-06
0.0
9.7143966e-05
9.4867154e-08
3.7946862e-07
1.8973431e-07
9.4867154e-08
9.4867154e-08
0.0
0.00016136903
4.6484906e-06
4.079288e-06
4.838225e-06
2.1819446e-06
1.6127417e-06
3.130616e-06
1.0435388e-06
3.9844203e-06
5.6920294e-07
1.8024759e-06
4.743358e-07
5.6920294e-07
1.0435388e-06
7.5893723e-07
2.1819446e-06
0.0002683792
1.0435388e-06
1.6506885e-05
5.027959e-06
2.2388649e-05
1.233273e-05
4.1077477e-05
1.8593963e-05
6.640701e-07
5.6920294e-07
2.8460147e-07
5.6920294e-07
1.8973431e-07
2.8460147e-07
2.8460147e-07
3.7946862e-07
0.00035632105
2.0870775e-06
3.0547224e-05
1.07199885e-05
1.5083878e-05
9.107247e-06
0.00010150786
4.373376e-05
3.6049519e-06
6.640701e-07
4.743358e-07
1.233273e-06
1.7076088e-06
5.6920294e-07
1.3281402e-06
4.174155e-06
0.00061948254
1.536848e-05
2.3527055e-05
2.4285991e-05
2.6942273e-05
2.1060509e-05
5.824843e-05
5.0184724e-05
4.1931282e-05
7.0201695e-06
5.502295e-06
5.122826e-06
1.4609542e-05
4.6484906e-06
1.3376269e-05
4.0128805e-05
0.00037529448
4.5536235e-06
3.3108638e-05
2.0965641e-05
5.2176936e-05
2.5614132e-05
0.0001349011
8.101655e-05
1.4799276e-05
2.466546e-06
1.0435388e-06
5.027959e-06
4.079288e-06
1.5178745e-06
2.2768118e-06
1.8309362e-05
0.0
0.0
0.0
0.0
0.0
0.0
0.0
0.0
0.0
0.0
0.0
0.0
0.0
0.0
0.0
0.0
4.9425787e-05
2.3716789e-06
1.2522464e-05
7.0201695e-06
1.1099457e-05
6.356099e-06
5.2556403e-05
3.7093057e-05
5.2176933e-06
2.466546e-06
1.233273e-06
9.486716e-07
1.233273e-06
1.4230073e-06
1.0435388e-06
2.2768118e-06
0.00014704409
1.3850605e-05
5.2176933e-06
4.7433577e-06
3.908527e-05
3.358297e-05
1.1668661e-05
1.6506885e-05
9.591069e-05
1.6317152e-05
4.079288e-06
7.2099037e-06
3.1875363e-05
6.261232e-06
4.373376e-05
0.000105776875
0.0005417863
7.7316734e-05
5.739463e-05
7.124523e-05
0.00020149784
0.000131391
4.3923494e-05
0.00012531951
0.00031989205
3.4436776e-05
2.3811655e-05
3.671359e-05
0.0001219043
3.0547224e-05
9.837724e-05
0.00022160968
0.00036096954
7.067603e-05
5.473835e-05
6.251746e-05
0.0001233273
0.00010112839
3.2634303e-05
0.00011251245
0.00019950562
2.1819445e-05
3.0452356e-05
2.9408819e-05
0.00010596661
3.102156e-05
7.399638e-05
0.00014362887
0.0
0.0
0.0
0.0
0.0
0.0
0.0
0.0
0.0
0.0
0.0
0.0
0.0
0.0
0.0
0.0
242.0
17.384298
4207.0
0.068457335
0.0021392917
0.0007130972
0.00023769907
0.0009507963
0.0014261944
0.0
0.00023769907
0.0049916804
0.0045162826
0.0
0.00047539815
0.0
0.003090088
0.023532208
0.0011884953
0.01022106
0.0040408843
0.007130972
0.0147373425
0.003327787
0.0042785835
0.006180176
0.0023769906
0.0040408843
0.002852389
0.0021392917
0.00047539815
0.00023769907
0.00023769907
0.00023769907
0.00047539815
0.0023769906
0.009983361
0.003327787
0.008557167
0.013548847
0.008319467
0.0073686712
0.0073686712
0.005942477
0.0038031852
0.0009507963
0.0014261944
0.003565486
0.006893273
0.0026146898
0.003327787
0.008794866
0.0007130972
0.008319467
0.013311148
0.0042785835
0.003090088
0.0052293795
0.01022106
0.0009507963
0.0007130972
0.0007130972
0.00047539815
0.0042785835
0.00047539815
0.00047539815
0.0007130972
0.0016638935
0.05324459
0.006180176
0.021392917
0.018540528
0.1029237
0.008557167
0.011171857
0.012598051
0.049916804
0.0011884953
0.006417875
0.03565486
0.015450439
0.04421203
0.05371999
0.019491324
0.0
0.048015215
0.036367957
0.050867602
0.022343714
0.006893273
0.008794866
0.02044212
0.0049916804
0.0023769906
0.008319467
0.0
0.0
0.0
0.0011884953
5.3379183
2.0
0.0
0.0
1.0
5271586.0
53248.0
0.0
0.0
54.0
0.0
1.0
0.0
0.0
0.0
1076624400.0
0.0
0.0
0.0
0.0
0.0
1.0
0.0
0.0
0.0
0.0
0.0
0.0
-1.0
0.0
-1.0
-1.0
0.0
0.0
0.0
0.0
0.0
0.0
0.0
0.0
0.0
0.0
0.0
0.0
-1.0
0.0
0.0
0.0
0.0
0.0
0.0
0.0
0.0
0.0
0.0
0.0
0.0
-1.0
0.0
0.0
0.0
0.0
0.0
0.0
0.0
0.0
0.0
0.0
6.0
0.0
4.0
0.0
4.0
0.0
24576.0
4096.0
4096.0
4.0
0.0
0.0
1.0
1.0
0.0
0.0
0.0
0.0
0.0
0.0
0.0
0.0
0.0
0.0
0.0
0.0
0.0
0.0
4096.0
0.0
0.0
0.0
0.0
0.0
0.0
0.0
0.0
0.0
0.0
0.0
0.0
0.0
0.0
0.0
0.0
0.0
-8192.0
0.0
0.0
0.0
0.0
0.0
0.0
0.0
0.0
-24576.0
0.0
4096.0
0.0
0.0
0.0
0.0
0.0
0.0
0.0
0.0
0.0
0.0
0.0
0.0
0.0
0.0
0.0
0.0
0.0
0.0
0.0
0.0
5.6636963
0.0
0.0
0.0
0.0
0.0
0.0
0.0
0.0
0.0
0.0
0.0
0.0
0.0
0.0
0.0
0.0
0.0
-3.531746
0.0
0.0
0.0
0.0
0.0
0.0
0.0
0.0
-6.547547
0.0
3.8160596
0.0
0.0
0.0
0.0
0.0
0.0
0.0
0.0
0.0
0.0
0.0
0.0
0.0
0.0
0.0
0.0
0.0
0.0
0.0
0.0
2476.0
0.0
0.0
0.0
0.0
0.0
0.0
0.0
0.0
0.0
0.0
0.0
0.0
0.0
0.0
0.0
0.0
0.0
-13368.0
0.0
0.0
0.0
0.0
0.0
0.0
0.0
0.0
-23376.0
0.0
2736.0
0.0
0.0
0.0
0.0
0.0
0.0
0.0
0.0
0.0
-1.0
0.0
0.0
0.0
0.0
0.0
1.0
0.0
0.0
0.0
0.0
0.0
0.0
0.0
0.0
0.0
0.0
0.0
0.0
0.0
0.0
0.0
0.0
0.0
0.0
0.0
0.0
0.0
0.0
0.0
0.0
0.0
0.0
0.0
0.0
0.0
-2.0
0.0
0.0
0.0
1.0
0.0
0.0
0.0
0.0
0.0
0.0
0.0
0.0
0.0
0.0
0.0
0.0
0.0
0.0
0.0
0.0
0.0
0.0
0.0
-1.0
0.0
0.0
0.0
0.0
0.0
0.0
0.0
0.0
0.0
1.0
0.0
0.0
0.0
0.0
1.0
0.0
0.0
0.0
0.0
0.0
0.0
0.0
0.0
0.0
0.0
0.0
0.0
0.0
0.0
0.0
0.0
0.0
0.0
0.0
0.0
0.0
0.0
0.0
0.0
0.0
0.0
0.0
0.0
0.0
0.0
0.0
0.0
0.0
0.0
0.0
0.0
0.0
0.0
0.0
0.0
0.0
0.0
0.0
0.0
0.0
0.0
0.0
0.0
0.0
0.0
0.0
-1.0
0.0
0.0
0.0
0.0
0.0
0.0
0.0
0.0
0.0
0.0
0.0
0.0
0.0
0.0
0.0
0.0
0.0
0.0
0.0
0.0
0.0
0.0
0.0
0.0
0.0
0.0
0.0
0.0
0.0
0.0
0.0
0.0
0.0
0.0
0.0
0.0
0.0
0.0
0.0
0.0
0.0
0.0
0.0
0.0
0.0
0.0
0.0
0.0
0.0
0.0
0.0
0.0
0.0
0.0
0.0
0.0
0.0
0.0
0.0
0.0
0.0
0.0
0.0
0.0
0.0
0.0
0.0
0.0
0.0
-1.0
0.0
0.0
0.0
0.0
0.0
0.0
0.0
0.0
0.0
0.0
0.0
0.0
0.0
0.0
0.0
0.0
1.0
0.0
0.0
0.0
0.0
0.0
0.0
0.0
0.0
0.0
0.0
0.0
0.0
0.0
0.0
0.0
0.0
0.0
0.0
0.0
0.0
0.0
0.0
0.0
0.0
0.0
0.0
0.0
0.0
0.0
0.0
0.0
0.0
0.0
0.0
0.0
0.0
0.0
0.0
0.0
0.0
0.0
0.0
0.0
0.0
0.0
0.0
0.0
0.0
0.0
0.0
0.0
0.0
0.0
0.0
0.0
0.0
0.0
0.0
0.0
0.0
0.0
0.0
0.0
0.0
0.0
0.0
0.0
0.0
0.0
0.0
0.0
0.0
0.0
0.0
0.0
0.0
0.0
0.0
0.0
0.0
0.0
0.0
0.0
0.0
0.0
0.0
0.0
0.0
0.0
0.0
0.0
0.0
0.0
0.0
0.0
0.0
0.0
0.0
0.0
0.0
0.0
0.0
0.0
0.0
0.0
0.0
0.0
0.0
0.0
0.0
0.0
0.0
0.0
0.0
0.0
0.0
0.0
0.0
0.0
0.0
0.0
0.0
0.0
0.0
0.0
0.0
0.0
0.0
0.0
0.0
0.0
0.0
0.0
0.0
0.0
0.0
0.0
0.0
0.0
0.0
0.0
0.0
0.0
0.0
0.0
0.0
0.0
0.0
0.0
0.0
0.0
0.0
0.0
0.0
0.0
0.0
0.0
0.0
0.0
0.0
0.0
0.0
0.0
0.0
0.0
0.0
0.0
0.0
0.0
0.0
0.0
0.0
0.0
0.0
0.0
0.0
0.0
0.0
0.0
0.0
0.0
0.0
0.0
0.0
0.0
-1.0
0.0
0.0
0.0
0.0
0.0
0.0
0.0
0.0
0.0
0.0
0.0
0.0
0.0
0.0
0.0
0.0
0.0
0.0
0.0
0.0
0.0
0.0
0.0
0.0
0.0
0.0
0.0
0.0
0.0
0.0
0.0
0.0
0.0
0.0
0.0
0.0
1.0
0.0
0.0
0.0
0.0
0.0
0.0
0.0
0.0
0.0
0.0
0.0
0.0
0.0
0.0
0.0
0.0
0.0
0.0
0.0
0.0
0.0
1.0
0.0
0.0
0.0
0.0
1.0
0.0
0.0
0.0
0.0
0.0
0.0
0.0
0.0
0.0
0.0
0.0
0.0
0.0
0.0
0.0
0.0
1.0
0.0
0.0
0.0
0.0
0.0
0.0
0.0
0.0
0.0
0.0
0.0
0.0
0.0
0.0
0.0
0.0
0.0
0.0
0.0
0.0
0.0
0.0
0.0
0.0
0.0
0.0
0.0
0.0
0.0
0.0
0.0
0.0
0.0
0.0
0.0
0.0
0.0
0.0
0.0
0.0
0.0
0.0
0.0
0.0
-1.0
0.0
0.0
0.0
0.0
0.0
0.0
0.0
0.0
0.0
0.0
0.0
0.0
0.0
0.0
0.0
0.0
0.0
0.0
0.0
0.0
0.0
0.0
0.0
0.0
0.0
0.0
0.0
0.0
0.0
0.0
0.0
0.0
0.0
0.0
0.0
0.0
0.0
0.0
0.0
0.0
0.0
0.0
0.0
0.0
0.0
0.0
0.0
-1.0
0.0
0.0
0.0
0.0
0.0
0.0
0.0
0.0
0.0
0.0
0.0
0.0
0.0
0.0
0.0
0.0
0.0
0.0
0.0
0.0
0.0
0.0
0.0
0.0
0.0
0.0
0.0
0.0
0.0
0.0
1.0
0.0
0.0
0.0
0.0
0.0
0.0
0.0
0.0
0.0
0.0
0.0
0.0
0.0
0.0
0.0
0.0
0.0
0.0
0.0
0.0
0.0
0.0
0.0
0.0
0.0
0.0
0.0
-1.0
0.0
0.0
0.0
0.0
0.0
0.0
0.0
0.0
0.0
0.0
0.0
0.0
0.0
0.0
0.0
0.0
0.0
0.0
0.0
0.0
0.0
0.0
0.0
0.0
0.0
0.0
0.0
0.0
0.0
0.0
0.0
0.0
0.0
0.0
0.0
0.0
0.0
0.0
0.0
0.0
0.0
0.0
-1.0
0.0
0.0
1.0
0.0
0.0
0.0
0.0
0.0
0.0
0.0
0.0
0.0
0.0
0.0
0.0
0.0
0.0
0.0
0.0
0.0
0.0
0.0
0.0
0.0
0.0
0.0
0.0
0.0
0.0
0.0
0.0
0.0
0.0
0.0
0.0
0.0
0.0
0.0
0.0
0.0
0.0
0.0
0.0
0.0
0.0
0.0
-1.0
0.0
0.0
0.0
-1.0
0.0
0.0
0.0
0.0
0.0
0.0
0.0
0.0
0.0
0.0
0.0
0.0
0.0
0.0
0.0
0.0
0.0
0.0
0.0
0.0
0.0
0.0
0.0
0.0
0.0
0.0
0.0
0.0
0.0
0.0
0.0
0.0
0.0
0.0
1.0
0.0
0.0
0.0
0.0
0.0
0.0
0.0
0.0
0.0
0.0
-1.0
0.0
0.0
0.0
0.0
0.0
0.0
0.0
0.0
0.0
0.0
0.0
0.0
0.0
0.0
0.0
0.0
0.0
0.0
0.0
0.0
0.0
0.0
0.0
0.0
0.0
0.0
0.0
0.0
0.0
0.0
1.0
0.0
0.0
0.0
0.0
0.0
0.0
0.0
0.0
0.0
0.0
0.0
0.0
0.0
0.0
0.0
0.0
0.0
0.0
0.0
0.0
0.0
0.0
0.0
0.0
0.0
0.0
0.0
0.0
0.0
0.0
0.0
0.0
0.0
0.0
0.0
0.0
0.0
0.0
-1.0
0.0
0.0
0.0
0.0
0.0
0.0
0.0
0.0
0.0
0.0
0.0
0.0
0.0
0.0
0.0
0.0
0.0
0.0
-1.0
0.0
0.0
0.0
0.0
0.0
0.0
0.0
0.0
0.0
0.0
0.0
0.0
0.0
0.0
0.0
0.0
0.0
0.0
0.0
0.0
0.0
0.0
0.0
0.0
0.0
0.0
0.0
0.0
0.0
0.0
0.0
0.0
0.0
0.0
0.0
0.0
0.0
0.0
0.0
0.0
0.0
0.0
0.0
0.0
0.0
0.0
0.0
0.0
0.0
0.0
0.0
0.0
0.0
0.0
0.0
0.0
0.0
0.0
0.0
0.0
0.0
0.0
0.0
0.0
0.0
0.0
0.0
0.0
1.0
0.0
0.0
-2.0
0.0
0.0
0.0
0.0
0.0
0.0
0.0
0.0
0.0
0.0
0.0
0.0
0.0
0.0
1.0
0.0
0.0
0.0
-1.0
0.0
0.0
0.0
0.0
0.0
0.0
0.0
0.0
0.0
0.0
0.0
-1.0
0.0
0.0
0.0
0.0
0.0
0.0
1.0
0.0
0.0
0.0
0.0
0.0
0.0
0.0
0.0
0.0
0.0
0.0
0.0
0.0
0.0
0.0
0.0
0.0
1.0
0.0
1.0
0.0
0.0
0.0
0.0
0.0
1.0
0.0
0.0
0.0
0.0
0.0
0.0
0.0
0.0
-1.0
0.0
0.0
0.0
0.0
0.0
0.0
0.0
0.0
0.0
0.0
0.0
0.0
0.0
0.0
1.0
0.0
0.0
0.0
0.0
0.0
0.0
0.0
0.0
0.0
0.0
0.0
0.0
0.0
0.0
0.0
0.0
0.0
0.0
0.0
0.0
0.0
0.0
0.0
0.0
0.0
0.0
0.0
0.0
0.0
0.0
0.0
0.0
0.0
0.0
0.0
0.0
0.0
0.0
0.0
0.0
0.0
0.0
0.0
0.0
0.0
0.0
0.0
0.0
-1.0
0.0
0.0
0.0
0.0
0.0
0.0
0.0
0.0
0.0
0.0
0.0
0.0
0.0
0.0
0.0
0.0
0.0
0.0
0.0
0.0
0.0
0.0
0.0
1.0
0.0
0.0
0.0
0.0
0.0
0.0
1.0
0.0
0.0
0.0
0.0
0.0
0.0
0.0
0.0
0.0
0.0
0.0
0.0
0.0
0.0
0.0
0.0
0.0
0.0
0.0
0.0
0.0
0.0
0.0
0.0
1.0
0.0
0.0
0.0
0.0
0.0
0.0
0.0
0.0
0.0
0.0
-1.0
0.0
0.0
0.0
0.0
0.0
0.0
0.0
0.0
0.0
-1.0
0.0
0.0
0.0
0.0
0.0
0.0
0.0
0.0
0.0
0.0
0.0
0.0
0.0
0.0
1.0
0.0
0.0
0.0
0.0
0.0
0.0
0.0
0.0
0.0
0.0
0.0
0.0
0.0
0.0
0.0
0.0
0.0
0.0
-1.0
1.0
0.0
0.0
0.0
0.0
0.0
0.0
0.0
0.0
0.0
0.0
0.0
0.0
0.0
0.0
0.0
0.0
0.0
1.0
0.0
0.0
0.0
-1.0
0.0
0.0
0.0
0.0
0.0
0.0
0.0
0.0
1.0
0.0
0.0
0.0
0.0
0.0
0.0
0.0
0.0
0.0
0.0
0.0
0.0
0.0
0.0
0.0
0.0
0.0
0.0
0.0
0.0
0.0
0.0
0.0
0.0
-1.0
0.0
0.0
0.0
0.0
0.0
0.0
0.0
0.0
0.0
0.0
0.0
0.0
0.0
0.0
0.0
0.0
0.0
0.0
0.0
0.0
0.0
0.0
-1.0
0.0
0.0
0.0
0.0
0.0
0.0
0.0
0.0
0.0
0.0
0.0
0.0
0.0
0.0
0.0
0.0
0.0
0.0
0.0
0.0
0.0
0.0
0.0
-1.0
0.0
0.0
0.0
0.0
0.0
0.0
0.0
0.0
0.0
0.0
0.0
0.0
0.0
0.0
0.0
0.0
0.0
0.0
0.0
0.0
0.0
0.0
0.0
0.0
0.0
-1.0
-1.0
0.0
0.0
0.0
0.0
0.0
0.0
0.0
0.0
0.0
0.0
0.0
0.0
0.0
0.0
0.0
0.0
0.0
0.0
0.0
0.0
0.0
0.0
0.0
0.0
-1.0
0.0
0.0
0.0
0.0
0.0
0.0
0.0
0.0
0.0
0.0
0.0
0.0
0.0
0.0
0.0
0.0
0.0
0.0
0.0
0.0
0.0
0.0
0.0
0.0
0.0
0.0
0.0
0.0
0.0
0.0
0.0
0.0
0.0
0.0
0.0
0.0
0.0
0.0
0.0
0.0
0.0
0.0
0.0
0.0
0.0
0.0
0.0
0.0
0.0
0.0
0.0
0.0
0.0
0.0
0.0
0.0
0.0
0.0
0.0
0.0
0.0
0.0
0.0
0.0
0.0
0.0
0.0
0.0
0.0
0.0
0.0
0.0
0.0
0.0
0.0
0.0
0.0
0.0
0.0
0.0
0.0
0.0
0.0
0.0
0.0
0.0
0.0
0.0
0.0
0.0
0.0
0.0
0.0
0.0
0.0
0.0
0.0
0.0
0.0
0.0
0.0
0.0
0.0
0.0
0.0
0.0
0.0
0.0
0.0
0.0
0.0
0.0
0.0
0.0
0.0
0.0
0.0
0.0
0.0
0.0
0.0
0.0
0.0
0.0
0.0
0.0
0.0
0.0
0.0
0.0
0.0
0.0
0.0
0.0
0.0
0.0
0.0
0.0
0.0
0.0
0.0
0.0
0.0
0.0
0.0
0.0
0.0
0.0
0.0
0.0
0.0
0.0
0.0
0.0
0.0
0.0
0.0
0.0
0.0
0.0
0.0
0.0
0.0
0.0
0.0
0.0
0.0
0.0
80.0
29892.0
2736.0
49152.0
0.0
0.0
0.0
0.0
0.0
0.0
0.0
0.0
0.0
0.0
0.0
0.0
0.0
0.0
0.0
0.0
0.0
0.0
228.0
28672.0
0.0
0.0
0.0
0.0
