0.20032935
0.008884804
0.0042356006
0.0042126225
0.009099265
0.0030177697
0.0021829044
0.002634804
0.009972426
0.0017693015
0.0024280024
0.0017310049
0.0047028186
0.0015318628
0.0013403799
0.004833027
0.00759038
0.0013480393
0.0012714461
0.0009880515
0.0030177697
0.0017846201
0.0011335785
0.0009344363
0.0025199142
0.00078125
0.0009420956
0.0007889093
0.0019378064
0.00087316177
0.00085018383
0.0008195466
0.007276348
0.00080422795
0.00091145834
0.0006663603
0.0065333946
0.0024050246
0.0005974265
0.0008195466
0.0017846201
0.001072304
0.000903799
0.0012025123
0.0013786765
0.0011029412
0.0013939951
0.0005591299
0.0032092524
0.0017003677
0.00097273284
0.0074984683
0.001049326
0.0006663603
0.00045955883
0.0005438113
0.0012637868
0.00097273284
0.001976103
0.0028492648
0.0042202817
0.0013710172
0.0006050858
0.00068167894
0.018106617
0.016727941
0.0013556986
0.0038679533
0.0030254289
0.01584712
0.002688419
0.001317402
0.0017846201
0.0011029412
0.0011029412
0.001317402
0.0016697304
0.0026807599
0.001072304
0.0011259192
0.0059359684
0.0023820465
0.0017463235
0.007567402
0.0022977942
0.009689032
0.0049172794
0.0033394608
0.0016084559
0.0057904413
0.0031556373
0.0055836397
0.0012408089
0.0038985906
0.004365809
0.002757353
0.0005897672
0.0042815562
0.00068167894
0.0017003677
0.00792739
0.006487439
0.00490962
0.0010416667
0.005269608
0.0032092524
0.0024739583
0.00086550246
0.0035462622
0.001462929
0.0035462622
0.0043504904
0.0024203432
0.0005514706
0.005277267
0.0035003063
0.011887255
0.0076516545
0.0012944241
0.001462929
0.0020909926
0.0014935662
0.0005591299
0.00097273284
0.0019148284
0.001830576
0.0013403799
0.0013327206
0.0040900735
0.0026807599
0.00062806375
0.008440563
0.0036688112
0.0059359684
0.0004518995
0.0006050858
0.0019914217
0.013947611
0.0021292893
0.055292584
0.0006433824
0.009627758
0.00051317405
0.0005591299
0.0031479779
0.00046721814
0.0008808211
0.00050551473
0.0013020834
0.00085784314
0.0004518995
0.0003829657
0.0012025123
0.0005591299
0.0004442402
0.001049326
0.0011871937
0.00057444855
0.00040594363
0.00043658089
0.0009420956
0.0019224877
0.0005284927
0.00091911765
0.00062040443
0.0006663603
0.0005591299
0.0004518995
0.00048253677
0.0004442402
0.0005897672
0.00050551473
0.0007046569
0.00051317405
0.000658701
0.00046721814
0.0018841912
0.00079656864
0.001317402
0.0006433824
0.0007582721
0.0005591299
0.0005284927
0.0009497549
0.0023514093
0.0016927083
0.0018229167
0.0006127451
0.0010263481
0.00035232844
0.0005897672
0.0007889093
0.013511029
0.0018688726
0.0023973652
0.014928003
0.003492647
0.001194853
0.0049938727
0.0031326592
0.0015931373
0.0019148284
0.00097273284
0.0009574142
0.0010799633
0.0005514706
0.0009957108
0.0007123162
0.002244179
0.0010876226
0.0025735295
0.0021063113
0.0014552696
0.0012561275
0.0026424632
0.0031862746
0.005254289
0.0016161152
0.0017233456
0.0029641544
0.0011029412
0.00091911765
0.0008195466
0.0011565564
0.0016773897
0.0012331496
0.0014935662
0.0011871937
0.0014322917
0.0015242035
0.0008425245
0.00079656864
0.025819547
0.004710478
0.0010646447
0.008088236
0.004365809
0.00085018383
0.00091911765
0.00075061276
0.005744485
0.00085784314
0.0020067403
0.0013097427
0.0038602941
0.00078125
0.002144608
0.0016620711
0.0075291055
0.001708027
0.0015395221
0.0018688726
0.010102635
0.0015701593
0.0077052694
0.064805456
0.04761905
0.0
0.0
0.0
0.0
0.0
0.0
0.0
0.0
0.0
0.0
0.0
0.0
0.0
0.0
0.0
0.007510231
1.937624e-05
5.812872e-05
2.7126736e-05
3.4877234e-05
1.1625744e-05
7.7504965e-06
3.8752482e-06
0.0001046317
3.8752482e-06
5.812872e-05
1.937624e-05
1.5500993e-05
1.1625744e-05
1.1625744e-05
3.875248e-05
0.0
0.0
0.0
0.0
0.0
0.0
0.0
0.0
0.0
0.0
0.0
0.0
0.0
0.0
0.0
0.0
0.0066925534
3.8752482e-06
0.0
0.0
0.00019763765
0.00010075645
0.0005812872
0.00034877233
0.0
0.0
0.0
0.0
0.0
3.8752482e-06
0.0
7.7504965e-06
0.0
0.0
0.0
0.0
0.0
0.0
0.0
0.0
0.0
0.0
0.0
0.0
0.0
0.0
0.0
0.0
0.0
0.0
0.0
0.0
0.0
0.0
0.0
0.0
0.0
0.0
0.0
0.0
0.0
0.0
0.0
0.0
0.0055997334
6.975447e-05
0.00044952877
3.4877234e-05
0.00012400794
3.875248e-05
0.00085255457
0.00050378224
0.0001046317
3.8752482e-06
5.812872e-05
1.937624e-05
1.5500993e-05
1.1625744e-05
1.1625744e-05
3.875248e-05
0.021852523
0.00031389509
0.0018484934
0.00016663567
0.0020383804
0.0005657862
0.007897755
0.004208519
0.00012013269
0.00017826141
0.000108506945
3.875248e-05
9.68812e-05
8.525546e-05
7.750496e-05
8.525546e-05
0.0
0.0
0.0
0.0
0.0
0.0
0.0
0.0
0.0
0.0
0.0
0.0
0.0
0.0
0.0
0.0
0.006452288
0.00012400794
0.00011625744
0.00017826141
0.0019104973
0.00044952877
0.0035729788
0.0014454675
0.00011625744
0.00021701389
0.00015113468
7.750496e-05
8.525546e-05
0.00013175844
0.0006510417
0.0001937624
0.015295604
0.00051153277
0.00062779017
0.0015539745
0.0037667411
0.00055803574
0.0031660777
0.0020538815
0.0007207961
0.00084480405
0.00018213666
0.00017051092
0.0004921565
0.00025189112
0.000984313
0.0005657862
0.018023778
0.0009920635
0.0024026537
0.0023328993
0.0051928326
0.0013485863
0.0060725138
0.0033365886
0.0013989646
0.0010385665
0.00044177828
0.000437903
0.00069754466
0.00055803574
0.00081380206
0.0025305368
0.0039140005
0.0004960318
0.0008874318
0.00047278026
0.0016896081
0.0006355407
0.0025072854
0.0012168279
0.0006045387
0.0002673921
7.3629715e-05
0.00013175844
0.00043402778
0.0004921565
0.00043402778
0.0016159784
0.034199063
0.0051657055
0.004623171
0.0051889573
0.015931144
0.014136905
0.0066189235
0.0077582467
0.025987413
0.0023600261
0.0014803448
0.0025382875
0.010986328
0.0055106026
0.012726314
0.027328249
0.09126209
0.018000526
0.016202413
0.018039279
0.042232454
0.046421595
0.019201854
0.02250744
0.08061291
0.007060702
0.006487165
0.01156374
0.03949265
0.023154607
0.039430648
0.081821986
0.0038209946
0.0016004774
0.0018833706
0.001860119
0.0019608755
0.0021972656
0.0019337487
0.002170139
0.0023406497
0.001515222
0.0016004774
0.0014105903
0.0020732577
0.001751612
0.0017438616
0.0018833706
563.0
11.946714
6726.0
0.03954802
0.0016354446
0.0007433839
0.0007433839
0.0062444247
0.00044603032
0.00014867677
0.00029735354
0.0016354446
0.0011894142
0.0035682425
0.0007433839
0.0011894142
0.0037169193
0.011299435
0.00044603032
0.0031222124
0.0019327981
0.0032708892
0.0050550103
0.00089206063
0.0005947071
0.00044603032
0.0005947071
0.00089206063
0.0007433839
0.0005947071
0.0023788284
0.0016354446
0.0011894142
0.0
0.00044603032
0.007136485
0.01843592
0.0035682425
0.012934879
0.0077311923
0.0166518
0.012488849
0.0077311923
0.0043116263
0.007136485
0.0007433839
0.0028248588
0.009663991
0.005947071
0.00416295
0.005352364
0.0065417783
0.011894142
0.007136485
0.020666072
0.012340172
0.012786203
0.008920606
0.008623253
0.0028248588
0.012191496
0.005947071
0.012488849
0.00460898
0.012191496
0.011745465
0.0105560515
0.00044603032
0.04936069
0.0031222124
0.01843592
0.022450194
0.09455843
0.009663991
0.008474576
0.012786203
0.036723163
0.0016354446
0.006095748
0.042967588
0.010407374
0.0396967
0.046387155
0.011745465
0.00044603032
0.05902468
0.02854594
0.054267023
0.014867677
0.0043116263
0.008028546
0.013232233
0.012340172
0.0016354446
0.0005947071
0.0005947071
0.00029735354
0.0007433839
0.00044603032
5.536825
0.0
0.0
0.0
1.0
130560.0
151552.0
0.0
0.0
10.0
0.0
1.0
0.0
1.0
0.0
708992500.0
0.0
0.0
0.0
0.0
0.0
1.0
0.0
0.0
0.0
0.0
0.0
0.0
-1.0
1.0
-1.0
-1.0
0.0
1.0
0.0
0.0
0.0
0.0
0.0
0.0
0.0
0.0
0.0
0.0
-1.0
0.0
0.0
0.0
0.0
0.0
0.0
0.0
0.0
0.0
0.0
0.0
0.0
-1.0
0.0
0.0
0.0
0.0
0.0
0.0
0.0
0.0
0.0
0.0
2.0
25.0
4.0
0.0
4.0
0.0
107008.0
4096.0
4096.0
8.0
2.0
0.0
1.0
4.0
0.0
0.0
0.0
0.0
0.0
-7680.0
0.0
0.0
0.0
0.0
0.0
0.0
0.0
0.0
512.0
0.0
0.0
0.0
0.0
0.0
0.0
0.0
-2048.0
0.0
0.0
0.0
0.0
0.0
0.0
0.0
0.0
0.0
0.0
0.0
0.0
-107008.0
0.0
0.0
0.0
0.0
0.0
0.0
-3072.0
5120.0
0.0
0.0
0.0
0.0
0.0
0.0
0.0
0.0
0.0
0.0
0.0
0.0
0.0
0.0
0.0
0.0
0.0
0.0
0.0
0.0
2.0825517
0.0
0.0
0.0
0.0
0.0
0.0
0.0
-4.0546365
0.0
0.0
0.0
0.0
0.0
0.0
0.0
0.0
0.0
0.0
0.0
0.0
-6.536184
0.0
0.0
0.0
0.0
0.0
0.0
-4.8718653
3.4856634
0.0
0.0
0.0
0.0
0.0
0.0
0.0
0.0
-12.0
0.0
0.0
-7284.0
0.0
0.0
0.0
0.0
0.0
0.0
0.0
0.0
24.0
0.0
2597.0
0.0
0.0
0.0
0.0
0.0
-1912.0
0.0
0.0
0.0
0.0
0.0
0.0
0.0
0.0
0.0
0.0
0.0
0.0
-106516.0
0.0
0.0
0.0
0.0
0.0
0.0
-3066.0
5120.0
0.0
0.0
0.0
0.0
0.0
0.0
0.0
0.0
0.0
0.0
0.0
0.0
0.0
0.0
0.0
0.0
0.0
0.0
0.0
0.0
0.0
0.0
0.0
1.0
0.0
0.0
0.0
0.0
0.0
0.0
0.0
0.0
0.0
0.0
0.0
0.0
0.0
-1.0
0.0
0.0
0.0
0.0
1.0
0.0
0.0
0.0
0.0
0.0
1.0
0.0
0.0
0.0
0.0
0.0
0.0
0.0
0.0
0.0
0.0
0.0
0.0
0.0
0.0
0.0
0.0
0.0
0.0
0.0
0.0
-1.0
0.0
0.0
0.0
0.0
0.0
0.0
0.0
0.0
0.0
1.0
0.0
0.0
0.0
0.0
1.0
0.0
0.0
0.0
0.0
0.0
0.0
0.0
0.0
0.0
0.0
0.0
0.0
0.0
0.0
0.0
0.0
0.0
0.0
0.0
0.0
0.0
0.0
0.0
0.0
0.0
0.0
0.0
0.0
0.0
0.0
0.0
0.0
0.0
0.0
0.0
0.0
0.0
0.0
0.0
0.0
0.0
0.0
0.0
0.0
0.0
0.0
0.0
0.0
0.0
0.0
0.0
-1.0
0.0
0.0
0.0
0.0
0.0
0.0
0.0
0.0
0.0
0.0
0.0
0.0
0.0
0.0
0.0
0.0
0.0
0.0
0.0
0.0
0.0
0.0
0.0
0.0
0.0
0.0
0.0
0.0
0.0
0.0
0.0
0.0
0.0
0.0
0.0
0.0
0.0
0.0
0.0
0.0
0.0
0.0
0.0
0.0
0.0
0.0
0.0
0.0
0.0
0.0
0.0
0.0
0.0
0.0
0.0
0.0
0.0
0.0
0.0
0.0
0.0
0.0
0.0
0.0
0.0
0.0
0.0
0.0
0.0
-1.0
0.0
0.0
0.0
0.0
0.0
0.0
0.0
0.0
0.0
0.0
0.0
0.0
0.0
0.0
0.0
0.0
1.0
0.0
0.0
0.0
0.0
0.0
0.0
0.0
0.0
0.0
0.0
0.0
0.0
0.0
0.0
0.0
0.0
0.0
0.0
0.0
0.0
0.0
0.0
0.0
0.0
0.0
0.0
0.0
0.0
0.0
0.0
0.0
0.0
0.0
0.0
0.0
0.0
0.0
0.0
0.0
0.0
0.0
0.0
0.0
0.0
0.0
0.0
0.0
0.0
0.0
0.0
0.0
0.0
0.0
0.0
0.0
0.0
0.0
0.0
0.0
0.0
0.0
0.0
0.0
0.0
0.0
0.0
0.0
0.0
0.0
0.0
0.0
0.0
0.0
0.0
0.0
0.0
0.0
0.0
0.0
0.0
0.0
0.0
0.0
0.0
0.0
0.0
0.0
0.0
0.0
0.0
0.0
0.0
0.0
0.0
0.0
0.0
0.0
0.0
0.0
0.0
0.0
0.0
0.0
0.0
0.0
0.0
0.0
0.0
0.0
0.0
0.0
0.0
0.0
0.0
0.0
0.0
0.0
0.0
0.0
0.0
0.0
0.0
1.0
0.0
0.0
0.0
0.0
0.0
0.0
0.0
0.0
0.0
0.0
0.0
0.0
0.0
0.0
0.0
0.0
0.0
0.0
0.0
0.0
0.0
0.0
0.0
0.0
0.0
0.0
0.0
0.0
0.0
0.0
0.0
0.0
0.0
0.0
0.0
0.0
0.0
0.0
0.0
0.0
0.0
0.0
0.0
0.0
0.0
0.0
0.0
0.0
0.0
0.0
0.0
0.0
0.0
0.0
0.0
0.0
0.0
0.0
0.0
0.0
0.0
0.0
0.0
0.0
0.0
0.0
0.0
0.0
0.0
0.0
0.0
0.0
0.0
0.0
0.0
0.0
0.0
0.0
0.0
0.0
0.0
0.0
0.0
0.0
0.0
0.0
0.0
0.0
0.0
0.0
0.0
0.0
0.0
0.0
0.0
0.0
0.0
0.0
0.0
1.0
0.0
0.0
0.0
0.0
0.0
0.0
1.0
0.0
0.0
0.0
0.0
0.0
0.0
0.0
0.0
0.0
0.0
0.0
0.0
0.0
0.0
0.0
0.0
0.0
0.0
0.0
0.0
0.0
0.0
0.0
0.0
0.0
0.0
0.0
0.0
0.0
0.0
0.0
0.0
0.0
0.0
0.0
0.0
0.0
0.0
0.0
0.0
0.0
0.0
0.0
0.0
0.0
0.0
0.0
0.0
0.0
0.0
0.0
0.0
0.0
0.0
0.0
0.0
0.0
0.0
0.0
0.0
0.0
0.0
0.0
0.0
0.0
0.0
0.0
0.0
0.0
0.0
0.0
0.0
0.0
0.0
0.0
0.0
0.0
0.0
0.0
0.0
0.0
0.0
0.0
0.0
0.0
0.0
0.0
0.0
0.0
0.0
0.0
0.0
0.0
0.0
0.0
0.0
0.0
0.0
0.0
0.0
0.0
0.0
0.0
0.0
0.0
0.0
0.0
0.0
0.0
0.0
0.0
0.0
0.0
0.0
0.0
0.0
0.0
0.0
0.0
0.0
0.0
0.0
0.0
0.0
0.0
0.0
0.0
0.0
0.0
0.0
0.0
0.0
0.0
0.0
0.0
0.0
0.0
0.0
-1.0
0.0
0.0
0.0
0.0
0.0
0.0
0.0
0.0
0.0
0.0
0.0
0.0
0.0
0.0
0.0
0.0
0.0
0.0
0.0
0.0
0.0
0.0
0.0
0.0
0.0
0.0
0.0
0.0
0.0
0.0
0.0
0.0
0.0
0.0
0.0
0.0
0.0
0.0
0.0
0.0
0.0
0.0
0.0
0.0
0.0
0.0
0.0
0.0
0.0
0.0
0.0
0.0
0.0
0.0
0.0
0.0
0.0
0.0
0.0
0.0
0.0
0.0
0.0
0.0
0.0
0.0
0.0
0.0
0.0
0.0
0.0
0.0
0.0
0.0
0.0
0.0
0.0
0.0
0.0
0.0
0.0
0.0
0.0
0.0
0.0
0.0
0.0
0.0
0.0
0.0
0.0
0.0
0.0
0.0
0.0
0.0
0.0
0.0
0.0
0.0
0.0
0.0
0.0
0.0
0.0
0.0
0.0
0.0
0.0
0.0
0.0
0.0
0.0
0.0
0.0
0.0
0.0
0.0
0.0
0.0
0.0
0.0
0.0
0.0
0.0
0.0
0.0
0.0
0.0
0.0
0.0
0.0
0.0
0.0
0.0
0.0
0.0
0.0
0.0
0.0
0.0
0.0
0.0
0.0
0.0
0.0
0.0
0.0
0.0
0.0
0.0
0.0
0.0
0.0
0.0
0.0
0.0
0.0
0.0
0.0
0.0
0.0
0.0
0.0
0.0
0.0
0.0
0.0
0.0
0.0
0.0
0.0
0.0
0.0
0.0
0.0
0.0
0.0
1.0
0.0
0.0
0.0
0.0
0.0
0.0
0.0
0.0
0.0
0.0
0.0
0.0
0.0
0.0
0.0
0.0
0.0
0.0
0.0
0.0
0.0
0.0
0.0
0.0
0.0
0.0
0.0
0.0
0.0
0.0
0.0
0.0
0.0
0.0
0.0
0.0
0.0
0.0
0.0
0.0
0.0
0.0
0.0
0.0
0.0
0.0
0.0
0.0
0.0
0.0
0.0
0.0
0.0
0.0
0.0
0.0
0.0
0.0
0.0
0.0
0.0
0.0
0.0
0.0
0.0
0.0
0.0
0.0
0.0
0.0
0.0
0.0
0.0
0.0
0.0
0.0
0.0
0.0
0.0
0.0
0.0
0.0
0.0
0.0
0.0
0.0
0.0
0.0
0.0
0.0
0.0
0.0
0.0
0.0
0.0
0.0
0.0
0.0
0.0
0.0
0.0
0.0
0.0
0.0
0.0
0.0
0.0
0.0
0.0
0.0
0.0
0.0
0.0
0.0
0.0
0.0
0.0
0.0
0.0
0.0
0.0
0.0
0.0
0.0
0.0
0.0
0.0
0.0
0.0
0.0
0.0
0.0
0.0
0.0
0.0
0.0
0.0
0.0
0.0
0.0
0.0
0.0
0.0
0.0
0.0
0.0
0.0
0.0
0.0
0.0
0.0
0.0
0.0
0.0
0.0
0.0
0.0
0.0
0.0
0.0
0.0
0.0
0.0
0.0
0.0
0.0
0.0
0.0
0.0
0.0
0.0
0.0
0.0
0.0
0.0
0.0
0.0
0.0
0.0
0.0
0.0
0.0
0.0
-1.0
0.0
0.0
0.0
0.0
0.0
0.0
0.0
0.0
0.0
0.0
0.0
0.0
0.0
0.0
0.0
0.0
0.0
0.0
0.0
0.0
0.0
0.0
0.0
0.0
0.0
0.0
0.0
0.0
0.0
0.0
0.0
0.0
0.0
0.0
0.0
0.0
0.0
0.0
0.0
0.0
0.0
0.0
0.0
0.0
0.0
0.0
0.0
0.0
0.0
0.0
0.0
0.0
0.0
0.0
0.0
0.0
0.0
0.0
0.0
0.0
0.0
0.0
0.0
0.0
0.0
0.0
0.0
0.0
0.0
0.0
0.0
0.0
0.0
0.0
0.0
0.0
0.0
0.0
0.0
0.0
0.0
0.0
0.0
0.0
0.0
0.0
0.0
0.0
0.0
0.0
0.0
0.0
0.0
0.0
0.0
0.0
0.0
0.0
0.0
0.0
0.0
0.0
0.0
0.0
0.0
0.0
0.0
0.0
0.0
0.0
0.0
0.0
0.0
0.0
0.0
0.0
0.0
0.0
0.0
0.0
0.0
0.0
0.0
0.0
0.0
0.0
0.0
0.0
0.0
0.0
0.0
0.0
0.0
0.0
0.0
0.0
0.0
0.0
0.0
0.0
0.0
0.0
0.0
0.0
0.0
0.0
0.0
0.0
0.0
0.0
0.0
0.0
0.0
0.0
0.0
0.0
0.0
0.0
0.0
0.0
0.0
0.0
0.0
0.0
0.0
0.0
0.0
0.0
0.0
0.0
0.0
0.0
0.0
0.0
0.0
0.0
0.0
0.0
0.0
0.0
0.0
0.0
0.0
0.0
0.0
0.0
0.0
0.0
0.0
0.0
0.0
-1.0
0.0
0.0
0.0
0.0
0.0
0.0
0.0
0.0
0.0
0.0
0.0
0.0
0.0
0.0
0.0
0.0
0.0
0.0
0.0
1.0
0.0
0.0
0.0
0.0
0.0
0.0
0.0
0.0
0.0
0.0
0.0
0.0
0.0
0.0
0.0
0.0
0.0
0.0
0.0
0.0
0.0
0.0
0.0
0.0
0.0
0.0
0.0
0.0
0.0
0.0
0.0
0.0
0.0
0.0
0.0
0.0
0.0
0.0
0.0
0.0
0.0
0.0
0.0
0.0
0.0
0.0
0.0
0.0
0.0
0.0
0.0
0.0
0.0
0.0
0.0
0.0
0.0
0.0
0.0
0.0
0.0
0.0
0.0
0.0
0.0
0.0
0.0
0.0
0.0
0.0
0.0
0.0
0.0
0.0
0.0
0.0
0.0
0.0
0.0
0.0
0.0
0.0
0.0
0.0
0.0
0.0
0.0
0.0
0.0
0.0
0.0
0.0
0.0
0.0
0.0
1.0
1.0
0.0
0.0
0.0
0.0
0.0
0.0
0.0
0.0
0.0
0.0
0.0
0.0
0.0
0.0
0.0
0.0
0.0
0.0
0.0
0.0
0.0
0.0
0.0
0.0
0.0
0.0
0.0
0.0
0.0
0.0
0.0
0.0
0.0
0.0
0.0
0.0
0.0
0.0
0.0
0.0
0.0
0.0
0.0
0.0
0.0
0.0
0.0
0.0
0.0
0.0
0.0
0.0
0.0
0.0
0.0
0.0
0.0
0.0
0.0
0.0
0.0
0.0
0.0
0.0
0.0
0.0
0.0
0.0
0.0
0.0
0.0
0.0
0.0
0.0
0.0
0.0
0.0
0.0
0.0
0.0
0.0
0.0
-1.0
0.0
0.0
0.0
0.0
0.0
0.0
0.0
0.0
0.0
0.0
0.0
0.0
0.0
0.0
0.0
0.0
0.0
0.0
0.0
0.0
0.0
0.0
0.0
0.0
0.0
0.0
0.0
0.0
0.0
0.0
0.0
0.0
0.0
0.0
0.0
0.0
0.0
0.0
0.0
0.0
0.0
0.0
0.0
0.0
0.0
0.0
0.0
0.0
0.0
0.0
0.0
0.0
0.0
0.0
0.0
0.0
0.0
0.0
0.0
0.0
0.0
0.0
0.0
0.0
0.0
0.0
0.0
0.0
0.0
0.0
0.0
0.0
0.0
0.0
0.0
0.0
0.0
0.0
0.0
0.0
0.0
0.0
0.0
0.0
0.0
0.0
0.0
0.0
0.0
0.0
0.0
0.0
0.0
0.0
0.0
0.0
0.0
0.0
0.0
0.0
0.0
0.0
0.0
0.0
0.0
0.0
0.0
0.0
0.0
0.0
0.0
0.0
0.0
0.0
0.0
0.0
0.0
0.0
0.0
0.0
0.0
0.0
0.0
0.0
0.0
0.0
0.0
0.0
0.0
0.0
0.0
0.0
0.0
0.0
0.0
0.0
0.0
0.0
0.0
0.0
0.0
0.0
0.0
0.0
0.0
0.0
0.0
0.0
0.0
0.0
0.0
0.0
0.0
0.0
0.0
0.0
0.0
0.0
0.0
0.0
0.0
0.0
0.0
0.0
0.0
0.0
0.0
0.0
3066.0
122880.0
5120.0
143360.0
0.0
0.0
0.0
0.0
0.0
0.0
0.0
0.0
0.0
0.0
0.0
0.0
24.0
131072.0
0.0
0.0
0.0
0.0
0.0
0.0
0.0
0.0
0.0
0.0
