0.2510692
0.026169337
0.015027452
0.01204497
0.017705072
0.0022807214
0.0013114867
0.0011619312
0.010739235
0.0013805124
0.0009634826
0.0010526406
0.00912001
0.0011331706
0.0006269827
0.010681714
0.0056572245
0.0011533031
0.0009462262
0.00085706805
0.0066494676
0.0007564057
0.00052344427
0.00049468357
0.0028070419
0.0006787519
0.0004918075
0.0005176921
0.0030083666
0.00067299977
0.00056083314
0.00042565799
0.00588731
0.00045441865
0.00033074775
0.0013546278
0.0241791
0.00081680313
0.0016019695
0.0011446748
0.0015847131
0.0011044099
0.00044291437
0.0005435767
0.0008369356
0.00032787168
0.003201063
0.0003163674
0.0014869268
0.0036123407
0.00051194
0.00040840157
0.0013603799
0.00067012367
0.0005263203
0.00064136303
0.0012712218
0.0014322816
0.00047167504
0.0014782987
0.0010900295
0.0005205682
0.00030198708
0.00034800416
0.0073224674
0.002778281
0.004705246
0.005421387
0.009620446
0.02609456
0.0011619312
0.00070751255
0.0012654696
0.00073914934
0.0008283074
0.00046304686
0.0016537388
0.0038280457
0.0003796409
0.00042278192
0.0027926613
0.0005378246
0.0005176921
0.0019586019
0.0027552724
0.010730607
0.00090020907
0.00087432447
0.0016853755
0.0003106153
0.00037388876
0.0015329439
0.0017975421
0.0072706984
0.0009519783
0.0018291789
0.001322991
0.0045528146
0.0013057346
0.0017572772
0.0026574864
0.003155046
0.001751525
0.00063848693
0.0010641449
0.0021915634
0.00025884606
0.00033362382
0.0015128114
0.00063848693
0.0008139271
0.00084556383
0.0021167856
0.00029335887
0.0018521874
0.0022893497
0.00983615
0.0065574334
0.0013402473
0.00077941426
0.0021886872
0.00068450405
0.0004486665
0.00042853403
0.0017026319
0.0037503918
0.00051194
0.0010210039
0.0028358025
0.0012712218
0.00050906395
0.011553163
0.0041674217
0.009189036
0.0004314101
0.00050618785
0.0026200975
0.04132046
0.0002645982
0.039318718
0.0011331706
0.011731478
0.00029623494
0.00033937595
0.022116957
0.00036813662
0.00031349136
0.00025309392
0.00179179
0.0031032767
0.00020707685
0.00036238448
0.0021139095
0.00028760673
0.00020995292
0.00024158966
0.0011417988
0.00075352966
0.00039402122
0.0002645982
0.002260589
0.0009692347
0.000299111
0.00067299977
0.0011360466
0.00030198708
0.0004055255
0.00024734178
0.0028444307
0.00029335887
0.0002732264
0.00027897855
0.0011015338
0.00022145719
0.00017544012
0.00025884606
0.0020189993
0.00018119224
0.0002904828
0.0003163674
0.001622102
0.0005694613
0.0030946485
0.00079091854
0.003966097
0.00067299977
0.0008714484
0.00071038865
0.004020742
0.0010353843
0.0013402473
0.0008254313
0.007917814
0.0010900295
0.0014811747
0.0039315843
0.0040034857
0.0011849398
0.0017572772
0.014432106
0.0024216487
0.0014639182
0.00060109806
0.00029335887
0.00090308517
0.00025309392
0.00022720933
0.0003163674
0.002939341
0.00048030325
0.002513683
0.0004745511
0.00047742718
0.00023583752
0.00029335887
0.00043716223
0.0033189817
0.00031924347
0.00049755967
0.00093759794
0.0013948927
0.00032211954
0.00035663234
0.00033649988
0.0028214222
0.00055220496
0.0007966707
0.00033937595
0.0011446748
0.0033448664
0.00024446571
0.00027610248
0.012677705
0.0039056996
0.00028760673
0.0015559525
0.004731131
0.00022433326
0.00025309392
0.00026747427
0.0018694438
0.00045154258
0.0005263203
0.0006212306
0.0049238275
0.00034225202
0.001705508
0.0006758758
0.005378246
0.00065861945
0.0012137004
0.00091458944
0.0037877806
0.004130033
0.0066782283
0.06586769
0.0
0.0
0.0
0.0
0.0
0.0
0.0
0.0
0.0
0.0
0.0
0.0
0.0
0.0
0.0
0.0
0.0
0.0
0.0
0.0
0.0
0.0
0.0
0.0
0.0
0.0
0.0
0.0
0.0
0.0
0.0
0.0
0.0
0.0
0.0
0.0
0.0
0.0
0.0
0.0
0.0
0.0
0.0
0.0
0.0
0.0
0.0
0.0
0.012568186
0.00024702985
7.3675576e-05
6.500786e-05
5.7784764e-05
1.8780049e-05
2.8892382e-05
0.00033948547
2.6003143e-05
1.8780049e-05
1.8780049e-05
0.00014590652
7.078634e-05
1.8780049e-05
2.7447762e-05
0.0010675736
0.04481353
0.0011094675
0.0014012805
0.00039582563
0.00043771957
0.00057784765
0.0006081846
0.0006717479
0.00039871488
0.00030337
0.0004478319
0.00051283976
0.0004680566
0.0003698225
0.00034381935
0.000394381
0.09834533
0.0017349875
0.003815239
0.0014764006
0.0014301729
0.0011744753
0.0028097841
0.0019473465
0.0012755987
0.0012293708
0.0012900449
0.0011138013
0.0007295326
0.0009621163
0.0007873174
0.0011802538
0.026630107
0.00035104243
0.0014431744
0.00026003143
0.00027736687
0.00033804087
0.0025540865
0.0015240732
0.0004319411
0.00022391595
0.00032792854
0.00028458997
0.00021091438
0.00017479892
0.00011556953
0.00035537628
0.010932878
0.00010834643
0.0009808964
0.00046516734
0.00020224667
0.00019791281
0.002734664
0.0014633992
4.0449333e-05
5.3450905e-05
0.00010834643
0.00011123567
4.0449333e-05
5.2006286e-05
4.3338572e-05
0.00021669286
0.011835764
8.3787905e-05
0.0018274431
0.00069486175
0.0002051359
7.945405e-05
0.003420858
0.0016555334
4.622781e-05
6.211862e-05
0.00021235901
0.00021813749
4.911705e-05
4.478319e-05
6.645248e-05
0.00020802514
0.0044234237
0.00012712648
0.00011990339
0.00016757581
0.0007266434
0.0002715884
0.0010545719
0.0012495955
8.3787905e-05
0.00013434957
0.00011412491
0.00011268029
8.5232525e-05
6.356324e-05
6.500786e-05
7.6564815e-05
0.006458892
0.0001285711
0.00029181305
0.00050995057
0.0017797707
0.00060962926
0.0018028846
0.0012510401
0.00036693324
0.00016468657
0.000151685
0.0001661312
0.00033659625
6.645248e-05
0.00017913277
0.00052873057
0.004406088
0.00012423724
0.0004767243
0.00035971016
0.0012539293
0.0004463873
0.0015428532
0.0009881194
0.00042038417
0.00050561666
8.956638e-05
0.00010256795
0.000182022
0.00013290496
0.00014157267
0.00066163554
0.01714474
0.0016959828
0.0029802492
0.0015298516
0.004482653
0.0016772028
0.0011369152
0.002279609
0.010911208
0.002312835
0.00048683662
0.0019126757
0.0024110693
0.0013521635
0.001607861
0.014125485
0.09013845
0.014438968
0.022198018
0.006913947
0.039530557
0.02097587
0.0043959757
0.015926925
0.08253398
0.018168975
0.00568891
0.012625971
0.02552353
0.008552145
0.020094652
0.061997272
0.032795742
0.006078957
0.008635933
0.0033442932
0.017245863
0.010551497
0.002699993
0.0066004647
0.031361237
0.010866425
0.0028271195
0.005099505
0.012332713
0.0035826552
0.010079107
0.019330448
0.0
0.0
0.0
0.0
0.0
0.0
0.0
0.0
0.0
0.0
0.0
0.0
0.0
0.0
0.0
0.0
1227.0
8.792176
10788.0
0.006488691
0.00037078236
0.0
0.0
0.033926584
0.001575825
0.0
9.269559e-05
0.0012050426
0.00046347795
0.0
0.00037078236
0.0007415647
0.0019466074
0.07804968
0.0013904339
0.002224694
0.008898776
0.0025027809
0.0017612162
0.010381905
0.010103819
0.008527994
0.009176863
0.0019466074
0.0018539118
0.0068594734
0.0007415647
0.0013904339
0.00037078236
0.00027808675
0.0
0.0014831295
0.00315165
0.0007415647
0.0030589544
0.0020393028
0.008342603
0.0012050426
0.0021319985
0.0019466074
0.0066740825
0.00037078236
0.00027808675
0.0032443455
0.0020393028
0.002224694
0.0008342603
0.001575825
0.0
0.0012050426
0.011123471
0.002966259
0.0009269559
0.0006488691
0.0006488691
0.0005561735
0.00027808675
0.001112347
0.008435299
0.0033370412
0.008991472
0.008435299
0.039117537
0.0009269559
0.12643678
0.010567297
0.033741195
0.059974045
0.059510566
0.015665554
0.0054690395
0.0061179087
0.06154987
0.00027808675
0.0008342603
0.022154246
0.013626251
0.018168336
0.018539118
0.009176863
0.00018539118
0.027901372
0.023266593
0.11994809
0.009362254
0.0034297367
0.0021319985
0.018353727
0.0052836486
0.00046347795
0.0
0.003800519
0.0
0.0
0.00037078236
4.9079485
0.0
0.0
0.0
2.0
347697.0
294912.0
0.0
0.0
81.0
0.0
0.0
0.0
0.0
3361.0
1393481600.0
0.0
0.0
0.0
0.0
0.0
1.0
0.0
0.0
0.0
0.0
0.0
0.0
-1.0
0.0
0.0
-1.0
1.0
0.0
0.0
0.0
0.0
0.0
0.0
0.0
0.0
0.0
0.0
0.0
-1.0
0.0
0.0
0.0
0.0
0.0
0.0
0.0
0.0
0.0
0.0
0.0
0.0
-1.0
0.0
0.0
0.0
0.0
0.0
0.0
0.0
0.0
1.0
0.0
2.0
56.0
4.0
0.0
4.0
0.0
246784.0
1024.0
4096.0
5.0
1.0
0.0
1.0
3.0
0.0
0.0
0.0
0.0
0.0
0.0
0.0
0.0
0.0
0.0
0.0
0.0
0.0
0.0
9728.0
0.0
0.0
0.0
0.0
0.0
0.0
0.0
0.0
0.0
0.0
0.0
0.0
0.0
0.0
0.0
0.0
0.0
-1024.0
0.0
0.0
0.0
0.0
0.0
0.0
0.0
0.0
-246784.0
-2560.0
0.0
0.0
0.0
0.0
0.0
0.0
0.0
0.0
0.0
0.0
0.0
0.0
0.0
0.0
0.0
0.0
0.0
0.0
0.0
0.0
0.0
5.110897
0.0
0.0
0.0
0.0
0.0
0.0
0.0
0.0
0.0
0.0
0.0
0.0
0.0
0.0
0.0
0.0
0.0
-1.1830682
0.0
0.0
0.0
0.0
0.0
0.0
0.0
0.0
-6.096468
-4.794765
0.0
0.0
0.0
0.0
0.0
0.0
0.0
0.0
0.0
0.0
0.0
0.0
0.0
0.0
0.0
0.0
0.0
0.0
0.0
0.0
0.0
9512.0
0.0
0.0
0.0
0.0
0.0
0.0
0.0
0.0
0.0
0.0
0.0
0.0
0.0
0.0
18176.0
0.0
0.0
-576.0
0.0
0.0
0.0
0.0
0.0
0.0
0.0
0.0
-246632.0
-2400.0
0.0
0.0
0.0
0.0
0.0
0.0
0.0
0.0
0.0
0.0
-1.0
0.0
0.0
0.0
0.0
0.0
1.0
0.0
0.0
0.0
0.0
0.0
0.0
0.0
0.0
0.0
0.0
0.0
0.0
0.0
0.0
0.0
0.0
0.0
0.0
0.0
0.0
0.0
0.0
0.0
0.0
0.0
0.0
0.0
0.0
0.0
-2.0
0.0
0.0
0.0
1.0
0.0
0.0
0.0
0.0
0.0
0.0
1.0
0.0
0.0
0.0
0.0
0.0
0.0
0.0
0.0
0.0
0.0
0.0
0.0
-1.0
0.0
0.0
0.0
0.0
0.0
0.0
0.0
0.0
0.0
1.0
0.0
0.0
0.0
0.0
1.0
0.0
0.0
0.0
0.0
0.0
0.0
0.0
0.0
0.0
0.0
0.0
0.0
0.0
0.0
0.0
0.0
0.0
0.0
0.0
0.0
0.0
0.0
0.0
0.0
0.0
0.0
0.0
0.0
0.0
0.0
0.0
0.0
0.0
0.0
0.0
0.0
0.0
0.0
0.0
0.0
0.0
0.0
0.0
0.0
0.0
0.0
0.0
0.0
0.0
0.0
0.0
0.0
0.0
0.0
0.0
0.0
0.0
0.0
0.0
0.0
0.0
0.0
0.0
0.0
0.0
0.0
0.0
0.0
0.0
0.0
0.0
0.0
0.0
0.0
0.0
0.0
0.0
0.0
0.0
0.0
0.0
0.0
0.0
0.0
0.0
0.0
0.0
0.0
0.0
0.0
0.0
0.0
0.0
0.0
0.0
0.0
0.0
0.0
0.0
0.0
0.0
0.0
0.0
0.0
0.0
0.0
0.0
0.0
0.0
0.0
0.0
0.0
0.0
0.0
0.0
0.0
0.0
0.0
0.0
0.0
0.0
-1.0
0.0
0.0
0.0
0.0
0.0
0.0
0.0
0.0
0.0
0.0
0.0
0.0
0.0
0.0
0.0
0.0
1.0
0.0
0.0
0.0
0.0
0.0
0.0
0.0
0.0
0.0
0.0
0.0
0.0
0.0
0.0
0.0
0.0
0.0
0.0
0.0
0.0
0.0
0.0
0.0
0.0
0.0
0.0
0.0
0.0
0.0
0.0
0.0
0.0
0.0
0.0
0.0
0.0
0.0
0.0
0.0
0.0
0.0
0.0
0.0
0.0
0.0
0.0
0.0
0.0
0.0
0.0
0.0
0.0
0.0
0.0
0.0
0.0
0.0
0.0
0.0
0.0
0.0
0.0
0.0
0.0
0.0
0.0
0.0
0.0
0.0
0.0
0.0
0.0
0.0
0.0
0.0
0.0
0.0
0.0
0.0
0.0
0.0
0.0
0.0
1.0
0.0
0.0
0.0
0.0
0.0
0.0
0.0
0.0
0.0
0.0
0.0
0.0
0.0
0.0
0.0
0.0
0.0
0.0
0.0
0.0
0.0
0.0
0.0
0.0
0.0
0.0
0.0
0.0
0.0
-1.0
0.0
0.0
0.0
0.0
0.0
0.0
0.0
0.0
0.0
0.0
0.0
0.0
0.0
0.0
0.0
0.0
0.0
0.0
0.0
0.0
0.0
0.0
0.0
0.0
0.0
1.0
0.0
0.0
0.0
0.0
0.0
0.0
0.0
0.0
0.0
0.0
0.0
0.0
0.0
0.0
-1.0
0.0
0.0
0.0
0.0
0.0
0.0
0.0
0.0
-1.0
0.0
0.0
0.0
0.0
0.0
0.0
0.0
0.0
0.0
0.0
0.0
0.0
0.0
0.0
0.0
0.0
0.0
0.0
0.0
0.0
0.0
0.0
0.0
1.0
0.0
-1.0
-2.0
-1.0
0.0
0.0
0.0
0.0
0.0
0.0
0.0
0.0
0.0
1.0
0.0
0.0
0.0
0.0
0.0
0.0
0.0
0.0
0.0
0.0
0.0
0.0
0.0
0.0
0.0
0.0
0.0
0.0
0.0
0.0
1.0
0.0
0.0
0.0
0.0
0.0
0.0
0.0
0.0
0.0
0.0
0.0
0.0
0.0
0.0
0.0
0.0
0.0
0.0
0.0
0.0
0.0
0.0
0.0
0.0
0.0
0.0
1.0
0.0
0.0
0.0
0.0
0.0
0.0
0.0
0.0
0.0
0.0
0.0
0.0
0.0
0.0
0.0
0.0
0.0
0.0
0.0
0.0
0.0
0.0
0.0
0.0
0.0
0.0
0.0
0.0
0.0
0.0
0.0
0.0
0.0
0.0
0.0
0.0
0.0
0.0
0.0
0.0
0.0
0.0
0.0
0.0
-1.0
0.0
0.0
0.0
0.0
-1.0
0.0
0.0
0.0
0.0
0.0
0.0
0.0
0.0
0.0
0.0
0.0
-1.0
0.0
0.0
0.0
0.0
0.0
0.0
0.0
0.0
0.0
0.0
0.0
0.0
0.0
0.0
0.0
0.0
0.0
0.0
0.0
0.0
0.0
0.0
0.0
0.0
0.0
0.0
0.0
0.0
0.0
0.0
0.0
0.0
0.0
0.0
0.0
0.0
0.0
0.0
0.0
0.0
0.0
0.0
0.0
0.0
0.0
0.0
0.0
0.0
0.0
0.0
0.0
0.0
0.0
0.0
0.0
0.0
0.0
0.0
0.0
0.0
0.0
0.0
0.0
0.0
1.0
0.0
0.0
0.0
0.0
0.0
0.0
0.0
0.0
0.0
0.0
0.0
0.0
0.0
0.0
0.0
0.0
-1.0
0.0
0.0
0.0
0.0
0.0
0.0
0.0
0.0
0.0
0.0
0.0
0.0
0.0
0.0
0.0
0.0
0.0
-1.0
0.0
0.0
-1.0
0.0
0.0
0.0
-1.0
0.0
0.0
0.0
0.0
1.0
0.0
0.0
0.0
0.0
0.0
0.0
0.0
0.0
0.0
0.0
0.0
0.0
0.0
0.0
0.0
0.0
0.0
0.0
0.0
0.0
0.0
0.0
0.0
0.0
0.0
0.0
0.0
0.0
0.0
0.0
0.0
0.0
0.0
0.0
0.0
0.0
0.0
0.0
0.0
0.0
1.0
0.0
0.0
0.0
0.0
0.0
0.0
0.0
0.0
1.0
0.0
0.0
0.0
0.0
0.0
0.0
0.0
0.0
0.0
0.0
0.0
0.0
0.0
0.0
0.0
0.0
0.0
0.0
0.0
0.0
0.0
0.0
0.0
0.0
1.0
0.0
0.0
0.0
0.0
0.0
0.0
0.0
0.0
0.0
0.0
0.0
0.0
0.0
0.0
0.0
0.0
0.0
0.0
0.0
0.0
0.0
0.0
0.0
0.0
0.0
0.0
0.0
0.0
0.0
0.0
0.0
0.0
0.0
0.0
0.0
0.0
0.0
0.0
0.0
0.0
0.0
0.0
0.0
0.0
0.0
0.0
0.0
0.0
0.0
0.0
0.0
0.0
0.0
0.0
0.0
0.0
0.0
0.0
0.0
0.0
0.0
0.0
0.0
0.0
0.0
0.0
0.0
0.0
0.0
0.0
0.0
0.0
-1.0
0.0
0.0
0.0
0.0
-1.0
0.0
0.0
0.0
0.0
0.0
0.0
0.0
1.0
0.0
0.0
0.0
0.0
0.0
0.0
0.0
0.0
0.0
0.0
0.0
0.0
0.0
0.0
0.0
0.0
0.0
0.0
0.0
0.0
0.0
-1.0
-1.0
0.0
0.0
0.0
0.0
0.0
0.0
0.0
0.0
0.0
0.0
-1.0
0.0
0.0
0.0
0.0
0.0
0.0
0.0
0.0
0.0
0.0
0.0
0.0
0.0
0.0
0.0
0.0
0.0
1.0
0.0
0.0
0.0
0.0
0.0
0.0
0.0
-1.0
0.0
0.0
0.0
0.0
0.0
0.0
0.0
0.0
0.0
0.0
0.0
0.0
0.0
0.0
0.0
0.0
0.0
0.0
0.0
0.0
0.0
0.0
0.0
0.0
0.0
0.0
0.0
0.0
0.0
0.0
0.0
0.0
0.0
0.0
0.0
0.0
0.0
0.0
0.0
0.0
0.0
0.0
0.0
0.0
-1.0
0.0
0.0
0.0
0.0
0.0
0.0
0.0
0.0
0.0
0.0
0.0
0.0
0.0
0.0
0.0
0.0
0.0
0.0
0.0
-1.0
0.0
0.0
0.0
-1.0
0.0
0.0
0.0
0.0
0.0
0.0
0.0
-1.0
0.0
0.0
0.0
0.0
0.0
0.0
0.0
0.0
0.0
-1.0
0.0
0.0
0.0
0.0
0.0
0.0
0.0
0.0
0.0
0.0
0.0
0.0
1.0
0.0
0.0
0.0
-1.0
0.0
0.0
-1.0
-1.0
0.0
0.0
0.0
0.0
0.0
0.0
0.0
0.0
0.0
0.0
0.0
0.0
0.0
0.0
0.0
0.0
-1.0
0.0
1.0
0.0
0.0
0.0
0.0
0.0
0.0
0.0
0.0
0.0
0.0
0.0
0.0
0.0
0.0
0.0
0.0
0.0
0.0
0.0
0.0
-1.0
0.0
0.0
0.0
0.0
0.0
0.0
0.0
0.0
0.0
0.0
0.0
0.0
-1.0
0.0
0.0
0.0
0.0
0.0
1.0
0.0
0.0
0.0
0.0
0.0
0.0
0.0
0.0
0.0
0.0
0.0
0.0
0.0
0.0
0.0
0.0
0.0
0.0
0.0
0.0
0.0
0.0
0.0
0.0
0.0
0.0
0.0
1.0
0.0
0.0
0.0
0.0
0.0
0.0
0.0
0.0
0.0
0.0
0.0
0.0
0.0
-1.0
0.0
0.0
0.0
-1.0
0.0
1.0
0.0
0.0
1.0
1.0
0.0
0.0
0.0
0.0
0.0
0.0
0.0
0.0
0.0
0.0
0.0
1.0
0.0
0.0
0.0
0.0
0.0
0.0
0.0
1.0
0.0
0.0
0.0
1.0
0.0
0.0
0.0
0.0
0.0
-1.0
0.0
0.0
0.0
0.0
0.0
0.0
0.0
0.0
0.0
0.0
0.0
0.0
0.0
0.0
0.0
1.0
0.0
0.0
2.0
0.0
0.0
0.0
0.0
0.0
0.0
0.0
0.0
0.0
0.0
0.0
0.0
0.0
0.0
0.0
0.0
0.0
0.0
0.0
0.0
-1.0
0.0
0.0
0.0
0.0
0.0
0.0
0.0
0.0
0.0
1.0
0.0
0.0
0.0
0.0
2.0
0.0
0.0
0.0
0.0
0.0
0.0
0.0
0.0
0.0
0.0
0.0
0.0
0.0
0.0
0.0
0.0
0.0
0.0
0.0
0.0
0.0
0.0
0.0
0.0
1.0
0.0
0.0
0.0
0.0
0.0
0.0
0.0
1.0
0.0
0.0
0.0
0.0
0.0
0.0
0.0
0.0
0.0
-1.0
0.0
0.0
0.0
0.0
0.0
0.0
0.0
0.0
0.0
0.0
0.0
0.0
0.0
0.0
0.0
-1.0
0.0
-1.0
0.0
0.0
0.0
0.0
0.0
0.0
0.0
0.0
1.0
0.0
0.0
0.0
0.0
0.0
0.0
0.0
0.0
0.0
0.0
0.0
0.0
1.0
0.0
0.0
0.0
0.0
0.0
0.0
0.0
0.0
0.0
0.0
0.0
0.0
0.0
0.0
0.0
0.0
0.0
0.0
0.0
0.0
0.0
0.0
0.0
0.0
-1.0
0.0
0.0
0.0
0.0
0.0
0.0
0.0
0.0
0.0
0.0
0.0
0.0
0.0
0.0
0.0
0.0
0.0
0.0
0.0
0.0
0.0
0.0
0.0
0.0
0.0
0.0
0.0
1.0
0.0
0.0
0.0
0.0
0.0
0.0
0.0
0.0
0.0
0.0
0.0
0.0
0.0
-2.0
0.0
0.0
0.0
0.0
0.0
0.0
0.0
0.0
0.0
-1.0
0.0
0.0
1.0
0.0
0.0
0.0
0.0
0.0
0.0
0.0
0.0
0.0
0.0
0.0
-1.0
0.0
0.0
0.0
1.0
0.0
0.0
0.0
0.0
0.0
0.0
0.0
0.0
0.0
0.0
0.0
0.0
0.0
0.0
0.0
1.0
0.0
0.0
0.0
0.0
0.0
0.0
0.0
0.0
0.0
0.0
0.0
0.0
0.0
0.0
1.0
0.0
0.0
0.0
0.0
0.0
0.0
0.0
0.0
0.0
0.0
0.0
0.0
0.0
0.0
0.0
0.0
0.0
0.0
0.0
0.0
0.0
0.0
0.0
0.0
0.0
0.0
0.0
0.0
0.0
0.0
0.0
0.0
0.0
0.0
0.0
0.0
0.0
0.0
0.0
0.0
0.0
0.0
0.0
0.0
0.0
0.0
0.0
0.0
0.0
0.0
0.0
0.0
0.0
0.0
0.0
0.0
0.0
0.0
0.0
0.0
0.0
0.0
0.0
0.0
0.0
0.0
0.0
0.0
0.0
0.0
0.0
0.0
0.0
0.0
0.0
0.0
0.0
0.0
0.0
0.0
0.0
0.0
0.0
0.0
0.0
0.0
0.0
0.0
0.0
0.0
0.0
0.0
0.0
0.0
0.0
0.0
0.0
0.0
0.0
0.0
0.0
0.0
0.0
0.0
0.0
0.0
0.0
0.0
0.0
0.0
0.0
0.0
0.0
0.0
0.0
0.0
0.0
0.0
0.0
0.0
0.0
0.0
0.0
0.0
0.0
0.0
0.0
0.0
0.0
0.0
0.0
0.0
0.0
2400.0
290816.0
0.0
0.0
0.0
0.0
0.0
0.0
0.0
0.0
0.0
0.0
0.0
0.0
0.0
0.0
0.0
0.0
0.0
0.0
0.0
0.0
0.0
0.0
0.0
0.0
0.0
0.0
