0.0038562072
3.475588e-05
3.3908174e-05
4.8107224e-05
3.6239362e-05
2.8398097e-05
1.6530235e-05
3.2848544e-05
2.8398097e-05
1.46229e-05
3.9206327e-05
2.1404536e-05
5.6584267e-05
2.8610024e-05
2.1828388e-05
4.4504483e-05
2.2464166e-05
1.5470605e-05
1.0808231e-05
2.2464166e-05
1.3987123e-05
1.9073348e-05
1.1232083e-05
1.8013718e-05
2.2888018e-05
1.2715566e-05
1.1020157e-05
1.6954087e-05
1.2079788e-05
1.3775197e-05
1.6742162e-05
2.5854984e-05
8.731355e-05
2.7974245e-05
3.41201e-05
1.5046753e-05
9.536674e-06
6.781635e-06
1.3351344e-05
1.737794e-05
2.1192609e-05
2.3099945e-05
1.1867862e-05
2.3311872e-05
1.0384379e-05
1.5682532e-05
3.7087066e-05
2.9457728e-05
2.5854984e-05
1.3351344e-05
1.8861423e-05
3.4967805e-05
1.4199049e-05
2.4159575e-05
2.3099945e-05
3.2424694e-05
1.3139418e-05
1.3351344e-05
2.9457728e-05
1.5470605e-05
2.0980684e-05
1.6106384e-05
1.356327e-05
6.1034716e-05
3.517973e-05
3.9418253e-05
2.3311872e-05
6.633287e-05
3.1788913e-05
2.2464166e-05
3.6663216e-05
3.1365063e-05
3.2424694e-05
2.5854984e-05
2.1192609e-05
2.8610024e-05
2.712654e-05
2.4795354e-05
2.5219206e-05
3.0093506e-05
2.4371502e-05
6.145857e-06
2.4159575e-05
2.5219206e-05
1.6106384e-05
0.00011761898
2.3311872e-05
2.5643058e-05
1.3351344e-05
9.960527e-06
1.356327e-05
2.4371502e-05
1.356327e-05
1.6742162e-05
1.1020157e-05
1.631831e-05
1.1444009e-05
7.057139e-05
2.7974245e-05
4.4292556e-05
3.6663216e-05
0.000113168535
2.6914615e-05
3.2212767e-05
2.1616463e-05
6.6544795e-05
2.2040314e-05
4.1961368e-05
5.84916e-05
2.4795354e-05
5.870353e-05
8.3922736e-05
3.41201e-05
3.41201e-05
6.5909015e-05
5.3405376e-05
6.0610866e-05
3.3908174e-05
2.6490763e-05
3.6027435e-05
6.0187012e-05
3.2424694e-05
1.6530235e-05
2.7338467e-05
2.1404536e-05
1.3775197e-05
2.6914615e-05
4.5776036e-05
5.382923e-05
4.3656775e-05
2.2252241e-05
3.7298993e-05
2.818617e-05
2.606691e-05
2.7762318e-05
7.883651e-05
2.6702688e-05
1.3351344e-05
1.9073348e-05
1.9073348e-05
2.0768757e-05
1.4834827e-05
4.1325588e-05
3.4332028e-05
0.98959804
1.25036395e-05
1.1444009e-05
1.9285275e-05
2.606691e-05
1.05963045e-05
1.46229e-05
1.5470605e-05
1.6742162e-05
1.46229e-05
1.5682532e-05
1.44109745e-05
3.3484324e-05
1.2291714e-05
4.280907e-05
1.8861423e-05
8.477044e-06
1.5258679e-05
1.5046753e-05
1.5682532e-05
3.369625e-05
1.3351344e-05
1.1232083e-05
2.5854984e-05
1.9073348e-05
2.2040314e-05
4.3021e-05
2.5854984e-05
2.1192609e-05
9.536674e-06
1.1444009e-05
1.6742162e-05
1.3139418e-05
1.0808231e-05
1.6954087e-05
1.1020157e-05
2.818617e-05
1.356327e-05
1.7801793e-05
2.9457728e-05
1.3987123e-05
1.46229e-05
2.6702688e-05
1.5046753e-05
5.170997e-05
1.4199049e-05
3.9418253e-05
1.9497202e-05
6.4425534e-05
2.4159575e-05
2.0768757e-05
4.4504483e-05
1.6742162e-05
3.7722846e-05
1.5258679e-05
3.0093506e-05
2.9669654e-05
1.6530235e-05
2.2040314e-05
2.1828388e-05
2.2888018e-05
1.25036395e-05
2.5219206e-05
1.7801793e-05
1.737794e-05
1.7589866e-05
1.3987123e-05
1.1867862e-05
1.7589866e-05
9.748601e-06
1.8013718e-05
1.5470605e-05
1.0172453e-05
1.2079788e-05
1.7801793e-05
1.1867862e-05
1.5046753e-05
1.5470605e-05
4.5352186e-05
1.3139418e-05
2.1828388e-05
1.2927492e-05
1.3351344e-05
1.8861423e-05
2.606691e-05
1.0808231e-05
1.6106384e-05
3.2424694e-05
2.3523797e-05
1.2715566e-05
2.0980684e-05
1.9921054e-05
3.0093506e-05
1.2079788e-05
1.46229e-05
2.1192609e-05
2.3735724e-05
8.68897e-06
2.0344905e-05
2.7550393e-05
2.9033876e-05
1.9073348e-05
2.2040314e-05
4.1325588e-05
1.6106384e-05
1.1232083e-05
4.4928332e-05
2.6702688e-05
3.645129e-05
9.748601e-06
2.4159575e-05
4.3868702e-05
0.000868244
0.0
0.0
0.0
0.0
0.0
0.0
0.0
0.0
0.98958105
0.0
0.0
0.0
0.0
0.0
0.0
0.00020222284
0.0
7.419077e-07
8.478945e-07
1.2718417e-06
7.419077e-07
7.843024e-06
3.2855912e-06
0.0
0.0
0.0
1.05986814e-07
0.0
0.0
0.0
0.0
0.0
0.0
0.0
0.0
0.0
0.0
0.0
0.0
0.0
0.0
0.0
0.0
0.0
0.0
0.0
0.0
0.00038462615
6.8891427e-06
6.5711824e-06
5.299341e-07
3.4975649e-06
4.557433e-06
6.253222e-06
3.2855912e-06
4.3454593e-06
8.478945e-07
2.33171e-06
8.478945e-07
1.165855e-06
1.3778285e-06
1.8017759e-06
5.193354e-06
0.00028733024
1.05986814e-07
2.1197363e-07
3.1796043e-07
6.253222e-06
3.6035517e-06
1.7169863e-05
9.6448e-06
0.0
0.0001085305
1.05986814e-07
4.2394726e-07
2.1197363e-07
1.05986814e-07
1.05986814e-07
0.0
0.0
0.0
0.0
0.0
0.0
0.0
0.0
0.0
0.0
0.0
0.0
0.0
0.0
0.0
0.0
0.0
0.0004564852
2.1197363e-06
2.2575192e-05
1.1128615e-05
3.0524203e-05
1.5898022e-05
6.7937544e-05
3.1054136e-05
4.027499e-06
6.3592086e-07
3.1796043e-07
1.2718417e-06
1.3778285e-06
3.1796043e-07
1.2718417e-06
4.2394727e-06
0.0006898682
8.690919e-06
4.758808e-05
2.5436835e-05
2.7132624e-05
1.6533942e-05
0.00013884272
7.9278136e-05
1.6745917e-05
2.6496703e-06
3.1796044e-06
4.3454593e-06
3.4975649e-06
2.4376968e-06
2.1197363e-06
1.695789e-05
0.0
0.0
0.0
0.0
0.0
0.0
0.0
0.0
0.0
0.0
0.0
0.0
0.0
0.0
0.0
0.0
0.0007838785
1.5262101e-05
4.387854e-05
3.6459463e-05
7.811228e-05
0.0001237926
0.00016226582
0.000103231156
3.7413345e-05
1.2930392e-05
1.3672299e-05
2.1197362e-05
2.3105125e-05
1.3460325e-05
1.6215983e-05
3.45517e-05
6.613577e-05
1.5898022e-06
1.2718418e-05
7.631051e-06
1.229447e-05
6.9951298e-06
5.8716694e-05
4.1334857e-05
8.478945e-07
2.0137495e-06
8.478945e-07
1.0598682e-06
4.2394726e-07
1.0598682e-06
8.478945e-07
2.5436834e-06
0.00011775135
5.723288e-06
4.4514463e-06
6.5711824e-06
7.31309e-06
4.8753936e-06
6.5711824e-06
6.253222e-06
9.538813e-06
6.359209e-06
5.193354e-06
7.1011164e-06
9.750787e-06
4.557433e-06
6.677169e-06
8.372958e-06
0.0
0.0
0.0
0.0
0.0
0.0
0.0
0.0
0.0
0.0
0.0
0.0
0.0
0.0
0.0
0.0
0.0
0.0
0.0
0.0
0.0
0.0
0.0
0.0
0.0
0.0
0.0
0.0
0.0
0.0
0.0
0.0
0.0
0.0
0.0
0.0
0.0
0.0
0.0
0.0
0.0
0.0
0.0
0.0
0.0
0.0
0.0
0.0
0.00040296186
0.0002234202
0.00024292177
0.00028097106
0.00033385845
0.00020105699
0.00027069033
0.00030905756
0.000434016
0.00026782867
0.00028160698
0.00029930676
0.00038197648
0.00023910624
0.0002772615
0.00032930102
314.0
15.748407
4945.0
0.059453994
0.002628918
0.0018200203
0.0
0.00040444895
0.0014155713
0.0016177958
0.0010111224
0.004246714
0.006066734
0.00020222447
0.002628918
0.00040444895
0.0024266937
0.020424671
0.0020222447
0.008088979
0.0032355916
0.0056622853
0.0113245705
0.0018200203
0.003437816
0.005257836
0.0032355916
0.0028311426
0.0014155713
0.0038422649
0.0012133468
0.0014155713
0.0
0.00040444895
0.005055612
0.003033367
0.010313448
0.0040444895
0.009100101
0.0113245705
0.007280081
0.008088979
0.007280081
0.0056622853
0.0038422649
0.003437816
0.002628918
0.004246714
0.006066734
0.0024266937
0.0036400405
0.0082912035
0.0008088979
0.007482305
0.009908999
0.003437816
0.08372093
0.0038422649
0.007280081
0.0018200203
0.0020222447
0.0014155713
0.003033367
0.0036400405
0.00020222447
0.0010111224
0.0016177958
0.0012133468
0.046511628
0.004448938
0.020020222
0.016986856
0.087563194
0.0082912035
0.010717897
0.011122346
0.043276038
0.0014155713
0.0070778565
0.03255814
0.013144591
0.038624875
0.04853387
0.017391304
0.0014155713
0.04206269
0.032153692
0.041051567
0.019615773
0.0070778565
0.00950455
0.020626895
0.004448938
0.0028311426
0.007886754
0.0006066734
0.00040444895
0.0012133468
0.0032355916
5.458825
1.0
0.0
0.0
1.0
4718626.0
57344.0
0.0
0.0
54.0
0.0
1.0
0.0
0.0
0.0
1083884500.0
0.0
0.0
0.0
0.0
0.0
1.0
0.0
0.0
0.0
0.0
0.0
0.0
-1.0
0.0
-1.0
-1.0
0.0
0.0
0.0
0.0
0.0
0.0
0.0
0.0
0.0
0.0
0.0
0.0
-1.0
0.0
0.0
0.0
0.0
0.0
0.0
0.0
0.0
0.0
0.0
0.0
0.0
-1.0
0.0
0.0
0.0
0.0
0.0
0.0
0.0
0.0
0.0
0.0
6.0
0.0
4.0
0.0
4.0
0.0
24576.0
4096.0
4096.0
5.0
0.0
0.0
2.0
2.0
0.0
0.0
0.0
0.0
0.0
0.0
0.0
0.0
0.0
0.0
0.0
0.0
0.0
0.0
4096.0
0.0
0.0
0.0
0.0
0.0
0.0
0.0
0.0
0.0
0.0
0.0
0.0
0.0
0.0
0.0
0.0
0.0
-8192.0
0.0
0.0
0.0
-4096.0
0.0
0.0
0.0
0.0
-24576.0
0.0
4096.0
0.0
0.0
0.0
0.0
0.0
0.0
0.0
0.0
0.0
0.0
0.0
0.0
0.0
0.0
0.0
0.0
0.0
0.0
0.0
0.0
5.297788
0.0
0.0
0.0
0.0
0.0
0.0
0.0
0.0
0.0
0.0
0.0
0.0
0.0
0.0
0.0
0.0
0.0
-3.429211
0.0
0.0
0.0
-5.415727
0.0
0.0
0.0
0.0
-7.8354425
0.0
3.7997313
0.0
0.0
0.0
0.0
0.0
0.0
0.0
0.0
0.0
0.0
0.0
0.0
0.0
0.0
0.0
0.0
0.0
0.0
0.0
0.0
2476.0
0.0
0.0
0.0
0.0
0.0
0.0
0.0
0.0
0.0
0.0
0.0
0.0
0.0
0.0
0.0
0.0
0.0
-13432.0
0.0
0.0
0.0
-1024.0
0.0
0.0
0.0
0.0
-23376.0
0.0
2392.0
0.0
0.0
0.0
0.0
0.0
0.0
0.0
0.0
0.0
-1.0
0.0
0.0
0.0
0.0
0.0
1.0
0.0
0.0
0.0
0.0
0.0
0.0
0.0
0.0
0.0
0.0
0.0
0.0
0.0
0.0
0.0
0.0
0.0
0.0
0.0
0.0
0.0
0.0
0.0
0.0
0.0
0.0
0.0
0.0
0.0
-2.0
0.0
0.0
0.0
1.0
0.0
0.0
0.0
0.0
0.0
0.0
0.0
0.0
0.0
0.0
0.0
0.0
0.0
0.0
0.0
0.0
0.0
0.0
0.0
-1.0
0.0
0.0
0.0
0.0
0.0
0.0
0.0
0.0
0.0
1.0
0.0
0.0
0.0
0.0
0.0
0.0
0.0
0.0
0.0
0.0
0.0
0.0
0.0
1.0
0.0
0.0
0.0
0.0
0.0
0.0
0.0
0.0
0.0
0.0
0.0
0.0
0.0
0.0
0.0
0.0
0.0
0.0
0.0
0.0
0.0
0.0
0.0
0.0
0.0
0.0
0.0
0.0
0.0
0.0
0.0
0.0
0.0
0.0
0.0
0.0
0.0
0.0
0.0
0.0
0.0
0.0
-1.0
0.0
0.0
0.0
0.0
0.0
0.0
0.0
0.0
0.0
0.0
0.0
0.0
0.0
0.0
0.0
0.0
0.0
0.0
0.0
0.0
0.0
0.0
0.0
0.0
0.0
0.0
0.0
0.0
0.0
0.0
0.0
0.0
0.0
0.0
0.0
0.0
0.0
0.0
0.0
0.0
0.0
0.0
0.0
0.0
0.0
0.0
0.0
0.0
0.0
0.0
0.0
0.0
0.0
0.0
0.0
0.0
0.0
0.0
0.0
0.0
0.0
0.0
0.0
0.0
0.0
0.0
0.0
0.0
0.0
-1.0
0.0
0.0
0.0
0.0
0.0
0.0
0.0
0.0
0.0
0.0
0.0
0.0
0.0
0.0
0.0
0.0
1.0
0.0
0.0
0.0
0.0
0.0
0.0
0.0
0.0
0.0
0.0
0.0
0.0
0.0
0.0
0.0
0.0
0.0
0.0
0.0
0.0
0.0
0.0
0.0
0.0
0.0
0.0
0.0
0.0
0.0
0.0
0.0
0.0
0.0
0.0
0.0
0.0
0.0
0.0
0.0
0.0
0.0
0.0
0.0
0.0
0.0
0.0
0.0
0.0
0.0
0.0
0.0
0.0
0.0
0.0
0.0
0.0
0.0
0.0
0.0
0.0
0.0
0.0
0.0
0.0
0.0
0.0
0.0
0.0
0.0
0.0
0.0
0.0
0.0
0.0
0.0
0.0
0.0
0.0
0.0
0.0
0.0
0.0
0.0
0.0
0.0
0.0
0.0
0.0
0.0
0.0
0.0
0.0
0.0
0.0
0.0
0.0
0.0
0.0
0.0
0.0
0.0
0.0
0.0
0.0
0.0
0.0
0.0
0.0
0.0
0.0
0.0
0.0
0.0
0.0
0.0
0.0
0.0
0.0
0.0
0.0
0.0
0.0
0.0
0.0
0.0
0.0
0.0
0.0
0.0
0.0
0.0
0.0
0.0
0.0
0.0
0.0
0.0
0.0
0.0
0.0
0.0
0.0
0.0
0.0
0.0
0.0
0.0
0.0
0.0
0.0
0.0
0.0
0.0
0.0
0.0
0.0
0.0
0.0
0.0
0.0
0.0
0.0
0.0
0.0
0.0
0.0
0.0
0.0
0.0
0.0
0.0
0.0
0.0
0.0
0.0
0.0
0.0
0.0
0.0
0.0
0.0
0.0
0.0
0.0
0.0
-1.0
0.0
0.0
0.0
0.0
0.0
0.0
0.0
0.0
0.0
0.0
0.0
0.0
0.0
0.0
0.0
0.0
0.0
0.0
0.0
0.0
0.0
0.0
0.0
0.0
0.0
0.0
0.0
0.0
0.0
0.0
0.0
0.0
0.0
0.0
0.0
0.0
1.0
0.0
0.0
0.0
0.0
0.0
0.0
0.0
0.0
0.0
0.0
0.0
0.0
0.0
0.0
0.0
0.0
0.0
0.0
0.0
0.0
0.0
1.0
0.0
0.0
0.0
0.0
1.0
0.0
0.0
0.0
0.0
0.0
0.0
0.0
0.0
0.0
0.0
0.0
0.0
0.0
0.0
0.0
0.0
1.0
0.0
0.0
0.0
0.0
0.0
0.0
0.0
0.0
0.0
0.0
0.0
0.0
0.0
0.0
0.0
0.0
0.0
0.0
0.0
0.0
0.0
0.0
0.0
0.0
0.0
0.0
0.0
0.0
0.0
0.0
0.0
0.0
0.0
0.0
0.0
0.0
0.0
0.0
0.0
0.0
0.0
0.0
0.0
0.0
-1.0
0.0
0.0
0.0
0.0
0.0
0.0
0.0
0.0
0.0
0.0
0.0
0.0
0.0
0.0
0.0
0.0
0.0
0.0
0.0
0.0
0.0
0.0
0.0
0.0
0.0
0.0
0.0
0.0
0.0
0.0
0.0
0.0
0.0
0.0
0.0
0.0
0.0
0.0
0.0
0.0
0.0
0.0
0.0
0.0
0.0
0.0
0.0
-1.0
0.0
0.0
0.0
0.0
0.0
0.0
0.0
0.0
0.0
0.0
0.0
0.0
0.0
0.0
0.0
0.0
0.0
0.0
0.0
0.0
0.0
0.0
0.0
0.0
0.0
0.0
0.0
0.0
0.0
0.0
1.0
0.0
0.0
0.0
0.0
0.0
0.0
0.0
0.0
0.0
0.0
0.0
0.0
0.0
0.0
0.0
0.0
0.0
0.0
0.0
0.0
0.0
0.0
0.0
0.0
0.0
0.0
0.0
-1.0
0.0
0.0
0.0
0.0
0.0
0.0
0.0
0.0
0.0
0.0
0.0
0.0
0.0
0.0
0.0
0.0
0.0
0.0
0.0
0.0
0.0
0.0
0.0
0.0
0.0
0.0
0.0
0.0
0.0
0.0
0.0
0.0
0.0
0.0
0.0
0.0
0.0
0.0
0.0
0.0
0.0
0.0
-1.0
0.0
0.0
1.0
0.0
0.0
0.0
0.0
0.0
0.0
0.0
0.0
0.0
0.0
0.0
0.0
0.0
0.0
0.0
0.0
0.0
0.0
0.0
0.0
0.0
0.0
0.0
0.0
0.0
0.0
0.0
0.0
0.0
0.0
0.0
0.0
0.0
0.0
0.0
0.0
0.0
0.0
0.0
0.0
0.0
0.0
0.0
-1.0
0.0
0.0
0.0
-1.0
0.0
0.0
0.0
0.0
0.0
0.0
0.0
0.0
0.0
0.0
0.0
0.0
0.0
0.0
0.0
0.0
0.0
0.0
0.0
0.0
0.0
0.0
0.0
0.0
0.0
0.0
0.0
0.0
0.0
0.0
0.0
0.0
0.0
0.0
1.0
0.0
0.0
0.0
0.0
0.0
0.0
0.0
0.0
0.0
0.0
-1.0
0.0
0.0
0.0
0.0
0.0
0.0
0.0
0.0
0.0
0.0
0.0
0.0
0.0
0.0
0.0
0.0
0.0
0.0
0.0
0.0
0.0
0.0
0.0
0.0
0.0
0.0
0.0
0.0
0.0
0.0
1.0
0.0
0.0
0.0
0.0
0.0
0.0
0.0
0.0
0.0
0.0
0.0
0.0
0.0
0.0
0.0
0.0
0.0
0.0
0.0
0.0
0.0
0.0
0.0
0.0
0.0
0.0
0.0
0.0
0.0
0.0
0.0
0.0
0.0
0.0
0.0
0.0
0.0
0.0
-1.0
0.0
0.0
0.0
0.0
0.0
0.0
0.0
0.0
0.0
0.0
0.0
0.0
0.0
0.0
0.0
0.0
0.0
0.0
-1.0
0.0
0.0
0.0
0.0
0.0
0.0
0.0
0.0
0.0
0.0
0.0
0.0
0.0
0.0
0.0
0.0
0.0
0.0
0.0
0.0
0.0
0.0
0.0
0.0
0.0
0.0
0.0
0.0
0.0
0.0
0.0
0.0
0.0
0.0
0.0
0.0
0.0
0.0
0.0
0.0
0.0
0.0
0.0
0.0
0.0
0.0
0.0
0.0
0.0
0.0
0.0
0.0
0.0
0.0
0.0
0.0
0.0
0.0
0.0
0.0
0.0
0.0
0.0
0.0
0.0
0.0
0.0
0.0
1.0
0.0
0.0
-2.0
0.0
0.0
0.0
0.0
0.0
0.0
0.0
0.0
0.0
0.0
0.0
0.0
0.0
0.0
1.0
0.0
0.0
0.0
-1.0
0.0
0.0
0.0
0.0
0.0
0.0
0.0
0.0
0.0
0.0
0.0
-1.0
0.0
0.0
0.0
0.0
0.0
0.0
1.0
0.0
0.0
0.0
0.0
0.0
0.0
0.0
0.0
0.0
0.0
0.0
0.0
0.0
0.0
0.0
0.0
0.0
1.0
0.0
1.0
0.0
0.0
0.0
0.0
0.0
1.0
0.0
0.0
0.0
0.0
0.0
0.0
0.0
0.0
-1.0
0.0
0.0
0.0
0.0
0.0
0.0
0.0
0.0
0.0
0.0
0.0
0.0
0.0
0.0
1.0
0.0
0.0
0.0
0.0
0.0
0.0
0.0
0.0
0.0
0.0
0.0
0.0
0.0
0.0
0.0
0.0
0.0
0.0
0.0
0.0
0.0
0.0
0.0
0.0
0.0
0.0
0.0
0.0
0.0
0.0
0.0
0.0
0.0
0.0
0.0
0.0
0.0
0.0
0.0
0.0
0.0
0.0
0.0
0.0
0.0
0.0
0.0
0.0
-1.0
0.0
0.0
0.0
0.0
0.0
0.0
0.0
0.0
0.0
0.0
0.0
0.0
0.0
0.0
0.0
0.0
0.0
0.0
0.0
0.0
0.0
0.0
0.0
1.0
0.0
0.0
0.0
0.0
0.0
0.0
1.0
0.0
0.0
0.0
0.0
0.0
0.0
0.0
0.0
0.0
0.0
0.0
0.0
0.0
0.0
0.0
0.0
0.0
0.0
0.0
0.0
0.0
0.0
0.0
0.0
1.0
0.0
0.0
0.0
0.0
0.0
0.0
0.0
0.0
0.0
0.0
-1.0
0.0
0.0
0.0
0.0
0.0
0.0
0.0
0.0
0.0
-1.0
0.0
0.0
0.0
0.0
0.0
0.0
0.0
0.0
0.0
0.0
0.0
0.0
0.0
0.0
1.0
0.0
0.0
0.0
0.0
0.0
0.0
0.0
0.0
0.0
0.0
0.0
0.0
0.0
0.0
0.0
0.0
0.0
0.0
-1.0
1.0
0.0
0.0
0.0
0.0
0.0
0.0
0.0
0.0
0.0
0.0
0.0
0.0
0.0
0.0
0.0
0.0
0.0
1.0
0.0
0.0
0.0
-1.0
0.0
0.0
0.0
0.0
0.0
0.0
0.0
0.0
1.0
0.0
0.0
0.0
0.0
0.0
0.0
0.0
0.0
0.0
0.0
0.0
0.0
0.0
0.0
0.0
0.0
0.0
0.0
0.0
0.0
0.0
0.0
0.0
0.0
-1.0
0.0
0.0
0.0
0.0
0.0
0.0
0.0
0.0
0.0
0.0
0.0
0.0
0.0
0.0
0.0
0.0
0.0
0.0
0.0
0.0
0.0
0.0
-1.0
0.0
0.0
0.0
0.0
0.0
0.0
0.0
0.0
0.0
0.0
0.0
0.0
0.0
0.0
0.0
0.0
0.0
0.0
0.0
0.0
0.0
0.0
0.0
-1.0
0.0
0.0
0.0
0.0
0.0
0.0
0.0
0.0
0.0
0.0
0.0
0.0
0.0
0.0
0.0
0.0
0.0
0.0
0.0
0.0
0.0
0.0
0.0
0.0
0.0
-1.0
-1.0
0.0
0.0
0.0
0.0
0.0
0.0
0.0
0.0
0.0
0.0
0.0
0.0
0.0
0.0
0.0
0.0
0.0
0.0
0.0
0.0
0.0
0.0
0.0
0.0
-1.0
0.0
0.0
0.0
0.0
0.0
0.0
0.0
0.0
0.0
0.0
0.0
0.0
0.0
0.0
0.0
0.0
0.0
0.0
0.0
0.0
0.0
0.0
0.0
0.0
0.0
0.0
0.0
0.0
0.0
0.0
0.0
0.0
0.0
0.0
0.0
0.0
0.0
0.0
0.0
0.0
0.0
0.0
0.0
0.0
0.0
0.0
0.0
0.0
0.0
0.0
0.0
0.0
0.0
0.0
0.0
0.0
0.0
0.0
0.0
0.0
0.0
0.0
0.0
0.0
0.0
0.0
0.0
0.0
0.0
0.0
0.0
0.0
0.0
0.0
0.0
0.0
0.0
0.0
0.0
0.0
0.0
0.0
0.0
0.0
0.0
0.0
0.0
0.0
0.0
0.0
0.0
0.0
0.0
0.0
0.0
0.0
0.0
0.0
0.0
0.0
0.0
0.0
0.0
0.0
0.0
0.0
0.0
0.0
0.0
0.0
0.0
0.0
0.0
0.0
0.0
0.0
0.0
0.0
0.0
0.0
0.0
0.0
0.0
0.0
0.0
0.0
0.0
0.0
0.0
0.0
0.0
0.0
0.0
0.0
0.0
0.0
0.0
0.0
0.0
0.0
0.0
0.0
0.0
0.0
0.0
0.0
0.0
0.0
0.0
0.0
0.0
0.0
0.0
0.0
0.0
0.0
0.0
0.0
0.0
0.0
0.0
0.0
0.0
0.0
0.0
0.0
0.0
0.0
80.0
29892.0
2392.0
49152.0
0.0
0.0
0.0
0.0
0.0
0.0
0.0
0.0
0.0
0.0
0.0
0.0
0.0
0.0
0.0
0.0
0.0
0.0
228.0
28672.0
0.0
0.0
0.0
0.0
