0.6432032
0.0056106145
0.002650684
0.0025426932
0.0037993137
0.0015118716
0.000436872
0.0007755705
0.0058560483
0.00084920065
0.001114269
0.0005497715
0.00307283
0.0015315063
0.00026997708
0.0018996568
0.0024396111
0.0008393833
0.00034851587
0.00023561636
0.0018996568
0.0024985152
0.00044668934
0.00027488574
0.0009964608
0.0001521689
0.00014235155
0.00021107298
0.00075102714
0.00017671227
0.00021107298
0.00030924648
0.003043378
0.00025525104
0.00018652962
0.000662671
0.0009768262
0.0010062782
0.00020125564
8.344746e-05
0.00042705465
0.00021598166
0.00021107298
0.0003583332
0.0005301368
0.00030924648
0.00052522816
0.00018162094
0.00061358424
0.00018652962
0.0003190638
0.0019781957
0.0003190638
0.00024052503
0.00030924648
0.00022579901
0.00052031945
0.0005448628
0.0005497715
0.0021794513
0.00057431485
0.0010455475
0.00033378985
0.00032888117
0.0010799083
0.0013891548
0.0041478295
0.006150569
0.0013597028
0.009017235
0.00090319605
0.0006823057
0.0011878991
0.0005988582
0.0003976026
0.0002650684
0.00075102714
0.006253651
0.000436872
0.0003190638
0.003494976
0.0032446336
0.0024003417
0.0008001139
0.00086392666
0.006656162
0.0008344746
0.000662671
0.0005154108
0.00030924648
0.00025525104
0.000647945
0.0005497715
0.0012566206
0.0007608445
0.000873744
0.00067248836
0.001492237
0.00044668934
0.0010406389
0.0016100451
0.00292557
0.0011191777
0.0005546802
0.0032495423
0.0015069629
0.0037845878
0.00065285363
0.0018603875
0.00067248836
0.0016640405
0.0016002278
0.0010455475
0.00010308216
0.0016885839
0.0014186068
0.0044079893
0.004093834
0.0009326481
0.00061358424
0.0008148399
0.0005694062
0.00033378985
0.00031415516
0.0019340176
0.0028519398
0.00049577607
0.000436872
0.0010259129
0.001354794
0.00029452046
0.010676366
0.0008344746
0.0040447474
0.00025525104
0.0003043378
0.0011240863
0.005708788
0.0014235155
0.021416545
0.0005890409
0.0045552496
0.00036324188
0.0003239725
0.00065285363
0.00016689493
0.00016198625
0.0001521689
0.00081974856
0.0016984013
0.00013744287
0.000112899506
0.00028961178
0.00011780818
0.0003239725
0.0002650684
0.0006675797
0.0003583332
0.00018652962
9.8173485e-05
0.0005301368
0.0007412098
0.00014235155
0.0005988582
0.00028961178
0.0001718036
6.8721434e-05
0.0008295659
0.00069703173
0.00042705465
0.00079029653
0.0003239725
0.00023561636
0.00012271685
6.381276e-05
9.8173485e-05
0.00041232863
9.8173485e-05
0.00010308216
0.00010799083
0.00031415516
9.8173485e-05
0.00010308216
8.344746e-05
0.00095719146
0.00031415516
0.00030924648
0.00012762552
0.00029452046
0.0010897256
0.0008541093
0.00020616432
0.003539154
0.0013891548
0.0009130134
0.0013007986
0.0038140398
0.000112899506
0.00048595874
0.0022383553
0.0008148399
0.0009915521
0.00026997708
5.890409e-05
0.033806037
0.00016689493
0.0001325342
0.00018162094
0.0010210042
0.00032888117
0.001747488
0.00084920065
0.0007559358
0.00020125564
0.00016198625
0.0001521689
0.00090319605
6.381276e-05
0.00021107298
0.00010308216
0.0011240863
4.9086742e-05
7.3630115e-05
0.00012762552
0.001143721
0.00049577607
0.00052031945
6.8721434e-05
0.00097191747
0.00076575315
7.853879e-05
3.4360717e-05
0.005797144
0.0016345885
0.00031415516
0.0028077615
0.0029893825
4.9086742e-05
0.0003043378
0.00010308216
0.0014873282
0.00024052503
4.417807e-05
0.0003583332
0.0045159804
0.0003043378
7.853879e-05
0.0007559358
0.003539154
0.0007068491
0.0006675797
0.00038287658
0.005536984
0.0006086756
0.0018898395
0.017582871
0.5481862
7.435755e-06
4.95717e-06
0.0
1.2392925e-05
4.95717e-06
0.0
0.0
2.478585e-06
0.0
0.0
0.0
0.0
4.95717e-06
0.0
0.0
0.004915034
9.91434e-06
4.95717e-06
0.0
4.95717e-06
1.7350096e-05
4.95717e-05
3.965736e-05
1.2392925e-05
4.95717e-06
9.91434e-06
2.478585e-06
2.478585e-06
2.478585e-06
0.0
0.0
0.0140857985
8.427189e-05
3.470019e-05
1.487151e-05
0.00015119369
8.922906e-05
0.00030238737
0.00023298699
2.974302e-05
2.7264436e-05
1.7350096e-05
7.435755e-06
3.965736e-05
1.7350096e-05
2.478585e-06
9.170765e-05
0.0
0.0
0.0
0.0
0.0
0.0
0.0
0.0
0.0
0.0
0.0
0.0
0.0
0.0
0.0
0.0
0.0044242744
5.452887e-05
6.196462e-05
1.487151e-05
4.461453e-05
1.7350096e-05
0.00010657916
6.444321e-05
4.95717e-05
4.7093115e-05
0.0
6.69218e-05
1.487151e-05
1.7350096e-05
3.7178776e-05
5.452887e-05
0.0082710385
0.00019332963
0.00015367227
4.95717e-05
0.00012888642
8.675048e-05
0.00011401491
0.0002305084
0.00010162198
4.7093115e-05
0.00020076538
4.95717e-05
5.452887e-05
0.00027264436
4.95717e-05
0.0001487151
0.0039682146
0.000131365
0.00010657916
2.7264436e-05
0.00011153633
4.461453e-05
0.000116493495
0.00012392925
9.91434e-05
3.965736e-05
3.470019e-05
1.487151e-05
4.2135944e-05
3.470019e-05
1.982868e-05
0.00016110802
0.003075924
4.95717e-06
0.00042135947
0.0001338436
0.00014375793
7.6836135e-05
0.0007460541
0.00040400936
2.478585e-06
7.435755e-06
0.0
2.478585e-06
2.478585e-06
0.0
0.0
5.452887e-05
0.011686528
0.00014375793
0.00035443765
0.00015119369
0.0010385271
0.0004981956
0.0020324397
0.0010434843
0.0003817021
4.2135944e-05
9.6664815e-05
0.00011153633
0.0018663745
0.0001982868
0.00024042274
0.00041888087
0.0072052465
0.00016110802
0.0014598866
0.0005626388
0.0011104061
0.00066673936
0.004211116
0.0020993615
0.0009592124
5.7007455e-05
7.931472e-05
7.6836135e-05
0.0004783669
0.00011897208
0.00030734454
0.00075101125
0.006260906
8.675048e-05
0.0014400579
0.0008551118
0.0016854379
0.0011723707
0.00471179
0.0026669574
0.00035939482
0.00025281566
0.00024290133
0.0001338436
8.17933e-05
0.0002305084
3.470019e-05
8.922906e-05
0.0026000356
0.00015615085
0.00051802426
0.00035443765
0.0010484415
0.0007063967
0.0015565514
0.0009988698
0.00096664816
0.000116493495
0.00019332963
6.69218e-05
0.004382138
0.00013880077
0.0003123017
0.0011128847
0.007800107
0.0010459629
0.00039409503
0.001093056
0.0036063413
0.003105667
0.0018837246
0.0016680877
0.006570729
0.0009443409
0.0005428101
0.000889812
0.0074456693
0.00096416957
0.002198505
0.005532202
0.046932008
0.007611735
0.0030957528
0.005019135
0.020386362
0.013503331
0.0055817734
0.009088972
0.036598787
0.0031701103
0.0033113896
0.0031899388
0.031629223
0.005073664
0.012739927
0.026570432
0.011042097
0.0022951697
0.0011426277
0.0013012572
0.0046671755
0.0032568607
0.002156369
0.0025603783
0.0076712207
0.0009145979
0.0012839071
0.00068904663
0.004600254
0.000860069
0.0022778197
0.0040425723
0.0
0.0
0.0
0.0
0.0
0.0
0.0
0.0
0.0
0.0
0.0
0.0
0.0
0.0
0.0
0.0
370.0
21.175676
7835.0
0.05067007
0.0017868539
0.00025526484
0.0062539885
0.0014039566
0.009317166
0.0020421187
0.00038289727
0.002425016
0.0022973835
0.0011486918
0.0011486918
0.0015315891
0.0034460754
0.010082961
0.0020421187
0.0068921507
0.0022973835
0.0051052966
0.0030631782
0.0034460754
0.0026802807
0.004467135
0.0030631782
0.0051052966
0.006636886
0.008806637
0.004339502
0.00421187
0.009444799
0.006764518
0.0037013402
0.0047223996
0.016081685
0.009700064
0.012890874
0.008551372
0.011231652
0.01531589
0.00893427
0.0075303125
0.010848756
0.0038289726
0.0051052966
0.009189534
0.0079132095
0.008296107
0.0062539885
0.012252713
0.003318443
0.006764518
0.009572431
0.005743459
0.006636886
0.0072750477
0.0040842374
0.0053605614
0.004594767
0.0015315891
0.0020421187
0.0029355455
0.0020421187
0.0016592215
0.0068921507
0.0039566047
0.035098914
0.00893427
0.022718571
0.024633057
0.06892151
0.012635609
0.011359286
0.016081685
0.03433312
0.0040842374
0.008551372
0.041097637
0.015188258
0.038672622
0.039693683
0.017613273
0.0014039566
0.03688577
0.026675176
0.04901085
0.020293554
0.008679004
0.009444799
0.008168475
0.008168475
0.0029355455
0.0047223996
0.005615826
0.0038289726
0.003318443
0.0019144863
5.872597
0.0
0.0
0.0
3.0
203721.0
274432.0
1.0
0.0
65.0
1.0
1.0
0.0
0.0
0.0
1358288100.0
0.0
0.0
0.0
0.0
0.0
1.0
0.0
0.0
0.0
0.0
0.0
0.0
-1.0
1.0
-1.0
-1.0
0.0
0.0
0.0
0.0
0.0
0.0
0.0
0.0
0.0
0.0
0.0
0.0
-1.0
0.0
0.0
0.0
0.0
0.0
0.0
0.0
0.0
0.0
0.0
0.0
0.0
-1.0
0.0
0.0
0.0
0.0
0.0
0.0
0.0
0.0
0.0
0.0
6.0
0.0
4.0
0.0
4.0
0.0
155648.0
4096.0
4096.0
6.0
0.0
0.0
1.0
2.0
0.0
0.0
0.0
0.0
0.0
-8192.0
0.0
0.0
0.0
0.0
0.0
0.0
0.0
0.0
8192.0
0.0
0.0
0.0
0.0
0.0
0.0
0.0
0.0
0.0
0.0
0.0
0.0
0.0
0.0
0.0
0.0
0.0
-8192.0
0.0
0.0
0.0
0.0
0.0
0.0
0.0
0.0
-155648.0
-4096.0
12288.0
0.0
0.0
0.0
0.0
0.0
0.0
0.0
0.0
0.0
0.0
0.0
0.0
0.0
0.0
0.0
0.0
0.0
0.0
0.0
0.0
5.0609403
0.0
0.0
0.0
0.0
0.0
0.0
0.0
0.0
0.0
0.0
0.0
0.0
0.0
0.0
0.0
0.0
0.0
-0.9932581
0.0
0.0
0.0
0.0
0.0
0.0
0.0
0.0
-3.490953
-4.538878
0.0
0.0
0.0
0.0
0.0
0.0
0.0
0.0
0.0
0.0
0.0
0.0
-5091.0
0.0
0.0
0.0
0.0
0.0
0.0
0.0
0.0
7214.0
0.0
0.0
0.0
0.0
0.0
0.0
0.0
0.0
0.0
0.0
0.0
0.0
0.0
0.0
0.0
0.0
0.0
-78360.0
0.0
0.0
0.0
0.0
0.0
0.0
0.0
0.0
-155408.0
-2633.0
10294.0
0.0
0.0
0.0
0.0
0.0
0.0
0.0
0.0
0.0
-1.0
0.0
0.0
0.0
0.0
0.0
1.0
0.0
0.0
0.0
0.0
0.0
0.0
0.0
0.0
0.0
0.0
0.0
0.0
0.0
0.0
0.0
0.0
0.0
0.0
0.0
0.0
0.0
0.0
0.0
0.0
0.0
0.0
0.0
0.0
0.0
-2.0
0.0
0.0
0.0
1.0
0.0
0.0
0.0
0.0
0.0
0.0
0.0
0.0
0.0
0.0
0.0
0.0
0.0
0.0
0.0
0.0
0.0
0.0
0.0
-1.0
0.0
0.0
0.0
0.0
0.0
0.0
0.0
0.0
0.0
1.0
0.0
0.0
0.0
0.0
1.0
0.0
0.0
0.0
0.0
0.0
0.0
0.0
0.0
0.0
0.0
0.0
0.0
0.0
0.0
0.0
0.0
0.0
0.0
0.0
0.0
0.0
0.0
0.0
0.0
0.0
0.0
0.0
0.0
0.0
0.0
0.0
0.0
0.0
0.0
0.0
0.0
0.0
0.0
0.0
0.0
0.0
0.0
0.0
0.0
0.0
0.0
0.0
0.0
0.0
0.0
0.0
-1.0
0.0
0.0
0.0
0.0
0.0
0.0
0.0
0.0
0.0
0.0
0.0
0.0
-1.0
0.0
0.0
0.0
0.0
0.0
0.0
0.0
0.0
0.0
0.0
0.0
0.0
0.0
0.0
0.0
0.0
0.0
0.0
0.0
0.0
0.0
0.0
0.0
0.0
0.0
0.0
0.0
0.0
0.0
0.0
0.0
0.0
0.0
0.0
0.0
0.0
0.0
0.0
0.0
0.0
0.0
0.0
0.0
0.0
0.0
0.0
0.0
0.0
0.0
0.0
0.0
0.0
0.0
0.0
0.0
0.0
-1.0
0.0
0.0
0.0
0.0
0.0
0.0
0.0
0.0
0.0
0.0
0.0
0.0
0.0
0.0
0.0
0.0
1.0
0.0
0.0
0.0
0.0
0.0
0.0
0.0
0.0
0.0
0.0
0.0
0.0
0.0
0.0
0.0
0.0
0.0
0.0
0.0
0.0
0.0
0.0
0.0
0.0
0.0
0.0
0.0
0.0
0.0
0.0
0.0
0.0
0.0
0.0
0.0
0.0
0.0
0.0
0.0
0.0
0.0
0.0
0.0
0.0
0.0
0.0
0.0
0.0
0.0
0.0
0.0
0.0
0.0
0.0
0.0
0.0
0.0
0.0
0.0
0.0
0.0
0.0
0.0
0.0
0.0
0.0
0.0
0.0
0.0
0.0
0.0
0.0
0.0
0.0
0.0
0.0
0.0
0.0
0.0
0.0
0.0
0.0
0.0
0.0
0.0
0.0
0.0
0.0
0.0
0.0
0.0
0.0
0.0
0.0
0.0
0.0
0.0
0.0
0.0
0.0
0.0
0.0
0.0
0.0
0.0
0.0
0.0
0.0
0.0
0.0
0.0
0.0
0.0
0.0
0.0
0.0
0.0
0.0
0.0
0.0
0.0
0.0
0.0
0.0
0.0
0.0
0.0
0.0
0.0
0.0
0.0
0.0
0.0
0.0
0.0
0.0
0.0
0.0
0.0
-1.0
0.0
0.0
0.0
0.0
0.0
0.0
0.0
0.0
0.0
0.0
0.0
1.0
0.0
0.0
0.0
0.0
0.0
0.0
0.0
0.0
0.0
0.0
0.0
0.0
0.0
0.0
0.0
0.0
0.0
0.0
0.0
0.0
0.0
0.0
0.0
0.0
0.0
0.0
0.0
0.0
-1.0
0.0
0.0
0.0
0.0
0.0
0.0
0.0
0.0
0.0
0.0
0.0
0.0
0.0
0.0
0.0
0.0
0.0
0.0
0.0
0.0
0.0
0.0
0.0
0.0
0.0
0.0
0.0
0.0
0.0
0.0
0.0
0.0
0.0
0.0
0.0
0.0
0.0
0.0
0.0
0.0
0.0
0.0
0.0
0.0
0.0
0.0
0.0
0.0
0.0
0.0
0.0
0.0
0.0
0.0
0.0
0.0
0.0
0.0
0.0
0.0
0.0
0.0
0.0
1.0
0.0
0.0
0.0
0.0
0.0
0.0
0.0
0.0
0.0
0.0
0.0
0.0
0.0
0.0
0.0
0.0
0.0
0.0
0.0
0.0
0.0
0.0
0.0
0.0
-1.0
0.0
0.0
0.0
0.0
0.0
0.0
0.0
0.0
0.0
0.0
0.0
0.0
0.0
0.0
0.0
0.0
0.0
0.0
0.0
0.0
0.0
0.0
0.0
0.0
0.0
0.0
0.0
0.0
0.0
0.0
0.0
0.0
0.0
0.0
0.0
0.0
0.0
0.0
0.0
0.0
0.0
0.0
0.0
0.0
0.0
0.0
0.0
0.0
0.0
0.0
0.0
0.0
0.0
0.0
0.0
0.0
0.0
0.0
0.0
0.0
0.0
0.0
0.0
0.0
0.0
0.0
0.0
0.0
0.0
0.0
0.0
0.0
0.0
0.0
0.0
0.0
0.0
0.0
0.0
0.0
0.0
0.0
0.0
0.0
0.0
0.0
0.0
0.0
0.0
-1.0
0.0
0.0
0.0
0.0
0.0
0.0
0.0
0.0
0.0
0.0
0.0
0.0
0.0
0.0
0.0
0.0
0.0
0.0
0.0
0.0
0.0
0.0
0.0
0.0
0.0
0.0
0.0
0.0
0.0
0.0
1.0
0.0
0.0
0.0
0.0
0.0
0.0
0.0
0.0
0.0
0.0
0.0
0.0
0.0
0.0
0.0
-1.0
0.0
0.0
0.0
0.0
0.0
0.0
0.0
0.0
0.0
0.0
0.0
-1.0
0.0
0.0
0.0
0.0
0.0
0.0
-1.0
0.0
0.0
0.0
0.0
0.0
0.0
0.0
0.0
0.0
0.0
0.0
0.0
0.0
0.0
0.0
0.0
0.0
0.0
0.0
0.0
0.0
0.0
0.0
0.0
0.0
0.0
0.0
0.0
0.0
0.0
0.0
0.0
0.0
0.0
0.0
-1.0
0.0
0.0
1.0
0.0
0.0
0.0
0.0
0.0
0.0
0.0
0.0
0.0
0.0
0.0
0.0
0.0
0.0
0.0
0.0
0.0
0.0
0.0
0.0
0.0
0.0
0.0
0.0
0.0
0.0
0.0
0.0
0.0
0.0
0.0
0.0
0.0
0.0
0.0
0.0
0.0
0.0
0.0
0.0
0.0
0.0
0.0
-1.0
0.0
0.0
0.0
-1.0
0.0
0.0
0.0
0.0
0.0
0.0
0.0
0.0
0.0
0.0
0.0
0.0
0.0
0.0
0.0
0.0
0.0
0.0
0.0
0.0
0.0
0.0
0.0
0.0
0.0
0.0
0.0
0.0
0.0
0.0
0.0
0.0
0.0
0.0
1.0
0.0
0.0
0.0
0.0
0.0
0.0
0.0
0.0
0.0
0.0
-1.0
0.0
1.0
0.0
0.0
0.0
0.0
0.0
0.0
0.0
0.0
0.0
0.0
0.0
0.0
0.0
0.0
0.0
0.0
0.0
0.0
0.0
0.0
0.0
0.0
0.0
0.0
0.0
0.0
0.0
0.0
1.0
0.0
0.0
0.0
0.0
0.0
0.0
0.0
0.0
0.0
0.0
0.0
0.0
0.0
0.0
0.0
0.0
0.0
0.0
0.0
0.0
0.0
0.0
0.0
0.0
0.0
0.0
0.0
0.0
0.0
0.0
0.0
0.0
0.0
0.0
0.0
0.0
0.0
0.0
-1.0
0.0
0.0
0.0
0.0
0.0
0.0
0.0
0.0
0.0
0.0
0.0
0.0
0.0
0.0
0.0
0.0
0.0
0.0
-1.0
0.0
0.0
0.0
0.0
0.0
0.0
0.0
0.0
0.0
0.0
0.0
0.0
0.0
0.0
0.0
0.0
0.0
0.0
0.0
0.0
0.0
0.0
0.0
0.0
0.0
0.0
0.0
0.0
0.0
0.0
0.0
0.0
0.0
0.0
0.0
0.0
0.0
0.0
0.0
0.0
0.0
0.0
0.0
0.0
0.0
0.0
0.0
0.0
0.0
0.0
0.0
0.0
1.0
0.0
0.0
0.0
0.0
0.0
0.0
0.0
0.0
0.0
0.0
0.0
0.0
0.0
0.0
0.0
1.0
0.0
0.0
-2.0
0.0
0.0
0.0
0.0
0.0
0.0
0.0
0.0
0.0
0.0
1.0
0.0
0.0
0.0
1.0
0.0
0.0
1.0
-1.0
0.0
0.0
0.0
0.0
0.0
0.0
0.0
0.0
0.0
0.0
0.0
-1.0
-1.0
0.0
0.0
0.0
0.0
0.0
1.0
0.0
0.0
0.0
0.0
0.0
0.0
0.0
0.0
0.0
0.0
0.0
0.0
0.0
0.0
0.0
0.0
0.0
1.0
0.0
1.0
0.0
0.0
0.0
0.0
0.0
0.0
0.0
0.0
0.0
0.0
0.0
0.0
0.0
0.0
-1.0
0.0
0.0
0.0
0.0
0.0
0.0
0.0
0.0
0.0
0.0
0.0
0.0
0.0
0.0
1.0
0.0
0.0
0.0
0.0
0.0
0.0
0.0
0.0
0.0
1.0
0.0
0.0
0.0
0.0
0.0
0.0
0.0
0.0
0.0
0.0
0.0
0.0
0.0
0.0
0.0
0.0
0.0
0.0
0.0
0.0
0.0
0.0
0.0
0.0
0.0
0.0
0.0
0.0
0.0
0.0
0.0
0.0
0.0
0.0
0.0
-1.0
0.0
0.0
-1.0
0.0
0.0
0.0
0.0
0.0
0.0
0.0
0.0
0.0
0.0
0.0
0.0
0.0
0.0
0.0
0.0
0.0
0.0
-1.0
0.0
0.0
0.0
0.0
1.0
0.0
0.0
0.0
0.0
0.0
0.0
1.0
0.0
0.0
0.0
0.0
0.0
0.0
0.0
0.0
0.0
0.0
0.0
0.0
0.0
0.0
0.0
0.0
0.0
0.0
0.0
0.0
-1.0
0.0
0.0
0.0
0.0
0.0
0.0
0.0
0.0
0.0
0.0
0.0
0.0
0.0
-1.0
-1.0
0.0
0.0
0.0
0.0
0.0
0.0
0.0
0.0
0.0
-1.0
0.0
0.0
0.0
0.0
0.0
0.0
0.0
0.0
0.0
0.0
0.0
-1.0
0.0
0.0
1.0
0.0
0.0
0.0
0.0
0.0
0.0
0.0
0.0
0.0
0.0
0.0
0.0
0.0
0.0
0.0
0.0
-1.0
0.0
-1.0
1.0
0.0
0.0
0.0
0.0
1.0
0.0
0.0
0.0
0.0
0.0
0.0
0.0
0.0
0.0
0.0
0.0
0.0
1.0
0.0
0.0
0.0
-1.0
0.0
0.0
0.0
0.0
0.0
0.0
0.0
0.0
1.0
0.0
0.0
0.0
0.0
0.0
0.0
0.0
0.0
0.0
0.0
0.0
0.0
0.0
0.0
0.0
0.0
0.0
1.0
0.0
0.0
0.0
0.0
0.0
0.0
-1.0
0.0
0.0
0.0
0.0
0.0
0.0
0.0
0.0
0.0
0.0
0.0
0.0
0.0
0.0
0.0
0.0
0.0
0.0
0.0
0.0
0.0
0.0
-1.0
0.0
0.0
0.0
0.0
0.0
0.0
0.0
0.0
0.0
0.0
0.0
0.0
0.0
0.0
0.0
0.0
0.0
0.0
0.0
0.0
0.0
0.0
0.0
-1.0
0.0
0.0
0.0
0.0
0.0
0.0
0.0
0.0
0.0
0.0
0.0
0.0
0.0
0.0
0.0
0.0
0.0
0.0
0.0
0.0
0.0
0.0
0.0
0.0
0.0
-1.0
-1.0
0.0
0.0
0.0
0.0
0.0
0.0
0.0
0.0
0.0
0.0
0.0
0.0
0.0
0.0
0.0
0.0
0.0
0.0
0.0
0.0
0.0
0.0
0.0
0.0
-1.0
0.0
0.0
0.0
0.0
0.0
0.0
0.0
0.0
0.0
0.0
0.0
0.0
0.0
0.0
0.0
0.0
0.0
0.0
0.0
0.0
0.0
0.0
0.0
0.0
0.0
0.0
0.0
0.0
0.0
0.0
0.0
0.0
0.0
0.0
0.0
0.0
0.0
0.0
0.0
0.0
0.0
0.0
0.0
0.0
0.0
0.0
0.0
0.0
0.0
0.0
0.0
0.0
0.0
0.0
0.0
0.0
0.0
0.0
0.0
0.0
0.0
0.0
0.0
0.0
0.0
0.0
0.0
0.0
0.0
0.0
0.0
0.0
0.0
0.0
0.0
0.0
0.0
0.0
0.0
0.0
0.0
0.0
0.0
0.0
0.0
0.0
0.0
0.0
0.0
0.0
0.0
0.0
0.0
0.0
0.0
0.0
0.0
0.0
0.0
0.0
0.0
0.0
0.0
0.0
0.0
0.0
0.0
0.0
0.0
0.0
0.0
0.0
0.0
0.0
0.0
0.0
0.0
0.0
0.0
0.0
0.0
0.0
0.0
0.0
0.0
0.0
0.0
0.0
0.0
0.0
0.0
0.0
0.0
0.0
0.0
0.0
0.0
0.0
0.0
0.0
0.0
0.0
0.0
0.0
0.0
0.0
0.0
0.0
0.0
0.0
0.0
0.0
0.0
0.0
0.0
0.0
0.0
0.0
0.0
0.0
0.0
0.0
0.0
0.0
0.0
0.0
0.0
0.0
100.0
249856.0
10294.0
253952.0
0.0
0.0
0.0
0.0
4072.0
266240.0
28.0
159744.0
0.0
0.0
0.0
0.0
0.0
0.0
0.0
0.0
0.0
0.0
484.0
250440.0
0.0
0.0
0.0
0.0
