0.029343238
0.0007305303
0.00039699196
0.00036119763
0.00064429844
0.000299371
0.00014480445
0.00015619356
0.0008118811
0.00015456654
0.00018385284
0.000112264126
0.00050600205
0.00021151212
9.273993e-05
0.00037095972
0.00046369963
7.3215735e-05
5.3691536e-05
5.694557e-05
0.0001692097
0.00024242542
4.881049e-05
4.5556455e-05
0.00015456654
4.0675408e-05
3.416734e-05
3.416734e-05
9.273993e-05
4.0675408e-05
4.2302425e-05
5.5318553e-05
0.00074842747
5.694557e-05
4.3929438e-05
6.5080654e-05
0.00037584075
7.646976e-05
3.5794357e-05
1.9524196e-05
8.623186e-05
7.3215735e-05
1.9524196e-05
9.111291e-05
4.881049e-05
3.904839e-05
0.00020175002
2.6032261e-05
0.00019361493
4.5556455e-05
6.99617e-05
0.0003514355
8.1350816e-05
0.00011389114
6.0199603e-05
3.5794357e-05
0.00012853429
0.000112264126
7.3215735e-05
0.00024567946
9.4366944e-05
7.646976e-05
5.0437506e-05
5.0437506e-05
0.0014106231
0.00018710687
8.460485e-05
0.00013666936
0.00042627827
0.00065731455
0.0002700847
0.00019198791
0.00019361493
0.00013829638
5.694557e-05
3.904839e-05
0.00012853429
0.0003888569
8.1350816e-05
7.484275e-05
0.0004588186
0.0001708367
0.00018710687
0.000300998
0.00012202622
0.00029286294
0.00027171173
0.0002391714
9.599396e-05
0.00024242542
3.7421374e-05
8.1350816e-05
8.94859e-05
0.00013666936
0.00017246373
0.00013504236
6.5080654e-05
0.00042627827
5.5318553e-05
0.0001692097
0.00021151212
0.0007939839
0.00017409075
0.000110637106
0.000299371
0.0004100081
0.00029123592
7.3215735e-05
0.00031238713
0.00012202622
0.0003498085
0.00044417544
0.00039211093
2.7659276e-05
0.00047346173
0.0003384194
0.0010494255
0.0008704537
0.00015782058
0.00015293952
0.00022452825
0.00010575606
3.091331e-05
7.809678e-05
9.273993e-05
0.00019361493
5.5318553e-05
4.2302425e-05
0.00039373795
0.00011551815
4.881049e-05
0.001106371
0.00018547986
0.000504375
1.9524196e-05
2.7659276e-05
0.00025544156
0.00062477426
0.00019524196
0.0015521735
4.5556455e-05
0.00055643957
6.182662e-05
0.00010738307
0.9201102
1.6270164e-05
1.4643147e-05
2.2778228e-05
3.7421374e-05
0.00013504236
5.3691536e-05
4.881049e-05
3.091331e-05
2.4405244e-05
9.762098e-06
1.7897179e-05
2.2778228e-05
4.881049e-06
2.7659276e-05
0.006595924
0.00012039921
0.000104129045
3.5794357e-05
8.94859e-05
2.7659276e-05
3.5794357e-05
1.7897179e-05
1.1389114e-05
5.5318553e-05
2.2778228e-05
1.7897179e-05
1.9524196e-05
2.1151212e-05
1.6270163e-06
6.5080653e-06
8.135082e-06
3.5794357e-05
8.135082e-06
1.3016131e-05
6.5080654e-05
0.00015619356
1.3016131e-05
4.2302425e-05
6.345363e-05
8.623186e-05
1.9524196e-05
3.2540327e-05
2.4405244e-05
2.4405244e-05
3.7421374e-05
7.9723795e-05
4.881049e-05
0.00043278633
0.00024242542
7.484275e-05
0.00036282462
0.00027821978
1.9524196e-05
0.00012039921
0.00031401415
0.00012528025
0.00010738307
3.091331e-05
2.6032261e-05
0.00012853429
1.4643147e-05
3.2540327e-05
4.2302425e-05
6.0199603e-05
7.3215735e-05
9.111291e-05
5.0437506e-05
3.7421374e-05
1.3016131e-05
2.1151212e-05
1.9524196e-05
8.7858876e-05
1.6270164e-05
3.091331e-05
4.7183472e-05
5.3691536e-05
3.2540327e-06
2.1151212e-05
1.9524196e-05
0.00012528025
4.0675408e-05
1.6270164e-05
1.4643147e-05
8.623186e-05
3.416734e-05
4.7183472e-05
1.7897179e-05
0.00065731455
0.00018222582
3.2540327e-05
0.00041814317
0.00023429035
1.4643147e-05
2.9286293e-05
4.7183472e-05
0.0002294093
4.3929438e-05
9.762098e-06
9.111291e-05
0.00020825809
1.4643147e-05
0.00020175002
0.00030587905
0.00042302423
0.00011714517
6.182662e-05
6.99617e-05
0.00045719158
6.99617e-05
0.00012690727
0.002199726
0.003338898
0.0
0.0
0.0
0.0
0.0
0.0
0.0
0.0
0.9232053
0.0
0.0
0.0
0.0
0.0
0.0
0.0018063961
0.0
5.7061247e-06
6.5212853e-06
9.781928e-06
5.7061247e-06
6.032189e-05
2.5269981e-05
0.0
0.0030878286
0.0
8.1516066e-07
0.0
0.0
0.0
0.0
0.0
0.0
0.0
0.0
0.0
0.0
0.0
0.0
0.0
0.0
0.0
0.0
0.0
0.0
0.0
0.0
0.0029565878
5.2170282e-05
5.1355124e-05
4.0758036e-06
2.8530623e-05
3.668223e-05
4.8909642e-05
2.3639659e-05
3.3421587e-05
6.5212853e-06
1.7933535e-05
6.5212853e-06
8.966767e-06
1.05970885e-05
1.3042571e-05
3.994287e-05
0.0022099006
8.1516066e-07
1.6303213e-06
2.445482e-06
4.809448e-05
2.7715463e-05
0.00013205603
7.4179625e-05
0.0
0.0008347245
8.1516066e-07
3.2606426e-06
1.6303213e-06
8.1516066e-07
8.1516066e-07
0.0
0.0
0.0
0.0
0.0
0.0
0.0
0.0
0.0
0.0
0.0
0.0
0.0
0.0
0.0
0.0
0.0
0.003510897
1.6303215e-05
0.00017362923
8.559187e-05
0.00023476628
0.0001222741
0.000522518
0.00023884208
3.0976105e-05
4.890964e-06
2.445482e-06
9.781928e-06
1.05970885e-05
2.445482e-06
9.781928e-06
3.260643e-05
0.0053058807
6.6843175e-05
0.00036600715
0.00019563857
0.00020868113
0.00012716507
0.0010678605
0.0006097402
0.0001287954
2.0379017e-05
2.4454821e-05
3.3421587e-05
2.6900303e-05
1.8748695e-05
1.6303215e-05
0.00013042572
0.0021569151
6.928866e-05
3.831255e-05
3.260643e-05
0.00010597089
0.000111677015
5.2170282e-05
9.211316e-05
0.00019237792
3.668223e-05
1.8748695e-05
1.3857732e-05
9.53738e-05
1.8748695e-05
9.618896e-05
0.00020786597
0.0032207
3.9127714e-05
0.0002755243
0.00018993244
0.00045648997
0.00022090855
0.0011501918
0.000700223
0.00012716507
2.0379017e-05
1.05970885e-05
4.3203516e-05
3.423675e-05
1.3042571e-05
1.9563857e-05
0.00015651085
0.0005086603
1.22274105e-05
9.7819284e-05
5.869157e-05
9.4558636e-05
5.3800606e-05
0.00045159901
0.00031791267
6.5212853e-06
1.5488053e-05
6.5212853e-06
8.151607e-06
3.2606426e-06
8.151607e-06
6.5212853e-06
1.9563857e-05
0.0
0.0
0.0
0.0
0.0
0.0
0.0
0.0
0.0
0.0
0.0
0.0
0.0
0.0
0.0
0.0
0.0008445065
8.722219e-05
3.749739e-05
3.3421587e-05
0.000248624
0.00019400824
5.950673e-05
9.7819284e-05
0.00056490634
8.559187e-05
2.2009339e-05
4.1573196e-05
0.00018911727
1.7933535e-05
0.00022824499
0.0005869157
0.004586094
0.00063990115
0.00044670806
0.00056327606
0.0017468893
0.0011428553
0.00038394067
0.0010140599
0.0027430158
0.00033747652
0.00020215985
0.0002755243
0.001049927
0.00024699367
0.0008999374
0.002085181
0.0035035606
0.000654574
0.00050132384
0.0006130008
0.0012781719
0.00096922606
0.00034725846
0.0010817182
0.0019808405
0.00020215985
0.0002885669
0.00031139137
0.0009317287
0.00030813075
0.0007026685
0.0013507212
0.0
0.0
0.0
0.0
0.0
0.0
0.0
0.0
0.0
0.0
0.0
0.0
0.0
0.0
0.0
0.0
243.0
17.11111
4158.0
0.07022607
0.0021645022
0.0007215007
0.00024050025
0.000962001
0.0014430014
0.0
0.00024050025
0.005050505
0.0045695044
0.0
0.0004810005
0.0
0.0031265032
0.024050023
0.0012025012
0.00937951
0.0031265032
0.0062530064
0.013227513
0.001924002
0.0033670033
0.0055315057
0.0016835016
0.0031265032
0.0012025012
0.001924002
0.0004810005
0.00024050025
0.00024050025
0.00024050025
0.0004810005
0.0026455026
0.01034151
0.0033670033
0.008658009
0.013468013
0.008417509
0.0074555073
0.0074555073
0.006012506
0.0036075036
0.000962001
0.0014430014
0.0036075036
0.006974507
0.0024050025
0.0031265032
0.00937951
0.0007215007
0.008417509
0.013468013
0.0045695044
0.0031265032
0.005291005
0.00986051
0.0012025012
0.0007215007
0.0007215007
0.0004810005
0.0036075036
0.0004810005
0.0004810005
0.0007215007
0.0016835016
0.053631555
0.005050505
0.02068302
0.018518519
0.103174604
0.007936508
0.0115440115
0.013468013
0.05098605
0.0012025012
0.0067340066
0.036315538
0.015392016
0.044973545
0.055315055
0.02020202
0.0
0.04858105
0.036796536
0.05146705
0.022847522
0.006974507
0.008898509
0.02068302
0.004810005
0.0024050025
0.008417509
0.0
0.0
0.0
0.0012025012
5.303963
1.0
0.0
0.0
1.0
614622.0
57344.0
0.0
0.0
54.0
0.0
1.0
0.0
0.0
0.0
1083884500.0
0.0
0.0
0.0
0.0
0.0
1.0
0.0
0.0
0.0
0.0
0.0
0.0
-1.0
0.0
-1.0
-1.0
0.0
0.0
0.0
0.0
0.0
0.0
0.0
0.0
0.0
0.0
0.0
0.0
-1.0
0.0
0.0
0.0
0.0
0.0
0.0
0.0
0.0
0.0
0.0
0.0
0.0
-1.0
0.0
0.0
0.0
0.0
0.0
0.0
0.0
0.0
0.0
0.0
6.0
0.0
4.0
0.0
4.0
0.0
24576.0
4096.0
4096.0
5.0
0.0
0.0
1.0
1.0
0.0
0.0
4096.0
0.0
0.0
0.0
0.0
0.0
0.0
0.0
0.0
0.0
0.0
0.0
4096.0
0.0
0.0
0.0
0.0
0.0
0.0
0.0
0.0
0.0
0.0
0.0
0.0
0.0
0.0
0.0
0.0
0.0
-8192.0
0.0
0.0
0.0
0.0
0.0
0.0
0.0
0.0
-24576.0
0.0
4096.0
0.0
0.0
0.0
0.0
0.0
0.0
0.0
0.0
0.0
0.0
0.0
0.0
0.0
0.0
0.0
0.0
0.0
0.0
0.0
0.0
5.297788
0.0
0.0
0.0
0.0
0.0
0.0
0.0
0.0
0.0
0.0
0.0
0.0
0.0
0.0
0.0
0.0
0.0
-3.429211
0.0
0.0
0.0
0.0
0.0
0.0
0.0
0.0
-6.5496798
0.0
3.7997313
0.0
0.0
0.0
0.0
0.0
0.0
0.0
0.0
3942.0
0.0
0.0
0.0
0.0
0.0
0.0
0.0
0.0
0.0
0.0
0.0
2476.0
0.0
0.0
0.0
0.0
0.0
0.0
0.0
0.0
0.0
0.0
0.0
0.0
0.0
0.0
0.0
0.0
0.0
-13432.0
0.0
0.0
0.0
0.0
0.0
0.0
0.0
0.0
-23376.0
0.0
2392.0
0.0
0.0
0.0
0.0
0.0
0.0
0.0
0.0
0.0
-1.0
0.0
0.0
0.0
0.0
0.0
1.0
0.0
0.0
0.0
0.0
0.0
0.0
0.0
0.0
0.0
0.0
0.0
0.0
0.0
0.0
0.0
0.0
0.0
0.0
0.0
0.0
0.0
0.0
0.0
0.0
0.0
0.0
0.0
0.0
0.0
-2.0
0.0
0.0
0.0
1.0
0.0
0.0
0.0
0.0
0.0
0.0
0.0
0.0
0.0
0.0
0.0
0.0
0.0
0.0
0.0
0.0
0.0
0.0
0.0
-1.0
0.0
0.0
0.0
0.0
0.0
0.0
0.0
0.0
0.0
1.0
0.0
0.0
0.0
0.0
1.0
0.0
0.0
0.0
0.0
0.0
0.0
0.0
0.0
0.0
0.0
0.0
0.0
0.0
0.0
0.0
0.0
0.0
0.0
0.0
0.0
0.0
0.0
0.0
0.0
0.0
0.0
0.0
0.0
0.0
0.0
0.0
0.0
0.0
0.0
0.0
0.0
0.0
0.0
0.0
0.0
0.0
0.0
0.0
0.0
0.0
0.0
0.0
0.0
0.0
0.0
0.0
-1.0
0.0
0.0
0.0
0.0
0.0
0.0
0.0
0.0
0.0
0.0
0.0
0.0
0.0
0.0
0.0
0.0
0.0
0.0
0.0
0.0
0.0
0.0
0.0
0.0
0.0
0.0
0.0
0.0
0.0
0.0
0.0
0.0
0.0
0.0
0.0
0.0
0.0
0.0
0.0
0.0
0.0
0.0
0.0
0.0
0.0
0.0
0.0
0.0
0.0
0.0
0.0
0.0
0.0
0.0
0.0
0.0
0.0
0.0
0.0
0.0
0.0
0.0
0.0
0.0
0.0
0.0
0.0
0.0
0.0
-1.0
0.0
0.0
0.0
0.0
0.0
0.0
0.0
0.0
0.0
0.0
0.0
0.0
0.0
0.0
0.0
0.0
1.0
0.0
0.0
0.0
0.0
0.0
0.0
0.0
0.0
0.0
0.0
0.0
0.0
0.0
0.0
0.0
0.0
0.0
0.0
0.0
0.0
0.0
0.0
0.0
0.0
0.0
0.0
0.0
0.0
0.0
0.0
0.0
0.0
0.0
0.0
0.0
0.0
0.0
0.0
0.0
0.0
0.0
0.0
0.0
0.0
0.0
0.0
0.0
0.0
0.0
0.0
0.0
0.0
0.0
0.0
0.0
0.0
0.0
0.0
0.0
0.0
0.0
0.0
0.0
0.0
0.0
0.0
0.0
0.0
0.0
0.0
0.0
0.0
0.0
0.0
0.0
0.0
0.0
0.0
0.0
0.0
0.0
0.0
0.0
0.0
0.0
0.0
0.0
0.0
0.0
0.0
0.0
0.0
0.0
0.0
0.0
0.0
0.0
0.0
0.0
0.0
0.0
0.0
0.0
0.0
0.0
0.0
0.0
0.0
0.0
0.0
0.0
0.0
0.0
0.0
0.0
0.0
0.0
0.0
0.0
0.0
0.0
0.0
0.0
0.0
0.0
0.0
0.0
0.0
0.0
0.0
0.0
0.0
0.0
0.0
0.0
0.0
0.0
0.0
0.0
0.0
0.0
0.0
0.0
0.0
0.0
0.0
0.0
0.0
0.0
0.0
0.0
0.0
0.0
0.0
0.0
0.0
0.0
0.0
0.0
0.0
0.0
0.0
0.0
0.0
0.0
0.0
0.0
0.0
0.0
0.0
0.0
0.0
0.0
0.0
0.0
0.0
0.0
0.0
0.0
0.0
0.0
0.0
0.0
0.0
0.0
-1.0
0.0
0.0
0.0
0.0
0.0
0.0
0.0
0.0
0.0
0.0
0.0
0.0
0.0
0.0
0.0
0.0
0.0
0.0
0.0
0.0
0.0
0.0
0.0
0.0
0.0
0.0
0.0
0.0
0.0
0.0
0.0
0.0
0.0
0.0
0.0
0.0
1.0
0.0
0.0
0.0
0.0
0.0
0.0
0.0
0.0
0.0
0.0
0.0
0.0
0.0
0.0
0.0
0.0
0.0
0.0
0.0
0.0
0.0
1.0
0.0
0.0
0.0
0.0
1.0
0.0
0.0
0.0
0.0
0.0
0.0
0.0
0.0
0.0
0.0
0.0
0.0
0.0
0.0
0.0
0.0
1.0
0.0
0.0
0.0
0.0
0.0
0.0
0.0
0.0
0.0
0.0
0.0
0.0
0.0
0.0
0.0
0.0
0.0
0.0
0.0
0.0
0.0
0.0
0.0
0.0
0.0
0.0
0.0
0.0
0.0
0.0
0.0
0.0
0.0
0.0
0.0
0.0
0.0
0.0
0.0
0.0
0.0
0.0
0.0
0.0
-1.0
0.0
0.0
0.0
0.0
0.0
0.0
0.0
0.0
0.0
0.0
0.0
0.0
0.0
0.0
0.0
0.0
0.0
0.0
0.0
0.0
0.0
0.0
0.0
0.0
0.0
0.0
0.0
0.0
0.0
0.0
0.0
0.0
0.0
0.0
0.0
0.0
0.0
0.0
0.0
0.0
0.0
0.0
0.0
0.0
0.0
0.0
0.0
-1.0
0.0
0.0
0.0
0.0
0.0
0.0
0.0
0.0
0.0
0.0
0.0
0.0
0.0
0.0
0.0
0.0
0.0
0.0
0.0
0.0
0.0
0.0
0.0
0.0
0.0
0.0
0.0
0.0
0.0
0.0
1.0
0.0
0.0
0.0
0.0
0.0
0.0
0.0
0.0
0.0
0.0
0.0
0.0
0.0
0.0
0.0
0.0
0.0
0.0
0.0
0.0
0.0
0.0
0.0
0.0
0.0
0.0
0.0
-1.0
0.0
0.0
0.0
0.0
0.0
0.0
0.0
0.0
0.0
0.0
0.0
0.0
0.0
0.0
0.0
0.0
0.0
0.0
0.0
0.0
0.0
0.0
0.0
0.0
0.0
0.0
0.0
0.0
0.0
0.0
0.0
0.0
0.0
0.0
0.0
0.0
0.0
0.0
0.0
0.0
0.0
0.0
-1.0
0.0
0.0
1.0
0.0
0.0
0.0
0.0
0.0
0.0
0.0
0.0
0.0
0.0
0.0
0.0
0.0
0.0
0.0
0.0
0.0
0.0
0.0
0.0
0.0
0.0
0.0
0.0
0.0
0.0
0.0
0.0
0.0
0.0
0.0
0.0
0.0
0.0
0.0
0.0
0.0
0.0
0.0
0.0
0.0
0.0
0.0
-1.0
0.0
0.0
0.0
-1.0
0.0
0.0
0.0
0.0
0.0
0.0
0.0
0.0
0.0
0.0
0.0
0.0
0.0
0.0
0.0
0.0
0.0
0.0
0.0
0.0
0.0
0.0
0.0
0.0
0.0
0.0
0.0
0.0
0.0
0.0
0.0
0.0
0.0
0.0
1.0
0.0
0.0
0.0
0.0
0.0
0.0
0.0
0.0
0.0
0.0
-1.0
0.0
0.0
0.0
0.0
0.0
0.0
0.0
0.0
0.0
0.0
0.0
0.0
0.0
0.0
0.0
0.0
0.0
0.0
0.0
0.0
0.0
0.0
0.0
0.0
0.0
0.0
0.0
0.0
0.0
0.0
1.0
0.0
0.0
0.0
0.0
0.0
0.0
0.0
0.0
0.0
0.0
0.0
0.0
0.0
0.0
0.0
0.0
0.0
0.0
0.0
0.0
0.0
0.0
0.0
0.0
0.0
0.0
0.0
0.0
0.0
0.0
0.0
0.0
0.0
0.0
0.0
0.0
0.0
0.0
-1.0
0.0
0.0
0.0
0.0
0.0
0.0
0.0
0.0
0.0
0.0
0.0
0.0
0.0
0.0
0.0
0.0
0.0
0.0
-1.0
0.0
0.0
0.0
0.0
0.0
0.0
0.0
0.0
0.0
0.0
0.0
0.0
0.0
0.0
0.0
0.0
0.0
0.0
0.0
0.0
0.0
0.0
0.0
0.0
0.0
0.0
0.0
0.0
0.0
0.0
0.0
0.0
0.0
0.0
0.0
0.0
0.0
0.0
0.0
0.0
0.0
0.0
0.0
0.0
0.0
0.0
0.0
0.0
0.0
0.0
0.0
0.0
0.0
0.0
0.0
0.0
0.0
0.0
0.0
0.0
0.0
0.0
0.0
0.0
0.0
0.0
0.0
0.0
1.0
0.0
0.0
-2.0
0.0
0.0
0.0
0.0
0.0
0.0
0.0
0.0
0.0
0.0
0.0
0.0
0.0
0.0
1.0
0.0
0.0
0.0
-1.0
0.0
0.0
0.0
0.0
0.0
0.0
0.0
0.0
0.0
0.0
0.0
-1.0
0.0
0.0
0.0
0.0
0.0
0.0
1.0
0.0
0.0
0.0
0.0
0.0
0.0
0.0
0.0
0.0
0.0
0.0
0.0
0.0
0.0
0.0
0.0
0.0
1.0
0.0
1.0
0.0
0.0
0.0
0.0
0.0
1.0
0.0
0.0
0.0
0.0
0.0
0.0
0.0
0.0
-1.0
0.0
0.0
0.0
0.0
0.0
0.0
0.0
0.0
0.0
0.0
0.0
0.0
0.0
0.0
1.0
0.0
0.0
0.0
0.0
0.0
0.0
0.0
0.0
0.0
0.0
0.0
0.0
0.0
0.0
0.0
0.0
0.0
0.0
0.0
0.0
0.0
0.0
0.0
0.0
0.0
0.0
0.0
0.0
0.0
0.0
0.0
0.0
0.0
0.0
0.0
0.0
0.0
0.0
0.0
0.0
0.0
0.0
0.0
0.0
0.0
0.0
0.0
0.0
-1.0
0.0
0.0
0.0
0.0
0.0
0.0
0.0
0.0
0.0
0.0
0.0
0.0
0.0
0.0
0.0
0.0
0.0
0.0
0.0
0.0
0.0
0.0
0.0
1.0
0.0
0.0
0.0
0.0
0.0
0.0
1.0
0.0
0.0
0.0
0.0
0.0
0.0
0.0
0.0
0.0
0.0
0.0
0.0
0.0
0.0
0.0
0.0
0.0
0.0
0.0
0.0
0.0
0.0
0.0
0.0
1.0
0.0
0.0
0.0
0.0
0.0
0.0
0.0
0.0
0.0
0.0
-1.0
0.0
0.0
0.0
0.0
0.0
0.0
0.0
0.0
0.0
-1.0
0.0
0.0
0.0
0.0
0.0
0.0
0.0
0.0
0.0
0.0
0.0
0.0
0.0
0.0
1.0
0.0
0.0
0.0
0.0
0.0
0.0
0.0
0.0
0.0
0.0
0.0
0.0
0.0
0.0
0.0
0.0
0.0
0.0
-1.0
1.0
0.0
0.0
0.0
0.0
0.0
0.0
0.0
0.0
0.0
0.0
0.0
0.0
0.0
0.0
0.0
0.0
0.0
1.0
0.0
0.0
0.0
-1.0
0.0
0.0
0.0
0.0
0.0
0.0
0.0
0.0
1.0
0.0
0.0
0.0
0.0
0.0
0.0
0.0
0.0
0.0
0.0
0.0
0.0
0.0
0.0
0.0
0.0
0.0
0.0
0.0
0.0
0.0
0.0
0.0
0.0
-1.0
0.0
0.0
0.0
0.0
0.0
0.0
0.0
0.0
0.0
0.0
0.0
0.0
0.0
0.0
0.0
0.0
0.0
0.0
0.0
0.0
0.0
0.0
-1.0
0.0
0.0
0.0
0.0
0.0
0.0
0.0
0.0
0.0
0.0
0.0
0.0
0.0
0.0
0.0
0.0
0.0
0.0
0.0
0.0
0.0
0.0
0.0
-1.0
0.0
0.0
0.0
0.0
0.0
0.0
0.0
0.0
0.0
0.0
0.0
0.0
0.0
0.0
0.0
0.0
0.0
0.0
0.0
0.0
0.0
0.0
0.0
0.0
0.0
-1.0
-1.0
0.0
0.0
0.0
0.0
0.0
0.0
0.0
0.0
0.0
0.0
0.0
0.0
0.0
0.0
0.0
0.0
0.0
0.0
0.0
0.0
0.0
0.0
0.0
0.0
-1.0
0.0
0.0
0.0
0.0
0.0
0.0
0.0
0.0
0.0
0.0
0.0
0.0
0.0
0.0
0.0
0.0
0.0
0.0
0.0
0.0
0.0
0.0
0.0
0.0
0.0
0.0
0.0
0.0
0.0
0.0
0.0
0.0
0.0
0.0
0.0
0.0
0.0
0.0
0.0
0.0
0.0
0.0
0.0
0.0
0.0
0.0
0.0
0.0
0.0
0.0
0.0
0.0
0.0
0.0
0.0
0.0
0.0
0.0
0.0
0.0
0.0
0.0
0.0
0.0
0.0
0.0
0.0
0.0
0.0
0.0
0.0
0.0
0.0
0.0
0.0
0.0
0.0
0.0
0.0
0.0
0.0
0.0
0.0
0.0
0.0
0.0
0.0
0.0
0.0
0.0
0.0
0.0
0.0
0.0
0.0
0.0
0.0
0.0
0.0
0.0
0.0
0.0
0.0
0.0
0.0
0.0
0.0
0.0
0.0
0.0
0.0
0.0
0.0
0.0
0.0
0.0
0.0
0.0
0.0
0.0
0.0
0.0
0.0
0.0
0.0
0.0
0.0
0.0
0.0
0.0
0.0
0.0
0.0
0.0
0.0
0.0
0.0
0.0
0.0
0.0
0.0
0.0
0.0
0.0
0.0
0.0
0.0
0.0
0.0
0.0
0.0
0.0
0.0
0.0
0.0
0.0
0.0
0.0
0.0
0.0
0.0
0.0
0.0
0.0
0.0
0.0
0.0
0.0
80.0
29892.0
2392.0
49152.0
0.0
0.0
0.0
0.0
0.0
0.0
0.0
0.0
0.0
0.0
0.0
0.0
0.0
0.0
0.0
0.0
0.0
0.0
228.0
28672.0
0.0
0.0
0.0
0.0
