0.00022303738
1.3944875e-05
7.899409e-06
9.511533e-06
9.914564e-06
9.511533e-06
7.899409e-06
8.463652e-06
9.027895e-06
1.1446082e-05
8.866683e-06
1.18491125e-05
1.0156383e-05
1.233275e-05
6.367891e-06
8.221833e-06
1.0075776e-05
9.269715e-06
1.4347906e-05
9.833958e-06
8.30244e-06
7.3351653e-06
8.624865e-06
9.833958e-06
1.0962444e-05
9.35032e-06
9.672745e-06
1.2413357e-05
7.980015e-06
9.430926e-06
8.30244e-06
9.108502e-06
1.5234574e-05
9.672745e-06
6.529103e-06
6.6903153e-06
8.141227e-06
1.1929719e-05
9.914564e-06
7.0127403e-06
9.35032e-06
6.367891e-06
5.8842534e-06
5.3200097e-06
8.624865e-06
9.269715e-06
8.221833e-06
1.3138812e-05
9.914564e-06
7.0127403e-06
7.0933465e-06
9.914564e-06
8.624865e-06
6.367891e-06
8.3830455e-06
9.189108e-06
9.914564e-06
5.803647e-06
5.239404e-06
5.5618284e-06
6.045466e-06
5.5618284e-06
7.4157715e-06
6.6903153e-06
7.0127403e-06
7.65759e-06
9.914564e-06
8.786077e-06
1.0962444e-05
7.899409e-06
8.463652e-06
8.060621e-06
5.400616e-06
8.3830455e-06
7.0127403e-06
1.2090932e-05
8.94729e-06
1.0640019e-05
5.3200097e-06
8.141227e-06
1.12042635e-05
7.576984e-06
9.592139e-06
8.463652e-06
9.99517e-06
9.430926e-06
6.851528e-06
7.0933465e-06
8.463652e-06
9.108502e-06
7.65759e-06
9.99517e-06
9.833958e-06
8.221833e-06
9.592139e-06
1.1284869e-05
1.0398201e-05
1.29776e-05
7.254559e-06
1.08818385e-05
1.1929719e-05
1.2735782e-05
8.30244e-06
8.463652e-06
1.3138812e-05
1.4509118e-05
7.899409e-06
1.08818385e-05
1.596003e-05
1.4831543e-05
1.6443666e-05
2.4746107e-05
9.511533e-06
9.430926e-06
1.2252144e-05
9.189108e-06
1.0478808e-05
8.7054705e-06
6.932134e-06
9.914564e-06
7.0933465e-06
6.2872846e-06
4.8363727e-06
1.0478808e-05
7.0933465e-06
5.9648596e-06
5.0781914e-06
1.3703056e-05
1.2816387e-05
5.723041e-06
5.6424346e-06
7.65759e-06
8.221833e-06
9.833958e-06
6.932134e-06
8.866683e-06
8.221833e-06
4.1915227e-06
4.916979e-06
5.481222e-06
5.1587976e-06
6.609709e-06
6.2872846e-06
8.463652e-06
0.997533
1.16879e-05
8.3830455e-06
7.65759e-06
8.060621e-06
5.8842534e-06
5.6424346e-06
1.2816387e-05
6.7709216e-06
7.3351653e-06
7.4963777e-06
7.4963777e-06
5.9648596e-06
4.0303107e-06
4.0303107e-06
6.6903153e-06
7.4963777e-06
8.866683e-06
6.609709e-06
8.786077e-06
6.7709216e-06
9.753351e-06
6.126072e-06
9.430926e-06
6.529103e-06
7.65759e-06
9.672745e-06
7.173953e-06
6.851528e-06
1.0720626e-05
5.5618284e-06
8.141227e-06
8.3830455e-06
7.254559e-06
4.1915227e-06
7.4157715e-06
9.027895e-06
6.045466e-06
8.7054705e-06
1.3380631e-05
5.9648596e-06
6.2066783e-06
5.8842534e-06
6.6903153e-06
6.045466e-06
1.2010325e-05
9.672745e-06
1.3783662e-05
1.0398201e-05
8.7054705e-06
7.0933465e-06
4.594554e-06
7.65759e-06
4.7557664e-06
3.2242483e-06
6.2066783e-06
6.2872846e-06
5.3200097e-06
6.045466e-06
5.9648596e-06
5.481222e-06
4.3527352e-06
3.063036e-06
2.9824298e-06
1.08818385e-05
8.624865e-06
4.7557664e-06
9.027895e-06
7.3351653e-06
8.141227e-06
8.786077e-06
4.7557664e-06
8.30244e-06
6.4484966e-06
9.189108e-06
1.4106086e-05
8.7054705e-06
1.0962444e-05
9.108502e-06
1.4106086e-05
1.21715375e-05
9.833958e-06
1.0156383e-05
1.1446082e-05
1.1768507e-05
9.99517e-06
1.0236989e-05
9.027895e-06
9.833958e-06
8.3830455e-06
9.511533e-06
7.899409e-06
8.786077e-06
1.0720626e-05
1.0720626e-05
1.0478808e-05
1.3058206e-05
1.0236989e-05
6.6903153e-06
4.67516e-06
1.0236989e-05
6.609709e-06
1.1768507e-05
8.94729e-06
1.0317595e-05
6.2066783e-06
9.753351e-06
6.367891e-06
1.0236989e-05
9.672745e-06
1.3138812e-05
5.021767e-05
0.0
0.0
0.0
0.0
0.0
0.0
0.0
0.0
0.0
0.99752355
0.0
0.0
0.0
0.0
0.0
0.0
0.0
0.0
0.0
0.0
0.0
0.0
0.0
0.0
0.0
0.0
0.0
0.0
0.0
0.0
0.0
0.0
0.0
0.0
0.0
0.0
0.0
0.0
0.0
0.0
0.0
0.0
0.0
0.0
0.0
0.0
0.0
0.0
0.0
0.0
0.0
0.0
0.0
0.0
0.0
0.0
0.0
0.0
0.0
0.0
0.0
0.0
0.0
0.0
0.0
0.0
0.0
0.0
0.0
0.0
0.0
0.0
0.0
0.0
0.0
0.0
0.0
0.0
0.0
0.0
0.0
0.0
0.0
0.0
0.0
0.0
0.0
0.0
0.0
0.0
0.0
0.0
0.0
0.0
0.0
0.0
3.0875304e-05
4.0307185e-08
4.4337904e-07
6.4491496e-07
1.4510587e-06
7.2552933e-07
4.554712e-06
2.2168952e-06
0.0
4.1274558e-05
4.0307185e-08
8.061437e-08
8.061437e-08
4.0307185e-08
4.0307185e-08
4.0307185e-08
5.514023e-05
4.0307185e-07
1.6122874e-06
2.378124e-06
3.023039e-06
1.2092156e-06
9.794646e-06
4.8368624e-06
1.2495227e-06
0.0
8.061437e-08
2.821503e-07
6.4491496e-07
4.0307185e-08
4.0307185e-07
1.4510587e-06
0.0
0.0
0.0
0.0
0.0
0.0
0.0
0.0
0.0
0.0
0.0
0.0
0.0
0.0
0.0
0.0
4.6151727e-05
5.2399344e-07
1.4107515e-06
4.6353266e-06
3.1439606e-06
5.2399344e-07
5.5220844e-06
5.5220844e-06
5.602699e-06
8.061437e-08
4.0307185e-08
1.4107515e-06
8.867581e-07
4.0307185e-08
5.2399344e-07
6.529764e-06
0.0
0.0
0.0
0.0
0.0
0.0
0.0
0.0
0.0
0.0
0.0
0.0
0.0
0.0
0.0
0.0
0.0
0.0
0.0
0.0
0.0
0.0
0.0
0.0
0.0
0.0
0.0
0.0
0.0
0.0
0.0
0.0
3.4422337e-05
3.950104e-06
2.9021173e-06
1.7735161e-06
2.7005815e-06
4.0710256e-06
4.6353266e-06
2.6602743e-06
1.8944378e-06
2.6602743e-06
2.8618101e-06
2.4990454e-06
1.8944378e-06
2.4587384e-06
4.554712e-06
6.6103785e-06
3.051254e-05
2.9021173e-06
1.934745e-06
4.15164e-06
4.5144047e-06
2.378124e-06
4.0710256e-06
6.328228e-06
7.4165223e-06
1.2898299e-06
9.270653e-07
2.6602743e-06
1.975052e-06
1.934745e-06
1.8138234e-06
7.73898e-06
0.0
0.0
0.0
0.0
0.0
0.0
0.0
0.0
0.0
0.0
0.0
0.0
0.0
0.0
0.0
0.0
0.00013918072
0.00014643601
0.0001323285
0.0001048793
0.00011910773
0.00013426323
0.00017110401
0.000114673945
9.859138e-05
0.00011495609
0.00012213078
0.00012354153
8.649922e-05
0.00013861641
0.00015320761
0.00016421148
219.0
6.872146
1505.0
0.02524917
0.009302326
0.0053156144
0.0059800665
0.0053156144
0.006644518
0.008637873
0.003322259
0.007973422
0.0059800665
0.0053156144
0.011295681
0.0053156144
0.004651163
0.009302326
0.00730897
0.012624585
0.006644518
0.009966778
0.031229235
0.004651163
0.007973422
0.009302326
0.0059800665
0.011295681
0.007973422
0.003986711
0.003322259
0.003986711
0.00730897
0.0059800665
0.0059800665
0.008637873
0.013953488
0.007973422
0.011295681
0.036544852
0.013289036
0.008637873
0.010631229
0.00730897
0.011960133
0.00730897
0.011295681
0.012624585
0.011295681
0.004651163
0.009966778
0.012624585
0.0026578072
0.011295681
0.007973422
0.013289036
0.004651163
0.006644518
0.007973422
0.011295681
0.008637873
0.004651163
0.007973422
0.011960133
0.0053156144
0.003986711
0.011295681
0.0053156144
0.022591362
0.00730897
0.013953488
0.015946845
0.023255814
0.007973422
0.009302326
0.01461794
0.016611295
0.006644518
0.009302326
0.019269103
0.011960133
0.01461794
0.023920266
0.013289036
0.0053156144
0.020598007
0.016611295
0.012624585
0.016611295
0.006644518
0.024584718
0.008637873
0.008637873
0.0053156144
0.03255814
0.0019933556
0.0026578072
0.003986711
0.012624585
6.344143
0.0
0.0
0.0
2.0
12405992.0
69632.0
0.0
0.0
3.0
0.0
1.0
0.0
0.0
0.0
1083884500.0
0.0
0.0
0.0
0.0
0.0
1.0
0.0
0.0
0.0
0.0
0.0
0.0
-1.0
0.0
-1.0
-1.0
0.0
0.0
0.0
0.0
0.0
0.0
0.0
0.0
0.0
0.0
0.0
0.0
-1.0
0.0
0.0
0.0
0.0
0.0
0.0
0.0
0.0
0.0
0.0
0.0
0.0
-1.0
0.0
0.0
0.0
0.0
0.0
0.0
0.0
0.0
0.0
0.0
6.0
0.0
4.0
0.0
4.0
0.0
28672.0
4096.0
4096.0
3.0
1.0
0.0
2.0
3.0
0.0
0.0
0.0
0.0
0.0
0.0
0.0
0.0
0.0
0.0
0.0
0.0
0.0
0.0
0.0
0.0
0.0
0.0
0.0
0.0
0.0
0.0
0.0
-26624.0
0.0
0.0
0.0
0.0
0.0
0.0
0.0
0.0
0.0
0.0
0.0
0.0
0.0
0.0
0.0
0.0
0.0
0.0
0.0
3072.0
0.0
0.0
0.0
0.0
0.0
0.0
0.0
0.0
0.0
0.0
0.0
0.0
0.0
0.0
0.0
0.0
0.0
0.0
0.0
0.0
0.0
0.0
0.0
0.0
0.0
0.0
0.0
0.0
0.0
-7.9139953
0.0
0.0
0.0
0.0
0.0
0.0
0.0
0.0
0.0
0.0
0.0
0.0
0.0
0.0
0.0
0.0
0.0
0.0
0.0
3.5175292
0.0
0.0
0.0
0.0
0.0
0.0
0.0
0.0
0.0
0.0
0.0
0.0
0.0
0.0
0.0
0.0
0.0
0.0
0.0
0.0
0.0
0.0
0.0
0.0
0.0
0.0
0.0
0.0
0.0
-28672.0
0.0
0.0
0.0
0.0
0.0
0.0
0.0
0.0
0.0
0.0
0.0
0.0
0.0
0.0
0.0
0.0
-32768.0
0.0
0.0
4096.0
0.0
0.0
0.0
0.0
0.0
0.0
0.0
0.0
0.0
0.0
0.0
-1.0
0.0
0.0
0.0
0.0
0.0
0.0
0.0
0.0
0.0
0.0
0.0
-1.0
0.0
0.0
0.0
0.0
0.0
1.0
0.0
0.0
0.0
0.0
0.0
0.0
0.0
-1.0
0.0
0.0
0.0
0.0
1.0
0.0
0.0
0.0
0.0
0.0
0.0
0.0
0.0
-1.0
0.0
0.0
0.0
0.0
0.0
0.0
0.0
0.0
0.0
0.0
0.0
0.0
0.0
0.0
0.0
0.0
0.0
-1.0
0.0
0.0
0.0
0.0
0.0
0.0
0.0
0.0
0.0
1.0
0.0
0.0
0.0
0.0
0.0
0.0
0.0
0.0
0.0
0.0
0.0
0.0
0.0
1.0
0.0
0.0
0.0
0.0
0.0
0.0
0.0
0.0
0.0
-1.0
0.0
0.0
0.0
0.0
0.0
0.0
0.0
0.0
0.0
0.0
0.0
0.0
0.0
0.0
0.0
0.0
0.0
0.0
0.0
0.0
0.0
0.0
0.0
0.0
0.0
0.0
0.0
0.0
0.0
0.0
0.0
0.0
-1.0
0.0
0.0
0.0
0.0
0.0
0.0
0.0
0.0
0.0
0.0
0.0
0.0
0.0
0.0
0.0
0.0
0.0
0.0
0.0
0.0
0.0
0.0
0.0
0.0
0.0
0.0
0.0
0.0
0.0
0.0
0.0
0.0
0.0
0.0
0.0
0.0
0.0
0.0
0.0
0.0
0.0
0.0
0.0
0.0
0.0
0.0
0.0
0.0
0.0
0.0
0.0
0.0
0.0
0.0
0.0
0.0
0.0
0.0
0.0
0.0
0.0
0.0
0.0
0.0
0.0
0.0
0.0
0.0
0.0
-1.0
0.0
0.0
0.0
0.0
0.0
0.0
0.0
0.0
0.0
0.0
0.0
0.0
0.0
0.0
0.0
0.0
1.0
0.0
0.0
0.0
0.0
0.0
0.0
0.0
0.0
0.0
0.0
0.0
0.0
0.0
0.0
0.0
0.0
0.0
0.0
0.0
0.0
0.0
0.0
0.0
0.0
0.0
0.0
0.0
0.0
0.0
0.0
0.0
0.0
0.0
0.0
0.0
0.0
0.0
0.0
0.0
0.0
0.0
0.0
0.0
0.0
0.0
0.0
0.0
0.0
0.0
0.0
0.0
0.0
0.0
0.0
0.0
0.0
0.0
0.0
0.0
0.0
0.0
0.0
0.0
0.0
0.0
0.0
0.0
0.0
0.0
0.0
0.0
0.0
0.0
0.0
0.0
0.0
0.0
0.0
0.0
0.0
0.0
0.0
0.0
0.0
0.0
0.0
0.0
0.0
0.0
0.0
0.0
0.0
0.0
0.0
0.0
0.0
0.0
0.0
0.0
0.0
0.0
0.0
0.0
0.0
0.0
0.0
0.0
0.0
0.0
0.0
0.0
0.0
0.0
0.0
0.0
0.0
0.0
0.0
0.0
0.0
0.0
0.0
0.0
0.0
0.0
0.0
0.0
0.0
0.0
0.0
0.0
0.0
0.0
0.0
0.0
0.0
0.0
0.0
0.0
0.0
0.0
0.0
0.0
0.0
0.0
0.0
0.0
0.0
0.0
0.0
0.0
0.0
0.0
0.0
0.0
0.0
0.0
0.0
0.0
0.0
0.0
0.0
0.0
0.0
0.0
0.0
0.0
0.0
0.0
0.0
0.0
0.0
0.0
0.0
0.0
0.0
0.0
0.0
0.0
0.0
0.0
0.0
0.0
0.0
0.0
0.0
0.0
0.0
0.0
0.0
0.0
0.0
0.0
0.0
0.0
0.0
0.0
0.0
0.0
0.0
0.0
0.0
0.0
0.0
0.0
0.0
0.0
0.0
0.0
0.0
0.0
0.0
0.0
0.0
0.0
0.0
0.0
0.0
0.0
0.0
0.0
0.0
0.0
0.0
0.0
0.0
0.0
0.0
0.0
0.0
0.0
0.0
0.0
0.0
0.0
0.0
0.0
0.0
0.0
0.0
0.0
0.0
0.0
0.0
0.0
0.0
0.0
0.0
0.0
0.0
0.0
0.0
0.0
0.0
0.0
0.0
0.0
0.0
0.0
0.0
0.0
0.0
0.0
0.0
0.0
0.0
0.0
0.0
0.0
0.0
0.0
0.0
0.0
0.0
0.0
0.0
0.0
0.0
0.0
0.0
0.0
0.0
0.0
0.0
0.0
0.0
0.0
0.0
0.0
0.0
0.0
0.0
0.0
0.0
0.0
0.0
0.0
0.0
0.0
0.0
0.0
0.0
0.0
0.0
0.0
0.0
0.0
0.0
0.0
0.0
0.0
0.0
0.0
0.0
0.0
0.0
0.0
0.0
0.0
0.0
0.0
0.0
0.0
0.0
0.0
0.0
0.0
0.0
0.0
0.0
0.0
0.0
0.0
0.0
0.0
0.0
0.0
0.0
0.0
0.0
0.0
0.0
0.0
0.0
0.0
0.0
0.0
0.0
0.0
0.0
0.0
0.0
0.0
0.0
0.0
0.0
0.0
0.0
0.0
0.0
0.0
0.0
0.0
0.0
0.0
0.0
0.0
0.0
0.0
0.0
0.0
0.0
0.0
0.0
0.0
0.0
0.0
0.0
0.0
0.0
0.0
0.0
0.0
0.0
0.0
0.0
0.0
0.0
0.0
0.0
0.0
0.0
0.0
0.0
0.0
0.0
0.0
0.0
0.0
0.0
0.0
0.0
0.0
0.0
0.0
0.0
0.0
0.0
0.0
0.0
0.0
0.0
0.0
0.0
0.0
0.0
0.0
0.0
0.0
0.0
0.0
0.0
0.0
0.0
0.0
0.0
0.0
0.0
0.0
0.0
0.0
0.0
0.0
0.0
0.0
0.0
0.0
0.0
0.0
0.0
0.0
0.0
0.0
0.0
0.0
0.0
0.0
0.0
0.0
0.0
0.0
0.0
0.0
0.0
0.0
0.0
0.0
0.0
0.0
0.0
0.0
0.0
0.0
0.0
0.0
0.0
0.0
0.0
0.0
0.0
0.0
0.0
0.0
0.0
0.0
0.0
0.0
0.0
0.0
0.0
0.0
0.0
0.0
0.0
0.0
0.0
0.0
0.0
0.0
0.0
0.0
0.0
0.0
0.0
0.0
0.0
0.0
0.0
0.0
0.0
0.0
0.0
0.0
0.0
0.0
0.0
0.0
0.0
0.0
0.0
0.0
0.0
0.0
0.0
0.0
0.0
0.0
0.0
0.0
0.0
0.0
0.0
0.0
0.0
0.0
0.0
0.0
0.0
0.0
0.0
0.0
0.0
0.0
0.0
0.0
0.0
0.0
0.0
0.0
0.0
0.0
0.0
0.0
0.0
0.0
0.0
0.0
1.0
0.0
0.0
0.0
0.0
0.0
0.0
0.0
0.0
0.0
0.0
0.0
0.0
0.0
0.0
0.0
0.0
0.0
0.0
0.0
0.0
0.0
0.0
0.0
0.0
0.0
0.0
0.0
0.0
0.0
0.0
0.0
0.0
0.0
0.0
0.0
0.0
0.0
0.0
0.0
0.0
0.0
0.0
0.0
0.0
0.0
0.0
0.0
0.0
0.0
0.0
0.0
0.0
0.0
0.0
0.0
0.0
0.0
0.0
0.0
0.0
0.0
0.0
0.0
0.0
0.0
0.0
0.0
0.0
0.0
0.0
0.0
0.0
0.0
0.0
0.0
0.0
0.0
0.0
0.0
0.0
0.0
0.0
0.0
0.0
0.0
0.0
0.0
0.0
0.0
0.0
0.0
0.0
0.0
0.0
0.0
0.0
0.0
0.0
0.0
0.0
0.0
0.0
0.0
0.0
0.0
0.0
0.0
0.0
0.0
0.0
0.0
0.0
0.0
0.0
0.0
0.0
0.0
0.0
0.0
0.0
0.0
0.0
0.0
0.0
0.0
0.0
0.0
0.0
0.0
0.0
0.0
0.0
0.0
0.0
0.0
0.0
0.0
0.0
0.0
0.0
0.0
0.0
0.0
0.0
0.0
0.0
0.0
0.0
0.0
0.0
0.0
0.0
0.0
0.0
0.0
0.0
0.0
0.0
0.0
0.0
0.0
0.0
0.0
0.0
0.0
0.0
0.0
0.0
0.0
0.0
0.0
0.0
0.0
0.0
0.0
0.0
0.0
0.0
0.0
0.0
0.0
0.0
0.0
0.0
0.0
0.0
0.0
0.0
0.0
0.0
0.0
0.0
0.0
0.0
0.0
0.0
0.0
0.0
0.0
0.0
0.0
0.0
0.0
0.0
0.0
0.0
0.0
0.0
0.0
0.0
0.0
0.0
0.0
0.0
0.0
0.0
0.0
0.0
0.0
0.0
0.0
0.0
0.0
0.0
0.0
0.0
0.0
0.0
0.0
0.0
0.0
0.0
0.0
0.0
0.0
0.0
0.0
0.0
0.0
0.0
0.0
0.0
0.0
0.0
0.0
0.0
0.0
0.0
0.0
0.0
0.0
0.0
0.0
0.0
0.0
0.0
0.0
0.0
0.0
0.0
0.0
0.0
0.0
0.0
0.0
0.0
0.0
0.0
0.0
0.0
0.0
0.0
0.0
0.0
0.0
0.0
0.0
0.0
0.0
0.0
0.0
0.0
0.0
0.0
0.0
0.0
0.0
0.0
0.0
0.0
0.0
0.0
0.0
0.0
0.0
0.0
0.0
0.0
0.0
0.0
0.0
0.0
0.0
0.0
0.0
0.0
0.0
0.0
0.0
0.0
0.0
0.0
0.0
0.0
0.0
0.0
0.0
0.0
0.0
0.0
0.0
0.0
0.0
0.0
0.0
0.0
0.0
0.0
0.0
0.0
0.0
0.0
1.0
0.0
0.0
0.0
0.0
0.0
0.0
0.0
0.0
0.0
0.0
0.0
0.0
0.0
0.0
0.0
0.0
0.0
0.0
0.0
0.0
0.0
0.0
0.0
0.0
0.0
0.0
0.0
0.0
0.0
0.0
0.0
1.0
0.0
0.0
0.0
0.0
0.0
0.0
0.0
0.0
0.0
0.0
0.0
0.0
0.0
0.0
0.0
0.0
0.0
0.0
0.0
0.0
0.0
0.0
0.0
0.0
0.0
0.0
0.0
0.0
0.0
0.0
0.0
0.0
0.0
0.0
0.0
0.0
0.0
0.0
0.0
0.0
0.0
0.0
0.0
0.0
0.0
0.0
0.0
0.0
0.0
0.0
0.0
0.0
0.0
0.0
0.0
0.0
0.0
0.0
0.0
0.0
0.0
0.0
0.0
0.0
0.0
0.0
0.0
0.0
0.0
0.0
0.0
0.0
0.0
0.0
0.0
0.0
0.0
0.0
0.0
0.0
0.0
0.0
0.0
0.0
0.0
0.0
0.0
0.0
0.0
0.0
0.0
0.0
0.0
0.0
0.0
0.0
0.0
0.0
0.0
0.0
0.0
0.0
0.0
0.0
0.0
0.0
0.0
0.0
0.0
0.0
0.0
0.0
0.0
0.0
0.0
0.0
0.0
0.0
0.0
0.0
0.0
0.0
0.0
0.0
0.0
0.0
0.0
0.0
0.0
0.0
0.0
0.0
0.0
0.0
0.0
0.0
0.0
0.0
0.0
0.0
0.0
0.0
0.0
0.0
0.0
0.0
0.0
0.0
0.0
0.0
0.0
0.0
0.0
0.0
0.0
0.0
0.0
0.0
0.0
0.0
0.0
0.0
0.0
0.0
0.0
0.0
0.0
0.0
0.0
0.0
0.0
0.0
0.0
0.0
0.0
0.0
0.0
0.0
0.0
0.0
0.0
0.0
0.0
0.0
0.0
0.0
0.0
0.0
0.0
0.0
0.0
0.0
0.0
0.0
0.0
0.0
0.0
0.0
0.0
0.0
0.0
0.0
0.0
0.0
0.0
0.0
0.0
0.0
0.0
0.0
0.0
0.0
0.0
0.0
0.0
0.0
0.0
0.0
0.0
0.0
0.0
0.0
0.0
0.0
0.0
0.0
0.0
0.0
0.0
0.0
0.0
0.0
0.0
0.0
0.0
0.0
0.0
0.0
0.0
0.0
0.0
0.0
0.0
0.0
0.0
0.0
0.0
0.0
0.0
0.0
0.0
0.0
0.0
0.0
0.0
0.0
0.0
0.0
0.0
0.0
0.0
0.0
0.0
0.0
0.0
0.0
0.0
0.0
0.0
0.0
0.0
0.0
0.0
0.0
0.0
0.0
0.0
0.0
0.0
0.0
0.0
0.0
0.0
0.0
0.0
0.0
0.0
0.0
0.0
0.0
0.0
0.0
0.0
0.0
0.0
0.0
0.0
0.0
0.0
0.0
0.0
0.0
0.0
0.0
0.0
0.0
0.0
0.0
0.0
0.0
0.0
0.0
0.0
0.0
0.0
0.0
0.0
0.0
0.0
0.0
0.0
0.0
0.0
0.0
0.0
0.0
0.0
0.0
0.0
0.0
0.0
0.0
0.0
0.0
0.0
0.0
0.0
0.0
0.0
0.0
0.0
0.0
0.0
0.0
0.0
0.0
0.0
0.0
0.0
0.0
0.0
0.0
0.0
0.0
0.0
0.0
0.0
0.0
0.0
0.0
0.0
0.0
0.0
0.0
0.0
0.0
0.0
0.0
0.0
0.0
0.0
0.0
0.0
0.0
0.0
0.0
0.0
0.0
0.0
244.0
67928.0
2392.0
65536.0
0.0
0.0
0.0
0.0
0.0
0.0
0.0
0.0
0.0
0.0
0.0
0.0
0.0
0.0
0.0
0.0
0.0
0.0
0.0
0.0
0.0
0.0
0.0
0.0
