0.10140405
0.0075431177
0.004908882
0.011279212
0.03589785
0.0045262007
0.0072297147
0.002723308
0.009232195
0.0009451578
0.0009830961
0.0006070123
0.007295694
0.0007670128
0.001161241
0.006228474
0.00507713
0.0008874256
0.00089732255
0.0027760917
0.0049880575
0.0011909318
0.001905161
0.0098375585
0.027437616
0.0040923846
0.0033154748
0.003185165
0.004644964
0.00082804397
0.002322482
0.0009913435
0.0030317625
0.000737322
0.0016940262
0.000740621
0.016889127
0.0013509323
0.0025715549
0.0058804317
0.005070532
0.000989694
0.0010903128
0.00060206384
0.0020486666
0.00063175464
0.0012767053
0.0009220649
0.0013311384
0.002373616
0.0013377364
0.0010754674
0.0020272231
0.010360447
0.034857024
0.0044354787
0.00297568
0.0012882517
0.0027579472
0.0012948497
0.0042441376
0.0008544358
0.0022433063
0.0015439226
0.004456922
0.0020849553
0.00410723
0.004359602
0.005999195
0.01691717
0.0020915533
0.0015967063
0.002558359
0.0049534184
0.001642892
0.0005806205
0.001316293
0.002373616
0.0009814466
0.00045690872
0.00197279
0.0012519629
0.0012668082
0.001652789
0.0025072247
0.0064923926
0.0021789763
0.0018556762
0.002787638
0.0039026933
0.004531149
0.0020387697
0.0032560932
0.008428894
0.0010985603
0.0019216558
0.0010523746
0.0018804186
0.0010325807
0.0011480451
0.0011249522
0.003477125
0.0017072221
0.0023142344
0.0011266017
0.00084288936
0.00090886897
0.0073732203
0.0012701072
0.0070895078
0.0007026827
0.0026573283
0.0011084572
0.00047010466
0.0037921774
0.0010556736
0.0044948603
0.004631768
0.0023109354
0.0015818609
0.0028255763
0.0023175334
0.0018358823
0.0042589833
0.0015158813
0.0027002152
0.0008857761
0.000902271
0.002376915
0.0013608292
0.00069443526
0.0074639423
0.0030202162
0.0054746573
0.0007686623
0.0022548528
0.002353822
0.025243795
0.0011777359
0.023841728
0.00223176
0.013049115
0.00074721896
0.0058804317
0.012943548
0.0023010385
0.0006433011
0.0014416543
0.0039571263
0.002548462
0.0004800016
0.0006086618
0.0023818635
0.0011859833
0.00089897204
0.0019513466
0.0018870166
0.0019843364
0.00081319857
0.00045525923
0.0015703144
0.006558372
0.0014086644
0.006291155
0.0012866022
0.0024412451
0.00116454
0.000659796
0.0055389875
0.0023505231
0.0014400048
0.0012833033
0.0015455721
0.000578971
0.0004767026
0.00030680513
0.0011975297
0.00022268115
0.0007389715
0.00077526027
0.0018375318
0.0006334041
0.0022202134
0.00073567254
0.0028123804
0.002713411
0.0018573257
0.0021393886
0.003153825
0.0008098996
0.0015604175
0.0061575463
0.0052965125
0.0063950727
0.0015422731
0.003797126
0.0036948575
0.000902271
0.005395482
0.009139824
0.0022037185
0.0010259828
0.0026952666
0.0030878452
0.0013657777
0.00060041435
0.0014136129
0.0002969082
0.0021822753
0.0004305169
0.0021608318
0.0005096924
0.0016709333
0.00047010466
0.0015307267
0.00048824903
0.0034457846
0.00050639344
0.0013773241
0.0013591797
0.0018325833
0.0004585582
0.0014663966
0.0029954738
0.0023439252
0.009878796
0.033436812
0.0027991845
0.0021657804
0.0023917605
0.0027859886
0.00045196025
0.00815013
0.0026622768
0.0025567096
0.0012239215
0.005387234
0.0011397976
0.0020948523
0.0007125797
0.0028288753
0.001979388
0.0016000053
0.0008940236
0.0036750636
0.00056082656
0.0030202162
0.0007125797
0.0044107363
0.0009204154
0.0020948523
0.0007967037
0.003275887
0.0064725988
0.004666407
0.037628166
0.03891709
0.0
0.0
0.0
0.0
0.0
0.0
0.0
0.0
0.0
0.0
0.0
0.0
0.0
0.0
0.0
0.001592904
0.0
2.478585e-06
8.26195e-07
1.65239e-05
0.0
8.26195e-07
6.60956e-06
8.26195e-07
3.30478e-06
4.130975e-06
3.30478e-06
1.65239e-06
0.0
1.4045315e-05
4.461453e-05
0.0015235036
6.60956e-06
4.95717e-06
6.60956e-06
4.130975e-06
5.783365e-06
9.170765e-05
4.130975e-06
7.435755e-06
4.95717e-06
7.435755e-06
3.30478e-06
4.95717e-06
6.60956e-06
4.95717e-06
4.95717e-06
0.004163197
4.461453e-05
2.478585e-06
8.26195e-07
1.982868e-05
0.0
8.26195e-07
0.00018837246
8.26195e-07
3.30478e-06
4.130975e-06
3.30478e-06
1.65239e-06
0.0
1.7350096e-05
0.0006254296
0.0027685794
1.4045315e-05
5.5355067e-05
2.5612046e-05
0.00011979828
1.65239e-05
0.00019250343
7.270516e-05
1.65239e-05
1.982868e-05
1.2392925e-05
2.2307266e-05
1.321912e-05
7.435755e-06
6.60956e-06
2.0654876e-05
0.0
0.0
0.0
0.0
0.0
0.0
0.0
0.0
0.0
0.0
0.0
0.0
0.0
0.0
0.0
0.0
0.0
0.0
0.0
0.0
0.0
0.0
0.0
0.0
0.0
0.0
0.0
0.0
0.0
0.0
0.0
0.0
0.0023059102
2.148107e-05
7.518374e-05
5.2050287e-05
6.444321e-05
2.3959656e-05
0.00017928431
9.0881455e-05
8.26195e-05
0.00017680573
1.156673e-05
5.8659847e-05
9.088145e-06
1.7350096e-05
2.3959656e-05
0.00019085105
0.0017432715
2.313346e-05
5.452887e-05
3.30478e-05
0.00011979828
0.00011814589
0.00081214966
0.000330478
2.5612046e-05
2.148107e-05
1.9002486e-05
1.2392925e-05
1.321912e-05
1.817629e-05
1.817629e-05
2.148107e-05
0.004634954
0.0015920778
0.0002503371
0.0020068276
0.00051885046
0.00028421107
0.0010286128
0.00057751033
9.253384e-05
9.0055255e-05
5.8659847e-05
0.00034700191
5.8659847e-05
7.353136e-05
0.0017812764
0.00014127935
0.007058184
0.0069821742
0.0006295606
0.007899251
0.000559334
0.00023546557
0.00029329924
0.00027016576
0.00036187342
0.0003147803
0.00023381319
0.0003139541
0.0002809063
0.00024620612
0.007773669
0.00038831166
0.015145807
0.0120219635
0.0015449846
0.013870162
0.0021167116
0.0011624563
0.0017093974
0.0013913123
0.00093607896
0.0008286736
0.00064195355
0.00070143957
0.0006138629
0.00060725334
0.013226556
0.0011632825
0.009486371
0.0015301132
0.0013937909
0.0019861727
0.0024257086
0.0015144155
0.0008931168
0.0012814285
0.0047762333
0.0014978915
0.00033708755
0.00089972635
0.0012508592
0.00074935885
0.0014838462
0.005718922
0.055993713
0.009682179
0.013666918
0.0064881095
0.024580954
0.0139973955
0.0030635311
0.009901121
0.049865827
0.011059446
0.004071489
0.00806449
0.015734883
0.0052661668
0.01347111
0.037664577
0.018372098
0.0047770594
0.0050141774
0.003833545
0.009793716
0.007503503
0.001724269
0.0046655233
0.018166376
0.006718618
0.0023521772
0.00285533
0.007050748
0.0023331747
0.0069623454
0.011244514
0.03875846
0.037615832
0.022854207
0.038707238
0.016176898
0.0223304
0.025738453
0.01793091
0.02370684
0.01576628
0.027197514
0.01630909
0.023874557
0.013578515
0.035323143
0.018378709
1077.0
8.429898
9079.0
0.014979623
0.0005507214
0.003414473
0.0023130302
0.019825973
0.0050666374
0.00308404
0.0045159156
0.020156404
0.0025333187
0.0029738958
0.0060579358
0.00308404
0.0025333187
0.002643463
0.0047362046
0.0035246173
0.011234717
0.0050666374
0.0029738958
0.0035246173
0.007269523
0.034805596
0.003414473
0.0024231744
0.0023130302
0.014759335
0.0012115872
0.0025333187
0.004956493
0.014869479
0.008811543
0.0024231744
0.0047362046
0.0058376472
0.007820245
0.006828946
0.020156404
0.0046260604
0.0046260604
0.0035246173
0.014979623
0.011895583
0.004185483
0.00385505
0.0036347616
0.007599956
0.0020927414
0.00308404
0.002643463
0.0046260604
0.013327459
0.0059477915
0.0024231744
0.010353563
0.008591254
0.017292654
0.0056173587
0.026985351
0.016521644
0.017292654
0.018173808
0.013547747
0.03524617
0.00308404
0.027205639
0.011124574
0.027095495
0.0121158715
0.03877079
0.011344862
0.009912986
0.0060579358
0.022249147
0.0044057714
0.023570878
0.019165106
0.044498295
0.015970921
0.020927414
0.009912986
0.00154202
0.026985351
0.022139002
0.04064324
0.012446305
0.004956493
0.0063883686
0.0051767817
0.01464919
0.0014318757
0.01002313
0.0066086575
0.0027536072
0.0009912986
0.0031941843
6.0551043
0.0
0.0
0.0
1.0
606248.0
352256.0
0.0
0.0
76.0
0.0
1.0
0.0
0.0
47.0
1393483300.0
0.0
0.0
0.0
0.0
0.0
1.0
0.0
0.0
0.0
0.0
0.0
0.0
-1.0
0.0
0.0
-1.0
1.0
0.0
0.0
0.0
0.0
0.0
0.0
0.0
0.0
0.0
0.0
0.0
-1.0
0.0
0.0
0.0
0.0
0.0
0.0
0.0
0.0
0.0
0.0
0.0
0.0
-1.0
0.0
0.0
0.0
0.0
0.0
0.0
0.0
0.0
1.0
0.0
2.0
56.0
4.0
0.0
4.0
0.0
245760.0
512.0
4096.0
2.0
0.0
0.0
2.0
2.0
0.0
0.0
0.0
0.0
0.0
0.0
0.0
0.0
0.0
0.0
0.0
0.0
0.0
0.0
0.0
0.0
0.0
0.0
0.0
0.0
0.0
0.0
0.0
0.0
0.0
0.0
0.0
0.0
0.0
0.0
0.0
0.0
0.0
0.0
0.0
0.0
0.0
0.0
0.0
0.0
0.0
-285184.0
0.0
30208.0
0.0
0.0
0.0
0.0
0.0
0.0
0.0
0.0
0.0
0.0
0.0
0.0
0.0
0.0
0.0
0.0
0.0
0.0
0.0
0.0
0.0
0.0
0.0
0.0
0.0
0.0
0.0
0.0
0.0
0.0
0.0
0.0
0.0
0.0
0.0
0.0
0.0
0.0
0.0
0.0
0.0
0.0
0.0
0.0
0.0
0.0
0.0
-5.779121
0.0
7.0513167
0.0
0.0
0.0
0.0
0.0
0.0
0.0
0.0
0.0
0.0
0.0
0.0
0.0
0.0
0.0
0.0
0.0
0.0
0.0
0.0
0.0
0.0
0.0
0.0
0.0
0.0
0.0
0.0
0.0
0.0
0.0
0.0
0.0
0.0
0.0
0.0
0.0
0.0
0.0
0.0
0.0
0.0
0.0
0.0
0.0
0.0
0.0
-315392.0
0.0
32768.0
0.0
0.0
0.0
0.0
0.0
0.0
0.0
0.0
0.0
-1.0
0.0
0.0
0.0
0.0
0.0
1.0
0.0
0.0
0.0
0.0
0.0
0.0
0.0
0.0
0.0
0.0
0.0
0.0
0.0
0.0
0.0
0.0
0.0
0.0
0.0
0.0
0.0
0.0
0.0
0.0
0.0
0.0
0.0
0.0
0.0
-2.0
0.0
0.0
0.0
1.0
0.0
0.0
0.0
0.0
0.0
0.0
1.0
0.0
0.0
0.0
0.0
0.0
0.0
0.0
0.0
0.0
0.0
0.0
0.0
-1.0
0.0
0.0
0.0
0.0
0.0
0.0
0.0
0.0
0.0
1.0
0.0
0.0
0.0
0.0
1.0
0.0
0.0
0.0
0.0
0.0
0.0
0.0
0.0
1.0
0.0
0.0
0.0
0.0
0.0
0.0
0.0
0.0
0.0
0.0
0.0
0.0
0.0
0.0
0.0
0.0
0.0
0.0
0.0
0.0
0.0
0.0
0.0
0.0
0.0
0.0
0.0
0.0
0.0
0.0
0.0
0.0
0.0
0.0
0.0
0.0
0.0
0.0
0.0
0.0
0.0
0.0
0.0
0.0
0.0
0.0
0.0
0.0
0.0
0.0
0.0
0.0
0.0
0.0
0.0
0.0
0.0
0.0
0.0
0.0
0.0
0.0
0.0
0.0
0.0
0.0
0.0
0.0
0.0
0.0
0.0
0.0
0.0
0.0
0.0
0.0
0.0
0.0
0.0
0.0
0.0
0.0
0.0
0.0
0.0
0.0
0.0
0.0
0.0
0.0
0.0
0.0
0.0
0.0
0.0
0.0
0.0
0.0
0.0
0.0
0.0
0.0
0.0
0.0
0.0
0.0
0.0
0.0
0.0
0.0
0.0
0.0
0.0
0.0
0.0
0.0
0.0
0.0
0.0
0.0
0.0
0.0
0.0
0.0
0.0
0.0
0.0
0.0
0.0
1.0
0.0
0.0
0.0
0.0
0.0
0.0
0.0
0.0
0.0
0.0
0.0
0.0
0.0
0.0
0.0
0.0
0.0
0.0
0.0
0.0
0.0
0.0
0.0
0.0
0.0
0.0
0.0
0.0
0.0
0.0
0.0
0.0
0.0
0.0
0.0
0.0
0.0
0.0
0.0
0.0
0.0
0.0
0.0
0.0
0.0
0.0
0.0
0.0
0.0
0.0
0.0
0.0
0.0
0.0
0.0
0.0
0.0
0.0
0.0
0.0
0.0
0.0
0.0
0.0
0.0
0.0
0.0
0.0
0.0
0.0
0.0
0.0
0.0
0.0
0.0
0.0
0.0
0.0
0.0
0.0
0.0
0.0
0.0
1.0
0.0
0.0
0.0
0.0
0.0
0.0
0.0
0.0
0.0
0.0
0.0
0.0
0.0
0.0
0.0
0.0
0.0
0.0
0.0
0.0
0.0
0.0
0.0
0.0
0.0
0.0
0.0
0.0
0.0
-1.0
0.0
0.0
0.0
0.0
0.0
0.0
0.0
0.0
0.0
0.0
0.0
0.0
0.0
0.0
0.0
0.0
0.0
0.0
0.0
0.0
0.0
0.0
0.0
0.0
0.0
1.0
0.0
0.0
0.0
0.0
0.0
0.0
0.0
0.0
0.0
0.0
0.0
0.0
0.0
0.0
0.0
0.0
0.0
0.0
0.0
0.0
0.0
0.0
0.0
-1.0
0.0
0.0
0.0
0.0
0.0
0.0
0.0
0.0
0.0
0.0
0.0
0.0
0.0
0.0
0.0
0.0
0.0
0.0
0.0
0.0
0.0
-1.0
0.0
1.0
0.0
-1.0
-2.0
-1.0
0.0
0.0
0.0
0.0
0.0
0.0
0.0
0.0
0.0
1.0
0.0
0.0
0.0
0.0
0.0
0.0
0.0
0.0
0.0
0.0
0.0
0.0
0.0
0.0
0.0
0.0
0.0
0.0
0.0
0.0
0.0
0.0
0.0
0.0
0.0
0.0
0.0
0.0
0.0
0.0
0.0
0.0
0.0
0.0
0.0
0.0
0.0
0.0
0.0
0.0
0.0
0.0
0.0
0.0
0.0
0.0
0.0
1.0
0.0
0.0
0.0
0.0
0.0
0.0
0.0
0.0
0.0
0.0
0.0
0.0
0.0
0.0
0.0
0.0
0.0
0.0
0.0
0.0
0.0
0.0
0.0
0.0
0.0
0.0
0.0
0.0
0.0
0.0
0.0
0.0
0.0
0.0
0.0
0.0
0.0
0.0
0.0
0.0
0.0
0.0
0.0
0.0
-1.0
0.0
0.0
0.0
0.0
-1.0
0.0
0.0
0.0
0.0
0.0
0.0
0.0
0.0
0.0
0.0
0.0
0.0
0.0
0.0
0.0
0.0
0.0
0.0
0.0
0.0
0.0
0.0
0.0
0.0
0.0
0.0
0.0
0.0
0.0
0.0
0.0
0.0
0.0
0.0
0.0
0.0
0.0
0.0
0.0
0.0
0.0
0.0
0.0
0.0
0.0
0.0
0.0
0.0
0.0
0.0
0.0
0.0
0.0
0.0
0.0
0.0
0.0
0.0
0.0
0.0
0.0
0.0
0.0
0.0
0.0
0.0
0.0
0.0
0.0
0.0
0.0
0.0
0.0
0.0
0.0
0.0
1.0
0.0
0.0
0.0
0.0
0.0
0.0
0.0
0.0
0.0
0.0
0.0
0.0
0.0
0.0
0.0
0.0
-1.0
0.0
0.0
0.0
0.0
0.0
0.0
0.0
0.0
0.0
0.0
0.0
0.0
0.0
0.0
0.0
0.0
0.0
-1.0
0.0
0.0
-1.0
0.0
0.0
0.0
-1.0
0.0
0.0
0.0
0.0
1.0
0.0
0.0
0.0
0.0
0.0
0.0
0.0
0.0
0.0
0.0
0.0
0.0
0.0
0.0
0.0
0.0
0.0
0.0
0.0
0.0
0.0
0.0
0.0
0.0
0.0
0.0
0.0
0.0
0.0
0.0
0.0
0.0
0.0
0.0
0.0
0.0
0.0
0.0
0.0
0.0
1.0
0.0
0.0
0.0
0.0
0.0
0.0
0.0
0.0
1.0
0.0
0.0
0.0
0.0
0.0
0.0
0.0
0.0
0.0
0.0
0.0
0.0
0.0
0.0
0.0
0.0
0.0
0.0
0.0
0.0
0.0
0.0
0.0
0.0
1.0
0.0
0.0
0.0
0.0
0.0
0.0
0.0
0.0
0.0
0.0
0.0
0.0
0.0
0.0
0.0
0.0
0.0
0.0
0.0
0.0
0.0
0.0
0.0
0.0
0.0
0.0
0.0
0.0
0.0
0.0
0.0
0.0
0.0
0.0
0.0
0.0
0.0
0.0
0.0
0.0
0.0
0.0
0.0
0.0
0.0
0.0
0.0
0.0
0.0
0.0
0.0
0.0
0.0
0.0
0.0
0.0
0.0
0.0
0.0
0.0
0.0
0.0
0.0
0.0
0.0
0.0
0.0
0.0
0.0
0.0
0.0
0.0
-1.0
0.0
0.0
0.0
0.0
-1.0
0.0
0.0
0.0
0.0
0.0
0.0
0.0
1.0
0.0
0.0
0.0
0.0
0.0
0.0
0.0
0.0
0.0
0.0
0.0
0.0
0.0
0.0
0.0
0.0
0.0
0.0
0.0
0.0
0.0
-1.0
0.0
0.0
0.0
0.0
0.0
0.0
0.0
0.0
0.0
0.0
0.0
-1.0
0.0
0.0
0.0
0.0
0.0
0.0
0.0
0.0
0.0
0.0
0.0
0.0
0.0
0.0
0.0
0.0
0.0
1.0
0.0
0.0
0.0
0.0
0.0
0.0
0.0
-1.0
0.0
0.0
0.0
0.0
0.0
0.0
0.0
0.0
0.0
0.0
0.0
0.0
0.0
0.0
0.0
0.0
0.0
0.0
0.0
0.0
0.0
0.0
0.0
0.0
0.0
0.0
0.0
0.0
0.0
0.0
0.0
0.0
0.0
0.0
0.0
0.0
0.0
0.0
0.0
0.0
0.0
0.0
0.0
0.0
-1.0
0.0
0.0
0.0
0.0
0.0
0.0
0.0
0.0
0.0
0.0
0.0
0.0
0.0
0.0
0.0
0.0
0.0
0.0
0.0
-1.0
0.0
0.0
0.0
-1.0
0.0
0.0
0.0
0.0
0.0
0.0
0.0
-1.0
0.0
0.0
0.0
0.0
0.0
0.0
0.0
0.0
0.0
-1.0
0.0
0.0
0.0
0.0
0.0
0.0
0.0
0.0
0.0
0.0
0.0
0.0
1.0
0.0
0.0
0.0
-1.0
0.0
0.0
-1.0
-1.0
0.0
0.0
0.0
0.0
0.0
0.0
0.0
0.0
0.0
0.0
0.0
0.0
0.0
0.0
0.0
0.0
0.0
0.0
0.0
0.0
0.0
0.0
0.0
0.0
0.0
0.0
0.0
0.0
0.0
0.0
0.0
0.0
0.0
0.0
0.0
1.0
0.0
0.0
0.0
-1.0
0.0
0.0
0.0
0.0
0.0
0.0
0.0
0.0
0.0
0.0
0.0
0.0
-1.0
0.0
0.0
0.0
0.0
0.0
1.0
0.0
0.0
0.0
0.0
0.0
0.0
0.0
0.0
0.0
0.0
0.0
0.0
0.0
0.0
0.0
0.0
0.0
0.0
0.0
0.0
0.0
0.0
0.0
0.0
0.0
0.0
0.0
1.0
0.0
0.0
0.0
0.0
0.0
0.0
0.0
0.0
0.0
0.0
0.0
0.0
0.0
-1.0
0.0
0.0
0.0
-1.0
0.0
1.0
0.0
0.0
1.0
1.0
0.0
0.0
0.0
0.0
0.0
0.0
0.0
0.0
0.0
0.0
0.0
1.0
0.0
0.0
0.0
0.0
0.0
0.0
0.0
1.0
0.0
0.0
0.0
1.0
0.0
0.0
0.0
0.0
0.0
-1.0
0.0
0.0
0.0
0.0
0.0
0.0
0.0
0.0
0.0
0.0
0.0
0.0
0.0
0.0
0.0
1.0
0.0
0.0
1.0
0.0
0.0
0.0
0.0
0.0
0.0
0.0
0.0
0.0
0.0
0.0
1.0
0.0
0.0
0.0
0.0
0.0
0.0
0.0
0.0
-1.0
0.0
0.0
0.0
0.0
0.0
0.0
0.0
0.0
0.0
1.0
0.0
0.0
0.0
0.0
2.0
0.0
0.0
0.0
0.0
0.0
0.0
0.0
0.0
0.0
0.0
0.0
0.0
0.0
0.0
0.0
0.0
0.0
0.0
0.0
0.0
0.0
0.0
0.0
0.0
1.0
0.0
0.0
0.0
0.0
0.0
0.0
0.0
1.0
0.0
0.0
0.0
0.0
0.0
0.0
0.0
0.0
0.0
-1.0
0.0
0.0
0.0
0.0
0.0
0.0
0.0
0.0
0.0
0.0
0.0
0.0
0.0
0.0
0.0
-1.0
0.0
-1.0
0.0
0.0
0.0
0.0
0.0
0.0
0.0
0.0
1.0
0.0
0.0
0.0
0.0
0.0
0.0
0.0
0.0
0.0
0.0
0.0
0.0
1.0
0.0
0.0
0.0
0.0
0.0
0.0
0.0
0.0
0.0
0.0
0.0
0.0
0.0
0.0
0.0
0.0
0.0
0.0
0.0
0.0
0.0
0.0
0.0
0.0
-1.0
0.0
0.0
0.0
0.0
0.0
0.0
0.0
0.0
0.0
0.0
0.0
0.0
0.0
0.0
0.0
0.0
0.0
0.0
0.0
0.0
0.0
0.0
0.0
0.0
0.0
0.0
0.0
1.0
0.0
0.0
0.0
0.0
0.0
0.0
0.0
0.0
0.0
0.0
0.0
0.0
0.0
-2.0
0.0
0.0
0.0
0.0
0.0
0.0
0.0
0.0
0.0
0.0
0.0
0.0
1.0
0.0
0.0
0.0
0.0
0.0
0.0
0.0
0.0
0.0
0.0
0.0
-1.0
0.0
0.0
0.0
1.0
0.0
0.0
0.0
0.0
0.0
0.0
0.0
0.0
0.0
0.0
0.0
0.0
0.0
0.0
0.0
1.0
0.0
0.0
0.0
0.0
0.0
0.0
0.0
0.0
0.0
0.0
0.0
0.0
0.0
0.0
1.0
0.0
0.0
0.0
0.0
0.0
0.0
0.0
0.0
0.0
0.0
0.0
0.0
0.0
0.0
0.0
0.0
0.0
0.0
0.0
0.0
0.0
0.0
0.0
0.0
0.0
0.0
0.0
0.0
0.0
0.0
0.0
0.0
0.0
0.0
0.0
0.0
0.0
0.0
0.0
0.0
0.0
0.0
0.0
0.0
0.0
0.0
0.0
0.0
0.0
0.0
0.0
0.0
0.0
0.0
0.0
0.0
0.0
0.0
0.0
0.0
0.0
0.0
0.0
0.0
0.0
0.0
0.0
0.0
0.0
0.0
0.0
0.0
0.0
0.0
0.0
0.0
0.0
0.0
0.0
0.0
0.0
0.0
0.0
0.0
0.0
0.0
0.0
0.0
0.0
0.0
0.0
0.0
0.0
0.0
0.0
0.0
0.0
0.0
0.0
0.0
0.0
0.0
0.0
0.0
0.0
0.0
0.0
0.0
0.0
0.0
0.0
0.0
0.0
0.0
0.0
0.0
0.0
0.0
0.0
0.0
0.0
0.0
0.0
0.0
0.0
0.0
0.0
0.0
0.0
0.0
0.0
0.0
0.0
100.0
286720.0
26560.0
319488.0
0.0
0.0
0.0
0.0
0.0
0.0
0.0
0.0
0.0
0.0
0.0
0.0
0.0
0.0
0.0
0.0
0.0
0.0
0.0
0.0
0.0
0.0
0.0
0.0
