0.18043053
0.022488788
0.011505589
0.008960834
0.011616137
0.007684121
0.003064978
0.0020743874
0.010436965
0.0018944772
0.0028547214
0.0016560418
0.002301985
0.0027723527
0.001510813
0.0065678097
0.006823586
0.0015303214
0.0016105224
0.0016950585
0.0017449132
0.0032210448
0.0013200648
0.0013244
0.0038474794
0.0029024084
0.0011033054
0.0011488248
0.001116311
0.0011206461
0.00085836725
0.0011249813
0.011236807
0.0016256955
0.0013395731
0.0008800432
0.018530762
0.0011965119
0.0008323561
0.0009732497
0.0036328875
0.0014544555
0.0010187692
0.0017774272
0.0010100988
0.0010491156
0.0013287351
0.00092556264
0.0054471637
0.0016647122
0.001302724
0.0054753427
0.0017839299
0.0008020098
0.0008843784
0.00074565236
0.0034616478
0.0018706337
0.001233361
0.003422631
0.0015519974
0.0017817623
0.0011076406
0.0011596628
0.009775849
0.008798264
0.0017145668
0.003043302
0.0075844117
0.00363072
0.0015151482
0.0018944772
0.05316241
0.0059457105
0.0010296071
0.001740578
0.00979319
0.0028330453
0.0012051823
0.0014067686
0.004159613
0.0013439083
0.0012853832
0.0019530022
0.0027983638
0.0023735154
0.001393763
0.0019464995
0.0019941865
0.00059175317
0.0006827921
0.0016517066
0.0038127978
0.0024016942
0.0025404203
0.0022759738
0.0029696038
0.002473225
0.0013547463
0.0031365086
0.002434208
0.0040642386
0.0055490406
0.0013980982
0.0022738061
0.0028633918
0.0006546134
0.0011835063
0.003145179
0.0017470808
0.0029175815
0.0027116602
0.003353268
0.000736982
0.0029414252
0.0026791461
0.010939847
0.0061559672
0.0011986796
0.0010968025
0.0026921518
0.0017774272
0.00086053484
0.001313562
0.0023540072
0.00089738396
0.00098192
0.0012637073
0.0044609085
0.0016885557
0.0009537414
0.012485342
0.0033337597
0.00593704
0.00086487003
0.00089521636
0.0022347895
0.013298189
0.0008258533
0.0305414
0.0016885557
0.009569928
0.000795507
0.000875708
0.004302674
0.00063727266
0.0006741217
0.0011011377
0.0011358192
0.00074565236
0.00060692633
0.00063727266
0.0013092268
0.00080417737
0.00059825595
0.0006220995
0.0011444896
0.00055490405
0.0013395731
0.00075649034
0.001623528
0.0006871273
0.0006957977
0.00081935053
0.0007911718
0.0006762893
0.00060259114
0.0006134291
0.0012832157
0.00066545134
0.0009298978
0.00086053484
0.0011249813
0.0009775849
0.0021264097
0.0007174736
0.0017579187
0.0006827921
0.0008800432
0.0008258533
0.0008431941
0.000656781
0.0018858068
0.0009082219
0.002167594
0.001222523
0.0014761315
0.0007348144
0.00096024416
0.0007868366
0.00095590897
0.00086270244
0.00668486
0.0026336268
0.0015866788
0.005141533
0.00437854
0.001233361
0.0027701852
0.0037564405
0.0029024084
0.003502832
0.001393763
0.001718902
0.023264786
0.0013525786
0.0017167345
0.0016473714
0.002551258
0.0014089361
0.0024558841
0.0012138527
0.00190098
0.0010122664
0.0011401544
0.0009927581
0.0024320404
0.0014609584
0.0011661656
0.001718902
0.0010404452
0.0015715057
0.0018337845
0.0011098081
0.0023951915
0.0014436176
0.0012832157
0.0012355286
0.0022239515
0.0009862552
0.0022174488
0.0015780084
0.012500515
0.0036610663
0.0027376714
0.005184885
0.0047643716
0.0037456024
0.002002857
0.0020115273
0.004233311
0.0022304542
0.0020917282
0.0018294493
0.002802699
0.0022651358
0.0036914127
0.0031213355
0.00374777
0.0031408437
0.0018511253
0.0015888464
0.0015454945
0.0020201977
0.0032925752
0.05644198
0.0
0.0
0.0
0.0
0.0
0.0
0.0
0.0
0.0
0.0
0.0
0.0
0.0
0.0
0.0
0.0
0.0
0.0
0.0
0.0
0.0
0.0
0.0
0.0
0.0
0.0
0.0
0.0
0.0
0.0
0.0
0.0
0.0
0.0
0.0
0.0
0.0
0.0
0.0
0.0
0.0
0.0
0.0
0.0
0.0
0.0
0.0
0.0
0.0
0.0
0.0
0.0
0.0
0.0
0.0
0.0
0.0
0.0
0.0
0.0
0.0
0.0
0.0
0.0
0.016864734
0.0002740465
0.00034799555
0.00016529788
0.0003599579
9.134883e-05
0.00019574749
0.00044913174
0.00019466001
8.047397e-05
7.06866e-05
7.5036536e-05
6.959911e-05
9.896123e-05
6.5249165e-05
0.00064161676
0.010907485
0.00044260683
0.00024468437
0.00014246067
0.00032624582
0.0004371694
0.00021423475
0.0001402857
0.00018704761
8.373643e-05
0.00015333554
6.1986706e-05
0.00017508525
0.00035560795
0.00017399777
0.0037714017
0.009814562
0.00035452045
0.0005372181
0.00019357252
0.0007014285
0.000113098555
0.00042629454
0.00020662235
0.0003904075
4.2411957e-05
5.9811733e-05
5.219933e-05
3.9149498e-05
6.959911e-05
0.000109836095
0.00025229677
0.00606056
0.00049371866
0.00033385822
0.00029905868
0.00026208416
0.00016747286
0.0007655902
0.00034908304
0.00014572314
5.002436e-05
0.00011201107
5.8724247e-05
9.896123e-05
0.00013919822
0.0011331605
0.0028938004
0.020216366
0.00094176293
0.0010244119
0.00093415054
0.0010080996
0.0009917873
0.0023815946
0.001402857
0.0005720177
0.0005567929
0.00051003095
0.00035560795
0.0006024673
0.0006927286
0.0023272203
0.010025534
0.056324165
0.0037311648
0.004979599
0.0038616632
0.004469568
0.003608279
0.013124869
0.0077581257
0.0012951959
0.0017486776
0.0018791759
0.0012201593
0.0018672136
0.0018324141
0.004903475
0.021026544
0.019772671
0.0015083431
0.0016649412
0.0013560952
0.00117666
0.0012451715
0.0025577673
0.0017475901
0.0006938161
0.0006579291
0.0015213931
0.0009515503
0.0012321217
0.0016257917
0.0047294768
0.008783625
0.020390363
0.0014561439
0.0012429965
0.001407207
0.0015442303
0.0017073532
0.001402857
0.0012560465
0.0014931184
0.0011494728
0.0020944981
0.0014822435
0.0018335015
0.004034573
0.004731652
0.0106802005
0.01524873
0.0027622147
0.002973187
0.0025534173
0.012950872
0.0019237628
0.0019846621
0.0032852956
0.00877275
0.0010004872
0.00060355477
0.00088086375
0.0036648281
0.0014398316
0.0035223674
0.003248321
0.08062948
0.0133032175
0.025598334
0.014276518
0.074921265
0.015161731
0.01015277
0.016094794
0.060768723
0.0059996606
0.003019949
0.006828325
0.04368214
0.008575915
0.019891208
0.024258552
0.01682776
0.0033407572
0.00567124
0.004534817
0.013554427
0.0035038802
0.0036235037
0.0045228545
0.011876435
0.0015257429
0.0010602989
0.001722578
0.00854764
0.0022717584
0.0043814816
0.006576028
0.0044195433
0.0038399133
0.004168334
0.0038486132
0.003993249
0.0042314082
0.0038953752
0.0039606243
0.0041987835
0.004076985
0.0040791603
0.0039105997
0.004043273
0.0038801504
0.0041041723
0.003937787
2097.0
11.792561
24729.0
0.052205913
0.0014557807
0.0020219176
0.00084920536
0.024182135
0.0046504103
0.0010918356
0.0027902462
0.007885478
0.0032350682
0.0012535889
0.0025476161
0.0017388491
0.0036394517
0.0090581905
0.0037203284
0.012738081
0.0041247117
0.0032755064
0.007440657
0.0023454244
0.0015770957
0.0023454244
0.0013344656
0.006187068
0.00416515
0.004488657
0.0069149584
0.0056613693
0.010230903
0.0061061913
0.0044482187
0.017307615
0.039063446
0.0021027944
0.0096647665
0.016741477
0.0091390675
0.00416515
0.0046908488
0.02406082
0.0061466293
0.0015770957
0.0022645476
0.009543451
0.0044482187
0.0031137532
0.0053378623
0.006753205
0.0038416435
0.0042864652
0.010716164
0.012495451
0.008977314
0.011605807
0.011767561
0.002749808
0.00080876704
0.0013344656
0.0033968214
0.0090177525
0.0077641634
0.0077237254
0.009745643
0.0043269037
0.032916818
0.013425533
0.023252051
0.017995067
0.060050953
0.0166606
0.012576328
0.0096243275
0.03315945
0.001374904
0.00416515
0.023979943
0.012778519
0.03558575
0.036475394
0.013829917
0.0011322738
0.033766024
0.026931942
0.054389585
0.016620163
0.00711715
0.0053378623
0.005742246
0.006551013
0.0015366573
0.0010109588
0.0037607667
0.000687452
0.0010513972
0.0041247117
5.8565745
2.0
16.0
0.0
4.0
461341.0
258048.0
0.0
0.0
1.0
0.0
1.0
0.0
1.0
0.0
0.0
0.0
0.0
0.0
0.0
0.0
1.0
0.0
0.0
0.0
0.0
0.0
0.0
-1.0
0.0
-1.0
-1.0
0.0
0.0
0.0
0.0
0.0
0.0
0.0
0.0
0.0
0.0
0.0
0.0
-1.0
0.0
0.0
0.0
0.0
0.0
0.0
0.0
0.0
0.0
0.0
0.0
0.0
-1.0
0.0
0.0
0.0
0.0
0.0
0.0
0.0
0.0
0.0
0.0
0.0
37.0
4.0
0.0
4.0
0.0
73728.0
512.0
4096.0
2.0
1.0
0.0
2.0
2.0
0.0
0.0
0.0
0.0
0.0
0.0
0.0
0.0
0.0
0.0
0.0
0.0
0.0
0.0
0.0
0.0
0.0
0.0
0.0
0.0
0.0
0.0
0.0
0.0
0.0
0.0
0.0
0.0
0.0
0.0
0.0
0.0
0.0
0.0
0.0
0.0
0.0
0.0
0.0
0.0
0.0
0.0
0.0
33413.0
0.0
0.0
0.0
0.0
0.0
0.0
0.0
0.0
0.0
0.0
0.0
0.0
0.0
0.0
0.0
0.0
0.0
0.0
0.0
0.0
0.0
0.0
0.0
0.0
0.0
0.0
0.0
0.0
0.0
0.0
0.0
0.0
0.0
0.0
0.0
0.0
0.0
0.0
0.0
0.0
0.0
0.0
0.0
0.0
0.0
0.0
0.0
0.0
0.0
7.8861675
0.0
0.0
0.0
0.0
0.0
0.0
0.0
0.0
0.0
0.0
0.0
0.0
0.0
0.0
0.0
0.0
0.0
0.0
0.0
0.0
0.0
0.0
0.0
0.0
0.0
0.0
0.0
0.0
0.0
0.0
0.0
0.0
0.0
188416.0
0.0
0.0
0.0
0.0
0.0
0.0
0.0
0.0
0.0
0.0
0.0
0.0
0.0
0.0
0.0
65536.0
0.0
0.0
0.0
0.0
0.0
0.0
1.0
0.0
0.0
-1.0
0.0
0.0
0.0
0.0
0.0
0.0
0.0
0.0
0.0
0.0
0.0
0.0
0.0
-1.0
0.0
0.0
-1.0
0.0
0.0
0.0
0.0
0.0
-1.0
0.0
0.0
0.0
0.0
-1.0
0.0
0.0
0.0
0.0
0.0
0.0
0.0
0.0
0.0
0.0
0.0
0.0
0.0
0.0
0.0
0.0
0.0
0.0
1.0
0.0
0.0
0.0
0.0
0.0
0.0
0.0
0.0
0.0
0.0
0.0
0.0
-1.0
0.0
0.0
0.0
0.0
0.0
0.0
0.0
0.0
0.0
1.0
0.0
0.0
0.0
0.0
1.0
0.0
0.0
0.0
0.0
0.0
0.0
0.0
0.0
1.0
0.0
0.0
0.0
0.0
0.0
0.0
0.0
0.0
0.0
-1.0
0.0
0.0
0.0
0.0
0.0
0.0
0.0
0.0
0.0
0.0
0.0
0.0
0.0
0.0
0.0
0.0
0.0
0.0
0.0
0.0
0.0
0.0
0.0
0.0
0.0
0.0
0.0
0.0
0.0
0.0
0.0
0.0
0.0
0.0
0.0
0.0
0.0
0.0
0.0
0.0
0.0
0.0
0.0
0.0
0.0
0.0
0.0
0.0
0.0
0.0
0.0
0.0
0.0
0.0
0.0
0.0
0.0
0.0
0.0
0.0
0.0
0.0
0.0
0.0
0.0
0.0
0.0
0.0
0.0
0.0
0.0
0.0
0.0
0.0
0.0
0.0
0.0
0.0
0.0
0.0
0.0
0.0
0.0
0.0
0.0
0.0
0.0
0.0
0.0
0.0
0.0
0.0
0.0
0.0
0.0
0.0
0.0
0.0
0.0
0.0
0.0
0.0
0.0
0.0
0.0
0.0
0.0
0.0
0.0
0.0
0.0
0.0
0.0
0.0
0.0
0.0
0.0
0.0
0.0
1.0
0.0
0.0
0.0
0.0
0.0
0.0
0.0
0.0
0.0
0.0
0.0
0.0
0.0
0.0
0.0
0.0
0.0
0.0
0.0
0.0
0.0
0.0
0.0
0.0
0.0
0.0
0.0
0.0
0.0
0.0
0.0
0.0
0.0
0.0
0.0
0.0
0.0
0.0
0.0
0.0
0.0
0.0
0.0
0.0
0.0
0.0
0.0
0.0
0.0
0.0
0.0
0.0
0.0
0.0
0.0
0.0
0.0
0.0
0.0
0.0
0.0
0.0
0.0
0.0
0.0
0.0
0.0
0.0
0.0
0.0
0.0
0.0
0.0
0.0
0.0
0.0
0.0
0.0
0.0
0.0
0.0
0.0
0.0
0.0
0.0
0.0
0.0
0.0
0.0
0.0
0.0
0.0
0.0
0.0
0.0
0.0
0.0
0.0
0.0
0.0
0.0
0.0
0.0
0.0
0.0
0.0
0.0
0.0
0.0
0.0
0.0
0.0
0.0
0.0
0.0
0.0
0.0
0.0
0.0
0.0
0.0
0.0
0.0
0.0
0.0
0.0
0.0
0.0
0.0
0.0
0.0
0.0
0.0
0.0
0.0
0.0
0.0
0.0
0.0
0.0
0.0
0.0
0.0
0.0
0.0
0.0
0.0
0.0
0.0
0.0
0.0
0.0
0.0
0.0
0.0
0.0
0.0
0.0
0.0
0.0
0.0
0.0
0.0
0.0
0.0
0.0
0.0
0.0
0.0
0.0
0.0
0.0
0.0
0.0
0.0
0.0
0.0
0.0
0.0
0.0
0.0
0.0
0.0
0.0
0.0
0.0
0.0
0.0
0.0
0.0
0.0
0.0
0.0
0.0
0.0
0.0
0.0
0.0
0.0
0.0
0.0
0.0
0.0
0.0
0.0
0.0
0.0
0.0
0.0
0.0
0.0
0.0
0.0
0.0
0.0
0.0
0.0
0.0
0.0
0.0
0.0
0.0
0.0
0.0
0.0
0.0
0.0
0.0
0.0
0.0
0.0
0.0
0.0
0.0
0.0
0.0
0.0
0.0
0.0
0.0
0.0
0.0
0.0
0.0
0.0
0.0
0.0
0.0
0.0
0.0
0.0
0.0
0.0
0.0
0.0
0.0
0.0
0.0
0.0
0.0
0.0
0.0
0.0
0.0
0.0
0.0
0.0
0.0
0.0
0.0
0.0
0.0
0.0
0.0
0.0
0.0
0.0
0.0
0.0
0.0
0.0
0.0
0.0
0.0
0.0
0.0
0.0
0.0
0.0
0.0
0.0
0.0
0.0
0.0
0.0
0.0
0.0
0.0
0.0
0.0
0.0
0.0
0.0
0.0
0.0
0.0
0.0
0.0
0.0
0.0
0.0
0.0
0.0
0.0
0.0
0.0
0.0
0.0
0.0
0.0
0.0
0.0
0.0
0.0
0.0
0.0
0.0
0.0
0.0
0.0
0.0
0.0
0.0
0.0
0.0
0.0
0.0
0.0
0.0
0.0
0.0
0.0
0.0
0.0
0.0
0.0
0.0
0.0
0.0
0.0
0.0
0.0
0.0
0.0
0.0
0.0
0.0
0.0
0.0
0.0
0.0
0.0
0.0
0.0
0.0
0.0
0.0
0.0
0.0
0.0
0.0
0.0
0.0
0.0
0.0
0.0
0.0
0.0
0.0
0.0
0.0
0.0
0.0
0.0
0.0
0.0
0.0
0.0
0.0
0.0
0.0
0.0
0.0
0.0
0.0
0.0
0.0
0.0
0.0
0.0
0.0
0.0
0.0
0.0
0.0
0.0
0.0
0.0
0.0
0.0
0.0
0.0
0.0
0.0
0.0
0.0
0.0
0.0
0.0
0.0
0.0
0.0
0.0
0.0
0.0
0.0
0.0
0.0
0.0
0.0
0.0
0.0
0.0
0.0
0.0
0.0
0.0
0.0
0.0
0.0
0.0
0.0
0.0
0.0
0.0
0.0
0.0
0.0
0.0
0.0
0.0
0.0
0.0
0.0
0.0
0.0
0.0
0.0
0.0
0.0
0.0
0.0
0.0
0.0
0.0
0.0
0.0
0.0
0.0
0.0
0.0
0.0
0.0
0.0
0.0
0.0
0.0
0.0
0.0
0.0
0.0
0.0
0.0
0.0
0.0
0.0
0.0
0.0
0.0
0.0
0.0
0.0
0.0
0.0
0.0
0.0
0.0
0.0
0.0
0.0
0.0
0.0
0.0
0.0
0.0
0.0
0.0
0.0
0.0
0.0
0.0
0.0
0.0
0.0
0.0
0.0
0.0
0.0
0.0
0.0
0.0
0.0
0.0
0.0
0.0
0.0
0.0
0.0
0.0
0.0
0.0
0.0
0.0
0.0
0.0
0.0
0.0
0.0
0.0
0.0
0.0
0.0
0.0
0.0
0.0
0.0
0.0
0.0
0.0
0.0
0.0
0.0
0.0
0.0
0.0
0.0
0.0
0.0
0.0
0.0
0.0
0.0
0.0
0.0
0.0
0.0
0.0
0.0
0.0
0.0
0.0
0.0
0.0
0.0
0.0
0.0
0.0
0.0
0.0
0.0
0.0
0.0
0.0
0.0
0.0
0.0
0.0
0.0
0.0
0.0
0.0
0.0
0.0
0.0
0.0
0.0
0.0
0.0
0.0
0.0
0.0
0.0
0.0
0.0
0.0
0.0
0.0
0.0
0.0
0.0
0.0
0.0
0.0
0.0
0.0
0.0
0.0
0.0
0.0
0.0
0.0
0.0
0.0
0.0
0.0
0.0
0.0
0.0
0.0
0.0
0.0
0.0
0.0
0.0
0.0
0.0
0.0
0.0
0.0
0.0
0.0
0.0
0.0
0.0
0.0
0.0
0.0
0.0
0.0
0.0
0.0
0.0
0.0
0.0
0.0
0.0
0.0
0.0
0.0
0.0
0.0
0.0
0.0
0.0
0.0
0.0
0.0
0.0
0.0
0.0
0.0
0.0
0.0
0.0
0.0
0.0
0.0
0.0
0.0
0.0
0.0
0.0
0.0
0.0
0.0
0.0
0.0
0.0
0.0
0.0
0.0
0.0
0.0
0.0
0.0
0.0
0.0
0.0
0.0
0.0
0.0
0.0
0.0
0.0
0.0
0.0
0.0
0.0
0.0
0.0
0.0
0.0
0.0
0.0
0.0
0.0
0.0
0.0
0.0
0.0
0.0
0.0
0.0
0.0
0.0
0.0
0.0
0.0
0.0
0.0
0.0
0.0
0.0
0.0
0.0
0.0
0.0
0.0
0.0
0.0
0.0
0.0
0.0
0.0
0.0
0.0
0.0
0.0
0.0
0.0
0.0
0.0
0.0
0.0
0.0
0.0
0.0
0.0
0.0
0.0
0.0
0.0
0.0
0.0
0.0
0.0
0.0
0.0
0.0
0.0
0.0
0.0
0.0
0.0
0.0
0.0
0.0
0.0
0.0
0.0
0.0
0.0
0.0
0.0
0.0
0.0
0.0
0.0
0.0
0.0
0.0
0.0
0.0
0.0
0.0
0.0
0.0
0.0
0.0
0.0
0.0
0.0
0.0
0.0
0.0
0.0
0.0
0.0
0.0
0.0
0.0
0.0
0.0
0.0
0.0
0.0
0.0
0.0
0.0
0.0
0.0
0.0
0.0
0.0
0.0
0.0
0.0
0.0
0.0
0.0
0.0
0.0
0.0
0.0
0.0
0.0
0.0
0.0
0.0
0.0
0.0
0.0
0.0
0.0
0.0
0.0
0.0
0.0
0.0
0.0
0.0
0.0
0.0
0.0
0.0
0.0
0.0
0.0
0.0
0.0
0.0
0.0
0.0
0.0
0.0
0.0
0.0
0.0
0.0
0.0
0.0
0.0
0.0
0.0
0.0
0.0
0.0
0.0
0.0
0.0
1.0
0.0
0.0
0.0
0.0
0.0
0.0
0.0
0.0
0.0
0.0
0.0
0.0
0.0
0.0
0.0
0.0
0.0
0.0
0.0
0.0
0.0
0.0
0.0
0.0
0.0
0.0
0.0
0.0
0.0
0.0
0.0
0.0
0.0
0.0
0.0
0.0
0.0
0.0
0.0
0.0
0.0
0.0
0.0
0.0
0.0
0.0
0.0
0.0
0.0
0.0
0.0
0.0
0.0
0.0
0.0
0.0
0.0
0.0
0.0
0.0
0.0
0.0
0.0
0.0
0.0
0.0
0.0
0.0
0.0
0.0
0.0
0.0
0.0
0.0
0.0
0.0
0.0
0.0
0.0
0.0
0.0
0.0
0.0
0.0
0.0
0.0
0.0
0.0
0.0
0.0
0.0
0.0
0.0
0.0
0.0
0.0
0.0
0.0
0.0
0.0
0.0
0.0
0.0
0.0
0.0
0.0
0.0
0.0
0.0
0.0
0.0
0.0
0.0
0.0
0.0
0.0
0.0
0.0
0.0
0.0
0.0
0.0
0.0
0.0
0.0
0.0
0.0
0.0
0.0
0.0
0.0
0.0
0.0
0.0
0.0
0.0
0.0
0.0
0.0
0.0
0.0
0.0
0.0
0.0
0.0
0.0
0.0
0.0
0.0
0.0
0.0
0.0
0.0
0.0
0.0
0.0
0.0
0.0
0.0
0.0
0.0
0.0
0.0
0.0
0.0
0.0
0.0
0.0
0.0
0.0
0.0
0.0
0.0
0.0
0.0
0.0
0.0
0.0
0.0
0.0
0.0
0.0
0.0
0.0
0.0
0.0
0.0
0.0
0.0
0.0
0.0
0.0
0.0
0.0
0.0
0.0
0.0
0.0
0.0
0.0
0.0
0.0
0.0
0.0
0.0
0.0
0.0
0.0
0.0
0.0
0.0
0.0
0.0
0.0
0.0
0.0
0.0
0.0
0.0
0.0
0.0
0.0
0.0
0.0
0.0
0.0
0.0
0.0
0.0
0.0
0.0
0.0
0.0
0.0
0.0
0.0
0.0
0.0
0.0
0.0
0.0
0.0
0.0
0.0
0.0
0.0
0.0
0.0
0.0
0.0
0.0
0.0
0.0
0.0
0.0
0.0
0.0
0.0
0.0
0.0
0.0
0.0
0.0
0.0
0.0
0.0
0.0
0.0
0.0
0.0
0.0
0.0
0.0
0.0
0.0
0.0
0.0
0.0
0.0
0.0
0.0
0.0
0.0
0.0
0.0
0.0
0.0
0.0
0.0
0.0
0.0
0.0
0.0
0.0
0.0
0.0
0.0
0.0
0.0
0.0
0.0
0.0
0.0
0.0
0.0
0.0
0.0
0.0
0.0
0.0
0.0
0.0
0.0
0.0
0.0
0.0
0.0
0.0
0.0
0.0
0.0
0.0
0.0
0.0
0.0
0.0
0.0
0.0
0.0
0.0
0.0
0.0
0.0
0.0
0.0
0.0
0.0
0.0
0.0
0.0
0.0
0.0
0.0
0.0
0.0
0.0
0.0
0.0
0.0
0.0
0.0
0.0
0.0
0.0
0.0
0.0
0.0
0.0
0.0
0.0
0.0
0.0
0.0
0.0
0.0
0.0
0.0
0.0
0.0
0.0
0.0
0.0
0.0
0.0
0.0
0.0
0.0
0.0
0.0
0.0
0.0
0.0
0.0
0.0
0.0
0.0
0.0
0.0
0.0
0.0
0.0
0.0
0.0
0.0
0.0
0.0
0.0
0.0
0.0
0.0
0.0
0.0
0.0
0.0
0.0
0.0
0.0
0.0
0.0
0.0
0.0
40.0
225885.0
4386.0
192512.0
0.0
0.0
0.0
0.0
0.0
0.0
0.0
0.0
0.0
0.0
0.0
0.0
24.0
225853.0
0.0
0.0
0.0
0.0
0.0
0.0
0.0
0.0
0.0
0.0
