0.31280056
0.008310684
0.0068994355
0.004782563
0.0068210326
0.0035542545
0.0017509931
0.002430483
0.004416684
0.001280577
0.0010192348
0.00094083213
0.0029531675
0.0015419193
0.0013851139
0.003946268
0.0026395568
0.0015941877
0.000574953
0.0002090738
0.002430483
0.006951704
0.0007317583
0.00033974493
0.0009146979
0.00047041607
0.0005226845
0.0005226845
0.0011237717
0.0014373824
0.00044428182
0.0005226845
0.0011760402
0.0004965503
0.0006533556
0.0006533556
0.0024043487
0.0006010872
0.0006010872
0.0019862012
0.0006010872
0.0014373824
0.0002874765
0.0003136107
0.0009931006
0.001149906
0.0013328455
0.0004965503
0.0019600668
0.0032929124
0.0010192348
0.0009931006
0.0022214092
0.0020646038
0.0010715033
0.0011760402
0.0014635166
0.004050805
0.0012544428
0.0014896508
0.0024043487
0.0023520803
0.0012544428
0.0017509931
0.020828977
0.00556659
0.0028747648
0.0022736776
0.0024827514
0.008650429
0.0021691406
0.0022736776
0.001280577
0.00088856363
0.0022475433
0.0013328455
0.0013067112
0.0024043487
0.003240644
0.0020123355
0.014007945
0.0019600668
0.0018032616
0.0050700395
0.0012544428
0.0034235835
0.0033451808
0.002665691
0.0021691406
0.0016987247
0.0011237717
0.0022475433
0.002665691
0.0029793016
0.0020384695
0.00185553
0.0016725904
0.0058540665
0.0016725904
0.0027440938
0.0048871003
0.008702697
0.0026395568
0.0019339327
0.0071607777
0.0031622413
0.007578925
0.0009669663
0.0039201337
0.0015680535
0.0030315702
0.0024827514
0.008676562
0.0014635166
0.004468953
0.005252979
0.007840267
0.007448254
0.002090738
0.0039201337
0.002430483
0.0018032616
0.0019339327
0.0006533556
0.0028486305
0.0019862012
0.000810161
0.001149906
0.004730295
0.0016725904
0.0006010872
0.007814134
0.0030838386
0.01298871
0.0012283085
0.0007317583
0.0034235835
0.011969475
0.0029793016
0.010349154
0.002456617
0.016673636
0.0006272214
0.0018032616
0.00185553
0.0007317583
0.0015680535
0.0006272214
0.0014896508
0.0023520803
0.000810161
0.00075789256
0.0016987247
0.0030838386
0.00033974493
0.00018293958
0.0009146979
0.00036587915
0.00039201337
0.0006010872
0.0015419193
0.002299812
0.0011237717
0.0017771273
0.0007317583
0.00039201337
0.00023520803
0.00026134224
0.00078402675
0.0002874765
0.0004965503
0.0002090738
0.0014112481
0.00023520803
0.00033974493
0.00033974493
0.0006272214
0.00036587915
0.00033974493
0.00044428182
0.001149906
0.0010976375
0.0012544428
0.00033974493
0.002195275
0.00086242944
0.0012021743
0.0004965503
0.0018816643
0.00086242944
0.0016464562
0.0013328455
0.0053836503
0.0012021743
0.0017771273
0.0027179595
0.0022475433
0.000810161
0.0030838386
0.002900899
0.0015941877
0.000574953
0.0015157851
0.00036587915
0.0016725904
0.00023520803
0.002561154
0.0010715033
0.0014112481
0.0021168722
0.00078402675
0.000574953
0.00054881873
0.0002874765
0.00047041607
0.0006533556
0.0015941877
0.0012283085
0.0009146979
0.0011760402
0.0012283085
0.000810161
0.00039201337
0.00039201337
0.0015941877
0.00094083213
0.00086242944
0.001149906
0.0006272214
0.0012283085
0.0017509931
0.00033974493
0.007578925
0.0021168722
0.000574953
0.0039724023
0.0058540665
0.00047041607
0.00039201337
0.0030315702
0.0017248589
0.0006010872
0.0033974494
0.0013589797
0.0015157851
0.002299812
0.0024043487
0.0015941877
0.0045734895
0.0013851139
0.002325946
0.0017248589
0.005357516
0.003266778
0.003946268
0.09810788
0.0
0.0
0.0
0.0
0.0
0.0
0.0
0.0
0.0
0.0
0.0
0.0
0.0
0.0
0.0
0.0
0.0
0.0
0.0
0.0
0.0
0.0
0.0
0.0
0.0
0.0
0.0
0.0
0.0
0.0
0.0
0.0
0.024780273
5.4253473e-05
8.138021e-05
6.781684e-05
6.781684e-05
5.4253473e-05
0.00024414062
0.00016276042
1.3563368e-05
0.0
1.3563368e-05
0.0
5.4253473e-05
0.0
0.0
0.0021837023
0.024807401
0.00023057725
0.00032552084
6.781684e-05
0.00021701389
0.00017632378
0.00020345052
9.494358e-05
0.000257704
0.00016276042
0.00018988716
8.138021e-05
0.00014919705
0.00018988716
0.00023057725
0.0003933377
0.02360026
6.781684e-05
0.000257704
0.0002983941
0.00031195747
0.00028483072
0.00047471788
0.00047471788
0.00027126737
0.0002983941
0.00021701389
0.00021701389
0.00035264756
0.00021701389
0.00021701389
0.00021701389
0.042751737
0.00014919705
0.00020345052
0.00014919705
0.0011121961
0.0004204644
0.0030517578
0.0022786458
0.00028483072
0.00066460506
0.00023057725
0.00031195747
0.00062391494
0.0002983941
0.00043402778
0.0025906032
0.019978842
5.4253473e-05
0.00024414062
9.494358e-05
0.0010443793
0.00047471788
0.0029568141
0.0021972656
0.00014919705
0.000108506945
0.000108506945
2.7126736e-05
6.781684e-05
4.0690105e-05
0.00017632378
5.4253473e-05
0.0
0.0
0.0
0.0
0.0
0.0
0.0
0.0
0.0
0.0
0.0
0.0
0.0
0.0
0.0
0.0
0.017659506
0.00035264756
0.00028483072
0.00027126737
0.00024414062
0.00018988716
0.00036621094
0.0013292101
0.00024414062
0.00040690103
0.00028483072
0.00021701389
0.0005018446
0.0010172526
0.00086805556
0.003540039
0.0359158
0.00036621094
0.00056966144
0.00056966144
0.0006781684
0.00054253475
0.0010036892
0.0006510417
0.003431532
0.006157769
0.0022650824
0.002726237
0.003540039
0.0025499132
0.004530165
0.045613606
0.04245334
0.0014512804
0.0024820964
0.0047743055
0.0064154733
0.0039876304
0.016967773
0.010023329
0.0042588976
0.0009087457
0.0005967882
0.000922309
0.0017361111
0.0015869141
0.0031195746
0.009426541
0.010918511
8.138021e-05
0.000108506945
0.0018988715
0.0024820964
0.002427843
0.0026991102
0.0018174914
0.0016140408
0.00086805556
0.000257704
0.00024414062
0.00017632378
0.0
0.0
0.0021837023
0.01977539
0.0011935764
0.0011393229
0.007012261
0.008083767
0.0077311196
0.010620117
0.008490669
0.0076090493
0.002427843
0.0014105903
0.0019938152
0.0015733507
0.00062391494
0.0012613932
0.0023871528
0.08894857
0.014716255
0.008653428
0.011162652
0.02867296
0.02456326
0.013631185
0.021009658
0.055555556
0.0040418836
0.004869249
0.008490669
0.01703559
0.007514106
0.019259982
0.060763888
0.014973958
0.0033365886
0.0010579427
0.001546224
0.010647244
0.007297092
0.005221897
0.0052490234
0.009819878
0.000773112
0.0018988715
0.00081380206
0.004692925
0.0010986328
0.0035671657
0.011338975
0.0
0.0
0.0
0.0
0.0
0.0
0.0
0.0
0.0
0.0
0.0
0.0
0.0
0.0
0.0
0.0
236.0
15.898305
3752.0
0.0029317697
0.00079957355
0.00053304905
0.00079957355
0.0010660981
0.00026652453
0.00053304905
0.00079957355
0.00026652453
0.00026652453
0.00053304905
0.00026652453
0.00079957355
0.0058635394
0.0074626864
0.0021321962
0.0058635394
0.010127932
0.007196162
0.007196162
0.0053304904
0.013859275
0.0074626864
0.010127932
0.007196162
0.010927506
0.009061834
0.007995736
0.0063965884
0.011460555
0.009328358
0.011993604
0.0074626864
0.016791046
0.010927506
0.0141258
0.010394456
0.015724946
0.015191898
0.015458422
0.009061834
0.0074626864
0.017857144
0.008528785
0.00826226
0.011993604
0.009594883
0.007995736
0.007995736
0.0031982942
0.009861407
0.019722814
0.005597015
0.010660981
0.007196162
0.004530917
0.0031982942
0.0018656716
0.003997868
0.0018656716
0.013859275
0.0074626864
0.0034648187
0.003997868
0.0026652452
0.050906185
0.00826226
0.015724946
0.028518124
0.07436034
0.008795309
0.014392324
0.017590618
0.025586354
0.009594883
0.0047974414
0.030916844
0.011460555
0.025586354
0.02238806
0.017857144
0.0058635394
0.029850746
0.014925373
0.03731343
0.014658849
0.01705757
0.0074626864
0.008528785
0.009328358
0.0034648187
0.0031982942
0.005597015
0.0037313432
0.0029317697
0.004530917
6.01619
0.0
0.0
0.0
3.0
38264.0
102400.0
0.0
0.0
28.0
0.0
1.0
0.0
0.0
0.0
1297736400.0
0.0
0.0
0.0
0.0
0.0
1.0
0.0
0.0
0.0
0.0
0.0
0.0
-1.0
0.0
-1.0
-1.0
0.0
0.0
0.0
0.0
0.0
0.0
0.0
0.0
0.0
0.0
0.0
0.0
-1.0
0.0
0.0
0.0
0.0
0.0
0.0
0.0
0.0
0.0
0.0
0.0
0.0
-1.0
0.0
0.0
0.0
0.0
0.0
0.0
0.0
0.0
0.0
0.0
2.0
50.0
4.0
0.0
4.0
0.0
19456.0
1024.0
4096.0
4.0
0.0
0.0
1.0
2.0
0.0
0.0
0.0
0.0
0.0
0.0
0.0
0.0
0.0
0.0
0.0
0.0
0.0
0.0
2560.0
0.0
0.0
0.0
0.0
0.0
0.0
0.0
0.0
0.0
0.0
0.0
0.0
0.0
0.0
0.0
0.0
0.0
-2560.0
0.0
0.0
0.0
0.0
0.0
0.0
0.0
0.0
-19456.0
0.0
10240.0
0.0
0.0
0.0
0.0
0.0
0.0
0.0
0.0
0.0
0.0
0.0
0.0
0.0
0.0
0.0
0.0
0.0
0.0
0.0
0.0
5.713852
0.0
0.0
0.0
0.0
0.0
0.0
0.0
0.0
0.0
0.0
0.0
0.0
0.0
0.0
0.0
0.0
0.0
-2.3566375
0.0
0.0
0.0
0.0
0.0
0.0
0.0
0.0
-6.3116083
0.0
3.3376768
0.0
0.0
0.0
0.0
0.0
0.0
0.0
0.0
0.0
0.0
0.0
0.0
0.0
0.0
0.0
0.0
0.0
0.0
0.0
0.0
2412.0
0.0
0.0
0.0
0.0
0.0
0.0
0.0
0.0
0.0
0.0
0.0
0.0
0.0
0.0
0.0
0.0
0.0
-57376.0
0.0
0.0
0.0
0.0
0.0
0.0
0.0
0.0
-19062.0
0.0
10036.0
0.0
0.0
0.0
0.0
0.0
0.0
0.0
0.0
0.0
-1.0
0.0
0.0
0.0
0.0
0.0
1.0
0.0
0.0
0.0
0.0
0.0
0.0
0.0
0.0
0.0
0.0
0.0
0.0
0.0
0.0
0.0
0.0
0.0
0.0
0.0
0.0
0.0
0.0
0.0
0.0
0.0
0.0
0.0
0.0
0.0
-2.0
0.0
0.0
0.0
1.0
0.0
0.0
0.0
0.0
0.0
0.0
0.0
0.0
0.0
0.0
0.0
0.0
0.0
0.0
0.0
0.0
0.0
0.0
0.0
-1.0
0.0
0.0
0.0
0.0
0.0
0.0
0.0
0.0
0.0
1.0
0.0
0.0
0.0
0.0
1.0
0.0
0.0
0.0
0.0
0.0
0.0
0.0
0.0
1.0
0.0
0.0
0.0
0.0
0.0
0.0
0.0
0.0
0.0
0.0
0.0
0.0
0.0
0.0
0.0
0.0
0.0
0.0
0.0
0.0
0.0
0.0
0.0
0.0
0.0
0.0
0.0
0.0
0.0
0.0
0.0
0.0
0.0
0.0
0.0
0.0
0.0
0.0
0.0
0.0
0.0
0.0
0.0
0.0
0.0
0.0
0.0
0.0
0.0
0.0
0.0
0.0
0.0
0.0
0.0
0.0
0.0
0.0
0.0
0.0
0.0
0.0
0.0
0.0
0.0
0.0
0.0
0.0
0.0
0.0
0.0
0.0
0.0
0.0
0.0
0.0
0.0
0.0
0.0
0.0
0.0
0.0
0.0
0.0
0.0
0.0
0.0
0.0
0.0
0.0
0.0
0.0
0.0
0.0
0.0
0.0
0.0
0.0
0.0
0.0
0.0
0.0
0.0
0.0
0.0
0.0
0.0
0.0
0.0
0.0
0.0
0.0
0.0
0.0
0.0
0.0
0.0
0.0
0.0
0.0
0.0
0.0
0.0
0.0
0.0
0.0
0.0
0.0
0.0
1.0
0.0
0.0
0.0
0.0
0.0
0.0
0.0
0.0
0.0
0.0
0.0
0.0
0.0
0.0
0.0
0.0
0.0
0.0
0.0
0.0
0.0
0.0
0.0
0.0
0.0
0.0
0.0
0.0
0.0
0.0
0.0
0.0
0.0
0.0
0.0
0.0
0.0
0.0
0.0
0.0
0.0
0.0
0.0
0.0
0.0
0.0
0.0
0.0
0.0
0.0
0.0
0.0
0.0
0.0
0.0
0.0
0.0
0.0
0.0
0.0
0.0
0.0
0.0
0.0
0.0
0.0
0.0
0.0
0.0
0.0
0.0
0.0
0.0
0.0
0.0
0.0
0.0
0.0
0.0
0.0
0.0
0.0
0.0
0.0
0.0
0.0
0.0
0.0
0.0
0.0
0.0
0.0
0.0
0.0
0.0
0.0
0.0
0.0
0.0
0.0
0.0
0.0
0.0
0.0
0.0
0.0
0.0
0.0
0.0
0.0
0.0
0.0
0.0
0.0
0.0
0.0
0.0
0.0
0.0
0.0
0.0
0.0
0.0
0.0
0.0
0.0
0.0
0.0
0.0
0.0
0.0
0.0
0.0
0.0
0.0
0.0
0.0
0.0
0.0
0.0
0.0
0.0
0.0
0.0
0.0
0.0
0.0
0.0
0.0
0.0
0.0
0.0
0.0
0.0
0.0
0.0
0.0
0.0
0.0
0.0
0.0
0.0
0.0
0.0
0.0
0.0
0.0
0.0
0.0
0.0
0.0
0.0
0.0
0.0
0.0
0.0
0.0
0.0
0.0
0.0
0.0
0.0
0.0
0.0
0.0
0.0
0.0
0.0
0.0
0.0
0.0
0.0
0.0
0.0
0.0
0.0
0.0
0.0
0.0
0.0
0.0
0.0
0.0
0.0
0.0
0.0
0.0
0.0
0.0
0.0
0.0
0.0
0.0
0.0
0.0
0.0
0.0
0.0
0.0
0.0
0.0
0.0
0.0
0.0
0.0
0.0
0.0
0.0
0.0
0.0
0.0
0.0
0.0
0.0
0.0
0.0
0.0
0.0
0.0
0.0
0.0
0.0
0.0
0.0
1.0
0.0
0.0
0.0
0.0
0.0
0.0
0.0
0.0
0.0
0.0
0.0
0.0
0.0
0.0
0.0
0.0
0.0
0.0
0.0
0.0
0.0
0.0
0.0
0.0
0.0
0.0
0.0
0.0
0.0
0.0
0.0
0.0
0.0
0.0
0.0
0.0
0.0
0.0
0.0
0.0
0.0
0.0
0.0
0.0
0.0
0.0
0.0
0.0
0.0
0.0
0.0
0.0
0.0
0.0
0.0
0.0
0.0
0.0
0.0
0.0
0.0
0.0
0.0
0.0
0.0
-1.0
0.0
0.0
0.0
0.0
0.0
0.0
0.0
0.0
0.0
0.0
0.0
0.0
0.0
0.0
0.0
0.0
0.0
0.0
0.0
0.0
0.0
0.0
0.0
0.0
0.0
0.0
0.0
0.0
0.0
0.0
0.0
0.0
0.0
0.0
0.0
0.0
0.0
0.0
0.0
0.0
0.0
0.0
0.0
0.0
0.0
0.0
0.0
0.0
0.0
0.0
0.0
0.0
0.0
0.0
0.0
0.0
0.0
0.0
0.0
0.0
0.0
0.0
0.0
0.0
0.0
0.0
0.0
0.0
0.0
0.0
0.0
0.0
0.0
0.0
0.0
0.0
0.0
0.0
0.0
0.0
0.0
0.0
0.0
0.0
0.0
0.0
0.0
0.0
0.0
0.0
0.0
0.0
0.0
0.0
0.0
-1.0
0.0
0.0
0.0
0.0
0.0
0.0
0.0
0.0
0.0
0.0
0.0
-1.0
0.0
0.0
0.0
0.0
0.0
0.0
0.0
0.0
0.0
0.0
0.0
0.0
0.0
0.0
0.0
0.0
0.0
0.0
0.0
0.0
0.0
0.0
0.0
0.0
0.0
0.0
0.0
0.0
0.0
0.0
0.0
0.0
0.0
0.0
1.0
0.0
0.0
0.0
0.0
0.0
0.0
0.0
0.0
0.0
0.0
1.0
0.0
0.0
0.0
0.0
0.0
0.0
0.0
0.0
0.0
0.0
0.0
0.0
0.0
0.0
0.0
0.0
0.0
0.0
0.0
-1.0
0.0
0.0
0.0
0.0
0.0
0.0
0.0
0.0
0.0
0.0
0.0
0.0
0.0
0.0
0.0
0.0
0.0
0.0
0.0
0.0
0.0
0.0
0.0
-1.0
0.0
0.0
0.0
0.0
0.0
0.0
0.0
0.0
0.0
0.0
0.0
0.0
0.0
0.0
0.0
0.0
0.0
0.0
0.0
0.0
0.0
0.0
0.0
0.0
0.0
0.0
0.0
0.0
0.0
0.0
0.0
0.0
0.0
0.0
0.0
0.0
0.0
0.0
0.0
0.0
0.0
0.0
0.0
0.0
0.0
0.0
0.0
0.0
0.0
-1.0
0.0
0.0
0.0
0.0
0.0
0.0
0.0
0.0
0.0
0.0
0.0
0.0
0.0
0.0
0.0
0.0
0.0
0.0
0.0
0.0
0.0
0.0
0.0
0.0
0.0
0.0
0.0
0.0
0.0
0.0
0.0
0.0
0.0
0.0
0.0
0.0
0.0
0.0
0.0
0.0
0.0
0.0
0.0
0.0
0.0
0.0
0.0
0.0
0.0
0.0
0.0
0.0
0.0
0.0
0.0
0.0
0.0
0.0
0.0
0.0
0.0
0.0
0.0
0.0
0.0
0.0
0.0
0.0
0.0
-1.0
0.0
0.0
0.0
0.0
0.0
0.0
0.0
0.0
0.0
0.0
0.0
0.0
0.0
0.0
0.0
0.0
0.0
0.0
0.0
0.0
0.0
0.0
0.0
0.0
0.0
0.0
0.0
0.0
0.0
0.0
0.0
0.0
0.0
0.0
0.0
0.0
0.0
0.0
0.0
0.0
0.0
0.0
0.0
0.0
0.0
0.0
0.0
0.0
0.0
0.0
0.0
0.0
0.0
0.0
0.0
0.0
0.0
0.0
0.0
0.0
0.0
0.0
0.0
0.0
0.0
0.0
0.0
0.0
0.0
0.0
0.0
0.0
0.0
0.0
0.0
0.0
0.0
0.0
0.0
0.0
0.0
0.0
0.0
0.0
0.0
0.0
0.0
0.0
0.0
0.0
-1.0
0.0
0.0
0.0
0.0
0.0
0.0
0.0
0.0
0.0
0.0
1.0
0.0
0.0
0.0
1.0
0.0
0.0
0.0
-1.0
0.0
0.0
0.0
0.0
0.0
0.0
0.0
0.0
0.0
0.0
0.0
-1.0
0.0
0.0
0.0
0.0
0.0
0.0
0.0
0.0
0.0
0.0
0.0
0.0
0.0
0.0
0.0
0.0
0.0
0.0
0.0
0.0
0.0
0.0
0.0
0.0
0.0
0.0
0.0
0.0
0.0
0.0
0.0
0.0
0.0
0.0
0.0
0.0
0.0
0.0
0.0
0.0
0.0
-1.0
0.0
0.0
0.0
0.0
0.0
0.0
0.0
0.0
0.0
0.0
0.0
0.0
0.0
0.0
1.0
0.0
0.0
0.0
0.0
0.0
0.0
0.0
0.0
0.0
0.0
0.0
0.0
0.0
0.0
0.0
0.0
0.0
0.0
0.0
0.0
0.0
0.0
0.0
0.0
0.0
0.0
0.0
0.0
0.0
0.0
0.0
0.0
0.0
0.0
-1.0
0.0
0.0
0.0
0.0
0.0
0.0
0.0
0.0
0.0
0.0
0.0
0.0
0.0
-1.0
0.0
0.0
0.0
0.0
0.0
0.0
0.0
0.0
0.0
0.0
0.0
0.0
0.0
0.0
0.0
0.0
0.0
0.0
0.0
0.0
0.0
0.0
0.0
0.0
0.0
0.0
0.0
0.0
0.0
0.0
1.0
0.0
0.0
0.0
0.0
0.0
0.0
0.0
0.0
0.0
0.0
0.0
0.0
0.0
0.0
0.0
0.0
0.0
0.0
0.0
0.0
0.0
0.0
0.0
0.0
0.0
0.0
0.0
0.0
0.0
0.0
0.0
0.0
0.0
0.0
0.0
0.0
0.0
0.0
0.0
0.0
0.0
0.0
0.0
0.0
0.0
-1.0
0.0
0.0
0.0
0.0
0.0
0.0
0.0
0.0
0.0
0.0
0.0
-1.0
0.0
0.0
1.0
0.0
0.0
0.0
0.0
0.0
0.0
0.0
0.0
0.0
0.0
0.0
0.0
0.0
0.0
0.0
0.0
0.0
0.0
0.0
0.0
0.0
0.0
0.0
0.0
0.0
0.0
0.0
0.0
0.0
0.0
0.0
0.0
0.0
0.0
0.0
0.0
0.0
1.0
0.0
0.0
0.0
0.0
0.0
0.0
0.0
0.0
0.0
0.0
0.0
0.0
0.0
0.0
0.0
0.0
0.0
0.0
0.0
0.0
0.0
0.0
0.0
0.0
0.0
0.0
0.0
0.0
0.0
0.0
0.0
0.0
0.0
0.0
0.0
0.0
0.0
0.0
0.0
0.0
0.0
0.0
0.0
0.0
0.0
0.0
0.0
0.0
0.0
0.0
0.0
0.0
0.0
0.0
0.0
0.0
0.0
0.0
0.0
0.0
0.0
0.0
0.0
0.0
0.0
0.0
0.0
0.0
0.0
0.0
0.0
0.0
0.0
0.0
0.0
0.0
0.0
0.0
0.0
0.0
0.0
0.0
0.0
0.0
-1.0
0.0
0.0
0.0
0.0
0.0
0.0
0.0
0.0
0.0
0.0
0.0
0.0
0.0
0.0
0.0
0.0
0.0
0.0
0.0
0.0
0.0
0.0
0.0
0.0
0.0
0.0
-1.0
0.0
0.0
0.0
0.0
0.0
0.0
0.0
0.0
0.0
0.0
0.0
0.0
0.0
0.0
0.0
0.0
0.0
0.0
0.0
0.0
0.0
0.0
0.0
0.0
-1.0
0.0
0.0
0.0
0.0
0.0
0.0
0.0
0.0
0.0
0.0
0.0
0.0
0.0
0.0
0.0
1.0
0.0
0.0
0.0
0.0
0.0
0.0
0.0
0.0
0.0
0.0
0.0
0.0
0.0
0.0
0.0
0.0
0.0
0.0
0.0
0.0
0.0
0.0
0.0
0.0
0.0
0.0
0.0
0.0
0.0
0.0
0.0
0.0
0.0
0.0
0.0
0.0
0.0
0.0
0.0
0.0
0.0
0.0
0.0
0.0
0.0
0.0
0.0
0.0
0.0
0.0
0.0
0.0
0.0
0.0
0.0
0.0
0.0
0.0
0.0
0.0
0.0
0.0
0.0
0.0
0.0
0.0
0.0
0.0
0.0
0.0
0.0
0.0
0.0
0.0
0.0
0.0
0.0
0.0
0.0
0.0
0.0
0.0
0.0
0.0
0.0
0.0
0.0
0.0
0.0
0.0
0.0
0.0
0.0
0.0
0.0
0.0
0.0
0.0
0.0
0.0
0.0
0.0
0.0
0.0
0.0
0.0
0.0
0.0
0.0
0.0
0.0
0.0
0.0
0.0
0.0
0.0
0.0
0.0
0.0
0.0
0.0
0.0
0.0
0.0
0.0
0.0
0.0
0.0
0.0
0.0
0.0
0.0
0.0
0.0
0.0
0.0
0.0
0.0
0.0
0.0
0.0
0.0
0.0
0.0
0.0
0.0
0.0
0.0
0.0
0.0
0.0
0.0
40.0
30460.0
10036.0
90112.0
0.0
0.0
0.0
0.0
0.0
0.0
0.0
0.0
0.0
0.0
0.0
0.0
0.0
0.0
0.0
0.0
0.0
0.0
116.0
30616.0
0.0
0.0
0.0
0.0
