0.49470344
0.006052526
0.0028402915
0.0029417307
0.004245946
0.0016085325
0.0005071949
0.00089362916
0.0062022693
0.00092744216
0.0012317591
0.0006038035
0.0033716387
0.0019128494
0.00049270364
0.0021930141
0.0027340222
0.0009419334
0.0003816038
0.0003139778
0.001985306
0.002506992
0.0005071949
0.00031880825
0.001106168
0.0002270301
0.00019804754
0.00028982566
0.0008453249
0.0002270301
0.00028016482
0.00042990808
0.0032122345
0.00040092552
0.00022219968
0.00070524245
0.001004729
0.0010820158
0.00026567353
0.00016906498
0.0005071949
0.00049753406
0.00026567353
0.00042024723
0.00059897307
0.00033812996
0.00059414265
0.00025118224
0.0013380285
0.0010143898
0.0009322726
0.002516653
0.0009419334
0.0009805768
0.0011834548
0.0010868462
0.0012172678
0.001275233
0.0012510808
0.002888596
0.0012559112
0.0019804754
0.0014587892
0.0010530333
0.0014539588
0.0015892107
0.0044198413
0.0062022693
0.0015988717
0.009569078
0.0011641331
0.0008791379
0.0013670111
0.00083083357
0.000666599
0.00040575594
0.0008791379
0.0067674294
0.0007487163
0.0005361775
0.0037870554
0.0035938383
0.0027291917
0.00095159427
0.001038542
0.007202168
0.0011158289
0.0008743074
0.0007487163
0.00056032964
0.0005023645
0.0007873597
0.000700412
0.0017292931
0.0010288812
0.0010675245
0.00085981615
0.0017679366
0.00068592076
0.0013863328
0.0018355625
0.0032315562
0.0014249762
0.00084049447
0.003477908
0.0019176798
0.003941629
0.00095159427
0.0021978447
0.000869477
0.0019128494
0.0019321712
0.0012269287
0.00030914738
0.0018452235
0.0018403931
0.0047289887
0.0043667066
0.00080668146
0.00077286846
0.0009950681
0.000937103
0.0004830428
0.00091778126
0.0022316577
0.003023848
0.00068109034
0.000700412
0.0013718415
0.0015602282
0.00041058636
0.011356336
0.0015553978
0.004733819
0.00047338192
0.0005120254
0.0013428589
0.006955816
0.0016181933
0.022529116
0.001207607
0.004999493
0.00067142944
0.0005458383
0.0009564247
0.00035262122
0.00039126465
0.00033812996
0.0014636196
0.0020481015
0.00038643423
0.0002415214
0.00042990808
0.00037677336
0.000666599
0.0003622821
0.0011254897
0.00047821234
0.006337521
0.00016906498
0.00061829475
0.00082600315
0.00019804754
0.0006762599
0.00041058636
0.0003139778
0.00017872582
0.00067142944
0.0008163423
0.00047821234
0.00088879874
0.00039126465
0.00037194294
0.0003332995
0.00014974327
0.0001738954
0.0005120254
0.00019321711
0.00022219968
0.00015940412
0.0004492298
0.00023669096
0.00021253883
0.00014974327
0.0010240508
0.00038643423
0.00037677336
0.00021736925
0.0004685515
0.0013573503
0.0011158289
0.00029465609
0.0037629034
0.0015360761
0.00094676384
0.0014587892
0.004028577
0.00015457369
0.0006955816
0.0024876704
0.000869477
0.0010820158
0.00031880825
0.00014008241
0.11174229
0.00020287797
0.0005216862
0.00028499524
0.0010626941
0.00035262122
0.0018645452
0.00091778126
0.0008984596
0.0003284691
0.00042990808
0.0003332995
0.0011496418
8.211727e-05
0.00024635182
0.00021736925
0.0012317591
9.177813e-05
0.00037677336
0.00027533437
0.0013863328
0.0005748209
0.0006231252
0.00041541678
0.0010433724
0.00080185104
0.00012559112
0.00038643423
0.0059849
0.001772767
0.00038643423
0.0032074042
0.003048
7.7286844e-05
0.0003284691
0.00039126465
0.0017244627
0.00025118224
0.00012559112
0.00067142944
0.0045792456
0.00034296038
0.00011593027
0.0011303201
0.003690447
0.00073422503
0.0007149033
0.0008984596
0.0059897304
0.0015264152
0.0019804754
0.022509793
0.37305418
1.7004819e-05
7.2877797e-06
0.0
1.21463e-05
4.85852e-06
0.0
0.0
1.4575559e-05
4.85852e-06
7.2877797e-06
2.42926e-06
0.069654174
7.2877797e-06
0.0
0.0
0.0095810015
5.5872977e-05
2.9151119e-05
1.4575559e-05
2.42926e-05
1.21463e-05
4.85852e-06
9.71704e-06
1.21463e-05
4.85852e-06
1.7004819e-05
2.42926e-06
7.2877797e-06
1.7004819e-05
2.42926e-06
0.00015547263
0.0142257465
6.0731498e-05
3.158038e-05
6.316076e-05
0.00018462376
8.259484e-05
0.00040325715
0.00024535524
3.6438898e-05
3.158038e-05
1.7004819e-05
7.2877797e-06
0.0044261115
2.42926e-06
1.4575559e-05
6.8019275e-05
0.0073703746
2.186334e-05
2.42926e-05
1.7004819e-05
2.186334e-05
2.9151119e-05
2.672186e-05
2.186334e-05
9.71704e-06
3.158038e-05
1.943408e-05
2.186334e-05
0.0019361202
0.0003571012
2.186334e-05
1.943408e-05
0.008560712
0.00017247746
0.00017490672
2.9151119e-05
0.000119033735
6.316076e-05
0.000121462996
9.71704e-05
0.00013118004
6.316076e-05
3.886816e-05
7.773632e-05
3.158038e-05
6.559002e-05
5.344372e-05
0.00015061411
0.003979128
0.00012875078
9.474114e-05
2.42926e-05
0.0001093167
4.372668e-05
4.615594e-05
0.000111745954
9.71704e-05
3.886816e-05
3.4009638e-05
1.4575559e-05
4.129742e-05
3.4009638e-05
1.943408e-05
0.0001579019
0.0036268851
2.186334e-05
2.672186e-05
3.886816e-05
2.186334e-05
4.85852e-06
2.186334e-05
2.9151119e-05
1.4575559e-05
0.00015061411
2.672186e-05
3.886816e-05
0.00014332634
8.259484e-05
0.00010445818
0.00062189053
0.0033766713
3.6438898e-05
0.0005465835
0.00015304338
0.00034738416
0.00014818486
0.00076035835
0.00043969604
0.00013603855
1.7004819e-05
1.4575559e-05
1.4575559e-05
0.0034714125
0.00014575559
6.316076e-05
0.0002793649
0.011327639
0.00019677005
0.00028179414
0.0013385222
0.00087696285
0.00050771533
0.0020260029
0.0010397233
0.0003158038
0.000116604475
0.00016033115
0.0001700482
0.00090854324
0.00013603855
0.00022592118
0.0002720771
0.012549557
0.00029636972
0.0016956234
0.0019118276
0.0013579563
0.0010251477
0.0058545163
0.0029418338
0.0007992265
0.003702192
0.00023320895
0.00025264305
0.00023320895
0.0006510417
0.00039111087
0.00093040656
0.011347073
0.00018705301
0.0016859064
0.00097170396
0.0014891364
0.0013385222
0.004151605
0.0027159126
0.0013749611
0.004277927
0.00035467197
0.00037410602
0.00042754976
0.00040082788
0.0007700754
0.0029588386
0.0036001632
0.00065590016
0.00094984064
0.007851368
0.0014211171
0.0011174596
0.0019191153
0.0013992537
0.0014454097
0.00051986164
0.0006510417
0.0005465835
0.0047613494
0.0006437539
0.00077979243
0.001588736
0.008769629
0.0011903374
0.00048828125
0.0032940765
0.006775206
0.006231052
0.005356518
0.0044066776
0.01001341
0.0026236007
0.0011879081
0.0015474386
0.0079266755
0.001047011
0.0024001088
0.006393812
0.049775537
0.008026275
0.0033791007
0.0051816115
0.02143336
0.014250039
0.005791356
0.009542133
0.039793707
0.003437403
0.0034616955
0.0035467194
0.03246706
0.005465835
0.0135576995
0.02964669
0.010822353
0.0022494947
0.0011198889
0.0012753615
0.0045742965
0.0031920476
0.0021134561
0.0025094256
0.0075185597
0.00089639693
0.0012583566
0.00067533425
0.0045087063
0.0008429532
0.0022324899
0.003962123
0.0
0.0
0.0
0.0
0.0
0.0
0.0
0.0
0.0
0.0
0.0
0.0
0.0
0.0
0.0
0.0
615.0
18.177237
11179.0
0.036049735
0.002236336
0.0007156275
0.0050988463
0.0013418016
0.007514089
0.0020574292
0.0012523482
0.0024152428
0.002236336
0.0012523482
0.0013418016
0.0021468825
0.0030414169
0.007514089
0.0023257895
0.009303158
0.008408624
0.009750425
0.0072457287
0.008498076
0.008766437
0.011807854
0.010108239
0.010466052
0.011897308
0.012970748
0.009482064
0.009750425
0.014759817
0.017264513
0.008945344
0.0056355665
0.014938724
0.010644959
0.01118168
0.009124251
0.01118168
0.015385992
0.009839878
0.0076035424
0.011539494
0.0066195545
0.0061722873
0.008408624
0.008945344
0.011002773
0.0074246353
0.011002773
0.0068879146
0.0070668217
0.008229717
0.0059933807
0.0067984615
0.007514089
0.0045621255
0.0064406474
0.00545666
0.0023257895
0.00286251
0.0035781376
0.007335182
0.0029519636
0.00572502
0.004204312
0.025941497
0.00831917
0.020037571
0.019858664
0.050362285
0.011628947
0.011539494
0.014223097
0.0286251
0.004919939
0.008766437
0.03327668
0.012523482
0.029698541
0.03220324
0.014670364
0.003667591
0.026925486
0.023436802
0.03694427
0.016191073
0.00805081
0.0088558905
0.008140263
0.007871903
0.004204312
0.00572502
0.008766437
0.004472672
0.0043832185
0.0032203237
6.167647
0.0
0.0
0.0
3.0
207021.0
274432.0
1.0
0.0
65.0
1.0
1.0
0.0
0.0
0.0
1358288100.0
0.0
0.0
0.0
0.0
0.0
1.0
0.0
0.0
0.0
0.0
0.0
0.0
-1.0
1.0
-1.0
-1.0
0.0
0.0
0.0
0.0
0.0
0.0
0.0
0.0
0.0
0.0
0.0
0.0
-1.0
0.0
0.0
0.0
0.0
0.0
0.0
0.0
0.0
0.0
0.0
0.0
0.0
-1.0
0.0
0.0
0.0
0.0
0.0
0.0
0.0
0.0
0.0
0.0
6.0
0.0
4.0
0.0
4.0
0.0
155648.0
4096.0
4096.0
6.0
0.0
0.0
1.0
2.0
0.0
0.0
0.0
0.0
0.0
-8192.0
0.0
0.0
0.0
0.0
0.0
0.0
0.0
0.0
8192.0
0.0
0.0
0.0
0.0
0.0
0.0
0.0
0.0
0.0
0.0
0.0
0.0
0.0
0.0
0.0
0.0
0.0
-8192.0
0.0
0.0
0.0
0.0
0.0
0.0
0.0
0.0
-155648.0
-4096.0
12288.0
0.0
0.0
0.0
0.0
0.0
0.0
0.0
0.0
0.0
0.0
0.0
-6.0015497
0.0
0.0
0.0
0.0
0.0
0.0
0.0
0.0
5.0609403
0.0
0.0
0.0
0.0
0.0
0.0
0.0
0.0
0.0
0.0
0.0
0.0
0.0
0.0
0.0
0.0
0.0
-0.87149626
0.0
0.0
0.0
0.0
0.0
0.0
0.0
0.0
-3.9233272
-4.224419
3.6311374
0.0
0.0
0.0
0.0
0.0
0.0
0.0
0.0
0.0
0.0
0.0
-5091.0
0.0
0.0
0.0
0.0
0.0
0.0
0.0
0.0
7214.0
0.0
0.0
0.0
0.0
0.0
0.0
0.0
0.0
0.0
0.0
0.0
0.0
0.0
0.0
0.0
0.0
0.0
-78360.0
0.0
0.0
0.0
0.0
0.0
0.0
0.0
0.0
-155408.0
-2633.0
10294.0
0.0
0.0
0.0
0.0
0.0
0.0
0.0
0.0
0.0
-1.0
0.0
0.0
0.0
0.0
0.0
1.0
0.0
0.0
0.0
0.0
0.0
0.0
0.0
0.0
0.0
0.0
0.0
0.0
0.0
0.0
0.0
0.0
0.0
0.0
0.0
0.0
0.0
0.0
0.0
0.0
0.0
0.0
0.0
0.0
0.0
-2.0
0.0
0.0
0.0
1.0
0.0
0.0
0.0
0.0
0.0
0.0
0.0
0.0
0.0
0.0
0.0
0.0
0.0
0.0
0.0
0.0
0.0
0.0
0.0
-1.0
0.0
0.0
0.0
0.0
0.0
0.0
0.0
0.0
0.0
1.0
0.0
0.0
0.0
0.0
1.0
0.0
0.0
0.0
0.0
0.0
0.0
0.0
0.0
0.0
0.0
0.0
0.0
0.0
0.0
0.0
0.0
0.0
0.0
0.0
0.0
0.0
0.0
0.0
0.0
0.0
0.0
0.0
0.0
0.0
0.0
0.0
0.0
0.0
0.0
0.0
0.0
0.0
0.0
0.0
0.0
0.0
0.0
0.0
0.0
0.0
0.0
0.0
0.0
0.0
0.0
0.0
-1.0
0.0
0.0
0.0
0.0
0.0
0.0
0.0
0.0
0.0
0.0
0.0
0.0
-1.0
0.0
0.0
0.0
0.0
0.0
0.0
0.0
0.0
0.0
0.0
0.0
0.0
0.0
0.0
0.0
0.0
0.0
0.0
0.0
0.0
0.0
0.0
0.0
0.0
0.0
0.0
0.0
0.0
0.0
0.0
0.0
0.0
0.0
0.0
0.0
0.0
0.0
0.0
0.0
0.0
0.0
0.0
0.0
0.0
0.0
0.0
0.0
0.0
0.0
0.0
0.0
0.0
0.0
0.0
0.0
0.0
-1.0
0.0
0.0
0.0
0.0
0.0
0.0
0.0
0.0
0.0
0.0
0.0
0.0
0.0
0.0
0.0
0.0
1.0
0.0
0.0
0.0
0.0
0.0
0.0
0.0
0.0
0.0
0.0
0.0
0.0
0.0
0.0
0.0
0.0
0.0
0.0
0.0
0.0
0.0
0.0
0.0
0.0
0.0
0.0
0.0
0.0
0.0
0.0
0.0
0.0
0.0
0.0
0.0
0.0
0.0
0.0
0.0
0.0
0.0
0.0
0.0
0.0
0.0
0.0
0.0
0.0
0.0
0.0
0.0
0.0
0.0
0.0
0.0
0.0
0.0
0.0
0.0
0.0
0.0
0.0
0.0
0.0
0.0
0.0
0.0
0.0
0.0
0.0
0.0
0.0
0.0
0.0
0.0
0.0
0.0
0.0
0.0
0.0
0.0
0.0
0.0
0.0
0.0
0.0
0.0
0.0
0.0
0.0
0.0
0.0
0.0
0.0
0.0
0.0
0.0
0.0
0.0
0.0
0.0
0.0
0.0
0.0
0.0
0.0
0.0
0.0
0.0
0.0
0.0
0.0
0.0
0.0
0.0
0.0
0.0
0.0
0.0
0.0
0.0
0.0
0.0
0.0
0.0
0.0
0.0
0.0
0.0
0.0
0.0
0.0
0.0
0.0
0.0
0.0
0.0
0.0
0.0
-1.0
0.0
0.0
0.0
0.0
0.0
0.0
0.0
0.0
0.0
0.0
0.0
1.0
0.0
0.0
0.0
0.0
0.0
0.0
0.0
0.0
0.0
0.0
0.0
0.0
0.0
0.0
0.0
0.0
0.0
0.0
0.0
0.0
0.0
0.0
0.0
0.0
0.0
0.0
0.0
0.0
-1.0
0.0
0.0
0.0
0.0
0.0
0.0
0.0
0.0
0.0
0.0
0.0
0.0
0.0
0.0
0.0
0.0
0.0
0.0
0.0
0.0
0.0
0.0
0.0
0.0
0.0
0.0
0.0
0.0
0.0
0.0
0.0
0.0
0.0
0.0
0.0
0.0
0.0
0.0
0.0
0.0
0.0
0.0
0.0
0.0
0.0
0.0
0.0
0.0
0.0
0.0
0.0
0.0
0.0
0.0
0.0
0.0
0.0
0.0
0.0
0.0
0.0
0.0
0.0
1.0
0.0
0.0
0.0
0.0
0.0
0.0
0.0
0.0
0.0
0.0
0.0
0.0
0.0
0.0
0.0
0.0
0.0
0.0
0.0
0.0
0.0
0.0
0.0
0.0
-1.0
0.0
0.0
0.0
0.0
0.0
0.0
0.0
0.0
0.0
0.0
0.0
0.0
0.0
0.0
0.0
0.0
0.0
0.0
0.0
0.0
0.0
0.0
0.0
0.0
0.0
0.0
0.0
0.0
0.0
0.0
0.0
0.0
0.0
0.0
0.0
0.0
0.0
0.0
0.0
0.0
0.0
0.0
0.0
0.0
0.0
0.0
0.0
0.0
0.0
0.0
0.0
0.0
0.0
0.0
0.0
0.0
0.0
0.0
0.0
0.0
0.0
0.0
0.0
0.0
0.0
0.0
0.0
0.0
0.0
0.0
0.0
0.0
0.0
0.0
0.0
0.0
0.0
0.0
0.0
0.0
0.0
0.0
0.0
0.0
0.0
0.0
0.0
0.0
0.0
-1.0
0.0
0.0
0.0
0.0
0.0
0.0
0.0
0.0
0.0
0.0
0.0
0.0
0.0
0.0
0.0
0.0
0.0
0.0
0.0
0.0
0.0
0.0
0.0
0.0
0.0
0.0
0.0
0.0
0.0
0.0
1.0
0.0
0.0
0.0
0.0
0.0
0.0
0.0
0.0
0.0
0.0
0.0
0.0
0.0
0.0
0.0
-1.0
0.0
0.0
0.0
0.0
0.0
0.0
0.0
0.0
0.0
0.0
0.0
-1.0
0.0
0.0
0.0
0.0
0.0
0.0
-1.0
0.0
0.0
0.0
0.0
0.0
0.0
0.0
0.0
0.0
0.0
0.0
0.0
0.0
0.0
0.0
0.0
0.0
0.0
0.0
0.0
0.0
0.0
0.0
0.0
0.0
0.0
0.0
0.0
0.0
0.0
0.0
0.0
0.0
0.0
0.0
-1.0
0.0
0.0
1.0
0.0
0.0
0.0
0.0
0.0
0.0
0.0
0.0
0.0
0.0
0.0
0.0
0.0
0.0
0.0
0.0
0.0
0.0
0.0
0.0
0.0
0.0
0.0
0.0
0.0
0.0
0.0
0.0
0.0
0.0
0.0
0.0
0.0
0.0
0.0
0.0
0.0
0.0
0.0
0.0
0.0
0.0
0.0
-1.0
0.0
0.0
0.0
-1.0
0.0
0.0
0.0
0.0
0.0
0.0
0.0
0.0
0.0
0.0
0.0
0.0
0.0
0.0
0.0
0.0
0.0
0.0
0.0
0.0
0.0
0.0
0.0
0.0
0.0
0.0
0.0
0.0
0.0
0.0
0.0
0.0
0.0
0.0
1.0
0.0
0.0
0.0
0.0
0.0
0.0
0.0
0.0
0.0
0.0
-1.0
0.0
1.0
0.0
0.0
0.0
0.0
0.0
0.0
0.0
0.0
0.0
0.0
0.0
0.0
0.0
0.0
0.0
0.0
0.0
0.0
0.0
0.0
0.0
0.0
0.0
0.0
0.0
0.0
0.0
0.0
1.0
0.0
0.0
0.0
0.0
0.0
0.0
0.0
0.0
0.0
0.0
0.0
0.0
0.0
0.0
0.0
0.0
0.0
0.0
0.0
0.0
0.0
0.0
0.0
0.0
0.0
0.0
0.0
0.0
0.0
0.0
0.0
0.0
0.0
0.0
0.0
0.0
0.0
0.0
-1.0
0.0
0.0
0.0
0.0
0.0
0.0
0.0
0.0
0.0
0.0
0.0
0.0
0.0
0.0
0.0
0.0
0.0
0.0
-1.0
0.0
0.0
0.0
0.0
0.0
0.0
0.0
0.0
0.0
0.0
0.0
0.0
0.0
0.0
0.0
0.0
0.0
0.0
0.0
0.0
0.0
0.0
0.0
0.0
0.0
0.0
0.0
0.0
0.0
0.0
0.0
0.0
0.0
0.0
0.0
0.0
0.0
0.0
0.0
0.0
0.0
0.0
0.0
0.0
0.0
0.0
0.0
0.0
0.0
0.0
0.0
0.0
1.0
0.0
0.0
0.0
0.0
0.0
0.0
0.0
0.0
0.0
0.0
0.0
0.0
0.0
0.0
0.0
1.0
0.0
0.0
-2.0
0.0
0.0
0.0
0.0
0.0
0.0
0.0
0.0
0.0
0.0
1.0
0.0
0.0
0.0
1.0
0.0
0.0
1.0
-1.0
0.0
0.0
0.0
0.0
0.0
0.0
0.0
0.0
0.0
0.0
0.0
-1.0
-1.0
0.0
0.0
0.0
0.0
0.0
1.0
0.0
0.0
0.0
0.0
0.0
0.0
0.0
0.0
0.0
0.0
0.0
0.0
0.0
0.0
0.0
0.0
0.0
1.0
0.0
1.0
0.0
0.0
0.0
0.0
0.0
0.0
0.0
0.0
0.0
0.0
0.0
0.0
0.0
0.0
-1.0
0.0
0.0
0.0
0.0
0.0
0.0
0.0
0.0
0.0
0.0
0.0
0.0
0.0
0.0
1.0
0.0
0.0
0.0
0.0
0.0
0.0
0.0
0.0
0.0
1.0
0.0
0.0
0.0
0.0
0.0
0.0
0.0
0.0
0.0
0.0
0.0
0.0
0.0
0.0
0.0
0.0
0.0
0.0
0.0
0.0
0.0
0.0
0.0
0.0
0.0
0.0
0.0
0.0
0.0
0.0
0.0
0.0
0.0
0.0
0.0
-1.0
0.0
0.0
-1.0
0.0
0.0
0.0
0.0
0.0
0.0
0.0
0.0
0.0
0.0
0.0
0.0
0.0
0.0
0.0
0.0
0.0
0.0
-1.0
0.0
0.0
0.0
0.0
1.0
0.0
0.0
0.0
0.0
0.0
0.0
1.0
0.0
0.0
0.0
0.0
0.0
0.0
0.0
0.0
0.0
0.0
0.0
0.0
0.0
0.0
0.0
0.0
0.0
0.0
0.0
0.0
-1.0
0.0
0.0
0.0
0.0
0.0
0.0
0.0
0.0
0.0
0.0
0.0
0.0
0.0
-1.0
-1.0
0.0
0.0
0.0
0.0
0.0
0.0
0.0
0.0
0.0
-1.0
0.0
0.0
0.0
0.0
0.0
0.0
0.0
0.0
0.0
0.0
0.0
-1.0
0.0
0.0
1.0
0.0
0.0
0.0
0.0
0.0
0.0
0.0
0.0
0.0
0.0
0.0
0.0
0.0
0.0
0.0
0.0
-1.0
0.0
-1.0
1.0
0.0
0.0
0.0
0.0
1.0
0.0
0.0
0.0
0.0
0.0
0.0
0.0
0.0
0.0
0.0
0.0
0.0
1.0
0.0
0.0
0.0
-1.0
0.0
0.0
0.0
0.0
0.0
0.0
0.0
0.0
1.0
0.0
0.0
0.0
0.0
0.0
0.0
0.0
0.0
0.0
0.0
0.0
0.0
0.0
0.0
0.0
0.0
0.0
1.0
0.0
0.0
0.0
0.0
0.0
0.0
-1.0
0.0
0.0
0.0
0.0
0.0
0.0
0.0
0.0
0.0
0.0
0.0
0.0
0.0
0.0
0.0
0.0
0.0
0.0
0.0
0.0
0.0
0.0
-1.0
0.0
0.0
0.0
0.0
0.0
0.0
0.0
0.0
0.0
0.0
0.0
0.0
0.0
0.0
0.0
0.0
0.0
0.0
0.0
0.0
0.0
0.0
0.0
-1.0
0.0
0.0
0.0
0.0
0.0
0.0
0.0
0.0
0.0
0.0
0.0
0.0
0.0
0.0
0.0
0.0
0.0
0.0
0.0
0.0
0.0
0.0
0.0
0.0
0.0
-1.0
-1.0
0.0
0.0
0.0
0.0
0.0
0.0
0.0
0.0
0.0
0.0
0.0
0.0
0.0
0.0
0.0
0.0
0.0
0.0
0.0
0.0
0.0
0.0
0.0
0.0
-1.0
0.0
0.0
0.0
0.0
0.0
0.0
0.0
0.0
0.0
0.0
0.0
0.0
0.0
0.0
0.0
0.0
0.0
0.0
0.0
0.0
0.0
0.0
0.0
0.0
0.0
0.0
0.0
0.0
0.0
0.0
0.0
0.0
0.0
0.0
0.0
0.0
0.0
0.0
0.0
0.0
0.0
0.0
0.0
0.0
0.0
0.0
0.0
0.0
0.0
0.0
0.0
0.0
0.0
0.0
0.0
0.0
0.0
0.0
0.0
0.0
0.0
0.0
0.0
0.0
0.0
0.0
0.0
0.0
0.0
0.0
0.0
0.0
0.0
0.0
0.0
0.0
0.0
0.0
0.0
0.0
0.0
0.0
0.0
0.0
0.0
0.0
0.0
0.0
0.0
0.0
0.0
0.0
0.0
0.0
0.0
0.0
0.0
0.0
0.0
0.0
0.0
0.0
0.0
0.0
0.0
0.0
0.0
0.0
0.0
0.0
0.0
0.0
0.0
0.0
0.0
0.0
0.0
0.0
0.0
0.0
0.0
0.0
0.0
0.0
0.0
0.0
0.0
0.0
0.0
0.0
0.0
0.0
0.0
0.0
0.0
0.0
0.0
0.0
0.0
0.0
0.0
0.0
0.0
0.0
0.0
0.0
0.0
0.0
0.0
0.0
0.0
0.0
0.0
0.0
0.0
0.0
0.0
0.0
0.0
0.0
0.0
0.0
0.0
0.0
0.0
0.0
0.0
0.0
100.0
249856.0
10294.0
253952.0
0.0
0.0
0.0
0.0
4072.0
266240.0
28.0
159744.0
0.0
0.0
0.0
0.0
0.0
0.0
0.0
0.0
0.0
0.0
484.0
250440.0
0.0
0.0
0.0
0.0
