0.0769695
0.002731845
0.0019532216
0.0020027186
0.0025357616
0.001252651
0.0021188457
0.0012469398
0.009499587
0.001867554
0.0027337489
0.0026861557
0.0011841168
0.001439216
0.0022996997
0.0011860206
0.0012507472
0.003072612
0.0013725857
0.0018961099
0.0021397867
0.0021949948
0.0009290177
0.002290181
0.002179765
0.0074892533
0.003424801
0.0019018211
0.0015324985
0.00170193
0.0013402223
0.0012602658
0.0010527598
0.0020940972
0.0013021477
0.0009537661
0.001660048
0.0046507996
0.0016010326
0.0010146854
0.010816964
0.0047840606
0.008760941
0.0014449272
0.001363067
0.0021740538
0.022302136
0.0008738097
0.013897191
0.0010299152
0.008393522
0.001079412
0.0008642911
0.0050486783
0.0006663037
0.00060919195
0.0012031541
0.0011784057
0.0011707908
0.00074054895
0.00072531914
0.00087000226
0.0005996733
0.0006301329
0.0008376389
0.003917866
0.0009728034
0.0037827012
0.0011231976
0.0014201787
0.0040244744
0.0036018474
0.006636385
0.00090046186
0.0035675804
0.0036799002
0.0008147942
0.0042719585
0.0006910521
0.003963555
0.000982322
0.00080908305
0.0008128905
0.009870813
0.0039902073
0.004054934
0.0037788937
0.0066934964
0.00064726645
0.0013878155
0.0038512354
0.0032744068
0.0012259987
0.0021397867
0.0014677718
0.001791405
0.001024204
0.0049020913
0.010443835
0.004346204
0.01654908
0.018285276
0.0054808236
0.007869998
0.012248565
0.011138694
0.004563228
0.0060557486
0.01659477
0.004346204
0.011329066
0.0038702725
0.006760127
0.003910251
0.009737552
0.004365241
0.007192272
0.0017552343
0.0042491136
0.0020845786
0.0045765545
0.0041063344
0.0006834372
0.000871906
0.0010698934
0.001972259
0.0009042693
0.0007824309
0.0016086475
0.00079385325
0.0007462601
0.0012126727
0.0012697844
0.0017761752
0.0008795209
0.0009842258
0.0008585799
0.0014030451
0.0009994556
0.00103753
0.0008357352
0.008543917
0.004054934
0.0010184927
0.0031373384
0.0021607277
0.001168887
0.0008490613
0.0009899369
0.0015972251
0.0010660859
0.0009956481
0.0015648619
0.0010032629
0.00067201484
0.0019741626
0.0018903988
0.0018313833
0.0014487345
0.0018466131
0.0017095449
0.0015382096
0.0016162624
0.0031449534
0.028472109
0.111988515
0.012063905
0.0056921374
0.003217295
0.013337496
0.0023758486
0.0012412285
0.0021093271
0.008092734
0.0026575997
0.0028498762
0.002248299
0.0077100857
0.0015934177
0.0039464217
0.0098346425
0.004848787
0.0024272492
0.00089475064
0.00083954266
0.0038093533
0.001930377
0.0032344286
0.0008414464
0.0028955655
0.0009651885
0.00075577875
0.0011993466
0.0042300764
0.00095566985
0.002379656
0.0010318188
0.0052961623
0.00067201484
0.0007919495
0.0007576825
0.023135968
0.00096328475
0.001667663
0.0012888217
0.0015686692
0.0016847965
0.000622518
0.00074816385
0.0021283643
0.0012907254
0.0011174865
0.00059776957
0.0027090004
0.004709815
0.0014487345
0.0018827838
0.0027984756
0.0012640733
0.0016352996
0.0013154738
0.0022045134
0.0024938795
0.00207506
0.0015248836
0.002634755
0.0015115575
0.0011460424
0.00150775
0.0036132697
0.004045415
0.00170193
0.0034628755
0.010426701
0.003312481
0.002116942
0.0018351907
0.0016638555
0.0013192813
0.000795757
0.0011079678
0.0029279287
0.0015382096
0.0010775082
0.0012488435
0.0030040778
0.0011251013
0.0013611632
0.0024481902
0.0037617602
0.0022882773
0.0020255633
0.002379656
0.0015001352
0.00083954266
0.0066858814
0.052835662
0.0
0.0
0.0
0.0
0.0
0.0
0.0
0.0
0.0
0.0
0.0
0.0
0.0
0.0
1.9110812e-06
0.0018919704
7.644325e-06
7.644325e-06
4.777703e-06
1.624419e-05
1.9110812e-06
3.8221624e-06
2.8666218e-06
1.0510947e-05
9.555406e-07
2.8666218e-06
9.555406e-07
9.555406e-07
9.555406e-07
1.9110812e-06
9.555406e-07
5.5421355e-05
7.2621086e-05
0.0
0.0
0.0
0.0
0.0
0.0
0.0
0.0
0.0017543725
0.0
8.599865e-06
1.3377568e-05
1.624419e-05
3.6310543e-05
0.00026086258
0.00034495015
0.0
0.0
0.0
0.0
0.0
0.0
0.0
0.0
0.0068359375
0.0
1.9110812e-05
0.00016244191
7.453217e-05
0.00012995352
0.0
0.0
3.05773e-05
0.0
0.0
0.0
0.0
0.0
0.0
0.0
0.0015374648
0.00022932974
0.00010702055
1.528865e-05
3.7266083e-05
0.0
0.0016655073
0.00016913068
9.268744e-05
2.8666218e-05
4.3954868e-05
3.344392e-05
0.0001834638
0.00010415393
2.8666218e-06
2.8666218e-06
0.0059826397
0.00054179155
0.0003296615
0.00010797609
0.00023028528
0.0002656403
0.0015795087
0.0002780623
0.00012422029
4.1088246e-05
0.009881245
0.008979215
0.03526136
0.012520448
2.2932974e-05
1.8155271e-05
0.0014925544
4.1088246e-05
2.3888515e-05
3.248838e-05
2.4844056e-05
0.00012899798
0.0050347433
0.00025990704
0.00026946244
0.00025226272
0.019899134
0.017953653
0.06362945
0.023545476
0.00010606501
5.7332436e-05
0.003683609
0.0010625612
0.0003573722
0.00011657595
0.00018155272
0.00057714654
0.0028035562
0.00044814855
0.00027424016
0.00018155272
0.00015097542
0.00013950893
0.00042521558
0.00026468476
0.00012135366
9.746514e-05
0.005945374
0.0013511344
0.00051025866
0.00016148636
0.00042712665
0.00039654935
0.004169979
0.0027108686
0.0014199334
0.00042521558
0.00027137354
0.00020066353
0.0013052685
0.00021595218
0.00017486393
0.0002092634
0.013482678
0.002999442
0.0014180222
0.0019196811
0.0029526204
0.0013492233
0.009592672
0.0054207817
0.0015680421
0.0006086794
0.00050261436
0.00073098857
0.0015116653
0.00032297272
0.0004089714
0.000376483
0.015558112
0.0038575174
0.0014142
0.0018097939
0.004263622
0.004890457
0.0033912137
0.0022101654
0.0027299796
0.0010740276
0.00033826136
0.0006402122
0.0012097144
0.00035450555
0.0004452819
0.000470126
0.0112887565
0.0017113732
0.0019521695
0.0010606501
0.0014734436
0.00096127385
0.0037839408
0.0022560314
0.005464737
0.0027576901
0.00093069655
0.001470577
0.0028054672
0.0011581152
0.0018757262
0.0016358856
0.017274262
0.0030787517
0.0036415653
0.00616037
0.0041030915
0.0022684534
0.011361378
0.00798832
0.02764379
0.0147640575
0.0029736424
0.00610686
0.013456878
0.0049363226
0.01148942
0.007760901
0.064358525
0.015521802
0.01719782
0.007157955
0.012649447
0.009466541
0.009400609
0.008143117
0.022067254
0.013428212
0.0030357526
0.0046171723
0.012249075
0.0049038343
0.00787461
0.0077542122
0.046417296
0.012735445
0.016253745
0.006575075
0.010812897
0.009426408
0.0055010472
0.0057867537
0.005394982
0.0052774507
0.005846953
0.0056606224
0.006067683
0.0063342787
0.0055946903
0.005905241
0.0072668865
0.0058268867
0.0051857186
0.0052430513
0.005530669
0.005553602
641.0
165.62558
106166.0
0.00052747584
0.00023548029
0.00018838423
0.00015070738
0.0001695458
0.00028257634
0.00023548029
0.000103611324
0.00071586005
0.00023548029
0.00084772904
9.419212e-05
0.00014128817
0.00017896501
0.0027315712
0.00014128817
0.0006405064
0.00019780344
0.00038618766
0.00026373792
0.00014128817
0.012094268
0.0001695458
0.00019780344
0.0001695458
0.00021664186
0.00035793002
0.00011303054
0.00015070738
0.0002448995
0.0001601266
0.00015070738
0.00015070738
0.015626471
0.00011303054
0.0152591225
0.00034851083
0.00039560688
0.014788162
0.014967127
0.029284328
0.00015070738
0.014533843
0.014599778
0.00018838423
0.015560538
0.00018838423
0.015089577
0.00022606108
0.00015070738
0.00017896501
0.0446659
0.014797581
0.015230865
0.015353315
0.030150896
6.593448e-05
0.00027315714
0.015014223
0.00037676847
0.00017896501
0.00039560688
0.00023548029
0.0005651527
0.00014128817
0.016031498
0.045588985
0.015240284
0.07504286
0.060584366
0.015315638
0.029161878
0.045240473
0.045457114
0.015626471
0.015748922
0.045306407
0.015937306
0.04670987
0.015607634
0.029934254
0.015541699
0.045315824
0.015626471
0.030593598
0.00047096057
0.015033062
0.00044270293
0.015504022
0.015560538
0.00017896501
0.00027315714
0.00028257634
0.00042386452
0.00020722265
0.00013186896
5.1864157
0.0
0.0
0.0
34.0
525286.0
491520.0
0.0
0.0
39.0
0.0
1.0
0.0
1.0
0.0
1094174000.0
0.0
0.0
0.0
0.0
0.0
1.0
0.0
0.0
0.0
0.0
0.0
0.0
-1.0
0.0
-1.0
-1.0
1.0
0.0
0.0
0.0
0.0
0.0
0.0
0.0
0.0
0.0
0.0
0.0
-1.0
0.0
0.0
0.0
0.0
0.0
0.0
0.0
0.0
0.0
0.0
0.0
0.0
-1.0
0.0
0.0
0.0
0.0
0.0
0.0
0.0
0.0
1.0
0.0
2.0
24.0
4.0
0.0
4.0
0.0
5632.0
1024.0
4096.0
9.0
1.0
0.0
2.0
6.0
0.0
0.0
0.0
-422912.0
0.0
0.0
0.0
0.0
0.0
0.0
0.0
0.0
0.0
0.0
0.0
0.0
0.0
0.0
0.0
0.0
0.0
0.0
0.0
0.0
0.0
0.0
0.0
0.0
0.0
0.0
0.0
0.0
0.0
0.0
0.0
0.0
0.0
0.0
0.0
0.0
0.0
0.0
0.0
0.0
0.0
0.0
0.0
0.0
0.0
0.0
0.0
0.0
0.0
-28.346655
0.0
0.0
0.0
0.0
0.0
0.0
0.0
0.0
0.0
0.0
0.0
0.0
0.0
0.0
0.0
0.0
0.0
0.0
0.0
0.0
0.0
0.0
0.0
0.0
0.0
0.0
0.0
0.0
0.0
0.0
0.0
0.0
0.0
0.0
0.0
0.0
0.0
0.0
0.0
0.0
0.0
0.0
0.0
0.0
0.0
0.0
0.0
0.0
0.0
-455693.0
0.0
0.0
0.0
0.0
0.0
0.0
0.0
0.0
0.0
0.0
0.0
0.0
0.0
0.0
0.0
0.0
0.0
0.0
0.0
0.0
0.0
0.0
0.0
0.0
0.0
0.0
0.0
0.0
0.0
0.0
0.0
0.0
0.0
0.0
0.0
0.0
0.0
0.0
0.0
0.0
0.0
0.0
0.0
0.0
0.0
0.0
0.0
0.0
0.0
-1.0
0.0
0.0
0.0
0.0
0.0
0.0
0.0
0.0
0.0
0.0
0.0
0.0
0.0
0.0
0.0
0.0
0.0
0.0
0.0
0.0
0.0
0.0
0.0
0.0
0.0
0.0
0.0
0.0
0.0
0.0
0.0
0.0
0.0
0.0
0.0
0.0
0.0
0.0
0.0
0.0
0.0
0.0
0.0
0.0
0.0
0.0
8.0
0.0
-3.0
0.0
8.0
0.0
0.0
0.0
9.0
0.0
-8.0
0.0
0.0
-2.0
0.0
0.0
0.0
0.0
0.0
0.0
0.0
9.0
9.0
0.0
0.0
0.0
0.0
0.0
2.0
0.0
0.0
0.0
0.0
0.0
0.0
0.0
3.0
6.0
0.0
0.0
0.0
0.0
1.0
0.0
0.0
9.0
0.0
-1.0
-9.0
8.0
0.0
0.0
0.0
0.0
0.0
0.0
0.0
0.0
0.0
0.0
0.0
0.0
0.0
0.0
0.0
0.0
0.0
0.0
0.0
0.0
0.0
0.0
0.0
0.0
0.0
0.0
0.0
0.0
0.0
0.0
0.0
0.0
0.0
0.0
0.0
0.0
0.0
0.0
0.0
0.0
0.0
0.0
0.0
0.0
0.0
0.0
0.0
0.0
0.0
0.0
0.0
0.0
0.0
0.0
0.0
0.0
0.0
0.0
0.0
0.0
0.0
0.0
0.0
0.0
0.0
0.0
0.0
0.0
0.0
0.0
0.0
0.0
0.0
0.0
0.0
0.0
0.0
0.0
0.0
0.0
0.0
0.0
0.0
0.0
0.0
0.0
0.0
0.0
0.0
0.0
0.0
0.0
0.0
0.0
0.0
0.0
0.0
0.0
0.0
0.0
0.0
0.0
0.0
0.0
0.0
0.0
0.0
0.0
0.0
0.0
0.0
0.0
0.0
0.0
0.0
0.0
0.0
1.0
0.0
0.0
0.0
0.0
0.0
0.0
0.0
0.0
0.0
0.0
0.0
0.0
0.0
0.0
0.0
0.0
0.0
0.0
0.0
0.0
0.0
0.0
0.0
0.0
0.0
0.0
0.0
0.0
0.0
0.0
0.0
0.0
0.0
0.0
0.0
0.0
0.0
0.0
0.0
0.0
0.0
0.0
0.0
0.0
0.0
0.0
0.0
0.0
0.0
0.0
0.0
0.0
0.0
0.0
0.0
0.0
0.0
0.0
0.0
0.0
0.0
0.0
0.0
0.0
0.0
0.0
0.0
0.0
0.0
0.0
0.0
0.0
0.0
0.0
0.0
0.0
0.0
0.0
0.0
0.0
0.0
0.0
0.0
1.0
0.0
0.0
0.0
0.0
0.0
0.0
0.0
0.0
0.0
0.0
0.0
0.0
0.0
0.0
0.0
0.0
0.0
0.0
0.0
0.0
0.0
0.0
0.0
0.0
0.0
0.0
0.0
0.0
0.0
0.0
0.0
0.0
0.0
0.0
0.0
0.0
0.0
0.0
0.0
0.0
0.0
0.0
0.0
0.0
0.0
0.0
0.0
0.0
0.0
0.0
0.0
0.0
0.0
0.0
0.0
0.0
0.0
0.0
0.0
0.0
0.0
0.0
0.0
0.0
0.0
0.0
0.0
0.0
0.0
0.0
0.0
0.0
0.0
0.0
0.0
0.0
0.0
0.0
0.0
-1.0
0.0
0.0
0.0
0.0
0.0
0.0
0.0
0.0
0.0
0.0
0.0
0.0
0.0
0.0
0.0
0.0
0.0
0.0
0.0
0.0
0.0
0.0
0.0
0.0
0.0
0.0
-2.0
0.0
0.0
0.0
0.0
0.0
0.0
0.0
0.0
0.0
0.0
1.0
0.0
0.0
0.0
0.0
0.0
0.0
0.0
0.0
0.0
0.0
0.0
0.0
0.0
0.0
0.0
0.0
0.0
0.0
0.0
0.0
0.0
0.0
0.0
0.0
0.0
0.0
0.0
1.0
0.0
0.0
0.0
0.0
-1.0
0.0
0.0
1.0
0.0
0.0
0.0
0.0
0.0
0.0
0.0
0.0
0.0
0.0
0.0
0.0
0.0
0.0
0.0
0.0
0.0
0.0
0.0
0.0
0.0
0.0
0.0
0.0
0.0
0.0
0.0
0.0
0.0
0.0
0.0
0.0
0.0
0.0
0.0
0.0
0.0
0.0
0.0
0.0
0.0
0.0
0.0
0.0
0.0
0.0
0.0
0.0
0.0
0.0
0.0
0.0
0.0
0.0
0.0
0.0
0.0
0.0
0.0
0.0
0.0
0.0
0.0
0.0
0.0
0.0
0.0
0.0
0.0
0.0
0.0
0.0
0.0
0.0
0.0
0.0
0.0
0.0
0.0
0.0
0.0
0.0
0.0
0.0
0.0
0.0
0.0
0.0
0.0
0.0
0.0
0.0
0.0
0.0
0.0
0.0
0.0
0.0
0.0
0.0
0.0
0.0
0.0
0.0
0.0
0.0
0.0
0.0
0.0
0.0
0.0
0.0
0.0
0.0
0.0
0.0
0.0
0.0
0.0
0.0
0.0
0.0
0.0
0.0
0.0
0.0
0.0
0.0
0.0
0.0
0.0
0.0
0.0
0.0
0.0
0.0
0.0
0.0
0.0
0.0
0.0
0.0
0.0
0.0
0.0
0.0
0.0
0.0
0.0
0.0
0.0
0.0
0.0
0.0
0.0
0.0
0.0
0.0
0.0
0.0
0.0
0.0
0.0
0.0
0.0
0.0
0.0
0.0
0.0
0.0
0.0
0.0
0.0
0.0
0.0
0.0
0.0
0.0
0.0
0.0
-1.0
0.0
0.0
0.0
0.0
1.0
0.0
0.0
0.0
0.0
0.0
0.0
0.0
0.0
0.0
0.0
0.0
0.0
0.0
0.0
0.0
0.0
0.0
0.0
0.0
0.0
0.0
0.0
0.0
0.0
0.0
0.0
0.0
0.0
0.0
1.0
0.0
0.0
0.0
0.0
0.0
0.0
0.0
0.0
0.0
0.0
0.0
0.0
0.0
0.0
0.0
0.0
0.0
0.0
0.0
0.0
0.0
0.0
0.0
0.0
0.0
0.0
0.0
0.0
0.0
0.0
0.0
0.0
0.0
0.0
0.0
0.0
0.0
0.0
0.0
0.0
0.0
0.0
0.0
0.0
0.0
0.0
0.0
0.0
0.0
0.0
0.0
0.0
0.0
0.0
0.0
0.0
0.0
0.0
0.0
0.0
0.0
0.0
0.0
0.0
0.0
0.0
0.0
0.0
0.0
0.0
0.0
0.0
-1.0
0.0
0.0
0.0
0.0
0.0
0.0
0.0
0.0
0.0
0.0
0.0
0.0
0.0
0.0
0.0
0.0
0.0
0.0
0.0
0.0
0.0
0.0
0.0
0.0
0.0
0.0
0.0
0.0
0.0
0.0
0.0
0.0
0.0
1.0
0.0
0.0
0.0
0.0
0.0
0.0
0.0
0.0
0.0
0.0
0.0
0.0
-1.0
0.0
0.0
0.0
0.0
0.0
0.0
0.0
0.0
0.0
0.0
0.0
0.0
0.0
0.0
0.0
0.0
0.0
0.0
0.0
0.0
0.0
0.0
0.0
0.0
-1.0
0.0
0.0
0.0
0.0
0.0
0.0
0.0
0.0
0.0
0.0
0.0
0.0
0.0
0.0
0.0
0.0
1.0
0.0
0.0
0.0
0.0
0.0
0.0
0.0
0.0
0.0
0.0
0.0
0.0
0.0
0.0
0.0
0.0
0.0
0.0
0.0
0.0
0.0
0.0
0.0
0.0
0.0
0.0
0.0
0.0
0.0
0.0
0.0
0.0
0.0
0.0
0.0
0.0
0.0
0.0
-1.0
0.0
0.0
0.0
0.0
0.0
0.0
0.0
0.0
0.0
0.0
0.0
-1.0
0.0
0.0
0.0
0.0
0.0
0.0
0.0
0.0
0.0
0.0
0.0
0.0
0.0
0.0
0.0
0.0
0.0
0.0
0.0
0.0
0.0
0.0
0.0
0.0
0.0
0.0
0.0
0.0
0.0
0.0
0.0
0.0
0.0
0.0
0.0
0.0
0.0
0.0
0.0
0.0
0.0
0.0
0.0
0.0
0.0
0.0
0.0
0.0
0.0
0.0
0.0
0.0
-1.0
0.0
0.0
0.0
0.0
0.0
0.0
0.0
0.0
0.0
0.0
0.0
0.0
0.0
0.0
0.0
0.0
0.0
0.0
0.0
0.0
0.0
0.0
0.0
0.0
1.0
0.0
0.0
0.0
-1.0
0.0
0.0
0.0
0.0
0.0
0.0
0.0
0.0
0.0
0.0
0.0
0.0
0.0
0.0
0.0
0.0
0.0
0.0
0.0
0.0
0.0
0.0
0.0
0.0
0.0
0.0
1.0
-1.0
1.0
0.0
0.0
0.0
0.0
0.0
0.0
0.0
0.0
0.0
0.0
0.0
0.0
0.0
0.0
0.0
0.0
0.0
0.0
0.0
0.0
0.0
0.0
0.0
0.0
0.0
0.0
0.0
0.0
0.0
0.0
0.0
0.0
0.0
0.0
0.0
0.0
0.0
0.0
0.0
0.0
0.0
0.0
0.0
0.0
0.0
0.0
0.0
0.0
0.0
0.0
0.0
0.0
0.0
0.0
0.0
0.0
0.0
0.0
0.0
0.0
0.0
0.0
0.0
0.0
0.0
0.0
0.0
0.0
0.0
0.0
0.0
0.0
0.0
0.0
0.0
-1.0
0.0
0.0
0.0
0.0
0.0
0.0
0.0
0.0
0.0
0.0
0.0
0.0
0.0
0.0
0.0
0.0
0.0
0.0
0.0
0.0
0.0
1.0
0.0
0.0
0.0
0.0
1.0
0.0
0.0
0.0
0.0
0.0
0.0
0.0
0.0
0.0
0.0
0.0
0.0
-1.0
0.0
0.0
0.0
0.0
0.0
0.0
0.0
0.0
0.0
0.0
0.0
0.0
0.0
0.0
1.0
1.0
0.0
0.0
0.0
0.0
0.0
0.0
0.0
0.0
0.0
0.0
0.0
0.0
0.0
0.0
0.0
0.0
0.0
0.0
0.0
0.0
0.0
0.0
0.0
-1.0
0.0
0.0
0.0
0.0
0.0
0.0
0.0
0.0
0.0
0.0
0.0
0.0
0.0
0.0
2.0
0.0
0.0
0.0
0.0
0.0
0.0
0.0
0.0
0.0
0.0
0.0
0.0
0.0
0.0
0.0
0.0
0.0
0.0
0.0
0.0
0.0
0.0
0.0
0.0
0.0
0.0
0.0
0.0
0.0
0.0
0.0
0.0
0.0
0.0
0.0
0.0
0.0
0.0
0.0
0.0
0.0
0.0
0.0
0.0
1.0
0.0
0.0
0.0
0.0
0.0
0.0
0.0
0.0
0.0
0.0
0.0
0.0
0.0
0.0
0.0
0.0
0.0
0.0
0.0
0.0
0.0
0.0
0.0
0.0
1.0
0.0
0.0
0.0
0.0
0.0
0.0
0.0
0.0
0.0
0.0
0.0
0.0
0.0
0.0
0.0
0.0
0.0
0.0
0.0
0.0
0.0
0.0
0.0
0.0
0.0
0.0
0.0
0.0
0.0
0.0
0.0
0.0
0.0
0.0
0.0
0.0
0.0
0.0
0.0
1.0
0.0
0.0
0.0
0.0
0.0
0.0
0.0
0.0
0.0
0.0
0.0
0.0
0.0
0.0
0.0
0.0
0.0
0.0
0.0
0.0
0.0
0.0
0.0
0.0
0.0
0.0
0.0
0.0
0.0
0.0
0.0
0.0
0.0
0.0
0.0
0.0
0.0
0.0
0.0
-1.0
0.0
0.0
1.0
0.0
0.0
0.0
0.0
0.0
0.0
0.0
0.0
0.0
1.0
0.0
0.0
0.0
0.0
0.0
0.0
0.0
0.0
0.0
0.0
0.0
0.0
0.0
0.0
0.0
0.0
0.0
0.0
0.0
0.0
0.0
0.0
0.0
0.0
0.0
0.0
0.0
0.0
0.0
0.0
0.0
0.0
0.0
0.0
0.0
0.0
0.0
0.0
0.0
0.0
0.0
0.0
0.0
0.0
0.0
0.0
1.0
0.0
0.0
0.0
0.0
0.0
0.0
0.0
0.0
0.0
0.0
0.0
0.0
0.0
0.0
0.0
0.0
0.0
0.0
0.0
0.0
0.0
0.0
0.0
0.0
0.0
0.0
0.0
0.0
0.0
0.0
0.0
0.0
0.0
0.0
0.0
0.0
0.0
0.0
0.0
0.0
0.0
0.0
0.0
0.0
0.0
0.0
0.0
0.0
0.0
0.0
0.0
0.0
0.0
0.0
0.0
0.0
0.0
0.0
0.0
0.0
0.0
0.0
0.0
0.0
0.0
0.0
0.0
0.0
0.0
0.0
0.0
0.0
0.0
0.0
0.0
0.0
0.0
0.0
0.0
0.0
0.0
0.0
0.0
0.0
0.0
0.0
0.0
0.0
0.0
0.0
0.0
0.0
0.0
0.0
0.0
0.0
0.0
0.0
0.0
0.0
0.0
0.0
0.0
0.0
0.0
0.0
0.0
0.0
0.0
0.0
0.0
0.0
0.0
0.0
0.0
0.0
0.0
0.0
0.0
0.0
0.0
0.0
0.0
0.0
0.0
0.0
0.0
0.0
0.0
0.0
0.0
0.0
0.0
1140.0
397312.0
79145.0
409600.0
0.0
0.0
0.0
0.0
0.0
0.0
0.0
0.0
0.0
0.0
0.0
0.0
24.0
405508.0
0.0
0.0
0.0
0.0
164.0
397536.0
0.0
0.0
1698784600.0
0.0
