0.022496082
0.011645901
0.005118198
0.00926274
0.001937318
0.0014774799
0.0025730943
0.023457743
0.0011316016
0.014626851
0.0011096094
0.008840888
0.0012435623
0.0009576629
0.0055440483
0.00091167906
0.0009416685
0.0014474905
0.0013335306
0.0013315313
0.0009036819
0.0008057164
0.00092367484
0.00066976424
0.00075373467
0.00083570584
0.00086169667
0.001059627
0.00092967274
0.0009416685
0.0014854771
0.0009476664
0.000991651
0.00079172134
0.00093367137
0.00072774384
0.001491475
0.0009216756
0.0012835482
0.00076573045
0.0011395989
0.0010976136
0.0009576629
0.0009096798
0.00093766995
0.0011156073
0.0011455967
0.00070175296
0.0006937558
0.00075373467
0.0015334602
0.0009636608
0.003354819
0.0012675538
0.0022891941
0.0015714469
0.0019093279
0.0011356003
0.0018733406
0.0013895109
0.001457487
0.001545456
0.0065616905
0.0026150795
0.0023031894
0.006771616
0.002179233
0.004992243
0.0034467867
0.008005182
0.004792313
0.005636016
0.0074013947
0.00086169667
0.0039226194
0.003900627
0.0014135025
0.004244506
0.0017993667
0.004622373
0.0021912288
0.0016134321
0.0011515947
0.010418333
0.0044644284
0.0043104826
0.0054980647
0.0076233167
0.000877691
0.0015814434
0.0041005565
0.000985653
0.00107962
0.0013175362
0.001755382
0.0010096446
0.0010816193
0.004264499
0.010846182
0.0044704266
0.017048
0.0140610505
0.012007773
0.010956143
0.010586274
0.012743514
0.0055840346
0.004556396
0.010680241
0.0043104826
0.0112640355
0.0045244074
0.007459374
0.004846294
0.011034116
0.004094559
0.008792905
0.0020932632
0.0052601486
0.0015534532
0.0051881736
0.005022232
0.0016074341
0.001673411
0.0033528197
0.029901475
0.1176286
0.012675539
0.0060878573
0.0034167974
0.014025063
0.0028170084
0.0013715172
0.0023651675
0.008517002
0.002821007
0.00301094
0.002733038
0.00812514
0.0020072935
0.0041605355
0.0104723135
0.005094207
0.0025211126
0.0012855475
0.0008576981
0.004002591
0.00204528
0.0033868079
0.0008716932
0.0030429289
0.0010176417
0.0007877227
0.0010976136
0.004420444
0.0009596622
0.002403154
0.001025639
0.0055380506
0.0006557692
0.0006937558
0.0008137136
0.024315441
0.0009936503
0.0017673778
0.0013655194
0.001653418
0.0017833723
0.00064577267
0.00072974316
0.0022232174
0.0013095391
0.0011735869
0.0006177825
0.002841
0.004956255
0.0015194651
0.0019513131
0.0029209717
0.0013255334
0.0017153962
0.0013775151
0.0023531716
0.0026310738
0.0022032245
0.0015734461
0.002741035
0.0015834427
0.0012235693
0.0015854419
0.0038026616
0.004252503
0.0019513131
0.003428793
0.01093615
0.0035827388
0.0022232174
0.0018213589
0.0017913694
0.0015594511
0.00084170373
0.0011236045
0.003084914
0.0016054349
0.0011016122
0.0013015418
0.0031388951
0.0011875819
0.0014754806
0.0025431048
0.003974601
0.002389159
0.0021152555
0.00247113
0.0015214644
0.00082371006
0.0010816193
0.0021112568
0.0025271105
0.0018973321
0.0019453153
0.0022172194
0.0011895812
0.0019153258
0.0012235693
0.009782556
0.0018473497
0.002759029
0.0027230415
0.0010676242
0.0013455264
0.0022512076
0.0011815841
0.0010096446
0.0029569592
0.0013175362
0.0019673074
0.00204528
0.0021952272
0.0008916861
0.0023511725
0.0021512427
0.0077632675
0.0035347557
0.0019113272
0.0014294968
0.0017113975
0.0012995426
0.001289546
0.00082371006
0.0022092224
0.0013335306
0.0009636608
0.0010556284
0.004784316
0.007583331
0.0
0.0
0.0
0.0
0.0
0.0
0.0
0.0
0.0
0.0
0.0
0.0
0.0
0.0
0.0
0.0
0.0019852093
8.0210475e-06
8.0210475e-06
5.0131544e-06
1.7044726e-05
2.0052619e-06
4.0105238e-06
3.0078927e-06
1.102894e-05
1.0026309e-06
3.0078927e-06
1.0026309e-06
1.0026309e-06
1.0026309e-06
2.0052619e-06
1.0026309e-06
0.0
0.0
0.0
0.0
0.0
0.0
0.0
0.0018408303
0.0
9.023678e-06
6.0157854e-06
1.0026309e-05
4.21105e-05
1.7044726e-05
8.021047e-05
4.8126283e-05
0.0
0.0
0.0
0.0
0.0
0.0
0.0
0.0071728216
0.0
1.9049987e-05
8.823152e-05
9.023678e-05
0.00015641042
0.000105276245
0.000383005
0.00019852092
0.0
0.0
0.0
0.0
0.0
0.0
0.0
0.0
0.0
0.0
0.0
0.0
0.0
0.0
0.0
0.0
0.0016342883
7.619995e-05
8.0210475e-06
1.102894e-05
3.6094712e-05
3.509208e-05
0.00018949724
0.0032826136
7.018416e-05
0.00016242621
2.6068403e-05
0.000103270984
0.00027071036
3.0078927e-05
0.00018749198
3.7097343e-05
0.0015440516
0.0001363578
0.00011730781
4.7123653e-05
0.008146376
0.0073793633
0.028223058
0.012251147
0.0009384625
0.00011730781
9.625257e-05
5.51447e-05
3.0078927e-05
4.21105e-05
0.00018348146
0.00024063142
0.0027311665
0.00012933939
0.00011730781
0.00019952355
0.02436694
0.021859359
0.07733693
0.0307547
0.0013726017
0.00031983925
0.00012131834
0.00017245252
6.216312e-05
2.5065772e-05
4.0105235e-05
0.00055545755
3.7097343e-05
1.4036833e-05
1.2031571e-05
1.9049987e-05
4.8126283e-05
1.4036833e-05
2.0052617e-05
0.0020112775
0.0008021047
0.00070484955
4.1107865e-05
0.00010728151
5.614733e-05
0.00012131834
5.51447e-05
4.311313e-05
0.0030650427
0.0004180971
0.00025166036
0.00033989188
0.00059155223
0.00039503656
0.001056773
0.0071698134
0.0027211402
0.0010146624
0.00030379716
0.00088331784
0.00037799185
0.00032986558
0.00074194686
0.0008732915
0.009529004
0.0011730782
0.0011279598
0.0009875915
0.0023291116
0.0007349285
0.00092342304
0.017015649
0.0099922195
0.0024313799
0.0014848964
0.0037478344
0.0038340606
0.0026519587
0.004951994
0.0048467177
0.0030008743
0.00031883662
0.0002656972
0.0005153523
0.0011800965
0.0002626893
0.00040105236
0.010908624
0.0047905706
0.0018097488
0.001961146
0.0020614092
0.0023271064
0.0015681147
0.004781547
0.0028615086
0.009229218
0.0013776149
0.0014247386
0.0027171297
0.002515601
0.0015480621
0.002349164
0.018824395
0.006503064
0.0033999213
0.0049910964
0.008684789
0.003186361
0.0024133327
0.0050662938
0.0037979658
0.05385231
0.0039513684
0.0038160132
0.013438262
0.012635155
0.007419469
0.014376724
0.07357606
0.03113971
0.011249519
0.022977293
0.007972921
0.01607518
0.012510829
0.007722263
0.015295135
0.019338746
0.0027582375
0.0028524848
0.0062303483
0.007673134
0.0039634
0.0074495478
0.029029172
0.015092603
0.0067386823
0.0108043505
0.005044236
0.008055137
0.0070454874
0.0061020115
0.0076129762
0.00589948
0.005839322
0.0059395856
0.006482009
0.006617364
0.0062273405
0.006002751
0.008622626
0.006345651
0.0055194832
0.005115423
0.0059235436
0.0063145696
0.0054332567
0.0063737244
0.0059064985
5218.0
28.063242
146434.0
0.00051217614
0.0003141347
0.0004916891
0.00044388598
0.00038242486
0.00038242486
0.0004916891
0.0003141347
0.00066924345
0.00070338853
0.00044388598
0.0005463212
0.000450715
0.0004916891
0.0007170466
0.0002663316
0.0003073057
0.00043022796
0.0003551088
0.00094923313
0.0018848082
0.00038925387
0.0024789325
0.0010448393
0.001782373
0.0007853367
0.0005326632
0.0014272642
0.0010038653
0.0014067771
0.0017345698
0.0007511917
0.00047803106
0.011827854
0.00043022796
0.011725419
0.0011131294
0.0066856057
0.0114181135
0.012524414
0.022897687
0.00039608288
0.010967398
0.011383968
0.00043705697
0.011643471
0.0005668083
0.011793709
0.0005872953
0.0008467979
0.0007375336
0.033325594
0.012121501
0.011411284
0.012155646
0.023034267
0.0003687668
0.00042339895
0.011636642
0.00046437304
0.00047120205
0.0006282694
0.0008536269
0.00060095335
0.0005394922
0.011964435
0.03376948
0.0121078435
0.055909146
0.04546758
0.016184766
0.027978474
0.03286805
0.034827977
0.011821025
0.012005408
0.03371485
0.011684445
0.0334212
0.012162476
0.022515263
0.012080528
0.034493357
0.011868828
0.022829397
0.001782373
0.0119439475
0.0006282694
0.012101015
0.012237595
0.001345316
0.001331658
0.0030047668
0.0277258
0.16585629
0.010987885
5.195935
0.0
0.0
0.0
27.0
500176.0
425984.0
0.0
0.0
39.0
0.0
1.0
0.0
1.0
0.0
327680.0
0.0
0.0
0.0
0.0
0.0
1.0
0.0
0.0
0.0
0.0
0.0
0.0
-1.0
0.0
-1.0
-1.0
1.0
0.0
0.0
0.0
0.0
0.0
0.0
0.0
0.0
0.0
0.0
0.0
-1.0
0.0
0.0
0.0
0.0
0.0
0.0
0.0
0.0
0.0
0.0
0.0
0.0
-1.0
0.0
0.0
0.0
0.0
0.0
0.0
0.0
0.0
1.0
0.0
2.0
24.0
4.0
0.0
4.0
0.0
5632.0
1024.0
4096.0
9.0
1.0
0.0
1.0
6.0
0.0
0.0
-512.0
0.0
0.0
0.0
0.0
0.0
-512.0
0.0
0.0
0.0
0.0
0.0
512.0
0.0
0.0
0.0
0.0
0.0
0.0
0.0
0.0
0.0
0.0
0.0
0.0
0.0
0.0
0.0
0.0
0.0
-369152.0
0.0
0.0
0.0
0.0
0.0
0.0
0.0
0.0
-5632.0
-2560.0
16384.0
0.0
0.0
0.0
0.0
0.0
0.0
0.0
0.0
-1.8050417
0.0
0.0
0.0
0.0
0.0
-1.3741854
0.0
0.0
0.0
0.0
0.0
4.7489166
0.0
0.0
0.0
0.0
0.0
0.0
0.0
0.0
0.0
0.0
0.0
0.0
0.0
0.0
0.0
0.0
0.0
-6.7421975
0.0
0.0
0.0
0.0
0.0
0.0
0.0
0.0
-5.9819613
-9.484337
5.1002192
0.0
0.0
0.0
0.0
0.0
0.0
0.0
0.0
-32.0
0.0
0.0
0.0
0.0
0.0
-24.0
0.0
0.0
0.0
0.0
0.0
416.0
0.0
0.0
0.0
0.0
0.0
0.0
0.0
0.0
0.0
0.0
0.0
0.0
0.0
0.0
100.0
0.0
0.0
-368656.0
0.0
0.0
0.0
0.0
0.0
0.0
0.0
0.0
-5252.0
-2068.0
16176.0
0.0
0.0
0.0
0.0
0.0
0.0
0.0
0.0
0.0
-1.0
0.0
0.0
0.0
0.0
0.0
1.0
0.0
0.0
0.0
0.0
0.0
0.0
0.0
0.0
0.0
0.0
0.0
0.0
0.0
0.0
0.0
0.0
0.0
0.0
0.0
0.0
0.0
0.0
0.0
0.0
0.0
0.0
0.0
0.0
0.0
-2.0
0.0
0.0
0.0
1.0
0.0
0.0
0.0
0.0
0.0
0.0
1.0
0.0
-1.0
0.0
0.0
0.0
0.0
0.0
1.0
0.0
0.0
0.0
0.0
-1.0
0.0
0.0
0.0
0.0
0.0
0.0
0.0
1.0
1.0
0.0
0.0
0.0
0.0
0.0
1.0
0.0
0.0
0.0
0.0
0.0
0.0
0.0
1.0
0.0
0.0
0.0
0.0
0.0
0.0
0.0
0.0
1.0
0.0
0.0
-1.0
1.0
0.0
0.0
0.0
0.0
0.0
0.0
0.0
0.0
0.0
0.0
0.0
0.0
0.0
0.0
0.0
0.0
0.0
0.0
0.0
0.0
0.0
0.0
0.0
0.0
0.0
0.0
0.0
0.0
0.0
0.0
0.0
0.0
0.0
0.0
0.0
0.0
0.0
0.0
0.0
0.0
0.0
0.0
0.0
0.0
0.0
0.0
0.0
0.0
0.0
0.0
0.0
0.0
0.0
0.0
0.0
0.0
0.0
0.0
0.0
0.0
0.0
0.0
0.0
0.0
0.0
0.0
0.0
0.0
0.0
0.0
0.0
0.0
0.0
0.0
0.0
0.0
0.0
0.0
0.0
0.0
0.0
0.0
0.0
0.0
0.0
0.0
0.0
0.0
0.0
0.0
0.0
0.0
0.0
0.0
0.0
0.0
0.0
0.0
0.0
0.0
0.0
0.0
0.0
0.0
0.0
0.0
0.0
0.0
0.0
0.0
0.0
0.0
0.0
0.0
0.0
0.0
0.0
1.0
0.0
0.0
0.0
0.0
0.0
0.0
0.0
0.0
0.0
0.0
0.0
0.0
0.0
0.0
0.0
0.0
0.0
0.0
0.0
0.0
0.0
0.0
0.0
0.0
0.0
0.0
0.0
0.0
0.0
0.0
0.0
0.0
0.0
0.0
0.0
0.0
0.0
0.0
0.0
0.0
0.0
0.0
0.0
0.0
0.0
0.0
0.0
0.0
0.0
0.0
0.0
0.0
0.0
0.0
0.0
0.0
0.0
0.0
0.0
0.0
0.0
0.0
0.0
0.0
0.0
0.0
0.0
0.0
0.0
0.0
0.0
0.0
0.0
0.0
0.0
0.0
0.0
0.0
0.0
0.0
0.0
0.0
0.0
1.0
0.0
0.0
0.0
0.0
0.0
0.0
0.0
0.0
0.0
0.0
0.0
0.0
0.0
0.0
0.0
0.0
0.0
0.0
0.0
0.0
0.0
0.0
0.0
0.0
0.0
0.0
0.0
0.0
0.0
0.0
0.0
0.0
0.0
0.0
0.0
0.0
0.0
0.0
0.0
0.0
0.0
0.0
0.0
0.0
0.0
0.0
0.0
0.0
0.0
0.0
0.0
0.0
0.0
0.0
0.0
0.0
0.0
0.0
0.0
0.0
0.0
0.0
0.0
0.0
0.0
0.0
0.0
0.0
0.0
0.0
0.0
0.0
0.0
0.0
0.0
0.0
0.0
0.0
0.0
-1.0
0.0
0.0
0.0
0.0
0.0
0.0
0.0
0.0
0.0
0.0
0.0
0.0
0.0
0.0
0.0
0.0
0.0
0.0
0.0
0.0
0.0
0.0
0.0
0.0
0.0
0.0
-2.0
0.0
0.0
0.0
0.0
0.0
0.0
0.0
0.0
0.0
0.0
1.0
0.0
0.0
0.0
0.0
0.0
0.0
0.0
0.0
0.0
0.0
0.0
0.0
0.0
0.0
0.0
0.0
0.0
0.0
0.0
0.0
0.0
0.0
0.0
0.0
0.0
0.0
0.0
1.0
0.0
0.0
0.0
0.0
-1.0
0.0
0.0
1.0
0.0
0.0
0.0
0.0
0.0
0.0
0.0
0.0
0.0
0.0
0.0
0.0
0.0
0.0
0.0
0.0
0.0
0.0
0.0
0.0
0.0
0.0
0.0
0.0
0.0
0.0
0.0
0.0
0.0
0.0
0.0
0.0
0.0
0.0
0.0
0.0
0.0
0.0
0.0
0.0
0.0
0.0
0.0
0.0
0.0
0.0
0.0
0.0
0.0
0.0
0.0
0.0
0.0
0.0
0.0
0.0
0.0
0.0
0.0
0.0
0.0
0.0
0.0
0.0
0.0
0.0
0.0
0.0
0.0
0.0
0.0
0.0
0.0
0.0
0.0
0.0
0.0
0.0
0.0
0.0
0.0
0.0
0.0
0.0
0.0
0.0
0.0
0.0
0.0
0.0
0.0
0.0
0.0
0.0
0.0
0.0
0.0
0.0
0.0
0.0
0.0
0.0
0.0
0.0
0.0
0.0
0.0
0.0
0.0
0.0
0.0
0.0
0.0
0.0
0.0
0.0
0.0
0.0
0.0
0.0
0.0
0.0
0.0
0.0
0.0
0.0
0.0
0.0
0.0
0.0
0.0
0.0
0.0
0.0
0.0
0.0
0.0
0.0
0.0
0.0
0.0
0.0
0.0
0.0
0.0
0.0
0.0
0.0
0.0
0.0
0.0
0.0
0.0
0.0
0.0
0.0
0.0
0.0
0.0
0.0
0.0
0.0
0.0
0.0
0.0
0.0
0.0
0.0
0.0
0.0
0.0
0.0
0.0
0.0
0.0
0.0
0.0
0.0
0.0
0.0
-1.0
0.0
0.0
0.0
0.0
1.0
0.0
0.0
0.0
0.0
0.0
0.0
0.0
0.0
0.0
0.0
0.0
0.0
0.0
0.0
0.0
0.0
0.0
0.0
0.0
0.0
0.0
0.0
0.0
0.0
0.0
0.0
0.0
0.0
0.0
1.0
0.0
0.0
0.0
0.0
0.0
0.0
0.0
0.0
0.0
0.0
0.0
0.0
0.0
0.0
0.0
0.0
0.0
0.0
0.0
0.0
0.0
0.0
0.0
0.0
0.0
0.0
0.0
0.0
0.0
0.0
0.0
0.0
0.0
0.0
0.0
0.0
0.0
0.0
0.0
0.0
0.0
0.0
0.0
0.0
0.0
0.0
0.0
0.0
0.0
0.0
0.0
0.0
0.0
0.0
0.0
0.0
0.0
0.0
0.0
0.0
0.0
0.0
0.0
0.0
0.0
0.0
0.0
0.0
0.0
0.0
0.0
0.0
-1.0
0.0
0.0
0.0
0.0
0.0
0.0
0.0
0.0
0.0
0.0
0.0
0.0
0.0
0.0
0.0
0.0
0.0
0.0
0.0
0.0
0.0
0.0
0.0
0.0
0.0
0.0
0.0
0.0
0.0
0.0
0.0
0.0
0.0
1.0
0.0
0.0
0.0
0.0
0.0
0.0
0.0
0.0
0.0
0.0
0.0
0.0
-1.0
0.0
0.0
0.0
0.0
0.0
0.0
0.0
0.0
0.0
0.0
0.0
0.0
0.0
0.0
0.0
0.0
0.0
0.0
0.0
0.0
0.0
0.0
0.0
0.0
-1.0
0.0
0.0
0.0
0.0
0.0
0.0
0.0
0.0
0.0
0.0
0.0
0.0
0.0
0.0
0.0
0.0
1.0
0.0
0.0
0.0
0.0
0.0
0.0
0.0
0.0
0.0
0.0
0.0
0.0
0.0
0.0
0.0
0.0
0.0
0.0
0.0
0.0
0.0
0.0
0.0
0.0
0.0
0.0
0.0
0.0
0.0
0.0
0.0
0.0
0.0
0.0
0.0
0.0
0.0
0.0
-1.0
0.0
0.0
0.0
0.0
0.0
0.0
0.0
0.0
0.0
0.0
0.0
-1.0
0.0
0.0
0.0
0.0
0.0
0.0
0.0
0.0
0.0
0.0
0.0
0.0
0.0
0.0
0.0
0.0
0.0
0.0
0.0
0.0
0.0
0.0
0.0
0.0
0.0
0.0
0.0
0.0
0.0
0.0
0.0
0.0
0.0
0.0
0.0
0.0
0.0
0.0
0.0
0.0
0.0
0.0
0.0
0.0
0.0
0.0
0.0
0.0
0.0
0.0
0.0
0.0
-1.0
0.0
0.0
0.0
0.0
0.0
0.0
0.0
0.0
0.0
0.0
0.0
0.0
0.0
0.0
0.0
0.0
0.0
0.0
0.0
0.0
0.0
0.0
0.0
0.0
1.0
0.0
0.0
0.0
-1.0
0.0
0.0
0.0
0.0
0.0
0.0
0.0
0.0
0.0
0.0
0.0
0.0
0.0
0.0
0.0
0.0
0.0
0.0
0.0
0.0
0.0
0.0
0.0
0.0
0.0
0.0
1.0
-1.0
1.0
0.0
0.0
0.0
0.0
0.0
0.0
0.0
0.0
0.0
0.0
0.0
0.0
0.0
0.0
0.0
0.0
0.0
0.0
0.0
0.0
0.0
0.0
0.0
0.0
0.0
0.0
0.0
0.0
0.0
0.0
0.0
0.0
0.0
0.0
0.0
0.0
0.0
0.0
0.0
0.0
0.0
0.0
0.0
0.0
0.0
0.0
0.0
0.0
0.0
0.0
0.0
0.0
0.0
0.0
0.0
0.0
0.0
0.0
0.0
0.0
0.0
0.0
0.0
0.0
0.0
0.0
0.0
0.0
0.0
0.0
0.0
0.0
0.0
0.0
0.0
-1.0
0.0
0.0
0.0
0.0
0.0
0.0
0.0
0.0
0.0
0.0
0.0
0.0
0.0
0.0
0.0
0.0
0.0
0.0
0.0
0.0
0.0
1.0
0.0
0.0
0.0
0.0
1.0
0.0
0.0
0.0
0.0
0.0
0.0
0.0
0.0
0.0
0.0
0.0
0.0
-1.0
0.0
0.0
0.0
0.0
0.0
0.0
0.0
0.0
0.0
0.0
0.0
0.0
0.0
0.0
1.0
1.0
0.0
0.0
0.0
0.0
0.0
0.0
0.0
0.0
0.0
0.0
0.0
0.0
0.0
0.0
0.0
0.0
0.0
0.0
0.0
0.0
0.0
0.0
0.0
-1.0
0.0
0.0
0.0
0.0
0.0
0.0
0.0
0.0
0.0
0.0
0.0
0.0
0.0
0.0
2.0
0.0
0.0
0.0
0.0
0.0
0.0
0.0
0.0
0.0
0.0
0.0
0.0
0.0
0.0
0.0
0.0
0.0
0.0
0.0
0.0
0.0
0.0
0.0
0.0
0.0
0.0
0.0
0.0
0.0
0.0
0.0
0.0
0.0
0.0
0.0
0.0
0.0
0.0
0.0
0.0
0.0
0.0
0.0
0.0
1.0
0.0
0.0
0.0
0.0
0.0
0.0
0.0
0.0
0.0
0.0
0.0
0.0
0.0
0.0
0.0
0.0
0.0
0.0
0.0
0.0
0.0
0.0
0.0
0.0
1.0
0.0
0.0
0.0
0.0
0.0
0.0
0.0
0.0
0.0
0.0
0.0
0.0
0.0
0.0
0.0
0.0
0.0
0.0
0.0
0.0
0.0
0.0
0.0
0.0
0.0
0.0
0.0
0.0
0.0
0.0
0.0
0.0
0.0
0.0
0.0
0.0
0.0
0.0
0.0
1.0
0.0
0.0
0.0
0.0
0.0
0.0
0.0
0.0
0.0
0.0
0.0
0.0
0.0
0.0
0.0
0.0
0.0
0.0
0.0
0.0
0.0
0.0
0.0
0.0
0.0
0.0
0.0
0.0
0.0
0.0
0.0
0.0
0.0
0.0
0.0
0.0
0.0
0.0
0.0
-1.0
0.0
0.0
1.0
0.0
0.0
0.0
0.0
0.0
0.0
0.0
0.0
0.0
1.0
0.0
0.0
0.0
0.0
0.0
0.0
0.0
0.0
0.0
0.0
0.0
0.0
0.0
0.0
0.0
0.0
0.0
0.0
0.0
0.0
0.0
0.0
0.0
0.0
0.0
0.0
0.0
0.0
0.0
0.0
0.0
0.0
0.0
0.0
0.0
0.0
0.0
0.0
0.0
0.0
0.0
0.0
0.0
0.0
0.0
0.0
1.0
0.0
0.0
0.0
0.0
0.0
0.0
0.0
0.0
0.0
0.0
0.0
0.0
0.0
0.0
0.0
0.0
0.0
0.0
0.0
0.0
0.0
0.0
0.0
0.0
0.0
0.0
0.0
0.0
0.0
0.0
0.0
0.0
0.0
0.0
0.0
0.0
0.0
0.0
0.0
0.0
0.0
0.0
0.0
0.0
0.0
0.0
0.0
0.0
0.0
0.0
0.0
0.0
0.0
0.0
0.0
0.0
0.0
0.0
0.0
0.0
0.0
0.0
0.0
0.0
0.0
0.0
0.0
0.0
0.0
0.0
0.0
0.0
0.0
0.0
0.0
0.0
0.0
0.0
0.0
0.0
0.0
0.0
0.0
0.0
0.0
0.0
0.0
0.0
0.0
0.0
0.0
0.0
0.0
0.0
0.0
0.0
0.0
0.0
0.0
0.0
0.0
0.0
0.0
0.0
0.0
0.0
0.0
0.0
0.0
0.0
0.0
0.0
0.0
0.0
0.0
0.0
0.0
0.0
0.0
0.0
0.0
0.0
0.0
0.0
0.0
0.0
0.0
0.0
0.0
0.0
0.0
0.0
0.0
1140.0
397312.0
16176.0
409600.0
0.0
0.0
0.0
0.0
0.0
0.0
0.0
0.0
0.0
0.0
0.0
0.0
24.0
405508.0
0.0
0.0
0.0
0.0
164.0
397536.0
0.0
0.0
1198155900.0
0.0
