0.64433354
0.0043002926
0.0023424642
0.0023112774
0.0029176846
0.001188558
0.00033612282
0.0006999671
0.0044874125
0.00068957155
0.00089401734
0.00041928721
0.0026127484
0.0009841122
0.00028761022
0.0017291266
0.0020444584
0.00069650187
0.0003187969
0.00020791101
0.0012682572
0.0019370376
0.0002910754
0.00022870212
0.0008004574
0.00015246807
0.00018018954
0.00017672437
0.00037077465
0.0002113762
0.00022177176
0.0002910754
0.002113762
0.00023909767
0.00016979399
0.0003153317
0.00069650187
0.00075541
0.0001905851
0.00019405028
0.00024949323
0.00017325918
0.00013860734
0.000377705
0.00034998354
0.00023563248
0.00040889165
0.00020791101
0.00089401734
0.00057522045
0.00072768854
0.0017672436
0.0006549197
0.00070689747
0.00079006184
0.00083857443
0.00094252994
0.00089401734
0.000717293
0.0020098065
0.0009806469
0.0012370705
0.00081431813
0.000810853
0.0009979729
0.0011781624
0.0029939185
0.0043314793
0.0010811372
0.0074397493
0.00059947674
0.00060294196
0.0009459951
0.00046779978
0.00035344873
0.00032572725
0.0006064071
0.00509382
0.00037077465
0.00034305317
0.0023909768
0.002567701
0.0017533829
0.00069650187
0.00057868566
0.00528094
0.00059947674
0.0005336383
0.0003984961
0.00028414506
0.00023909767
0.0005890812
0.00042621756
0.0010638114
0.00060294196
0.00075194484
0.00041928721
0.0012197446
0.0004054265
0.0008212485
0.0009806469
0.0021241575
0.00092173886
0.0005648249
0.0024221633
0.0012197446
0.0026162136
0.000547499
0.001302909
0.0005405686
0.001188558
0.0011608365
0.00081431813
0.00030840133
0.001320235
0.0011920232
0.0033820192
0.0030493615
0.0006064071
0.000509382
0.0007103626
0.00053710345
0.00059947674
0.00027721468
0.0007415493
0.0022974168
0.00036730946
0.00028761022
0.0010638114
0.0011504409
0.00035344873
0.008101599
0.00085590035
0.0033889494
0.00034305317
0.0002529584
0.0010707417
0.004754232
0.0011954884
0.016068056
0.00062373304
0.003531022
0.00039156573
0.00045740424
0.00069650187
0.00033265763
0.00034305317
0.00020098065
0.000547499
0.0013340957
0.0003187969
0.00015939845
0.0004816605
0.00051284715
0.00047126497
0.00024949323
0.0003569139
0.00011088588
0.00016632881
0.0001455377
0.00038463538
0.0013791431
0.0003742398
0.0004227524
0.00036037908
0.00019405028
0.00016286362
9.355995e-05
0.00033612282
0.00011435106
0.00016632881
0.0002702843
0.00034651835
0.00013514215
0.00016286362
8.662959e-05
0.00053710345
9.355995e-05
0.00012821179
0.00020444582
0.00048859086
0.0002113762
0.00015246807
0.000100490324
0.00085590035
0.0002321673
0.00030147098
0.00011781624
0.00048859086
0.00039503092
0.0009009477
0.00018365473
0.0023528596
0.0011296498
0.0007415493
0.0010118335
0.0026162136
0.00020098065
0.0005267079
0.0019093162
0.0007865967
0.0007588752
0.00025642358
7.276885e-05
0.08066254
0.00047126497
0.0004054265
0.00023563248
0.0008766914
0.00023563248
0.0008281789
0.00023909767
0.00068264117
0.00012821179
0.00012474661
0.000121281424
0.0009321344
0.00021830657
0.0002321673
8.316441e-05
0.00076580554
0.00017325918
0.00012474661
0.00012821179
0.0012994439
0.00046086943
0.0005717553
0.0002321673
0.001320235
0.00076927076
0.00041928721
9.702514e-05
0.0040126825
0.0014415163
0.00031186652
0.0022800907
0.0022385085
0.00017325918
0.0002945406
0.00022177176
0.0012994439
0.00015246807
0.0013618171
0.00044700867
0.003038966
0.00041235684
0.00017672437
0.0006133375
0.0033820192
0.0005440338
0.00058561604
0.0004019613
0.0043730615
0.0011019284
0.0011746972
0.020292114
0.55344933
1.2207031e-05
8.719308e-06
8.719308e-06
2.2670201e-05
1.7438616e-06
8.719308e-06
1.7438616e-06
1.046317e-05
1.2207031e-05
3.4877232e-06
1.7438616e-06
0.053573173
0.0
3.4877232e-06
2.4414063e-05
0.010055106
2.9645647e-05
1.9182478e-05
1.046317e-05
1.3950893e-05
8.719308e-06
3.4877232e-06
1.3950893e-05
8.719308e-06
3.4877232e-06
1.7438617e-05
1.7438616e-06
0.00025285993
1.7438616e-06
0.0
0.00027378628
0.013122559
0.00011160714
0.000101143974
4.185268e-05
9.5912386e-05
2.4414063e-05
4.7084264e-05
6.277902e-05
0.00012032645
4.010882e-05
4.359654e-05
1.7438617e-05
4.8828126e-05
3.8364957e-05
2.092634e-05
0.00034877233
0.011047363
0.00014822824
0.00013078962
2.2670201e-05
0.00013776506
4.359654e-05
0.00011160714
8.719308e-05
0.000113351
3.6621095e-05
8.544922e-05
6.452288e-05
0.0020996095
3.3133372e-05
2.4414063e-05
9.940011e-05
0.0058157784
3.138951e-05
0.00012904576
4.8828126e-05
9.940011e-05
7.498605e-05
0.00035226005
0.0002040318
1.3950893e-05
1.7438617e-05
2.092634e-05
1.9182478e-05
1.7438617e-05
1.7438617e-05
1.2207031e-05
0.0002685547
0.0
0.0
0.0
0.0
0.0
0.0
0.0
0.0
0.0
0.0
0.0
0.0
0.0
0.0
0.0
0.0
0.002580915
8.719308e-06
1.5694755e-05
1.3950893e-05
2.6157924e-05
8.719308e-06
1.7438617e-05
1.2207031e-05
3.6621095e-05
0.00010288783
2.9645647e-05
4.8828126e-05
8.370536e-05
5.580357e-05
5.9291295e-05
0.00047084264
0.009423828
0.00016043527
0.0002179827
0.00083007815
0.0006469727
0.00030691965
0.001348005
0.0008039202
0.0002040318
0.00012207031
0.00013776506
0.0001046317
0.0025059292
0.00021449498
0.00017613002
0.0006539481
0.0021868024
4.359654e-05
1.5694755e-05
2.9645647e-05
0.00010811942
8.719308e-05
5.231585e-06
3.3133372e-05
0.00016043527
5.231585e-06
1.3950893e-05
3.6621095e-05
0.0005772182
1.2207031e-05
0.0001273019
0.00012904576
0.00841762
0.00013078962
0.00163923
0.0014474051
0.0009347098
0.0005615234
0.003857422
0.0018920898
0.0005405971
0.0008213588
0.00035226005
0.00039411272
0.00050048827
0.00036621094
0.0006452288
0.0060703824
0.0061767576
0.0001360212
0.00061558315
0.0005841936
0.0012311663
0.0006923131
0.002580915
0.0014683314
0.00097307476
0.00031563896
0.000226702
0.000226702
0.0036760604
0.0002040318
0.000503976
0.0018171038
0.0019339425
0.00036272322
0.0004952567
0.0055873324
0.0006591797
0.000491769
0.0013968331
0.0007986886
0.00032784598
0.00034354074
0.00034179687
0.00031040737
0.00032958985
0.00029645648
0.0003226144
0.00028773717
0.010393416
0.0016270229
0.00074288505
0.0022862025
0.0067452565
0.004502651
0.002833775
0.0031424386
0.010506766
0.0018763951
0.0009015764
0.0011928013
0.007824707
0.0011404855
0.002884347
0.005684989
0.038178362
0.006450544
0.002598354
0.003969029
0.01615339
0.011199079
0.0048828125
0.0076346262
0.029692732
0.0023088728
0.0026489259
0.0028023857
0.022813197
0.0035103934
0.01131243
0.02313058
0.0007498605
0.00015694754
7.672991e-05
0.00011509487
0.00033482144
0.0001865932
0.00020054409
0.00026157923
0.00051095145
4.010882e-05
3.6621095e-05
3.138951e-05
0.00034702846
3.8364957e-05
0.00014648438
0.00033830915
0.0
0.0
0.0
0.0
0.0
0.0
0.0
0.0
0.0
0.0
0.0
0.0
0.0
0.0
0.0
0.0
618.0
16.090614
9944.0
0.038314562
0.0024135157
0.00080450525
0.001307321
0.0015084473
0.0067377314
0.0015084473
0.001307321
0.0023129524
0.0024135157
0.00080450525
0.0017095737
0.0021118263
0.0037208367
0.008648431
0.0024135157
0.009754626
0.008648431
0.012067579
0.010760257
0.008447305
0.010559131
0.012168142
0.011866452
0.012570394
0.01307321
0.010156878
0.010659695
0.011564762
0.015788415
0.014581657
0.011967015
0.0062349155
0.014782784
0.011665326
0.013777152
0.011263073
0.012771521
0.010961384
0.010056315
0.008648431
0.010156878
0.004525342
0.007944489
0.009855189
0.008346742
0.007843926
0.006637168
0.008045052
0.006134352
0.008346742
0.008145615
0.005933226
0.0056315367
0.0049275947
0.0034191473
0.003921963
0.002011263
0.0024135157
0.0024135157
0.004022526
0.003318584
0.0019106999
0.0067377314
0.0029163314
0.029263878
0.008748994
0.017497988
0.018604184
0.054102976
0.011967015
0.011765889
0.016090104
0.027956557
0.0053298473
0.008648431
0.032079645
0.0114642
0.030068383
0.03157683
0.016794046
0.004022526
0.030571198
0.02232502
0.038515687
0.01498391
0.007743363
0.0062349155
0.008748994
0.007743363
0.00543041
0.0038213998
0.006536605
0.0050281575
0.0043242155
0.0036202734
6.122703
0.0
0.0
0.0
4.0
288585.0
356352.0
1.0
0.0
61.0
1.0
1.0
0.0
0.0
0.0
1302905000.0
0.0
0.0
0.0
0.0
0.0
1.0
0.0
0.0
0.0
0.0
0.0
0.0
-1.0
1.0
-1.0
-1.0
0.0
0.0
0.0
0.0
0.0
0.0
0.0
0.0
0.0
0.0
0.0
0.0
-1.0
0.0
0.0
0.0
0.0
0.0
0.0
0.0
0.0
0.0
0.0
0.0
0.0
-1.0
0.0
0.0
0.0
0.0
0.0
0.0
0.0
0.0
0.0
0.0
6.0
0.0
4.0
0.0
4.0
0.0
155648.0
4096.0
4096.0
7.0
0.0
0.0
2.0
4.0
0.0
0.0
0.0
0.0
0.0
-8192.0
0.0
0.0
0.0
0.0
0.0
0.0
0.0
0.0
8192.0
0.0
0.0
-69632.0
0.0
0.0
0.0
0.0
0.0
0.0
0.0
0.0
0.0
0.0
0.0
0.0
0.0
0.0
-16384.0
0.0
0.0
0.0
0.0
0.0
0.0
0.0
0.0
-155648.0
-4096.0
16384.0
0.0
0.0
0.0
0.0
0.0
0.0
0.0
0.0
0.0
0.0
0.0
-5.953195
0.0
0.0
0.0
0.0
0.0
0.0
0.0
0.0
4.964093
0.0
0.0
0.0
0.0
0.0
0.0
0.0
0.0
0.0
0.0
0.0
0.0
0.0
0.0
0.0
0.0
0.0
-0.43640244
0.0
0.0
0.0
0.0
0.0
0.0
0.0
0.0
-3.901277
-4.2815833
2.804758
0.0
0.0
0.0
0.0
0.0
0.0
0.0
0.0
0.0
0.0
0.0
-4955.0
0.0
0.0
0.0
0.0
0.0
0.0
0.0
0.0
6788.0
0.0
0.0
-69632.0
0.0
0.0
0.0
0.0
0.0
0.0
0.0
0.0
0.0
0.0
0.0
0.0
0.0
0.0
-87684.0
0.0
0.0
0.0
0.0
0.0
0.0
0.0
0.0
-154768.0
-2388.0
12300.0
0.0
0.0
0.0
0.0
0.0
0.0
0.0
0.0
0.0
-1.0
0.0
0.0
0.0
0.0
0.0
1.0
0.0
0.0
0.0
0.0
0.0
0.0
0.0
0.0
0.0
0.0
0.0
0.0
0.0
0.0
0.0
0.0
0.0
0.0
0.0
0.0
0.0
0.0
0.0
0.0
0.0
0.0
0.0
0.0
0.0
-2.0
0.0
0.0
0.0
1.0
0.0
0.0
0.0
0.0
0.0
0.0
0.0
0.0
0.0
0.0
0.0
0.0
0.0
0.0
0.0
0.0
0.0
0.0
0.0
-1.0
0.0
0.0
0.0
0.0
0.0
0.0
0.0
0.0
0.0
1.0
0.0
0.0
0.0
0.0
1.0
0.0
0.0
0.0
0.0
0.0
0.0
0.0
0.0
1.0
0.0
0.0
0.0
0.0
0.0
0.0
0.0
0.0
0.0
0.0
0.0
0.0
0.0
0.0
0.0
0.0
0.0
0.0
0.0
0.0
0.0
0.0
0.0
0.0
0.0
0.0
0.0
0.0
0.0
0.0
0.0
0.0
0.0
0.0
0.0
0.0
0.0
0.0
0.0
0.0
0.0
0.0
0.0
0.0
0.0
0.0
0.0
0.0
0.0
0.0
0.0
0.0
0.0
0.0
0.0
-1.0
0.0
0.0
0.0
0.0
0.0
0.0
0.0
0.0
0.0
0.0
0.0
0.0
0.0
0.0
0.0
0.0
0.0
0.0
0.0
0.0
0.0
0.0
0.0
0.0
0.0
0.0
0.0
0.0
0.0
0.0
0.0
0.0
0.0
0.0
0.0
0.0
0.0
0.0
0.0
0.0
0.0
0.0
0.0
0.0
0.0
0.0
0.0
0.0
0.0
0.0
0.0
0.0
0.0
0.0
0.0
0.0
-1.0
0.0
0.0
0.0
0.0
0.0
0.0
0.0
0.0
0.0
0.0
0.0
0.0
0.0
0.0
0.0
0.0
1.0
0.0
0.0
0.0
0.0
0.0
0.0
0.0
0.0
0.0
0.0
0.0
0.0
0.0
0.0
0.0
0.0
0.0
0.0
0.0
0.0
0.0
0.0
0.0
0.0
0.0
0.0
0.0
0.0
0.0
0.0
0.0
0.0
0.0
0.0
0.0
0.0
0.0
0.0
0.0
0.0
0.0
0.0
0.0
0.0
0.0
0.0
0.0
0.0
0.0
0.0
0.0
0.0
0.0
0.0
0.0
0.0
0.0
0.0
0.0
0.0
0.0
0.0
0.0
0.0
0.0
0.0
0.0
0.0
0.0
0.0
0.0
0.0
0.0
0.0
0.0
0.0
0.0
0.0
0.0
0.0
0.0
0.0
0.0
0.0
0.0
0.0
0.0
0.0
0.0
0.0
0.0
0.0
0.0
0.0
0.0
0.0
0.0
0.0
0.0
0.0
0.0
0.0
0.0
0.0
0.0
0.0
0.0
0.0
0.0
0.0
0.0
0.0
0.0
0.0
0.0
0.0
0.0
0.0
0.0
0.0
0.0
0.0
0.0
0.0
0.0
0.0
0.0
0.0
0.0
0.0
0.0
0.0
0.0
0.0
0.0
0.0
0.0
0.0
0.0
0.0
0.0
0.0
0.0
0.0
0.0
0.0
0.0
0.0
0.0
0.0
0.0
1.0
0.0
0.0
0.0
0.0
0.0
0.0
0.0
0.0
0.0
0.0
0.0
0.0
0.0
0.0
0.0
0.0
0.0
0.0
0.0
0.0
0.0
0.0
0.0
0.0
0.0
0.0
0.0
0.0
-1.0
0.0
0.0
0.0
0.0
0.0
0.0
0.0
0.0
0.0
0.0
0.0
0.0
0.0
0.0
0.0
0.0
0.0
0.0
0.0
0.0
0.0
0.0
0.0
0.0
0.0
0.0
0.0
0.0
0.0
0.0
0.0
0.0
0.0
0.0
0.0
0.0
0.0
0.0
0.0
0.0
0.0
0.0
0.0
0.0
0.0
0.0
0.0
0.0
0.0
0.0
0.0
0.0
0.0
0.0
0.0
0.0
0.0
0.0
0.0
0.0
1.0
0.0
0.0
1.0
0.0
0.0
0.0
0.0
0.0
0.0
0.0
0.0
0.0
0.0
0.0
0.0
0.0
0.0
0.0
0.0
0.0
0.0
0.0
0.0
0.0
0.0
0.0
0.0
-1.0
0.0
0.0
0.0
0.0
0.0
0.0
0.0
0.0
0.0
0.0
0.0
0.0
0.0
0.0
0.0
0.0
0.0
0.0
0.0
0.0
0.0
0.0
0.0
0.0
0.0
0.0
0.0
0.0
0.0
0.0
0.0
0.0
0.0
0.0
0.0
0.0
0.0
0.0
0.0
0.0
0.0
0.0
0.0
0.0
0.0
0.0
0.0
0.0
0.0
0.0
0.0
0.0
0.0
0.0
0.0
0.0
0.0
0.0
0.0
0.0
0.0
0.0
0.0
0.0
0.0
0.0
0.0
0.0
0.0
0.0
0.0
0.0
0.0
0.0
0.0
0.0
0.0
0.0
0.0
0.0
0.0
0.0
0.0
0.0
0.0
0.0
0.0
0.0
0.0
-1.0
0.0
0.0
0.0
0.0
0.0
0.0
0.0
0.0
0.0
0.0
0.0
0.0
0.0
0.0
0.0
0.0
0.0
0.0
0.0
0.0
0.0
0.0
0.0
0.0
0.0
0.0
0.0
0.0
0.0
0.0
1.0
0.0
0.0
0.0
0.0
0.0
0.0
0.0
0.0
0.0
0.0
0.0
0.0
0.0
0.0
0.0
-1.0
0.0
0.0
0.0
0.0
0.0
0.0
0.0
0.0
0.0
0.0
0.0
-1.0
0.0
-1.0
0.0
0.0
0.0
0.0
0.0
0.0
0.0
0.0
0.0
0.0
0.0
0.0
0.0
0.0
0.0
0.0
0.0
0.0
0.0
0.0
0.0
0.0
0.0
0.0
0.0
0.0
0.0
0.0
0.0
0.0
0.0
0.0
0.0
0.0
0.0
0.0
0.0
0.0
0.0
0.0
-1.0
0.0
0.0
1.0
0.0
0.0
0.0
0.0
0.0
0.0
0.0
0.0
0.0
0.0
0.0
0.0
0.0
0.0
0.0
0.0
0.0
0.0
0.0
0.0
0.0
0.0
0.0
0.0
0.0
0.0
0.0
0.0
0.0
0.0
0.0
0.0
0.0
0.0
0.0
0.0
0.0
0.0
0.0
0.0
0.0
0.0
0.0
-1.0
0.0
0.0
0.0
-1.0
0.0
0.0
0.0
0.0
0.0
0.0
0.0
0.0
0.0
0.0
0.0
0.0
0.0
0.0
0.0
0.0
0.0
0.0
0.0
0.0
0.0
0.0
0.0
0.0
0.0
0.0
0.0
0.0
0.0
0.0
0.0
0.0
0.0
0.0
0.0
0.0
0.0
0.0
0.0
0.0
0.0
0.0
0.0
0.0
0.0
-1.0
0.0
1.0
0.0
0.0
0.0
0.0
0.0
0.0
0.0
0.0
0.0
0.0
0.0
0.0
0.0
0.0
0.0
0.0
0.0
0.0
0.0
0.0
0.0
0.0
0.0
0.0
0.0
0.0
0.0
0.0
1.0
0.0
0.0
0.0
0.0
0.0
0.0
0.0
0.0
0.0
0.0
0.0
0.0
0.0
0.0
0.0
0.0
0.0
0.0
0.0
0.0
0.0
0.0
0.0
0.0
0.0
0.0
0.0
0.0
0.0
0.0
0.0
0.0
0.0
0.0
0.0
0.0
0.0
0.0
-1.0
0.0
0.0
0.0
0.0
0.0
0.0
0.0
0.0
0.0
0.0
0.0
0.0
0.0
0.0
0.0
0.0
0.0
0.0
-1.0
0.0
0.0
0.0
0.0
0.0
0.0
0.0
0.0
0.0
0.0
0.0
0.0
0.0
0.0
0.0
0.0
0.0
0.0
0.0
0.0
0.0
0.0
0.0
0.0
0.0
0.0
0.0
0.0
0.0
0.0
0.0
0.0
0.0
0.0
0.0
0.0
0.0
0.0
0.0
0.0
0.0
0.0
0.0
0.0
0.0
0.0
0.0
0.0
0.0
0.0
0.0
0.0
1.0
0.0
0.0
0.0
0.0
0.0
0.0
0.0
0.0
0.0
0.0
0.0
0.0
0.0
0.0
0.0
1.0
0.0
0.0
-2.0
0.0
0.0
0.0
0.0
0.0
0.0
0.0
0.0
0.0
0.0
1.0
0.0
0.0
0.0
1.0
0.0
0.0
1.0
-1.0
0.0
0.0
0.0
0.0
0.0
0.0
0.0
0.0
0.0
0.0
0.0
-1.0
-1.0
0.0
0.0
0.0
0.0
0.0
1.0
0.0
0.0
0.0
0.0
0.0
0.0
0.0
0.0
0.0
0.0
0.0
0.0
0.0
0.0
0.0
0.0
0.0
1.0
0.0
1.0
0.0
0.0
0.0
0.0
0.0
1.0
0.0
0.0
0.0
0.0
0.0
0.0
0.0
0.0
-1.0
0.0
0.0
0.0
0.0
0.0
0.0
0.0
0.0
0.0
0.0
0.0
0.0
0.0
0.0
1.0
0.0
0.0
0.0
0.0
0.0
0.0
0.0
0.0
0.0
1.0
0.0
0.0
0.0
0.0
0.0
0.0
0.0
0.0
0.0
0.0
0.0
0.0
0.0
0.0
0.0
0.0
0.0
0.0
0.0
0.0
0.0
0.0
0.0
0.0
0.0
0.0
0.0
0.0
0.0
0.0
0.0
0.0
0.0
0.0
0.0
0.0
0.0
0.0
-1.0
0.0
0.0
0.0
0.0
0.0
0.0
0.0
0.0
0.0
0.0
0.0
0.0
0.0
0.0
0.0
0.0
0.0
0.0
-1.0
0.0
0.0
0.0
0.0
1.0
0.0
0.0
0.0
0.0
0.0
0.0
1.0
0.0
0.0
0.0
0.0
0.0
0.0
0.0
0.0
0.0
0.0
0.0
0.0
0.0
0.0
0.0
0.0
0.0
0.0
0.0
0.0
-1.0
0.0
0.0
0.0
0.0
0.0
0.0
0.0
0.0
0.0
0.0
0.0
0.0
0.0
-1.0
-1.0
0.0
0.0
0.0
0.0
0.0
0.0
0.0
0.0
0.0
-1.0
0.0
0.0
0.0
0.0
0.0
0.0
0.0
0.0
0.0
0.0
0.0
-1.0
0.0
0.0
1.0
0.0
0.0
0.0
0.0
0.0
0.0
0.0
0.0
0.0
0.0
0.0
0.0
0.0
0.0
0.0
0.0
-1.0
0.0
-1.0
1.0
0.0
0.0
0.0
0.0
1.0
0.0
0.0
0.0
0.0
0.0
0.0
0.0
0.0
0.0
0.0
0.0
0.0
1.0
0.0
0.0
0.0
-1.0
0.0
0.0
0.0
0.0
0.0
0.0
0.0
0.0
1.0
0.0
0.0
0.0
0.0
0.0
0.0
0.0
0.0
0.0
0.0
0.0
0.0
0.0
0.0
0.0
0.0
0.0
0.0
0.0
0.0
0.0
0.0
0.0
0.0
-1.0
0.0
0.0
0.0
0.0
0.0
0.0
0.0
0.0
0.0
0.0
0.0
0.0
0.0
0.0
0.0
0.0
0.0
0.0
0.0
0.0
0.0
0.0
-1.0
0.0
0.0
0.0
0.0
0.0
0.0
0.0
0.0
0.0
0.0
0.0
0.0
0.0
0.0
0.0
0.0
0.0
0.0
0.0
0.0
0.0
0.0
0.0
-1.0
0.0
0.0
0.0
0.0
0.0
0.0
0.0
0.0
0.0
0.0
0.0
0.0
0.0
0.0
0.0
0.0
0.0
0.0
0.0
0.0
0.0
0.0
0.0
0.0
0.0
-1.0
-1.0
0.0
0.0
0.0
0.0
0.0
0.0
0.0
0.0
0.0
0.0
0.0
0.0
0.0
0.0
0.0
0.0
0.0
0.0
0.0
0.0
0.0
0.0
0.0
0.0
-1.0
0.0
0.0
0.0
0.0
0.0
0.0
0.0
0.0
0.0
0.0
0.0
0.0
0.0
0.0
0.0
0.0
0.0
0.0
0.0
0.0
0.0
0.0
0.0
0.0
0.0
0.0
0.0
0.0
0.0
0.0
0.0
0.0
0.0
0.0
0.0
0.0
0.0
0.0
0.0
0.0
0.0
0.0
0.0
0.0
0.0
0.0
0.0
0.0
0.0
0.0
0.0
0.0
0.0
0.0
0.0
0.0
0.0
0.0
0.0
0.0
0.0
0.0
0.0
0.0
0.0
0.0
0.0
0.0
0.0
0.0
0.0
0.0
0.0
0.0
0.0
0.0
0.0
0.0
0.0
0.0
0.0
0.0
0.0
0.0
0.0
0.0
0.0
0.0
0.0
0.0
0.0
0.0
0.0
0.0
0.0
0.0
0.0
0.0
0.0
0.0
0.0
0.0
0.0
0.0
0.0
0.0
0.0
0.0
0.0
0.0
0.0
0.0
0.0
0.0
0.0
0.0
0.0
0.0
0.0
0.0
0.0
0.0
0.0
0.0
0.0
0.0
0.0
0.0
0.0
0.0
0.0
0.0
0.0
0.0
0.0
0.0
0.0
0.0
0.0
0.0
0.0
0.0
0.0
0.0
0.0
0.0
0.0
0.0
0.0
0.0
0.0
0.0
0.0
0.0
0.0
0.0
0.0
0.0
0.0
0.0
0.0
0.0
0.0
0.0
0.0
0.0
0.0
0.0
80.0
258048.0
12300.0
262144.0
0.0
0.0
0.0
0.0
3932.0
278528.0
28.0
159744.0
0.0
0.0
0.0
0.0
0.0
0.0
0.0
0.0
0.0
0.0
420.0
258548.0
0.0
0.0
0.0
0.0
