0.49798733
0.005497231
0.0030251036
0.0031511495
0.0036756634
0.0017687097
0.0006871539
0.0011832057
0.005663937
0.0011913378
0.0013580438
0.00082539784
0.0034317034
0.0014474958
0.0006627579
0.0023094877
0.0026754276
0.0011994698
0.00070341787
0.0006424279
0.0019679437
0.0026063055
0.0006302299
0.0006424279
0.0011466118
0.0005285799
0.0004797879
0.0005895699
0.00093924586
0.0005529759
0.0005773719
0.0006302299
0.0031145555
0.00070748385
0.0005245139
0.00070341787
0.0012116678
0.0013051857
0.0005773719
0.0004960519
0.00079693587
0.0005773719
0.0005733059
0.00082133187
0.0007440779
0.0006749559
0.00083352986
0.0005326459
0.0013783737
0.0010124338
0.0010978198
0.0023501476
0.0010571599
0.0012604598
0.0012685917
0.0011547438
0.0013377138
0.0013458458
0.0011710078
0.0027567474
0.0015816737
0.0017239837
0.0012319977
0.0013051857
0.0014596938
0.0017117857
0.0040212735
0.005293931
0.0016304657
0.009091575
0.0011547438
0.0010652918
0.0014840898
0.00080913387
0.00088232185
0.0006139659
0.0010978198
0.006347025
0.0008294639
0.00076440786
0.0031308194
0.0031999415
0.0024761935
0.0010246318
0.00094331184
0.006534061
0.0010327639
0.00097583985
0.00070748385
0.0006749559
0.00072781387
0.00091891584
0.00089858583
0.0015735418
0.0011100178
0.0012238658
0.00087418983
0.0017443137
0.00089045387
0.0012401298
0.0016345318
0.0028990575
0.0013092518
0.0011100178
0.0030616976
0.0017768417
0.0033991754
0.0009839719
0.0019598117
0.00095144386
0.0017483797
0.0016955218
0.0012645258
0.0005285799
0.0018784917
0.0017687097
0.004196111
0.0038748973
0.00097583985
0.00095550984
0.00088638783
0.00087012385
0.00092704786
0.0006668239
0.00089045387
0.0029966414
0.00070748385
0.0006627579
0.0014068357
0.0015816737
0.00067088986
0.009904774
0.0012970538
0.0041757813
0.0006261639
0.0006383619
0.0016142017
0.005846907
0.0016223338
0.019232176
0.0012319977
0.004305893
0.00072781387
0.00083759584
0.0010246318
0.0006383619
0.0007359459
0.0005773719
0.00095144386
0.0018175017
0.0006017679
0.00050418393
0.00082539784
0.00090671785
0.00082539784
0.0006627579
0.00073187985
0.00049198593
0.0005489099
0.0005204479
0.00082133187
0.0018053037
0.0007928699
0.00085792586
0.00077660586
0.0005489099
0.00045132593
0.00043912794
0.0006424279
0.00049198593
0.00043506193
0.00069528585
0.0007725399
0.00047572193
0.0004960519
0.00048791993
0.00095144386
0.0005855039
0.0005326459
0.0005367119
0.00084572786
0.0005529759
0.00049198593
0.00039440193
0.0013255158
0.00065869186
0.0006017679
0.0004553919
0.00091484986
0.0007440779
0.0013743078
0.00062209787
0.0031348856
0.0017280497
0.0011832057
0.0015369478
0.0034479673
0.0005692399
0.0009351798
0.0026632296
0.0011140838
0.0012645258
0.0006993519
0.00043099592
0.09477844
0.0008660579
0.00085792586
0.00063429587
0.0013255158
0.0006505599
0.0013417797
0.00079693587
0.0009799058
0.0006139659
0.0005245139
0.00049198593
0.0013092518
0.0006139659
0.00063429587
0.00051638193
0.0013173837
0.0005773719
0.00048385392
0.00049198593
0.0018215677
0.00091891584
0.0010368298
0.0005855039
0.0018744257
0.0012523278
0.00080100185
0.00049198593
0.005159753
0.0020329996
0.0006546259
0.0029478495
0.0029966414
0.0005733059
0.00069528585
0.0006912199
0.0020655277
0.0005082499
0.0015938717
0.0010856218
0.0038626993
0.00082539784
0.0005773719
0.0011262818
0.0045823813
0.0009595758
0.0010286978
0.0008050679
0.005574485
0.0016467298
0.0017687097
0.023932472
0.38060606
1.4301125e-05
1.838716e-05
4.0860355e-06
4.290337e-05
2.0430177e-06
2.0430177e-06
1.0215089e-05
2.2473196e-05
1.0215089e-05
4.0860355e-06
4.0860355e-06
0.06273699
2.0430177e-06
2.0430177e-06
3.2688284e-05
0.008057662
3.2688284e-05
1.838716e-05
2.0430177e-06
4.6989408e-05
3.0645268e-05
9.602184e-05
5.1075443e-05
1.0215089e-05
4.0860355e-06
8.172071e-06
4.0860355e-06
4.0860355e-06
2.0430177e-06
0.0
0.0
0.01532672
0.00013279615
0.00012053805
5.1075443e-05
0.00012258107
4.9032427e-05
5.1075443e-05
7.5591655e-05
0.00013892521
4.0860356e-05
5.3118463e-05
2.6559232e-05
5.72045e-05
5.1075443e-05
2.4516214e-05
0.0004147326
0.020413835
0.00019000066
0.0002533342
0.000114409
0.00023699006
0.00010623693
0.0005005394
0.00024924817
0.00014505426
5.72045e-05
6.946261e-05
5.1075443e-05
0.0021553838
8.784977e-05
5.1075443e-05
0.00042290468
0.0034016245
1.6344142e-05
0.00012258107
3.677432e-05
7.354864e-05
4.9032427e-05
0.00027172136
0.00017978557
0.0
0.0
0.0
2.0430177e-06
6.1290534e-06
0.0
0.0
2.4516214e-05
0.0031482903
1.2258107e-05
5.1075443e-05
7.5591655e-05
7.763468e-05
4.6989408e-05
0.00030032362
0.00013075313
2.0430177e-06
4.0860355e-06
6.1290534e-06
4.0860355e-06
0.0
0.0
2.0430177e-06
0.0003227968
0.0033219468
7.763468e-05
0.0001491403
5.9247515e-05
0.00019204368
7.763468e-05
7.5591655e-05
0.00014301125
0.00013075313
5.9247515e-05
5.3118463e-05
4.0860356e-05
0.0031278601
0.00016548444
8.376373e-05
0.00061086233
0.0077430373
5.9247515e-05
9.602184e-05
9.3978815e-05
0.000576131
0.0002410761
0.0015629086
0.0007681747
6.1290535e-05
0.00015935539
9.19358e-05
0.00010827994
0.00013075313
0.00010419391
8.989278e-05
0.0006660238
0.0051381895
9.8064855e-05
8.580674e-05
0.00089279877
0.0001838716
0.00015118331
6.946261e-05
9.19358e-05
0.0002186029
5.9247515e-05
5.516148e-05
0.00010215089
0.00073957245
7.354864e-05
0.00019000066
0.0002186029
0.013065099
0.00024924817
0.0020225877
0.0018080707
0.0014852739
0.00085602445
0.005426255
0.0026109768
0.00046172203
0.0009070999
0.0004821522
0.0005883891
0.00063742156
0.00049849635
0.0005311846
0.0060269022
0.0065008826
8.580674e-05
0.0006762389
0.0006190344
0.0011747353
0.00062720646
0.002049147
0.0012850582
0.0012033375
0.00045559296
0.00018591461
0.00015935539
0.002083878
0.00024311911
0.00073344336
0.0028377518
0.0049829204
0.0005475288
0.0007926909
0.006621421
0.0010603262
0.0007007551
0.0018632322
0.0011154877
0.0008151641
0.0006292495
0.00060269027
0.0006660238
0.0024638795
0.0005475288
0.00059451815
0.0011011866
0.014623921
0.002204416
0.0008846267
0.0025251699
0.008831966
0.00584916
0.0029991502
0.0034036676
0.013669832
0.0017978556
0.0009806486
0.0011869933
0.010752402
0.0013974241
0.004388402
0.008186372
0.04296671
0.007322176
0.0032667855
0.0045109834
0.018172644
0.012421548
0.005945182
0.008413147
0.033297103
0.0025987185
0.002986892
0.0030522686
0.026162885
0.0037714108
0.012589076
0.025911594
0.0
0.0
0.0
0.0
0.0
0.0
0.0
0.0
0.0
0.0
0.0
0.0
0.0
0.0
0.0
0.0
0.005648944
0.005510019
0.005616256
0.0053792656
0.0056714173
0.0055856104
0.00550389
0.0052382974
0.0054630297
0.0054425993
0.0054160403
0.0055937828
0.00528733
0.005749052
0.0053608785
0.005399696
660.0
14.909091
9840.0
0.039939024
0.0039634146
0.0019308943
0.0016260162
0.0025406503
0.007317073
0.0022357723
0.0023373985
0.0030487804
0.0028455285
0.0011178862
0.0015243902
0.0028455285
0.0050813006
0.008739837
0.0027439024
0.011686992
0.0066056913
0.0109756095
0.010264228
0.009756098
0.01046748
0.011585366
0.0121951215
0.010264228
0.011788618
0.012601626
0.009044715
0.012398374
0.014227643
0.012703252
0.01453252
0.0054878048
0.012296748
0.013821138
0.011686992
0.011585366
0.012804878
0.012093496
0.010772358
0.008130081
0.007520325
0.006808943
0.005691057
0.010873984
0.008130081
0.009146341
0.008028455
0.008028455
0.0050813006
0.009247967
0.0076219514
0.0055894307
0.006300813
0.006504065
0.0032520324
0.0039634146
0.0027439024
0.0032520324
0.0031504065
0.0030487804
0.0032520324
0.0034552845
0.0066056913
0.0029471545
0.02957317
0.008943089
0.019004066
0.019817073
0.053658538
0.010772358
0.011585366
0.014329269
0.028658537
0.0036585366
0.010264228
0.032317072
0.011585366
0.028556911
0.030995935
0.014126016
0.0032520324
0.02835366
0.02398374
0.038617887
0.01453252
0.006402439
0.006402439
0.006910569
0.007317073
0.0031504065
0.0037601625
0.0066056913
0.0054878048
0.0030487804
0.0044715446
6.1443405
0.0
0.0
0.0
4.0
245942.0
319488.0
1.0
0.0
62.0
0.0
1.0
0.0
0.0
0.0
837492300.0
0.0
0.0
0.0
0.0
0.0
1.0
0.0
0.0
0.0
0.0
0.0
0.0
-1.0
1.0
-1.0
-1.0
0.0
0.0
0.0
0.0
0.0
0.0
0.0
0.0
0.0
0.0
0.0
0.0
-1.0
0.0
0.0
0.0
0.0
0.0
0.0
0.0
0.0
0.0
0.0
0.0
0.0
-1.0
0.0
0.0
0.0
0.0
0.0
0.0
0.0
0.0
0.0
0.0
6.0
0.0
4.0
0.0
4.0
0.0
155648.0
4096.0
4096.0
7.0
1.0
0.0
2.0
5.0
0.0
0.0
0.0
0.0
0.0
-36864.0
0.0
0.0
0.0
0.0
0.0
0.0
0.0
0.0
8192.0
0.0
0.0
0.0
0.0
0.0
0.0
0.0
0.0
0.0
0.0
0.0
0.0
0.0
0.0
0.0
0.0
0.0
-16384.0
0.0
0.0
0.0
0.0
0.0
0.0
0.0
0.0
-155648.0
-4096.0
16384.0
0.0
0.0
0.0
0.0
0.0
0.0
0.0
0.0
0.0
0.0
0.0
-6.478096
0.0
0.0
0.0
0.0
0.0
0.0
0.0
0.0
4.9579
0.0
0.0
0.0
0.0
0.0
0.0
0.0
0.0
0.0
0.0
0.0
0.0
0.0
0.0
0.0
0.0
0.0
-0.43904936
0.0
0.0
0.0
0.0
0.0
0.0
0.0
0.0
-3.8995326
-4.1785336
2.9228594
0.0
0.0
0.0
0.0
0.0
0.0
0.0
0.0
0.0
0.0
0.0
-36864.0
0.0
0.0
0.0
0.0
0.0
0.0
-4096.0
0.0
6748.0
0.0
0.0
0.0
0.0
0.0
0.0
0.0
0.0
0.0
0.0
0.0
0.0
0.0
0.0
0.0
0.0
0.0
-87716.0
0.0
0.0
0.0
0.0
0.0
0.0
0.0
0.0
-154608.0
-2532.0
13404.0
0.0
0.0
0.0
0.0
0.0
0.0
0.0
0.0
0.0
-1.0
0.0
0.0
0.0
0.0
0.0
1.0
0.0
0.0
0.0
0.0
0.0
0.0
0.0
0.0
0.0
0.0
0.0
0.0
0.0
0.0
0.0
0.0
0.0
0.0
0.0
0.0
0.0
0.0
0.0
0.0
0.0
0.0
0.0
0.0
0.0
-2.0
0.0
0.0
0.0
1.0
0.0
0.0
0.0
0.0
0.0
0.0
0.0
0.0
0.0
0.0
0.0
0.0
0.0
0.0
0.0
0.0
0.0
0.0
0.0
-1.0
0.0
0.0
0.0
0.0
0.0
0.0
0.0
0.0
0.0
1.0
0.0
0.0
0.0
0.0
1.0
0.0
0.0
0.0
0.0
0.0
0.0
0.0
0.0
1.0
0.0
0.0
0.0
0.0
0.0
0.0
0.0
0.0
0.0
0.0
0.0
0.0
0.0
0.0
0.0
0.0
0.0
0.0
0.0
0.0
0.0
0.0
0.0
0.0
0.0
0.0
0.0
0.0
0.0
0.0
0.0
0.0
0.0
0.0
0.0
0.0
0.0
0.0
0.0
0.0
0.0
0.0
-1.0
0.0
0.0
0.0
0.0
0.0
0.0
0.0
0.0
0.0
0.0
0.0
0.0
-1.0
0.0
0.0
0.0
0.0
0.0
0.0
0.0
0.0
0.0
0.0
0.0
0.0
0.0
0.0
0.0
0.0
0.0
0.0
0.0
0.0
0.0
0.0
0.0
0.0
0.0
0.0
0.0
0.0
0.0
0.0
0.0
0.0
0.0
0.0
0.0
0.0
0.0
0.0
0.0
0.0
0.0
0.0
0.0
0.0
0.0
0.0
0.0
0.0
0.0
0.0
0.0
0.0
0.0
0.0
0.0
0.0
-1.0
0.0
0.0
0.0
0.0
0.0
0.0
0.0
0.0
0.0
0.0
0.0
0.0
0.0
0.0
0.0
0.0
1.0
0.0
0.0
0.0
0.0
0.0
0.0
0.0
0.0
0.0
0.0
0.0
0.0
0.0
0.0
0.0
0.0
0.0
0.0
0.0
0.0
0.0
0.0
0.0
0.0
0.0
0.0
0.0
0.0
0.0
0.0
0.0
0.0
0.0
0.0
0.0
0.0
0.0
0.0
0.0
0.0
0.0
0.0
0.0
0.0
0.0
0.0
0.0
0.0
0.0
0.0
0.0
0.0
0.0
0.0
0.0
0.0
0.0
0.0
0.0
0.0
0.0
0.0
0.0
0.0
0.0
0.0
0.0
0.0
0.0
0.0
0.0
0.0
0.0
0.0
0.0
0.0
0.0
0.0
0.0
0.0
0.0
0.0
0.0
0.0
0.0
0.0
0.0
0.0
0.0
0.0
0.0
0.0
0.0
0.0
0.0
0.0
0.0
0.0
0.0
0.0
0.0
0.0
0.0
0.0
0.0
0.0
0.0
0.0
0.0
0.0
0.0
0.0
0.0
0.0
0.0
0.0
0.0
0.0
0.0
0.0
0.0
0.0
0.0
0.0
0.0
0.0
0.0
0.0
0.0
0.0
0.0
0.0
0.0
0.0
0.0
0.0
0.0
0.0
0.0
0.0
0.0
0.0
0.0
0.0
0.0
0.0
0.0
0.0
0.0
0.0
0.0
1.0
0.0
0.0
0.0
0.0
0.0
0.0
0.0
0.0
0.0
0.0
0.0
0.0
0.0
0.0
0.0
0.0
0.0
0.0
0.0
0.0
0.0
0.0
0.0
0.0
0.0
0.0
0.0
0.0
-1.0
0.0
0.0
0.0
0.0
0.0
0.0
0.0
0.0
0.0
0.0
0.0
0.0
0.0
0.0
0.0
0.0
0.0
0.0
0.0
0.0
0.0
0.0
0.0
0.0
0.0
0.0
0.0
0.0
0.0
0.0
0.0
0.0
0.0
0.0
0.0
0.0
0.0
0.0
0.0
0.0
0.0
0.0
0.0
0.0
0.0
0.0
0.0
0.0
0.0
0.0
0.0
0.0
0.0
0.0
0.0
0.0
0.0
0.0
0.0
0.0
1.0
0.0
0.0
1.0
0.0
0.0
0.0
0.0
0.0
0.0
0.0
0.0
0.0
0.0
0.0
0.0
0.0
0.0
0.0
0.0
0.0
0.0
0.0
0.0
0.0
0.0
0.0
0.0
-1.0
0.0
0.0
0.0
0.0
0.0
0.0
0.0
0.0
0.0
0.0
0.0
0.0
0.0
0.0
0.0
0.0
0.0
0.0
0.0
0.0
0.0
0.0
0.0
0.0
0.0
0.0
0.0
0.0
0.0
0.0
0.0
0.0
0.0
0.0
0.0
0.0
0.0
0.0
0.0
0.0
0.0
0.0
0.0
0.0
0.0
0.0
0.0
0.0
0.0
0.0
0.0
0.0
0.0
0.0
0.0
0.0
0.0
0.0
0.0
0.0
0.0
0.0
0.0
0.0
0.0
0.0
0.0
0.0
0.0
0.0
0.0
0.0
0.0
0.0
0.0
0.0
0.0
0.0
0.0
0.0
0.0
0.0
0.0
0.0
0.0
0.0
0.0
0.0
0.0
-1.0
0.0
0.0
0.0
0.0
0.0
0.0
0.0
0.0
0.0
0.0
0.0
0.0
0.0
0.0
0.0
0.0
0.0
0.0
0.0
0.0
0.0
0.0
0.0
0.0
0.0
0.0
0.0
0.0
0.0
0.0
1.0
0.0
0.0
0.0
0.0
0.0
0.0
0.0
0.0
0.0
0.0
0.0
0.0
0.0
0.0
0.0
-1.0
0.0
0.0
0.0
0.0
0.0
0.0
0.0
0.0
0.0
0.0
0.0
-1.0
0.0
-1.0
0.0
0.0
0.0
0.0
0.0
0.0
0.0
0.0
0.0
0.0
0.0
0.0
0.0
0.0
0.0
0.0
0.0
0.0
0.0
0.0
0.0
0.0
0.0
0.0
0.0
0.0
0.0
0.0
0.0
0.0
0.0
0.0
0.0
0.0
0.0
0.0
0.0
0.0
0.0
0.0
-1.0
0.0
0.0
1.0
0.0
0.0
0.0
0.0
0.0
0.0
0.0
0.0
0.0
0.0
0.0
0.0
0.0
0.0
0.0
0.0
0.0
0.0
0.0
0.0
0.0
0.0
0.0
0.0
0.0
0.0
0.0
0.0
0.0
0.0
0.0
0.0
0.0
0.0
0.0
0.0
0.0
0.0
0.0
0.0
0.0
0.0
0.0
-1.0
0.0
0.0
0.0
-1.0
0.0
0.0
0.0
0.0
0.0
0.0
0.0
0.0
0.0
0.0
0.0
0.0
0.0
0.0
0.0
0.0
0.0
0.0
0.0
0.0
0.0
0.0
0.0
0.0
0.0
0.0
0.0
0.0
0.0
0.0
0.0
0.0
0.0
0.0
1.0
0.0
0.0
0.0
0.0
0.0
0.0
0.0
0.0
0.0
0.0
-1.0
0.0
1.0
0.0
0.0
0.0
0.0
0.0
0.0
0.0
0.0
0.0
0.0
0.0
0.0
0.0
0.0
0.0
0.0
0.0
0.0
0.0
0.0
0.0
0.0
0.0
0.0
0.0
0.0
0.0
0.0
1.0
0.0
0.0
0.0
0.0
0.0
0.0
0.0
0.0
0.0
0.0
0.0
0.0
0.0
0.0
0.0
0.0
0.0
0.0
0.0
0.0
0.0
0.0
0.0
0.0
0.0
0.0
0.0
0.0
0.0
0.0
0.0
0.0
0.0
0.0
0.0
0.0
0.0
0.0
-1.0
0.0
0.0
0.0
0.0
0.0
0.0
0.0
0.0
0.0
0.0
0.0
0.0
0.0
0.0
0.0
0.0
0.0
0.0
-1.0
0.0
0.0
0.0
0.0
0.0
0.0
0.0
0.0
0.0
0.0
0.0
0.0
0.0
0.0
0.0
0.0
0.0
0.0
0.0
0.0
0.0
0.0
0.0
0.0
0.0
0.0
0.0
0.0
0.0
0.0
0.0
0.0
0.0
0.0
0.0
0.0
0.0
0.0
0.0
0.0
0.0
0.0
0.0
0.0
0.0
0.0
0.0
0.0
0.0
0.0
0.0
0.0
1.0
0.0
0.0
0.0
0.0
0.0
0.0
0.0
0.0
0.0
0.0
0.0
0.0
0.0
0.0
0.0
1.0
0.0
0.0
-2.0
0.0
0.0
0.0
0.0
0.0
0.0
0.0
0.0
0.0
0.0
1.0
0.0
0.0
0.0
1.0
0.0
0.0
1.0
-1.0
0.0
0.0
0.0
0.0
0.0
0.0
0.0
0.0
0.0
0.0
0.0
-1.0
-1.0
0.0
0.0
0.0
0.0
0.0
1.0
0.0
0.0
0.0
0.0
0.0
0.0
0.0
0.0
0.0
0.0
0.0
0.0
0.0
0.0
0.0
0.0
0.0
1.0
0.0
1.0
0.0
0.0
0.0
0.0
0.0
1.0
0.0
0.0
0.0
0.0
0.0
0.0
0.0
0.0
-1.0
0.0
0.0
0.0
0.0
0.0
0.0
0.0
0.0
0.0
0.0
0.0
0.0
0.0
0.0
1.0
0.0
0.0
0.0
0.0
0.0
0.0
0.0
0.0
0.0
1.0
0.0
0.0
0.0
0.0
0.0
0.0
0.0
0.0
0.0
0.0
0.0
0.0
0.0
0.0
0.0
0.0
0.0
0.0
0.0
0.0
0.0
0.0
0.0
0.0
0.0
0.0
0.0
0.0
0.0
0.0
0.0
0.0
0.0
0.0
0.0
0.0
0.0
0.0
-1.0
0.0
0.0
0.0
0.0
0.0
0.0
0.0
0.0
0.0
0.0
0.0
0.0
0.0
0.0
0.0
0.0
0.0
0.0
-1.0
0.0
0.0
0.0
0.0
1.0
0.0
0.0
0.0
0.0
0.0
0.0
1.0
0.0
0.0
0.0
0.0
0.0
0.0
0.0
0.0
0.0
0.0
0.0
0.0
0.0
0.0
0.0
0.0
0.0
0.0
0.0
0.0
-1.0
0.0
0.0
0.0
0.0
0.0
0.0
0.0
0.0
0.0
0.0
0.0
0.0
0.0
-1.0
-1.0
0.0
0.0
0.0
0.0
0.0
0.0
0.0
0.0
0.0
-1.0
0.0
0.0
0.0
0.0
0.0
0.0
0.0
0.0
0.0
0.0
0.0
-1.0
0.0
0.0
1.0
0.0
0.0
0.0
0.0
0.0
0.0
0.0
0.0
0.0
0.0
0.0
0.0
0.0
0.0
0.0
0.0
-1.0
0.0
-1.0
1.0
0.0
0.0
0.0
0.0
1.0
0.0
0.0
0.0
0.0
0.0
0.0
0.0
0.0
0.0
0.0
0.0
0.0
1.0
0.0
0.0
0.0
-1.0
0.0
0.0
0.0
0.0
0.0
0.0
0.0
0.0
1.0
0.0
0.0
0.0
0.0
0.0
0.0
0.0
0.0
0.0
0.0
0.0
0.0
0.0
0.0
0.0
0.0
0.0
0.0
0.0
0.0
0.0
0.0
0.0
0.0
-1.0
0.0
0.0
0.0
0.0
0.0
0.0
0.0
0.0
0.0
0.0
0.0
0.0
0.0
0.0
0.0
0.0
0.0
0.0
0.0
0.0
0.0
0.0
-1.0
0.0
0.0
0.0
0.0
0.0
0.0
0.0
0.0
0.0
0.0
0.0
0.0
0.0
0.0
0.0
0.0
0.0
0.0
0.0
0.0
0.0
0.0
0.0
-1.0
0.0
0.0
0.0
0.0
0.0
0.0
0.0
0.0
0.0
0.0
0.0
0.0
0.0
0.0
0.0
0.0
0.0
0.0
0.0
0.0
0.0
0.0
0.0
0.0
0.0
-1.0
-1.0
0.0
0.0
0.0
0.0
0.0
0.0
0.0
0.0
0.0
0.0
0.0
0.0
0.0
0.0
0.0
0.0
0.0
0.0
0.0
0.0
0.0
0.0
0.0
0.0
-1.0
0.0
0.0
0.0
0.0
0.0
0.0
0.0
0.0
0.0
0.0
0.0
0.0
0.0
0.0
0.0
0.0
0.0
0.0
0.0
0.0
0.0
0.0
0.0
0.0
0.0
0.0
0.0
0.0
0.0
0.0
0.0
0.0
0.0
0.0
0.0
0.0
0.0
0.0
0.0
0.0
0.0
0.0
0.0
0.0
0.0
0.0
0.0
0.0
0.0
0.0
0.0
0.0
0.0
0.0
0.0
0.0
0.0
0.0
0.0
0.0
0.0
0.0
0.0
0.0
0.0
0.0
0.0
0.0
0.0
0.0
0.0
0.0
0.0
0.0
0.0
0.0
0.0
0.0
0.0
0.0
0.0
0.0
0.0
0.0
0.0
0.0
0.0
0.0
0.0
0.0
0.0
0.0
0.0
0.0
0.0
0.0
0.0
0.0
0.0
0.0
0.0
0.0
0.0
0.0
0.0
0.0
0.0
0.0
0.0
0.0
0.0
0.0
0.0
0.0
0.0
0.0
0.0
0.0
0.0
0.0
0.0
0.0
0.0
0.0
0.0
0.0
0.0
0.0
0.0
0.0
0.0
0.0
0.0
0.0
0.0
0.0
0.0
0.0
0.0
0.0
0.0
0.0
0.0
0.0
0.0
0.0
0.0
0.0
0.0
0.0
0.0
0.0
0.0
0.0
0.0
0.0
0.0
0.0
0.0
0.0
0.0
0.0
0.0
0.0
0.0
0.0
0.0
0.0
100.0
258048.0
13404.0
262144.0
0.0
0.0
0.0
0.0
0.0
0.0
28.0
159744.0
0.0
0.0
0.0
0.0
0.0
0.0
0.0
0.0
0.0
0.0
468.0
258616.0
0.0
0.0
0.0
0.0
