0.4802151
0.0051744194
0.0028190236
0.002860419
0.003795954
0.0017882793
0.00089413964
0.0012749769
0.00588228
0.0012666979
0.0014943723
0.0009810699
0.0035848378
0.0015481863
0.00079065125
0.0024381864
0.0028480005
0.0012915351
0.00077823264
0.0006043722
0.0019952562
0.0027072562
0.0007326978
0.0005505582
0.0012791165
0.0006043722
0.0006043722
0.0006002326
0.0009603722
0.0006167908
0.0006664652
0.0006995815
0.0032826515
0.00078651175
0.000579535
0.000819628
0.0012708374
0.0013205118
0.0005919536
0.0005505582
0.00088172103
0.0008610234
0.0005381396
0.0008444652
0.0008403257
0.00063748844
0.00086516293
0.0005919536
0.0014198606
0.0011383722
0.0012377211
0.0024464654
0.0012046049
0.001452977
0.001399163
0.0011300932
0.001407442
0.0015109305
0.001167349
0.0028190236
0.0014653956
0.0016433956
0.0014157211
0.0012873955
0.0015067909
0.0017717212
0.0040857214
0.005464187
0.0017096282
0.009243582
0.0010969769
0.0010224653
0.0016061397
0.000935535
0.0008568838
0.0007120001
0.0011963258
0.0063376287
0.00090655824
0.0007202792
0.003261954
0.0032950703
0.0025168376
0.0011383722
0.001051442
0.006701908
0.0011466513
0.00090241875
0.00079893036
0.0006167908
0.000703721
0.0010100467
0.00089000014
0.0016144188
0.0010969769
0.0011632094
0.00091483735
0.0018172561
0.00091483735
0.0015026514
0.001577163
0.0029887445
0.0014653956
0.0010804187
0.0032743725
0.0018793491
0.0034979074
0.0011011164
0.0020904655
0.0009603722
0.0018793491
0.0017303259
0.0013494885
0.000641628
0.0019124654
0.002057349
0.0043713492
0.0040070703
0.0011425118
0.00088172103
0.0010390234
0.0012749769
0.0009810699
0.000989349
0.0010886978
0.00293907
0.0008610234
0.00067060476
0.0014571165
0.0016599537
0.00068302336
0.00998042
0.0017634421
0.0042430237
0.00059609313
0.00068302336
0.0016972095
0.0059153964
0.0017261863
0.019546887
0.0015399072
0.004491396
0.0008527443
0.0007202792
0.0011507908
0.00068716286
0.00061265123
0.0006540466
0.0014571165
0.0017510235
0.0007699536
0.0005008838
0.0007947908
0.0005836745
0.0011880466
0.00066232565
0.0014198606
0.0004677675
0.00060851173
0.00051744195
0.0008154885
0.0019497212
0.00069544197
0.0008858606
0.00086516293
0.00066232565
0.00055469776
0.00055883726
0.00079065125
0.00050916284
0.00067060476
0.00076581404
0.00067474425
0.0007244187
0.00053400005
0.0004553489
0.0009976281
0.0005381396
0.00055469776
0.0005753954
0.00078651175
0.00064990704
0.00059609313
0.00051744195
0.001345349
0.0007202792
0.00069544197
0.0005381396
0.00091483735
0.0009810699
0.0014322792
0.00052158145
0.003199861
0.0018048375
0.0012584188
0.0015564653
0.003572419
0.00052986055
0.0010100467
0.0026741398
0.0011797677
0.0012791165
0.00065818615
0.0004801861
0.096434616
0.0009810699
0.0013743257
0.00074097683
0.0013826048
0.00068716286
0.0014115816
0.00080306985
0.0010390234
0.0006002326
0.00062093034
0.00062506984
0.0011880466
0.00051744195
0.00060851173
0.0006043722
0.0013784653
0.0005008838
0.0008444652
0.00068716286
0.0018503723
0.0009562327
0.0010969769
0.0008610234
0.001970419
0.0014446978
0.0006540466
0.00090655824
0.00525721
0.001933163
0.0007699536
0.0031833027
0.0030135817
0.00063334894
0.0006788838
0.00096451177
0.0021277212
0.0005629768
0.0014157211
0.0013908839
0.003953256
0.00083618617
0.0006167908
0.0014860933
0.004483117
0.0010886978
0.0010348839
0.0010886978
0.0056463266
0.0016558142
0.0016226979
0.021004003
0.3588575
6.260016e-06
4.173344e-06
2.086672e-06
3.3386754e-05
0.0
4.173344e-06
8.346688e-06
8.346688e-06
1.4606704e-05
0.0
2.086672e-06
0.05982906
0.0
4.173344e-06
2.9213408e-05
0.012373965
3.964677e-05
1.8780049e-05
2.2953393e-05
4.7993457e-05
3.1300082e-05
9.8073586e-05
7.303352e-05
1.043336e-05
4.173344e-06
2.2953393e-05
4.173344e-06
0.004046057
2.086672e-06
0.0
0.0002983941
0.01163737
0.00010642027
8.97269e-05
3.964677e-05
7.929354e-05
2.2953393e-05
3.5473426e-05
7.094685e-05
0.00011476696
4.173344e-05
3.7560098e-05
2.2953393e-05
5.6340145e-05
4.5906785e-05
2.5040064e-05
0.000394381
0.021292401
0.00020240719
0.00023579394
9.5986914e-05
0.00022744725
9.390024e-05
0.00036725428
0.00019197383
0.00016276042
6.677351e-05
8.764023e-05
5.008013e-05
0.0020032052
8.764023e-05
5.008013e-05
0.0004256811
0.0069757444
4.3820113e-05
0.00018154047
0.00010642027
0.00015858708
0.00010224693
0.0005967882
0.00030674078
1.8780049e-05
4.173344e-06
1.2520032e-05
6.260016e-06
2.086672e-06
2.086672e-06
2.086672e-06
2.7126736e-05
0.0036579361
3.5473426e-05
0.00019614717
4.173344e-05
0.00017319378
7.303352e-05
0.00020240719
0.00014815372
8.138021e-05
7.094685e-05
3.3386754e-05
2.5040064e-05
0.0033553685
8.764023e-05
4.7993457e-05
0.00031717416
0.0032614684
5.6340145e-05
6.886018e-05
6.4686836e-05
6.886018e-05
7.5120195e-05
6.2600164e-05
6.677351e-05
8.138021e-05
6.677351e-05
6.886018e-05
6.2600164e-05
6.4686836e-05
8.5553555e-05
5.8426816e-05
6.051349e-05
0.010468833
0.000118940305
0.00013772036
0.0009744758
0.0006051349
0.0002837874
0.0016422109
0.0008451022
7.094685e-05
0.0003296942
0.00013146034
0.00014815372
0.00023788061
0.00015441373
0.0001940605
0.00075120194
0.0026166867
5.008013e-05
2.086672e-05
3.7560098e-05
0.000127287
0.00011059362
4.173344e-06
4.173344e-05
0.00019197383
6.260016e-06
1.043336e-05
4.173344e-05
0.0006927751
1.6693377e-05
0.00014815372
0.0001565004
0.009181357
0.00012102698
0.0019948585
0.0017194177
0.0013250367
0.00073659525
0.0053731804
0.0027982271
0.00022118723
0.00022953392
0.00014815372
0.00011685363
0.0001648471
0.00028587406
0.00036308094
0.00086179556
0.005934495
8.138021e-05
0.0006531283
0.0005842682
0.00082214875
0.0005446214
0.0020595454
0.0011205429
0.00087848894
0.0009243957
0.00044028778
0.00047158787
0.0024893996
0.00030882747
0.0004465478
0.0036078559
0.0065876236
0.00060722156
0.0009619558
0.0068943645
0.0013333834
0.00081797544
0.0019844251
0.0014418904
0.0013125167
0.000922309
0.0005863548
0.00056966144
0.0023621127
0.00068651506
0.00094943575
0.0018967849
0.013371394
0.0020407652
0.0007929354
0.0018863515
0.0074661123
0.004676232
0.0022181324
0.0028483074
0.012849726
0.0015441373
0.0008868356
0.0012081831
0.010760968
0.0014752771
0.004223424
0.008674296
0.04538929
0.0076768664
0.0033887553
0.0046783187
0.019259982
0.01311056
0.0061535956
0.008795323
0.034732655
0.0026417268
0.0030903611
0.0030569744
0.02717473
0.0037685297
0.0130959535
0.0262086
0.0012561765
0.00021701389
0.00019823384
0.00017528045
0.0002232739
0.00020032052
0.00020449386
0.00020658053
0.0002232739
0.00018571381
0.00018571381
0.00021075387
0.0001794538
0.00024831397
0.00018780048
0.00017110711
0.0065625836
0.0062433225
0.006353916
0.0064206896
0.006641877
0.006374783
0.006625184
0.0065500634
0.006209936
0.006374783
0.006310096
0.0063059228
0.0061723758
0.0063163564
0.0065792766
0.0065229367
678.0
14.451327
9798.0
0.039906103
0.0036742191
0.0018371096
0.002041233
0.002857726
0.007144315
0.002041233
0.0018371096
0.0030618494
0.0030618494
0.0013268014
0.0021432946
0.0025515412
0.004592774
0.009185548
0.0024494794
0.012247398
0.009491733
0.011226781
0.010716473
0.009083486
0.010614411
0.0132680135
0.008879364
0.011941212
0.011635028
0.010104103
0.010410287
0.012859767
0.01173709
0.015105124
0.010512349
0.0062257606
0.013063891
0.012043274
0.012553582
0.011124719
0.009899979
0.011430904
0.008164932
0.009083486
0.008471116
0.004490712
0.007144315
0.010104103
0.006123699
0.009083486
0.0051030824
0.008981424
0.0053072055
0.0076546236
0.00867524
0.005919575
0.0050010206
0.005817514
0.0026536027
0.0041845273
0.0025515412
0.0021432946
0.0030618494
0.003470096
0.0029597876
0.0026536027
0.007246377
0.0030618494
0.029699938
0.00928761
0.018779343
0.018166972
0.054194734
0.012655644
0.010920596
0.014594816
0.028271075
0.0038783425
0.0093896715
0.033272095
0.011226781
0.031332925
0.030516433
0.015717493
0.0041845273
0.029393753
0.023780363
0.039906103
0.0146968765
0.008471116
0.005919575
0.007552562
0.008369055
0.0047968975
0.0050010206
0.006940192
0.0050010206
0.005715452
0.0033680343
6.137697
0.0
0.0
0.0
5.0
241573.0
311296.0
1.0
0.0
62.0
0.0
1.0
0.0
0.0
0.0
1198981800.0
0.0
0.0
0.0
0.0
0.0
1.0
0.0
0.0
0.0
0.0
0.0
0.0
-1.0
1.0
-1.0
-1.0
0.0
0.0
0.0
0.0
0.0
0.0
0.0
0.0
0.0
0.0
0.0
0.0
-1.0
0.0
0.0
0.0
0.0
0.0
0.0
0.0
0.0
0.0
0.0
0.0
0.0
-1.0
0.0
0.0
0.0
0.0
0.0
0.0
0.0
0.0
0.0
0.0
6.0
0.0
4.0
0.0
4.0
0.0
155648.0
4096.0
4096.0
6.0
0.0
0.0
2.0
3.0
0.0
0.0
0.0
0.0
0.0
-36864.0
0.0
0.0
0.0
0.0
0.0
0.0
0.0
0.0
8192.0
0.0
0.0
0.0
0.0
0.0
0.0
0.0
0.0
0.0
0.0
0.0
0.0
0.0
0.0
0.0
0.0
0.0
-16384.0
0.0
0.0
0.0
0.0
0.0
0.0
0.0
0.0
-155648.0
-4096.0
12288.0
0.0
0.0
0.0
0.0
0.0
0.0
0.0
0.0
0.0
0.0
0.0
-7.1330776
0.0
0.0
0.0
0.0
0.0
0.0
0.0
0.0
4.952907
0.0
0.0
0.0
0.0
0.0
0.0
0.0
0.0
0.0
0.0
0.0
0.0
0.0
0.0
0.0
0.0
0.0
-0.44404593
0.0
0.0
0.0
0.0
0.0
0.0
0.0
0.0
-3.8974419
-4.1785336
2.6600323
0.0
0.0
0.0
0.0
0.0
0.0
0.0
0.0
0.0
0.0
0.0
-36864.0
0.0
0.0
0.0
0.0
0.0
0.0
0.0
0.0
6748.0
0.0
0.0
0.0
0.0
0.0
0.0
0.0
0.0
0.0
0.0
0.0
0.0
0.0
0.0
0.0
0.0
0.0
-87716.0
0.0
0.0
0.0
0.0
0.0
0.0
0.0
0.0
-154512.0
-2532.0
10640.0
0.0
0.0
0.0
0.0
0.0
0.0
0.0
0.0
0.0
-1.0
0.0
0.0
0.0
0.0
0.0
1.0
0.0
0.0
0.0
0.0
0.0
0.0
0.0
0.0
0.0
0.0
0.0
0.0
0.0
0.0
0.0
0.0
0.0
0.0
0.0
0.0
0.0
0.0
0.0
0.0
0.0
0.0
0.0
0.0
0.0
-2.0
0.0
0.0
0.0
1.0
0.0
0.0
0.0
0.0
0.0
0.0
0.0
0.0
0.0
0.0
0.0
0.0
0.0
0.0
0.0
0.0
0.0
0.0
0.0
-1.0
0.0
0.0
0.0
0.0
0.0
0.0
0.0
0.0
0.0
1.0
0.0
0.0
0.0
0.0
1.0
0.0
0.0
0.0
0.0
0.0
0.0
0.0
0.0
0.0
0.0
0.0
0.0
0.0
0.0
0.0
0.0
0.0
0.0
0.0
0.0
0.0
0.0
0.0
0.0
0.0
0.0
0.0
0.0
0.0
0.0
0.0
0.0
0.0
0.0
0.0
0.0
0.0
0.0
0.0
0.0
0.0
0.0
0.0
0.0
0.0
0.0
0.0
0.0
0.0
0.0
0.0
-1.0
0.0
0.0
0.0
0.0
0.0
0.0
0.0
0.0
0.0
0.0
0.0
0.0
-1.0
0.0
0.0
0.0
0.0
0.0
0.0
0.0
0.0
0.0
0.0
0.0
0.0
0.0
0.0
0.0
0.0
0.0
0.0
0.0
0.0
0.0
0.0
0.0
0.0
0.0
0.0
0.0
0.0
0.0
0.0
0.0
0.0
0.0
0.0
0.0
0.0
0.0
0.0
0.0
0.0
0.0
0.0
0.0
0.0
0.0
0.0
0.0
0.0
0.0
0.0
0.0
0.0
0.0
0.0
0.0
0.0
-1.0
0.0
0.0
0.0
0.0
0.0
0.0
0.0
0.0
0.0
0.0
0.0
0.0
0.0
0.0
0.0
0.0
1.0
0.0
0.0
0.0
0.0
0.0
0.0
0.0
0.0
0.0
0.0
0.0
0.0
0.0
0.0
0.0
0.0
0.0
0.0
0.0
0.0
0.0
0.0
0.0
0.0
0.0
0.0
0.0
0.0
0.0
0.0
0.0
0.0
0.0
0.0
0.0
0.0
0.0
0.0
0.0
0.0
0.0
0.0
0.0
0.0
0.0
0.0
0.0
0.0
0.0
0.0
0.0
0.0
0.0
0.0
0.0
0.0
0.0
0.0
0.0
0.0
0.0
0.0
0.0
0.0
0.0
0.0
0.0
0.0
0.0
0.0
0.0
0.0
0.0
0.0
0.0
0.0
0.0
0.0
0.0
0.0
0.0
0.0
0.0
0.0
0.0
0.0
0.0
0.0
0.0
0.0
0.0
0.0
0.0
0.0
0.0
0.0
0.0
0.0
0.0
0.0
0.0
0.0
0.0
0.0
0.0
0.0
0.0
0.0
0.0
0.0
0.0
0.0
0.0
0.0
0.0
0.0
0.0
0.0
0.0
0.0
0.0
0.0
0.0
0.0
0.0
0.0
0.0
0.0
0.0
0.0
0.0
0.0
0.0
0.0
0.0
0.0
0.0
0.0
0.0
0.0
0.0
0.0
0.0
0.0
0.0
0.0
0.0
0.0
0.0
0.0
0.0
1.0
0.0
0.0
0.0
0.0
0.0
0.0
0.0
0.0
0.0
0.0
0.0
0.0
0.0
0.0
0.0
0.0
0.0
0.0
0.0
0.0
0.0
0.0
0.0
0.0
0.0
0.0
0.0
0.0
-1.0
0.0
0.0
0.0
0.0
0.0
0.0
0.0
0.0
0.0
0.0
0.0
0.0
0.0
0.0
0.0
0.0
0.0
0.0
0.0
0.0
0.0
0.0
0.0
0.0
0.0
0.0
0.0
0.0
0.0
0.0
0.0
0.0
0.0
0.0
0.0
0.0
0.0
0.0
0.0
0.0
0.0
0.0
0.0
0.0
0.0
0.0
0.0
0.0
0.0
0.0
0.0
0.0
0.0
0.0
0.0
0.0
0.0
0.0
0.0
0.0
1.0
0.0
0.0
1.0
0.0
0.0
0.0
0.0
0.0
0.0
0.0
0.0
0.0
0.0
0.0
0.0
0.0
0.0
0.0
0.0
0.0
0.0
0.0
0.0
0.0
0.0
0.0
0.0
-1.0
0.0
0.0
0.0
0.0
0.0
0.0
0.0
0.0
0.0
0.0
0.0
0.0
0.0
0.0
0.0
0.0
0.0
0.0
0.0
0.0
0.0
0.0
0.0
0.0
0.0
0.0
0.0
0.0
0.0
0.0
0.0
0.0
0.0
0.0
0.0
0.0
0.0
0.0
0.0
0.0
0.0
0.0
0.0
0.0
0.0
0.0
0.0
0.0
0.0
0.0
0.0
0.0
0.0
0.0
0.0
0.0
0.0
0.0
0.0
0.0
0.0
0.0
0.0
0.0
0.0
0.0
0.0
0.0
0.0
0.0
0.0
0.0
0.0
0.0
0.0
0.0
0.0
0.0
0.0
0.0
0.0
0.0
0.0
0.0
0.0
0.0
0.0
0.0
0.0
-1.0
0.0
0.0
0.0
0.0
0.0
0.0
0.0
0.0
0.0
0.0
0.0
0.0
0.0
0.0
0.0
0.0
0.0
0.0
0.0
0.0
0.0
0.0
0.0
0.0
0.0
0.0
0.0
0.0
0.0
0.0
1.0
0.0
0.0
0.0
0.0
0.0
0.0
0.0
0.0
0.0
0.0
0.0
0.0
0.0
0.0
0.0
-1.0
0.0
0.0
0.0
0.0
0.0
0.0
0.0
0.0
0.0
0.0
0.0
-1.0
0.0
-1.0
0.0
0.0
0.0
0.0
0.0
0.0
0.0
0.0
0.0
0.0
0.0
0.0
0.0
0.0
0.0
0.0
0.0
0.0
0.0
0.0
0.0
0.0
0.0
0.0
0.0
0.0
0.0
0.0
0.0
0.0
0.0
0.0
0.0
0.0
0.0
0.0
0.0
0.0
0.0
0.0
-1.0
0.0
0.0
1.0
0.0
0.0
0.0
0.0
0.0
0.0
0.0
0.0
0.0
0.0
0.0
0.0
0.0
0.0
0.0
0.0
0.0
0.0
0.0
0.0
0.0
0.0
0.0
0.0
0.0
0.0
0.0
0.0
0.0
0.0
0.0
0.0
0.0
0.0
0.0
0.0
0.0
0.0
0.0
0.0
0.0
0.0
0.0
-1.0
0.0
0.0
0.0
-1.0
0.0
0.0
0.0
0.0
0.0
0.0
0.0
0.0
0.0
0.0
0.0
0.0
0.0
0.0
0.0
0.0
0.0
0.0
0.0
0.0
0.0
0.0
0.0
0.0
0.0
0.0
0.0
0.0
0.0
0.0
0.0
0.0
0.0
0.0
1.0
0.0
0.0
0.0
0.0
0.0
0.0
0.0
0.0
0.0
0.0
-1.0
0.0
1.0
0.0
0.0
0.0
0.0
0.0
0.0
0.0
0.0
0.0
0.0
0.0
0.0
0.0
0.0
0.0
0.0
0.0
0.0
0.0
0.0
0.0
0.0
0.0
0.0
0.0
0.0
0.0
0.0
1.0
0.0
0.0
0.0
0.0
0.0
0.0
0.0
0.0
0.0
0.0
0.0
0.0
0.0
0.0
0.0
0.0
0.0
0.0
0.0
0.0
0.0
0.0
0.0
0.0
0.0
0.0
0.0
0.0
0.0
0.0
0.0
0.0
0.0
0.0
0.0
0.0
0.0
0.0
-1.0
0.0
0.0
0.0
0.0
0.0
0.0
0.0
0.0
0.0
0.0
0.0
0.0
0.0
0.0
0.0
0.0
0.0
0.0
-1.0
0.0
0.0
0.0
0.0
0.0
0.0
0.0
0.0
0.0
0.0
0.0
0.0
0.0
0.0
0.0
0.0
0.0
0.0
0.0
0.0
0.0
0.0
0.0
0.0
0.0
0.0
0.0
0.0
0.0
0.0
0.0
0.0
0.0
0.0
0.0
0.0
0.0
0.0
0.0
0.0
0.0
0.0
0.0
0.0
0.0
0.0
0.0
0.0
0.0
0.0
0.0
0.0
1.0
0.0
0.0
0.0
0.0
0.0
0.0
0.0
0.0
0.0
0.0
0.0
0.0
0.0
0.0
0.0
1.0
0.0
0.0
-2.0
0.0
0.0
0.0
0.0
0.0
0.0
0.0
0.0
0.0
0.0
1.0
0.0
0.0
0.0
1.0
0.0
0.0
1.0
-1.0
0.0
0.0
0.0
0.0
0.0
0.0
0.0
0.0
0.0
0.0
0.0
-1.0
-1.0
0.0
0.0
0.0
0.0
0.0
1.0
0.0
0.0
0.0
0.0
0.0
0.0
0.0
0.0
0.0
0.0
0.0
0.0
0.0
0.0
0.0
0.0
0.0
1.0
0.0
1.0
0.0
0.0
0.0
0.0
0.0
1.0
0.0
0.0
0.0
0.0
0.0
0.0
0.0
0.0
-1.0
0.0
0.0
0.0
0.0
0.0
0.0
0.0
0.0
0.0
0.0
0.0
0.0
0.0
0.0
1.0
0.0
0.0
0.0
0.0
0.0
0.0
0.0
0.0
0.0
1.0
0.0
0.0
0.0
0.0
0.0
0.0
0.0
0.0
0.0
0.0
0.0
0.0
0.0
0.0
0.0
0.0
0.0
0.0
0.0
0.0
0.0
0.0
0.0
0.0
0.0
0.0
0.0
0.0
0.0
0.0
0.0
0.0
0.0
0.0
0.0
0.0
0.0
0.0
-1.0
0.0
0.0
0.0
0.0
0.0
0.0
0.0
0.0
0.0
0.0
0.0
0.0
0.0
0.0
0.0
0.0
0.0
0.0
-1.0
0.0
0.0
0.0
0.0
1.0
0.0
0.0
0.0
0.0
0.0
0.0
1.0
0.0
0.0
0.0
0.0
0.0
0.0
0.0
0.0
0.0
0.0
0.0
0.0
0.0
0.0
0.0
0.0
0.0
0.0
0.0
0.0
-1.0
0.0
0.0
0.0
0.0
0.0
0.0
0.0
0.0
0.0
0.0
0.0
0.0
0.0
-1.0
-1.0
0.0
0.0
0.0
0.0
0.0
0.0
0.0
0.0
0.0
-1.0
0.0
0.0
0.0
0.0
0.0
0.0
0.0
0.0
0.0
0.0
0.0
-1.0
0.0
0.0
1.0
0.0
0.0
0.0
0.0
0.0
0.0
0.0
0.0
0.0
0.0
0.0
0.0
0.0
0.0
0.0
0.0
-1.0
0.0
-1.0
1.0
0.0
0.0
0.0
0.0
1.0
0.0
0.0
0.0
0.0
0.0
0.0
0.0
0.0
0.0
0.0
0.0
0.0
1.0
0.0
0.0
0.0
-1.0
0.0
0.0
0.0
0.0
0.0
0.0
0.0
0.0
1.0
0.0
0.0
0.0
0.0
0.0
0.0
0.0
0.0
0.0
0.0
0.0
0.0
0.0
0.0
0.0
0.0
0.0
0.0
0.0
0.0
0.0
0.0
0.0
0.0
-1.0
0.0
0.0
0.0
0.0
0.0
0.0
0.0
0.0
0.0
0.0
0.0
0.0
0.0
0.0
0.0
0.0
0.0
0.0
0.0
0.0
0.0
0.0
-1.0
0.0
0.0
0.0
0.0
0.0
0.0
0.0
0.0
0.0
0.0
0.0
0.0
0.0
0.0
0.0
0.0
0.0
0.0
0.0
0.0
0.0
0.0
0.0
-1.0
0.0
0.0
0.0
0.0
0.0
0.0
0.0
0.0
0.0
0.0
0.0
0.0
0.0
0.0
0.0
0.0
0.0
0.0
0.0
0.0
0.0
0.0
0.0
0.0
0.0
-1.0
-1.0
0.0
0.0
0.0
0.0
0.0
0.0
0.0
0.0
0.0
0.0
0.0
0.0
0.0
0.0
0.0
0.0
0.0
0.0
0.0
0.0
0.0
0.0
0.0
0.0
-1.0
0.0
0.0
0.0
0.0
0.0
0.0
0.0
0.0
0.0
0.0
0.0
0.0
0.0
0.0
0.0
0.0
0.0
0.0
0.0
0.0
0.0
0.0
0.0
0.0
0.0
0.0
0.0
0.0
0.0
0.0
0.0
0.0
0.0
0.0
0.0
0.0
0.0
0.0
0.0
0.0
0.0
0.0
0.0
0.0
0.0
0.0
0.0
0.0
0.0
0.0
0.0
0.0
0.0
0.0
0.0
0.0
0.0
0.0
0.0
0.0
0.0
0.0
0.0
0.0
0.0
0.0
0.0
0.0
0.0
0.0
0.0
0.0
0.0
0.0
0.0
0.0
0.0
0.0
0.0
0.0
0.0
0.0
0.0
0.0
0.0
0.0
0.0
0.0
0.0
0.0
0.0
0.0
0.0
0.0
0.0
0.0
0.0
0.0
0.0
0.0
0.0
0.0
0.0
0.0
0.0
0.0
0.0
0.0
0.0
0.0
0.0
0.0
0.0
0.0
0.0
0.0
0.0
0.0
0.0
0.0
0.0
0.0
0.0
0.0
0.0
0.0
0.0
0.0
0.0
0.0
0.0
0.0
0.0
0.0
0.0
0.0
0.0
0.0
0.0
0.0
0.0
0.0
0.0
0.0
0.0
0.0
0.0
0.0
0.0
0.0
0.0
0.0
0.0
0.0
0.0
0.0
0.0
0.0
0.0
0.0
0.0
0.0
0.0
0.0
0.0
0.0
0.0
0.0
100.0
258048.0
10640.0
262144.0
0.0
0.0
0.0
0.0
0.0
0.0
28.0
159744.0
0.0
0.0
0.0
0.0
0.0
0.0
0.0
0.0
0.0
0.0
468.0
258616.0
0.0
0.0
0.0
0.0
