0.21964051
0.0057555726
0.0036412806
0.0036276223
0.0057637673
0.0026087195
0.0022536058
0.002373798
0.012076595
0.0024530157
0.0026934003
0.0015515734
0.0038488854
0.0020022946
0.0016908873
0.0028600306
0.010049716
0.0018138111
0.001524257
0.002106097
0.0022180944
0.002351945
0.0020350744
0.0016253277
0.007435533
0.0018138111
0.0015105988
0.0013084571
0.003048514
0.0015269887
0.0016553758
0.0018629808
0.004329655
0.010402098
0.0014204546
0.0014423077
0.0030293926
0.0015215253
0.0012401661
0.0011773383
0.002704327
0.0044279937
0.001439576
0.0014641609
0.0019995628
0.0013603584
0.0013275787
0.0014313811
0.002611451
0.004042832
0.0012947989
0.002381993
0.0019258086
0.0014832823
0.0012538243
0.0015024039
0.0024147728
0.004220389
0.001286604
0.00212795
0.001914882
0.00136309
0.0013603584
0.0017182037
0.003928103
0.0031495849
0.004482627
0.0015297203
0.002106097
0.0043842876
0.0023355552
0.0016854239
0.0018192745
0.0036112326
0.0050043706
0.0015078671
0.0016116695
0.0030375875
0.0013685534
0.0012729458
0.0038051791
0.0022536058
0.00472028
0.0024612106
0.0014368444
0.0024530157
0.0022426792
0.0026442308
0.0015187938
0.0034801136
0.004244974
0.0016772291
0.0015379152
0.0025049169
0.0020022946
0.001830201
0.0015925481
0.0024776005
0.00097246503
0.0038953235
0.0016307911
0.0032124126
0.0018520541
0.001600743
0.0026660839
0.0032424608
0.0028900786
0.003217876
0.0017864947
0.0025486234
0.001876639
0.0018657125
0.0016335227
0.0023109703
0.0022235578
0.0047284747
0.0039199083
0.0053348993
0.0017209353
0.0016717657
0.0014996722
0.0028245193
0.0011363636
0.0037204982
0.0016881556
0.0028627622
0.0018465909
0.0019258086
0.0041794144
0.0017318618
0.0024912588
0.0039718095
0.014234593
0.0035811844
0.011322661
0.001439576
0.002972028
0.0030949519
0.0037259615
0.0053731427
0.003753278
0.00372323
0.0036795237
0.0012975306
0.0016225962
0.0013658217
0.0030075393
0.0016144012
0.004403409
0.0019995628
0.0028135926
0.0015051354
0.0015078671
0.001286604
0.0022781906
0.0016144012
0.0025404284
0.0011117789
0.0022317527
0.0015679633
0.0016826923
0.0013548951
0.0025895978
0.0013002623
0.0013111888
0.0036658654
0.0018465909
0.0016963505
0.0022454108
0.001914882
0.003668597
0.0013576268
0.001409528
0.0033517263
0.0023218968
0.0012101181
0.0014559659
0.0012428977
0.001953125
0.0014887457
0.0012237763
0.0034883085
0.0021306819
0.0015269887
0.0019203452
0.0028900786
0.0020979021
0.0016553758
0.0012374345
0.004351508
0.002797203
0.0019258086
0.0035046984
0.0018056163
0.0014313811
0.0031386581
0.0020432693
0.0009369537
0.0060533215
0.002780813
0.0017318618
0.0015679633
0.0015461101
0.0029010053
0.0019640515
0.0012183129
0.0043788245
0.0022508742
0.0018329327
0.0016581075
0.0016717657
0.0015870848
0.0014259178
0.0013548951
0.0039881994
0.001991368
0.0017345935
0.0012729458
0.0012620193
0.0021962412
0.0015898164
0.0014996722
0.005638112
0.003499235
0.0031605114
0.0015625
0.0017564467
0.0017946897
0.0018575175
0.0013385053
0.0014668924
0.019105114
0.005217439
0.0016908873
0.0017591784
0.0028545673
0.0025049169
0.0013494318
0.0015625
0.007118663
0.0022262894
0.001991368
0.001447771
0.002051464
0.0023191653
0.0014668924
0.0022536058
0.0051436843
0.0032288025
0.0020241477
0.0018957605
0.0027999345
0.004070149
0.002649694
0.0027698863
0.10837522
0.008370732
1.7830494e-05
4.1147296e-06
1.3715766e-06
2.7431531e-06
6.857883e-06
2.7431531e-06
2.7431531e-06
0.0028158466
2.7431531e-06
4.1147296e-06
1.3715766e-06
1.3715766e-06
1.3715766e-06
0.0
0.0
0.0
0.0
0.0
0.0
0.0
0.0
0.0
0.0
0.0
0.0
0.0
0.0
0.0
0.0
0.0
0.0
0.020500954
0.0002578564
0.00011658401
0.00013029977
0.00015087341
0.00010561139
6.583567e-05
0.0001344145
0.00013715765
8.366617e-05
6.309252e-05
8.229459e-06
5.7606216e-05
3.2917837e-05
4.1147297e-05
0.0005856632
0.007298159
0.00010286824
3.7032565e-05
3.154626e-05
3.0174684e-05
1.9202073e-05
5.7606216e-05
5.2119907e-05
3.8404145e-05
1.09726125e-05
8.229459e-06
3.566099e-05
4.6633602e-05
1.9202073e-05
4.1147297e-05
0.00059800735
0.009417244
0.000268829
0.000104239814
7.543671e-05
0.00016047446
5.623464e-05
0.0001110977
9.463878e-05
0.002523701
0.000104239814
0.00019339229
8.2294595e-05
0.000113840855
2.1945225e-05
0.00010286824
0.0006144663
0.0024139746
7.8179866e-05
0.00016870392
4.800518e-05
0.00016321761
2.6059954e-05
8.2294595e-05
2.7431532e-05
0.0022041234
2.0573649e-05
0.00010561139
2.7431532e-05
0.00010149666
1.9202073e-05
0.00010972613
2.1945225e-05
0.014819885
0.00080923014
0.0003332931
0.00019613544
0.00023316802
0.00014675868
0.00030860474
0.00025511323
0.0003031184
0.00022905329
0.0002167091
0.00023316802
0.00039912877
0.00017419022
7.955144e-05
0.00092581415
0.0038404143
0.00027843003
0.000104239814
6.583567e-05
6.44641e-05
5.3491487e-05
5.2119907e-05
4.1147297e-05
4.2518874e-05
4.5262026e-05
5.8977792e-05
0.00012481346
0.0001810481
5.8977792e-05
2.6059954e-05
0.0005801769
0.016579617
0.0011754411
0.0003511236
0.00029351737
0.00038815616
0.00026471427
0.00031820577
0.00035935306
0.00038129828
0.00047868022
0.0004731939
0.0005211991
0.0008970111
0.00048416652
0.00056783267
0.0045563774
0.017672764
0.001477188
0.00045399184
0.000340151
0.00034975202
0.00038266985
0.00034975202
0.00048416652
0.00066384306
0.00085037743
0.00044027608
0.0006720725
0.0015526246
0.000618581
0.0010286825
0.0035619843
0.01625181
0.001415467
0.0014305543
0.00047593706
0.0012289326
0.0005664611
0.0023220791
0.0011905284
0.0027472677
0.00086409325
0.0011219496
0.0007118482
0.0019188356
0.0008133449
0.0018516283
0.004415105
0.0240986
0.002112228
0.0027198363
0.0012824241
0.001972327
0.00085860695
0.002568963
0.0019023767
0.0038116113
0.001477188
0.0018200821
0.0014854174
0.0024592367
0.0020505069
0.004670218
0.012126109
0.037553765
0.0062269573
0.0059348117
0.0039432826
0.0039432826
0.002464723
0.00380201
0.0040914128
0.007443546
0.0039720857
0.0034783182
0.0036785684
0.0028515076
0.0033013849
0.009660014
0.026867812
0.05444336
0.010127721
0.011548675
0.0076822
0.0129161365
0.014339833
0.009562632
0.0113484245
0.022150962
0.008768489
0.00842148
0.007992176
0.010083831
0.008742429
0.018279001
0.05606456
0.022806576
0.0065410486
0.0047676
0.0055480273
0.007801527
0.008965996
0.005221592
0.007774096
0.012130223
0.0029022559
0.0040667243
0.005078948
0.0060651116
0.00524628
0.006473841
0.020632626
0.016855305
0.013106786
0.0127145145
0.012844814
0.013497685
0.0126857115
0.012237206
0.013307036
0.013463396
0.012792694
0.012584215
0.012837957
0.012673367
0.0127433175
0.013382472
0.015756672
890.0
9.162921
8155.0
0.048191294
0.004537094
0.0072348253
0.0029429798
0.004537094
0.006989577
0.0038013489
0.0029429798
0.0047823424
0.005150215
0.0044144695
0.0042918455
0.003065604
0.0044144695
0.0066217044
0.0035561007
0.0066217044
0.005763335
0.0076026977
0.00944206
0.006376456
0.0042918455
0.004537094
0.0044144695
0.005518087
0.006866953
0.0064990805
0.004659718
0.0067443284
0.0067443284
0.0058859596
0.008828939
0.009074188
0.01655426
0.0064990805
0.010055181
0.017167382
0.012875536
0.018393623
0.010423053
0.010423053
0.0084610665
0.007970571
0.013733906
0.007970571
0.006376456
0.005518087
0.005518087
0.010055181
0.0073574493
0.008706315
0.018393623
0.013120784
0.005640711
0.010668302
0.013733906
0.00944206
0.017657878
0.0067443284
0.013243409
0.0072348253
0.0066217044
0.006253832
0.0072348253
0.0060085836
0.02477008
0.0064990805
0.014101778
0.014837523
0.05272839
0.011894544
0.012139792
0.011158798
0.032618027
0.006253832
0.005640711
0.024279583
0.014714899
0.023789087
0.021704476
0.010668302
0.0052728388
0.026118945
0.023666462
0.029552422
0.015082771
0.012017167
0.006376456
0.0071122013
0.009196811
0.0028203556
0.0042918455
0.004046597
0.003188228
0.0047823424
0.0052728388
6.2296443
0.0
0.0
0.0
10.0
366080.0
901120.0
0.0
0.0
117.0
0.0
1.0
0.0
0.0
0.0
1011316900.0
0.0
0.0
0.0
0.0
0.0
1.0
0.0
0.0
0.0
0.0
0.0
0.0
-1.0
0.0
-1.0
-1.0
0.0
0.0
0.0
0.0
0.0
0.0
0.0
0.0
0.0
0.0
0.0
0.0
-1.0
0.0
0.0
0.0
0.0
0.0
0.0
0.0
0.0
0.0
0.0
0.0
0.0
-1.0
0.0
0.0
0.0
0.0
0.0
0.0
0.0
0.0
0.0
0.0
6.0
0.0
4.0
0.0
4.0
0.0
49152.0
4096.0
4096.0
4.0
0.0
0.0
1.0
2.0
0.0
0.0
0.0
0.0
0.0
0.0
0.0
0.0
0.0
0.0
0.0
0.0
0.0
0.0
4096.0
0.0
0.0
0.0
0.0
0.0
0.0
0.0
0.0
0.0
0.0
0.0
0.0
0.0
0.0
0.0
0.0
0.0
-16384.0
0.0
0.0
0.0
0.0
0.0
0.0
0.0
0.0
-49152.0
0.0
292352.0
0.0
0.0
0.0
0.0
0.0
0.0
0.0
0.0
0.0
0.0
0.0
0.0
0.0
0.0
0.0
0.0
0.0
0.0
0.0
0.0
5.420007
0.0
0.0
0.0
0.0
0.0
0.0
0.0
0.0
0.0
0.0
0.0
0.0
0.0
0.0
0.0
0.0
0.0
-5.2445326
0.0
0.0
0.0
0.0
0.0
0.0
0.0
0.0
-6.689924
0.0
6.237874
0.0
0.0
0.0
0.0
0.0
0.0
0.0
0.0
0.0
0.0
0.0
0.0
0.0
0.0
0.0
0.0
0.0
0.0
0.0
0.0
4074.0
0.0
0.0
0.0
0.0
0.0
0.0
0.0
0.0
0.0
0.0
0.0
0.0
0.0
0.0
0.0
0.0
0.0
-545804.0
0.0
0.0
0.0
0.0
0.0
0.0
0.0
0.0
-49152.0
0.0
292144.0
0.0
0.0
0.0
0.0
0.0
0.0
0.0
0.0
0.0
-1.0
0.0
0.0
0.0
0.0
0.0
1.0
0.0
0.0
0.0
0.0
0.0
0.0
0.0
0.0
0.0
0.0
0.0
0.0
0.0
0.0
0.0
0.0
0.0
0.0
0.0
0.0
0.0
0.0
0.0
0.0
0.0
0.0
0.0
0.0
0.0
-2.0
0.0
0.0
0.0
1.0
0.0
0.0
0.0
0.0
0.0
0.0
1.0
0.0
0.0
0.0
0.0
0.0
0.0
0.0
0.0
0.0
0.0
0.0
0.0
-1.0
0.0
0.0
0.0
0.0
0.0
0.0
0.0
0.0
0.0
1.0
0.0
0.0
0.0
0.0
1.0
0.0
0.0
0.0
0.0
0.0
0.0
-1.0
0.0
1.0
0.0
0.0
0.0
0.0
0.0
0.0
0.0
0.0
0.0
0.0
0.0
0.0
0.0
0.0
0.0
0.0
0.0
0.0
0.0
0.0
0.0
0.0
0.0
0.0
0.0
0.0
0.0
0.0
0.0
0.0
0.0
0.0
0.0
0.0
0.0
0.0
0.0
0.0
0.0
0.0
0.0
0.0
0.0
0.0
0.0
0.0
0.0
0.0
0.0
0.0
0.0
0.0
0.0
0.0
0.0
0.0
0.0
0.0
0.0
0.0
0.0
0.0
0.0
-1.0
0.0
0.0
0.0
0.0
0.0
0.0
0.0
0.0
0.0
0.0
0.0
0.0
0.0
0.0
0.0
0.0
0.0
0.0
0.0
0.0
0.0
0.0
0.0
0.0
0.0
0.0
0.0
0.0
0.0
0.0
0.0
0.0
0.0
0.0
0.0
0.0
0.0
0.0
0.0
0.0
0.0
0.0
0.0
0.0
0.0
0.0
0.0
0.0
-1.0
0.0
0.0
0.0
0.0
0.0
0.0
0.0
0.0
0.0
0.0
0.0
0.0
0.0
0.0
0.0
0.0
1.0
0.0
0.0
0.0
0.0
0.0
0.0
0.0
0.0
0.0
0.0
0.0
0.0
0.0
0.0
0.0
0.0
0.0
0.0
0.0
0.0
0.0
0.0
0.0
0.0
0.0
0.0
0.0
0.0
0.0
0.0
0.0
0.0
0.0
0.0
0.0
0.0
0.0
0.0
0.0
0.0
0.0
0.0
0.0
0.0
0.0
0.0
0.0
0.0
0.0
0.0
0.0
0.0
0.0
0.0
0.0
0.0
0.0
0.0
0.0
0.0
0.0
0.0
0.0
0.0
0.0
0.0
0.0
0.0
0.0
0.0
0.0
0.0
0.0
0.0
0.0
0.0
0.0
0.0
0.0
0.0
0.0
0.0
0.0
0.0
0.0
0.0
0.0
0.0
0.0
0.0
0.0
0.0
0.0
0.0
0.0
0.0
0.0
0.0
0.0
0.0
1.0
0.0
0.0
0.0
0.0
0.0
0.0
0.0
0.0
0.0
0.0
0.0
0.0
0.0
0.0
0.0
0.0
0.0
0.0
0.0
0.0
0.0
0.0
0.0
0.0
0.0
0.0
0.0
0.0
0.0
0.0
0.0
0.0
0.0
0.0
0.0
0.0
0.0
1.0
-1.0
0.0
0.0
0.0
0.0
0.0
0.0
0.0
0.0
0.0
0.0
0.0
0.0
0.0
0.0
0.0
0.0
0.0
0.0
0.0
0.0
0.0
0.0
0.0
0.0
0.0
0.0
0.0
0.0
0.0
0.0
0.0
-1.0
0.0
0.0
0.0
0.0
0.0
0.0
0.0
0.0
0.0
0.0
0.0
0.0
0.0
0.0
0.0
0.0
0.0
0.0
0.0
0.0
0.0
0.0
0.0
0.0
0.0
0.0
0.0
0.0
0.0
0.0
0.0
0.0
0.0
0.0
0.0
0.0
0.0
0.0
-1.0
0.0
0.0
0.0
0.0
0.0
0.0
0.0
-1.0
0.0
0.0
0.0
1.0
0.0
0.0
0.0
0.0
0.0
0.0
0.0
0.0
0.0
0.0
0.0
0.0
0.0
0.0
0.0
0.0
0.0
0.0
1.0
1.0
0.0
1.0
0.0
0.0
0.0
0.0
0.0
0.0
0.0
0.0
-1.0
0.0
0.0
0.0
0.0
0.0
0.0
0.0
0.0
0.0
0.0
0.0
0.0
1.0
0.0
0.0
0.0
0.0
0.0
0.0
0.0
0.0
0.0
0.0
0.0
0.0
0.0
0.0
0.0
1.0
0.0
0.0
0.0
0.0
0.0
0.0
0.0
0.0
1.0
0.0
0.0
0.0
0.0
0.0
0.0
0.0
0.0
1.0
0.0
0.0
0.0
0.0
1.0
0.0
0.0
0.0
0.0
0.0
-1.0
0.0
0.0
0.0
0.0
0.0
0.0
0.0
0.0
0.0
0.0
0.0
0.0
0.0
0.0
0.0
0.0
0.0
0.0
1.0
0.0
0.0
0.0
0.0
0.0
0.0
0.0
1.0
0.0
0.0
0.0
0.0
0.0
0.0
0.0
0.0
0.0
0.0
0.0
1.0
0.0
0.0
0.0
0.0
-1.0
0.0
0.0
0.0
-1.0
0.0
0.0
0.0
0.0
0.0
0.0
0.0
0.0
0.0
0.0
0.0
0.0
0.0
0.0
0.0
0.0
0.0
0.0
0.0
0.0
0.0
0.0
0.0
0.0
0.0
0.0
-1.0
0.0
0.0
0.0
1.0
0.0
0.0
0.0
0.0
0.0
0.0
0.0
0.0
0.0
0.0
0.0
0.0
0.0
0.0
0.0
0.0
0.0
0.0
0.0
0.0
0.0
0.0
0.0
0.0
0.0
0.0
0.0
-1.0
0.0
0.0
-1.0
0.0
0.0
-1.0
0.0
0.0
0.0
0.0
0.0
0.0
0.0
0.0
0.0
0.0
0.0
0.0
0.0
0.0
0.0
0.0
0.0
0.0
0.0
0.0
0.0
1.0
0.0
0.0
0.0
0.0
0.0
0.0
0.0
0.0
0.0
0.0
0.0
0.0
0.0
0.0
-1.0
0.0
0.0
1.0
0.0
0.0
0.0
0.0
0.0
0.0
0.0
0.0
0.0
0.0
0.0
0.0
0.0
0.0
0.0
0.0
0.0
0.0
0.0
0.0
0.0
0.0
0.0
0.0
0.0
0.0
0.0
0.0
0.0
0.0
0.0
0.0
0.0
0.0
0.0
0.0
0.0
0.0
0.0
0.0
0.0
0.0
0.0
-1.0
0.0
0.0
0.0
-1.0
0.0
0.0
0.0
0.0
0.0
0.0
0.0
0.0
0.0
0.0
0.0
0.0
1.0
0.0
0.0
0.0
0.0
0.0
0.0
0.0
0.0
0.0
0.0
0.0
0.0
1.0
0.0
0.0
0.0
0.0
0.0
0.0
0.0
0.0
0.0
0.0
0.0
0.0
0.0
-1.0
0.0
0.0
0.0
0.0
0.0
-1.0
0.0
0.0
0.0
0.0
0.0
0.0
0.0
0.0
0.0
0.0
0.0
0.0
0.0
0.0
-1.0
0.0
0.0
0.0
0.0
0.0
0.0
0.0
0.0
0.0
0.0
0.0
0.0
0.0
0.0
0.0
1.0
0.0
0.0
0.0
0.0
0.0
0.0
0.0
0.0
0.0
0.0
0.0
0.0
0.0
0.0
0.0
0.0
0.0
0.0
0.0
0.0
0.0
0.0
0.0
0.0
0.0
0.0
0.0
0.0
0.0
0.0
0.0
0.0
0.0
0.0
0.0
-1.0
0.0
0.0
-2.0
1.0
0.0
0.0
0.0
0.0
0.0
0.0
1.0
0.0
0.0
0.0
0.0
0.0
0.0
-1.0
0.0
0.0
0.0
-1.0
0.0
0.0
0.0
0.0
0.0
0.0
0.0
-1.0
0.0
0.0
0.0
0.0
0.0
1.0
0.0
1.0
0.0
0.0
0.0
0.0
0.0
0.0
0.0
0.0
0.0
0.0
0.0
0.0
0.0
0.0
0.0
0.0
0.0
0.0
0.0
0.0
0.0
0.0
0.0
0.0
0.0
-1.0
0.0
0.0
0.0
0.0
0.0
0.0
0.0
0.0
0.0
0.0
0.0
0.0
0.0
0.0
0.0
0.0
0.0
0.0
0.0
-1.0
0.0
0.0
0.0
0.0
0.0
0.0
1.0
0.0
0.0
-2.0
0.0
0.0
0.0
0.0
0.0
0.0
0.0
0.0
0.0
0.0
0.0
0.0
0.0
0.0
1.0
0.0
0.0
0.0
-1.0
0.0
0.0
0.0
0.0
0.0
0.0
0.0
0.0
0.0
0.0
0.0
-1.0
0.0
0.0
0.0
-1.0
0.0
0.0
1.0
0.0
0.0
0.0
0.0
0.0
0.0
0.0
0.0
0.0
0.0
0.0
0.0
0.0
0.0
0.0
0.0
0.0
1.0
0.0
1.0
0.0
0.0
0.0
0.0
0.0
2.0
0.0
0.0
0.0
0.0
1.0
0.0
0.0
0.0
-1.0
0.0
0.0
0.0
0.0
0.0
0.0
0.0
0.0
0.0
0.0
0.0
0.0
0.0
0.0
1.0
0.0
0.0
0.0
0.0
0.0
0.0
0.0
0.0
0.0
0.0
0.0
0.0
0.0
0.0
0.0
0.0
0.0
0.0
0.0
0.0
1.0
0.0
0.0
0.0
0.0
0.0
0.0
0.0
0.0
0.0
0.0
0.0
1.0
0.0
0.0
0.0
0.0
0.0
-1.0
0.0
0.0
0.0
0.0
0.0
0.0
0.0
0.0
0.0
-1.0
0.0
0.0
0.0
0.0
0.0
0.0
0.0
0.0
0.0
0.0
1.0
0.0
1.0
0.0
0.0
0.0
0.0
0.0
0.0
0.0
0.0
0.0
0.0
1.0
0.0
0.0
1.0
0.0
0.0
0.0
1.0
0.0
0.0
0.0
0.0
0.0
0.0
0.0
0.0
0.0
0.0
0.0
0.0
0.0
0.0
0.0
0.0
0.0
0.0
-1.0
0.0
0.0
0.0
0.0
0.0
1.0
0.0
0.0
0.0
-1.0
0.0
0.0
0.0
0.0
0.0
0.0
-1.0
0.0
0.0
0.0
0.0
0.0
0.0
1.0
0.0
0.0
-1.0
-1.0
0.0
0.0
0.0
-1.0
0.0
0.0
0.0
0.0
0.0
0.0
0.0
0.0
0.0
1.0
0.0
0.0
-1.0
0.0
0.0
0.0
0.0
0.0
0.0
0.0
0.0
0.0
0.0
0.0
0.0
0.0
0.0
0.0
-1.0
1.0
0.0
0.0
0.0
0.0
0.0
0.0
0.0
0.0
0.0
0.0
0.0
0.0
0.0
0.0
0.0
0.0
1.0
1.0
0.0
0.0
0.0
-1.0
0.0
0.0
1.0
0.0
0.0
0.0
0.0
0.0
1.0
0.0
0.0
0.0
0.0
0.0
0.0
0.0
0.0
0.0
0.0
0.0
0.0
-1.0
0.0
0.0
0.0
0.0
0.0
0.0
1.0
0.0
0.0
0.0
0.0
-1.0
0.0
0.0
0.0
0.0
0.0
0.0
0.0
1.0
-1.0
0.0
0.0
0.0
0.0
0.0
0.0
1.0
1.0
0.0
0.0
-1.0
0.0
0.0
-1.0
0.0
1.0
0.0
0.0
0.0
0.0
0.0
0.0
0.0
0.0
0.0
0.0
0.0
0.0
0.0
0.0
0.0
0.0
0.0
0.0
0.0
0.0
0.0
-1.0
0.0
0.0
0.0
0.0
0.0
0.0
0.0
0.0
0.0
-1.0
0.0
0.0
0.0
0.0
0.0
0.0
0.0
0.0
0.0
0.0
0.0
0.0
0.0
0.0
0.0
-1.0
-1.0
0.0
0.0
0.0
0.0
0.0
0.0
0.0
0.0
0.0
0.0
0.0
0.0
0.0
0.0
0.0
1.0
0.0
0.0
-1.0
0.0
0.0
0.0
0.0
0.0
-1.0
0.0
0.0
0.0
0.0
0.0
0.0
0.0
0.0
0.0
0.0
0.0
0.0
0.0
0.0
0.0
0.0
-1.0
0.0
0.0
0.0
0.0
0.0
0.0
0.0
0.0
0.0
0.0
0.0
0.0
0.0
0.0
0.0
0.0
0.0
1.0
0.0
0.0
0.0
0.0
0.0
0.0
0.0
0.0
0.0
0.0
0.0
0.0
0.0
0.0
0.0
0.0
0.0
0.0
0.0
0.0
0.0
0.0
0.0
0.0
0.0
0.0
0.0
0.0
0.0
0.0
0.0
0.0
0.0
0.0
0.0
0.0
0.0
0.0
0.0
0.0
0.0
0.0
0.0
0.0
0.0
0.0
0.0
0.0
0.0
0.0
0.0
0.0
0.0
0.0
0.0
0.0
0.0
0.0
0.0
0.0
0.0
0.0
0.0
0.0
0.0
0.0
0.0
0.0
0.0
0.0
0.0
0.0
0.0
0.0
0.0
0.0
0.0
0.0
0.0
0.0
0.0
0.0
0.0
0.0
0.0
0.0
0.0
0.0
0.0
0.0
0.0
0.0
0.0
0.0
0.0
0.0
0.0
0.0
0.0
0.0
0.0
0.0
0.0
0.0
0.0
0.0
0.0
0.0
0.0
0.0
0.0
0.0
0.0
0.0
0.0
0.0
0.0
0.0
0.0
0.0
0.0
0.0
0.0
0.0
0.0
0.0
0.0
0.0
0.0
0.0
0.0
0.0
0.0
100.0
54808.0
292144.0
606208.0
0.0
0.0
0.0
0.0
0.0
0.0
0.0
0.0
0.0
0.0
0.0
0.0
0.0
0.0
0.0
0.0
0.0
0.0
484.0
53248.0
0.0
0.0
0.0
0.0
