0.96833134
0.00033626915
0.00021367539
0.00019053857
0.00020969711
0.00012887527
0.00011934833
0.00010563374
0.00025230658
7.5168515e-05
0.00019273709
8.0821854e-05
0.00025733176
0.00017797558
7.768111e-05
0.000214827
0.00020090303
6.700257e-05
6.8363566e-05
7.1085546e-05
0.00012573451
0.00021880527
6.0721082e-05
6.407121e-05
0.000103853985
5.7056877e-05
6.689788e-05
6.606035e-05
8.7208035e-05
9.39083e-05
7.956556e-05
6.0197624e-05
0.0004893282
6.0302315e-05
6.574627e-05
6.773541e-05
0.00016132963
9.13957e-05
5.7999103e-05
5.4230208e-05
7.768111e-05
5.7580335e-05
6.878233e-05
8.281099e-05
6.878233e-05
6.522282e-05
8.76268e-05
6.3757136e-05
0.00012385007
0.00013431923
0.00012604859
0.00022194603
7.611074e-05
9.118632e-05
6.700257e-05
5.632404e-05
0.000107727574
0.000112334004
0.00016363285
0.00018561806
0.00011557944
0.000107099426
7.715765e-05
8.2392224e-05
0.00014070541
0.00010448214
0.0003237062
9.8410026e-05
0.00016855335
0.00051215093
0.00016038741
9.694435e-05
9.579274e-05
7.715765e-05
6.113985e-05
5.6638113e-05
8.092655e-05
0.00012531575
8.877841e-05
7.2132454e-05
0.00045122046
8.752211e-05
6.9724556e-05
0.00024770014
8.783618e-05
0.00013494738
0.000214827
0.00020927835
9.275669e-05
0.00023618407
5.4648972e-05
9.464113e-05
7.098085e-05
0.00011589351
0.00012301253
0.00010280707
6.501343e-05
0.0001925277
7.443567e-05
0.00011013548
0.00014363676
0.00025733176
0.00013170193
8.480013e-05
0.0002730355
0.000183943
0.00025984435
8.364853e-05
0.00013348169
0.000105738436
0.0001444743
0.00017295039
0.0001209187
5.245045e-05
0.00018478054
0.00018341954
0.00040159668
0.00043918093
0.00010950733
8.668458e-05
8.207815e-05
8.553297e-05
6.040701e-05
5.454428e-05
9.5269286e-05
0.00013159725
8.804557e-05
6.6479115e-05
0.00020215932
9.621151e-05
6.428059e-05
0.00036254674
0.00013798343
0.0004174051
6.124454e-05
5.590527e-05
0.0001210234
0.00024037174
0.0001259439
0.00057685026
9.7258424e-05
0.00044347328
6.05117e-05
6.2605526e-05
8.406729e-05
4.8053407e-05
5.0356623e-05
5.161292e-05
9.3175455e-05
6.040701e-05
6.05117e-05
6.0721082e-05
6.857295e-05
6.438528e-05
4.5854886e-05
4.679711e-05
6.113985e-05
8.281099e-05
5.2973908e-05
5.443959e-05
9.3175455e-05
0.00014363676
0.00011746389
9.861941e-05
7.851864e-05
7.600604e-05
4.9937855e-05
6.312899e-05
6.9933936e-05
5.8103793e-05
9.987571e-05
0.00011777796
6.386183e-05
5.234576e-05
4.9205013e-05
5.726626e-05
9.024409e-05
5.726626e-05
5.862725e-05
6.250084e-05
6.731665e-05
6.386183e-05
7.5587275e-05
6.1663304e-05
9.359422e-05
7.9670244e-05
6.700257e-05
5.9360093e-05
7.4226286e-05
9.369891e-05
8.657989e-05
6.3966516e-05
0.00030203504
0.00011170585
7.443567e-05
0.0001962966
0.00018582745
6.867764e-05
0.0001358896
0.00013013156
9.924756e-05
0.00010950733
5.7475645e-05
6.2186766e-05
8.595174e-05
7.485443e-05
6.9410475e-05
6.2814914e-05
0.00016980965
9.903818e-05
7.3807525e-05
8.2915685e-05
7.548259e-05
6.7630725e-05
0.0001370412
8.1031234e-05
8.9301866e-05
5.904602e-05
6.428059e-05
7.443567e-05
6.2605526e-05
4.9414397e-05
9.328014e-05
5.5486507e-05
9.118632e-05
5.8731945e-05
5.778972e-05
5.7580335e-05
9.076755e-05
4.5750196e-05
9.003471e-05
5.590527e-05
0.00041928954
0.00010291176
7.998432e-05
0.00019943735
0.0001568279
6.250084e-05
8.249692e-05
5.716157e-05
0.00013934441
6.5118125e-05
8.710335e-05
9.244261e-05
0.000105947816
7.014332e-05
9.788657e-05
0.00014552122
0.00018697906
9.694435e-05
7.5377895e-05
9.108162e-05
0.00020728921
0.000107727574
0.00021105811
0.0015542503
0.964726
0.0
0.0
0.0
0.0
0.0
0.0
0.0
0.0
0.0
0.0
0.0
0.0
0.0
0.0
0.0
0.00010297514
6.805678e-07
5.2351368e-08
1.04702735e-07
1.570541e-07
3.141082e-07
4.1881094e-07
4.711623e-07
1.04702735e-07
3.141082e-07
3.141082e-07
3.6645957e-07
4.1881094e-07
1.04702735e-07
5.2351368e-08
3.6645957e-07
0.0
0.0
0.0
0.0
0.0
0.0
0.0
0.0
0.0
0.0
0.0
0.0
0.0
0.0
0.0
0.0
9.4860676e-05
7.852705e-07
1.6752438e-06
2.0940547e-07
2.8269737e-06
7.852705e-07
1.7799465e-06
1.1517301e-06
1.2564328e-06
2.0940547e-07
2.6175684e-07
3.141082e-07
4.711623e-07
0.0
2.0940547e-07
4.1881094e-07
0.0
0.0
0.0
0.0
0.0
0.0
0.0
0.0
0.0
0.0
0.0
0.0
0.0
0.0
0.0
0.0
0.0
0.0
0.0
0.0
0.0
0.0
0.0
0.0
0.0
0.0
0.0
0.0
0.0
0.0
0.0
0.0
0.00030918716
4.0834066e-06
7.015083e-06
3.0363792e-06
8.114462e-06
5.968056e-06
2.8845603e-05
1.7485356e-05
3.4551902e-06
3.1934335e-06
3.5075416e-06
4.9210284e-06
1.0051463e-05
1.1883761e-05
2.7222711e-06
5.392191e-06
0.00022647201
4.554569e-06
5.2351365e-06
4.2928123e-06
6.2298127e-06
3.716947e-06
7.5909484e-06
5.392191e-06
5.182785e-06
4.9210284e-06
4.554569e-06
6.020407e-06
5.287488e-06
4.711623e-06
1.5914815e-05
1.1569652e-05
0.00029431938
8.533273e-06
2.5442765e-05
1.2930787e-05
5.434072e-05
3.4604254e-05
2.5023954e-05
1.7851817e-05
1.1203192e-05
2.3558116e-06
3.9787037e-06
5.2351365e-06
7.695651e-06
6.1774613e-06
5.968056e-06
2.0417034e-05
0.00036583137
1.7066546e-05
3.5860685e-05
2.9735576e-05
6.203637e-05
3.9315877e-05
0.00013977815
7.350132e-05
1.7066546e-05
7.695651e-06
1.031322e-05
8.480922e-06
1.2354923e-05
6.7533265e-06
1.0574976e-05
2.1359358e-05
0.0002507107
7.957407e-06
0.00024395737
0.0002064738
3.978704e-05
2.334871e-05
0.00055979314
0.0002741641
1.340195e-05
5.549245e-06
2.0574087e-05
1.1936112e-05
3.7431226e-05
9.056786e-06
9.109138e-06
2.1987573e-06
0.0003595492
1.16220035e-05
0.00010910025
7.4496e-05
6.8684996e-05
4.031055e-05
0.00023395826
0.00012763264
3.8164148e-05
1.0993787e-05
1.4344275e-05
3.643655e-05
3.1201416e-05
6.5229804e-05
2.8897955e-05
3.596539e-05
0.00010978082
8.114462e-06
7.978348e-05
8.2086946e-05
1.570541e-05
2.2406384e-05
0.00011522536
5.324134e-05
5.8162368e-05
1.0941436e-05
2.1882872e-05
6.779502e-05
2.3086954e-05
9.4755975e-05
1.994587e-05
7.48101e-05
0.0010992216
0.00019636998
0.00010056698
0.00019998223
0.00036206204
0.00045498574
0.00018516679
0.00026133802
0.0007796689
7.512421e-05
0.00014778791
9.5174786e-05
0.00029808868
0.0001376841
0.00028877013
0.000893219
0.002269484
0.0005172315
0.00029285354
0.0005118917
0.00094310986
0.0010615287
0.00040907357
0.0007094134
0.0014876688
0.0001607187
0.0003587639
0.00021375064
0.00070491113
0.00029322002
0.00060554827
0.001576195
0.00076501054
0.0007138109
0.00071726606
0.0007230771
0.00069758197
0.0007061676
0.0007085234
0.00069993775
0.0007095181
0.00070375943
0.00070245063
0.0007045447
0.0006951738
0.0007051729
0.00072061655
0.0006922421
2401.0
12.155352
29185.0
0.1077951
0.0013705671
0.0022614356
0.0014733596
0.002535549
0.008463251
0.0013020387
0.0014048313
0.0037347954
0.0025698133
0.0016789447
0.0012677745
0.0016789447
0.0030495117
0.009045742
0.0026040773
0.010142196
0.022956999
0.018776769
0.006407401
0.0026040773
0.002329964
0.004043173
0.0019873222
0.003083776
0.0030495117
0.028542059
0.0027411343
0.0041802297
0.0018845297
0.0012677745
0.0069213635
0.0022271716
0.00935412
0.0024327566
0.006167552
0.0074695908
0.010313517
0.005036834
0.0060990234
0.00541374
0.0069213635
0.0021586432
0.0018502655
0.004420079
0.004625664
0.0052766833
0.0045914
0.0070241564
0.0023642282
0.0054822685
0.01600137
0.007949289
0.005996231
0.005585061
0.007401062
0.0017817372
0.0056878533
0.0013020387
0.0021586432
0.0017817372
0.0040089088
0.0022614356
0.0031865684
0.0016446805
0.046290904
0.008771629
0.018845297
0.023059791
0.06345726
0.0065444577
0.010724687
0.018502656
0.042898748
0.008566044
0.01082748
0.021449374
0.017029297
0.030358061
0.04070584
0.013808464
0.0013020387
0.030152475
0.038375877
0.0444749
0.021038204
0.010656159
0.009251328
0.00270687
0.01017646
0.0043858145
0.0009251328
0.0016789447
0.0015076238
0.0009251328
0.0014733596
5.6292524
0.0
4.0
0.0
4.0
9551872.0
417792.0
0.0
0.0
205.0
0.0
0.0
0.0
0.0
0.0
1165640400.0
0.0
0.0
0.0
0.0
0.0
1.0
0.0
0.0
0.0
0.0
0.0
0.0
-1.0
0.0
-1.0
-1.0
0.0
0.0
0.0
0.0
0.0
0.0
0.0
0.0
0.0
0.0
0.0
0.0
-1.0
0.0
0.0
0.0
0.0
0.0
0.0
0.0
0.0
0.0
0.0
0.0
0.0
-1.0
0.0
0.0
0.0
0.0
0.0
0.0
0.0
0.0
0.0
0.0
7.0
10.0
4.0
0.0
4.0
0.0
167936.0
4096.0
4096.0
3.0
0.0
0.0
1.0
1.0
0.0
0.0
0.0
0.0
0.0
0.0
0.0
0.0
0.0
0.0
0.0
0.0
0.0
0.0
61440.0
0.0
0.0
0.0
0.0
0.0
0.0
0.0
0.0
0.0
0.0
0.0
0.0
0.0
0.0
0.0
0.0
0.0
-196608.0
0.0
0.0
0.0
0.0
0.0
0.0
0.0
0.0
-245760.0
0.0
0.0
0.0
0.0
0.0
0.0
0.0
0.0
0.0
0.0
0.0
0.0
0.0
0.0
0.0
0.0
0.0
0.0
0.0
0.0
0.0
0.0
5.5479054
0.0
0.0
0.0
0.0
0.0
0.0
0.0
0.0
0.0
0.0
0.0
0.0
0.0
0.0
0.0
0.0
0.0
-6.1790147
0.0
0.0
0.0
0.0
0.0
0.0
0.0
0.0
-6.620116
0.0
0.0
0.0
0.0
0.0
0.0
0.0
0.0
0.0
0.0
0.0
0.0
0.0
0.0
0.0
0.0
0.0
0.0
0.0
0.0
0.0
0.0
14174.0
0.0
0.0
0.0
0.0
0.0
0.0
0.0
0.0
0.0
0.0
0.0
0.0
0.0
0.0
0.0
0.0
0.0
-225524.0
0.0
0.0
0.0
0.0
0.0
0.0
0.0
0.0
-166783.0
0.0
0.0
0.0
0.0
0.0
0.0
0.0
0.0
0.0
0.0
0.0
-1.0
0.0
0.0
0.0
0.0
0.0
1.0
0.0
0.0
0.0
0.0
0.0
0.0
0.0
0.0
0.0
0.0
0.0
0.0
0.0
0.0
0.0
0.0
0.0
0.0
0.0
0.0
0.0
0.0
0.0
0.0
0.0
0.0
0.0
0.0
0.0
-2.0
0.0
0.0
0.0
1.0
0.0
0.0
0.0
0.0
0.0
0.0
0.0
0.0
0.0
0.0
0.0
0.0
0.0
0.0
0.0
0.0
0.0
0.0
0.0
-1.0
0.0
0.0
0.0
0.0
0.0
0.0
0.0
0.0
0.0
1.0
0.0
0.0
0.0
0.0
1.0
0.0
0.0
0.0
0.0
0.0
0.0
0.0
0.0
0.0
0.0
0.0
0.0
0.0
0.0
0.0
0.0
0.0
0.0
0.0
0.0
0.0
0.0
0.0
0.0
0.0
0.0
0.0
0.0
0.0
0.0
0.0
0.0
0.0
0.0
0.0
0.0
0.0
0.0
0.0
0.0
0.0
0.0
0.0
0.0
0.0
0.0
1.0
0.0
0.0
0.0
0.0
-1.0
0.0
0.0
0.0
0.0
0.0
0.0
0.0
0.0
0.0
0.0
0.0
0.0
0.0
0.0
0.0
0.0
0.0
0.0
0.0
0.0
-1.0
0.0
-1.0
0.0
0.0
0.0
0.0
0.0
0.0
0.0
0.0
0.0
0.0
0.0
0.0
0.0
0.0
0.0
0.0
0.0
0.0
0.0
0.0
0.0
0.0
0.0
0.0
0.0
0.0
0.0
0.0
0.0
0.0
0.0
0.0
0.0
0.0
0.0
0.0
0.0
0.0
0.0
0.0
0.0
0.0
0.0
0.0
0.0
0.0
-1.0
0.0
0.0
0.0
0.0
0.0
0.0
0.0
0.0
0.0
0.0
0.0
0.0
0.0
0.0
0.0
0.0
1.0
0.0
0.0
0.0
0.0
0.0
0.0
0.0
0.0
0.0
0.0
0.0
0.0
0.0
0.0
0.0
0.0
0.0
0.0
0.0
0.0
0.0
0.0
0.0
0.0
0.0
0.0
0.0
0.0
0.0
-1.0
0.0
0.0
0.0
0.0
0.0
0.0
0.0
0.0
0.0
0.0
0.0
0.0
0.0
0.0
0.0
0.0
0.0
0.0
0.0
0.0
0.0
0.0
0.0
0.0
0.0
0.0
0.0
0.0
0.0
0.0
0.0
0.0
0.0
0.0
0.0
0.0
0.0
0.0
0.0
0.0
0.0
0.0
0.0
0.0
0.0
0.0
0.0
0.0
0.0
0.0
0.0
0.0
0.0
0.0
0.0
0.0
0.0
0.0
0.0
0.0
0.0
0.0
0.0
0.0
0.0
0.0
0.0
0.0
0.0
0.0
0.0
0.0
0.0
0.0
0.0
0.0
0.0
0.0
0.0
0.0
0.0
0.0
0.0
-1.0
0.0
0.0
0.0
0.0
0.0
0.0
0.0
0.0
0.0
0.0
0.0
0.0
0.0
0.0
0.0
0.0
0.0
0.0
0.0
0.0
0.0
0.0
0.0
0.0
0.0
0.0
0.0
0.0
0.0
0.0
0.0
0.0
0.0
0.0
0.0
0.0
0.0
0.0
0.0
0.0
0.0
0.0
0.0
0.0
0.0
0.0
0.0
0.0
0.0
0.0
0.0
0.0
0.0
0.0
0.0
0.0
0.0
-1.0
-1.0
0.0
0.0
0.0
0.0
0.0
0.0
0.0
0.0
1.0
0.0
0.0
0.0
-1.0
-1.0
0.0
0.0
0.0
0.0
0.0
0.0
0.0
0.0
0.0
0.0
1.0
0.0
0.0
0.0
0.0
0.0
0.0
0.0
0.0
0.0
-1.0
0.0
1.0
-1.0
0.0
0.0
0.0
0.0
0.0
0.0
0.0
0.0
1.0
0.0
0.0
0.0
0.0
0.0
1.0
0.0
0.0
0.0
0.0
1.0
0.0
0.0
0.0
0.0
0.0
0.0
1.0
0.0
0.0
0.0
1.0
0.0
0.0
1.0
0.0
-1.0
0.0
0.0
1.0
0.0
0.0
0.0
0.0
0.0
1.0
0.0
-1.0
0.0
-1.0
0.0
0.0
0.0
0.0
0.0
1.0
0.0
0.0
0.0
0.0
0.0
0.0
0.0
0.0
0.0
0.0
0.0
0.0
0.0
0.0
0.0
0.0
0.0
0.0
0.0
0.0
0.0
0.0
0.0
0.0
0.0
0.0
0.0
0.0
0.0
0.0
0.0
0.0
0.0
0.0
0.0
0.0
0.0
0.0
0.0
0.0
0.0
0.0
0.0
0.0
0.0
0.0
0.0
0.0
0.0
0.0
0.0
0.0
0.0
-1.0
0.0
0.0
0.0
-1.0
0.0
0.0
0.0
0.0
0.0
0.0
0.0
0.0
0.0
0.0
0.0
0.0
0.0
-1.0
1.0
0.0
0.0
0.0
0.0
0.0
0.0
0.0
0.0
0.0
0.0
0.0
1.0
0.0
0.0
0.0
0.0
0.0
0.0
0.0
0.0
-1.0
0.0
0.0
0.0
0.0
0.0
0.0
0.0
0.0
0.0
0.0
-1.0
0.0
0.0
0.0
0.0
-1.0
0.0
0.0
0.0
0.0
0.0
0.0
0.0
0.0
0.0
0.0
-1.0
0.0
0.0
0.0
1.0
0.0
-1.0
0.0
0.0
0.0
0.0
0.0
0.0
-1.0
0.0
-1.0
-1.0
0.0
0.0
1.0
0.0
0.0
0.0
0.0
0.0
0.0
0.0
0.0
0.0
0.0
0.0
0.0
-2.0
0.0
0.0
0.0
0.0
0.0
0.0
-1.0
0.0
0.0
0.0
0.0
0.0
-1.0
0.0
0.0
0.0
0.0
0.0
0.0
0.0
0.0
0.0
0.0
0.0
0.0
0.0
0.0
0.0
0.0
0.0
0.0
0.0
0.0
0.0
1.0
0.0
0.0
0.0
0.0
0.0
0.0
0.0
-1.0
0.0
0.0
1.0
-1.0
0.0
0.0
0.0
0.0
1.0
0.0
0.0
-1.0
0.0
0.0
0.0
0.0
0.0
0.0
0.0
0.0
1.0
0.0
0.0
1.0
0.0
0.0
0.0
0.0
0.0
0.0
0.0
0.0
0.0
0.0
0.0
0.0
0.0
0.0
-1.0
0.0
0.0
0.0
0.0
0.0
1.0
0.0
-1.0
0.0
0.0
0.0
-1.0
0.0
0.0
-1.0
0.0
0.0
0.0
0.0
0.0
0.0
0.0
0.0
0.0
2.0
-1.0
0.0
0.0
0.0
0.0
0.0
-2.0
0.0
0.0
0.0
0.0
0.0
0.0
0.0
0.0
0.0
0.0
0.0
1.0
0.0
0.0
1.0
0.0
-1.0
1.0
0.0
-1.0
1.0
0.0
0.0
0.0
0.0
-1.0
0.0
0.0
0.0
0.0
0.0
0.0
0.0
0.0
0.0
0.0
0.0
0.0
0.0
0.0
-1.0
0.0
0.0
0.0
0.0
-1.0
0.0
0.0
1.0
0.0
0.0
0.0
0.0
0.0
1.0
0.0
2.0
0.0
0.0
0.0
0.0
0.0
-1.0
0.0
0.0
-1.0
0.0
0.0
0.0
0.0
1.0
0.0
2.0
0.0
0.0
0.0
0.0
0.0
0.0
0.0
0.0
-1.0
0.0
0.0
0.0
0.0
0.0
0.0
0.0
0.0
1.0
-1.0
0.0
0.0
0.0
-1.0
0.0
0.0
0.0
0.0
0.0
0.0
-1.0
0.0
0.0
0.0
0.0
0.0
0.0
0.0
0.0
0.0
1.0
0.0
0.0
0.0
0.0
0.0
0.0
0.0
0.0
-1.0
0.0
0.0
0.0
1.0
0.0
-1.0
0.0
1.0
0.0
0.0
0.0
0.0
0.0
0.0
0.0
0.0
0.0
1.0
0.0
0.0
0.0
0.0
0.0
0.0
0.0
0.0
0.0
0.0
0.0
0.0
0.0
0.0
0.0
0.0
-1.0
0.0
-1.0
0.0
0.0
0.0
0.0
0.0
0.0
0.0
0.0
1.0
0.0
0.0
0.0
-1.0
0.0
0.0
0.0
0.0
0.0
0.0
0.0
0.0
0.0
0.0
0.0
1.0
0.0
1.0
-2.0
0.0
1.0
0.0
0.0
0.0
0.0
0.0
1.0
0.0
0.0
1.0
1.0
-1.0
0.0
1.0
0.0
0.0
0.0
-1.0
0.0
0.0
0.0
0.0
0.0
0.0
-1.0
0.0
1.0
1.0
0.0
-1.0
0.0
0.0
0.0
0.0
0.0
0.0
0.0
0.0
0.0
0.0
0.0
0.0
0.0
0.0
0.0
0.0
1.0
0.0
-1.0
0.0
0.0
0.0
0.0
1.0
1.0
0.0
1.0
0.0
0.0
0.0
0.0
0.0
0.0
0.0
0.0
-1.0
0.0
1.0
0.0
0.0
0.0
-1.0
0.0
0.0
0.0
0.0
0.0
0.0
0.0
0.0
0.0
0.0
0.0
0.0
0.0
0.0
1.0
0.0
0.0
0.0
0.0
-1.0
0.0
1.0
-1.0
-1.0
0.0
0.0
0.0
0.0
0.0
0.0
0.0
1.0
0.0
0.0
0.0
0.0
0.0
0.0
0.0
0.0
0.0
0.0
0.0
0.0
0.0
1.0
0.0
1.0
0.0
-1.0
0.0
0.0
0.0
-1.0
0.0
0.0
0.0
0.0
0.0
0.0
-2.0
0.0
0.0
-1.0
0.0
0.0
0.0
0.0
0.0
0.0
0.0
0.0
0.0
1.0
0.0
0.0
1.0
0.0
0.0
0.0
0.0
1.0
0.0
0.0
0.0
0.0
0.0
1.0
0.0
0.0
0.0
-1.0
0.0
0.0
1.0
0.0
0.0
0.0
0.0
1.0
0.0
0.0
0.0
0.0
0.0
0.0
0.0
0.0
0.0
0.0
0.0
0.0
0.0
-1.0
0.0
1.0
0.0
0.0
0.0
-1.0
0.0
0.0
1.0
0.0
0.0
0.0
0.0
0.0
0.0
0.0
-1.0
1.0
0.0
0.0
0.0
0.0
0.0
0.0
1.0
0.0
-1.0
-1.0
0.0
0.0
0.0
-1.0
0.0
0.0
0.0
0.0
0.0
0.0
0.0
0.0
0.0
1.0
0.0
0.0
-1.0
0.0
0.0
0.0
0.0
1.0
0.0
0.0
0.0
0.0
0.0
1.0
0.0
0.0
0.0
0.0
-1.0
0.0
0.0
0.0
0.0
0.0
0.0
0.0
0.0
0.0
-1.0
0.0
0.0
0.0
0.0
0.0
0.0
0.0
0.0
1.0
0.0
0.0
0.0
-1.0
0.0
0.0
1.0
0.0
1.0
-1.0
-1.0
0.0
1.0
0.0
1.0
0.0
0.0
0.0
0.0
0.0
0.0
0.0
0.0
0.0
0.0
0.0
0.0
0.0
0.0
0.0
1.0
0.0
0.0
0.0
0.0
-1.0
0.0
-2.0
0.0
0.0
0.0
0.0
0.0
0.0
-2.0
0.0
0.0
0.0
1.0
0.0
0.0
0.0
0.0
0.0
1.0
0.0
0.0
0.0
0.0
0.0
-1.0
0.0
0.0
0.0
0.0
0.0
2.0
0.0
0.0
0.0
0.0
0.0
0.0
0.0
0.0
0.0
0.0
0.0
0.0
0.0
0.0
0.0
0.0
0.0
-1.0
0.0
0.0
0.0
0.0
0.0
0.0
0.0
0.0
0.0
0.0
0.0
0.0
0.0
0.0
0.0
0.0
0.0
0.0
0.0
0.0
0.0
1.0
0.0
0.0
0.0
-1.0
-1.0
0.0
0.0
1.0
0.0
0.0
0.0
0.0
-1.0
1.0
0.0
0.0
0.0
0.0
0.0
0.0
0.0
0.0
0.0
0.0
0.0
0.0
0.0
0.0
0.0
-1.0
0.0
0.0
0.0
0.0
0.0
0.0
0.0
0.0
0.0
-1.0
0.0
0.0
0.0
0.0
0.0
1.0
0.0
0.0
0.0
0.0
0.0
0.0
0.0
0.0
0.0
0.0
0.0
0.0
0.0
0.0
-1.0
-1.0
0.0
0.0
0.0
0.0
0.0
0.0
0.0
0.0
0.0
0.0
0.0
0.0
0.0
0.0
0.0
0.0
0.0
0.0
0.0
0.0
0.0
0.0
0.0
0.0
0.0
0.0
0.0
0.0
0.0
0.0
0.0
0.0
0.0
0.0
0.0
0.0
0.0
0.0
0.0
0.0
0.0
0.0
0.0
0.0
0.0
0.0
0.0
0.0
0.0
0.0
0.0
0.0
0.0
0.0
0.0
0.0
0.0
0.0
0.0
0.0
0.0
0.0
0.0
0.0
0.0
0.0
0.0
0.0
0.0
0.0
0.0
0.0
0.0
0.0
0.0
0.0
0.0
0.0
0.0
0.0
0.0
0.0
0.0
0.0
0.0
0.0
0.0
0.0
0.0
0.0
0.0
0.0
0.0
0.0
0.0
0.0
0.0
0.0
0.0
0.0
0.0
0.0
0.0
0.0
0.0
0.0
0.0
0.0
0.0
0.0
0.0
0.0
0.0
0.0
0.0
0.0
0.0
0.0
0.0
0.0
0.0
0.0
0.0
0.0
0.0
0.0
0.0
0.0
0.0
0.0
0.0
0.0
0.0
0.0
0.0
0.0
180.0
181592.0
0.0
0.0
0.0
0.0
0.0
0.0
0.0
0.0
0.0
0.0
0.0
0.0
0.0
0.0
0.0
0.0
72.0
181488.0
0.0
0.0
852.0
172032.0
0.0
0.0
0.0
0.0
