0.2906706
0.011088709
0.0049923197
0.0048363097
0.0077164937
0.0032522082
0.0023881528
0.001860119
0.009480607
0.002688172
0.0026521697
0.0013320852
0.0068404377
0.0065404186
0.0011400729
0.005268337
0.00640841
0.0013320852
0.0010920699
0.0020281298
0.0026761713
0.0046202955
0.00080405147
0.0014520929
0.003372216
0.0012840822
0.004080261
0.0044282833
0.0018841206
0.008136521
0.0029401882
0.0019921274
0.0047883065
0.00078004994
0.00048003072
0.0008760561
0.0044402843
0.00092405913
0.0005640361
0.00058803766
0.0011160715
0.00076804915
0.0005280338
0.0015721006
0.0006600422
0.00062403997
0.0010080645
0.00024001536
0.0024601575
0.0013080838
0.00092405913
0.005064324
0.000984063
0.0014640937
0.00078004994
0.0004440284
0.0018961213
0.0022801459
0.0006840438
0.0036482336
0.0012000768
0.0011760753
0.00074404763
0.00050403224
0.010056644
0.0034922236
0.00078004994
0.001656106
0.003204205
0.010668683
0.0044042817
0.0017161098
0.0017521122
0.0050883256
0.0010560676
0.00054003455
0.0013200844
0.004452285
0.0009960637
0.0008880568
0.011256721
0.0025201612
0.002076133
0.007140457
0.0013200844
0.0035522273
0.0063004033
0.0066004223
0.0016081029
0.007128456
0.0029161866
0.0026401689
0.0019201229
0.0074764783
0.0060843895
0.0036602342
0.00075604836
0.0020521313
0.00031201998
0.0011280722
0.0018001152
0.0050883256
0.0021001345
0.0010080645
0.0052803378
0.0025561636
0.00672043
0.0004440284
0.0021121353
0.0012840822
0.0024121543
0.0022921467
0.0016081029
0.00037202382
0.003204205
0.0022561443
0.011364727
0.012732815
0.0013560868
0.00075604836
0.0013800883
0.0011640745
0.00046802996
0.0006840438
0.0020041282
0.0032162059
0.001704109
0.0006600422
0.005520353
0.0017281106
0.00048003072
0.011928763
0.0026761713
0.010872696
0.0102606565
0.00034802227
0.0037442397
0.0077884984
0.0031682027
0.01748512
0.0005640361
0.0117367515
0.0028321813
0.0006480415
0.0010320661
0.0005640361
0.0009120584
0.00075604836
0.0006840438
0.0006480415
0.002952189
0.00055203534
0.0009960637
0.000984063
0.0021361366
0.004764305
0.0023401498
0.0039002497
0.0004560292
0.0016321045
0.0010800691
0.0012120776
0.0007080453
0.0007920507
0.00055203534
0.00058803766
0.00024001536
0.0006000384
0.0012720814
0.00057603687
0.00054003455
0.0004560292
0.0007080453
0.00034802227
0.0010920699
0.00038402458
0.00097206223
0.000828053
0.00036002306
0.000672043
0.00048003072
0.0004920315
0.0008520545
0.00048003072
0.0018241168
0.0058683758
0.00069604453
0.0013080838
0.00069604453
0.000984063
0.0014160906
0.0015600999
0.007092454
0.0027721773
0.0012840822
0.0048963134
0.0038162442
0.00040802613
0.0018001152
0.002376152
0.0018481183
0.0023521506
0.0008640553
0.0005280338
0.0027001728
0.00075604836
0.00057603687
0.0011160715
0.0030721966
0.002484159
0.0019081221
0.0008760561
0.0013200844
0.000828053
0.0017161098
0.0008640553
0.002688172
0.0007080453
0.0009360599
0.0032522082
0.004572293
0.0024961599
0.0056523615
0.006636425
0.0029401882
0.0008520545
0.00037202382
0.00032402074
0.0015721006
0.00027601767
0.00046802996
0.00028801843
0.015240976
0.0019321237
0.00058803766
0.004188268
0.0049443166
0.0004560292
0.0005280338
0.00055203534
0.002688172
0.0019561253
0.0005640361
0.0011640745
0.002748176
0.00048003072
0.0021001345
0.0026041667
0.0049443166
0.0014280914
0.00078004994
0.001968126
0.006168395
0.0018961213
0.0041162632
0.040598597
0.09974976
7.93457e-05
1.8310548e-05
6.1035157e-06
1.2207031e-05
3.0517578e-05
1.2207031e-05
1.2207031e-05
3.0517578e-05
1.2207031e-05
1.8310548e-05
6.1035157e-06
6.1035157e-06
6.1035157e-06
0.0
0.0
0.011865234
4.8828126e-05
6.1035156e-05
2.4414063e-05
3.6621095e-05
2.4414063e-05
2.4414063e-05
2.4414063e-05
0.00022583008
1.8310548e-05
1.8310548e-05
1.8310548e-05
3.6621095e-05
2.4414063e-05
2.4414063e-05
2.4414063e-05
0.011529541
0.00018310547
4.272461e-05
6.1035157e-06
0.00022583008
3.0517578e-05
1.8310548e-05
3.0517578e-05
7.324219e-05
4.8828126e-05
1.8310548e-05
1.2207031e-05
9.1552734e-05
0.00012207031
1.8310548e-05
4.8828126e-05
0.01118164
0.00020751954
0.000115966795
1.8310548e-05
9.765625e-05
5.493164e-05
0.00021362305
0.00010986328
1.2207031e-05
2.4414063e-05
1.2207031e-05
0.00014648438
4.8828126e-05
8.544922e-05
7.93457e-05
9.1552734e-05
0.0
0.0
0.0
0.0
0.0
0.0
0.0
0.0
0.0
0.0
0.0
0.0
0.0
0.0
0.0
0.0
0.009899902
9.765625e-05
0.00021972656
0.00023193359
0.00026245118
0.0001586914
0.00072021486
0.00032348634
0.00025024413
3.0517578e-05
6.1035156e-05
4.272461e-05
7.324219e-05
3.6621095e-05
4.8828126e-05
4.272461e-05
0.03782959
0.00070800784
0.0008666992
0.00064086914
0.0008789062
0.00078125
0.0012145996
0.0011047364
0.0015136718
0.0004272461
0.00018920898
0.00029296876
0.00084228517
0.0010375977
0.00035400392
0.0013183594
0.0079956055
6.1035156e-05
0.00042114258
0.0005187988
0.0004333496
0.00022583008
0.0016723633
0.000769043
0.000115966795
1.2207031e-05
4.8828126e-05
3.6621095e-05
6.1035156e-05
1.2207031e-05
2.4414063e-05
9.1552734e-05
0.0
0.0
0.0
0.0
0.0
0.0
0.0
0.0
0.0
0.0
0.0
0.0
0.0
0.0
0.0
0.0
0.016186524
0.0067810058
0.00054321287
0.00068359374
0.00080566405
0.004760742
0.0012634278
0.0010681152
0.0031677247
0.005999756
6.713867e-05
0.00017089843
0.0007019043
0.0056640627
0.0004333496
0.0017028808
0.00557251
0.009136963
0.00021972656
0.00017089843
0.0022338866
0.008630371
0.0048034666
0.002416992
0.0083557125
0.009405518
3.0517578e-05
9.1552734e-05
0.0010192872
0.010339355
2.4414063e-05
4.8828126e-05
0.009912109
0.0020874024
0.0010986328
0.0007751465
0.0015625
0.0027160645
0.005834961
0.0029541017
0.002368164
0.0020568848
0.0001953125
0.00016479492
0.000579834
0.004815674
0.0001586914
0.00021972656
0.011187744
0.001989746
0.0011230469
0.001208496
0.0021362305
0.002947998
0.0031677247
0.0025390624
0.0018310547
0.0012695312
0.0011108399
0.001739502
0.0011901855
0.0016967773
0.0007446289
0.0016174316
0.060333252
0.010778809
0.0068237307
0.007055664
0.020751953
0.025091553
0.007958984
0.015405273
0.038085938
0.0025268556
0.0029785156
0.0037353516
0.013873291
0.00625
0.017651368
0.035699464
0.059869386
0.016998291
0.008630371
0.014642334
0.023431396
0.029968262
0.010870362
0.01883545
0.037316896
0.0038879395
0.00657959
0.013220215
0.017218018
0.010522461
0.0164917
0.036517333
0.0
0.0
0.0
0.0
0.0
0.0
0.0
0.0
0.0
0.0
0.0
0.0
0.0
0.0
0.0
0.0
272.0
11.444853
3113.0
0.031159652
0.0009637006
0.0016061676
0.0012849341
0.0028911019
0.0028911019
0.0
0.00064246706
0.0022486348
0.00064246706
0.00032123353
0.0012849341
0.00032123353
0.004176036
0.00546097
0.00032123353
0.0077096047
0.0019274012
0.0061034374
0.0061034374
0.00032123353
0.0012849341
0.00546097
0.0009637006
0.0025698682
0.0022486348
0.0022486348
0.0019274012
0.0022486348
0.00032123353
0.0009637006
0.0019274012
0.0025698682
0.020237712
0.0028911019
0.0115644075
0.0064246706
0.009637007
0.019916479
0.0115644075
0.0061034374
0.0038548023
0.0
0.0028911019
0.006745904
0.0061034374
0.0044972696
0.00546097
0.013170575
0.007067138
0.011885641
0.03726309
0.008673306
0.0061034374
0.012206875
0.01895278
0.0019274012
0.009315773
0.0
0.0022486348
0.0022486348
0.0061034374
0.0028911019
0.007067138
0.0028911019
0.03790556
0.004176036
0.018631546
0.020237712
0.10375843
0.00546097
0.017346611
0.012849341
0.04368776
0.0073883715
0.00546097
0.03533569
0.014455509
0.042402826
0.039832957
0.017989079
0.0019274012
0.0497912
0.030517185
0.06007067
0.022807581
0.008994539
0.003533569
0.007067138
0.0073883715
0.0016061676
0.0022486348
0.0009637006
0.00064246706
0.0016061676
0.0028911019
5.53843
0.0
0.0
0.0
2.0
83328.0
610304.0
0.0
0.0
117.0
0.0
1.0
0.0
0.0
0.0
1010997800.0
0.0
0.0
0.0
0.0
0.0
1.0
0.0
0.0
0.0
0.0
0.0
0.0
-1.0
0.0
-1.0
-1.0
0.0
0.0
0.0
0.0
0.0
0.0
0.0
0.0
0.0
0.0
0.0
0.0
-1.0
0.0
0.0
0.0
0.0
0.0
0.0
0.0
0.0
0.0
0.0
0.0
0.0
-1.0
0.0
0.0
0.0
0.0
0.0
0.0
0.0
0.0
0.0
0.0
6.0
0.0
4.0
0.0
4.0
0.0
49152.0
4096.0
4096.0
4.0
0.0
0.0
1.0
2.0
0.0
0.0
0.0
0.0
0.0
0.0
0.0
0.0
0.0
0.0
0.0
0.0
0.0
0.0
4096.0
0.0
0.0
0.0
0.0
0.0
0.0
0.0
0.0
0.0
0.0
0.0
0.0
0.0
0.0
0.0
0.0
0.0
-16384.0
0.0
0.0
0.0
0.0
0.0
0.0
0.0
0.0
-49152.0
0.0
16.0
0.0
0.0
0.0
0.0
0.0
0.0
0.0
0.0
0.0
0.0
0.0
0.0
0.0
0.0
0.0
0.0
0.0
0.0
0.0
0.0
5.4185505
0.0
0.0
0.0
0.0
0.0
0.0
0.0
0.0
0.0
0.0
0.0
0.0
0.0
0.0
0.0
0.0
0.0
-5.831128
0.0
0.0
0.0
0.0
0.0
0.0
0.0
0.0
-6.59249
0.0
0.0
0.0
0.0
0.0
0.0
0.0
0.0
0.0
0.0
0.0
0.0
0.0
0.0
0.0
0.0
0.0
0.0
0.0
0.0
0.0
0.0
4074.0
0.0
0.0
0.0
0.0
0.0
0.0
0.0
0.0
0.0
0.0
0.0
0.0
0.0
0.0
0.0
0.0
0.0
-545772.0
0.0
0.0
0.0
0.0
0.0
0.0
0.0
0.0
-46698.0
0.0
16.0
0.0
0.0
0.0
0.0
0.0
0.0
0.0
0.0
0.0
-1.0
0.0
0.0
0.0
0.0
0.0
1.0
0.0
0.0
0.0
0.0
0.0
0.0
0.0
0.0
0.0
0.0
0.0
0.0
0.0
0.0
0.0
0.0
0.0
0.0
0.0
0.0
0.0
0.0
0.0
0.0
0.0
0.0
0.0
0.0
0.0
-2.0
0.0
0.0
0.0
1.0
0.0
0.0
0.0
0.0
0.0
0.0
0.0
0.0
0.0
0.0
0.0
0.0
0.0
0.0
0.0
0.0
0.0
0.0
0.0
-1.0
0.0
0.0
0.0
0.0
0.0
0.0
0.0
0.0
0.0
1.0
0.0
0.0
0.0
0.0
1.0
0.0
0.0
0.0
0.0
0.0
0.0
0.0
0.0
0.0
0.0
0.0
0.0
0.0
0.0
0.0
0.0
0.0
0.0
0.0
0.0
0.0
0.0
0.0
0.0
0.0
0.0
0.0
0.0
0.0
0.0
0.0
0.0
0.0
0.0
0.0
0.0
0.0
0.0
0.0
0.0
0.0
0.0
0.0
0.0
0.0
0.0
0.0
0.0
0.0
0.0
0.0
0.0
0.0
0.0
0.0
0.0
0.0
0.0
0.0
0.0
0.0
0.0
0.0
0.0
0.0
0.0
0.0
0.0
0.0
0.0
0.0
0.0
-1.0
0.0
0.0
0.0
0.0
0.0
0.0
0.0
0.0
0.0
0.0
0.0
0.0
0.0
0.0
0.0
0.0
0.0
0.0
0.0
0.0
0.0
0.0
0.0
0.0
0.0
0.0
0.0
0.0
0.0
0.0
0.0
0.0
0.0
0.0
0.0
0.0
0.0
0.0
0.0
0.0
0.0
0.0
0.0
0.0
0.0
0.0
0.0
0.0
-1.0
0.0
0.0
0.0
0.0
0.0
0.0
0.0
0.0
0.0
0.0
0.0
0.0
0.0
0.0
0.0
0.0
1.0
0.0
0.0
0.0
0.0
0.0
0.0
0.0
0.0
0.0
0.0
0.0
0.0
0.0
0.0
0.0
0.0
0.0
0.0
0.0
0.0
0.0
0.0
0.0
0.0
0.0
0.0
0.0
0.0
0.0
0.0
0.0
0.0
0.0
0.0
0.0
0.0
0.0
0.0
0.0
0.0
0.0
0.0
0.0
0.0
0.0
0.0
0.0
0.0
0.0
0.0
0.0
0.0
0.0
0.0
0.0
0.0
0.0
0.0
0.0
0.0
0.0
0.0
0.0
0.0
0.0
0.0
0.0
0.0
0.0
0.0
0.0
0.0
0.0
0.0
0.0
0.0
0.0
0.0
0.0
0.0
0.0
0.0
0.0
0.0
0.0
0.0
0.0
0.0
0.0
0.0
0.0
0.0
0.0
0.0
0.0
0.0
0.0
0.0
0.0
0.0
1.0
0.0
0.0
0.0
0.0
0.0
0.0
0.0
0.0
0.0
0.0
0.0
0.0
0.0
0.0
0.0
0.0
0.0
0.0
0.0
0.0
0.0
0.0
0.0
0.0
0.0
0.0
0.0
0.0
0.0
0.0
0.0
0.0
0.0
0.0
0.0
0.0
0.0
1.0
-1.0
0.0
0.0
0.0
0.0
0.0
0.0
0.0
0.0
0.0
0.0
0.0
0.0
0.0
0.0
0.0
0.0
0.0
0.0
0.0
0.0
0.0
0.0
0.0
0.0
0.0
0.0
0.0
0.0
0.0
0.0
0.0
-1.0
0.0
0.0
0.0
0.0
0.0
0.0
0.0
0.0
0.0
0.0
0.0
0.0
0.0
0.0
0.0
0.0
0.0
0.0
0.0
0.0
0.0
0.0
0.0
0.0
0.0
0.0
0.0
0.0
0.0
0.0
0.0
0.0
0.0
0.0
0.0
0.0
0.0
0.0
-1.0
0.0
0.0
0.0
0.0
0.0
0.0
0.0
-1.0
0.0
0.0
0.0
1.0
0.0
0.0
0.0
0.0
0.0
0.0
0.0
0.0
0.0
0.0
0.0
0.0
0.0
0.0
0.0
0.0
0.0
0.0
1.0
1.0
0.0
1.0
0.0
0.0
0.0
0.0
0.0
0.0
0.0
0.0
-1.0
0.0
0.0
0.0
0.0
0.0
0.0
0.0
0.0
0.0
0.0
0.0
0.0
1.0
0.0
0.0
0.0
0.0
0.0
0.0
0.0
0.0
0.0
0.0
0.0
0.0
0.0
0.0
0.0
1.0
0.0
0.0
0.0
0.0
0.0
0.0
0.0
0.0
1.0
0.0
0.0
0.0
0.0
0.0
0.0
0.0
0.0
1.0
0.0
0.0
0.0
0.0
1.0
0.0
0.0
0.0
0.0
0.0
-1.0
0.0
0.0
0.0
0.0
0.0
0.0
0.0
0.0
0.0
0.0
0.0
0.0
0.0
0.0
0.0
0.0
0.0
0.0
1.0
0.0
0.0
0.0
0.0
0.0
0.0
0.0
1.0
0.0
0.0
0.0
0.0
0.0
0.0
0.0
0.0
0.0
0.0
0.0
1.0
0.0
0.0
0.0
0.0
-1.0
0.0
0.0
0.0
-1.0
0.0
0.0
0.0
0.0
0.0
0.0
0.0
0.0
0.0
0.0
0.0
0.0
0.0
0.0
0.0
0.0
0.0
0.0
0.0
0.0
0.0
0.0
0.0
0.0
0.0
0.0
-1.0
0.0
0.0
0.0
1.0
0.0
0.0
0.0
0.0
0.0
0.0
0.0
0.0
0.0
0.0
0.0
0.0
0.0
0.0
0.0
0.0
0.0
0.0
0.0
0.0
0.0
0.0
0.0
0.0
0.0
0.0
0.0
-1.0
0.0
0.0
-1.0
0.0
0.0
-1.0
0.0
0.0
0.0
0.0
0.0
0.0
0.0
0.0
0.0
0.0
0.0
0.0
0.0
0.0
0.0
0.0
0.0
0.0
0.0
0.0
0.0
1.0
0.0
0.0
0.0
0.0
0.0
0.0
0.0
0.0
0.0
0.0
0.0
0.0
0.0
0.0
-1.0
0.0
0.0
1.0
0.0
0.0
0.0
0.0
0.0
0.0
0.0
0.0
0.0
0.0
0.0
0.0
0.0
0.0
0.0
0.0
0.0
0.0
0.0
0.0
0.0
0.0
0.0
0.0
0.0
0.0
0.0
0.0
0.0
0.0
0.0
0.0
0.0
0.0
0.0
0.0
0.0
0.0
0.0
0.0
0.0
0.0
0.0
-1.0
0.0
0.0
0.0
-1.0
0.0
0.0
0.0
0.0
0.0
0.0
0.0
0.0
0.0
0.0
0.0
0.0
1.0
0.0
0.0
0.0
0.0
0.0
0.0
0.0
0.0
0.0
0.0
0.0
0.0
1.0
0.0
0.0
0.0
0.0
0.0
0.0
0.0
0.0
0.0
0.0
0.0
0.0
0.0
-1.0
0.0
0.0
0.0
0.0
0.0
-1.0
0.0
0.0
0.0
0.0
0.0
0.0
0.0
0.0
0.0
0.0
0.0
0.0
0.0
0.0
-1.0
0.0
0.0
0.0
0.0
0.0
0.0
0.0
0.0
0.0
0.0
0.0
0.0
0.0
0.0
0.0
1.0
0.0
0.0
0.0
0.0
0.0
0.0
0.0
0.0
0.0
0.0
0.0
0.0
0.0
0.0
0.0
0.0
0.0
0.0
0.0
0.0
0.0
0.0
0.0
0.0
0.0
0.0
0.0
0.0
0.0
0.0
0.0
0.0
0.0
0.0
0.0
-1.0
0.0
0.0
-2.0
1.0
0.0
0.0
0.0
0.0
0.0
0.0
1.0
0.0
0.0
0.0
0.0
0.0
0.0
-1.0
0.0
0.0
0.0
-1.0
0.0
0.0
0.0
0.0
0.0
0.0
0.0
-1.0
0.0
0.0
0.0
0.0
0.0
1.0
0.0
1.0
0.0
0.0
0.0
0.0
0.0
0.0
0.0
0.0
0.0
0.0
0.0
0.0
0.0
0.0
0.0
0.0
0.0
0.0
0.0
0.0
0.0
0.0
0.0
0.0
0.0
-1.0
0.0
0.0
0.0
0.0
0.0
0.0
0.0
0.0
0.0
0.0
0.0
0.0
0.0
0.0
0.0
0.0
0.0
0.0
0.0
-1.0
0.0
0.0
0.0
0.0
0.0
0.0
1.0
0.0
0.0
-2.0
0.0
0.0
0.0
0.0
0.0
0.0
0.0
0.0
0.0
0.0
0.0
0.0
0.0
0.0
1.0
0.0
0.0
0.0
-1.0
0.0
0.0
0.0
0.0
0.0
0.0
0.0
0.0
0.0
0.0
0.0
-1.0
0.0
0.0
0.0
-1.0
0.0
0.0
1.0
0.0
0.0
0.0
0.0
0.0
0.0
0.0
0.0
0.0
0.0
0.0
0.0
0.0
0.0
0.0
0.0
0.0
1.0
0.0
1.0
0.0
0.0
0.0
0.0
0.0
2.0
0.0
0.0
0.0
0.0
1.0
0.0
0.0
0.0
-1.0
0.0
0.0
0.0
0.0
0.0
0.0
0.0
0.0
0.0
0.0
0.0
0.0
0.0
0.0
1.0
0.0
0.0
0.0
0.0
0.0
0.0
0.0
0.0
0.0
0.0
0.0
0.0
0.0
0.0
0.0
0.0
0.0
0.0
0.0
0.0
1.0
0.0
0.0
0.0
0.0
0.0
0.0
0.0
0.0
0.0
0.0
0.0
1.0
0.0
0.0
0.0
0.0
0.0
-1.0
0.0
0.0
0.0
0.0
0.0
0.0
0.0
0.0
0.0
-1.0
0.0
0.0
0.0
0.0
0.0
0.0
0.0
0.0
0.0
0.0
1.0
0.0
1.0
0.0
0.0
0.0
0.0
0.0
0.0
0.0
0.0
0.0
0.0
1.0
0.0
0.0
1.0
0.0
0.0
0.0
1.0
0.0
0.0
0.0
0.0
0.0
0.0
0.0
0.0
0.0
0.0
0.0
0.0
0.0
0.0
0.0
0.0
0.0
0.0
-1.0
0.0
0.0
0.0
0.0
0.0
1.0
0.0
0.0
0.0
-1.0
0.0
0.0
0.0
0.0
0.0
0.0
-1.0
0.0
0.0
0.0
0.0
0.0
0.0
1.0
0.0
0.0
-1.0
-1.0
0.0
0.0
0.0
-1.0
0.0
0.0
0.0
0.0
0.0
0.0
0.0
0.0
0.0
1.0
0.0
0.0
-1.0
0.0
0.0
0.0
0.0
0.0
0.0
0.0
0.0
0.0
0.0
0.0
0.0
0.0
0.0
0.0
-1.0
1.0
0.0
0.0
0.0
0.0
0.0
0.0
0.0
0.0
0.0
0.0
0.0
0.0
0.0
0.0
0.0
0.0
1.0
1.0
0.0
0.0
0.0
-1.0
0.0
0.0
1.0
0.0
0.0
0.0
0.0
0.0
1.0
0.0
0.0
0.0
0.0
0.0
0.0
0.0
0.0
0.0
0.0
0.0
0.0
-1.0
0.0
0.0
0.0
0.0
0.0
0.0
1.0
0.0
0.0
0.0
0.0
-1.0
0.0
0.0
0.0
0.0
0.0
0.0
0.0
1.0
-1.0
0.0
0.0
0.0
0.0
0.0
0.0
1.0
1.0
0.0
0.0
-1.0
0.0
0.0
-1.0
0.0
1.0
0.0
0.0
0.0
0.0
0.0
0.0
0.0
0.0
0.0
0.0
0.0
0.0
0.0
0.0
0.0
0.0
0.0
0.0
0.0
0.0
0.0
-1.0
0.0
0.0
0.0
0.0
0.0
0.0
0.0
0.0
0.0
-1.0
0.0
0.0
0.0
0.0
0.0
0.0
0.0
0.0
0.0
0.0
0.0
0.0
0.0
0.0
0.0
-1.0
-1.0
0.0
0.0
0.0
0.0
0.0
0.0
0.0
0.0
0.0
0.0
0.0
0.0
0.0
0.0
0.0
1.0
0.0
0.0
-1.0
0.0
0.0
0.0
0.0
0.0
-1.0
0.0
0.0
0.0
0.0
0.0
0.0
0.0
0.0
0.0
0.0
0.0
0.0
0.0
0.0
0.0
0.0
-1.0
0.0
0.0
0.0
0.0
0.0
0.0
0.0
0.0
0.0
0.0
0.0
0.0
0.0
0.0
0.0
0.0
0.0
1.0
0.0
0.0
0.0
0.0
0.0
0.0
0.0
0.0
0.0
0.0
0.0
0.0
0.0
0.0
0.0
0.0
0.0
0.0
0.0
0.0
0.0
0.0
0.0
0.0
0.0
0.0
0.0
0.0
0.0
0.0
0.0
0.0
0.0
0.0
0.0
0.0
0.0
0.0
0.0
0.0
0.0
0.0
0.0
0.0
0.0
0.0
0.0
0.0
0.0
0.0
0.0
0.0
0.0
0.0
0.0
0.0
0.0
0.0
0.0
0.0
0.0
0.0
0.0
0.0
0.0
0.0
0.0
0.0
0.0
0.0
0.0
0.0
0.0
0.0
0.0
0.0
0.0
0.0
0.0
0.0
0.0
0.0
0.0
0.0
0.0
0.0
0.0
0.0
0.0
0.0
0.0
0.0
0.0
0.0
0.0
0.0
0.0
0.0
0.0
0.0
0.0
0.0
0.0
0.0
0.0
0.0
0.0
0.0
0.0
0.0
0.0
0.0
0.0
0.0
0.0
0.0
0.0
0.0
0.0
0.0
0.0
0.0
0.0
0.0
0.0
0.0
0.0
0.0
0.0
0.0
0.0
0.0
0.0
100.0
54808.0
16.0
606208.0
0.0
0.0
0.0
0.0
0.0
0.0
0.0
0.0
0.0
0.0
0.0
0.0
0.0
0.0
0.0
0.0
0.0
0.0
484.0
53248.0
0.0
0.0
0.0
0.0
