0.13679415
0.012930318
0.007825972
0.0063275197
0.009059533
0.0012867991
0.0014036627
0.0011946067
0.005571801
0.0011141006
0.0014698856
0.0005973033
0.004814784
0.0013673052
0.00226326
0.013174433
0.018804666
0.0028592648
0.001658166
0.0008232398
0.0048939916
0.0024567344
0.00089725346
0.0015438992
0.0028034302
0.0020879647
0.0010089232
0.00066612306
0.0026424178
0.001428334
0.0007245549
0.0018126856
0.0037759957
0.00059470633
0.0004557684
0.0005531548
0.013427638
0.0011530551
0.001388081
0.000802464
0.0012906946
0.0013465295
0.00059600483
0.0005505578
0.001072549
0.00079856854
0.004146064
0.0017672387
0.009597106
0.020919899
0.0032994514
0.0042031975
0.0044577005
0.0031683045
0.0025852844
0.0019892796
0.0017295827
0.0031345438
0.001019311
0.0011868157
0.00069209276
0.0029189952
0.00086868677
0.0013309476
0.004968005
0.002551524
0.003164409
0.008181756
0.0046083247
0.02351687
0.0012218748
0.0017140008
0.0011322793
0.0050277356
0.004113602
0.0024463467
0.00200616
0.009686701
0.01661412
0.0023957056
0.0040279017
0.0019243554
0.004265525
0.008424574
0.003666923
0.010415152
0.0019282509
0.0009167307
0.0011504581
0.0005064093
0.0047680386
0.0011855172
0.0011504581
0.0050212434
0.0012517399
0.015638959
0.0010790414
0.009721761
0.0047563524
0.0092114555
0.0030072923
0.009959383
0.0028774438
0.0014919598
0.0023307814
0.006382056
0.0013179628
0.0005518563
0.002819012
0.0042681214
0.0041447654
0.004683637
0.0031929757
0.0013010824
0.009904847
0.0076987203
0.01977723
0.006604097
0.005571801
0.00089725346
0.0028047285
0.0017165977
0.00120889
0.0005167972
0.0012257702
0.0023749298
0.0013192613
0.0011647415
0.002334677
0.002693059
0.00077259884
0.005648412
0.0032540045
0.0052173147
0.0028735483
0.0007037791
0.001559481
0.0190332
0.0006245715
0.017925592
0.0012179794
0.0060405545
0.0018308645
0.0008401201
0.010941038
0.0012712172
0.0020217418
0.004357717
0.0017815221
0.0027891467
0.00063885486
0.00056743814
0.0014400204
0.0058626616
0.000759614
0.005060198
0.00077909126
0.0020671887
0.0006609291
0.00041551533
0.0033371076
0.00083362765
0.0019074752
0.0017542539
0.0010180126
0.0016283008
0.0014348264
0.00037785925
0.001738672
0.0006063927
0.00062067603
0.0010491762
0.0008790746
0.0007076746
0.0011439656
0.00046745475
0.0014841688
0.0008790746
0.0010660565
0.00071546546
0.0025619117
0.0008401201
0.0029644424
0.0010154156
0.0028774438
0.008125922
0.021996344
0.0028073255
0.007198803
0.0010309975
0.003977261
0.00069209276
0.004403164
0.0027436998
0.0026502088
0.0027398043
0.0022970208
0.00097516255
0.0026969542
0.007002732
0.0016231068
0.0022152162
0.0011673385
0.0008193443
0.001021908
0.0005895124
0.0013465295
0.0005167972
0.0023801238
0.0016594644
0.002397004
0.0018841024
0.0011011156
0.00068560033
0.00095958076
0.0065599484
0.0019217584
0.0052835373
0.0006868988
0.0018074918
0.00094919285
0.0005544533
0.00530691
0.0003479941
0.0017906114
0.0009608792
0.0009452974
0.0007414352
0.0007959716
0.0018542372
0.00059860176
0.00074662914
0.0062846695
0.0025164648
0.0006518397
0.0016244053
0.0027268194
0.00066612306
0.0007414352
0.00065573514
0.0015438992
0.0014049612
0.00077000185
0.00087128376
0.0030553362
0.0009375065
0.0014504083
0.00086089585
0.005523757
0.001198502
0.001784119
0.0011322793
0.0028631603
0.002750192
0.0042252718
0.035710946
0.0
0.0
0.0
0.0
0.0
0.0
0.0
0.0
0.0
0.0
0.0
0.0
0.0
0.0
0.0
0.0
0.0
0.0
0.0
0.0
0.0
0.0
0.0
0.0
0.0
0.0
0.0
0.0
0.0
0.0
0.0
0.0
0.0
0.0
0.0
0.0
0.0
0.0
0.0
0.0
0.0
0.0
0.0
0.0
0.0
0.0
0.0
0.0
0.0068274853
0.00010922936
3.3158914e-05
2.730734e-05
3.3809087e-05
1.4303845e-05
9.752622e-06
0.00017749771
1.0402796e-05
2.0155418e-05
9.752622e-06
6.6968e-05
2.9257864e-05
9.752622e-06
1.9505243e-05
0.00059100887
0.019037116
0.00046422478
0.0005936096
0.00016254369
0.0001443388
0.00027632428
0.00034589297
0.0002704727
0.000119632154
0.00015149072
0.00018009842
0.0001521409
0.00021520785
0.00017489701
0.000115731105
0.00023276257
0.045366593
0.00082507177
0.0017353165
0.0007164926
0.0006651288
0.0005435461
0.0011820177
0.0008647324
0.0006774821
0.00047397742
0.0006982877
0.00046617532
0.0004304157
0.0003712498
0.0004460199
0.00046292442
0.01807876
0.0002964797
0.0008387255
0.00018660015
0.00025031727
0.00027632428
0.0014518403
0.00087188435
0.00025941973
0.00032248668
0.0002776246
0.00016059316
0.00015474159
0.00014563915
0.00011898198
0.0002776246
0.006852192
5.3314332e-05
0.00044732023
0.0003192358
0.00012678409
9.687604e-05
0.0009798134
0.00046032373
9.2324815e-05
5.461468e-05
4.226136e-05
0.00034719333
0.00011833181
8.907395e-05
0.00012938477
0.00044341918
0.008038761
6.111643e-05
0.0008302732
0.0015688717
0.0014193315
0.0034875374
0.007413293
0.004076596
7.7370794e-05
5.201398e-05
2.860769e-05
0.00033093896
0.000120932506
6.0466253e-05
8.7123415e-05
0.00030948318
0.006838538
0.0003452428
0.0025870453
0.011370257
0.015378584
0.02302529
0.041674253
0.030116746
0.00013978757
0.00017619737
0.0001365367
0.000613765
0.00018920086
0.00019375209
0.00034589297
0.0013562646
0.0058756294
0.0013445615
0.00030753267
0.0017886307
0.0020096903
0.0014758967
0.0020252944
0.001369268
0.0003712498
0.00035954666
0.00027437374
0.0015948787
0.0003562958
0.0003582463
0.000561751
0.0012320812
0.0069737746
0.005287871
0.00048242966
0.0051097237
0.0046292446
0.0020317961
0.0018497473
0.0011098484
0.0005045356
0.00055329874
0.00044667008
0.0055752485
0.0008393756
0.0009251987
0.0012333816
0.0023945936
0.0090491325
0.0010838413
0.0012554874
0.0010253256
0.002187838
0.0010162231
0.00075160206
0.0010136225
0.004415337
0.0012619892
0.00040635924
0.001622186
0.0014381866
0.000996718
0.0011254526
0.005971205
0.043065626
0.008081673
0.0109547945
0.004718318
0.02065345
0.011005509
0.0023146223
0.00781445
0.040107332
0.00959918
0.0032352696
0.008419113
0.0127304215
0.0043516196
0.0096531445
0.029660322
0.01826601
0.009326757
0.005910739
0.011868291
0.0178603
0.009055634
0.0025122752
0.0066571394
0.015677014
0.010229199
0.0037957204
0.014188114
0.008123933
0.006826835
0.005681227
0.0111446455
0.012646549
0.019729553
0.0077656875
0.024189102
0.028004978
0.013976807
0.0061435015
0.012534069
0.010206443
0.018211395
0.009980833
0.026625957
0.010093313
0.020016281
0.0047969893
0.012095852
5308.0
24.167295
128280.0
0.0009822263
0.00020268164
7.795447e-05
0.0003429997
0.011521671
0.0004131587
0.00052229495
0.0002650452
0.00049890863
0.00024945432
0.00019488619
0.00022606798
0.0006937948
0.0004755223
0.014483942
0.00031961335
0.0059713125
0.034307763
0.0068054255
0.006251949
0.013143124
0.0074446523
0.0071172435
0.0047942004
0.0050202683
0.0058933585
0.0008730901
0.00018709074
0.00038977238
0.00083411287
0.0002650452
0.00024945432
0.0008263174
0.0009822263
0.0005300904
0.011872467
0.003016838
0.043389462
0.000592454
0.0012472715
0.00035079513
0.026184907
0.00024165887
0.008793265
0.0024321796
0.003188338
0.017797006
0.00084190833
0.0055503584
0.0004131587
0.009471469
0.041736826
0.0068521984
0.001707203
0.0030558154
0.00018709074
0.00019488619
0.0001792953
0.019699095
0.0008574992
0.0003975678
0.0014343624
0.0015434986
0.09030246
0.0005612722
0.054942314
0.017111007
0.051465545
0.013314624
0.049649205
0.011802307
0.006446835
0.009338946
0.035851263
0.0039133145
0.0009822263
0.01210633
0.018685687
0.01926255
0.025241658
0.011529467
0.0006859994
0.038376987
0.03744933
0.096195824
0.018140007
0.00950265
0.0015668849
0.010500467
0.00635329
0.0004287496
0.00010134082
0.0003741815
0.0009042719
0.00019488619
0.0001325226
5.2011933
0.0
0.0
0.0
1.0
770128.0
319488.0
0.0
0.0
76.0
0.0
1.0
0.0
0.0
3644.0
1393483300.0
0.0
0.0
0.0
0.0
0.0
1.0
0.0
0.0
0.0
0.0
0.0
0.0
-1.0
0.0
0.0
-1.0
1.0
0.0
0.0
0.0
0.0
0.0
0.0
0.0
0.0
0.0
0.0
0.0
-1.0
0.0
0.0
0.0
0.0
0.0
0.0
0.0
0.0
0.0
0.0
0.0
0.0
-1.0
0.0
0.0
0.0
0.0
0.0
0.0
0.0
0.0
1.0
0.0
2.0
56.0
4.0
0.0
4.0
0.0
245760.0
1024.0
4096.0
6.0
1.0
0.0
1.0
5.0
0.0
0.0
0.0
0.0
0.0
0.0
0.0
0.0
0.0
0.0
0.0
0.0
0.0
0.0
9728.0
0.0
0.0
0.0
0.0
0.0
0.0
0.0
0.0
0.0
0.0
0.0
0.0
0.0
0.0
0.0
0.0
0.0
-1024.0
0.0
0.0
0.0
0.0
0.0
0.0
0.0
0.0
-245760.0
-2560.0
26624.0
0.0
0.0
0.0
0.0
0.0
0.0
0.0
0.0
0.0
0.0
0.0
0.0
0.0
0.0
0.0
0.0
0.0
0.0
0.0
0.0
5.1368194
0.0
0.0
0.0
0.0
0.0
0.0
0.0
0.0
0.0
0.0
0.0
0.0
0.0
0.0
0.0
0.0
0.0
-1.0677483
0.0
0.0
0.0
0.0
0.0
0.0
0.0
0.0
-6.0850806
-4.7209964
4.742447
0.0
0.0
0.0
0.0
0.0
0.0
0.0
0.0
0.0
0.0
0.0
0.0
0.0
0.0
0.0
0.0
0.0
0.0
0.0
0.0
9384.0
0.0
0.0
0.0
0.0
0.0
0.0
0.0
0.0
0.0
0.0
0.0
0.0
0.0
0.0
18576.0
0.0
0.0
-608.0
0.0
0.0
0.0
0.0
0.0
0.0
0.0
0.0
-245368.0
-2212.0
26552.0
0.0
0.0
0.0
0.0
0.0
0.0
0.0
0.0
0.0
-1.0
0.0
0.0
0.0
0.0
0.0
1.0
0.0
0.0
0.0
0.0
0.0
0.0
0.0
0.0
0.0
0.0
0.0
0.0
0.0
0.0
0.0
0.0
0.0
0.0
0.0
0.0
0.0
0.0
0.0
0.0
0.0
0.0
0.0
0.0
0.0
-2.0
0.0
0.0
0.0
1.0
0.0
0.0
0.0
0.0
0.0
0.0
1.0
0.0
0.0
0.0
0.0
0.0
0.0
0.0
0.0
0.0
0.0
0.0
0.0
-1.0
0.0
0.0
0.0
0.0
0.0
0.0
0.0
0.0
0.0
1.0
0.0
0.0
0.0
0.0
1.0
0.0
0.0
0.0
0.0
0.0
0.0
0.0
0.0
1.0
0.0
0.0
0.0
0.0
0.0
0.0
0.0
0.0
0.0
0.0
0.0
0.0
0.0
0.0
0.0
0.0
0.0
0.0
0.0
0.0
0.0
0.0
0.0
0.0
0.0
0.0
0.0
0.0
0.0
0.0
0.0
0.0
0.0
0.0
0.0
0.0
0.0
0.0
0.0
0.0
0.0
0.0
0.0
0.0
0.0
0.0
0.0
0.0
0.0
0.0
0.0
0.0
0.0
0.0
0.0
0.0
0.0
0.0
0.0
0.0
0.0
0.0
0.0
0.0
0.0
0.0
0.0
0.0
0.0
0.0
0.0
0.0
0.0
0.0
0.0
0.0
0.0
0.0
0.0
0.0
0.0
0.0
0.0
0.0
0.0
0.0
0.0
0.0
0.0
0.0
0.0
0.0
0.0
0.0
0.0
0.0
0.0
0.0
0.0
0.0
0.0
0.0
0.0
0.0
0.0
0.0
0.0
0.0
0.0
0.0
0.0
0.0
0.0
0.0
0.0
0.0
0.0
0.0
0.0
0.0
0.0
0.0
0.0
0.0
0.0
0.0
0.0
0.0
0.0
1.0
0.0
0.0
0.0
0.0
0.0
0.0
0.0
0.0
0.0
0.0
0.0
0.0
0.0
0.0
0.0
0.0
0.0
0.0
0.0
0.0
0.0
0.0
0.0
0.0
0.0
0.0
0.0
0.0
0.0
0.0
0.0
0.0
0.0
0.0
0.0
0.0
0.0
0.0
0.0
0.0
0.0
0.0
0.0
0.0
0.0
0.0
0.0
0.0
0.0
0.0
0.0
0.0
0.0
0.0
0.0
0.0
0.0
0.0
0.0
0.0
0.0
0.0
0.0
0.0
0.0
0.0
0.0
0.0
0.0
0.0
0.0
0.0
0.0
0.0
0.0
0.0
0.0
0.0
0.0
0.0
0.0
0.0
0.0
1.0
0.0
0.0
0.0
0.0
0.0
0.0
0.0
0.0
0.0
0.0
0.0
0.0
0.0
0.0
0.0
0.0
0.0
0.0
0.0
0.0
0.0
0.0
0.0
0.0
0.0
0.0
0.0
0.0
0.0
-1.0
0.0
0.0
0.0
0.0
0.0
0.0
0.0
0.0
0.0
0.0
0.0
0.0
0.0
0.0
0.0
0.0
0.0
0.0
0.0
0.0
0.0
0.0
0.0
0.0
0.0
1.0
0.0
0.0
0.0
0.0
0.0
0.0
0.0
0.0
0.0
0.0
0.0
0.0
0.0
0.0
0.0
0.0
0.0
0.0
0.0
0.0
0.0
0.0
0.0
-1.0
0.0
0.0
0.0
0.0
0.0
0.0
0.0
0.0
0.0
0.0
0.0
0.0
0.0
0.0
0.0
0.0
0.0
0.0
0.0
0.0
0.0
-1.0
0.0
1.0
0.0
-1.0
-2.0
-1.0
0.0
0.0
0.0
0.0
0.0
0.0
0.0
0.0
0.0
1.0
0.0
0.0
0.0
0.0
0.0
0.0
0.0
0.0
0.0
0.0
0.0
0.0
0.0
0.0
0.0
0.0
0.0
0.0
0.0
0.0
0.0
0.0
0.0
0.0
0.0
0.0
0.0
0.0
0.0
0.0
0.0
0.0
0.0
0.0
0.0
0.0
0.0
0.0
0.0
0.0
0.0
0.0
0.0
0.0
0.0
0.0
0.0
1.0
0.0
0.0
0.0
0.0
0.0
0.0
0.0
0.0
0.0
0.0
0.0
0.0
0.0
0.0
0.0
0.0
0.0
0.0
0.0
0.0
0.0
0.0
0.0
0.0
0.0
0.0
0.0
0.0
0.0
0.0
0.0
0.0
0.0
0.0
0.0
0.0
0.0
0.0
0.0
0.0
0.0
0.0
0.0
0.0
-1.0
0.0
0.0
0.0
0.0
-1.0
0.0
0.0
0.0
0.0
0.0
0.0
0.0
0.0
0.0
0.0
0.0
0.0
0.0
0.0
0.0
0.0
0.0
0.0
0.0
0.0
0.0
0.0
0.0
0.0
0.0
0.0
0.0
0.0
0.0
0.0
0.0
0.0
0.0
0.0
0.0
0.0
0.0
0.0
0.0
0.0
0.0
0.0
0.0
0.0
0.0
0.0
0.0
0.0
0.0
0.0
0.0
0.0
0.0
0.0
0.0
0.0
0.0
0.0
0.0
0.0
0.0
0.0
0.0
0.0
0.0
0.0
0.0
0.0
0.0
0.0
0.0
0.0
0.0
0.0
0.0
0.0
1.0
0.0
0.0
0.0
0.0
0.0
0.0
0.0
0.0
0.0
0.0
0.0
0.0
0.0
0.0
0.0
0.0
-1.0
0.0
0.0
0.0
0.0
0.0
0.0
0.0
0.0
0.0
0.0
0.0
0.0
0.0
0.0
0.0
0.0
0.0
-1.0
0.0
0.0
-1.0
0.0
0.0
0.0
-1.0
0.0
0.0
0.0
0.0
1.0
0.0
0.0
0.0
0.0
0.0
0.0
0.0
0.0
0.0
0.0
0.0
0.0
0.0
0.0
0.0
0.0
0.0
0.0
0.0
0.0
0.0
0.0
0.0
0.0
0.0
0.0
0.0
0.0
0.0
0.0
0.0
0.0
0.0
0.0
0.0
0.0
0.0
0.0
0.0
0.0
1.0
0.0
0.0
0.0
0.0
0.0
0.0
0.0
0.0
1.0
0.0
0.0
0.0
0.0
0.0
0.0
0.0
0.0
0.0
0.0
0.0
0.0
0.0
0.0
0.0
0.0
0.0
0.0
0.0
0.0
0.0
0.0
0.0
0.0
1.0
0.0
0.0
0.0
0.0
0.0
0.0
0.0
0.0
0.0
0.0
0.0
0.0
0.0
0.0
0.0
0.0
0.0
0.0
0.0
0.0
0.0
0.0
0.0
0.0
0.0
0.0
0.0
0.0
0.0
0.0
0.0
0.0
0.0
0.0
0.0
0.0
0.0
0.0
0.0
0.0
0.0
0.0
0.0
0.0
0.0
0.0
0.0
0.0
0.0
0.0
0.0
0.0
0.0
0.0
0.0
0.0
0.0
0.0
0.0
0.0
0.0
0.0
0.0
0.0
0.0
0.0
0.0
0.0
0.0
0.0
0.0
0.0
-1.0
0.0
0.0
0.0
0.0
-1.0
0.0
0.0
0.0
0.0
0.0
0.0
0.0
1.0
0.0
0.0
0.0
0.0
0.0
0.0
0.0
0.0
0.0
0.0
0.0
0.0
0.0
0.0
0.0
0.0
0.0
0.0
0.0
0.0
0.0
-1.0
0.0
0.0
0.0
0.0
0.0
0.0
0.0
0.0
0.0
0.0
0.0
-1.0
0.0
0.0
0.0
0.0
0.0
0.0
0.0
0.0
0.0
0.0
0.0
0.0
0.0
0.0
0.0
0.0
0.0
1.0
0.0
0.0
0.0
0.0
0.0
0.0
0.0
-1.0
0.0
0.0
0.0
0.0
0.0
0.0
0.0
0.0
0.0
0.0
0.0
0.0
0.0
0.0
0.0
0.0
0.0
0.0
0.0
0.0
0.0
0.0
0.0
0.0
0.0
0.0
0.0
0.0
0.0
0.0
0.0
0.0
0.0
0.0
0.0
0.0
0.0
0.0
0.0
0.0
0.0
0.0
0.0
0.0
-1.0
0.0
0.0
0.0
0.0
0.0
0.0
0.0
0.0
0.0
0.0
0.0
0.0
0.0
0.0
0.0
0.0
0.0
0.0
0.0
-1.0
0.0
0.0
0.0
-1.0
0.0
0.0
0.0
0.0
0.0
0.0
0.0
-1.0
0.0
0.0
0.0
0.0
0.0
0.0
0.0
0.0
0.0
-1.0
0.0
0.0
0.0
0.0
0.0
0.0
0.0
0.0
0.0
0.0
0.0
0.0
1.0
0.0
0.0
0.0
-1.0
0.0
0.0
-1.0
-1.0
0.0
0.0
0.0
0.0
0.0
0.0
0.0
0.0
0.0
0.0
0.0
0.0
0.0
0.0
0.0
0.0
0.0
0.0
0.0
0.0
0.0
0.0
0.0
0.0
0.0
0.0
0.0
0.0
0.0
0.0
0.0
0.0
0.0
0.0
0.0
1.0
0.0
0.0
0.0
-1.0
0.0
0.0
0.0
0.0
0.0
0.0
0.0
0.0
0.0
0.0
0.0
0.0
-1.0
0.0
0.0
0.0
0.0
0.0
1.0
0.0
0.0
0.0
0.0
0.0
0.0
0.0
0.0
0.0
0.0
0.0
0.0
0.0
0.0
0.0
0.0
0.0
0.0
0.0
0.0
0.0
0.0
0.0
0.0
0.0
0.0
0.0
1.0
0.0
0.0
0.0
0.0
0.0
0.0
0.0
0.0
0.0
0.0
0.0
0.0
0.0
-1.0
0.0
0.0
0.0
-1.0
0.0
1.0
0.0
0.0
1.0
1.0
0.0
0.0
0.0
0.0
0.0
0.0
0.0
0.0
0.0
0.0
0.0
1.0
0.0
0.0
0.0
0.0
0.0
0.0
0.0
1.0
0.0
0.0
0.0
1.0
0.0
0.0
0.0
0.0
0.0
-1.0
0.0
0.0
0.0
0.0
0.0
0.0
0.0
0.0
0.0
0.0
0.0
0.0
0.0
0.0
0.0
1.0
0.0
0.0
1.0
0.0
0.0
0.0
0.0
0.0
0.0
0.0
0.0
0.0
0.0
0.0
1.0
0.0
0.0
0.0
0.0
0.0
0.0
0.0
0.0
-1.0
0.0
0.0
0.0
0.0
0.0
0.0
0.0
0.0
0.0
1.0
0.0
0.0
0.0
0.0
2.0
0.0
0.0
0.0
0.0
0.0
0.0
0.0
0.0
0.0
0.0
0.0
0.0
0.0
0.0
0.0
0.0
0.0
0.0
0.0
0.0
0.0
0.0
0.0
0.0
1.0
0.0
0.0
0.0
0.0
0.0
0.0
0.0
1.0
0.0
0.0
0.0
0.0
0.0
0.0
0.0
0.0
0.0
-1.0
0.0
0.0
0.0
0.0
0.0
0.0
0.0
0.0
0.0
0.0
0.0
0.0
0.0
0.0
0.0
-1.0
0.0
-1.0
0.0
0.0
0.0
0.0
0.0
0.0
0.0
0.0
1.0
0.0
0.0
0.0
0.0
0.0
0.0
0.0
0.0
0.0
0.0
0.0
0.0
1.0
0.0
0.0
0.0
0.0
0.0
0.0
0.0
0.0
0.0
0.0
0.0
0.0
0.0
0.0
0.0
0.0
0.0
0.0
0.0
0.0
0.0
0.0
0.0
0.0
-1.0
0.0
0.0
0.0
0.0
0.0
0.0
0.0
0.0
0.0
0.0
0.0
0.0
0.0
0.0
0.0
0.0
0.0
0.0
0.0
0.0
0.0
0.0
0.0
0.0
0.0
0.0
0.0
1.0
0.0
0.0
0.0
0.0
0.0
0.0
0.0
0.0
0.0
0.0
0.0
0.0
0.0
-2.0
0.0
0.0
0.0
0.0
0.0
0.0
0.0
0.0
0.0
0.0
0.0
0.0
1.0
0.0
0.0
0.0
0.0
0.0
0.0
0.0
0.0
0.0
0.0
0.0
-1.0
0.0
0.0
0.0
1.0
0.0
0.0
0.0
0.0
0.0
0.0
0.0
0.0
0.0
0.0
0.0
0.0
0.0
0.0
0.0
1.0
0.0
0.0
0.0
0.0
0.0
0.0
0.0
0.0
0.0
0.0
0.0
0.0
0.0
0.0
1.0
0.0
0.0
0.0
0.0
0.0
0.0
0.0
0.0
0.0
0.0
0.0
0.0
0.0
0.0
0.0
0.0
0.0
0.0
0.0
0.0
0.0
0.0
0.0
0.0
0.0
0.0
0.0
0.0
0.0
0.0
0.0
0.0
0.0
0.0
0.0
0.0
0.0
0.0
0.0
0.0
0.0
0.0
0.0
0.0
0.0
0.0
0.0
0.0
0.0
0.0
0.0
0.0
0.0
0.0
0.0
0.0
0.0
0.0
0.0
0.0
0.0
0.0
0.0
0.0
0.0
0.0
0.0
0.0
0.0
0.0
0.0
0.0
0.0
0.0
0.0
0.0
0.0
0.0
0.0
0.0
0.0
0.0
0.0
0.0
0.0
0.0
0.0
0.0
0.0
0.0
0.0
0.0
0.0
0.0
0.0
0.0
0.0
0.0
0.0
0.0
0.0
0.0
0.0
0.0
0.0
0.0
0.0
0.0
0.0
0.0
0.0
0.0
0.0
0.0
0.0
0.0
0.0
0.0
0.0
0.0
0.0
0.0
0.0
0.0
0.0
0.0
0.0
0.0
0.0
0.0
0.0
0.0
0.0
2212.0
286720.0
26552.0
290816.0
0.0
0.0
0.0
0.0
0.0
0.0
0.0
0.0
0.0
0.0
0.0
0.0
0.0
0.0
0.0
0.0
0.0
0.0
0.0
0.0
0.0
0.0
0.0
0.0
