0.008038068
0.00016676645
9.059374e-05
8.282856e-05
0.00014716861
6.9516835e-05
3.2909564e-05
3.6607267e-05
0.00018414565
3.5128185e-05
4.2153824e-05
2.5883926e-05
0.00011462882
4.917946e-05
2.1816453e-05
8.467742e-05
0.00010649387
1.7009437e-05
1.2202423e-05
1.2941963e-05
3.919566e-05
5.509579e-05
1.1462882e-05
1.035357e-05
3.5128185e-05
9.983801e-06
8.134948e-06
8.134948e-06
2.1076912e-05
9.61403e-06
9.61403e-06
1.2572193e-05
0.00017009438
1.2941963e-05
9.61403e-06
1.51605855e-05
8.61565e-05
1.7379209e-05
8.134948e-06
4.4372446e-06
2.0337371e-05
1.8118748e-05
4.807015e-06
2.1816453e-05
1.18326525e-05
8.874489e-06
4.5851528e-05
5.9163262e-06
4.511199e-05
1.18326525e-05
1.848852e-05
8.097971e-05
2.070714e-05
2.7363008e-05
1.4790815e-05
1.035357e-05
2.958163e-05
2.847232e-05
1.6639668e-05
5.62051e-05
2.1446682e-05
1.7748978e-05
1.1093111e-05
1.18326525e-05
0.00032133047
4.2523596e-05
1.922806e-05
3.1800253e-05
9.724961e-05
0.00014938724
6.1381885e-05
4.3632906e-05
4.4002674e-05
3.1800253e-05
1.2941963e-05
8.874489e-06
2.921186e-05
8.837512e-05
1.848852e-05
1.7379209e-05
0.00010427525
3.882589e-05
4.2523596e-05
6.877729e-05
2.7363008e-05
6.655867e-05
6.1381885e-05
5.5465556e-05
2.2186223e-05
5.5465556e-05
8.504719e-06
1.848852e-05
2.1446682e-05
3.1060714e-05
3.882589e-05
3.1060714e-05
1.4790815e-05
9.798915e-05
1.4051275e-05
3.9935203e-05
4.917946e-05
0.0001822968
4.141428e-05
2.5144385e-05
6.803775e-05
9.3551906e-05
6.581913e-05
1.7009437e-05
7.099591e-05
2.810255e-05
7.9500634e-05
0.00010094731
8.911466e-05
6.2860963e-06
0.000107603184
7.765178e-05
0.00023813212
0.00019745738
3.0690942e-05
3.143048e-05
4.6591067e-05
2.1076912e-05
7.3954075e-06
1.7748978e-05
3.919566e-05
4.4002674e-05
1.2202423e-05
9.61403e-06
9.798915e-05
3.3279335e-05
1.18326525e-05
0.00025255317
4.3632906e-05
0.00011462882
4.4372446e-06
6.2860963e-06
5.805395e-05
0.00014199183
4.4742217e-05
0.00035276095
1.035357e-05
0.00012683125
1.4051275e-05
2.4404846e-05
0.9818439
5.176785e-06
2.9581631e-06
5.5465557e-06
8.874489e-06
3.0690942e-05
1.2202423e-05
1.1093111e-05
6.2860963e-06
5.9163262e-06
2.2186223e-06
4.807015e-06
5.5465557e-06
1.1093111e-06
5.9163262e-06
4.2153824e-05
2.7732778e-05
2.3665305e-05
8.504719e-06
2.0337371e-05
6.655867e-06
8.134948e-06
3.6977037e-06
2.5883926e-06
1.2572193e-05
5.5465557e-06
3.6977037e-06
4.807015e-06
5.176785e-06
7.395408e-07
1.4790816e-06
1.8488519e-06
8.134948e-06
1.8488519e-06
2.9581631e-06
1.51605855e-05
3.5497957e-05
3.3279334e-06
9.24426e-06
1.4421045e-05
1.922806e-05
4.807015e-06
7.3954075e-06
5.5465557e-06
5.5465557e-06
8.504719e-06
1.7748978e-05
1.1093111e-05
9.909846e-05
5.509579e-05
1.7009437e-05
8.24588e-05
6.397028e-05
4.4372446e-06
2.7732778e-05
7.1735456e-05
2.847232e-05
2.4404846e-05
7.0256374e-06
6.2860963e-06
2.958163e-05
3.6977037e-06
7.765178e-06
9.983801e-06
1.3681504e-05
1.6639668e-05
2.0337371e-05
1.1462882e-05
8.504719e-06
2.9581631e-06
4.807015e-06
4.807015e-06
2.0337371e-05
3.6977037e-06
7.0256374e-06
1.0723341e-05
1.2572193e-05
1.4790816e-06
4.807015e-06
4.807015e-06
2.884209e-05
9.24426e-06
3.6977037e-06
3.3279334e-06
1.959783e-05
7.765178e-06
1.1093111e-05
4.4372446e-06
0.000149757
4.141428e-05
7.0256374e-06
9.5400756e-05
5.2877163e-05
3.3279334e-06
6.655867e-06
1.1093111e-05
5.2877163e-05
9.983801e-06
2.2186223e-06
2.070714e-05
4.733061e-05
3.3279334e-06
4.5481756e-05
6.9516835e-05
9.61403e-05
2.6623467e-05
1.4051275e-05
1.5900127e-05
0.00010390548
1.6269896e-05
2.847232e-05
0.0005043668
0.0022735884
0.0
0.0
0.0
0.0
0.0
0.0
0.0
0.0
0.9818113
0.0
0.0
0.0
0.0
0.0
0.0
0.0003530279
0.0
1.2951757e-06
1.4802008e-06
2.2203012e-06
1.2951757e-06
1.3691858e-05
5.7357784e-06
0.0
0.0
0.0
1.850251e-07
0.0
0.0
0.0
0.0
0.0
0.0
0.0
0.0
0.0
0.0
0.0
0.0
0.0
0.0
0.0
0.0
0.0
0.0
0.0
0.0
0.00033508046
2.9604016e-06
3.700502e-06
3.700502e-07
3.3304518e-06
6.4758788e-06
9.2512555e-06
4.2555776e-06
9.251255e-07
5.550753e-07
5.550753e-07
9.251255e-07
1.2951757e-06
3.700502e-07
2.035276e-06
6.845929e-06
0.00050160306
1.850251e-07
3.700502e-07
5.550753e-07
1.0916481e-05
6.2908534e-06
2.9974068e-05
1.6837284e-05
0.0
0.0001894657
1.850251e-07
7.401004e-07
3.700502e-07
1.850251e-07
1.850251e-07
0.0
0.00031454267
9.2512555e-06
8.326129e-06
8.881205e-06
4.2555776e-06
2.9604016e-06
6.6609036e-06
2.035276e-06
7.771055e-06
1.2951757e-06
3.515477e-06
5.550753e-07
1.1101506e-06
2.035276e-06
1.1101506e-06
4.6256278e-06
0.0007969031
3.700502e-06
3.9410348e-05
1.9427636e-05
5.328723e-05
2.7753766e-05
0.00011860109
5.4212356e-05
7.030954e-06
1.1101506e-06
5.550753e-07
2.2203012e-06
2.4053263e-06
5.550753e-07
2.2203012e-06
7.401004e-06
0.0004547917
2.2203012e-06
4.5886227e-05
1.1286531e-05
1.887256e-05
1.42469335e-05
0.00014172924
6.0318183e-05
1.2951757e-06
1.1101506e-06
7.401004e-07
1.1101506e-06
1.1101506e-06
1.1101506e-06
9.251255e-07
1.1101506e-06
0.0011985926
3.089919e-05
4.8476577e-05
4.9216676e-05
5.3842305e-05
4.12606e-05
0.00011730591
0.00010009858
8.1411046e-05
1.3506833e-05
9.991356e-06
9.621305e-06
2.867889e-05
8.326129e-06
2.534844e-05
7.808059e-05
0.0007310342
8.881205e-06
6.2538486e-05
4.311085e-05
0.00010361406
5.0141804e-05
0.0002610704
0.00015893657
2.8863917e-05
4.6256278e-06
2.4053263e-06
9.80633e-06
7.771055e-06
2.9604016e-06
4.4406024e-06
3.552482e-05
0.0
0.0
0.0
0.0
0.0
0.0
0.0
0.0
0.0
0.0
0.0
0.0
0.0
0.0
0.0
0.0
9.639808e-05
4.6256278e-06
2.4423314e-05
1.3691858e-05
2.1647937e-05
1.2396682e-05
0.00010250391
7.234482e-05
1.0176381e-05
4.8106526e-06
2.4053263e-06
1.850251e-06
2.4053263e-06
2.7753765e-06
2.035276e-06
4.4406024e-06
0.000191686
1.9797686e-05
8.511155e-06
7.5860294e-06
5.643266e-05
4.4035976e-05
1.3506833e-05
2.2203012e-05
0.0001282224
1.9427636e-05
4.995678e-06
9.43628e-06
4.2925825e-05
4.070552e-06
5.180703e-05
0.00013321807
0.0010409512
0.0001452447
0.00010139376
0.00012785234
0.0003965088
0.0002594052
8.714682e-05
0.00023017122
0.00062260946
7.6600394e-05
4.5886227e-05
6.2538486e-05
0.00023831234
5.6062607e-05
0.00020426771
0.0004732942
0.0007952379
0.00014857516
0.00011379044
0.00013913888
0.00029011935
0.00021999485
7.8820696e-05
0.00024552832
0.000449611
4.5886227e-05
6.549888e-05
7.067959e-05
0.0002114837
6.993949e-05
0.00015949164
0.0003065866
0.0
0.0
0.0
0.0
0.0
0.0
0.0
0.0
0.0
0.0
0.0
0.0
0.0
0.0
0.0
0.0
244.0
17.40164
4246.0
0.06877061
0.002119642
0.00070654735
0.00023551578
0.0009420631
0.0014130947
0.0
0.00023551578
0.0049458314
0.0044747996
0.0
0.00047103156
0.0
0.003061705
0.023787094
0.0011775789
0.009891663
0.0037682524
0.0077720205
0.013659915
0.003297221
0.0040037683
0.00612341
0.003061705
0.0035327368
0.003061705
0.002119642
0.00047103156
0.00023551578
0.00023551578
0.00023551578
0.00047103156
0.0025906735
0.010127178
0.003297221
0.008714084
0.013424399
0.008243052
0.0073009892
0.0073009892
0.0058878944
0.0037682524
0.0009420631
0.0014130947
0.0035327368
0.0068299575
0.0025906735
0.003297221
0.009185116
0.00070654735
0.008243052
0.013424399
0.0044747996
0.003061705
0.005181347
0.010127178
0.0011775789
0.00070654735
0.00070654735
0.00047103156
0.004239284
0.00047103156
0.00047103156
0.00070654735
0.0016486105
0.053226568
0.005652379
0.02119642
0.019076778
0.102213845
0.009185116
0.011304758
0.013188884
0.049929347
0.0011775789
0.006594442
0.035562884
0.015308525
0.04404145
0.05416863
0.019783325
0.0
0.04757419
0.036504947
0.050635893
0.022373999
0.0068299575
0.008714084
0.020489873
0.0049458314
0.0023551579
0.008243052
0.0
0.0
0.0
0.0011775789
5.3398066
2.0
0.0
0.0
1.0
2704381.0
57344.0
0.0
0.0
54.0
0.0
1.0
0.0
0.0
0.0
1083884500.0
0.0
0.0
0.0
0.0
0.0
1.0
0.0
0.0
0.0
0.0
0.0
0.0
-1.0
0.0
-1.0
-1.0
0.0
0.0
0.0
0.0
0.0
0.0
0.0
0.0
0.0
0.0
0.0
0.0
-1.0
0.0
0.0
0.0
0.0
0.0
0.0
0.0
0.0
0.0
0.0
0.0
0.0
-1.0
0.0
0.0
0.0
0.0
0.0
0.0
0.0
0.0
0.0
0.0
6.0
0.0
4.0
0.0
4.0
0.0
24576.0
4096.0
4096.0
5.0
0.0
0.0
1.0
1.0
0.0
0.0
4096.0
0.0
0.0
0.0
0.0
0.0
0.0
0.0
0.0
0.0
0.0
0.0
4096.0
0.0
0.0
0.0
0.0
0.0
0.0
0.0
0.0
0.0
0.0
0.0
0.0
0.0
0.0
0.0
0.0
0.0
-8192.0
0.0
0.0
0.0
0.0
0.0
0.0
0.0
0.0
-24576.0
0.0
4096.0
0.0
0.0
0.0
0.0
0.0
0.0
0.0
0.0
0.0
0.0
0.0
0.0
0.0
0.0
0.0
0.0
0.0
0.0
0.0
0.0
5.6636963
0.0
0.0
0.0
0.0
0.0
0.0
0.0
0.0
0.0
0.0
0.0
0.0
0.0
0.0
0.0
0.0
0.0
-3.55594
0.0
0.0
0.0
0.0
0.0
0.0
0.0
0.0
-6.5496798
0.0
3.7997313
0.0
0.0
0.0
0.0
0.0
0.0
0.0
0.0
3942.0
0.0
0.0
0.0
0.0
0.0
0.0
0.0
0.0
0.0
0.0
0.0
2476.0
0.0
0.0
0.0
0.0
0.0
0.0
0.0
0.0
0.0
0.0
0.0
0.0
0.0
0.0
0.0
0.0
0.0
-13432.0
0.0
0.0
0.0
0.0
0.0
0.0
0.0
0.0
-23376.0
0.0
2392.0
0.0
0.0
0.0
0.0
0.0
0.0
0.0
0.0
0.0
-1.0
0.0
0.0
0.0
0.0
0.0
1.0
0.0
0.0
0.0
0.0
0.0
0.0
0.0
0.0
0.0
0.0
0.0
0.0
0.0
0.0
0.0
0.0
0.0
0.0
0.0
0.0
0.0
0.0
0.0
0.0
0.0
0.0
0.0
0.0
0.0
-2.0
0.0
0.0
0.0
1.0
0.0
0.0
0.0
0.0
0.0
0.0
0.0
0.0
0.0
0.0
0.0
0.0
0.0
0.0
0.0
0.0
0.0
0.0
0.0
-1.0
0.0
0.0
0.0
0.0
0.0
0.0
0.0
0.0
0.0
1.0
0.0
0.0
0.0
0.0
1.0
0.0
0.0
0.0
0.0
0.0
0.0
0.0
0.0
0.0
0.0
0.0
0.0
0.0
0.0
0.0
0.0
0.0
0.0
0.0
0.0
0.0
0.0
0.0
0.0
0.0
0.0
0.0
0.0
0.0
0.0
0.0
0.0
0.0
0.0
0.0
0.0
0.0
0.0
0.0
0.0
0.0
0.0
0.0
0.0
0.0
0.0
0.0
0.0
0.0
0.0
0.0
-1.0
0.0
0.0
0.0
0.0
0.0
0.0
0.0
0.0
0.0
0.0
0.0
0.0
0.0
0.0
0.0
0.0
0.0
0.0
0.0
0.0
0.0
0.0
0.0
0.0
0.0
0.0
0.0
0.0
0.0
0.0
0.0
0.0
0.0
0.0
0.0
0.0
0.0
0.0
0.0
0.0
0.0
0.0
0.0
0.0
0.0
0.0
0.0
0.0
0.0
0.0
0.0
0.0
0.0
0.0
0.0
0.0
0.0
0.0
0.0
0.0
0.0
0.0
0.0
0.0
0.0
0.0
0.0
0.0
0.0
-1.0
0.0
0.0
0.0
0.0
0.0
0.0
0.0
0.0
0.0
0.0
0.0
0.0
0.0
0.0
0.0
0.0
1.0
0.0
0.0
0.0
0.0
0.0
0.0
0.0
0.0
0.0
0.0
0.0
0.0
0.0
0.0
0.0
0.0
0.0
0.0
0.0
0.0
0.0
0.0
0.0
0.0
0.0
0.0
0.0
0.0
0.0
0.0
0.0
0.0
0.0
0.0
0.0
0.0
0.0
0.0
0.0
0.0
0.0
0.0
0.0
0.0
0.0
0.0
0.0
0.0
0.0
0.0
0.0
0.0
0.0
0.0
0.0
0.0
0.0
0.0
0.0
0.0
0.0
0.0
0.0
0.0
0.0
0.0
0.0
0.0
0.0
0.0
0.0
0.0
0.0
0.0
0.0
0.0
0.0
0.0
0.0
0.0
0.0
0.0
0.0
0.0
0.0
0.0
0.0
0.0
0.0
0.0
0.0
0.0
0.0
0.0
0.0
0.0
0.0
0.0
0.0
0.0
0.0
0.0
0.0
0.0
0.0
0.0
0.0
0.0
0.0
0.0
0.0
0.0
0.0
0.0
0.0
0.0
0.0
0.0
0.0
0.0
0.0
0.0
0.0
0.0
0.0
0.0
0.0
0.0
0.0
0.0
0.0
0.0
0.0
0.0
0.0
0.0
0.0
0.0
0.0
0.0
0.0
0.0
0.0
0.0
0.0
0.0
0.0
0.0
0.0
0.0
0.0
0.0
0.0
0.0
0.0
0.0
0.0
0.0
0.0
0.0
0.0
0.0
0.0
0.0
0.0
0.0
0.0
0.0
0.0
0.0
0.0
0.0
0.0
0.0
0.0
0.0
0.0
0.0
0.0
0.0
0.0
0.0
0.0
0.0
0.0
-1.0
0.0
0.0
0.0
0.0
0.0
0.0
0.0
0.0
0.0
0.0
0.0
0.0
0.0
0.0
0.0
0.0
0.0
0.0
0.0
0.0
0.0
0.0
0.0
0.0
0.0
0.0
0.0
0.0
0.0
0.0
0.0
0.0
0.0
0.0
0.0
0.0
1.0
0.0
0.0
0.0
0.0
0.0
0.0
0.0
0.0
0.0
0.0
0.0
0.0
0.0
0.0
0.0
0.0
0.0
0.0
0.0
0.0
0.0
1.0
0.0
0.0
0.0
0.0
1.0
0.0
0.0
0.0
0.0
0.0
0.0
0.0
0.0
0.0
0.0
0.0
0.0
0.0
0.0
0.0
0.0
1.0
0.0
0.0
0.0
0.0
0.0
0.0
0.0
0.0
0.0
0.0
0.0
0.0
0.0
0.0
0.0
0.0
0.0
0.0
0.0
0.0
0.0
0.0
0.0
0.0
0.0
0.0
0.0
0.0
0.0
0.0
0.0
0.0
0.0
0.0
0.0
0.0
0.0
0.0
0.0
0.0
0.0
0.0
0.0
0.0
-1.0
0.0
0.0
0.0
0.0
0.0
0.0
0.0
0.0
0.0
0.0
0.0
0.0
0.0
0.0
0.0
0.0
0.0
0.0
0.0
0.0
0.0
0.0
0.0
0.0
0.0
0.0
0.0
0.0
0.0
0.0
0.0
0.0
0.0
0.0
0.0
0.0
0.0
0.0
0.0
0.0
0.0
0.0
0.0
0.0
0.0
0.0
0.0
-1.0
0.0
0.0
0.0
0.0
0.0
0.0
0.0
0.0
0.0
0.0
0.0
0.0
0.0
0.0
0.0
0.0
0.0
0.0
0.0
0.0
0.0
0.0
0.0
0.0
0.0
0.0
0.0
0.0
0.0
0.0
1.0
0.0
0.0
0.0
0.0
0.0
0.0
0.0
0.0
0.0
0.0
0.0
0.0
0.0
0.0
0.0
0.0
0.0
0.0
0.0
0.0
0.0
0.0
0.0
0.0
0.0
0.0
0.0
-1.0
0.0
0.0
0.0
0.0
0.0
0.0
0.0
0.0
0.0
0.0
0.0
0.0
0.0
0.0
0.0
0.0
0.0
0.0
0.0
0.0
0.0
0.0
0.0
0.0
0.0
0.0
0.0
0.0
0.0
0.0
0.0
0.0
0.0
0.0
0.0
0.0
0.0
0.0
0.0
0.0
0.0
0.0
-1.0
0.0
0.0
1.0
0.0
0.0
0.0
0.0
0.0
0.0
0.0
0.0
0.0
0.0
0.0
0.0
0.0
0.0
0.0
0.0
0.0
0.0
0.0
0.0
0.0
0.0
0.0
0.0
0.0
0.0
0.0
0.0
0.0
0.0
0.0
0.0
0.0
0.0
0.0
0.0
0.0
0.0
0.0
0.0
0.0
0.0
0.0
-1.0
0.0
0.0
0.0
-1.0
0.0
0.0
0.0
0.0
0.0
0.0
0.0
0.0
0.0
0.0
0.0
0.0
0.0
0.0
0.0
0.0
0.0
0.0
0.0
0.0
0.0
0.0
0.0
0.0
0.0
0.0
0.0
0.0
0.0
0.0
0.0
0.0
0.0
0.0
1.0
0.0
0.0
0.0
0.0
0.0
0.0
0.0
0.0
0.0
0.0
-1.0
0.0
0.0
0.0
0.0
0.0
0.0
0.0
0.0
0.0
0.0
0.0
0.0
0.0
0.0
0.0
0.0
0.0
0.0
0.0
0.0
0.0
0.0
0.0
0.0
0.0
0.0
0.0
0.0
0.0
0.0
1.0
0.0
0.0
0.0
0.0
0.0
0.0
0.0
0.0
0.0
0.0
0.0
0.0
0.0
0.0
0.0
0.0
0.0
0.0
0.0
0.0
0.0
0.0
0.0
0.0
0.0
0.0
0.0
0.0
0.0
0.0
0.0
0.0
0.0
0.0
0.0
0.0
0.0
0.0
-1.0
0.0
0.0
0.0
0.0
0.0
0.0
0.0
0.0
0.0
0.0
0.0
0.0
0.0
0.0
0.0
0.0
0.0
0.0
-1.0
0.0
0.0
0.0
0.0
0.0
0.0
0.0
0.0
0.0
0.0
0.0
0.0
0.0
0.0
0.0
0.0
0.0
0.0
0.0
0.0
0.0
0.0
0.0
0.0
0.0
0.0
0.0
0.0
0.0
0.0
0.0
0.0
0.0
0.0
0.0
0.0
0.0
0.0
0.0
0.0
0.0
0.0
0.0
0.0
0.0
0.0
0.0
0.0
0.0
0.0
0.0
0.0
0.0
0.0
0.0
0.0
0.0
0.0
0.0
0.0
0.0
0.0
0.0
0.0
0.0
0.0
0.0
0.0
1.0
0.0
0.0
-2.0
0.0
0.0
0.0
0.0
0.0
0.0
0.0
0.0
0.0
0.0
0.0
0.0
0.0
0.0
1.0
0.0
0.0
0.0
-1.0
0.0
0.0
0.0
0.0
0.0
0.0
0.0
0.0
0.0
0.0
0.0
-1.0
0.0
0.0
0.0
0.0
0.0
0.0
1.0
0.0
0.0
0.0
0.0
0.0
0.0
0.0
0.0
0.0
0.0
0.0
0.0
0.0
0.0
0.0
0.0
0.0
1.0
0.0
1.0
0.0
0.0
0.0
0.0
0.0
1.0
0.0
0.0
0.0
0.0
0.0
0.0
0.0
0.0
-1.0
0.0
0.0
0.0
0.0
0.0
0.0
0.0
0.0
0.0
0.0
0.0
0.0
0.0
0.0
1.0
0.0
0.0
0.0
0.0
0.0
0.0
0.0
0.0
0.0
0.0
0.0
0.0
0.0
0.0
0.0
0.0
0.0
0.0
0.0
0.0
0.0
0.0
0.0
0.0
0.0
0.0
0.0
0.0
0.0
0.0
0.0
0.0
0.0
0.0
0.0
0.0
0.0
0.0
0.0
0.0
0.0
0.0
0.0
0.0
0.0
0.0
0.0
0.0
-1.0
0.0
0.0
0.0
0.0
0.0
0.0
0.0
0.0
0.0
0.0
0.0
0.0
0.0
0.0
0.0
0.0
0.0
0.0
0.0
0.0
0.0
0.0
0.0
1.0
0.0
0.0
0.0
0.0
0.0
0.0
1.0
0.0
0.0
0.0
0.0
0.0
0.0
0.0
0.0
0.0
0.0
0.0
0.0
0.0
0.0
0.0
0.0
0.0
0.0
0.0
0.0
0.0
0.0
0.0
0.0
1.0
0.0
0.0
0.0
0.0
0.0
0.0
0.0
0.0
0.0
0.0
-1.0
0.0
0.0
0.0
0.0
0.0
0.0
0.0
0.0
0.0
-1.0
0.0
0.0
0.0
0.0
0.0
0.0
0.0
0.0
0.0
0.0
0.0
0.0
0.0
0.0
1.0
0.0
0.0
0.0
0.0
0.0
0.0
0.0
0.0
0.0
0.0
0.0
0.0
0.0
0.0
0.0
0.0
0.0
0.0
-1.0
1.0
0.0
0.0
0.0
0.0
0.0
0.0
0.0
0.0
0.0
0.0
0.0
0.0
0.0
0.0
0.0
0.0
0.0
1.0
0.0
0.0
0.0
-1.0
0.0
0.0
0.0
0.0
0.0
0.0
0.0
0.0
1.0
0.0
0.0
0.0
0.0
0.0
0.0
0.0
0.0
0.0
0.0
0.0
0.0
0.0
0.0
0.0
0.0
0.0
0.0
0.0
0.0
0.0
0.0
0.0
0.0
-1.0
0.0
0.0
0.0
0.0
0.0
0.0
0.0
0.0
0.0
0.0
0.0
0.0
0.0
0.0
0.0
0.0
0.0
0.0
0.0
0.0
0.0
0.0
-1.0
0.0
0.0
0.0
0.0
0.0
0.0
0.0
0.0
0.0
0.0
0.0
0.0
0.0
0.0
0.0
0.0
0.0
0.0
0.0
0.0
0.0
0.0
0.0
-1.0
0.0
0.0
0.0
0.0
0.0
0.0
0.0
0.0
0.0
0.0
0.0
0.0
0.0
0.0
0.0
0.0
0.0
0.0
0.0
0.0
0.0
0.0
0.0
0.0
0.0
-1.0
-1.0
0.0
0.0
0.0
0.0
0.0
0.0
0.0
0.0
0.0
0.0
0.0
0.0
0.0
0.0
0.0
0.0
0.0
0.0
0.0
0.0
0.0
0.0
0.0
0.0
-1.0
0.0
0.0
0.0
0.0
0.0
0.0
0.0
0.0
0.0
0.0
0.0
0.0
0.0
0.0
0.0
0.0
0.0
0.0
0.0
0.0
0.0
0.0
0.0
0.0
0.0
0.0
0.0
0.0
0.0
0.0
0.0
0.0
0.0
0.0
0.0
0.0
0.0
0.0
0.0
0.0
0.0
0.0
0.0
0.0
0.0
0.0
0.0
0.0
0.0
0.0
0.0
0.0
0.0
0.0
0.0
0.0
0.0
0.0
0.0
0.0
0.0
0.0
0.0
0.0
0.0
0.0
0.0
0.0
0.0
0.0
0.0
0.0
0.0
0.0
0.0
0.0
0.0
0.0
0.0
0.0
0.0
0.0
0.0
0.0
0.0
0.0
0.0
0.0
0.0
0.0
0.0
0.0
0.0
0.0
0.0
0.0
0.0
0.0
0.0
0.0
0.0
0.0
0.0
0.0
0.0
0.0
0.0
0.0
0.0
0.0
0.0
0.0
0.0
0.0
0.0
0.0
0.0
0.0
0.0
0.0
0.0
0.0
0.0
0.0
0.0
0.0
0.0
0.0
0.0
0.0
0.0
0.0
0.0
0.0
0.0
0.0
0.0
0.0
0.0
0.0
0.0
0.0
0.0
0.0
0.0
0.0
0.0
0.0
0.0
0.0
0.0
0.0
0.0
0.0
0.0
0.0
0.0
0.0
0.0
0.0
0.0
0.0
0.0
0.0
0.0
0.0
0.0
0.0
80.0
29892.0
2392.0
49152.0
0.0
0.0
0.0
0.0
0.0
0.0
0.0
0.0
0.0
0.0
0.0
0.0
0.0
0.0
0.0
0.0
0.0
0.0
228.0
28672.0
0.0
0.0
0.0
0.0
