0.0027975044
6.886842e-05
3.8679525e-05
3.4276978e-05
6.572375e-05
2.908826e-05
1.3993812e-05
1.5094449e-05
8.0818194e-05
1.4622748e-05
1.6981256e-05
1.0849135e-05
4.874249e-05
2.0440399e-05
9.1195625e-06
3.5692083e-05
4.4968878e-05
7.0755227e-06
5.188717e-06
5.5031846e-06
1.6666787e-05
2.3427843e-05
4.874249e-06
4.4025473e-06
1.430828e-05
3.930846e-06
3.3019107e-06
3.3019107e-06
9.43403e-06
3.930846e-06
4.08808e-06
5.3459507e-06
7.5157775e-05
5.660418e-06
4.245314e-06
6.2893537e-06
3.7578888e-05
7.3899905e-06
3.4591444e-06
1.8868061e-06
8.805095e-06
7.0755227e-06
1.8868061e-06
8.962329e-06
5.974886e-06
3.7736122e-06
1.9811465e-05
2.5157415e-06
1.9339763e-05
4.4025473e-06
6.7610554e-06
3.396251e-05
7.0755227e-06
1.1006369e-05
5.817652e-06
3.6163783e-06
1.1949772e-05
1.06919015e-05
7.0755227e-06
2.374231e-05
6.6038215e-06
7.3899905e-06
4.874249e-06
4.874249e-06
0.00012924621
1.7924658e-05
8.333393e-06
1.3364876e-05
3.773612e-05
6.352247e-05
2.6100817e-05
1.9025294e-05
1.5094449e-05
1.3364876e-05
5.5031846e-06
3.7736122e-06
1.2578707e-05
3.6321017e-05
8.17616e-06
7.2327566e-06
4.4025477e-05
1.6666787e-05
1.8081892e-05
2.8931026e-05
1.1635304e-05
2.7987624e-05
2.6258052e-05
2.3113374e-05
8.333393e-06
2.3427843e-05
3.6163783e-06
7.861692e-06
7.3899905e-06
1.3207643e-05
1.6666787e-05
1.3050409e-05
6.2893537e-06
4.575505e-05
5.3459507e-06
1.6037851e-05
1.9496996e-05
8.0818194e-05
1.5408916e-05
1.0849135e-05
2.8144857e-05
3.9937397e-05
2.8931026e-05
6.918289e-06
3.1132302e-05
1.2735941e-05
3.5377616e-05
4.245314e-05
3.773612e-05
3.1446768e-06
4.6069516e-05
3.3333574e-05
0.000101415826
8.553521e-05
1.5408916e-05
1.4779981e-05
2.2169972e-05
1.0220199e-05
2.987443e-06
7.5472244e-06
8.805095e-06
1.8710827e-05
5.3459507e-06
4.08808e-06
3.8207825e-05
1.1163603e-05
4.717015e-06
0.00010691901
1.8239125e-05
4.874249e-05
1.8868061e-06
2.6729754e-06
2.4685713e-05
6.0377795e-05
1.886806e-05
0.00015000108
3.930846e-06
5.3773972e-05
5.974886e-06
1.0377434e-05
0.9929229
1.5723384e-06
1.8868061e-06
2.830209e-06
4.08808e-06
1.2893175e-05
6.4465876e-06
2.6729754e-06
2.5157415e-06
2.3585076e-06
7.861692e-07
1.7295722e-06
2.830209e-06
1.1006368e-06
9.43403e-06
1.0220199e-05
1.2107006e-05
1.1792538e-05
4.08808e-06
5.660418e-06
3.3019107e-06
3.4591444e-06
1.7295722e-06
1.1006368e-06
4.717015e-06
2.2012737e-06
1.7295722e-06
1.8868061e-06
1.4151045e-06
1.5723384e-07
6.2893537e-07
7.861692e-07
3.7736122e-06
7.861692e-07
2.5157415e-06
5.031483e-06
1.4937215e-05
1.2578707e-06
4.08808e-06
6.13212e-06
7.861692e-06
1.8868061e-06
3.6163783e-06
2.3585076e-06
2.987443e-06
3.6163783e-06
7.704458e-06
4.717015e-06
4.3239306e-05
2.5314648e-05
7.2327566e-06
3.4905912e-05
2.7515922e-05
1.8868061e-06
1.1635304e-05
3.0346131e-05
1.3993812e-05
1.0377434e-05
2.987443e-06
2.5157415e-06
1.2578707e-05
1.4151045e-06
3.1446768e-06
4.08808e-06
6.4465876e-06
7.0755227e-06
8.805095e-06
4.874249e-06
2.987443e-06
1.2578707e-06
2.04404e-06
1.8868061e-06
1.0062966e-05
1.5723384e-06
2.987443e-06
4.5597812e-06
4.874249e-06
3.1446768e-07
2.04404e-06
1.8868061e-06
1.4151045e-05
3.930846e-06
1.5723384e-06
1.4151045e-06
8.17616e-06
3.3019107e-06
4.5597812e-06
1.7295722e-06
6.4151405e-05
1.761019e-05
3.1446768e-06
4.0409097e-05
2.2956141e-05
1.4151045e-06
2.830209e-06
4.5597812e-06
2.2484439e-05
4.717015e-06
9.4340305e-07
8.805095e-06
2.0754867e-05
1.4151045e-06
1.9496996e-05
2.9402729e-05
4.13525e-05
1.1320836e-05
5.5031846e-06
6.7610554e-06
4.544058e-05
6.7610554e-06
1.226424e-05
0.00021258015
0.00032211308
0.0
0.0
0.0
0.0
0.0
0.0
0.0
0.0
0.9929135
0.0
0.0
0.0
0.0
0.0
0.0
0.0
0.0
0.0
0.0
0.0
0.0
0.0
0.0
0.0
0.0
0.0
0.0
0.0
0.0
0.0
0.0
0.0
0.0
0.0
0.0
0.0
0.0
0.0
0.0
0.0
0.0
0.0
0.0
0.0
0.0
0.0
0.0
0.0004241103
5.033017e-06
7.2349612e-06
1.5728177e-06
4.6398122e-06
3.7747625e-06
1.6200021e-05
7.1563204e-06
3.2242763e-06
5.5048616e-07
1.8087403e-06
1.0223315e-06
7.8640886e-07
1.0223315e-06
1.336895e-06
3.6961217e-06
0.00021319544
7.864089e-08
1.5728178e-07
2.3592266e-07
4.6398122e-06
2.67379e-06
1.2739823e-05
7.1563204e-06
0.0
8.052827e-05
7.864089e-08
3.1456355e-07
1.5728178e-07
7.864089e-08
7.864089e-08
0.0
0.0
0.0
0.0
0.0
0.0
0.0
0.0
0.0
0.0
0.0
0.0
0.0
0.0
0.0
0.0
0.0
0.00022247506
8.6504974e-07
1.3683514e-05
4.167967e-06
1.8559249e-05
1.0223315e-05
3.4051503e-05
1.5413614e-05
5.5048616e-07
4.718453e-07
2.3592266e-07
4.718453e-07
1.5728178e-07
2.3592266e-07
2.3592266e-07
3.1456355e-07
0.0006178814
7.2349612e-06
4.0500054e-05
2.225537e-05
2.4378674e-05
1.3604873e-05
0.00012558949
6.849621e-05
1.4863127e-05
2.044663e-06
2.4378674e-06
3.9320444e-06
3.5388398e-06
1.8087403e-06
2.4378674e-06
1.5334972e-05
0.00020824106
6.291271e-06
3.2242763e-06
2.831072e-06
9.908751e-06
1.07738015e-05
5.033017e-06
8.88642e-06
1.871653e-05
3.6961217e-06
2.1233038e-06
1.336895e-06
9.122343e-06
2.1233038e-06
9.436906e-06
2.0367988e-05
0.00031110333
3.7747625e-06
2.7445669e-05
1.7379636e-05
4.3252487e-05
2.1233038e-05
0.000111827336
6.7159315e-05
1.2267978e-05
2.044663e-06
8.6504974e-07
4.167967e-06
3.381558e-06
1.2582542e-06
1.8873812e-06
1.517769e-05
4.907191e-05
1.1796133e-06
9.436906e-06
5.662144e-06
9.122343e-06
5.1902985e-06
4.3567048e-05
3.0669944e-05
6.291271e-07
1.4941768e-06
6.291271e-07
7.8640886e-07
3.1456355e-07
7.8640886e-07
6.291271e-07
1.8873812e-06
0.0
0.0
0.0
0.0
0.0
0.0
0.0
0.0
0.0
0.0
0.0
0.0
0.0
0.0
0.0
0.0
0.00012189337
1.1481569e-05
4.3252485e-06
3.9320444e-06
3.2400043e-05
2.7838872e-05
9.672829e-06
1.3683514e-05
7.950593e-05
1.3526232e-05
3.381558e-06
5.976707e-06
2.6423337e-05
5.1902985e-06
3.625345e-05
8.768459e-05
0.0004491181
6.409232e-05
4.7577734e-05
5.9059304e-05
0.00016703324
0.00010891762
3.641073e-05
0.00010388461
0.00026517705
2.8546641e-05
1.9738862e-05
3.0434023e-05
0.000101053534
2.5322364e-05
8.15506e-05
0.00018370511
0.00029922856
5.858746e-05
4.537579e-05
5.1824343e-05
0.00010223315
8.383118e-05
2.7052463e-05
9.3268085e-05
0.00016538177
1.8087403e-05
2.5243724e-05
2.4378674e-05
8.7841865e-05
2.571557e-05
6.133989e-05
0.0001190623
0.0
0.0
0.0
0.0
0.0
0.0
0.0
0.0
0.0
0.0
0.0
0.0
0.0
0.0
0.0
0.0
241.0
17.091286
4119.0
0.069919884
0.0021849964
0.00072833215
0.00024277737
0.0009711095
0.0014566643
0.0
0.00024277737
0.0050983247
0.00461277
0.0
0.00048555474
0.0
0.0031561058
0.023792183
0.0012138869
0.009468318
0.0031561058
0.0063122115
0.013352755
0.001942219
0.0033988832
0.0055838795
0.0016994416
0.0029133286
0.0012138869
0.001942219
0.00048555474
0.00024277737
0.00024277737
0.00024277737
0.00048555474
0.0024277738
0.0101966495
0.0033988832
0.008497208
0.013595533
0.008497208
0.0075260988
0.0075260988
0.0060694343
0.0036416606
0.0009711095
0.0014566643
0.0036416606
0.007040544
0.0024277738
0.0031561058
0.008982763
0.00072833215
0.008497208
0.013352755
0.0043699928
0.0031561058
0.0053411024
0.009953872
0.0009711095
0.00072833215
0.00072833215
0.00048555474
0.0036416606
0.00048555474
0.00048555474
0.00072833215
0.0016994416
0.053896576
0.0050983247
0.020636076
0.018693857
0.10366594
0.008011653
0.011410536
0.012867201
0.05098325
0.0012138869
0.006554989
0.036416605
0.015537752
0.04515659
0.054867685
0.019907745
0.0
0.04904103
0.036659382
0.05171158
0.022821072
0.007040544
0.008982763
0.020636076
0.0048555476
0.0024277738
0.008497208
0.0
0.0
0.0
0.0012138869
5.302356
1.0
0.0
0.0
1.0
6359954.0
53248.0
0.0
0.0
54.0
0.0
1.0
0.0
0.0
0.0
1076624400.0
0.0
0.0
0.0
0.0
0.0
1.0
0.0
0.0
0.0
0.0
0.0
0.0
-1.0
0.0
-1.0
-1.0
0.0
0.0
0.0
0.0
0.0
0.0
0.0
0.0
0.0
0.0
0.0
0.0
-1.0
0.0
0.0
0.0
0.0
0.0
0.0
0.0
0.0
0.0
0.0
0.0
0.0
-1.0
0.0
0.0
0.0
0.0
0.0
0.0
0.0
0.0
0.0
0.0
6.0
0.0
4.0
0.0
4.0
0.0
24576.0
4096.0
4096.0
4.0
0.0
0.0
1.0
1.0
0.0
0.0
0.0
0.0
0.0
0.0
0.0
0.0
0.0
0.0
0.0
0.0
0.0
0.0
4096.0
0.0
0.0
0.0
0.0
0.0
0.0
0.0
0.0
0.0
0.0
0.0
0.0
0.0
0.0
0.0
0.0
0.0
-8192.0
0.0
0.0
0.0
0.0
0.0
0.0
0.0
0.0
-24576.0
0.0
4096.0
0.0
0.0
0.0
0.0
0.0
0.0
0.0
0.0
0.0
0.0
0.0
0.0
0.0
0.0
0.0
0.0
0.0
0.0
0.0
0.0
5.297788
0.0
0.0
0.0
0.0
0.0
0.0
0.0
0.0
0.0
0.0
0.0
0.0
0.0
0.0
0.0
0.0
0.0
-3.4053922
0.0
0.0
0.0
0.0
0.0
0.0
0.0
0.0
-6.547547
0.0
3.8160596
0.0
0.0
0.0
0.0
0.0
0.0
0.0
0.0
0.0
0.0
0.0
0.0
0.0
0.0
0.0
0.0
0.0
0.0
0.0
0.0
2476.0
0.0
0.0
0.0
0.0
0.0
0.0
0.0
0.0
0.0
0.0
0.0
0.0
0.0
0.0
0.0
0.0
0.0
-13368.0
0.0
0.0
0.0
0.0
0.0
0.0
0.0
0.0
-23376.0
0.0
2736.0
0.0
0.0
0.0
0.0
0.0
0.0
0.0
0.0
0.0
-1.0
0.0
0.0
0.0
0.0
0.0
1.0
0.0
0.0
0.0
0.0
0.0
0.0
0.0
0.0
0.0
0.0
0.0
0.0
0.0
0.0
0.0
0.0
0.0
0.0
0.0
0.0
0.0
0.0
0.0
0.0
0.0
0.0
0.0
0.0
0.0
-2.0
0.0
0.0
0.0
1.0
0.0
0.0
0.0
0.0
0.0
0.0
0.0
0.0
0.0
0.0
0.0
0.0
0.0
0.0
0.0
0.0
0.0
0.0
0.0
-1.0
0.0
0.0
0.0
0.0
0.0
0.0
0.0
0.0
0.0
1.0
0.0
0.0
0.0
0.0
1.0
0.0
0.0
0.0
0.0
0.0
0.0
0.0
0.0
0.0
0.0
0.0
0.0
0.0
0.0
0.0
0.0
0.0
0.0
0.0
0.0
0.0
0.0
0.0
0.0
0.0
0.0
0.0
0.0
0.0
0.0
0.0
0.0
0.0
0.0
0.0
0.0
0.0
0.0
0.0
0.0
0.0
0.0
0.0
0.0
0.0
0.0
0.0
0.0
0.0
0.0
0.0
-1.0
0.0
0.0
0.0
0.0
0.0
0.0
0.0
0.0
0.0
0.0
0.0
0.0
0.0
0.0
0.0
0.0
0.0
0.0
0.0
0.0
0.0
0.0
0.0
0.0
0.0
0.0
0.0
0.0
0.0
0.0
0.0
0.0
0.0
0.0
0.0
0.0
0.0
0.0
0.0
0.0
0.0
0.0
0.0
0.0
0.0
0.0
0.0
0.0
0.0
0.0
0.0
0.0
0.0
0.0
0.0
0.0
0.0
0.0
0.0
0.0
0.0
0.0
0.0
0.0
0.0
0.0
0.0
0.0
0.0
-1.0
0.0
0.0
0.0
0.0
0.0
0.0
0.0
0.0
0.0
0.0
0.0
0.0
0.0
0.0
0.0
0.0
1.0
0.0
0.0
0.0
0.0
0.0
0.0
0.0
0.0
0.0
0.0
0.0
0.0
0.0
0.0
0.0
0.0
0.0
0.0
0.0
0.0
0.0
0.0
0.0
0.0
0.0
0.0
0.0
0.0
0.0
0.0
0.0
0.0
0.0
0.0
0.0
0.0
0.0
0.0
0.0
0.0
0.0
0.0
0.0
0.0
0.0
0.0
0.0
0.0
0.0
0.0
0.0
0.0
0.0
0.0
0.0
0.0
0.0
0.0
0.0
0.0
0.0
0.0
0.0
0.0
0.0
0.0
0.0
0.0
0.0
0.0
0.0
0.0
0.0
0.0
0.0
0.0
0.0
0.0
0.0
0.0
0.0
0.0
0.0
0.0
0.0
0.0
0.0
0.0
0.0
0.0
0.0
0.0
0.0
0.0
0.0
0.0
0.0
0.0
0.0
0.0
0.0
0.0
0.0
0.0
0.0
0.0
0.0
0.0
0.0
0.0
0.0
0.0
0.0
0.0
0.0
0.0
0.0
0.0
0.0
0.0
0.0
0.0
0.0
0.0
0.0
0.0
0.0
0.0
0.0
0.0
0.0
0.0
0.0
0.0
0.0
0.0
0.0
0.0
0.0
0.0
0.0
0.0
0.0
0.0
0.0
0.0
0.0
0.0
0.0
0.0
0.0
0.0
0.0
0.0
0.0
0.0
0.0
0.0
0.0
0.0
0.0
0.0
0.0
0.0
0.0
0.0
0.0
0.0
0.0
0.0
0.0
0.0
0.0
0.0
0.0
0.0
0.0
0.0
0.0
0.0
0.0
0.0
0.0
0.0
0.0
-1.0
0.0
0.0
0.0
0.0
0.0
0.0
0.0
0.0
0.0
0.0
0.0
0.0
0.0
0.0
0.0
0.0
0.0
0.0
0.0
0.0
0.0
0.0
0.0
0.0
0.0
0.0
0.0
0.0
0.0
0.0
0.0
0.0
0.0
0.0
0.0
0.0
1.0
0.0
0.0
0.0
0.0
0.0
0.0
0.0
0.0
0.0
0.0
0.0
0.0
0.0
0.0
0.0
0.0
0.0
0.0
0.0
0.0
0.0
1.0
0.0
0.0
0.0
0.0
1.0
0.0
0.0
0.0
0.0
0.0
0.0
0.0
0.0
0.0
0.0
0.0
0.0
0.0
0.0
0.0
0.0
1.0
0.0
0.0
0.0
0.0
0.0
0.0
0.0
0.0
0.0
0.0
0.0
0.0
0.0
0.0
0.0
0.0
0.0
0.0
0.0
0.0
0.0
0.0
0.0
0.0
0.0
0.0
0.0
0.0
0.0
0.0
0.0
0.0
0.0
0.0
0.0
0.0
0.0
0.0
0.0
0.0
0.0
0.0
0.0
0.0
-1.0
0.0
0.0
0.0
0.0
0.0
0.0
0.0
0.0
0.0
0.0
0.0
0.0
0.0
0.0
0.0
0.0
0.0
0.0
0.0
0.0
0.0
0.0
0.0
0.0
0.0
0.0
0.0
0.0
0.0
0.0
0.0
0.0
0.0
0.0
0.0
0.0
0.0
0.0
0.0
0.0
0.0
0.0
0.0
0.0
0.0
0.0
0.0
-1.0
0.0
0.0
0.0
0.0
0.0
0.0
0.0
0.0
0.0
0.0
0.0
0.0
0.0
0.0
0.0
0.0
0.0
0.0
0.0
0.0
0.0
0.0
0.0
0.0
0.0
0.0
0.0
0.0
0.0
0.0
1.0
0.0
0.0
0.0
0.0
0.0
0.0
0.0
0.0
0.0
0.0
0.0
0.0
0.0
0.0
0.0
0.0
0.0
0.0
0.0
0.0
0.0
0.0
0.0
0.0
0.0
0.0
0.0
-1.0
0.0
0.0
0.0
0.0
0.0
0.0
0.0
0.0
0.0
0.0
0.0
0.0
0.0
0.0
0.0
0.0
0.0
0.0
0.0
0.0
0.0
0.0
0.0
0.0
0.0
0.0
0.0
0.0
0.0
0.0
0.0
0.0
0.0
0.0
0.0
0.0
0.0
0.0
0.0
0.0
0.0
0.0
-1.0
0.0
0.0
1.0
0.0
0.0
0.0
0.0
0.0
0.0
0.0
0.0
0.0
0.0
0.0
0.0
0.0
0.0
0.0
0.0
0.0
0.0
0.0
0.0
0.0
0.0
0.0
0.0
0.0
0.0
0.0
0.0
0.0
0.0
0.0
0.0
0.0
0.0
0.0
0.0
0.0
0.0
0.0
0.0
0.0
0.0
0.0
-1.0
0.0
0.0
0.0
-1.0
0.0
0.0
0.0
0.0
0.0
0.0
0.0
0.0
0.0
0.0
0.0
0.0
0.0
0.0
0.0
0.0
0.0
0.0
0.0
0.0
0.0
0.0
0.0
0.0
0.0
0.0
0.0
0.0
0.0
0.0
0.0
0.0
0.0
0.0
1.0
0.0
0.0
0.0
0.0
0.0
0.0
0.0
0.0
0.0
0.0
-1.0
0.0
0.0
0.0
0.0
0.0
0.0
0.0
0.0
0.0
0.0
0.0
0.0
0.0
0.0
0.0
0.0
0.0
0.0
0.0
0.0
0.0
0.0
0.0
0.0
0.0
0.0
0.0
0.0
0.0
0.0
1.0
0.0
0.0
0.0
0.0
0.0
0.0
0.0
0.0
0.0
0.0
0.0
0.0
0.0
0.0
0.0
0.0
0.0
0.0
0.0
0.0
0.0
0.0
0.0
0.0
0.0
0.0
0.0
0.0
0.0
0.0
0.0
0.0
0.0
0.0
0.0
0.0
0.0
0.0
-1.0
0.0
0.0
0.0
0.0
0.0
0.0
0.0
0.0
0.0
0.0
0.0
0.0
0.0
0.0
0.0
0.0
0.0
0.0
-1.0
0.0
0.0
0.0
0.0
0.0
0.0
0.0
0.0
0.0
0.0
0.0
0.0
0.0
0.0
0.0
0.0
0.0
0.0
0.0
0.0
0.0
0.0
0.0
0.0
0.0
0.0
0.0
0.0
0.0
0.0
0.0
0.0
0.0
0.0
0.0
0.0
0.0
0.0
0.0
0.0
0.0
0.0
0.0
0.0
0.0
0.0
0.0
0.0
0.0
0.0
0.0
0.0
0.0
0.0
0.0
0.0
0.0
0.0
0.0
0.0
0.0
0.0
0.0
0.0
0.0
0.0
0.0
0.0
1.0
0.0
0.0
-2.0
0.0
0.0
0.0
0.0
0.0
0.0
0.0
0.0
0.0
0.0
0.0
0.0
0.0
0.0
1.0
0.0
0.0
0.0
-1.0
0.0
0.0
0.0
0.0
0.0
0.0
0.0
0.0
0.0
0.0
0.0
-1.0
0.0
0.0
0.0
0.0
0.0
0.0
1.0
0.0
0.0
0.0
0.0
0.0
0.0
0.0
0.0
0.0
0.0
0.0
0.0
0.0
0.0
0.0
0.0
0.0
1.0
0.0
1.0
0.0
0.0
0.0
0.0
0.0
1.0
0.0
0.0
0.0
0.0
0.0
0.0
0.0
0.0
-1.0
0.0
0.0
0.0
0.0
0.0
0.0
0.0
0.0
0.0
0.0
0.0
0.0
0.0
0.0
1.0
0.0
0.0
0.0
0.0
0.0
0.0
0.0
0.0
0.0
0.0
0.0
0.0
0.0
0.0
0.0
0.0
0.0
0.0
0.0
0.0
0.0
0.0
0.0
0.0
0.0
0.0
0.0
0.0
0.0
0.0
0.0
0.0
0.0
0.0
0.0
0.0
0.0
0.0
0.0
0.0
0.0
0.0
0.0
0.0
0.0
0.0
0.0
0.0
-1.0
0.0
0.0
0.0
0.0
0.0
0.0
0.0
0.0
0.0
0.0
0.0
0.0
0.0
0.0
0.0
0.0
0.0
0.0
0.0
0.0
0.0
0.0
0.0
1.0
0.0
0.0
0.0
0.0
0.0
0.0
1.0
0.0
0.0
0.0
0.0
0.0
0.0
0.0
0.0
0.0
0.0
0.0
0.0
0.0
0.0
0.0
0.0
0.0
0.0
0.0
0.0
0.0
0.0
0.0
0.0
1.0
0.0
0.0
0.0
0.0
0.0
0.0
0.0
0.0
0.0
0.0
-1.0
0.0
0.0
0.0
0.0
0.0
0.0
0.0
0.0
0.0
-1.0
0.0
0.0
0.0
0.0
0.0
0.0
0.0
0.0
0.0
0.0
0.0
0.0
0.0
0.0
1.0
0.0
0.0
0.0
0.0
0.0
0.0
0.0
0.0
0.0
0.0
0.0
0.0
0.0
0.0
0.0
0.0
0.0
0.0
-1.0
1.0
0.0
0.0
0.0
0.0
0.0
0.0
0.0
0.0
0.0
0.0
0.0
0.0
0.0
0.0
0.0
0.0
0.0
1.0
0.0
0.0
0.0
-1.0
0.0
0.0
0.0
0.0
0.0
0.0
0.0
0.0
1.0
0.0
0.0
0.0
0.0
0.0
0.0
0.0
0.0
0.0
0.0
0.0
0.0
0.0
0.0
0.0
0.0
0.0
0.0
0.0
0.0
0.0
0.0
0.0
0.0
-1.0
0.0
0.0
0.0
0.0
0.0
0.0
0.0
0.0
0.0
0.0
0.0
0.0
0.0
0.0
0.0
0.0
0.0
0.0
0.0
0.0
0.0
0.0
-1.0
0.0
0.0
0.0
0.0
0.0
0.0
0.0
0.0
0.0
0.0
0.0
0.0
0.0
0.0
0.0
0.0
0.0
0.0
0.0
0.0
0.0
0.0
0.0
-1.0
0.0
0.0
0.0
0.0
0.0
0.0
0.0
0.0
0.0
0.0
0.0
0.0
0.0
0.0
0.0
0.0
0.0
0.0
0.0
0.0
0.0
0.0
0.0
0.0
0.0
-1.0
-1.0
0.0
0.0
0.0
0.0
0.0
0.0
0.0
0.0
0.0
0.0
0.0
0.0
0.0
0.0
0.0
0.0
0.0
0.0
0.0
0.0
0.0
0.0
0.0
0.0
-1.0
0.0
0.0
0.0
0.0
0.0
0.0
0.0
0.0
0.0
0.0
0.0
0.0
0.0
0.0
0.0
0.0
0.0
0.0
0.0
0.0
0.0
0.0
0.0
0.0
0.0
0.0
0.0
0.0
0.0
0.0
0.0
0.0
0.0
0.0
0.0
0.0
0.0
0.0
0.0
0.0
0.0
0.0
0.0
0.0
0.0
0.0
0.0
0.0
0.0
0.0
0.0
0.0
0.0
0.0
0.0
0.0
0.0
0.0
0.0
0.0
0.0
0.0
0.0
0.0
0.0
0.0
0.0
0.0
0.0
0.0
0.0
0.0
0.0
0.0
0.0
0.0
0.0
0.0
0.0
0.0
0.0
0.0
0.0
0.0
0.0
0.0
0.0
0.0
0.0
0.0
0.0
0.0
0.0
0.0
0.0
0.0
0.0
0.0
0.0
0.0
0.0
0.0
0.0
0.0
0.0
0.0
0.0
0.0
0.0
0.0
0.0
0.0
0.0
0.0
0.0
0.0
0.0
0.0
0.0
0.0
0.0
0.0
0.0
0.0
0.0
0.0
0.0
0.0
0.0
0.0
0.0
0.0
0.0
0.0
0.0
0.0
0.0
0.0
0.0
0.0
0.0
0.0
0.0
0.0
0.0
0.0
0.0
0.0
0.0
0.0
0.0
0.0
0.0
0.0
0.0
0.0
0.0
0.0
0.0
0.0
0.0
0.0
0.0
0.0
0.0
0.0
0.0
0.0
80.0
29892.0
2736.0
49152.0
0.0
0.0
0.0
0.0
0.0
0.0
0.0
0.0
0.0
0.0
0.0
0.0
0.0
0.0
0.0
0.0
0.0
0.0
228.0
28672.0
0.0
0.0
0.0
0.0
