0.112373024
0.0074477666
0.005704181
0.0016792528
0.0094057955
0.0011299491
0.0014549126
0.0007571484
0.00570748
0.0012487174
0.002838894
0.0005674489
0.0052604494
0.0013922292
0.0023704187
0.00593347
0.0047193933
0.0018755505
0.003244686
0.0014664595
0.004142047
0.012312321
0.043495618
0.0036323327
0.0078090206
0.0010095312
0.004374635
0.00061363657
0.0017353379
0.003297472
0.0020817455
0.0006730208
0.0018854479
0.0016545095
0.002894979
0.00066972163
0.01197746
0.00251558
0.001944832
0.00078849
0.0009781895
0.0010722145
0.001929986
0.0005163125
0.0004998169
0.00108871
0.0012602644
0.00044208227
0.002136181
0.0027465187
0.002147728
0.0007587979
0.0006251835
0.0009781895
0.008109241
0.0007901396
0.00645968
0.0013971779
0.0055656177
0.0010672658
0.0007901396
0.0043614386
0.0005460046
0.0004503301
0.003630683
0.0020718484
0.0036356319
0.0041519445
0.0045610354
0.014220863
0.0013823318
0.001100257
0.00091715576
0.0011794359
0.0013460416
0.0011282995
0.0018969949
0.012945753
0.03680005
0.003488821
0.0030104483
0.0016396634
0.0030318927
0.0017485344
0.003683469
0.0064959703
0.0033914968
0.0011513934
0.0018013204
0.0014186222
0.0026392972
0.004706197
0.0011134535
0.0058443937
0.0014466648
0.0014846047
0.0008247804
0.0012602644
0.0016842015
0.0017980211
0.0008528229
0.0023159832
0.0015423392
0.00057734625
0.00080498564
0.0019844216
0.0011579916
0.0015208949
0.0010260268
0.0022335052
0.0010078816
0.000897361
0.0014169726
0.001194282
0.004546189
0.0023176328
0.005839445
0.0054798406
0.0018194654
0.0008478742
0.0012685122
0.0019118409
0.00056414976
0.00077859266
0.0011134535
0.002715177
0.00065322604
0.0018293628
0.0020520536
0.0015786296
0.00066642254
0.00645968
0.0022549494
0.0061941007
0.0007357041
0.0007769431
0.0018623541
0.021427793
0.0018161663
0.021160565
0.010276764
0.034376845
0.0054287044
0.0037692462
0.013607226
0.0037164602
0.0035218121
0.0044818567
0.0013262468
0.005138382
0.0013328451
0.00072910584
0.0014136735
0.004239371
0.0010293259
0.002009165
0.002414957
0.0016825519
0.0011464447
0.006048939
0.0011052057
0.008025113
0.0007225076
0.0032413867
0.00085117336
0.0013509903
0.0046847523
0.0005179621
0.0016611076
0.0012998539
0.001317999
0.002721775
0.010146448
0.02913619
0.0045313435
0.0034393342
0.00390616
0.006360706
0.0006779695
0.0009583948
0.0013311955
0.0019926694
0.0024792897
0.0009732408
0.0023786665
0.0020207118
0.0011315986
0.0017320388
0.0038137843
0.0017336883
0.0020306092
0.00073735364
0.004565984
0.0021064891
0.0024578455
0.00300385
0.0025304263
0.0014615108
0.0016528598
0.007939336
0.0014714082
0.0016000739
0.0009847877
0.0010309755
0.0012586148
0.0028108514
0.0012586148
0.0011711881
0.0024924863
0.006670824
0.0068654716
0.0023143338
0.0007307554
0.00087096804
0.0017881239
0.0075203474
0.001971225
0.00668402
0.0015819287
0.0029048764
0.001141496
0.0032677797
0.0039704926
0.00065817474
0.0015159464
0.000964993
0.0035581025
0.00089406193
0.0008907628
0.002429803
0.0011052057
0.0005361072
0.0071392986
0.0027613647
0.0014895534
0.0014549126
0.0028174496
0.001723791
0.0017303892
0.0013773832
0.002203813
0.002489187
0.004630317
0.00085942115
0.0026772371
0.0006680721
0.0020817455
0.0006730208
0.0027630143
0.00087591674
0.0015967748
0.0008115839
0.001997618
0.0030401405
0.0050361087
0.035130695
0.042301185
0.0
0.0
0.0
0.0
0.0
0.0
0.0
0.0
0.0
0.0
0.0
0.0
0.0
0.0
0.0
0.0
0.0
0.0
0.0
0.0
0.0
0.0
0.0
0.0
0.0
0.0
0.0
0.0
0.0
0.0
0.0
0.0
0.0
0.0
0.0
0.0
0.0
0.0
0.0
0.0
0.0
0.0
0.0
0.0
0.0
0.0
0.0
0.0056924834
4.626692e-05
3.30478e-06
8.26195e-07
2.5612046e-05
0.0
8.26195e-07
0.00021233212
2.478585e-06
1.65239e-05
5.783365e-06
3.30478e-06
1.65239e-06
0.0
1.817629e-05
0.0007386183
0.0
0.0
0.0
0.0
0.0
0.0
0.0
0.0
0.0
0.0
0.0
0.0
0.0
0.0
0.0
0.0
0.0
0.0
0.0
0.0
0.0
0.0
0.0
0.0
0.0
0.0
0.0
0.0
0.0
0.0
0.0
0.0
0.0
0.0
0.0
0.0
0.0
0.0
0.0
0.0
0.0
0.0
0.0
0.0
0.0
0.0
0.0
0.0
0.00339814
3.635258e-05
7.6836135e-05
0.00022307265
5.5355067e-05
8.014092e-05
0.00022802982
0.00010079579
8.757667e-05
2.0654876e-05
2.2307266e-05
0.00038748546
6.69218e-05
7.848853e-05
6.60956e-05
0.0001478889
0.0049158605
7.187897e-05
0.000165239
0.00029247304
0.0002139845
0.00019002485
0.00083610934
0.00041061893
0.00018837246
6.69218e-05
4.296214e-05
0.00042053327
9.91434e-05
6.3617015e-05
0.000109883935
0.00037261395
0.005857723
0.000567596
0.0002296822
9.7491014e-05
0.00096664816
0.00023794416
0.00048910745
0.00029164684
0.0010690964
0.0002313346
0.00047010495
0.00017845813
0.00022720362
9.831721e-05
0.00016689139
0.00066508696
0.006460845
0.0009798673
0.00029990877
0.00021976787
0.0014813676
0.00048167168
0.00067252276
0.00053785293
0.0012260734
0.0006221248
0.00086833094
0.00042549043
0.00044201434
0.00037096156
0.00066508696
0.0011665873
0.0074935886
0.021842944
0.0013657004
0.0013458717
0.022911213
0.0017308785
0.0025331138
0.0020109587
0.018654658
0.0033378277
0.018653005
0.004344133
0.0025397234
0.0017944955
0.0017606216
0.0027404889
0.0104662385
0.00447302
0.0015838158
0.0009749101
0.005635476
0.0010186984
0.0009980436
0.0014020529
0.0076778303
0.0017812764
0.0032378582
0.0018225862
0.0019556035
0.0013392621
0.0013483502
0.0067384467
0.050109554
0.010470369
0.011865812
0.0041028843
0.02404558
0.012215293
0.0024678444
0.008413143
0.045443203
0.009896164
0.0050563132
0.008375139
0.0151929
0.005096797
0.011335395
0.033104807
0.016281825
0.017155113
0.0065434645
0.007120975
0.016129805
0.009728447
0.0029164683
0.006330306
0.022861643
0.011303174
0.012841549
0.0060444428
0.007815804
0.009487198
0.0072936495
0.011042923
0.011833591
0.040814035
0.01000357
0.024609871
0.022986397
0.018985135
0.010349745
0.014600518
0.023709318
0.026612567
0.033542693
0.012235948
0.009004699
0.033167597
0.009664829
0.010908253
1129.0
7.9601417
8987.0
0.00968065
0.003449427
0.0023367086
0.0022254367
0.0015578057
0.013686436
0.0011127184
0.002002893
0.0021141649
0.004562145
0.0013352621
0.0016690776
0.0010014465
0.0030043395
0.010793368
0.0028930677
0.0026705242
0.012128631
0.004005786
0.003338155
0.0018916213
0.017803494
0.010237009
0.0028930677
0.012462446
0.00545232
0.010237009
0.0013352621
0.002781796
0.0016690776
0.0017803494
0.0010014465
0.0015578057
0.00667631
0.0032268832
0.0050072325
0.0026705242
0.012351174
0.0031156114
0.0037832425
0.0018916213
0.009346834
0.0051185046
0.0008901747
0.004005786
0.037832424
0.02848559
0.022588182
0.0053410484
0.021030378
0.011572271
0.014242795
0.007789029
0.004005786
0.0050072325
0.0017803494
0.0011127184
0.008011572
0.004895961
0.0746634
0.004673417
0.016023144
0.013463892
0.03449427
0.0013352621
0.03093357
0.013018805
0.031823747
0.00968065
0.03827751
0.011015912
0.0065650386
0.005563592
0.023812173
0.002002893
0.004005786
0.014576611
0.016913319
0.016690776
0.017247135
0.0079003
0.00667631
0.038500056
0.024145989
0.09580505
0.012907533
0.006898854
0.003338155
0.0037832425
0.006787582
0.0015578057
0.0026705242
0.0038945144
0.004005786
0.0023367086
0.0035606988
5.7371883
0.0
0.0
0.0
5.0
606222.0
319488.0
0.0
0.0
76.0
0.0
1.0
0.0
0.0
51.0
1393483300.0
0.0
0.0
0.0
0.0
0.0
1.0
0.0
0.0
0.0
0.0
0.0
0.0
-1.0
0.0
0.0
-1.0
1.0
0.0
0.0
0.0
0.0
0.0
0.0
0.0
0.0
0.0
0.0
0.0
-1.0
0.0
0.0
0.0
0.0
0.0
0.0
0.0
0.0
0.0
0.0
0.0
0.0
-1.0
0.0
0.0
0.0
0.0
0.0
0.0
0.0
0.0
1.0
0.0
2.0
56.0
4.0
0.0
4.0
0.0
245760.0
1024.0
4096.0
6.0
1.0
0.0
1.0
5.0
0.0
0.0
0.0
0.0
0.0
0.0
0.0
0.0
0.0
0.0
0.0
0.0
0.0
0.0
9728.0
0.0
0.0
0.0
0.0
0.0
0.0
0.0
0.0
0.0
0.0
0.0
0.0
0.0
0.0
0.0
0.0
0.0
-1024.0
0.0
0.0
0.0
0.0
0.0
0.0
0.0
0.0
-245760.0
-2560.0
26624.0
0.0
0.0
0.0
0.0
0.0
0.0
0.0
0.0
0.0
0.0
0.0
0.0
0.0
0.0
0.0
0.0
0.0
0.0
0.0
0.0
5.1368194
0.0
0.0
0.0
0.0
0.0
0.0
0.0
0.0
0.0
0.0
0.0
0.0
0.0
0.0
0.0
0.0
0.0
-1.0677483
0.0
0.0
0.0
0.0
0.0
0.0
0.0
0.0
-5.6699314
-4.7209964
6.078236
0.0
0.0
0.0
0.0
0.0
0.0
0.0
0.0
0.0
0.0
0.0
0.0
0.0
0.0
0.0
0.0
0.0
0.0
0.0
0.0
9384.0
0.0
0.0
0.0
0.0
0.0
0.0
0.0
0.0
0.0
0.0
0.0
0.0
0.0
0.0
18576.0
0.0
0.0
-608.0
0.0
0.0
0.0
0.0
0.0
0.0
0.0
0.0
-245368.0
-2212.0
26552.0
0.0
0.0
0.0
0.0
0.0
0.0
0.0
0.0
0.0
-1.0
0.0
0.0
0.0
0.0
0.0
1.0
0.0
0.0
0.0
0.0
0.0
0.0
0.0
0.0
0.0
0.0
0.0
0.0
0.0
0.0
0.0
0.0
0.0
0.0
0.0
0.0
0.0
0.0
0.0
0.0
0.0
0.0
0.0
0.0
0.0
-2.0
0.0
0.0
0.0
1.0
0.0
0.0
0.0
0.0
0.0
0.0
1.0
0.0
0.0
0.0
0.0
0.0
0.0
0.0
0.0
0.0
0.0
0.0
0.0
-1.0
0.0
0.0
0.0
0.0
0.0
0.0
0.0
0.0
0.0
1.0
0.0
0.0
0.0
0.0
1.0
0.0
0.0
0.0
0.0
0.0
0.0
0.0
0.0
1.0
0.0
0.0
0.0
0.0
0.0
0.0
0.0
0.0
0.0
0.0
0.0
0.0
0.0
0.0
0.0
0.0
0.0
0.0
0.0
0.0
0.0
0.0
0.0
0.0
0.0
0.0
0.0
0.0
0.0
0.0
0.0
0.0
0.0
0.0
0.0
0.0
0.0
0.0
0.0
0.0
0.0
0.0
0.0
0.0
0.0
0.0
0.0
0.0
0.0
0.0
0.0
0.0
0.0
0.0
0.0
0.0
0.0
0.0
0.0
0.0
0.0
0.0
0.0
0.0
0.0
0.0
0.0
0.0
0.0
0.0
0.0
0.0
0.0
0.0
0.0
0.0
0.0
0.0
0.0
0.0
0.0
0.0
0.0
0.0
0.0
0.0
0.0
0.0
0.0
0.0
0.0
0.0
0.0
0.0
0.0
0.0
0.0
0.0
0.0
0.0
0.0
0.0
0.0
0.0
0.0
0.0
0.0
0.0
0.0
0.0
0.0
0.0
0.0
0.0
0.0
0.0
0.0
0.0
0.0
0.0
0.0
0.0
0.0
0.0
0.0
0.0
0.0
0.0
0.0
1.0
0.0
0.0
0.0
0.0
0.0
0.0
0.0
0.0
0.0
0.0
0.0
0.0
0.0
0.0
0.0
0.0
0.0
0.0
0.0
0.0
0.0
0.0
0.0
0.0
0.0
0.0
0.0
0.0
0.0
0.0
0.0
0.0
0.0
0.0
0.0
0.0
0.0
0.0
0.0
0.0
0.0
0.0
0.0
0.0
0.0
0.0
0.0
0.0
0.0
0.0
0.0
0.0
0.0
0.0
0.0
0.0
0.0
0.0
0.0
0.0
0.0
0.0
0.0
0.0
0.0
0.0
0.0
0.0
0.0
0.0
0.0
0.0
0.0
0.0
0.0
0.0
0.0
0.0
0.0
0.0
0.0
0.0
0.0
1.0
0.0
0.0
0.0
0.0
0.0
0.0
0.0
0.0
0.0
0.0
0.0
0.0
0.0
0.0
0.0
0.0
0.0
0.0
0.0
0.0
0.0
0.0
0.0
0.0
0.0
0.0
0.0
0.0
0.0
-1.0
0.0
0.0
0.0
0.0
0.0
0.0
0.0
0.0
0.0
0.0
0.0
0.0
0.0
0.0
0.0
0.0
0.0
0.0
0.0
0.0
0.0
0.0
0.0
0.0
0.0
1.0
0.0
0.0
0.0
0.0
0.0
0.0
0.0
0.0
0.0
0.0
0.0
0.0
0.0
0.0
0.0
0.0
0.0
0.0
0.0
0.0
0.0
0.0
0.0
-1.0
0.0
0.0
0.0
0.0
0.0
0.0
0.0
0.0
0.0
0.0
0.0
0.0
0.0
0.0
0.0
0.0
0.0
0.0
0.0
0.0
0.0
-1.0
0.0
1.0
0.0
-1.0
-2.0
-1.0
0.0
0.0
0.0
0.0
0.0
0.0
0.0
0.0
0.0
1.0
0.0
0.0
0.0
0.0
0.0
0.0
0.0
0.0
0.0
0.0
0.0
0.0
0.0
0.0
0.0
0.0
0.0
0.0
0.0
0.0
0.0
0.0
0.0
0.0
0.0
0.0
0.0
0.0
0.0
0.0
0.0
0.0
0.0
0.0
0.0
0.0
0.0
0.0
0.0
0.0
0.0
0.0
0.0
0.0
0.0
0.0
0.0
1.0
0.0
0.0
0.0
0.0
0.0
0.0
0.0
0.0
0.0
0.0
0.0
0.0
0.0
0.0
0.0
0.0
0.0
0.0
0.0
0.0
0.0
0.0
0.0
0.0
0.0
0.0
0.0
0.0
0.0
0.0
0.0
0.0
0.0
0.0
0.0
0.0
0.0
0.0
0.0
0.0
0.0
0.0
0.0
0.0
-1.0
0.0
0.0
0.0
0.0
-1.0
0.0
0.0
0.0
0.0
0.0
0.0
0.0
0.0
0.0
0.0
0.0
0.0
0.0
0.0
0.0
0.0
0.0
0.0
0.0
0.0
0.0
0.0
0.0
0.0
0.0
0.0
0.0
0.0
0.0
0.0
0.0
0.0
0.0
0.0
0.0
0.0
0.0
0.0
0.0
0.0
0.0
0.0
0.0
0.0
0.0
0.0
0.0
0.0
0.0
0.0
0.0
0.0
0.0
0.0
0.0
0.0
0.0
0.0
0.0
0.0
0.0
0.0
0.0
0.0
0.0
0.0
0.0
0.0
0.0
0.0
0.0
0.0
0.0
0.0
0.0
0.0
1.0
0.0
0.0
0.0
0.0
0.0
0.0
0.0
0.0
0.0
0.0
0.0
0.0
0.0
0.0
0.0
0.0
-1.0
0.0
0.0
0.0
0.0
0.0
0.0
0.0
0.0
0.0
0.0
0.0
0.0
0.0
0.0
0.0
0.0
0.0
-1.0
0.0
0.0
-1.0
0.0
0.0
0.0
-1.0
0.0
0.0
0.0
0.0
1.0
0.0
0.0
0.0
0.0
0.0
0.0
0.0
0.0
0.0
0.0
0.0
0.0
0.0
0.0
0.0
0.0
0.0
0.0
0.0
0.0
0.0
0.0
0.0
0.0
0.0
0.0
0.0
0.0
0.0
0.0
0.0
0.0
0.0
0.0
0.0
0.0
0.0
0.0
0.0
0.0
1.0
0.0
0.0
0.0
0.0
0.0
0.0
0.0
0.0
1.0
0.0
0.0
0.0
0.0
0.0
0.0
0.0
0.0
0.0
0.0
0.0
0.0
0.0
0.0
0.0
0.0
0.0
0.0
0.0
0.0
0.0
0.0
0.0
0.0
1.0
0.0
0.0
0.0
0.0
0.0
0.0
0.0
0.0
0.0
0.0
0.0
0.0
0.0
0.0
0.0
0.0
0.0
0.0
0.0
0.0
0.0
0.0
0.0
0.0
0.0
0.0
0.0
0.0
0.0
0.0
0.0
0.0
0.0
0.0
0.0
0.0
0.0
0.0
0.0
0.0
0.0
0.0
0.0
0.0
0.0
0.0
0.0
0.0
0.0
0.0
0.0
0.0
0.0
0.0
0.0
0.0
0.0
0.0
0.0
0.0
0.0
0.0
0.0
0.0
0.0
0.0
0.0
0.0
0.0
0.0
0.0
0.0
-1.0
0.0
0.0
0.0
0.0
-1.0
0.0
0.0
0.0
0.0
0.0
0.0
0.0
1.0
0.0
0.0
0.0
0.0
0.0
0.0
0.0
0.0
0.0
0.0
0.0
0.0
0.0
0.0
0.0
0.0
0.0
0.0
0.0
0.0
0.0
-1.0
0.0
0.0
0.0
0.0
0.0
0.0
0.0
0.0
0.0
0.0
0.0
-1.0
0.0
0.0
0.0
0.0
0.0
0.0
0.0
0.0
0.0
0.0
0.0
0.0
0.0
0.0
0.0
0.0
0.0
1.0
0.0
0.0
0.0
0.0
0.0
0.0
0.0
-1.0
0.0
0.0
0.0
0.0
0.0
0.0
0.0
0.0
0.0
0.0
0.0
0.0
0.0
0.0
0.0
0.0
0.0
0.0
0.0
0.0
0.0
0.0
0.0
0.0
0.0
0.0
0.0
0.0
0.0
0.0
0.0
0.0
0.0
0.0
0.0
0.0
0.0
0.0
0.0
0.0
0.0
0.0
0.0
0.0
-1.0
0.0
0.0
0.0
0.0
0.0
0.0
0.0
0.0
0.0
0.0
0.0
0.0
0.0
0.0
0.0
0.0
0.0
0.0
0.0
-1.0
0.0
0.0
0.0
-1.0
0.0
0.0
0.0
0.0
0.0
0.0
0.0
-1.0
0.0
0.0
0.0
0.0
0.0
0.0
0.0
0.0
0.0
-1.0
0.0
0.0
0.0
0.0
0.0
0.0
0.0
0.0
0.0
0.0
0.0
0.0
1.0
0.0
0.0
0.0
-1.0
0.0
0.0
-1.0
-1.0
0.0
0.0
0.0
0.0
0.0
0.0
0.0
0.0
0.0
0.0
0.0
0.0
0.0
0.0
0.0
0.0
0.0
0.0
0.0
0.0
0.0
0.0
0.0
0.0
0.0
0.0
0.0
0.0
0.0
0.0
0.0
0.0
0.0
0.0
0.0
1.0
0.0
0.0
0.0
-1.0
0.0
0.0
0.0
0.0
0.0
0.0
0.0
0.0
0.0
0.0
0.0
0.0
-1.0
0.0
0.0
0.0
0.0
0.0
1.0
0.0
0.0
0.0
0.0
0.0
0.0
0.0
0.0
0.0
0.0
0.0
0.0
0.0
0.0
0.0
0.0
0.0
0.0
0.0
0.0
0.0
0.0
0.0
0.0
0.0
0.0
0.0
1.0
0.0
0.0
0.0
0.0
0.0
0.0
0.0
0.0
0.0
0.0
0.0
0.0
0.0
-1.0
0.0
0.0
0.0
-1.0
0.0
1.0
0.0
0.0
1.0
1.0
0.0
0.0
0.0
0.0
0.0
0.0
0.0
0.0
0.0
0.0
0.0
1.0
0.0
0.0
0.0
0.0
0.0
0.0
0.0
1.0
0.0
0.0
0.0
1.0
0.0
0.0
0.0
0.0
0.0
-1.0
0.0
0.0
0.0
0.0
0.0
0.0
0.0
0.0
0.0
0.0
0.0
0.0
0.0
0.0
0.0
1.0
0.0
0.0
1.0
0.0
0.0
0.0
0.0
0.0
0.0
0.0
0.0
0.0
0.0
0.0
1.0
0.0
0.0
0.0
0.0
0.0
0.0
0.0
0.0
-1.0
0.0
0.0
0.0
0.0
0.0
0.0
0.0
0.0
0.0
1.0
0.0
0.0
0.0
0.0
2.0
0.0
0.0
0.0
0.0
0.0
0.0
0.0
0.0
0.0
0.0
0.0
0.0
0.0
0.0
0.0
0.0
0.0
0.0
0.0
0.0
0.0
0.0
0.0
0.0
1.0
0.0
0.0
0.0
0.0
0.0
0.0
0.0
1.0
0.0
0.0
0.0
0.0
0.0
0.0
0.0
0.0
0.0
-1.0
0.0
0.0
0.0
0.0
0.0
0.0
0.0
0.0
0.0
0.0
0.0
0.0
0.0
0.0
0.0
-1.0
0.0
-1.0
0.0
0.0
0.0
0.0
0.0
0.0
0.0
0.0
1.0
0.0
0.0
0.0
0.0
0.0
0.0
0.0
0.0
0.0
0.0
0.0
0.0
1.0
0.0
0.0
0.0
0.0
0.0
0.0
0.0
0.0
0.0
0.0
0.0
0.0
0.0
0.0
0.0
0.0
0.0
0.0
0.0
0.0
0.0
0.0
0.0
0.0
-1.0
0.0
0.0
0.0
0.0
0.0
0.0
0.0
0.0
0.0
0.0
0.0
0.0
0.0
0.0
0.0
0.0
0.0
0.0
0.0
0.0
0.0
0.0
0.0
0.0
0.0
0.0
0.0
1.0
0.0
0.0
0.0
0.0
0.0
0.0
0.0
0.0
0.0
0.0
0.0
0.0
0.0
-2.0
0.0
0.0
0.0
0.0
0.0
0.0
0.0
0.0
0.0
0.0
0.0
0.0
1.0
0.0
0.0
0.0
0.0
0.0
0.0
0.0
0.0
0.0
0.0
0.0
-1.0
0.0
0.0
0.0
1.0
0.0
0.0
0.0
0.0
0.0
0.0
0.0
0.0
0.0
0.0
0.0
0.0
0.0
0.0
0.0
1.0
0.0
0.0
0.0
0.0
0.0
0.0
0.0
0.0
0.0
0.0
0.0
0.0
0.0
0.0
1.0
0.0
0.0
0.0
0.0
0.0
0.0
0.0
0.0
0.0
0.0
0.0
0.0
0.0
0.0
0.0
0.0
0.0
0.0
0.0
0.0
0.0
0.0
0.0
0.0
0.0
0.0
0.0
0.0
0.0
0.0
0.0
0.0
0.0
0.0
0.0
0.0
0.0
0.0
0.0
0.0
0.0
0.0
0.0
0.0
0.0
0.0
0.0
0.0
0.0
0.0
0.0
0.0
0.0
0.0
0.0
0.0
0.0
0.0
0.0
0.0
0.0
0.0
0.0
0.0
0.0
0.0
0.0
0.0
0.0
0.0
0.0
0.0
0.0
0.0
0.0
0.0
0.0
0.0
0.0
0.0
0.0
0.0
0.0
0.0
0.0
0.0
0.0
0.0
0.0
0.0
0.0
0.0
0.0
0.0
0.0
0.0
0.0
0.0
0.0
0.0
0.0
0.0
0.0
0.0
0.0
0.0
0.0
0.0
0.0
0.0
0.0
0.0
0.0
0.0
0.0
0.0
0.0
0.0
0.0
0.0
0.0
0.0
0.0
0.0
0.0
0.0
0.0
0.0
0.0
0.0
0.0
0.0
0.0
2212.0
286720.0
26552.0
290816.0
0.0
0.0
0.0
0.0
0.0
0.0
0.0
0.0
0.0
0.0
0.0
0.0
0.0
0.0
0.0
0.0
0.0
0.0
0.0
0.0
0.0
0.0
0.0
0.0
