0.031258766
0.004803998
0.005348278
0.0037428802
0.00537877
0.00474149
0.003322092
0.0039639464
0.004557014
0.004887851
0.00370629
0.0037001914
0.0035446829
0.0024637452
0.0043283245
0.00359347
0.0040645697
0.004073717
0.0055327546
0.0033434364
0.0031848785
0.0035660272
0.0030415666
0.003947176
0.0037291588
0.004142324
0.0023387284
0.0035462074
0.003960897
0.004168242
0.003024796
0.004500604
0.0048146704
0.0038587493
0.0037413556
0.0042642914
0.0059840344
0.0051256875
0.0028875824
0.0040691434
0.002693959
0.0028205004
0.0031055994
0.0033327641
0.0028296479
0.0027061556
0.0041926354
0.0037291588
0.0039334544
0.0033068461
0.0033388624
0.0047048996
0.002148154
0.0026101063
0.003152862
0.0036895194
0.004162144
0.0036010928
0.0038983887
0.0062965765
0.0032763542
0.003152862
0.0040173074
0.0053437045
0.0040660943
0.004050848
0.003145239
0.0036544537
0.003991389
0.003155911
0.0031284685
0.004424374
0.0043694885
0.0048939493
0.0033068461
0.004485358
0.0030949274
0.0024134335
0.0044365707
0.004050848
0.0028022053
0.0026970082
0.0027366476
0.0035797486
0.0036163388
0.004084389
0.0028921564
0.0038770444
0.002927222
0.0029135006
0.0026878605
0.0039868155
0.0031620096
0.0049854247
0.0030293697
0.004073717
0.004169767
0.0034211907
0.003111698
0.0033022722
0.004134701
0.0027092048
0.0022518265
0.0057660174
0.0021679737
0.0024347778
0.0018295137
0.004285636
0.0039944383
0.0026726145
0.0041240286
0.004003586
0.00396852
0.0034486332
0.0027595165
0.0047841785
0.004636293
0.005113491
0.0060023298
0.007068021
0.0033083707
0.0029363695
0.0025719914
0.0039227824
0.0055022626
0.0024667943
0.0040691434
0.006118199
0.0043755868
0.0042261765
0.004803998
0.0034028955
0.003916684
0.0030385174
0.00295314
0.004070668
0.003578224
0.0038191099
0.0031665834
0.0029729598
0.0042688656
0.0034181415
0.0039060118
0.0034623547
0.004122504
0.004232275
0.0055464758
0.0034791252
0.0022899413
0.0026421228
0.0025506471
0.0037703228
0.0030583371
0.003363256
0.0020444817
0.002832697
0.0035462074
0.0060892315
0.0037230605
0.005086048
0.0030979766
0.0025033846
0.0026024831
0.0026344997
0.0030873043
0.002181695
0.0023844661
0.0042002588
0.0024317286
0.0029287466
0.0043069804
0.0030004026
0.0026527948
0.0038206344
0.00419416
0.003732208
0.003796241
0.0031589603
0.0033525839
0.0033891741
0.0022594493
0.0038877167
0.003419666
0.0042155045
0.0032260425
0.003619388
0.0055129346
0.0069277585
0.0027884839
0.003242813
0.0039029627
0.004959507
0.0044746855
0.0043481444
0.0037200113
0.004152996
0.0037703228
0.003224518
0.004578358
0.0033358133
0.0041331765
0.004560063
0.0019209894
0.0021832197
0.0033525839
0.0026832868
0.005552574
0.0048817527
0.0030629109
0.0027640902
0.0027961067
0.0031284685
0.0020139897
0.0033800267
0.0037276342
0.0040584714
0.0039639464
0.0039974875
0.003637683
0.0034958958
0.0037672736
0.00716712
0.0030690092
0.0048695556
0.0047277682
0.0043618656
0.003893815
0.005105868
0.0044487673
0.0018142677
0.0039151595
0.004669834
0.0038160607
0.003867897
0.003450158
0.0035766994
0.0043130787
0.004657637
0.0068484796
0.0041956846
0.0049137687
0.005634902
0.0038922904
0.0038145361
0.0033510593
0.0018676285
0.0029424678
0.0038496018
0.0073698913
0.0048939493
0.0026802376
0.0030217469
0.006862201
0.0033251413
0.0062996256
0.006598446
0.015634933
1.5282668e-06
0.0
2.2924003e-06
1.5282668e-06
0.0
7.641334e-07
1.5282668e-06
7.641334e-07
0.0
7.641334e-07
7.641334e-07
0.0
3.0565336e-06
1.5282668e-06
0.0
0.0
0.0
0.0
0.0
0.0
0.0
0.0
0.0
0.0
0.0
0.0
0.0
0.0
0.0
0.0
0.0
0.0014610231
1.0697868e-05
1.6810935e-05
7.641334e-07
1.3754401e-05
3.820667e-06
2.215987e-05
1.1462002e-05
2.2924003e-06
7.641334e-07
7.641334e-07
6.1130672e-06
3.0565336e-06
3.820667e-06
5.348934e-06
2.2924003e-06
0.0027707478
3.0565336e-06
2.5980537e-05
3.8206672e-05
4.279147e-05
2.5980537e-05
0.00014977015
5.6545872e-05
3.0565336e-06
1.5282668e-06
3.0565336e-06
4.5848005e-06
0.0
0.0
3.0565336e-06
1.5282668e-06
0.0025842993
0.00018262789
9.933735e-05
2.215987e-05
1.1462002e-05
2.8272936e-05
6.41872e-05
6.265894e-05
3.132947e-05
9.169601e-06
7.641334e-06
9.169601e-06
3.820667e-06
1.1462002e-05
7.641334e-07
1.5282668e-06
0.0
0.0
0.0
0.0
0.0
0.0
0.0
0.0
0.0
0.0
0.0
0.0
0.0
0.0
0.0
0.0
0.0
0.0
0.0
0.00128298
0.001953125
0.0014587307
0.0
0.0
0.0
0.0
0.0
0.0
0.0
0.0
0.0
0.0
0.0007824726
0.0
0.0
0.00020249536
0.00033545456
0.0002445227
0.0
0.0
0.0
0.0
0.0
0.0
0.0
0.0
0.0
0.0
0.0010269952
9.475254e-05
6.8007874e-05
4.3555603e-05
3.132947e-05
1.9103336e-05
6.265894e-05
2.1395736e-05
3.8970804e-05
3.2857737e-05
2.2924003e-05
2.5216403e-05
2.215987e-05
2.7508802e-05
1.6810935e-05
1.0697868e-05
0.00089327194
0.00015206255
4.431974e-05
3.8970804e-05
6.877201e-05
5.578174e-05
0.00014671362
0.000113091744
1.60468e-05
4.5848005e-06
6.1130672e-06
5.348934e-06
8.405467e-06
5.348934e-06
1.5282668e-06
4.5848005e-06
0.00128298
0.0002567488
0.00016963761
0.00011844068
0.0003339263
0.00023458895
0.0012073308
0.00078934984
5.0432805e-05
3.4386005e-05
3.5150137e-05
3.20936e-05
0.000103922146
2.5216403e-05
3.820667e-06
1.6810935e-05
0.0008512446
9.933735e-05
9.398841e-05
8.7111206e-05
0.00019179749
0.00014594948
0.0005883827
0.0003637275
0.000102393875
0.000102393875
7.6413344e-05
7.717747e-05
0.00022007042
4.5848006e-05
4.3555603e-05
4.049907e-05
0.00054711953
3.6678404e-05
3.8970804e-05
4.1263203e-05
8.7111206e-05
7.794161e-05
0.00029801202
0.00016428868
4.8904538e-05
3.20936e-05
3.591427e-05
3.20936e-05
9.093188e-05
1.6810935e-05
9.933734e-06
6.8772006e-06
0.0
0.0
0.0
0.0
0.0
0.0
0.0
0.0
0.0
0.0
0.0
0.0
0.0
0.0
0.0
0.0
0.00036296336
9.628081e-05
7.335681e-05
9.322428e-05
6.877201e-05
8.634708e-05
0.00018262789
0.00015206255
2.5980537e-05
3.591427e-05
4.1263203e-05
6.18948e-05
4.279147e-05
7.106441e-05
5.1961073e-05
0.00011844068
0.06468007
0.059367053
0.059653603
0.05837979
0.056956977
0.051303916
0.051766217
0.067094736
0.059201237
0.05826288
0.04964957
0.06154789
0.060520895
0.058829103
0.06768388
0.07128371
2753.0
8.004359
22036.0
0.011208931
0.00798693
0.008213832
0.008985297
0.010845888
0.008123071
0.005354874
0.008894537
0.0053094937
0.0051279725
0.006035578
0.0042203665
0.0054456345
0.0048556905
0.009756762
0.005354874
0.014385551
0.012524959
0.013069523
0.0126611
0.009030677
0.008985297
0.012842621
0.014430931
0.012933382
0.010392086
0.008894537
0.010891269
0.0068978034
0.0048556905
0.010029043
0.00798693
0.0078054094
0.016064622
0.011390452
0.014158649
0.0145670725
0.011935015
0.013024142
0.014612452
0.015429297
0.015565438
0.013114903
0.013477945
0.011254312
0.010528226
0.012842621
0.014113269
0.012479579
0.010664367
0.011753494
0.01420403
0.013296424
0.014113269
0.011889636
0.014113269
0.010573607
0.0106189875
0.010255945
0.005990198
0.0061263386
0.008395353
0.005854057
0.0075331274
0.008667635
0.011617353
0.010210564
0.011617353
0.010573607
0.020330368
0.005990198
0.015247776
0.0051733525
0.0124341985
0.0037665637
0.008576875
0.012388818
0.008123071
0.011753494
0.013568706
0.010074424
0.0057632965
0.015247776
0.014476311
0.019422762
0.01270648
0.010165184
0.016972227
0.0070339446
0.0067616627
0.0065801414
0.0049918317
0.011980396
0.0036758033
0.010982029
0.008849156
6.496517
1.0
0.0
0.0
6.0
655912.0
663552.0
0.0
0.0
1.0
1.0
1.0
0.0
0.0
0.0
1309560800.0
0.0
0.0
0.0
0.0
0.0
1.0
0.0
0.0
0.0
0.0
0.0
0.0
-1.0
1.0
0.0
0.0
0.0
0.0
0.0
0.0
0.0
0.0
0.0
0.0
0.0
0.0
0.0
0.0
-1.0
0.0
0.0
-1.0
0.0
0.0
0.0
0.0
0.0
0.0
-1.0
0.0
0.0
-1.0
0.0
0.0
0.0
0.0
0.0
0.0
0.0
0.0
0.0
0.0
8.0
0.0
4.0
0.0
4.0
0.0
638976.0
4096.0
4096.0
3.0
0.0
0.0
1.0
0.0
0.0
0.0
0.0
0.0
0.0
-4096.0
0.0
0.0
0.0
0.0
0.0
0.0
0.0
0.0
0.0
0.0
0.0
0.0
0.0
0.0
0.0
0.0
0.0
0.0
0.0
0.0
0.0
0.0
0.0
0.0
0.0
0.0
0.0
0.0
0.0
0.0
0.0
0.0
0.0
0.0
0.0
-638976.0
0.0
4096.0
0.0
0.0
0.0
0.0
0.0
0.0
0.0
0.0
0.0
0.0
0.0
-1.9473388
0.0
0.0
0.0
0.0
0.0
0.0
0.0
0.0
0.0
0.0
0.0
0.0
0.0
0.0
0.0
0.0
0.0
0.0
0.0
0.0
0.0
0.0
0.0
0.0
0.0
0.0
0.0
0.0
0.0
0.0
0.0
0.0
0.0
0.0
0.0
-7.9438057
0.0
3.0456812
0.0
0.0
0.0
0.0
0.0
0.0
0.0
0.0
0.0
0.0
0.0
-12.0
0.0
0.0
0.0
0.0
0.0
0.0
0.0
0.0
0.0
0.0
0.0
0.0
0.0
0.0
0.0
0.0
0.0
0.0
0.0
0.0
0.0
0.0
0.0
0.0
0.0
0.0
0.0
0.0
0.0
0.0
0.0
0.0
0.0
0.0
0.0
-635508.0
0.0
688.0
0.0
0.0
0.0
0.0
0.0
0.0
0.0
0.0
0.0
-1.0
0.0
0.0
0.0
0.0
0.0
1.0
0.0
0.0
0.0
0.0
0.0
0.0
0.0
0.0
0.0
0.0
0.0
0.0
0.0
0.0
0.0
0.0
0.0
0.0
0.0
0.0
0.0
0.0
0.0
0.0
0.0
0.0
0.0
0.0
0.0
-2.0
0.0
0.0
0.0
1.0
0.0
0.0
0.0
0.0
0.0
0.0
0.0
0.0
0.0
0.0
0.0
0.0
0.0
0.0
0.0
0.0
0.0
0.0
0.0
-1.0
0.0
0.0
0.0
0.0
0.0
0.0
0.0
0.0
0.0
1.0
0.0
0.0
0.0
0.0
1.0
0.0
0.0
0.0
0.0
0.0
0.0
0.0
0.0
0.0
0.0
0.0
0.0
0.0
0.0
0.0
0.0
0.0
0.0
0.0
0.0
0.0
0.0
0.0
0.0
0.0
0.0
0.0
0.0
0.0
0.0
0.0
0.0
0.0
0.0
0.0
0.0
0.0
0.0
0.0
0.0
0.0
0.0
0.0
0.0
0.0
0.0
0.0
0.0
0.0
0.0
0.0
0.0
0.0
1.0
0.0
0.0
0.0
0.0
0.0
0.0
0.0
0.0
0.0
0.0
0.0
0.0
0.0
0.0
0.0
0.0
0.0
0.0
0.0
0.0
0.0
0.0
0.0
0.0
0.0
0.0
0.0
0.0
0.0
0.0
0.0
0.0
0.0
0.0
0.0
0.0
0.0
0.0
0.0
0.0
0.0
0.0
0.0
0.0
0.0
0.0
0.0
0.0
0.0
0.0
0.0
0.0
0.0
0.0
0.0
0.0
0.0
0.0
0.0
0.0
0.0
0.0
0.0
0.0
0.0
0.0
0.0
0.0
0.0
0.0
0.0
0.0
0.0
0.0
0.0
0.0
0.0
0.0
0.0
0.0
0.0
0.0
0.0
0.0
0.0
0.0
0.0
0.0
0.0
0.0
0.0
0.0
0.0
0.0
0.0
0.0
0.0
0.0
0.0
0.0
0.0
0.0
0.0
0.0
0.0
0.0
0.0
0.0
0.0
0.0
0.0
0.0
0.0
0.0
0.0
0.0
0.0
0.0
0.0
0.0
0.0
0.0
0.0
0.0
0.0
0.0
0.0
0.0
0.0
0.0
0.0
0.0
0.0
0.0
0.0
0.0
0.0
0.0
0.0
0.0
0.0
0.0
0.0
0.0
0.0
0.0
0.0
0.0
0.0
0.0
0.0
0.0
0.0
0.0
0.0
0.0
0.0
0.0
0.0
0.0
0.0
0.0
0.0
0.0
0.0
0.0
0.0
0.0
0.0
0.0
0.0
0.0
0.0
0.0
0.0
0.0
0.0
0.0
0.0
0.0
0.0
0.0
0.0
0.0
0.0
0.0
0.0
0.0
0.0
0.0
0.0
0.0
0.0
0.0
0.0
0.0
0.0
0.0
0.0
0.0
0.0
0.0
0.0
0.0
0.0
0.0
0.0
0.0
0.0
0.0
0.0
0.0
0.0
0.0
0.0
0.0
0.0
0.0
0.0
0.0
0.0
0.0
0.0
0.0
0.0
0.0
0.0
0.0
0.0
0.0
0.0
0.0
0.0
0.0
0.0
0.0
0.0
0.0
0.0
0.0
0.0
0.0
0.0
0.0
0.0
0.0
0.0
0.0
0.0
0.0
0.0
0.0
0.0
0.0
0.0
0.0
0.0
0.0
0.0
0.0
0.0
0.0
0.0
0.0
0.0
0.0
0.0
0.0
0.0
0.0
0.0
0.0
0.0
0.0
0.0
0.0
0.0
0.0
0.0
0.0
0.0
0.0
0.0
0.0
0.0
0.0
0.0
0.0
0.0
0.0
0.0
0.0
0.0
0.0
0.0
0.0
0.0
0.0
0.0
0.0
0.0
0.0
0.0
0.0
0.0
0.0
0.0
0.0
0.0
0.0
0.0
0.0
0.0
0.0
0.0
0.0
0.0
0.0
0.0
0.0
0.0
0.0
0.0
0.0
0.0
0.0
0.0
0.0
0.0
0.0
0.0
0.0
0.0
0.0
0.0
0.0
0.0
0.0
0.0
0.0
0.0
0.0
0.0
0.0
0.0
0.0
0.0
0.0
0.0
0.0
0.0
0.0
0.0
0.0
0.0
0.0
0.0
0.0
0.0
0.0
0.0
0.0
0.0
0.0
0.0
0.0
0.0
0.0
0.0
0.0
0.0
0.0
0.0
0.0
0.0
0.0
0.0
0.0
0.0
0.0
0.0
0.0
0.0
0.0
0.0
0.0
0.0
0.0
0.0
0.0
0.0
0.0
0.0
0.0
0.0
0.0
0.0
0.0
0.0
0.0
0.0
0.0
0.0
0.0
0.0
0.0
0.0
0.0
0.0
0.0
0.0
0.0
0.0
0.0
0.0
0.0
0.0
0.0
0.0
0.0
0.0
0.0
0.0
0.0
0.0
0.0
0.0
0.0
0.0
0.0
0.0
0.0
0.0
0.0
0.0
0.0
0.0
0.0
0.0
0.0
0.0
0.0
0.0
0.0
0.0
0.0
0.0
0.0
0.0
0.0
0.0
0.0
0.0
0.0
0.0
0.0
0.0
0.0
0.0
0.0
0.0
0.0
0.0
0.0
0.0
0.0
0.0
0.0
0.0
0.0
0.0
0.0
0.0
0.0
0.0
0.0
0.0
0.0
0.0
0.0
0.0
0.0
0.0
0.0
0.0
0.0
0.0
0.0
0.0
0.0
0.0
0.0
0.0
0.0
0.0
0.0
0.0
0.0
0.0
0.0
0.0
0.0
0.0
0.0
0.0
0.0
0.0
0.0
0.0
0.0
0.0
0.0
0.0
0.0
0.0
0.0
0.0
0.0
0.0
0.0
0.0
0.0
0.0
0.0
0.0
0.0
0.0
0.0
0.0
0.0
0.0
0.0
0.0
0.0
0.0
0.0
0.0
0.0
0.0
0.0
0.0
0.0
0.0
0.0
0.0
0.0
0.0
0.0
0.0
0.0
0.0
0.0
0.0
0.0
0.0
0.0
0.0
0.0
0.0
0.0
0.0
0.0
0.0
0.0
0.0
0.0
0.0
0.0
0.0
0.0
0.0
0.0
0.0
0.0
0.0
0.0
0.0
0.0
0.0
0.0
0.0
0.0
0.0
-1.0
0.0
0.0
0.0
0.0
0.0
0.0
0.0
0.0
0.0
0.0
0.0
0.0
0.0
0.0
0.0
0.0
0.0
0.0
0.0
0.0
0.0
0.0
0.0
0.0
0.0
0.0
0.0
0.0
0.0
0.0
0.0
0.0
0.0
0.0
0.0
0.0
0.0
0.0
0.0
0.0
0.0
0.0
0.0
0.0
0.0
0.0
0.0
0.0
0.0
0.0
0.0
0.0
0.0
0.0
0.0
0.0
0.0
0.0
0.0
0.0
0.0
0.0
0.0
0.0
0.0
0.0
0.0
0.0
0.0
0.0
0.0
0.0
0.0
0.0
0.0
0.0
0.0
0.0
0.0
0.0
0.0
0.0
0.0
0.0
0.0
0.0
0.0
0.0
0.0
0.0
0.0
0.0
0.0
0.0
0.0
0.0
0.0
0.0
0.0
0.0
0.0
0.0
0.0
0.0
0.0
0.0
0.0
0.0
0.0
0.0
0.0
0.0
0.0
0.0
0.0
0.0
0.0
0.0
0.0
0.0
0.0
0.0
0.0
0.0
0.0
0.0
0.0
0.0
0.0
0.0
0.0
0.0
0.0
0.0
0.0
0.0
0.0
0.0
0.0
0.0
0.0
0.0
0.0
0.0
0.0
0.0
0.0
0.0
0.0
0.0
0.0
0.0
0.0
0.0
0.0
0.0
0.0
0.0
0.0
0.0
0.0
0.0
0.0
0.0
0.0
0.0
0.0
0.0
0.0
0.0
0.0
0.0
0.0
0.0
0.0
0.0
0.0
0.0
0.0
0.0
0.0
0.0
0.0
0.0
0.0
0.0
0.0
0.0
0.0
0.0
0.0
0.0
0.0
0.0
0.0
0.0
0.0
0.0
0.0
0.0
0.0
0.0
0.0
0.0
0.0
0.0
0.0
0.0
0.0
0.0
0.0
0.0
0.0
0.0
0.0
0.0
0.0
0.0
0.0
0.0
0.0
0.0
0.0
0.0
0.0
0.0
0.0
0.0
0.0
0.0
0.0
0.0
0.0
0.0
0.0
0.0
0.0
0.0
0.0
0.0
0.0
0.0
0.0
0.0
0.0
0.0
0.0
0.0
0.0
0.0
0.0
0.0
0.0
0.0
0.0
0.0
0.0
0.0
0.0
0.0
0.0
0.0
0.0
0.0
0.0
0.0
0.0
0.0
0.0
0.0
0.0
0.0
0.0
0.0
0.0
0.0
0.0
0.0
0.0
0.0
0.0
0.0
0.0
0.0
0.0
0.0
0.0
0.0
0.0
0.0
0.0
0.0
0.0
0.0
0.0
0.0
0.0
0.0
0.0
0.0
0.0
0.0
0.0
0.0
0.0
0.0
0.0
0.0
0.0
0.0
0.0
0.0
0.0
0.0
0.0
0.0
0.0
0.0
0.0
0.0
0.0
0.0
0.0
0.0
0.0
0.0
0.0
0.0
0.0
0.0
0.0
0.0
0.0
0.0
0.0
0.0
0.0
0.0
0.0
0.0
0.0
0.0
0.0
0.0
0.0
0.0
0.0
0.0
0.0
0.0
0.0
0.0
0.0
0.0
0.0
0.0
0.0
0.0
0.0
0.0
0.0
0.0
0.0
0.0
0.0
0.0
0.0
0.0
0.0
0.0
0.0
0.0
0.0
0.0
0.0
0.0
0.0
0.0
0.0
0.0
0.0
0.0
0.0
0.0
0.0
0.0
0.0
0.0
0.0
0.0
0.0
0.0
0.0
0.0
0.0
0.0
0.0
0.0
0.0
0.0
0.0
0.0
0.0
0.0
0.0
0.0
0.0
0.0
0.0
0.0
0.0
0.0
0.0
0.0
0.0
0.0
0.0
0.0
0.0
0.0
0.0
0.0
0.0
0.0
0.0
0.0
0.0
0.0
0.0
0.0
0.0
0.0
0.0
0.0
0.0
0.0
0.0
0.0
0.0
0.0
0.0
0.0
0.0
0.0
0.0
0.0
0.0
0.0
0.0
0.0
0.0
0.0
0.0
0.0
0.0
0.0
0.0
0.0
0.0
0.0
0.0
0.0
0.0
0.0
0.0
0.0
0.0
0.0
0.0
0.0
0.0
0.0
0.0
0.0
0.0
0.0
0.0
0.0
0.0
0.0
0.0
0.0
0.0
0.0
0.0
0.0
0.0
0.0
0.0
0.0
0.0
0.0
0.0
0.0
0.0
0.0
0.0
0.0
0.0
0.0
0.0
0.0
0.0
0.0
0.0
0.0
0.0
0.0
0.0
0.0
0.0
0.0
0.0
0.0
0.0
0.0
0.0
0.0
0.0
0.0
0.0
0.0
0.0
0.0
0.0
0.0
0.0
0.0
0.0
0.0
0.0
0.0
0.0
0.0
0.0
0.0
0.0
0.0
0.0
0.0
0.0
0.0
0.0
0.0
0.0
0.0
0.0
0.0
0.0
0.0
0.0
0.0
0.0
0.0
0.0
0.0
0.0
0.0
0.0
0.0
0.0
0.0
0.0
0.0
0.0
0.0
0.0
0.0
0.0
0.0
0.0
0.0
0.0
0.0
0.0
0.0
0.0
0.0
0.0
0.0
0.0
0.0
0.0
0.0
0.0
0.0
0.0
0.0
0.0
0.0
0.0
0.0
0.0
0.0
0.0
0.0
0.0
0.0
0.0
0.0
0.0
0.0
0.0
0.0
0.0
0.0
0.0
0.0
0.0
0.0
0.0
0.0
0.0
0.0
0.0
0.0
0.0
0.0
0.0
0.0
0.0
0.0
0.0
0.0
0.0
0.0
0.0
0.0
0.0
0.0
0.0
0.0
0.0
0.0
0.0
0.0
0.0
0.0
0.0
0.0
0.0
0.0
0.0
0.0
0.0
0.0
0.0
0.0
0.0
0.0
0.0
0.0
0.0
0.0
0.0
0.0
0.0
0.0
0.0
0.0
0.0
0.0
0.0
0.0
0.0
0.0
0.0
0.0
0.0
0.0
0.0
0.0
0.0
0.0
0.0
0.0
0.0
0.0
0.0
0.0
0.0
0.0
0.0
0.0
0.0
0.0
0.0
0.0
0.0
0.0
0.0
0.0
0.0
0.0
0.0
0.0
0.0
0.0
0.0
0.0
0.0
0.0
0.0
0.0
0.0
0.0
0.0
0.0
0.0
0.0
0.0
0.0
0.0
0.0
0.0
0.0
0.0
0.0
0.0
0.0
0.0
0.0
0.0
0.0
0.0
0.0
0.0
0.0
0.0
0.0
0.0
0.0
0.0
0.0
0.0
0.0
0.0
0.0
0.0
0.0
0.0
0.0
0.0
0.0
0.0
0.0
0.0
0.0
0.0
0.0
0.0
0.0
0.0
0.0
0.0
0.0
0.0
0.0
0.0
0.0
0.0
0.0
0.0
0.0
0.0
0.0
0.0
0.0
0.0
0.0
0.0
0.0
0.0
0.0
0.0
0.0
0.0
0.0
0.0
0.0
0.0
0.0
0.0
0.0
0.0
0.0
0.0
0.0
0.0
0.0
0.0
0.0
0.0
83.0
643608.0
688.0
647168.0
0.0
0.0
0.0
0.0
12.0
655360.0
0.0
0.0
0.0
0.0
0.0
0.0
0.0
0.0
0.0
0.0
0.0
0.0
8.0
8192.0
0.0
0.0
72.0
8200.0
