0.25908995
0.010132787
0.0037541713
0.00411916
0.0053184093
0.0025549221
0.0026939656
0.0024854005
0.004466769
0.0015120967
0.003458704
0.0015816184
0.004275584
0.0032849
0.0015468576
0.0048665185
0.007908092
0.0038063126
0.0019639877
0.0015468576
0.0028677697
0.0061526694
0.001564238
0.0016337597
0.0027808677
0.0014947164
0.0010428254
0.0010775862
0.0014599555
0.0011297275
0.0017206619
0.0011818687
0.009837319
0.0012687709
0.0014947164
0.0010080645
0.0040148776
0.002833009
0.0014773359
0.0016511402
0.0017901835
0.0015468576
0.001564238
0.0021030311
0.0018770857
0.002798248
0.0037715517
0.0021030311
0.0019118465
0.0019813683
0.00205089
0.0051967464
0.0025375418
0.0026592046
0.0009211624
0.0015120967
0.0016511402
0.0018249444
0.001355673
0.0026070634
0.0035629866
0.0025549221
0.0018597052
0.001564238
0.0045015295
0.031823553
0.0024332593
0.0030241935
0.0030589544
0.011627503
0.0046579535
0.0024332593
0.0018770857
0.0026418243
0.0015989989
0.0015468576
0.002259455
0.0034760844
0.0021899333
0.0017901835
0.022490267
0.002711346
0.0016163794
0.00453629
0.0025723025
0.0033196607
0.0047796164
0.004310345
0.0011644884
0.004310345
0.001355673
0.0019639877
0.0020856508
0.0019292269
0.0022942158
0.0027287262
0.0012513904
0.007890712
0.0018770857
0.0040843994
0.0048665185
0.01399124
0.0034239432
0.0019813683
0.0062221913
0.0070216907
0.0048491377
0.00123401
0.0065698
0.0039627366
0.0060657677
0.007247636
0.003823693
0.0011644884
0.008168799
0.0075604836
0.013921718
0.010984427
0.00205089
0.0024332593
0.0023115962
0.002798248
0.0017554227
0.0022420746
0.0039279754
0.0039627366
0.0015120967
0.0019118465
0.0066045607
0.0026418243
0.0011297275
0.0061005284
0.0029894328
0.007890712
0.0011992492
0.0007473582
0.0026244437
0.0041713016
0.0025027809
0.008412125
0.0014251947
0.0075431033
0.00079949945
0.0013382925
0.0015294772
0.0009385428
0.00071259734
0.0004692714
0.0009211624
0.0007647386
0.00081687985
0.0008342603
0.001025445
0.0016685206
0.0014251947
0.00057355396
0.0011818687
0.0011297275
0.0013209122
0.0011297275
0.0009385428
0.0010775862
0.0006083148
0.0009385428
0.0010428254
0.0006778365
0.00048665184
0.001025445
0.0013382925
0.0011992492
0.0015294772
0.0009211624
0.0011471079
0.00123401
0.0008690211
0.0009385428
0.00081687985
0.0015989989
0.00069521694
0.0011471079
0.0010080645
0.0008516407
0.0014773359
0.0026244437
0.0015468576
0.0011297275
0.0011471079
0.00081687985
0.0013382925
0.0016511402
0.003823693
0.0019118465
0.0071259732
0.0017206619
0.0020682702
0.0034413238
0.0024332593
0.001112347
0.0051098443
0.001564238
0.0018423249
0.0028851503
0.0019639877
0.0010602057
0.0019292269
0.0009906841
0.0009385428
0.0008516407
0.0011992492
0.00123401
0.00123401
0.0009733037
0.0009906841
0.0008516407
0.0018770857
0.0016337597
0.001685901
0.0009906841
0.0006083148
0.001685901
0.0012861512
0.0003823693
0.0006430756
0.0008342603
0.0013904339
0.0006604561
0.00088640157
0.0005561735
0.001112347
0.00081687985
0.0006430756
0.0006430756
0.0054748333
0.0011818687
0.0008690211
0.0034760844
0.0035282257
0.0010775862
0.0011818687
0.00059093436
0.0025201612
0.00123401
0.0009733037
0.0010080645
0.0026244437
0.0010602057
0.002137792
0.0034239432
0.0037541713
0.0023637374
0.0024332593
0.001355673
0.0046231924
0.0018944661
0.004327725
0.041365407
0.109073155
0.0
0.0
1.7755681e-05
0.0
0.0
0.0
0.0
0.0
0.0
0.0
0.0
0.0
0.0
0.0
0.0
0.0
0.0
0.0
0.0
0.0
0.0
0.0
0.0
0.0
0.0
0.0
0.0
0.0
0.0
0.0
0.0
0.0
0.0
0.0
0.0
0.0
0.0
0.0
0.0
0.0
0.0
0.0
0.0
0.0
0.0
0.0
0.0
0.0
0.0
0.0
0.0
0.0
0.0
0.0
0.0
0.0
0.0
0.0
0.0
0.0
0.0
0.0
0.0
0.014302202
8.877841e-06
0.0
0.0
0.0007368608
0.00016867898
0.0019353693
0.0010209517
0.0
0.0
8.877841e-06
0.0
0.0
0.0
0.0
0.0
0.010680042
0.00013316762
0.00035511365
0.00033735795
0.00625
0.0
3.5511363e-05
7.9900565e-05
3.5511363e-05
2.6633523e-05
2.6633523e-05
6.2144885e-05
6.2144885e-05
3.5511363e-05
1.7755681e-05
4.4389206e-05
0.0
0.0
0.0
0.0
0.0
0.0
0.0
0.0
0.0
0.0
0.0
0.0
0.0
0.0
0.0
0.0
0.03300781
0.00042613636
0.00065696024
0.00044389206
0.0022017045
0.0011097301
0.006756037
0.0041814633
0.0013139205
0.00017755682
0.00010653409
0.00018643466
0.00053267047
0.0001509233
0.00021306818
0.003080611
0.039568536
0.0011452414
0.0056196735
0.0012162642
0.0032936789
0.0024946732
0.019939631
0.013370029
0.00076349435
0.00012428977
0.00014204545
0.00022194603
0.0004527699
0.00014204545
0.00014204545
0.0022727272
0.007697088
0.00015980113
0.0073330966
0.0021040484
0.0024946732
0.002077415
0.01920277
0.013227983
0.0
0.0
4.4389206e-05
8.877841e-05
2.6633523e-05
4.4389206e-05
2.6633523e-05
1.7755681e-05
0.0
0.0
0.0
0.0
0.0
0.0
0.0
0.0
0.0
0.0
0.0
0.0
0.0
0.0
0.0
0.0
0.002450284
0.0012073864
0.00047940342
0.000390625
0.008247514
0.0014293324
0.0004971591
0.00042613636
0.00055930397
0.0001509233
0.00018643466
0.00036399148
0.00031960226
0.0003018466
0.00031072443
0.00086115056
0.011026278
0.0021040484
0.0027432528
0.0022638494
0.016796876
0.00189098
0.0021573154
0.0019176137
0.002059659
0.0014115768
0.0014559659
0.0023703836
0.0020951706
0.0009765625
0.0011008523
0.002175071
0.020427912
0.0053977272
0.0040482953
0.0042347303
0.00501598
0.012224787
0.006977983
0.006605114
0.012136009
0.00076349435
0.0009321733
0.0014115768
0.004607599
0.0022904829
0.0037109375
0.018306108
0.053027343
0.016006747
0.0076260655
0.011772017
0.018013138
0.030761719
0.016521662
0.020330256
0.031205611
0.0036576705
0.0030184658
0.0064541902
0.017258523
0.0071289064
0.011443537
0.03668324
0.01184304
0.012739702
0.012313565
0.012784091
0.018732244
0.012650923
0.009366122
0.009916549
0.010431463
0.009552557
0.009481534
0.012091619
0.011603338
0.006640625
0.0070490055
0.014621804
580.0
16.651724
9658.0
0.045558088
0.0013460343
0.004038103
0.00072478777
0.005280596
0.007144336
0.0021743632
0.00082832883
0.002070822
0.0017601989
0.00093186996
0.001035411
0.0024849866
0.009939946
0.0125284735
0.0036239387
0.0037274798
0.004141644
0.0046593496
0.003831021
0.0023814454
0.003002692
0.0012424933
0.00072478777
0.0014495755
0.0015531166
0.004141644
0.0015531166
0.005280596
0.0033133153
0.0026920687
0.0012424933
0.0036239387
0.17529508
0.003002692
0.0065230895
0.0050735143
0.007662042
0.008697453
0.0053841374
0.0027956099
0.0053841374
0.0013460343
0.0025885277
0.0042451853
0.006833713
0.003831021
0.003831021
0.0072478773
0.0036239387
0.0050735143
0.0066266307
0.008283288
0.003831021
0.003831021
0.0027956099
0.0017601989
0.0023814454
0.001035411
0.0012424933
0.00093186996
0.0011389522
0.00072478777
0.0022779044
0.00062124664
0.03644647
0.007144336
0.017187824
0.019776352
0.07299648
0.008490371
0.0072478773
0.011078898
0.035721682
0.0017601989
0.0036239387
0.029819839
0.016980741
0.029302133
0.036342926
0.014495755
0.0014495755
0.039449163
0.03644647
0.04752537
0.016980741
0.0050735143
0.008697453
0.003934562
0.009629323
0.0016566577
0.009215158
0.011700145
0.009111618
0.00031062332
0.0044522677
5.302168
0.0
4.0
0.0
1.0
57536.0
69632.0
0.0
0.0
5.0
0.0
1.0
0.0
0.0
0.0
0.0
0.0
0.0
0.0
0.0
0.0
1.0
0.0
0.0
0.0
0.0
0.0
0.0
-1.0
0.0
-1.0
-1.0
1.0
0.0
0.0
0.0
0.0
0.0
0.0
0.0
0.0
0.0
0.0
0.0
-1.0
0.0
0.0
0.0
0.0
0.0
0.0
0.0
0.0
0.0
0.0
0.0
0.0
-1.0
0.0
0.0
0.0
0.0
0.0
0.0
0.0
0.0
0.0
0.0
7.0
0.0
4.0
0.0
4.0
0.0
24576.0
1024.0
4096.0
4.0
0.0
0.0
2.0
4.0
0.0
0.0
0.0
0.0
0.0
0.0
0.0
0.0
0.0
0.0
0.0
0.0
0.0
0.0
0.0
0.0
0.0
-1536.0
0.0
0.0
0.0
0.0
0.0
0.0
0.0
0.0
0.0
0.0
-24576.0
0.0
0.0
0.0
0.0
0.0
27136.0
0.0
0.0
0.0
0.0
0.0
0.0
0.0
0.0
2048.0
0.0
0.0
0.0
0.0
0.0
0.0
0.0
0.0
0.0
0.0
0.0
0.0
0.0
0.0
0.0
0.0
0.0
0.0
0.0
0.0
0.0
0.0
0.0
-4.176915
0.0
0.0
0.0
0.0
0.0
0.0
0.0
0.0
0.0
0.0
-5.6870146
0.0
0.0
0.0
0.0
0.0
6.588077
0.0
0.0
0.0
0.0
0.0
0.0
0.0
0.0
2.6542423
0.0
0.0
0.0
0.0
0.0
0.0
0.0
0.0
0.0
0.0
0.0
0.0
0.0
0.0
0.0
0.0
0.0
0.0
0.0
0.0
0.0
0.0
0.0
-4096.0
0.0
0.0
0.0
0.0
0.0
0.0
0.0
0.0
0.0
0.0
-24576.0
0.0
0.0
0.0
0.0
0.0
32768.0
0.0
0.0
0.0
0.0
0.0
0.0
0.0
0.0
4096.0
0.0
0.0
0.0
0.0
0.0
0.0
0.0
0.0
0.0
0.0
0.0
0.0
0.0
0.0
0.0
0.0
0.0
0.0
1.0
0.0
0.0
0.0
0.0
0.0
0.0
0.0
-1.0
0.0
0.0
0.0
0.0
0.0
0.0
0.0
0.0
0.0
0.0
-1.0
0.0
0.0
0.0
0.0
0.0
0.0
0.0
-1.0
0.0
0.0
0.0
0.0
0.0
0.0
0.0
0.0
0.0
0.0
0.0
0.0
0.0
0.0
0.0
0.0
0.0
0.0
0.0
0.0
0.0
0.0
0.0
-1.0
0.0
0.0
0.0
0.0
0.0
0.0
0.0
0.0
0.0
1.0
0.0
0.0
0.0
0.0
1.0
0.0
0.0
0.0
0.0
0.0
0.0
0.0
0.0
1.0
0.0
0.0
0.0
0.0
0.0
0.0
0.0
0.0
0.0
-1.0
0.0
0.0
0.0
0.0
0.0
0.0
0.0
0.0
0.0
0.0
0.0
0.0
0.0
0.0
0.0
0.0
0.0
0.0
0.0
0.0
0.0
0.0
0.0
0.0
0.0
0.0
0.0
0.0
0.0
0.0
0.0
0.0
-1.0
0.0
0.0
0.0
0.0
0.0
0.0
0.0
0.0
0.0
0.0
0.0
0.0
0.0
0.0
0.0
0.0
0.0
0.0
0.0
0.0
-1.0
0.0
0.0
0.0
0.0
0.0
0.0
0.0
0.0
0.0
0.0
0.0
0.0
0.0
0.0
0.0
0.0
0.0
0.0
0.0
0.0
0.0
0.0
0.0
0.0
0.0
0.0
0.0
0.0
0.0
0.0
0.0
0.0
0.0
0.0
0.0
0.0
0.0
0.0
0.0
0.0
0.0
0.0
0.0
0.0
0.0
0.0
0.0
0.0
-1.0
0.0
0.0
0.0
0.0
0.0
0.0
0.0
0.0
0.0
0.0
0.0
0.0
0.0
0.0
0.0
0.0
1.0
0.0
0.0
0.0
0.0
0.0
0.0
0.0
0.0
0.0
0.0
0.0
0.0
0.0
0.0
0.0
0.0
0.0
0.0
0.0
0.0
0.0
0.0
0.0
0.0
0.0
0.0
0.0
0.0
0.0
0.0
0.0
0.0
0.0
0.0
0.0
0.0
0.0
0.0
0.0
0.0
0.0
0.0
0.0
0.0
0.0
0.0
0.0
0.0
0.0
0.0
0.0
0.0
0.0
0.0
0.0
0.0
0.0
0.0
0.0
0.0
0.0
0.0
0.0
0.0
0.0
0.0
0.0
0.0
0.0
0.0
0.0
0.0
0.0
0.0
0.0
0.0
0.0
0.0
0.0
0.0
0.0
0.0
0.0
1.0
0.0
0.0
0.0
0.0
0.0
0.0
0.0
0.0
0.0
0.0
0.0
0.0
0.0
0.0
0.0
0.0
0.0
0.0
0.0
0.0
0.0
0.0
0.0
0.0
0.0
0.0
0.0
0.0
0.0
0.0
0.0
0.0
0.0
0.0
0.0
0.0
0.0
0.0
0.0
0.0
0.0
0.0
0.0
0.0
0.0
0.0
0.0
0.0
0.0
0.0
0.0
0.0
0.0
0.0
0.0
0.0
0.0
0.0
0.0
0.0
0.0
0.0
0.0
0.0
0.0
0.0
0.0
0.0
0.0
0.0
0.0
0.0
0.0
0.0
0.0
0.0
0.0
0.0
0.0
0.0
0.0
0.0
0.0
0.0
0.0
0.0
0.0
0.0
0.0
0.0
0.0
0.0
0.0
0.0
0.0
0.0
-1.0
0.0
0.0
0.0
0.0
0.0
0.0
0.0
0.0
0.0
0.0
0.0
0.0
0.0
0.0
0.0
0.0
0.0
0.0
0.0
0.0
0.0
0.0
0.0
0.0
0.0
0.0
0.0
0.0
0.0
0.0
0.0
0.0
0.0
0.0
0.0
0.0
0.0
0.0
0.0
0.0
0.0
0.0
0.0
0.0
0.0
0.0
0.0
0.0
0.0
0.0
0.0
0.0
0.0
0.0
0.0
0.0
0.0
0.0
0.0
0.0
0.0
0.0
0.0
0.0
0.0
0.0
0.0
0.0
0.0
0.0
0.0
0.0
-1.0
0.0
0.0
0.0
0.0
0.0
0.0
0.0
0.0
0.0
0.0
0.0
0.0
0.0
0.0
0.0
0.0
0.0
0.0
0.0
0.0
0.0
0.0
0.0
0.0
0.0
0.0
0.0
0.0
0.0
0.0
0.0
0.0
0.0
0.0
0.0
0.0
0.0
0.0
0.0
0.0
0.0
0.0
0.0
0.0
0.0
0.0
0.0
0.0
0.0
0.0
0.0
0.0
0.0
0.0
0.0
0.0
0.0
0.0
0.0
0.0
0.0
0.0
0.0
0.0
0.0
0.0
0.0
0.0
0.0
0.0
0.0
0.0
0.0
0.0
0.0
0.0
0.0
0.0
0.0
0.0
0.0
0.0
0.0
0.0
0.0
0.0
0.0
0.0
0.0
0.0
0.0
0.0
0.0
0.0
0.0
0.0
0.0
0.0
0.0
0.0
0.0
0.0
0.0
0.0
0.0
0.0
0.0
0.0
0.0
0.0
0.0
0.0
0.0
0.0
0.0
0.0
0.0
0.0
0.0
0.0
0.0
0.0
0.0
0.0
0.0
0.0
0.0
0.0
0.0
0.0
0.0
0.0
0.0
0.0
0.0
0.0
0.0
0.0
0.0
0.0
0.0
0.0
0.0
0.0
0.0
0.0
0.0
0.0
0.0
0.0
0.0
0.0
0.0
0.0
0.0
0.0
0.0
0.0
0.0
0.0
0.0
0.0
0.0
0.0
0.0
0.0
0.0
0.0
0.0
0.0
0.0
0.0
0.0
0.0
0.0
0.0
0.0
0.0
0.0
0.0
0.0
0.0
0.0
0.0
0.0
0.0
0.0
0.0
0.0
0.0
0.0
0.0
0.0
0.0
0.0
0.0
0.0
0.0
0.0
0.0
0.0
0.0
0.0
0.0
0.0
0.0
0.0
0.0
0.0
0.0
0.0
0.0
0.0
0.0
0.0
0.0
0.0
0.0
0.0
0.0
0.0
0.0
0.0
0.0
0.0
0.0
0.0
0.0
0.0
0.0
0.0
0.0
0.0
0.0
0.0
0.0
0.0
0.0
0.0
0.0
0.0
0.0
0.0
0.0
0.0
0.0
0.0
0.0
0.0
0.0
0.0
0.0
0.0
0.0
0.0
0.0
0.0
0.0
0.0
0.0
0.0
0.0
0.0
0.0
0.0
0.0
0.0
0.0
0.0
0.0
0.0
0.0
0.0
0.0
0.0
0.0
0.0
0.0
0.0
0.0
0.0
0.0
0.0
0.0
0.0
0.0
0.0
0.0
0.0
0.0
0.0
0.0
0.0
0.0
0.0
0.0
0.0
0.0
0.0
0.0
0.0
0.0
0.0
0.0
0.0
0.0
0.0
0.0
0.0
0.0
0.0
0.0
0.0
0.0
0.0
0.0
0.0
0.0
0.0
0.0
0.0
0.0
0.0
0.0
0.0
0.0
0.0
0.0
0.0
0.0
0.0
0.0
0.0
0.0
0.0
0.0
0.0
0.0
0.0
0.0
0.0
0.0
0.0
0.0
0.0
0.0
0.0
0.0
0.0
0.0
0.0
0.0
0.0
0.0
0.0
0.0
0.0
0.0
0.0
0.0
0.0
0.0
0.0
0.0
0.0
0.0
0.0
0.0
0.0
0.0
0.0
0.0
0.0
0.0
0.0
0.0
0.0
0.0
0.0
0.0
0.0
0.0
0.0
0.0
0.0
0.0
0.0
0.0
0.0
0.0
0.0
0.0
0.0
0.0
0.0
0.0
0.0
0.0
0.0
0.0
0.0
0.0
0.0
0.0
0.0
0.0
0.0
0.0
0.0
0.0
0.0
0.0
0.0
0.0
0.0
0.0
0.0
0.0
0.0
0.0
0.0
0.0
0.0
0.0
0.0
0.0
0.0
0.0
0.0
0.0
0.0
0.0
0.0
0.0
0.0
0.0
0.0
0.0
0.0
0.0
0.0
0.0
0.0
0.0
0.0
0.0
0.0
0.0
0.0
0.0
0.0
0.0
0.0
0.0
0.0
0.0
0.0
0.0
0.0
0.0
0.0
0.0
0.0
0.0
0.0
0.0
0.0
0.0
0.0
0.0
0.0
0.0
0.0
0.0
0.0
0.0
0.0
0.0
0.0
0.0
0.0
0.0
0.0
0.0
0.0
0.0
0.0
0.0
0.0
0.0
1.0
0.0
0.0
0.0
0.0
0.0
0.0
0.0
0.0
0.0
0.0
0.0
0.0
0.0
0.0
0.0
0.0
0.0
0.0
0.0
0.0
0.0
0.0
0.0
0.0
0.0
0.0
0.0
0.0
0.0
0.0
0.0
0.0
0.0
0.0
0.0
0.0
0.0
0.0
0.0
0.0
0.0
0.0
0.0
0.0
0.0
0.0
0.0
0.0
0.0
0.0
0.0
0.0
0.0
0.0
0.0
0.0
0.0
0.0
0.0
0.0
0.0
0.0
0.0
0.0
0.0
0.0
0.0
0.0
0.0
0.0
0.0
0.0
0.0
0.0
0.0
0.0
0.0
0.0
0.0
0.0
0.0
0.0
0.0
0.0
0.0
0.0
0.0
0.0
0.0
0.0
0.0
0.0
0.0
0.0
0.0
0.0
0.0
0.0
0.0
0.0
0.0
0.0
0.0
0.0
0.0
0.0
0.0
0.0
0.0
0.0
0.0
0.0
0.0
0.0
0.0
0.0
0.0
0.0
0.0
0.0
0.0
0.0
0.0
0.0
0.0
0.0
0.0
0.0
0.0
0.0
0.0
0.0
0.0
0.0
0.0
0.0
0.0
0.0
0.0
0.0
0.0
0.0
0.0
0.0
0.0
0.0
0.0
0.0
0.0
0.0
0.0
0.0
0.0
0.0
0.0
0.0
0.0
0.0
0.0
0.0
0.0
0.0
0.0
0.0
0.0
0.0
0.0
1.0
0.0
0.0
0.0
0.0
0.0
0.0
0.0
0.0
0.0
0.0
0.0
0.0
0.0
0.0
0.0
0.0
0.0
0.0
0.0
0.0
0.0
0.0
0.0
0.0
0.0
0.0
0.0
0.0
0.0
0.0
0.0
0.0
0.0
0.0
0.0
0.0
0.0
0.0
0.0
0.0
0.0
0.0
0.0
0.0
0.0
0.0
0.0
0.0
0.0
0.0
0.0
0.0
0.0
0.0
0.0
0.0
0.0
0.0
0.0
0.0
0.0
0.0
0.0
0.0
0.0
0.0
0.0
0.0
0.0
0.0
0.0
0.0
0.0
0.0
0.0
0.0
0.0
0.0
0.0
0.0
0.0
0.0
0.0
0.0
0.0
0.0
0.0
0.0
0.0
0.0
0.0
0.0
0.0
0.0
0.0
0.0
0.0
0.0
0.0
0.0
0.0
0.0
0.0
0.0
0.0
0.0
0.0
0.0
0.0
0.0
0.0
0.0
0.0
0.0
0.0
0.0
0.0
0.0
0.0
0.0
0.0
0.0
0.0
0.0
0.0
0.0
0.0
0.0
0.0
0.0
0.0
0.0
0.0
0.0
0.0
0.0
0.0
0.0
0.0
0.0
0.0
0.0
0.0
0.0
0.0
0.0
0.0
0.0
0.0
0.0
0.0
0.0
0.0
0.0
0.0
0.0
0.0
0.0
0.0
0.0
0.0
0.0
0.0
0.0
0.0
0.0
0.0
0.0
0.0
0.0
0.0
0.0
0.0
0.0
0.0
0.0
0.0
0.0
0.0
0.0
0.0
0.0
0.0
0.0
0.0
0.0
0.0
0.0
0.0
-1.0
0.0
0.0
0.0
0.0
0.0
0.0
0.0
0.0
0.0
0.0
0.0
0.0
0.0
0.0
0.0
0.0
0.0
0.0
0.0
0.0
0.0
0.0
0.0
0.0
0.0
0.0
0.0
0.0
0.0
0.0
0.0
0.0
0.0
0.0
0.0
0.0
0.0
0.0
0.0
0.0
0.0
0.0
0.0
0.0
0.0
0.0
0.0
0.0
0.0
0.0
0.0
0.0
0.0
0.0
0.0
0.0
0.0
0.0
0.0
0.0
0.0
0.0
0.0
0.0
0.0
0.0
0.0
0.0
0.0
0.0
0.0
0.0
0.0
0.0
0.0
0.0
0.0
0.0
0.0
0.0
0.0
0.0
0.0
0.0
0.0
0.0
0.0
0.0
0.0
0.0
0.0
0.0
0.0
0.0
0.0
0.0
0.0
0.0
0.0
0.0
0.0
0.0
0.0
0.0
0.0
0.0
0.0
0.0
0.0
0.0
0.0
0.0
0.0
0.0
0.0
0.0
0.0
0.0
0.0
0.0
0.0
0.0
0.0
0.0
0.0
0.0
0.0
0.0
0.0
0.0
0.0
0.0
0.0
0.0
0.0
0.0
0.0
0.0
0.0
0.0
0.0
0.0
0.0
0.0
0.0
0.0
0.0
0.0
0.0
0.0
0.0
0.0
0.0
0.0
0.0
0.0
0.0
0.0
0.0
0.0
0.0
0.0
0.0
0.0
0.0
0.0
0.0
0.0
0.0
0.0
0.0
0.0
0.0
0.0
0.0
0.0
0.0
0.0
0.0
0.0
0.0
0.0
0.0
0.0
0.0
0.0
0.0
0.0
0.0
120.0
65536.0
1300.0
61440.0
0.0
0.0
0.0
0.0
0.0
0.0
0.0
0.0
0.0
0.0
0.0
0.0
0.0
0.0
0.0
0.0
0.0
0.0
0.0
0.0
0.0
0.0
0.0
0.0
