0.7081362
0.002561054
0.0015088827
0.0014934663
0.0019829378
0.0009962865
0.0006301464
0.00073420734
0.0029715162
0.00072842615
0.00089415273
0.0005665537
0.0017921596
0.0008864445
0.00051837735
0.0013103962
0.0014780499
0.0007014474
0.0004991068
0.00051259616
0.0011119097
0.0014491441
0.0005530643
0.00046441986
0.0007476967
0.00041431646
0.00045671163
0.00047020102
0.0006224382
0.00047212807
0.00052608555
0.00049332564
0.0017112234
0.00052415853
0.0004162435
0.0005665537
0.0007978001
0.00075733196
0.00038926478
0.00047405512
0.00052415853
0.0006031677
0.00043936816
0.00055113726
0.00051259616
0.00048561743
0.000578116
0.00044707637
0.0008633199
0.0007727484
0.00076696725
0.0013277398
0.00067446864
0.0008710281
0.00090571505
0.00076504017
0.0008652469
0.00092305854
0.00077082135
0.0015724755
0.00092113146
0.0010386817
0.00092691265
0.000795873
0.0008960798
0.0010271195
0.0020696553
0.002811571
0.0009924325
0.0045613353
0.0008498305
0.0006686875
0.00094618317
0.0006648334
0.0005819701
0.0006282194
0.0007766025
0.0032297415
0.00069566624
0.00052223145
0.0016746094
0.001769035
0.0014009677
0.0007843107
0.0006301464
0.003318386
0.00076311314
0.00066676043
0.00053764787
0.00052608555
0.0005530643
0.00071493676
0.0006031677
0.0009789431
0.0008479035
0.00077467546
0.0006070218
0.0011273262
0.00068795803
0.00091535033
0.0009789431
0.0016457036
0.00094232906
0.0007766025
0.0017285668
0.0011080557
0.0018596065
0.00074576965
0.0012602928
0.00073228026
0.0010868581
0.0010232653
0.000867174
0.00057618896
0.0010984204
0.0011677943
0.0022565795
0.0021004882
0.0007264991
0.0005954595
0.0007476967
0.0007804566
0.00069566624
0.0006320735
0.00076118606
0.00166112
0.0005607725
0.00052608555
0.0008594658
0.0009866513
0.0004952527
0.004834977
0.0010752957
0.0022141843
0.0004991068
0.0004875445
0.0010733687
0.002921413
0.00095196435
0.009280689
0.00096352666
0.002381838
0.00055499136
0.00054342905
0.0008556117
0.0005569184
0.00047983628
0.00047983628
0.0009249856
0.0010502441
0.00056269957
0.00043551406
0.00052801264
0.00047983628
0.00073420734
0.00047020102
0.0008055083
0.00049717975
0.0004220247
0.0004412952
0.00056848075
0.0011080557
0.00057618896
0.00058004307
0.00056462665
0.0004991068
0.00042395174
0.00047598217
0.0006012406
0.000396973
0.00050103385
0.00051066914
0.00051837735
0.0006031677
0.0004374411
0.0004085353
0.0006243653
0.00044707637
0.0004258788
0.0004200976
0.0005935324
0.00047020102
0.00044514932
0.00034879666
0.0008209247
0.00050296093
0.00052801264
0.00041431646
0.0006012406
0.0006378546
0.0008652469
0.00045863868
0.0016514848
0.0009982137
0.00073420734
0.00093076675
0.0018557523
0.00043165995
0.0006532711
0.0014607065
0.00070337445
0.00083056
0.00053957495
0.0004085353
0.044998623
0.0006205112
0.00080358126
0.00053957495
0.0008209247
0.00051066914
0.0008170706
0.0005742619
0.00069181214
0.00036421308
0.00047983628
0.00047598217
0.0007688943
0.00040275414
0.00046827397
0.0004374411
0.00077082135
0.00041817056
0.00055499136
0.00053379376
0.0010618063
0.00055884547
0.00073998846
0.00050681503
0.0010406087
0.0007978001
0.0004200976
0.00055884547
0.0025783973
0.0010502441
0.00053957495
0.0016457036
0.001591746
0.00045093047
0.00053572084
0.0005665537
0.0011311803
0.0004220247
0.0008883716
0.0008517576
0.0020330413
0.00052801264
0.00051259616
0.00087680924
0.002241163
0.00070722855
0.00070722855
0.00067832274
0.002848185
0.00093654793
0.00089415273
0.0099551575
0.6474706
2.9006808e-06
1.9337872e-06
9.668936e-07
1.5470298e-05
0.0
1.9337872e-06
3.8675744e-06
3.8675744e-06
6.768255e-06
0.0
9.668936e-07
0.027722772
0.0
1.9337872e-06
1.353651e-05
0.005733679
1.8370978e-05
8.702042e-06
1.0635829e-05
2.2238552e-05
1.4503404e-05
4.5443998e-05
3.3841276e-05
4.8344677e-06
1.9337872e-06
1.0635829e-05
1.9337872e-06
0.0018748066
9.668936e-07
0.0
0.00013826578
0.0053923656
4.9311573e-05
4.1576423e-05
1.8370978e-05
3.6741956e-05
1.0635829e-05
1.643719e-05
3.287438e-05
5.3179145e-05
1.9337871e-05
1.7404083e-05
1.0635829e-05
2.6106127e-05
2.1271659e-05
1.1602723e-05
0.00018274288
0.009863282
9.378867e-05
0.000109258974
4.6410893e-05
0.0001053914
4.4477103e-05
0.00016823948
8.8954206e-05
7.5417694e-05
2.9006807e-05
4.060953e-05
2.417234e-05
0.0009291847
4.060953e-05
2.417234e-05
0.00019821318
0.0032323252
2.0304766e-05
8.411974e-05
4.9311573e-05
7.348391e-05
4.7377784e-05
0.00027653156
0.00014213336
8.702042e-06
1.9337872e-06
5.8013616e-06
2.9006808e-06
9.668936e-07
9.668936e-07
9.668936e-07
1.2569616e-05
0.0016949644
1.643719e-05
9.0887996e-05
1.9337871e-05
8.025217e-05
3.3841276e-05
9.378867e-05
6.8649446e-05
3.7708847e-05
3.287438e-05
1.5470298e-05
1.1602723e-05
0.0015547648
4.060953e-05
2.2238552e-05
0.00014696782
0.0
0.0
0.0
0.0
0.0
0.0
0.0
0.0
0.0
0.0
0.0
0.0
0.0
0.0
0.0
0.0
0.004850905
5.5112934e-05
6.381497e-05
0.0004515393
0.00028039914
0.00013149752
0.00076094526
0.0003915919
3.287438e-05
0.00015276918
6.0914295e-05
6.8649446e-05
0.00011022587
7.155012e-05
8.99211e-05
0.0003480817
0.0012124846
2.3205446e-05
9.6689355e-06
1.7404083e-05
5.8980506e-05
5.124536e-05
1.9337872e-06
1.9337871e-05
8.8954206e-05
2.9006808e-06
4.8344677e-06
1.9337871e-05
0.00032100867
7.735149e-06
6.8649446e-05
7.251702e-05
0.004254332
5.6079825e-05
0.0009243502
0.00079672027
0.00061397743
0.00034131343
0.002489751
0.0012966043
0.00010249072
0.00010635829
6.8649446e-05
5.414604e-05
7.638459e-05
0.00013246443
0.00016823948
0.00039932705
0.0027498454
3.7708847e-05
0.0003026377
0.00028329983
0.0004022277
0.00027363087
0.000963026
0.000508586
0.00039545947
0.0004080291
0.0001943456
0.00020884901
0.0011515702
0.00014310025
0.00020691523
0.001671759
0.010389271
0.0007309715
0.00085376704
0.0036480895
0.001035543
0.0007947865
0.0013227104
0.0011612392
0.0010384436
0.00088084006
0.00073290535
0.00067199103
0.0015006188
0.0007493425
0.0008750387
0.0013372138
0.0061919866
0.0009417543
0.00036355198
0.0014706451
0.0043374845
0.0030457147
0.0021793782
0.0021290996
0.006741182
0.0011767094
0.00058013614
0.0007242033
0.00504235
0.00068359374
0.0019569925
0.0040193764
0.02103187
0.0035572015
0.0015702351
0.0021677753
0.008924427
0.0060749925
0.002851369
0.0040754564
0.016093943
0.0012240872
0.0014319693
0.001416499
0.012591855
0.0017462098
0.006068224
0.012144183
0.0
0.0
0.0
0.0
0.0
0.0
0.0
0.0
0.0
0.0
0.0
0.0
0.0
0.0
0.0
0.0
0.0054455446
0.0053913984
0.0053459546
0.0055722077
0.0056360224
0.00536916
0.005569307
0.005503558
0.005214457
0.005514194
0.0055644726
0.0053343517
0.0054001007
0.0054658493
0.0051931855
0.0056089493
857.0
14.042007
12034.0
0.032989863
0.0034070134
0.0018281536
0.0020774473
0.002243643
0.0068140267
0.0031577197
0.0025760345
0.003074622
0.0033239156
0.0019943493
0.0019112515
0.0021605452
0.0050689713
0.007977397
0.0024929368
0.010054844
0.009390062
0.010470334
0.008642181
0.007977397
0.0108858235
0.014292837
0.008974572
0.011052019
0.012963271
0.010553432
0.011467509
0.012630879
0.013960445
0.01844773
0.010470334
0.006730929
0.014708326
0.012880173
0.012797075
0.010553432
0.012381585
0.014625229
0.0093069635
0.008392887
0.010304138
0.00589995
0.008808376
0.010221041
0.008392887
0.012132292
0.0069802226
0.007645006
0.0070633204
0.008559083
0.010054844
0.0054013627
0.0069802226
0.0078943
0.0036563072
0.004487286
0.002991524
0.003739405
0.002991524
0.003739405
0.004071797
0.0031577197
0.00747881
0.003822503
0.026258932
0.009390062
0.01537311
0.01811534
0.047116503
0.010553432
0.011301313
0.015871696
0.024929367
0.0050689713
0.008559083
0.031244807
0.013046369
0.026674423
0.027006814
0.016287187
0.0062323418
0.02443078
0.019943494
0.03672927
0.014791424
0.006897125
0.0063985377
0.010054844
0.008725278
0.004570384
0.0046534818
0.009556257
0.00747881
0.003822503
0.0047365795
6.2314067
0.0
0.0
0.0
5.0
518927.0
585728.0
1.0
0.0
62.0
0.0
1.0
0.0
0.0
0.0
1198996700.0
0.0
0.0
0.0
0.0
0.0
1.0
0.0
0.0
0.0
0.0
0.0
0.0
-1.0
1.0
-1.0
-1.0
0.0
0.0
0.0
0.0
0.0
0.0
0.0
0.0
0.0
0.0
0.0
0.0
-1.0
0.0
0.0
0.0
0.0
0.0
0.0
0.0
0.0
0.0
0.0
0.0
0.0
-1.0
0.0
0.0
0.0
0.0
0.0
0.0
0.0
0.0
0.0
0.0
6.0
0.0
4.0
0.0
4.0
0.0
155648.0
4096.0
4096.0
6.0
0.0
0.0
2.0
4.0
0.0
0.0
0.0
0.0
0.0
-311296.0
0.0
0.0
0.0
0.0
0.0
0.0
0.0
0.0
8192.0
0.0
0.0
0.0
0.0
0.0
0.0
0.0
0.0
0.0
0.0
0.0
0.0
0.0
0.0
0.0
0.0
0.0
-16384.0
0.0
0.0
0.0
0.0
0.0
0.0
0.0
0.0
-155648.0
-4096.0
12288.0
0.0
0.0
0.0
0.0
0.0
0.0
0.0
0.0
0.0
0.0
0.0
-2.0081112
0.0
0.0
0.0
0.0
0.0
0.0
0.0
0.0
4.9530053
0.0
0.0
0.0
0.0
0.0
0.0
0.0
0.0
0.0
0.0
0.0
0.0
0.0
0.0
0.0
0.0
0.0
-0.44404593
0.0
0.0
0.0
0.0
0.0
0.0
0.0
0.0
-3.8974419
-4.1785336
2.6598215
0.0
0.0
0.0
0.0
0.0
0.0
0.0
0.0
0.0
0.0
0.0
-311296.0
0.0
0.0
0.0
0.0
0.0
0.0
0.0
0.0
6748.0
0.0
0.0
0.0
0.0
0.0
0.0
0.0
0.0
0.0
0.0
0.0
0.0
0.0
0.0
0.0
0.0
0.0
-87716.0
0.0
0.0
0.0
0.0
0.0
0.0
0.0
0.0
-154512.0
-2532.0
10640.0
0.0
0.0
0.0
0.0
0.0
0.0
0.0
0.0
0.0
-1.0
0.0
0.0
0.0
0.0
0.0
1.0
0.0
0.0
0.0
0.0
0.0
0.0
0.0
0.0
0.0
0.0
0.0
0.0
0.0
0.0
0.0
0.0
0.0
0.0
0.0
0.0
0.0
0.0
0.0
0.0
0.0
0.0
0.0
0.0
0.0
-2.0
0.0
0.0
0.0
1.0
0.0
0.0
0.0
0.0
0.0
0.0
0.0
0.0
0.0
0.0
0.0
0.0
0.0
0.0
0.0
0.0
0.0
0.0
0.0
-1.0
0.0
0.0
0.0
0.0
0.0
0.0
0.0
0.0
0.0
1.0
0.0
0.0
0.0
0.0
1.0
0.0
0.0
0.0
0.0
0.0
0.0
0.0
0.0
1.0
0.0
0.0
0.0
0.0
0.0
0.0
0.0
0.0
0.0
0.0
0.0
0.0
0.0
0.0
0.0
0.0
0.0
0.0
0.0
0.0
0.0
0.0
0.0
0.0
0.0
0.0
0.0
0.0
0.0
0.0
0.0
0.0
0.0
0.0
0.0
0.0
0.0
0.0
0.0
0.0
0.0
0.0
-1.0
0.0
0.0
0.0
0.0
0.0
0.0
0.0
0.0
0.0
0.0
0.0
0.0
-1.0
0.0
0.0
0.0
0.0
0.0
0.0
0.0
0.0
0.0
0.0
0.0
0.0
0.0
0.0
0.0
0.0
0.0
0.0
0.0
0.0
0.0
0.0
0.0
0.0
0.0
0.0
0.0
0.0
0.0
0.0
0.0
0.0
0.0
0.0
0.0
0.0
0.0
0.0
0.0
0.0
0.0
0.0
0.0
0.0
0.0
0.0
0.0
0.0
0.0
0.0
0.0
0.0
0.0
0.0
0.0
0.0
-1.0
0.0
0.0
0.0
0.0
0.0
0.0
0.0
0.0
0.0
0.0
0.0
0.0
0.0
0.0
0.0
0.0
1.0
0.0
0.0
0.0
0.0
0.0
0.0
0.0
0.0
0.0
0.0
0.0
0.0
0.0
0.0
0.0
0.0
0.0
0.0
0.0
0.0
0.0
0.0
0.0
0.0
0.0
0.0
0.0
0.0
0.0
0.0
0.0
0.0
0.0
0.0
0.0
0.0
0.0
0.0
0.0
0.0
0.0
0.0
0.0
0.0
0.0
0.0
0.0
0.0
0.0
0.0
0.0
0.0
0.0
0.0
0.0
0.0
0.0
0.0
0.0
0.0
0.0
0.0
0.0
0.0
0.0
0.0
0.0
0.0
0.0
0.0
0.0
0.0
0.0
0.0
0.0
0.0
0.0
0.0
0.0
0.0
0.0
0.0
0.0
0.0
0.0
0.0
0.0
0.0
0.0
0.0
0.0
0.0
0.0
0.0
0.0
0.0
0.0
0.0
0.0
0.0
0.0
0.0
0.0
0.0
0.0
0.0
0.0
0.0
0.0
0.0
0.0
0.0
0.0
0.0
0.0
0.0
0.0
0.0
0.0
0.0
0.0
0.0
0.0
0.0
0.0
0.0
0.0
0.0
0.0
0.0
0.0
0.0
0.0
0.0
0.0
0.0
0.0
0.0
0.0
0.0
0.0
0.0
0.0
0.0
0.0
0.0
0.0
0.0
0.0
0.0
0.0
1.0
0.0
0.0
0.0
0.0
0.0
0.0
0.0
0.0
0.0
0.0
0.0
0.0
0.0
0.0
0.0
0.0
0.0
0.0
0.0
0.0
0.0
0.0
0.0
0.0
0.0
0.0
0.0
0.0
-1.0
0.0
0.0
0.0
0.0
0.0
0.0
0.0
0.0
0.0
0.0
0.0
0.0
0.0
0.0
0.0
0.0
0.0
0.0
0.0
0.0
0.0
0.0
0.0
0.0
0.0
0.0
0.0
0.0
0.0
0.0
0.0
0.0
0.0
0.0
0.0
0.0
0.0
0.0
0.0
0.0
0.0
0.0
0.0
0.0
0.0
0.0
0.0
0.0
0.0
0.0
0.0
0.0
0.0
0.0
0.0
0.0
0.0
0.0
0.0
0.0
1.0
0.0
0.0
1.0
0.0
0.0
0.0
0.0
0.0
0.0
0.0
0.0
0.0
0.0
0.0
0.0
0.0
0.0
0.0
0.0
0.0
0.0
0.0
0.0
0.0
0.0
0.0
0.0
-1.0
0.0
0.0
0.0
0.0
0.0
0.0
0.0
0.0
0.0
0.0
0.0
0.0
0.0
0.0
0.0
0.0
0.0
0.0
0.0
0.0
0.0
0.0
0.0
0.0
0.0
0.0
0.0
0.0
0.0
0.0
0.0
0.0
0.0
0.0
0.0
0.0
0.0
0.0
0.0
0.0
0.0
0.0
0.0
0.0
0.0
0.0
0.0
0.0
0.0
0.0
0.0
0.0
0.0
0.0
0.0
0.0
0.0
0.0
0.0
0.0
0.0
0.0
0.0
0.0
0.0
0.0
0.0
0.0
0.0
0.0
0.0
0.0
0.0
0.0
0.0
0.0
0.0
0.0
0.0
0.0
0.0
0.0
0.0
0.0
0.0
0.0
0.0
0.0
0.0
-1.0
0.0
0.0
0.0
0.0
0.0
0.0
0.0
0.0
0.0
0.0
0.0
0.0
0.0
0.0
0.0
0.0
0.0
0.0
0.0
0.0
0.0
0.0
0.0
0.0
0.0
0.0
0.0
0.0
0.0
0.0
1.0
0.0
0.0
0.0
0.0
0.0
0.0
0.0
0.0
0.0
0.0
0.0
0.0
0.0
0.0
0.0
-1.0
0.0
0.0
0.0
0.0
0.0
0.0
0.0
0.0
0.0
0.0
0.0
-1.0
0.0
-1.0
0.0
0.0
0.0
0.0
0.0
0.0
0.0
0.0
0.0
0.0
0.0
0.0
0.0
0.0
0.0
0.0
0.0
0.0
0.0
0.0
0.0
0.0
0.0
0.0
0.0
0.0
0.0
0.0
0.0
0.0
0.0
0.0
0.0
0.0
0.0
0.0
0.0
0.0
0.0
0.0
-1.0
0.0
0.0
1.0
0.0
0.0
0.0
0.0
0.0
0.0
0.0
0.0
0.0
0.0
0.0
0.0
0.0
0.0
0.0
0.0
0.0
0.0
0.0
0.0
0.0
0.0
0.0
0.0
0.0
0.0
0.0
0.0
0.0
0.0
0.0
0.0
0.0
0.0
0.0
0.0
0.0
0.0
0.0
0.0
0.0
0.0
0.0
-1.0
0.0
0.0
0.0
-1.0
0.0
0.0
0.0
0.0
0.0
0.0
0.0
0.0
0.0
0.0
0.0
0.0
0.0
0.0
0.0
0.0
0.0
0.0
0.0
0.0
0.0
0.0
0.0
0.0
0.0
0.0
0.0
0.0
0.0
0.0
0.0
0.0
0.0
0.0
1.0
0.0
0.0
0.0
0.0
0.0
0.0
0.0
0.0
0.0
0.0
-1.0
0.0
1.0
0.0
0.0
0.0
0.0
0.0
0.0
0.0
0.0
0.0
0.0
0.0
0.0
0.0
0.0
0.0
0.0
0.0
0.0
0.0
0.0
0.0
0.0
0.0
0.0
0.0
0.0
0.0
0.0
1.0
0.0
0.0
0.0
0.0
0.0
0.0
0.0
0.0
0.0
0.0
0.0
0.0
0.0
0.0
0.0
0.0
0.0
0.0
0.0
0.0
0.0
0.0
0.0
0.0
0.0
0.0
0.0
0.0
0.0
0.0
0.0
0.0
0.0
0.0
0.0
0.0
0.0
0.0
-1.0
0.0
0.0
0.0
0.0
0.0
0.0
0.0
0.0
0.0
0.0
0.0
0.0
0.0
0.0
0.0
0.0
0.0
0.0
-1.0
0.0
0.0
0.0
0.0
0.0
0.0
0.0
0.0
0.0
0.0
0.0
0.0
0.0
0.0
0.0
0.0
0.0
0.0
0.0
0.0
0.0
0.0
0.0
0.0
0.0
0.0
0.0
0.0
0.0
0.0
0.0
0.0
0.0
0.0
0.0
0.0
0.0
0.0
0.0
0.0
0.0
0.0
0.0
0.0
0.0
0.0
0.0
0.0
0.0
0.0
0.0
0.0
1.0
0.0
0.0
0.0
0.0
0.0
0.0
0.0
0.0
0.0
0.0
0.0
0.0
0.0
0.0
0.0
1.0
0.0
0.0
-2.0
0.0
0.0
0.0
0.0
0.0
0.0
0.0
0.0
0.0
0.0
1.0
0.0
0.0
0.0
1.0
0.0
0.0
1.0
-1.0
0.0
0.0
0.0
0.0
0.0
0.0
0.0
0.0
0.0
0.0
0.0
-1.0
-1.0
0.0
0.0
0.0
0.0
0.0
1.0
0.0
0.0
0.0
0.0
0.0
0.0
0.0
0.0
0.0
0.0
0.0
0.0
0.0
0.0
0.0
0.0
0.0
1.0
0.0
1.0
0.0
0.0
0.0
0.0
0.0
1.0
0.0
0.0
0.0
0.0
0.0
0.0
0.0
0.0
-1.0
0.0
0.0
0.0
0.0
0.0
0.0
0.0
0.0
0.0
0.0
0.0
0.0
0.0
0.0
1.0
0.0
0.0
0.0
0.0
0.0
0.0
0.0
0.0
0.0
1.0
0.0
0.0
0.0
0.0
0.0
0.0
0.0
0.0
0.0
0.0
0.0
0.0
0.0
0.0
0.0
0.0
0.0
0.0
0.0
0.0
0.0
0.0
0.0
0.0
0.0
0.0
0.0
0.0
0.0
0.0
0.0
0.0
0.0
0.0
0.0
0.0
0.0
0.0
-1.0
0.0
0.0
0.0
0.0
0.0
0.0
0.0
0.0
0.0
0.0
0.0
0.0
0.0
0.0
0.0
0.0
0.0
0.0
-1.0
0.0
0.0
0.0
0.0
1.0
0.0
0.0
0.0
0.0
0.0
0.0
1.0
0.0
0.0
0.0
0.0
0.0
0.0
0.0
0.0
0.0
0.0
0.0
0.0
0.0
0.0
0.0
0.0
0.0
0.0
0.0
0.0
-1.0
0.0
0.0
0.0
0.0
0.0
0.0
0.0
0.0
0.0
0.0
0.0
0.0
0.0
-1.0
-1.0
0.0
0.0
0.0
0.0
0.0
0.0
0.0
0.0
0.0
-1.0
0.0
0.0
0.0
0.0
0.0
0.0
0.0
0.0
0.0
0.0
0.0
-1.0
0.0
0.0
1.0
0.0
0.0
0.0
0.0
0.0
0.0
0.0
0.0
0.0
0.0
0.0
0.0
0.0
0.0
0.0
0.0
-1.0
0.0
-1.0
1.0
0.0
0.0
0.0
0.0
1.0
0.0
0.0
0.0
0.0
0.0
0.0
0.0
0.0
0.0
0.0
0.0
0.0
1.0
0.0
0.0
0.0
-1.0
0.0
0.0
0.0
0.0
0.0
0.0
0.0
0.0
1.0
0.0
0.0
0.0
0.0
0.0
0.0
0.0
0.0
0.0
0.0
0.0
0.0
0.0
0.0
0.0
0.0
0.0
0.0
0.0
0.0
0.0
0.0
0.0
0.0
-1.0
0.0
0.0
0.0
0.0
0.0
0.0
0.0
0.0
0.0
0.0
0.0
0.0
0.0
0.0
0.0
0.0
0.0
0.0
0.0
0.0
0.0
0.0
-1.0
0.0
0.0
0.0
0.0
0.0
0.0
0.0
0.0
0.0
0.0
0.0
0.0
0.0
0.0
0.0
0.0
0.0
0.0
0.0
0.0
0.0
0.0
0.0
-1.0
0.0
0.0
0.0
0.0
0.0
0.0
0.0
0.0
0.0
0.0
0.0
0.0
0.0
0.0
0.0
0.0
0.0
0.0
0.0
0.0
0.0
0.0
0.0
0.0
0.0
-1.0
-1.0
0.0
0.0
0.0
0.0
0.0
0.0
0.0
0.0
0.0
0.0
0.0
0.0
0.0
0.0
0.0
0.0
0.0
0.0
0.0
0.0
0.0
0.0
0.0
0.0
-1.0
0.0
0.0
0.0
0.0
0.0
0.0
0.0
0.0
0.0
0.0
0.0
0.0
0.0
0.0
0.0
0.0
0.0
0.0
0.0
0.0
0.0
0.0
0.0
0.0
0.0
0.0
0.0
0.0
0.0
0.0
0.0
0.0
0.0
0.0
0.0
0.0
0.0
0.0
0.0
0.0
0.0
0.0
0.0
0.0
0.0
0.0
0.0
0.0
0.0
0.0
0.0
0.0
0.0
0.0
0.0
0.0
0.0
0.0
0.0
0.0
0.0
0.0
0.0
0.0
0.0
0.0
0.0
0.0
0.0
0.0
0.0
0.0
0.0
0.0
0.0
0.0
0.0
0.0
0.0
0.0
0.0
0.0
0.0
0.0
0.0
0.0
0.0
0.0
0.0
0.0
0.0
0.0
0.0
0.0
0.0
0.0
0.0
0.0
0.0
0.0
0.0
0.0
0.0
0.0
0.0
0.0
0.0
0.0
0.0
0.0
0.0
0.0
0.0
0.0
0.0
0.0
0.0
0.0
0.0
0.0
0.0
0.0
0.0
0.0
0.0
0.0
0.0
0.0
0.0
0.0
0.0
0.0
0.0
0.0
0.0
0.0
0.0
0.0
0.0
0.0
0.0
0.0
0.0
0.0
0.0
0.0
0.0
0.0
0.0
0.0
0.0
0.0
0.0
0.0
0.0
0.0
0.0
0.0
0.0
0.0
0.0
0.0
0.0
0.0
0.0
0.0
0.0
0.0
100.0
258048.0
10640.0
262144.0
0.0
0.0
0.0
0.0
0.0
0.0
28.0
159744.0
0.0
0.0
0.0
0.0
0.0
0.0
0.0
0.0
0.0
0.0
468.0
258616.0
0.0
0.0
0.0
0.0
