0.2447267
0.022127882
0.00798096
0.0090961335
0.008862045
0.0055913054
0.006485394
0.0034812563
0.00869867
0.002622931
0.0027993105
0.0030220198
0.0061391382
0.0055197785
0.0080866255
0.023986774
0.033462487
0.0022839902
0.0011338671
0.002018202
0.0029626847
0.0033690888
0.0010842858
0.0009355419
0.0029244828
0.001341133
0.0008957143
0.0010249508
0.0018905912
0.0010850986
0.0007648522
0.0010135714
0.0074875862
0.0008762069
0.0008599508
0.0010379556
0.00869867
0.0013338177
0.0006868227
0.00074615766
0.0030203941
0.001091601
0.0007754187
0.0013890887
0.0012281528
0.0017743596
0.0013354433
0.001663005
0.0048719705
0.0020442118
0.0012598522
0.0038031281
0.002039335
0.0010273892
0.00083881774
0.0010574631
0.0023181282
0.002453867
0.0008770197
0.00287734
0.001172069
0.0011176108
0.0010477094
0.0022327832
0.008947389
0.008489778
0.001684138
0.0023002464
0.0063707884
0.00830202
0.0018288178
0.0016313054
0.02360069
0.004912611
0.0007420936
0.0007485961
0.0056100003
0.0057075373
0.0011501232
0.001007069
0.006465074
0.002746478
0.0021441872
0.002983005
0.0024172908
0.004488325
0.0033056897
0.0031106158
0.0017353449
0.001789803
0.00068438426
0.0014199754
0.002158005
0.0019645568
0.0019474877
0.0027489164
0.0017800493
0.004255862
0.001675197
0.0036486946
0.0034934483
0.007188473
0.0048947292
0.0012346552
0.0031366257
0.0045249015
0.0023376355
0.0013053695
0.0038453941
0.0019312316
0.0036186208
0.004572857
0.003339015
0.00053970446
0.0054994584
0.004325764
0.010990788
0.0070055914
0.0014159114
0.001565468
0.0015817242
0.0014289162
0.00062830054
0.0004901232
0.0017735468
0.001997069
0.0011021675
0.0010452709
0.0037348524
0.002136872
0.0012086454
0.0105917
0.0033016256
0.0067300494
0.0012704188
0.00067381776
0.0022311576
0.012699311
0.0011151724
0.02754606
0.0013021183
0.009609828
0.00065024634
0.00059253693
0.002783867
0.0004917488
0.0003795813
0.0005031281
0.00089652714
0.0007526601
0.00048199508
0.0004210345
0.0009558621
0.00045679804
0.00039502463
0.00031293105
0.0007591626
0.00053889165
0.00041940887
0.00042753696
0.001493941
0.001024138
0.0005478325
0.0006307389
0.0007323399
0.00066081283
0.00057790644
0.0006299261
0.00127367
0.0007112069
0.0006364286
0.0005844089
0.0008136207
0.0005535222
0.00060472905
0.0008136207
0.0014159114
0.00048524633
0.00044704435
0.00037876848
0.0007607882
0.0007762315
0.0010046306
0.00090059114
0.0018556404
0.00082987687
0.0008241872
0.0006063547
0.000863202
0.0008835222
0.0007502217
0.00084613304
0.006977143
0.0033918475
0.0026131773
0.0033113793
0.0028846553
0.0013078079
0.002517266
0.0053474633
0.0022498523
0.0023156898
0.0010599016
0.0012232759
0.006808079
0.0007079557
0.0012403448
0.0011745074
0.002073473
0.0014541133
0.0015679065
0.0018735222
0.000888399
0.000681133
0.0009989409
0.0008745813
0.0018125616
0.0010225123
0.0007591626
0.0011907635
0.00094204437
0.00047874387
0.0006307389
0.0005852217
0.0022303448
0.00090140395
0.00081849756
0.00067300495
0.0010639655
0.0008201232
0.0006786946
0.00042753696
0.009114828
0.0029529312
0.0007689163
0.006008276
0.003359335
0.0007835468
0.000761601
0.00086238916
0.0030366504
0.0014492365
0.0015792857
0.0013191872
0.0021978326
0.0015857882
0.0018621429
0.0016735714
0.0042794337
0.001806872
0.0010940394
0.0012452217
0.004515961
0.0017255911
0.0024042858
0.034971874
0.06246216
0.025002442
2.4414062e-06
3.2552084e-06
5.6966146e-06
2.0345053e-06
6.1035157e-06
4.0690106e-06
4.0690105e-07
0.0
1.2207031e-06
1.6276042e-06
8.138021e-07
4.0690105e-07
3.2552084e-06
4.0690106e-06
0.0015425618
8.260091e-05
1.6276042e-06
1.6276042e-06
1.2207031e-06
0.0
4.0690105e-07
4.8828124e-06
1.3427734e-05
8.138021e-07
4.0690105e-07
8.138021e-07
2.4414062e-06
4.0690105e-07
4.0690105e-07
1.3020834e-05
0.0046826173
0.00076456706
4.8828126e-05
3.86556e-05
6.673177e-05
1.8310548e-05
9.9690755e-05
4.8828126e-05
7.3242186e-06
6.917318e-06
1.2207031e-05
8.544922e-06
1.3020834e-05
5.2897135e-06
1.6276042e-06
1.0172526e-05
0.0062561035
0.0005607096
6.958008e-05
3.3365886e-05
8.911133e-05
7.364909e-05
0.00015380859
8.544922e-05
1.3834636e-05
3.0517578e-05
1.3020834e-05
3.540039e-05
4.2317708e-05
1.0172526e-05
1.180013e-05
2.1158854e-05
0.0052445475
3.2958986e-05
5.859375e-05
4.4352215e-05
0.00010213216
5.3304037e-05
0.0002799479
0.00016153972
1.6276043e-05
1.0986329e-05
8.707682e-05
7.446289e-05
1.2613932e-05
1.546224e-05
1.6276043e-05
0.00045613607
0.013179118
0.0003137207
0.00032226564
0.00021199544
0.00032755535
0.00016520183
0.00087443035
0.00037312825
0.00020711264
0.00010864258
5.900065e-05
6.673177e-05
9.724935e-05
7.283529e-05
0.001019694
0.0009346517
0.038168132
0.0013077799
0.0011149088
0.002166748
0.00199056
0.0006058756
0.0028116861
0.0013138835
0.00047444663
0.00048746745
0.00053019205
0.00037109375
0.00068847655
0.0005074056
0.00025756835
0.0013704427
0.029586589
0.00061116536
0.0023075358
0.0010351562
0.0022692871
0.0014758301
0.010354411
0.0056115724
0.00026245118
0.00014607748
0.00016113282
0.00013224284
0.0004679362
0.00017903646
0.000550944
0.00068196614
0.022663575
0.0008996582
0.0022481282
0.0008256022
0.001866862
0.0012988282
0.008112793
0.004271647
0.0003181966
0.00024861653
0.00025146484
0.00020222981
0.000271403
0.00020833334
0.0009749349
0.0011710612
0.019541016
0.0020548503
0.0011848959
0.0012695312
0.0015873209
0.0012638347
0.004185791
0.0025118
0.00088338216
0.00042073568
0.00037394205
0.0003898112
0.0006770833
0.00037760416
0.0005855306
0.0018595378
0.017257487
0.0012679036
0.0012817383
0.0010262044
0.0016772461
0.001287028
0.0033601888
0.0020324707
0.0012308756
0.00047851563
0.0005541992
0.00048502604
0.000826416
0.0006608073
0.000789388
0.0016178385
0.016254475
0.0011161296
0.0011047364
0.0010750325
0.0023697917
0.0016170248
0.002709961
0.0017631022
0.0024776205
0.00060465495
0.00162028
0.0006294759
0.0017553711
0.00071126304
0.000945638
0.0024121094
0.021507569
0.0019637044
0.0018037923
0.0019274902
0.010738526
0.0030297851
0.0031095378
0.00285319
0.010441895
0.00075317384
0.0014998373
0.0012052408
0.0060257977
0.0019685873
0.0036735027
0.008331706
0.08841837
0.016160889
0.0160083
0.013755697
0.050878093
0.024051514
0.010875651
0.017584229
0.057477213
0.0048734536
0.0043066405
0.0070833336
0.027763672
0.00925415
0.018251954
0.038256835
0.018798422
0.0047379555
0.005119222
0.005390625
0.007846273
0.005957845
0.004527995
0.004630127
0.01050944
0.0018676758
0.001792806
0.001899821
0.005576172
0.0028006998
0.0042057293
0.008505859
0.0029699707
0.0013789877
0.0013614909
0.0022705079
0.001311849
0.0012561035
0.0020308432
0.0015258789
0.0011600748
0.000945638
0.0010400391
0.0010571289
0.0009586589
0.0010807292
0.0009724935
0.0011796061
5114.0
13.432538
68694.0
0.042929515
0.0015430751
0.001965237
0.0010044546
0.011674964
0.0025766443
0.0006841937
0.00232917
0.004046933
0.0021253675
0.0005968498
0.001310158
0.0016013044
0.003639328
0.008705272
0.0043235216
0.015197834
0.008530585
0.004512767
0.0040323753
0.0023000552
0.0014266166
0.0019797944
0.001819664
0.0033336245
0.004294407
0.0031443795
0.0019506798
0.0021835968
0.0020671382
0.0025475295
0.002882348
0.0069729527
0.033802077
0.0021108103
0.012897778
0.00953504
0.00698751
0.006434332
0.0045855534
0.013596529
0.0074679013
0.0011063557
0.0011063557
0.0072058695
0.006186858
0.0029988063
0.0040178183
0.008617929
0.0026348734
0.0060849567
0.0151832765
0.008705272
0.010641395
0.015037703
0.015241506
0.0019943519
0.00135383
0.0016740909
0.0038868024
0.0043235216
0.0056336797
0.008865403
0.023699304
0.0021690396
0.037514195
0.010161004
0.02914374
0.022447376
0.065245874
0.01564911
0.010306577
0.011893324
0.04094972
0.0035665415
0.0043089646
0.026086703
0.016609892
0.03406411
0.04786444
0.016813695
0.0010917984
0.047529623
0.0332489
0.058957115
0.01457187
0.008253996
0.0074679013
0.005881154
0.0084577985
0.0018051068
0.00040760473
0.0014848459
0.0006841937
0.00052406325
0.0009898972
5.7153068
11.0
56.0
0.0
22.0
1230303.0
53248.0
0.0
0.0
67.0
1.0
1.0
0.0
0.0
0.0
1187354600.0
0.0
0.0
0.0
0.0
0.0
1.0
0.0
0.0
0.0
0.0
0.0
0.0
-1.0
1.0
-1.0
-1.0
1.0
0.0
0.0
0.0
0.0
0.0
0.0
0.0
0.0
0.0
0.0
0.0
-1.0
0.0
0.0
0.0
0.0
0.0
0.0
0.0
0.0
0.0
0.0
0.0
0.0
-1.0
0.0
0.0
0.0
0.0
0.0
0.0
0.0
0.0
1.0
0.0
6.0
0.0
4.0
0.0
4.0
0.0
20480.0
1024.0
4096.0
5.0
2.0
0.0
1.0
5.0
0.0
0.0
0.0
0.0
0.0
0.0
0.0
0.0
0.0
0.0
8704.0
0.0
0.0
0.0
0.0
0.0
0.0
0.0
0.0
0.0
0.0
0.0
0.0
0.0
0.0
0.0
0.0
0.0
0.0
0.0
0.0
0.0
0.0
0.0
0.0
0.0
0.0
0.0
0.0
0.0
0.0
-19456.0
0.0
512.0
0.0
0.0
0.0
0.0
0.0
0.0
0.0
0.0
0.0
0.0
0.0
0.0
0.0
0.0
0.0
0.0
0.001669356
0.0
0.0
0.0
0.0
0.0
0.0
0.0
0.0
0.0
0.0
0.0
0.0
0.0
0.0
0.0
0.0
0.0
0.0
0.0
0.0
0.0
0.0
0.0
0.0
0.0
0.0
0.0
0.0
0.0
0.0
-5.4690695
0.0
0.0
0.0
0.0
0.0
0.0
0.0
0.0
0.0
0.0
0.0
0.0
0.0
0.0
0.0
0.0
0.0
0.0
12288.0
0.0
0.0
0.0
0.0
0.0
0.0
0.0
0.0
0.0
0.0
0.0
0.0
0.0
0.0
0.0
0.0
0.0
0.0
0.0
0.0
0.0
-4096.0
0.0
0.0
0.0
0.0
0.0
0.0
0.0
0.0
-20480.0
-4096.0
8192.0
0.0
0.0
0.0
0.0
0.0
0.0
0.0
0.0
0.0
-1.0
0.0
0.0
0.0
0.0
0.0
1.0
0.0
0.0
0.0
0.0
0.0
0.0
0.0
0.0
0.0
0.0
0.0
0.0
0.0
0.0
0.0
0.0
0.0
0.0
0.0
0.0
0.0
0.0
0.0
0.0
0.0
0.0
0.0
0.0
0.0
-2.0
0.0
0.0
0.0
1.0
0.0
0.0
0.0
0.0
0.0
0.0
1.0
0.0
0.0
0.0
0.0
0.0
0.0
0.0
0.0
0.0
0.0
0.0
0.0
-1.0
0.0
0.0
0.0
0.0
0.0
0.0
0.0
0.0
0.0
1.0
0.0
0.0
0.0
0.0
1.0
0.0
0.0
0.0
0.0
0.0
0.0
0.0
0.0
1.0
0.0
0.0
0.0
0.0
0.0
0.0
0.0
0.0
0.0
0.0
0.0
0.0
0.0
0.0
0.0
0.0
0.0
0.0
0.0
0.0
0.0
0.0
0.0
-1.0
0.0
0.0
0.0
0.0
0.0
0.0
0.0
0.0
0.0
0.0
0.0
0.0
0.0
0.0
0.0
0.0
0.0
0.0
0.0
0.0
0.0
0.0
0.0
0.0
0.0
0.0
0.0
0.0
0.0
0.0
0.0
0.0
0.0
0.0
0.0
0.0
0.0
0.0
0.0
0.0
0.0
0.0
0.0
0.0
0.0
0.0
0.0
0.0
0.0
0.0
0.0
0.0
0.0
0.0
0.0
0.0
0.0
0.0
0.0
0.0
0.0
0.0
0.0
0.0
0.0
0.0
0.0
0.0
0.0
0.0
0.0
0.0
0.0
0.0
0.0
0.0
0.0
0.0
0.0
0.0
0.0
0.0
0.0
0.0
0.0
0.0
0.0
0.0
0.0
0.0
0.0
0.0
0.0
0.0
0.0
0.0
0.0
0.0
0.0
0.0
0.0
0.0
0.0
0.0
0.0
0.0
0.0
0.0
0.0
0.0
0.0
0.0
0.0
0.0
0.0
0.0
0.0
0.0
0.0
0.0
0.0
0.0
0.0
0.0
0.0
0.0
0.0
0.0
0.0
0.0
0.0
0.0
0.0
0.0
0.0
0.0
0.0
0.0
0.0
0.0
0.0
0.0
0.0
0.0
0.0
0.0
0.0
0.0
0.0
0.0
0.0
0.0
0.0
0.0
0.0
0.0
0.0
0.0
0.0
0.0
0.0
0.0
0.0
0.0
0.0
0.0
0.0
0.0
0.0
0.0
0.0
0.0
0.0
0.0
0.0
0.0
0.0
0.0
0.0
0.0
0.0
0.0
0.0
0.0
0.0
0.0
0.0
0.0
0.0
0.0
0.0
0.0
0.0
0.0
0.0
0.0
0.0
0.0
0.0
0.0
0.0
0.0
0.0
0.0
0.0
0.0
0.0
0.0
0.0
0.0
0.0
0.0
0.0
0.0
0.0
0.0
0.0
0.0
0.0
0.0
0.0
0.0
0.0
0.0
0.0
0.0
0.0
0.0
0.0
0.0
0.0
0.0
0.0
0.0
0.0
0.0
0.0
0.0
0.0
0.0
0.0
0.0
0.0
0.0
0.0
0.0
0.0
0.0
0.0
0.0
0.0
0.0
0.0
0.0
0.0
0.0
0.0
0.0
0.0
0.0
0.0
0.0
0.0
0.0
0.0
-1.0
0.0
0.0
0.0
0.0
0.0
0.0
0.0
0.0
0.0
0.0
0.0
0.0
-1.0
0.0
0.0
0.0
0.0
0.0
0.0
0.0
0.0
0.0
0.0
0.0
0.0
1.0
0.0
0.0
0.0
0.0
0.0
0.0
0.0
0.0
0.0
0.0
0.0
1.0
0.0
0.0
0.0
0.0
0.0
0.0
0.0
0.0
0.0
0.0
0.0
0.0
1.0
0.0
0.0
0.0
0.0
0.0
0.0
0.0
0.0
0.0
2.0
0.0
0.0
0.0
0.0
0.0
0.0
0.0
0.0
0.0
0.0
1.0
0.0
0.0
0.0
0.0
0.0
0.0
0.0
0.0
0.0
0.0
0.0
0.0
1.0
0.0
0.0
0.0
0.0
0.0
0.0
1.0
0.0
0.0
0.0
0.0
0.0
0.0
0.0
0.0
0.0
-1.0
0.0
0.0
0.0
0.0
0.0
0.0
0.0
0.0
0.0
0.0
0.0
0.0
0.0
0.0
0.0
0.0
0.0
0.0
0.0
0.0
0.0
0.0
0.0
0.0
0.0
0.0
0.0
0.0
0.0
0.0
0.0
0.0
0.0
0.0
0.0
0.0
0.0
0.0
0.0
1.0
0.0
0.0
0.0
0.0
0.0
0.0
0.0
0.0
1.0
0.0
0.0
0.0
0.0
-1.0
0.0
1.0
0.0
0.0
0.0
1.0
0.0
0.0
0.0
0.0
0.0
0.0
0.0
0.0
0.0
0.0
0.0
0.0
0.0
0.0
0.0
1.0
0.0
0.0
0.0
0.0
0.0
0.0
0.0
0.0
0.0
0.0
0.0
0.0
0.0
0.0
0.0
1.0
0.0
0.0
0.0
0.0
0.0
0.0
0.0
0.0
0.0
0.0
0.0
0.0
0.0
0.0
0.0
1.0
0.0
0.0
0.0
0.0
0.0
0.0
0.0
0.0
0.0
0.0
0.0
0.0
0.0
0.0
0.0
0.0
0.0
0.0
0.0
0.0
0.0
0.0
0.0
0.0
0.0
0.0
0.0
0.0
0.0
0.0
0.0
0.0
0.0
-2.0
0.0
1.0
0.0
0.0
0.0
0.0
0.0
0.0
0.0
0.0
0.0
0.0
0.0
0.0
0.0
-1.0
0.0
0.0
0.0
0.0
0.0
0.0
-1.0
0.0
0.0
0.0
0.0
0.0
0.0
0.0
0.0
0.0
0.0
0.0
0.0
0.0
0.0
0.0
0.0
0.0
0.0
0.0
0.0
0.0
0.0
0.0
0.0
0.0
0.0
0.0
1.0
0.0
0.0
0.0
1.0
0.0
0.0
0.0
1.0
0.0
0.0
0.0
0.0
0.0
0.0
0.0
0.0
0.0
0.0
0.0
0.0
0.0
0.0
0.0
0.0
1.0
0.0
0.0
0.0
0.0
1.0
1.0
0.0
0.0
0.0
0.0
0.0
0.0
0.0
0.0
0.0
0.0
0.0
0.0
0.0
0.0
0.0
-1.0
0.0
0.0
1.0
1.0
0.0
0.0
1.0
0.0
0.0
0.0
0.0
0.0
0.0
0.0
0.0
0.0
-1.0
0.0
0.0
0.0
0.0
0.0
0.0
0.0
0.0
0.0
0.0
0.0
0.0
0.0
0.0
0.0
0.0
0.0
0.0
0.0
0.0
0.0
0.0
0.0
0.0
0.0
0.0
0.0
0.0
-1.0
0.0
0.0
0.0
0.0
0.0
0.0
0.0
0.0
0.0
0.0
0.0
0.0
0.0
0.0
0.0
0.0
0.0
0.0
0.0
0.0
0.0
0.0
0.0
0.0
0.0
0.0
0.0
0.0
-2.0
0.0
0.0
0.0
0.0
-1.0
0.0
0.0
0.0
0.0
0.0
0.0
0.0
0.0
0.0
0.0
0.0
0.0
0.0
0.0
0.0
0.0
0.0
0.0
0.0
1.0
-1.0
0.0
0.0
0.0
0.0
0.0
0.0
0.0
0.0
0.0
0.0
0.0
0.0
0.0
0.0
0.0
0.0
0.0
0.0
0.0
0.0
0.0
0.0
0.0
0.0
0.0
0.0
0.0
0.0
0.0
0.0
0.0
0.0
0.0
0.0
0.0
0.0
-1.0
0.0
0.0
0.0
0.0
0.0
0.0
0.0
0.0
0.0
0.0
0.0
0.0
0.0
0.0
0.0
0.0
0.0
0.0
0.0
0.0
0.0
0.0
0.0
0.0
0.0
0.0
0.0
-1.0
0.0
0.0
1.0
0.0
0.0
0.0
0.0
0.0
0.0
0.0
1.0
0.0
0.0
0.0
0.0
0.0
0.0
0.0
0.0
0.0
0.0
0.0
0.0
0.0
0.0
0.0
0.0
0.0
0.0
0.0
0.0
0.0
0.0
0.0
0.0
0.0
0.0
0.0
0.0
1.0
0.0
0.0
0.0
0.0
0.0
0.0
0.0
-1.0
0.0
0.0
0.0
0.0
0.0
0.0
0.0
0.0
0.0
0.0
0.0
0.0
-1.0
0.0
0.0
0.0
0.0
0.0
0.0
0.0
0.0
0.0
0.0
0.0
0.0
0.0
0.0
0.0
0.0
-1.0
0.0
0.0
0.0
0.0
0.0
0.0
0.0
0.0
0.0
0.0
0.0
1.0
0.0
0.0
-1.0
0.0
0.0
0.0
0.0
0.0
0.0
0.0
0.0
0.0
0.0
0.0
0.0
0.0
0.0
0.0
0.0
0.0
0.0
1.0
0.0
0.0
0.0
0.0
-1.0
0.0
0.0
1.0
0.0
0.0
0.0
0.0
0.0
0.0
0.0
0.0
0.0
0.0
0.0
0.0
-1.0
0.0
0.0
0.0
0.0
0.0
1.0
0.0
0.0
0.0
0.0
0.0
0.0
0.0
0.0
0.0
0.0
0.0
0.0
0.0
0.0
0.0
0.0
0.0
0.0
0.0
0.0
0.0
0.0
0.0
0.0
0.0
0.0
0.0
0.0
0.0
-1.0
0.0
0.0
0.0
0.0
0.0
0.0
0.0
0.0
0.0
0.0
0.0
0.0
0.0
0.0
1.0
0.0
0.0
0.0
0.0
0.0
0.0
0.0
0.0
0.0
0.0
0.0
0.0
0.0
0.0
0.0
0.0
0.0
0.0
0.0
0.0
-1.0
0.0
0.0
0.0
0.0
0.0
0.0
1.0
0.0
0.0
0.0
0.0
0.0
0.0
0.0
0.0
0.0
0.0
-1.0
0.0
0.0
0.0
0.0
0.0
0.0
0.0
0.0
0.0
0.0
-1.0
0.0
0.0
0.0
0.0
0.0
0.0
-1.0
0.0
0.0
0.0
0.0
1.0
0.0
0.0
0.0
0.0
0.0
0.0
0.0
0.0
0.0
0.0
0.0
0.0
0.0
0.0
0.0
0.0
0.0
0.0
0.0
0.0
0.0
0.0
0.0
0.0
0.0
0.0
0.0
0.0
0.0
0.0
0.0
0.0
0.0
0.0
0.0
0.0
0.0
0.0
0.0
0.0
0.0
0.0
0.0
0.0
0.0
0.0
0.0
0.0
0.0
0.0
0.0
0.0
0.0
0.0
0.0
0.0
0.0
0.0
0.0
1.0
0.0
0.0
0.0
0.0
0.0
0.0
-1.0
0.0
0.0
0.0
0.0
1.0
0.0
0.0
0.0
0.0
0.0
0.0
0.0
0.0
0.0
0.0
0.0
0.0
0.0
1.0
0.0
0.0
0.0
0.0
0.0
0.0
0.0
0.0
0.0
0.0
1.0
0.0
0.0
0.0
0.0
0.0
0.0
0.0
1.0
0.0
0.0
0.0
0.0
0.0
0.0
0.0
0.0
0.0
0.0
0.0
0.0
0.0
0.0
0.0
0.0
0.0
0.0
0.0
0.0
0.0
0.0
0.0
0.0
0.0
0.0
0.0
1.0
0.0
0.0
0.0
0.0
0.0
0.0
0.0
0.0
0.0
0.0
0.0
0.0
0.0
0.0
0.0
0.0
0.0
0.0
0.0
0.0
0.0
0.0
0.0
0.0
0.0
0.0
0.0
0.0
0.0
0.0
0.0
0.0
0.0
0.0
0.0
0.0
0.0
0.0
0.0
0.0
0.0
0.0
0.0
0.0
0.0
0.0
0.0
0.0
0.0
0.0
0.0
0.0
0.0
0.0
-1.0
0.0
0.0
0.0
0.0
0.0
0.0
0.0
0.0
0.0
0.0
0.0
0.0
0.0
0.0
0.0
0.0
0.0
0.0
0.0
0.0
0.0
0.0
0.0
0.0
-1.0
1.0
0.0
0.0
0.0
0.0
0.0
0.0
0.0
0.0
0.0
0.0
1.0
0.0
0.0
0.0
0.0
0.0
0.0
0.0
0.0
0.0
0.0
0.0
0.0
0.0
0.0
0.0
0.0
0.0
0.0
0.0
0.0
0.0
0.0
0.0
0.0
0.0
0.0
0.0
0.0
0.0
0.0
0.0
0.0
0.0
0.0
0.0
0.0
0.0
0.0
0.0
0.0
0.0
0.0
0.0
0.0
0.0
0.0
0.0
0.0
0.0
0.0
0.0
0.0
0.0
0.0
0.0
0.0
0.0
0.0
0.0
0.0
0.0
0.0
0.0
0.0
0.0
0.0
0.0
0.0
0.0
0.0
0.0
0.0
0.0
0.0
0.0
0.0
0.0
0.0
0.0
0.0
0.0
0.0
0.0
0.0
0.0
0.0
0.0
0.0
0.0
0.0
0.0
0.0
0.0
0.0
0.0
0.0
0.0
0.0
0.0
0.0
0.0
0.0
0.0
0.0
0.0
0.0
0.0
0.0
0.0
0.0
0.0
0.0
0.0
0.0
0.0
0.0
0.0
0.0
0.0
0.0
0.0
0.0
0.0
0.0
0.0
0.0
0.0
0.0
0.0
0.0
0.0
0.0
0.0
0.0
0.0
0.0
0.0
0.0
0.0
0.0
0.0
0.0
0.0
0.0
0.0
0.0
0.0
0.0
0.0
0.0
0.0
0.0
0.0
40.0
21972.0
4824.0
28672.0
0.0
0.0
0.0
0.0
8.0
40788.0
0.0
0.0
0.0
0.0
0.0
0.0
0.0
0.0
0.0
0.0
0.0
0.0
0.0
0.0
0.0
0.0
0.0
0.0
