0.026051035
0.007254663
0.006625735
0.0066114413
0.0068335454
0.0064882943
0.0064816973
0.006413527
0.007002872
0.0064586075
0.006401432
0.0064025316
0.006631233
0.006424522
0.006397034
0.0067818677
0.0067939623
0.0063332617
0.006232105
0.006364048
0.0066191377
0.0064959913
0.006210115
0.0062343045
0.006332162
0.0063354606
0.00622111
0.0062496974
0.0062793847
0.0064157257
0.00617493
0.006320067
0.0063794414
0.006246399
0.0061738305
0.0064168256
0.006441015
0.0062573943
0.0063145696
0.0061782287
0.0062892805
0.006365148
0.0062343045
0.006200219
0.0063673467
0.006269489
0.0062991763
0.006154039
0.0064970907
0.006648825
0.0065245787
0.0063805413
0.0063937353
0.006227707
0.006332162
0.006332162
0.0064025316
0.006688408
0.006302475
0.006147442
0.0062760864
0.0061848257
0.006147442
0.0061848257
0.0055141156
0.004500354
0.00275211
0.0031512375
0.0028598635
0.004812619
0.0028807544
0.002731219
0.0028345743
0.0028092852
0.0027554086
0.0027554086
0.0028257782
0.0028917496
0.0028851524
0.0028752568
0.003785663
0.0027653042
0.0028763562
0.003269986
0.0028972472
0.0032479956
0.0030006026
0.0029115411
0.0027279204
0.0029291334
0.0028169819
0.0028664605
0.002796091
0.0030071996
0.0028543659
0.002800489
0.0027301195
0.0041045253
0.0030588773
0.0033172655
0.0033128676
0.0046081073
0.0032249056
0.003223806
0.0033238628
0.003764772
0.0031589342
0.002997304
0.0034591043
0.0032875785
0.003755976
0.0037779664
0.0032391993
0.0027741005
0.0039351983
0.0037493787
0.003975881
0.0037174926
0.0028587638
0.0028829535
0.002819181
0.0030885646
0.002749911
0.0027070295
0.0027741005
0.0028906502
0.002735617
0.0027455129
0.0030291902
0.0028048872
0.0027015319
0.0039747814
0.0027576077
0.0033535499
0.00265975
0.0026861385
0.0027741005
0.0044618705
0.0027279204
0.004789529
0.0028037876
0.0032501947
0.002747712
0.0027301195
0.0044112927
0.0026674466
0.0027114276
0.0027136267
0.0026465557
0.0027147261
0.002733418
0.0027213234
0.0026982334
0.0027598066
0.0026883376
0.0026300629
0.0027224228
0.002703731
0.0026718448
0.002668546
0.0027323186
0.0028224795
0.002703731
0.0027411147
0.002800489
0.0026982334
0.0027345177
0.0027136267
0.0026817403
0.0026300629
0.0026531527
0.0027323186
0.0027070295
0.0026630484
0.0027444132
0.0026960343
0.0027180247
0.002703731
0.002687238
0.002668546
0.0026784418
0.0027224228
0.0028664605
0.0027235223
0.0027279204
0.0027653042
0.0027257213
0.0027719014
0.002735617
0.002664148
0.0027466123
0.002833475
0.0033568486
0.0029060433
0.0028576644
0.003059977
0.0030489815
0.0026817403
0.0028477686
0.003066574
0.0028598635
0.0026949346
0.0027301195
0.0027510105
0.0027730009
0.0026971337
0.0028147828
0.0027180247
0.002930233
0.0028015885
0.0027861951
0.0027422144
0.0027839963
0.0027323186
0.0027279204
0.0027554086
0.0029467258
0.0027070295
0.0028158824
0.0028202806
0.00284447
0.0027510105
0.002724622
0.002747712
0.003269986
0.0027235223
0.0027719014
0.0026575509
0.0028477686
0.0028488683
0.00272902
0.002664148
0.00337664
0.0029148397
0.00279829
0.003228204
0.003020394
0.002685039
0.0026982334
0.0027620057
0.003015996
0.002777399
0.0026696457
0.0027400153
0.0029225363
0.0027598066
0.0028356737
0.0029544225
0.0032073131
0.002871958
0.0027806975
0.0028455695
0.0032446969
0.002840072
0.002863162
0.0046169036
0.0
0.0
0.0
0.0
0.0
0.0
0.0
0.0
0.0
0.0
0.0
0.0
0.0
0.0
0.0
0.0
0.0
0.0
0.0
0.0
0.0
0.0
0.0
0.0
0.0
0.0
0.0
0.0
0.0
0.0
0.0
0.0
0.0
0.0
0.0
0.0
0.0
0.0
0.0
0.0
0.0
0.0
0.0
0.0
0.0
0.0
0.0
0.0
0.0010084907
2.4771878e-05
1.1009723e-06
4.4038893e-06
3.9635004e-05
2.146896e-05
5.5048617e-06
1.6514585e-06
5.5048616e-07
5.5048616e-07
0.0
1.3211668e-05
0.0
1.1009723e-06
4.9543755e-06
0.0
0.0009672042
3.8534035e-06
9.358265e-06
4.4038893e-06
2.2019447e-05
1.7065071e-05
4.6791327e-05
1.4863127e-05
4.9543755e-06
6.605834e-06
1.6514585e-06
3.8534035e-06
8.807779e-06
3.302917e-06
3.302917e-06
9.358265e-06
0.00076957967
0.0
0.0
4.1286465e-05
3.2478685e-05
1.156021e-05
0.0034234736
0.0013585999
0.0
0.0
0.0
0.0
0.0
0.0
0.0
0.0
0.0024001198
5.5048616e-07
4.9543756e-05
0.00012826329
0.00016954975
0.00013211668
0.0032445656
0.0017439403
1.1009723e-06
1.6514585e-06
5.5048616e-07
5.5048616e-07
1.7615557e-05
5.5048616e-07
5.5048616e-07
5.5048616e-07
0.0005780105
0.0
0.0
0.00042002095
1.6514585e-05
7.706807e-06
0.0016189798
0.0007409544
0.0
0.0
0.0
0.0
0.0
0.0
0.0
0.0
0.0024656276
5.8351536e-05
5.5599106e-05
0.00019762454
0.0012831833
0.0006848048
0.0002983635
0.00012440988
4.1286465e-05
2.9726254e-05
2.4771878e-05
4.1286465e-05
0.00010073897
0.00016184294
3.1377713e-05
3.7983547e-05
0.002057167
0.00017285267
6.165446e-05
0.00037378012
0.0009253673
0.00022239643
0.0016817353
0.00076572626
4.6791327e-05
4.348841e-05
3.853403e-05
4.183695e-05
0.00012551085
8.862828e-05
3.853403e-05
8.0370985e-05
0.0010701452
7.1563205e-05
6.330591e-05
5.670008e-05
0.0006506747
6.165446e-05
0.0003869918
0.0001833119
5.3947646e-05
4.624084e-05
4.6791327e-05
4.624084e-05
4.4589382e-05
4.4589382e-05
0.0003264383
0.00022900225
0.0034631086
0.00018936725
0.00025212267
0.00028074795
0.0018083472
0.00022845177
0.00067874946
0.0004508482
0.00026808676
0.00015854002
0.00013321766
0.00016184294
0.00017890801
0.0007448078
0.00055929396
0.0005901212
0.0007211369
5.2846673e-05
8.257293e-05
9.248168e-05
0.00020643232
9.743606e-05
0.00010294092
7.376515e-05
0.00024111295
5.0094244e-05
3.302917e-05
4.6791327e-05
6.8260284e-05
1.8166043e-05
0.00021468961
0.00015303516
0.004921897
0.00093802845
0.0003941481
0.0005191085
0.0019856037
0.001616778
0.00056039495
0.0008004069
0.0034212717
0.000736
0.00016954975
0.0003704772
0.0012198774
0.0005262648
0.0013118086
0.0019289036
0.0056166104
0.0011367539
0.00075857
0.00067489606
0.0023065372
0.0020026688
0.0008554555
0.0010954675
0.003644769
0.0012584114
0.00029561107
0.0005747076
0.0014708991
0.00061984744
0.0013063038
0.0023125925
0.09903137
0.098983474
0.09890035
0.09892842
0.042409457
0.042452395
0.04221018
0.042303763
0.042521205
0.042542122
0.042713873
0.042446338
0.042636257
0.04242762
0.042216785
0.04257515
7467.0
6.108745
45614.0
0.011816547
0.0105230855
0.010194238
0.010391546
0.010873854
0.012057701
0.0100846235
0.009909239
0.0100188535
0.010742316
0.0106327
0.010238085
0.0094927
0.010347701
0.011158855
0.0105230855
0.012474241
0.013701933
0.013416934
0.011816547
0.010917701
0.010238085
0.01190424
0.011597317
0.011926163
0.011115009
0.011400009
0.009843469
0.010698469
0.009755777
0.010369623
0.010698469
0.0054588504
0.00914193
0.006116543
0.007980006
0.006050774
0.008878853
0.0066426974
0.0055246195
0.005765774
0.0071030823
0.0053053885
0.005656158
0.007212698
0.006752313
0.0084623145
0.007453852
0.007563467
0.00488885
0.007914237
0.009251545
0.0089007765
0.00637962
0.0064673126
0.00701539
0.004691542
0.0052396194
0.0052834656
0.0043188496
0.0052834656
0.0051738503
0.005086158
0.0048450036
0.005853466
0.0301881
0.012408471
0.016047705
0.015126934
0.0391108
0.008703468
0.011794625
0.012474241
0.023567326
0.00609462
0.0092734685
0.018941553
0.014359626
0.02394002
0.023041172
0.011838471
0.0062042354
0.02834656
0.023698865
0.022076555
0.012781164
0.008528084
0.008221161
0.007059236
0.011685009
0.0055246195
0.005195773
0.0050203884
0.0046038497
0.0042750034
0.005327312
6.396156
2.0
0.0
0.0
5.0
909484.0
98304.0
0.0
0.0
95.0
0.0
0.0
0.0
0.0
0.0
1141321900.0
0.0
0.0
0.0
0.0
0.0
1.0
0.0
0.0
0.0
0.0
0.0
0.0
-1.0
0.0
-1.0
-1.0
0.0
0.0
0.0
0.0
0.0
0.0
0.0
0.0
0.0
0.0
0.0
0.0
-1.0
0.0
0.0
0.0
0.0
0.0
0.0
0.0
0.0
0.0
0.0
0.0
0.0
-1.0
0.0
0.0
0.0
0.0
0.0
0.0
0.0
0.0
0.0
0.0
2.0
50.0
4.0
0.0
4.0
0.0
42496.0
512.0
4096.0
3.0
0.0
0.0
1.0
1.0
0.0
0.0
0.0
0.0
0.0
0.0
0.0
0.0
0.0
0.0
0.0
0.0
0.0
0.0
26112.0
0.0
0.0
0.0
0.0
0.0
0.0
0.0
0.0
0.0
0.0
0.0
0.0
0.0
0.0
0.0
0.0
0.0
-16384.0
0.0
0.0
0.0
0.0
0.0
0.0
0.0
0.0
-42496.0
0.0
0.0
0.0
0.0
0.0
0.0
0.0
0.0
0.0
0.0
0.0
0.0
0.0
0.0
0.0
0.0
0.0
0.0
0.0
0.0
0.0
0.0
5.2029037
0.0
0.0
0.0
0.0
0.0
0.0
0.0
0.0
0.0
0.0
0.0
0.0
0.0
0.0
0.0
0.0
0.0
-4.8681803
0.0
0.0
0.0
0.0
0.0
0.0
0.0
0.0
-6.4578476
0.0
0.0
0.0
0.0
0.0
0.0
0.0
0.0
0.0
0.0
0.0
0.0
0.0
0.0
0.0
0.0
0.0
0.0
0.0
0.0
0.0
0.0
25860.0
0.0
0.0
0.0
0.0
0.0
0.0
0.0
0.0
0.0
0.0
0.0
0.0
0.0
0.0
0.0
0.0
0.0
-16832.0
0.0
0.0
0.0
0.0
0.0
0.0
0.0
0.0
-42342.0
0.0
0.0
0.0
0.0
0.0
0.0
0.0
0.0
0.0
0.0
0.0
-1.0
0.0
0.0
0.0
0.0
0.0
1.0
0.0
0.0
0.0
0.0
0.0
0.0
0.0
0.0
0.0
0.0
0.0
0.0
0.0
0.0
0.0
0.0
0.0
0.0
0.0
0.0
0.0
0.0
0.0
0.0
0.0
0.0
0.0
0.0
0.0
-2.0
0.0
0.0
0.0
1.0
0.0
0.0
0.0
0.0
0.0
0.0
0.0
0.0
0.0
0.0
0.0
0.0
0.0
0.0
0.0
0.0
0.0
0.0
0.0
-1.0
0.0
0.0
0.0
0.0
0.0
0.0
0.0
0.0
0.0
1.0
0.0
0.0
0.0
0.0
1.0
0.0
0.0
0.0
0.0
0.0
0.0
0.0
0.0
0.0
0.0
0.0
0.0
0.0
0.0
0.0
0.0
0.0
0.0
0.0
0.0
0.0
0.0
0.0
0.0
0.0
0.0
0.0
0.0
0.0
0.0
0.0
0.0
0.0
0.0
0.0
0.0
0.0
0.0
0.0
0.0
0.0
0.0
0.0
0.0
0.0
0.0
0.0
0.0
0.0
0.0
0.0
-1.0
0.0
0.0
0.0
0.0
0.0
0.0
0.0
0.0
0.0
0.0
0.0
0.0
0.0
0.0
0.0
0.0
0.0
0.0
0.0
0.0
-1.0
0.0
0.0
0.0
0.0
0.0
0.0
0.0
0.0
0.0
0.0
0.0
0.0
0.0
0.0
0.0
0.0
0.0
0.0
0.0
0.0
0.0
0.0
0.0
0.0
0.0
0.0
0.0
0.0
0.0
0.0
0.0
0.0
0.0
0.0
0.0
0.0
0.0
0.0
0.0
0.0
0.0
0.0
0.0
0.0
0.0
0.0
0.0
0.0
-1.0
0.0
0.0
0.0
0.0
0.0
0.0
0.0
0.0
0.0
0.0
0.0
0.0
0.0
0.0
0.0
0.0
1.0
0.0
0.0
0.0
0.0
0.0
0.0
0.0
0.0
0.0
0.0
0.0
0.0
0.0
0.0
0.0
0.0
0.0
0.0
0.0
0.0
0.0
0.0
0.0
0.0
0.0
0.0
0.0
0.0
0.0
0.0
0.0
0.0
0.0
0.0
0.0
0.0
0.0
0.0
0.0
0.0
0.0
0.0
0.0
0.0
0.0
0.0
0.0
0.0
0.0
0.0
0.0
0.0
0.0
0.0
0.0
0.0
0.0
0.0
0.0
0.0
0.0
0.0
0.0
0.0
0.0
0.0
0.0
0.0
0.0
0.0
0.0
0.0
0.0
0.0
0.0
0.0
0.0
0.0
0.0
0.0
0.0
0.0
0.0
0.0
0.0
0.0
0.0
0.0
0.0
0.0
0.0
0.0
0.0
0.0
0.0
0.0
0.0
0.0
0.0
0.0
1.0
0.0
0.0
0.0
0.0
0.0
0.0
0.0
0.0
0.0
0.0
0.0
0.0
-1.0
0.0
0.0
0.0
0.0
0.0
0.0
0.0
0.0
0.0
0.0
0.0
0.0
0.0
0.0
0.0
0.0
0.0
0.0
0.0
0.0
0.0
0.0
0.0
0.0
1.0
-1.0
0.0
0.0
0.0
0.0
0.0
0.0
0.0
0.0
0.0
0.0
0.0
0.0
0.0
0.0
0.0
0.0
0.0
0.0
0.0
0.0
0.0
0.0
0.0
0.0
0.0
0.0
0.0
0.0
0.0
0.0
0.0
0.0
0.0
0.0
0.0
0.0
0.0
0.0
0.0
0.0
0.0
0.0
0.0
0.0
0.0
0.0
0.0
0.0
0.0
0.0
0.0
0.0
0.0
-1.0
0.0
0.0
0.0
0.0
0.0
0.0
0.0
0.0
0.0
0.0
0.0
0.0
0.0
0.0
0.0
0.0
0.0
0.0
0.0
0.0
0.0
0.0
0.0
0.0
-1.0
0.0
0.0
0.0
1.0
0.0
0.0
0.0
0.0
0.0
0.0
0.0
0.0
0.0
0.0
0.0
0.0
0.0
0.0
0.0
0.0
0.0
0.0
1.0
0.0
0.0
1.0
0.0
0.0
0.0
0.0
1.0
0.0
0.0
0.0
0.0
0.0
0.0
0.0
0.0
0.0
0.0
0.0
0.0
0.0
0.0
0.0
0.0
1.0
0.0
0.0
0.0
0.0
0.0
0.0
0.0
0.0
0.0
0.0
0.0
0.0
0.0
0.0
0.0
0.0
0.0
0.0
0.0
0.0
0.0
0.0
0.0
0.0
0.0
0.0
0.0
0.0
0.0
0.0
0.0
0.0
0.0
1.0
0.0
0.0
0.0
0.0
1.0
0.0
-1.0
0.0
0.0
-1.0
0.0
0.0
0.0
0.0
0.0
0.0
0.0
0.0
-1.0
0.0
0.0
0.0
0.0
0.0
0.0
0.0
0.0
0.0
0.0
1.0
0.0
0.0
0.0
0.0
0.0
0.0
0.0
0.0
0.0
0.0
0.0
0.0
0.0
0.0
0.0
0.0
0.0
0.0
0.0
0.0
0.0
0.0
0.0
0.0
0.0
0.0
0.0
0.0
-1.0
0.0
0.0
0.0
0.0
0.0
0.0
0.0
0.0
0.0
0.0
0.0
0.0
0.0
0.0
0.0
-1.0
0.0
0.0
0.0
0.0
0.0
0.0
0.0
0.0
0.0
0.0
0.0
1.0
0.0
0.0
1.0
0.0
0.0
1.0
0.0
0.0
0.0
0.0
0.0
0.0
0.0
0.0
0.0
0.0
0.0
1.0
-1.0
0.0
0.0
0.0
0.0
0.0
0.0
0.0
0.0
0.0
0.0
0.0
-1.0
0.0
0.0
-1.0
0.0
0.0
0.0
-1.0
-1.0
0.0
0.0
0.0
0.0
0.0
0.0
0.0
0.0
0.0
0.0
0.0
0.0
0.0
0.0
0.0
0.0
0.0
0.0
0.0
1.0
0.0
0.0
0.0
0.0
0.0
0.0
1.0
0.0
0.0
0.0
0.0
0.0
0.0
0.0
0.0
0.0
0.0
1.0
0.0
0.0
0.0
0.0
0.0
0.0
0.0
0.0
0.0
0.0
0.0
0.0
0.0
0.0
0.0
0.0
0.0
1.0
0.0
-1.0
0.0
0.0
0.0
0.0
0.0
0.0
0.0
0.0
0.0
0.0
0.0
0.0
0.0
0.0
0.0
0.0
0.0
0.0
0.0
0.0
0.0
0.0
0.0
-1.0
0.0
0.0
0.0
0.0
0.0
0.0
0.0
0.0
0.0
0.0
0.0
0.0
0.0
0.0
0.0
0.0
0.0
0.0
0.0
0.0
0.0
0.0
0.0
0.0
0.0
0.0
0.0
0.0
0.0
0.0
0.0
-1.0
0.0
0.0
0.0
0.0
0.0
0.0
0.0
0.0
0.0
0.0
0.0
0.0
1.0
0.0
0.0
0.0
0.0
-1.0
0.0
0.0
0.0
0.0
0.0
0.0
0.0
0.0
0.0
0.0
0.0
0.0
0.0
0.0
0.0
0.0
0.0
0.0
0.0
0.0
0.0
0.0
0.0
0.0
0.0
0.0
0.0
0.0
0.0
0.0
2.0
0.0
0.0
0.0
0.0
0.0
0.0
0.0
1.0
0.0
0.0
1.0
0.0
0.0
0.0
0.0
0.0
0.0
0.0
0.0
0.0
0.0
0.0
0.0
0.0
0.0
0.0
0.0
0.0
0.0
0.0
0.0
0.0
0.0
1.0
0.0
0.0
0.0
0.0
-2.0
1.0
0.0
-1.0
0.0
0.0
0.0
-1.0
0.0
0.0
0.0
0.0
0.0
0.0
0.0
0.0
0.0
0.0
0.0
-1.0
0.0
0.0
0.0
0.0
0.0
0.0
0.0
0.0
0.0
0.0
0.0
0.0
0.0
1.0
0.0
1.0
0.0
0.0
0.0
0.0
0.0
0.0
0.0
0.0
0.0
0.0
0.0
0.0
0.0
0.0
0.0
0.0
0.0
0.0
0.0
0.0
0.0
0.0
0.0
0.0
0.0
-1.0
0.0
0.0
0.0
0.0
0.0
0.0
0.0
0.0
0.0
0.0
0.0
0.0
0.0
0.0
0.0
0.0
0.0
0.0
0.0
0.0
0.0
0.0
0.0
0.0
0.0
0.0
0.0
0.0
0.0
-1.0
0.0
1.0
0.0
0.0
0.0
0.0
0.0
-1.0
0.0
0.0
0.0
0.0
0.0
0.0
1.0
0.0
0.0
0.0
-1.0
0.0
0.0
0.0
0.0
0.0
0.0
0.0
0.0
0.0
1.0
0.0
-1.0
0.0
0.0
0.0
0.0
0.0
0.0
0.0
0.0
0.0
0.0
0.0
0.0
0.0
0.0
0.0
0.0
0.0
0.0
0.0
0.0
0.0
0.0
0.0
0.0
0.0
0.0
1.0
0.0
0.0
0.0
0.0
0.0
0.0
0.0
0.0
0.0
0.0
0.0
0.0
0.0
0.0
-1.0
0.0
0.0
0.0
0.0
0.0
0.0
0.0
0.0
0.0
0.0
0.0
0.0
0.0
0.0
1.0
0.0
0.0
0.0
0.0
0.0
0.0
0.0
0.0
0.0
0.0
0.0
0.0
0.0
0.0
0.0
0.0
0.0
0.0
0.0
0.0
0.0
0.0
0.0
0.0
0.0
0.0
0.0
0.0
0.0
0.0
0.0
0.0
1.0
0.0
-1.0
0.0
0.0
0.0
0.0
0.0
0.0
0.0
0.0
0.0
0.0
0.0
0.0
0.0
-1.0
0.0
0.0
0.0
0.0
0.0
0.0
0.0
0.0
0.0
0.0
0.0
0.0
0.0
0.0
0.0
0.0
0.0
0.0
0.0
0.0
0.0
0.0
0.0
1.0
0.0
0.0
1.0
0.0
0.0
0.0
1.0
0.0
0.0
0.0
0.0
0.0
0.0
0.0
0.0
0.0
0.0
0.0
0.0
0.0
0.0
0.0
0.0
0.0
0.0
-1.0
0.0
0.0
0.0
0.0
0.0
1.0
0.0
0.0
0.0
0.0
0.0
0.0
0.0
0.0
0.0
0.0
-1.0
1.0
0.0
0.0
0.0
0.0
0.0
0.0
0.0
0.0
-1.0
0.0
0.0
0.0
0.0
0.0
0.0
0.0
0.0
0.0
0.0
0.0
-1.0
0.0
0.0
1.0
0.0
0.0
0.0
0.0
0.0
0.0
0.0
-1.0
0.0
0.0
0.0
0.0
0.0
0.0
0.0
0.0
1.0
0.0
-1.0
0.0
0.0
0.0
0.0
0.0
0.0
0.0
0.0
0.0
0.0
0.0
0.0
0.0
0.0
0.0
0.0
0.0
1.0
1.0
0.0
0.0
0.0
0.0
0.0
0.0
1.0
0.0
0.0
0.0
0.0
0.0
0.0
0.0
0.0
0.0
0.0
0.0
0.0
0.0
0.0
0.0
0.0
0.0
0.0
-1.0
0.0
0.0
0.0
0.0
0.0
0.0
1.0
0.0
0.0
0.0
0.0
0.0
0.0
0.0
0.0
0.0
0.0
0.0
0.0
1.0
0.0
0.0
0.0
0.0
0.0
0.0
0.0
1.0
1.0
0.0
0.0
0.0
0.0
0.0
-1.0
0.0
0.0
0.0
0.0
0.0
0.0
0.0
0.0
-1.0
0.0
0.0
0.0
0.0
0.0
0.0
0.0
0.0
0.0
0.0
0.0
0.0
0.0
0.0
-1.0
0.0
0.0
0.0
0.0
0.0
0.0
0.0
0.0
0.0
-1.0
0.0
0.0
0.0
0.0
0.0
0.0
0.0
0.0
0.0
0.0
0.0
0.0
0.0
0.0
0.0
0.0
-2.0
0.0
0.0
0.0
0.0
0.0
0.0
0.0
0.0
0.0
0.0
0.0
0.0
0.0
0.0
0.0
0.0
0.0
0.0
0.0
0.0
0.0
0.0
0.0
0.0
-1.0
0.0
0.0
0.0
0.0
0.0
0.0
0.0
0.0
0.0
0.0
0.0
0.0
0.0
0.0
0.0
1.0
-1.0
0.0
0.0
0.0
0.0
0.0
0.0
0.0
0.0
0.0
0.0
0.0
0.0
0.0
0.0
0.0
0.0
0.0
1.0
0.0
0.0
0.0
0.0
0.0
0.0
0.0
0.0
0.0
0.0
0.0
0.0
0.0
0.0
0.0
0.0
0.0
0.0
0.0
0.0
0.0
0.0
0.0
0.0
0.0
0.0
0.0
0.0
0.0
0.0
0.0
0.0
0.0
0.0
0.0
0.0
0.0
0.0
0.0
0.0
0.0
0.0
0.0
0.0
0.0
0.0
0.0
0.0
0.0
0.0
0.0
0.0
0.0
0.0
0.0
0.0
0.0
0.0
0.0
0.0
0.0
0.0
0.0
0.0
0.0
0.0
0.0
0.0
0.0
0.0
0.0
0.0
0.0
0.0
0.0
0.0
0.0
0.0
0.0
0.0
0.0
0.0
0.0
0.0
0.0
0.0
0.0
0.0
0.0
0.0
0.0
0.0
0.0
0.0
0.0
0.0
0.0
0.0
0.0
0.0
0.0
0.0
0.0
0.0
0.0
0.0
0.0
0.0
0.0
0.0
0.0
0.0
0.0
0.0
0.0
0.0
0.0
0.0
0.0
0.0
0.0
0.0
0.0
0.0
0.0
0.0
0.0
0.0
0.0
0.0
0.0
0.0
0.0
140.0
91260.0
0.0
0.0
0.0
0.0
0.0
0.0
0.0
0.0
0.0
0.0
0.0
0.0
0.0
0.0
0.0
0.0
0.0
0.0
0.0
0.0
404.0
91804.0
0.0
0.0
0.0
0.0
