0.9204359
0.00086695526
0.00042899337
0.00044095138
0.00061882666
0.00024887593
7.473752e-05
0.00014798029
0.0009969985
0.00014947505
0.00019357019
8.893765e-05
0.0005590367
0.00021075981
6.576902e-05
0.00036621385
0.00043497237
0.00014723292
5.8295267e-05
4.185301e-05
0.00028250783
0.0004132985
5.9790018e-05
5.007414e-05
0.00015545405
3.437926e-05
3.6621386e-05
3.8116137e-05
9.715878e-05
3.6621386e-05
4.708464e-05
6.2032144e-05
0.0005097099
6.2779516e-05
2.9895009e-05
6.726377e-05
0.00015096979
0.00016068567
2.8400258e-05
3.288451e-05
7.249539e-05
8.520077e-05
2.9895009e-05
7.5484895e-05
7.5484895e-05
4.6337263e-05
9.1927155e-05
4.185301e-05
0.00019058069
0.00015096979
0.00015470666
0.00039012986
0.00014723292
0.00020253868
0.0002294442
0.00017563318
0.00021449669
0.00023691794
0.00017264367
0.00047383588
0.00024513906
0.0002802657
0.00023990744
0.00021001244
0.00022869682
0.00028549734
0.0006883326
0.0009536508
0.00027279195
0.0016360043
0.00018759118
0.0001629278
0.0002414022
0.00013452754
0.000116590534
8.9685025e-05
0.00018011742
0.0011300313
0.0001390118
0.000117337906
0.00055081554
0.00057846843
0.0004185301
0.00016965417
0.00015246455
0.0011756212
0.00018759118
0.00015171716
0.000102390404
9.1179776e-05
9.566403e-05
0.00014200128
0.00012032741
0.0002593392
0.00018460168
0.0002017913
0.00011584316
0.00031165546
0.00014200128
0.0002414022
0.0002653182
0.00052465743
0.00024289695
0.00017114893
0.0005485734
0.00033033986
0.0005979002
0.00017563318
0.00034827687
0.00015395929
0.00029072896
0.0002869921
0.0001988018
0.00011210628
0.00031315023
0.00034453996
0.000730933
0.00069505896
0.00015395929
0.00012182216
0.0001330328
0.00020328606
0.0001292959
0.00014648554
0.00014424341
0.00050896255
0.00010762203
9.491665e-05
0.00020478081
0.00029521322
9.566403e-05
0.0017615634
0.0002742867
0.00074886996
7.84744e-05
8.74429e-05
0.0002585918
0.0010485675
0.00027279195
0.003501453
0.00023318107
0.0007750281
0.00010612728
0.000102390404
0.00015769617
0.00011434841
6.65164e-05
7.6979646e-05
0.00021599144
0.00027951834
8.520077e-05
5.455839e-05
7.6979646e-05
6.2032144e-05
0.00016442254
7.249539e-05
0.00017638055
3.587401e-05
4.9326765e-05
2.0179132e-05
8.44534e-05
0.00029147635
6.65164e-05
0.00010836941
8.14639e-05
7.3990144e-05
3.6621386e-05
2.5410758e-05
6.576902e-05
3.8863513e-05
4.708464e-05
7.6232274e-05
5.455839e-05
6.726377e-05
3.587401e-05
2.0179132e-05
0.00010463253
3.736876e-05
3.9610888e-05
4.2600386e-05
9.267453e-05
6.1284765e-05
3.8863513e-05
1.9431756e-05
0.0001748858
6.5021646e-05
7.174802e-05
3.8116137e-05
9.566403e-05
0.00010911678
0.00019207543
3.0642383e-05
0.0005097099
0.0002660656
0.00015620142
0.00023168632
0.00058071053
3.3631884e-05
0.00012481166
0.00041703536
0.00014274867
0.00016516993
5.156889e-05
1.6442254e-05
0.017324157
0.000105379906
0.00017638055
5.605314e-05
0.00018235955
4.7832014e-05
0.00017114893
7.249539e-05
0.00010762203
2.6158132e-05
3.8116137e-05
3.3631884e-05
0.00014648554
2.167388e-05
3.8116137e-05
3.0642383e-05
0.00016815943
1.718963e-05
7.6232274e-05
4.708464e-05
0.00025410758
9.491665e-05
0.000116590534
6.875852e-05
0.0002802657
0.00018161218
4.4095137e-05
8.295865e-05
0.00087218685
0.0002742867
6.2779516e-05
0.0005067204
0.00045739365
3.2137134e-05
5.455839e-05
9.790615e-05
0.00030119222
2.5410758e-05
0.00018609643
0.00016666467
0.0006375111
6.2032144e-05
3.8116137e-05
0.00019357019
0.0007301856
0.00011135891
0.000118085285
0.00012555903
0.000940198
0.0002264547
0.00021150718
0.0037241706
0.89882964
1.1224856e-06
7.4832377e-07
3.7416189e-07
5.98659e-06
0.0
7.4832377e-07
1.4966475e-06
1.4966475e-06
2.619133e-06
0.0
3.7416189e-07
0.010727969
0.0
7.4832377e-07
5.238266e-06
0.0022187799
7.109076e-06
3.3674569e-06
4.1157805e-06
8.605723e-06
5.612428e-06
1.7585608e-05
1.3095666e-05
1.8708093e-06
7.4832377e-07
4.1157805e-06
7.4832377e-07
0.0007254999
3.7416189e-07
0.0
5.3505148e-05
0.0020867009
1.9082256e-05
1.6088961e-05
7.109076e-06
1.4218152e-05
4.1157805e-06
6.3607517e-06
1.27215035e-05
2.0578904e-05
7.4832374e-06
6.7349138e-06
4.1157805e-06
1.0102371e-05
8.231561e-06
4.4899425e-06
7.07166e-05
0.0038164512
3.6667865e-05
4.2654454e-05
1.795977e-05
4.190613e-05
1.7585608e-05
6.547833e-05
3.4422894e-05
2.9184626e-05
1.1224856e-05
1.5714799e-05
8.979885e-06
0.00035882124
1.5714799e-05
8.605723e-06
7.632902e-05
0.0012508231
7.857399e-06
3.2552085e-05
1.9082256e-05
2.8436303e-05
1.8333933e-05
0.000107010295
5.5001798e-05
3.3674569e-06
7.4832377e-07
2.2449713e-06
1.1224856e-06
3.7416189e-07
3.7416189e-07
3.7416189e-07
4.8641045e-06
0.0018734285
7.109076e-06
3.5171215e-05
5.0137693e-05
8.792804e-05
6.697498e-05
8.942469e-05
6.3233354e-05
5.0511855e-05
3.2926244e-05
1.197318e-05
1.0476532e-05
0.0006046456
1.5714799e-05
8.605723e-06
5.6872606e-05
0.0
0.0
0.0
0.0
0.0
0.0
0.0
0.0
0.0
0.0
0.0
0.0
0.0
0.0
0.0
0.0
0.002422324
2.1327227e-05
2.4694684e-05
0.00019606082
0.0001384399
8.0818965e-05
0.00033113325
0.00018521013
4.4899425e-05
7.8574e-05
3.180376e-05
3.367457e-05
4.5273588e-05
2.7687978e-05
3.4797056e-05
0.00013469828
0.000469199
8.979885e-06
3.7416187e-06
6.7349138e-06
2.2823875e-05
1.9830579e-05
7.4832377e-07
7.4832374e-06
3.4422894e-05
1.1224856e-06
1.8708093e-06
7.4832374e-06
0.00012422174
2.993295e-06
2.6565493e-05
2.806214e-05
0.0016463123
2.170139e-05
0.00035769877
0.0003083094
0.00023759279
0.00013207915
0.0009634668
0.0005017511
3.9661158e-05
4.1157808e-05
2.6565493e-05
2.0953064e-05
2.9558789e-05
5.1260176e-05
6.510417e-05
0.00015452885
0.0006802263
1.3843989e-05
0.00011636435
7.2961564e-05
0.00010326868
5.3505148e-05
0.00030269695
0.000143304
9.990122e-05
0.00012684088
6.173671e-05
6.734914e-05
0.0004407627
5.5375956e-05
8.007064e-05
0.0006469259
0.0007733926
8.680556e-05
0.00014667146
0.0012122844
0.0002110273
0.00012309926
0.00032851414
0.0002345995
0.0002091565
0.00014068486
8.4186424e-05
7.782567e-05
0.00040072738
0.00010177203
0.00014891643
0.0003180376
0.0024103508
0.0003786518
0.00015490301
0.0008340068
0.0020099976
0.0015108656
0.0011655142
0.0011007843
0.0028922714
0.0006585249
0.00031541847
0.00037565854
0.0020066302
0.00026453246
0.0007573036
0.0015553909
0.00830153
0.0013772899
0.0006083872
0.00089050527
0.0035238566
0.0024204531
0.0012003114
0.0016653945
0.0063139815
0.00053579983
0.0005863117
0.00057882845
0.0048869285
0.00067573634
0.00234824
0.0046994733
0.0
0.0
0.0
0.0
0.0
0.0
0.0
0.0
0.0
0.0
0.0
0.0
0.0
0.0
0.0
0.0
0.0
0.0
0.0
0.0
0.0
0.0
0.0
0.0
0.0
0.0
0.0
0.0
0.0
0.0
0.0
0.0
770.0
16.394806
12624.0
0.030497465
0.0023764258
0.00079214195
0.0010297846
0.0011089988
0.0052281367
0.0011882129
0.0015842839
0.0019011407
0.0019011407
0.00063371356
0.0011089988
0.0015842839
0.0031685678
0.006891635
0.0021387832
0.00887199
0.00831749
0.009505703
0.009109632
0.008555133
0.0118029155
0.013624841
0.011644486
0.012515843
0.013862484
0.011644486
0.011169202
0.013862484
0.014813054
0.017664766
0.013545628
0.008000634
0.014971483
0.013149557
0.012911914
0.0125950575
0.013307985
0.01433777
0.0121989865
0.0102186315
0.011248415
0.007287706
0.008475919
0.0118029155
0.009743346
0.011882129
0.009268061
0.009268061
0.0070500635
0.009109632
0.008713561
0.006891635
0.0062579215
0.0059410646
0.0042775664
0.004435995
0.0031685678
0.0031685678
0.0030893537
0.0049112802
0.0038814957
0.0033269962
0.0076045627
0.003643853
0.0251109
0.009188847
0.01718948
0.017427122
0.045231305
0.013070342
0.0121989865
0.014892269
0.026378326
0.0059410646
0.010535488
0.028041825
0.01132763
0.02606147
0.02606147
0.014496198
0.007921419
0.0251109
0.021387832
0.03247782
0.014179341
0.007842205
0.0061787074
0.008159062
0.010297845
0.0057034222
0.0062579215
0.0066539925
0.0060994932
0.0046736374
0.0041191382
6.221243
0.0
0.0
0.0
4.0
1338016.0
282624.0
1.0
0.0
62.0
1.0
1.0
0.0
0.0
0.0
1312912100.0
0.0
0.0
0.0
0.0
0.0
1.0
0.0
0.0
0.0
0.0
0.0
0.0
-1.0
1.0
-1.0
-1.0
0.0
0.0
0.0
0.0
0.0
0.0
0.0
0.0
0.0
0.0
0.0
0.0
-1.0
0.0
0.0
0.0
0.0
0.0
0.0
0.0
0.0
0.0
0.0
0.0
0.0
-1.0
0.0
0.0
0.0
0.0
0.0
0.0
0.0
0.0
0.0
0.0
6.0
0.0
4.0
0.0
4.0
0.0
155648.0
4096.0
4096.0
6.0
0.0
0.0
1.0
2.0
0.0
0.0
0.0
0.0
0.0
-8192.0
0.0
0.0
0.0
0.0
0.0
0.0
0.0
0.0
8192.0
0.0
0.0
0.0
0.0
0.0
0.0
0.0
0.0
0.0
0.0
0.0
0.0
0.0
0.0
0.0
0.0
0.0
-16384.0
0.0
0.0
0.0
0.0
0.0
0.0
0.0
0.0
-155648.0
-4096.0
12288.0
0.0
0.0
0.0
0.0
0.0
0.0
0.0
0.0
0.0
0.0
0.0
-5.9590554
0.0
0.0
0.0
0.0
0.0
0.0
0.0
0.0
4.9530053
0.0
0.0
0.0
0.0
0.0
0.0
0.0
0.0
0.0
0.0
0.0
0.0
0.0
0.0
0.0
0.0
0.0
-0.44404593
0.0
0.0
0.0
0.0
0.0
0.0
0.0
0.0
-3.8974419
-4.1785336
2.6598215
0.0
0.0
0.0
0.0
0.0
0.0
0.0
0.0
0.0
0.0
0.0
-4948.0
0.0
0.0
0.0
0.0
0.0
0.0
0.0
0.0
6748.0
0.0
0.0
0.0
0.0
0.0
0.0
0.0
0.0
0.0
0.0
0.0
0.0
0.0
0.0
0.0
0.0
0.0
-87716.0
0.0
0.0
0.0
0.0
0.0
0.0
0.0
0.0
-154512.0
-2532.0
10640.0
0.0
0.0
0.0
0.0
0.0
0.0
0.0
0.0
0.0
-1.0
0.0
0.0
0.0
0.0
0.0
1.0
0.0
0.0
0.0
0.0
0.0
0.0
0.0
0.0
0.0
0.0
0.0
0.0
0.0
0.0
0.0
0.0
0.0
0.0
0.0
0.0
0.0
0.0
0.0
0.0
0.0
0.0
0.0
0.0
0.0
-2.0
0.0
0.0
0.0
1.0
0.0
0.0
0.0
0.0
0.0
0.0
0.0
0.0
0.0
0.0
0.0
0.0
0.0
0.0
0.0
0.0
0.0
0.0
0.0
-1.0
0.0
0.0
0.0
0.0
0.0
0.0
0.0
0.0
0.0
1.0
0.0
0.0
0.0
0.0
1.0
0.0
0.0
0.0
0.0
0.0
0.0
0.0
0.0
0.0
0.0
0.0
0.0
0.0
0.0
0.0
0.0
0.0
0.0
0.0
0.0
0.0
0.0
0.0
0.0
0.0
0.0
0.0
0.0
0.0
0.0
0.0
0.0
0.0
0.0
0.0
0.0
0.0
0.0
0.0
0.0
0.0
0.0
0.0
0.0
0.0
0.0
0.0
0.0
0.0
0.0
0.0
-1.0
0.0
0.0
0.0
0.0
0.0
0.0
0.0
0.0
0.0
0.0
0.0
0.0
-1.0
0.0
0.0
0.0
0.0
0.0
0.0
0.0
0.0
0.0
0.0
0.0
0.0
0.0
0.0
0.0
0.0
0.0
0.0
0.0
0.0
0.0
0.0
0.0
0.0
0.0
0.0
0.0
0.0
0.0
0.0
0.0
0.0
0.0
0.0
0.0
0.0
0.0
0.0
0.0
0.0
0.0
0.0
0.0
0.0
0.0
0.0
0.0
0.0
0.0
0.0
0.0
0.0
0.0
0.0
0.0
0.0
-1.0
0.0
0.0
0.0
0.0
0.0
0.0
0.0
0.0
0.0
0.0
0.0
0.0
0.0
0.0
0.0
0.0
1.0
0.0
0.0
0.0
0.0
0.0
0.0
0.0
0.0
0.0
0.0
0.0
0.0
0.0
0.0
0.0
0.0
0.0
0.0
0.0
0.0
0.0
0.0
0.0
0.0
0.0
0.0
0.0
0.0
0.0
0.0
0.0
0.0
0.0
0.0
0.0
0.0
0.0
0.0
0.0
0.0
0.0
0.0
0.0
0.0
0.0
0.0
0.0
0.0
0.0
0.0
0.0
0.0
0.0
0.0
0.0
0.0
0.0
0.0
0.0
0.0
0.0
0.0
0.0
0.0
0.0
0.0
0.0
0.0
0.0
0.0
0.0
0.0
0.0
0.0
0.0
0.0
0.0
0.0
0.0
0.0
0.0
0.0
0.0
0.0
0.0
0.0
0.0
0.0
0.0
0.0
0.0
0.0
0.0
0.0
0.0
0.0
0.0
0.0
0.0
0.0
0.0
0.0
0.0
0.0
0.0
0.0
0.0
0.0
0.0
0.0
0.0
0.0
0.0
0.0
0.0
0.0
0.0
0.0
0.0
0.0
0.0
0.0
0.0
0.0
0.0
0.0
0.0
0.0
0.0
0.0
0.0
0.0
0.0
0.0
0.0
0.0
0.0
0.0
0.0
0.0
0.0
0.0
0.0
0.0
0.0
0.0
0.0
0.0
0.0
0.0
0.0
1.0
0.0
0.0
0.0
0.0
0.0
0.0
0.0
0.0
0.0
0.0
0.0
0.0
0.0
0.0
0.0
0.0
0.0
0.0
0.0
0.0
0.0
0.0
0.0
0.0
0.0
0.0
0.0
0.0
-1.0
0.0
0.0
0.0
0.0
0.0
0.0
0.0
0.0
0.0
0.0
0.0
0.0
0.0
0.0
0.0
0.0
0.0
0.0
0.0
0.0
0.0
0.0
0.0
0.0
0.0
0.0
0.0
0.0
0.0
0.0
0.0
0.0
0.0
0.0
0.0
0.0
0.0
0.0
0.0
0.0
0.0
0.0
0.0
0.0
0.0
0.0
0.0
0.0
0.0
0.0
0.0
0.0
0.0
0.0
0.0
0.0
0.0
0.0
0.0
0.0
1.0
0.0
0.0
1.0
0.0
0.0
0.0
0.0
0.0
0.0
0.0
0.0
0.0
0.0
0.0
0.0
0.0
0.0
0.0
0.0
0.0
0.0
0.0
0.0
0.0
0.0
0.0
0.0
-1.0
0.0
0.0
0.0
0.0
0.0
0.0
0.0
0.0
0.0
0.0
0.0
0.0
0.0
0.0
0.0
0.0
0.0
0.0
0.0
0.0
0.0
0.0
0.0
0.0
0.0
0.0
0.0
0.0
0.0
0.0
0.0
0.0
0.0
0.0
0.0
0.0
0.0
0.0
0.0
0.0
0.0
0.0
0.0
0.0
0.0
0.0
0.0
0.0
0.0
0.0
0.0
0.0
0.0
0.0
0.0
0.0
0.0
0.0
0.0
0.0
0.0
0.0
0.0
0.0
0.0
0.0
0.0
0.0
0.0
0.0
0.0
0.0
0.0
0.0
0.0
0.0
0.0
0.0
0.0
0.0
0.0
0.0
0.0
0.0
0.0
0.0
0.0
0.0
0.0
-1.0
0.0
0.0
0.0
0.0
0.0
0.0
0.0
0.0
0.0
0.0
0.0
0.0
0.0
0.0
0.0
0.0
0.0
0.0
0.0
0.0
0.0
0.0
0.0
0.0
0.0
0.0
0.0
0.0
0.0
0.0
1.0
0.0
0.0
0.0
0.0
0.0
0.0
0.0
0.0
0.0
0.0
0.0
0.0
0.0
0.0
0.0
-1.0
0.0
0.0
0.0
0.0
0.0
0.0
0.0
0.0
0.0
0.0
0.0
-1.0
0.0
-1.0
0.0
0.0
0.0
0.0
0.0
0.0
0.0
0.0
0.0
0.0
0.0
0.0
0.0
0.0
0.0
0.0
0.0
0.0
0.0
0.0
0.0
0.0
0.0
0.0
0.0
0.0
0.0
0.0
0.0
0.0
0.0
0.0
0.0
0.0
0.0
0.0
0.0
0.0
0.0
0.0
-1.0
0.0
0.0
1.0
0.0
0.0
0.0
0.0
0.0
0.0
0.0
0.0
0.0
0.0
0.0
0.0
0.0
0.0
0.0
0.0
0.0
0.0
0.0
0.0
0.0
0.0
0.0
0.0
0.0
0.0
0.0
0.0
0.0
0.0
0.0
0.0
0.0
0.0
0.0
0.0
0.0
0.0
0.0
0.0
0.0
0.0
0.0
-1.0
0.0
0.0
0.0
-1.0
0.0
0.0
0.0
0.0
0.0
0.0
0.0
0.0
0.0
0.0
0.0
0.0
0.0
0.0
0.0
0.0
0.0
0.0
0.0
0.0
0.0
0.0
0.0
0.0
0.0
0.0
0.0
0.0
0.0
0.0
0.0
0.0
0.0
0.0
1.0
0.0
0.0
0.0
0.0
0.0
0.0
0.0
0.0
0.0
0.0
-1.0
0.0
1.0
0.0
0.0
0.0
0.0
0.0
0.0
0.0
0.0
0.0
0.0
0.0
0.0
0.0
0.0
0.0
0.0
0.0
0.0
0.0
0.0
0.0
0.0
0.0
0.0
0.0
0.0
0.0
0.0
1.0
0.0
0.0
0.0
0.0
0.0
0.0
0.0
0.0
0.0
0.0
0.0
0.0
0.0
0.0
0.0
0.0
0.0
0.0
0.0
0.0
0.0
0.0
0.0
0.0
0.0
0.0
0.0
0.0
0.0
0.0
0.0
0.0
0.0
0.0
0.0
0.0
0.0
0.0
-1.0
0.0
0.0
0.0
0.0
0.0
0.0
0.0
0.0
0.0
0.0
0.0
0.0
0.0
0.0
0.0
0.0
0.0
0.0
-1.0
0.0
0.0
0.0
0.0
0.0
0.0
0.0
0.0
0.0
0.0
0.0
0.0
0.0
0.0
0.0
0.0
0.0
0.0
0.0
0.0
0.0
0.0
0.0
0.0
0.0
0.0
0.0
0.0
0.0
0.0
0.0
0.0
0.0
0.0
0.0
0.0
0.0
0.0
0.0
0.0
0.0
0.0
0.0
0.0
0.0
0.0
0.0
0.0
0.0
0.0
0.0
0.0
1.0
0.0
0.0
0.0
0.0
0.0
0.0
0.0
0.0
0.0
0.0
0.0
0.0
0.0
0.0
0.0
1.0
0.0
0.0
-2.0
0.0
0.0
0.0
0.0
0.0
0.0
0.0
0.0
0.0
0.0
1.0
0.0
0.0
0.0
1.0
0.0
0.0
1.0
-1.0
0.0
0.0
0.0
0.0
0.0
0.0
0.0
0.0
0.0
0.0
0.0
-1.0
-1.0
0.0
0.0
0.0
0.0
0.0
1.0
0.0
0.0
0.0
0.0
0.0
0.0
0.0
0.0
0.0
0.0
0.0
0.0
0.0
0.0
0.0
0.0
0.0
1.0
0.0
1.0
0.0
0.0
0.0
0.0
0.0
1.0
0.0
0.0
0.0
0.0
0.0
0.0
0.0
0.0
-1.0
0.0
0.0
0.0
0.0
0.0
0.0
0.0
0.0
0.0
0.0
0.0
0.0
0.0
0.0
1.0
0.0
0.0
0.0
0.0
0.0
0.0
0.0
0.0
0.0
1.0
0.0
0.0
0.0
0.0
0.0
0.0
0.0
0.0
0.0
0.0
0.0
0.0
0.0
0.0
0.0
0.0
0.0
0.0
0.0
0.0
0.0
0.0
0.0
0.0
0.0
0.0
0.0
0.0
0.0
0.0
0.0
0.0
0.0
0.0
0.0
0.0
0.0
0.0
-1.0
0.0
0.0
0.0
0.0
0.0
0.0
0.0
0.0
0.0
0.0
0.0
0.0
0.0
0.0
0.0
0.0
0.0
0.0
-1.0
0.0
0.0
0.0
0.0
1.0
0.0
0.0
0.0
0.0
0.0
0.0
1.0
0.0
0.0
0.0
0.0
0.0
0.0
0.0
0.0
0.0
0.0
0.0
0.0
0.0
0.0
0.0
0.0
0.0
0.0
0.0
0.0
-1.0
0.0
0.0
0.0
0.0
0.0
0.0
0.0
0.0
0.0
0.0
0.0
0.0
0.0
-1.0
-1.0
0.0
0.0
0.0
0.0
0.0
0.0
0.0
0.0
0.0
-1.0
0.0
0.0
0.0
0.0
0.0
0.0
0.0
0.0
0.0
0.0
0.0
-1.0
0.0
0.0
1.0
0.0
0.0
0.0
0.0
0.0
0.0
0.0
0.0
0.0
0.0
0.0
0.0
0.0
0.0
0.0
0.0
-1.0
0.0
-1.0
1.0
0.0
0.0
0.0
0.0
1.0
0.0
0.0
0.0
0.0
0.0
0.0
0.0
0.0
0.0
0.0
0.0
0.0
1.0
0.0
0.0
0.0
-1.0
0.0
0.0
0.0
0.0
0.0
0.0
0.0
0.0
1.0
0.0
0.0
0.0
0.0
0.0
0.0
0.0
0.0
0.0
0.0
0.0
0.0
0.0
0.0
0.0
0.0
0.0
0.0
0.0
0.0
0.0
0.0
0.0
0.0
-1.0
0.0
0.0
0.0
0.0
0.0
0.0
0.0
0.0
0.0
0.0
0.0
0.0
0.0
0.0
0.0
0.0
0.0
0.0
0.0
0.0
0.0
0.0
-1.0
0.0
0.0
0.0
0.0
0.0
0.0
0.0
0.0
0.0
0.0
0.0
0.0
0.0
0.0
0.0
0.0
0.0
0.0
0.0
0.0
0.0
0.0
0.0
-1.0
0.0
0.0
0.0
0.0
0.0
0.0
0.0
0.0
0.0
0.0
0.0
0.0
0.0
0.0
0.0
0.0
0.0
0.0
0.0
0.0
0.0
0.0
0.0
0.0
0.0
-1.0
-1.0
0.0
0.0
0.0
0.0
0.0
0.0
0.0
0.0
0.0
0.0
0.0
0.0
0.0
0.0
0.0
0.0
0.0
0.0
0.0
0.0
0.0
0.0
0.0
0.0
-1.0
0.0
0.0
0.0
0.0
0.0
0.0
0.0
0.0
0.0
0.0
0.0
0.0
0.0
0.0
0.0
0.0
0.0
0.0
0.0
0.0
0.0
0.0
0.0
0.0
0.0
0.0
0.0
0.0
0.0
0.0
0.0
0.0
0.0
0.0
0.0
0.0
0.0
0.0
0.0
0.0
0.0
0.0
0.0
0.0
0.0
0.0
0.0
0.0
0.0
0.0
0.0
0.0
0.0
0.0
0.0
0.0
0.0
0.0
0.0
0.0
0.0
0.0
0.0
0.0
0.0
0.0
0.0
0.0
0.0
0.0
0.0
0.0
0.0
0.0
0.0
0.0
0.0
0.0
0.0
0.0
0.0
0.0
0.0
0.0
0.0
0.0
0.0
0.0
0.0
0.0
0.0
0.0
0.0
0.0
0.0
0.0
0.0
0.0
0.0
0.0
0.0
0.0
0.0
0.0
0.0
0.0
0.0
0.0
0.0
0.0
0.0
0.0
0.0
0.0
0.0
0.0
0.0
0.0
0.0
0.0
0.0
0.0
0.0
0.0
0.0
0.0
0.0
0.0
0.0
0.0
0.0
0.0
0.0
0.0
0.0
0.0
0.0
0.0
0.0
0.0
0.0
0.0
0.0
0.0
0.0
0.0
0.0
0.0
0.0
0.0
0.0
0.0
0.0
0.0
0.0
0.0
0.0
0.0
0.0
0.0
0.0
0.0
0.0
0.0
0.0
0.0
0.0
0.0
100.0
258048.0
10640.0
262144.0
0.0
0.0
0.0
0.0
3940.0
274432.0
28.0
159744.0
0.0
0.0
0.0
0.0
0.0
0.0
0.0
0.0
0.0
0.0
468.0
258616.0
0.0
0.0
0.0
0.0
