0.323084
0.0107043
0.0047690636
0.0031211674
0.006410938
0.0024387257
0.0030509161
0.002342381
0.008139121
0.0014873217
0.0017221619
0.0015997238
0.0038056164
0.0013126968
0.0011721941
0.0032195195
0.005877028
0.00093534664
0.0008992174
0.00072860694
0.0021838136
0.0014371421
0.00064831966
0.00084100914
0.0019810884
0.0006924777
0.000684449
0.00064029096
0.0013106896
0.00054193905
0.00056401803
0.00055598933
0.0049236165
0.00052989594
0.00071656384
0.00049577386
0.0045783813
0.0015615873
0.0005319032
0.00066236994
0.0013668907
0.0007326213
0.00047570205
0.0012203665
0.001258503
0.0015214437
0.0009112605
0.0004395728
0.0041147224
0.0007767793
0.00085305225
0.0068866406
0.0013568548
0.0006041617
0.0004516159
0.00044157996
0.0017502625
0.00049577386
0.0008992174
0.00198711
0.0013929841
0.00093534664
0.00037735017
0.00047369488
0.012380296
0.004620532
0.0054976707
0.0069568916
0.0051423996
0.020814475
0.0028522052
0.0016780039
0.0018787221
0.0014190775
0.00078280084
0.001071835
0.0018686862
0.0026434583
0.0012163521
0.0014451708
0.0076493695
0.0020071818
0.0022721298
0.0071857106
0.0030408802
0.007645355
0.0043595987
0.0030448947
0.0019208728
0.004463972
0.0021838136
0.004441893
0.0011701869
0.0026635302
0.003556726
0.0022721298
0.0008169229
0.0042833257
0.0009634472
0.0024046036
0.0073402636
0.008371955
0.0030288373
0.0015635946
0.00539129
0.004142823
0.0034824603
0.0007667434
0.003911997
0.0017723414
0.004881466
0.0052226866
0.0027558606
0.00049978826
0.0050641196
0.0037273364
0.013709051
0.0062603997
0.0011481079
0.0010678207
0.0022540651
0.001390977
0.0007185711
0.001071835
0.001513415
0.0015595802
0.0012625173
0.00083900196
0.005995452
0.001081871
0.0004054507
0.0072278613
0.0031071173
0.0043435413
0.00062222633
0.0005038026
0.0018164994
0.010124224
0.0020513397
0.049216095
0.0007045208
0.0063487156
0.00034122088
0.00052989594
0.002575214
0.00036329989
0.00046968053
0.0005800755
0.0017061045
0.00064831966
0.00089520303
0.0012524814
0.0009032318
0.00042351533
0.00026093362
0.0003954148
0.00070652796
0.00028702698
0.00029907006
0.00028903416
0.00083498756
0.002796004
0.00040946508
0.00071656384
0.0007587147
0.0006322622
0.00038738607
0.00039742197
0.00070050644
0.0002950557
0.0003713286
0.00023684744
0.00064029096
0.00024688334
0.00029104136
0.000309106
0.0017944204
0.0005178529
0.0012845963
0.0004817236
0.00065233407
0.00034122088
0.00039340762
0.00066236994
0.0018686862
0.001248467
0.0015716233
0.0010979284
0.0007968511
0.00034322808
0.0005379247
0.0005158457
0.01041928
0.0007988583
0.001380941
0.011232189
0.0026033146
0.00044358717
0.0042351536
0.0021175768
0.0012625173
0.0012966393
0.00054193905
0.00062824786
0.001645889
0.0003612927
0.00072659977
0.0005399319
0.002109548
0.0006643771
0.0021175768
0.0013869626
0.0010377129
0.00041347943
0.0015876808
0.0010316914
0.004309419
0.00050179544
0.0010919068
0.001812485
0.00093534664
0.00037935734
0.0004516159
0.0004977811
0.0017602984
0.00040745788
0.0005921186
0.0005038026
0.0012805819
0.0008791456
0.00034122088
0.00039742197
0.021802008
0.002408618
0.00058810425
0.0045563024
0.0032636775
0.00063025503
0.00060014735
0.0005158457
0.0048854803
0.0005840899
0.0013247399
0.00080688705
0.0026896235
0.0004255225
0.0020272536
0.0010597919
0.0050380263
0.0008771384
0.0017723414
0.003512568
0.009387589
0.002970629
0.0053411103
0.045641303
0.18527304
3.8257087e-05
2.6175901e-05
2.1142076e-05
4.933151e-05
4.228415e-05
3.2216496e-05
3.2216496e-05
8.054124e-06
1.2081186e-05
8.054124e-06
0.0
6.040593e-06
1.4094717e-05
4.027062e-06
0.0
0.0
0.0
0.0
0.0
0.0
0.0
0.0
0.0
0.0
0.0
0.0
0.0
0.0
0.0
0.0
0.0
0.0018796311
8.054124e-06
3.0202964e-06
8.054124e-06
2.6175901e-05
9.060889e-06
0.0
3.0202964e-06
6.040593e-06
0.0
0.0
4.027062e-06
9.060889e-06
0.0
1.0067655e-06
0.000104703606
0.0
0.0
0.0
0.0
0.0
0.0
0.0
0.0
0.0
0.0
0.0
0.0
0.0
0.0
0.0
0.0
0.0032870893
9.060889e-06
1.0067654e-05
5.738563e-05
3.7250324e-05
0.00029196197
0.00010973743
5.4365337e-05
1.0067654e-05
1.4094717e-05
1.0067654e-05
1.2081186e-05
8.054124e-06
1.107442e-05
0.00017819749
2.3155606e-05
0.0032679606
1.9128543e-05
9.463595e-05
4.8324742e-05
0.00011879832
2.4162371e-05
4.429768e-05
7.6514174e-05
5.939916e-05
1.8121778e-05
1.7115013e-05
1.6108248e-05
3.0202964e-05
1.9128543e-05
6.846005e-05
0.00020135309
0.0056127175
6.141269e-05
7.752094e-05
6.443299e-05
0.00043592945
0.00014094716
0.00055573456
0.00033021907
0.00016510954
5.738563e-05
2.6175901e-05
5.53721e-05
0.00012785921
5.738563e-05
3.6243557e-05
0.0004429768
0.01287955
0.00018625161
0.0012181862
0.000163096
0.0006815802
0.00052653835
0.0044176867
0.002334689
0.00010168331
2.3155606e-05
2.214884e-05
8.054124e-06
3.120973e-05
3.8257087e-05
1.9128543e-05
2.9196199e-05
0.009865295
0.00012383216
0.00015000805
0.0001661163
0.0035820715
0.0015564595
0.010368678
0.0051264497
0.00020135309
9.966978e-05
7.9534475e-05
6.644652e-05
0.0001429607
7.349388e-05
0.00035941528
0.0010279076
0.0060254913
0.00021142075
0.00059298484
0.00011980509
0.0008064191
0.0002798808
0.0020286324
0.0011487193
0.00021947487
4.228415e-05
9.765625e-05
3.8257087e-05
0.00016108247
2.5169136e-05
5.939916e-05
0.0005144572
0.00435124
0.00024363725
0.00044801063
0.00042384825
0.0015131684
0.0008476965
0.0039324258
0.001807144
0.00025169135
9.765625e-05
4.429768e-05
5.0338273e-05
0.0001399404
6.3426225e-05
0.00010571037
0.000112757734
0.019243315
0.0010279076
0.0009775693
0.0012222133
0.0068097617
0.0014708843
0.0060244845
0.0036454978
0.0016873389
0.0005396263
0.00042787532
0.00050640304
0.00076715526
0.00069466815
0.0007198373
0.0016581428
0.013940682
0.00085071684
0.0007570876
0.0011295909
0.0060325386
0.0017759342
0.0051445714
0.0029045183
0.0016994202
0.00078125
0.00046814594
0.0007027223
0.0010460293
0.0007862838
0.0010279076
0.002189715
0.035223704
0.004309963
0.004481113
0.004799251
0.015396465
0.012564433
0.008225274
0.007428922
0.023877457
0.0023709326
0.0021695795
0.003223663
0.008881685
0.004452924
0.009360906
0.022305897
0.07459931
0.012727529
0.012410398
0.0151628945
0.036374435
0.04007128
0.016917687
0.019616826
0.065842465
0.0077118236
0.006307386
0.009091092
0.02856395
0.013808795
0.028408907
0.059807908
0.0010983811
0.0007520538
0.00073594553
0.0004812339
0.0006231878
0.0004490174
0.0007047358
0.00045405122
0.0005859375
0.00032317173
0.00037753704
0.00037451676
0.00043794297
0.00034532056
0.00030102287
0.00020336662
3588.0
10.68757
38347.0
0.012126111
0.00046939787
0.00046939787
0.00062586385
0.0024252224
0.00091271807
0.00026077658
0.00065194146
0.00078232976
0.00036508724
0.00078232976
0.0005737085
0.00091271807
0.0020340574
0.0029728531
0.0008866404
0.0022426788
0.002138368
0.0027381543
0.0031814745
0.0011213394
0.00091271807
0.0007562521
0.0008605628
0.0019036691
0.001069184
0.0015646595
0.0020862126
0.0017472032
0.0016950478
0.00023469893
0.00026077658
0.0019297468
0.0137950815
0.00936188
0.020366652
0.012126111
0.012204344
0.010013822
0.008110152
0.006206483
0.011083005
0.00046939787
0.002373067
0.008423084
0.012178266
0.0047982894
0.010796151
0.009622656
0.0043288916
0.0076929093
0.022296399
0.020366652
0.0060760947
0.0036247945
0.008057997
0.007510366
0.0068584243
0.0021644458
0.006362949
0.0015907373
0.0054763085
0.0063890265
0.009492268
0.0004433202
0.045531593
0.00813623
0.025164941
0.02373067
0.09593971
0.006258638
0.015281509
0.014994654
0.044071246
0.0027903095
0.006102172
0.0365348
0.017237334
0.053302735
0.05682322
0.014733877
0.0007562521
0.050721046
0.032910004
0.07515582
0.018019663
0.006336871
0.006962735
0.007040968
0.008188385
0.0018254361
0.00018254362
0.00031293192
0.00020862128
0.00023469893
0.00015646596
5.4221225
1.0
1.0
0.0
1.0
498211.0
458752.0
0.0
0.0
13.0
0.0
1.0
0.0
1.0
0.0
708992500.0
0.0
0.0
0.0
0.0
0.0
1.0
0.0
0.0
0.0
0.0
0.0
0.0
-1.0
1.0
-1.0
-1.0
1.0
1.0
0.0
0.0
0.0
0.0
0.0
0.0
0.0
0.0
0.0
0.0
-1.0
0.0
0.0
0.0
0.0
0.0
0.0
0.0
0.0
0.0
0.0
0.0
0.0
-1.0
0.0
0.0
0.0
0.0
0.0
0.0
0.0
0.0
0.0
0.0
2.0
25.0
1.0
0.0
4.0
0.0
159744.0
1024.0
4096.0
4.0
0.0
0.0
2.0
4.0
0.0
0.0
0.0
0.0
0.0
0.0
0.0
0.0
0.0
0.0
0.0
0.0
0.0
0.0
0.0
0.0
0.0
-7680.0
0.0
0.0
0.0
0.0
0.0
0.0
0.0
0.0
0.0
0.0
-159744.0
0.0
0.0
0.0
0.0
0.0
282624.0
0.0
0.0
0.0
0.0
0.0
0.0
0.0
0.0
2560.0
0.0
0.0
0.0
0.0
0.0
0.0
0.0
0.0
0.0
0.0
0.0
0.0
0.0
0.0
0.0
0.0
0.0
0.0
0.0
0.0
0.0
0.0
0.0
-4.5364757
0.0
0.0
0.0
0.0
0.0
0.0
0.0
0.0
0.0
0.0
-4.6528707
0.0
0.0
0.0
0.0
0.0
6.513592
0.0
0.0
0.0
0.0
0.0
0.0
0.0
0.0
2.9535558
0.0
0.0
0.0
0.0
0.0
0.0
0.0
0.0
0.0
0.0
0.0
0.0
0.0
0.0
0.0
0.0
0.0
0.0
0.0
0.0
0.0
0.0
0.0
-8192.0
0.0
0.0
0.0
0.0
0.0
0.0
0.0
0.0
0.0
0.0
-159744.0
0.0
0.0
0.0
0.0
0.0
282624.0
0.0
0.0
0.0
0.0
0.0
0.0
0.0
0.0
4096.0
0.0
0.0
0.0
0.0
0.0
0.0
0.0
0.0
0.0
0.0
0.0
0.0
0.0
0.0
0.0
0.0
0.0
0.0
1.0
0.0
0.0
0.0
0.0
0.0
0.0
0.0
-1.0
0.0
0.0
0.0
0.0
0.0
0.0
0.0
0.0
0.0
0.0
-1.0
0.0
0.0
0.0
0.0
0.0
0.0
0.0
-1.0
0.0
0.0
0.0
0.0
0.0
0.0
0.0
0.0
0.0
0.0
0.0
0.0
0.0
0.0
0.0
0.0
0.0
0.0
0.0
0.0
0.0
0.0
0.0
-1.0
0.0
0.0
0.0
0.0
0.0
0.0
0.0
0.0
0.0
1.0
0.0
0.0
0.0
0.0
0.0
0.0
0.0
0.0
0.0
0.0
0.0
0.0
0.0
1.0
0.0
0.0
0.0
0.0
0.0
0.0
0.0
0.0
0.0
-1.0
0.0
0.0
0.0
0.0
0.0
0.0
0.0
0.0
0.0
0.0
0.0
0.0
0.0
0.0
0.0
0.0
0.0
0.0
0.0
0.0
0.0
0.0
0.0
0.0
0.0
0.0
0.0
-1.0
0.0
0.0
0.0
0.0
-1.0
0.0
0.0
0.0
0.0
0.0
0.0
0.0
0.0
0.0
0.0
0.0
0.0
0.0
0.0
0.0
0.0
0.0
0.0
0.0
0.0
0.0
0.0
-1.0
0.0
0.0
0.0
0.0
0.0
0.0
0.0
0.0
0.0
0.0
0.0
0.0
0.0
0.0
0.0
0.0
0.0
0.0
0.0
0.0
0.0
0.0
0.0
0.0
0.0
0.0
0.0
0.0
0.0
0.0
0.0
0.0
0.0
0.0
0.0
0.0
0.0
0.0
0.0
0.0
0.0
0.0
0.0
0.0
0.0
0.0
-1.0
0.0
0.0
0.0
0.0
0.0
0.0
0.0
0.0
0.0
0.0
0.0
0.0
0.0
0.0
0.0
0.0
1.0
0.0
0.0
0.0
0.0
0.0
0.0
0.0
0.0
0.0
0.0
0.0
0.0
0.0
0.0
0.0
0.0
0.0
0.0
0.0
0.0
0.0
0.0
0.0
0.0
0.0
0.0
0.0
0.0
0.0
0.0
0.0
0.0
0.0
0.0
0.0
0.0
0.0
0.0
0.0
0.0
0.0
0.0
0.0
0.0
0.0
0.0
0.0
0.0
0.0
0.0
0.0
0.0
0.0
0.0
0.0
0.0
0.0
0.0
0.0
0.0
0.0
0.0
0.0
0.0
0.0
0.0
0.0
0.0
0.0
0.0
0.0
0.0
0.0
0.0
0.0
0.0
0.0
0.0
0.0
0.0
0.0
0.0
0.0
0.0
0.0
0.0
0.0
0.0
0.0
0.0
0.0
0.0
0.0
0.0
0.0
0.0
0.0
0.0
0.0
0.0
0.0
0.0
0.0
0.0
0.0
0.0
0.0
0.0
0.0
0.0
0.0
0.0
0.0
0.0
0.0
0.0
0.0
0.0
0.0
0.0
0.0
0.0
1.0
0.0
0.0
0.0
0.0
0.0
0.0
0.0
0.0
0.0
0.0
0.0
0.0
0.0
0.0
0.0
0.0
0.0
0.0
0.0
0.0
0.0
0.0
0.0
0.0
0.0
0.0
0.0
0.0
0.0
0.0
0.0
0.0
0.0
0.0
0.0
0.0
0.0
0.0
0.0
0.0
0.0
0.0
0.0
0.0
0.0
0.0
0.0
0.0
0.0
0.0
0.0
0.0
0.0
-1.0
0.0
0.0
0.0
0.0
0.0
0.0
0.0
0.0
0.0
0.0
0.0
0.0
0.0
0.0
0.0
0.0
0.0
0.0
0.0
0.0
0.0
0.0
0.0
1.0
0.0
0.0
0.0
0.0
0.0
0.0
0.0
0.0
0.0
0.0
0.0
0.0
0.0
0.0
0.0
0.0
0.0
0.0
0.0
0.0
0.0
0.0
0.0
0.0
0.0
0.0
0.0
0.0
0.0
0.0
0.0
0.0
0.0
0.0
0.0
0.0
0.0
0.0
0.0
0.0
0.0
0.0
0.0
0.0
0.0
0.0
0.0
0.0
0.0
0.0
0.0
0.0
0.0
0.0
0.0
0.0
0.0
0.0
0.0
0.0
0.0
0.0
0.0
0.0
0.0
0.0
0.0
0.0
0.0
0.0
0.0
0.0
0.0
0.0
0.0
0.0
0.0
0.0
0.0
0.0
0.0
0.0
0.0
0.0
0.0
0.0
0.0
0.0
0.0
0.0
1.0
0.0
0.0
0.0
0.0
0.0
0.0
0.0
0.0
0.0
0.0
0.0
0.0
0.0
0.0
0.0
0.0
0.0
0.0
0.0
0.0
0.0
0.0
0.0
0.0
0.0
0.0
0.0
0.0
0.0
0.0
0.0
0.0
0.0
0.0
0.0
0.0
0.0
0.0
0.0
0.0
0.0
0.0
0.0
0.0
0.0
0.0
0.0
0.0
0.0
0.0
0.0
0.0
0.0
0.0
0.0
0.0
0.0
0.0
0.0
0.0
0.0
0.0
0.0
0.0
0.0
0.0
0.0
0.0
0.0
0.0
0.0
0.0
0.0
0.0
0.0
0.0
0.0
0.0
0.0
0.0
0.0
0.0
0.0
0.0
0.0
0.0
0.0
0.0
0.0
0.0
0.0
0.0
0.0
0.0
0.0
0.0
0.0
0.0
0.0
0.0
0.0
0.0
0.0
0.0
0.0
0.0
0.0
0.0
0.0
0.0
0.0
1.0
0.0
0.0
0.0
0.0
0.0
0.0
0.0
0.0
0.0
0.0
0.0
0.0
0.0
0.0
0.0
0.0
0.0
0.0
0.0
0.0
0.0
0.0
0.0
0.0
0.0
0.0
0.0
0.0
0.0
0.0
0.0
0.0
0.0
0.0
0.0
0.0
0.0
0.0
0.0
0.0
0.0
0.0
0.0
0.0
0.0
0.0
0.0
0.0
0.0
0.0
0.0
0.0
0.0
0.0
0.0
0.0
0.0
0.0
0.0
0.0
0.0
0.0
0.0
0.0
0.0
0.0
0.0
0.0
0.0
0.0
0.0
0.0
0.0
0.0
0.0
0.0
0.0
0.0
0.0
0.0
0.0
0.0
0.0
0.0
0.0
0.0
0.0
0.0
0.0
0.0
0.0
0.0
0.0
0.0
0.0
0.0
0.0
0.0
0.0
0.0
0.0
0.0
0.0
0.0
0.0
0.0
0.0
0.0
0.0
0.0
0.0
0.0
0.0
0.0
0.0
0.0
0.0
0.0
0.0
0.0
0.0
0.0
0.0
0.0
0.0
0.0
0.0
0.0
0.0
0.0
0.0
0.0
0.0
0.0
0.0
0.0
0.0
0.0
0.0
0.0
0.0
0.0
0.0
0.0
0.0
0.0
0.0
0.0
0.0
0.0
0.0
0.0
0.0
0.0
0.0
0.0
0.0
0.0
0.0
0.0
0.0
0.0
0.0
0.0
0.0
0.0
-1.0
0.0
0.0
0.0
0.0
0.0
0.0
0.0
0.0
0.0
1.0
0.0
0.0
0.0
0.0
0.0
0.0
0.0
0.0
0.0
0.0
0.0
0.0
0.0
0.0
0.0
0.0
0.0
0.0
0.0
0.0
0.0
0.0
0.0
0.0
0.0
0.0
0.0
0.0
0.0
0.0
0.0
0.0
0.0
0.0
0.0
0.0
0.0
0.0
0.0
0.0
0.0
0.0
0.0
0.0
0.0
0.0
0.0
0.0
0.0
0.0
0.0
0.0
0.0
0.0
0.0
0.0
0.0
0.0
0.0
0.0
0.0
0.0
0.0
0.0
0.0
0.0
0.0
0.0
0.0
0.0
0.0
0.0
0.0
0.0
0.0
0.0
0.0
0.0
0.0
0.0
0.0
0.0
0.0
0.0
0.0
0.0
0.0
0.0
0.0
0.0
0.0
0.0
0.0
0.0
0.0
0.0
0.0
0.0
0.0
0.0
0.0
0.0
0.0
0.0
0.0
0.0
0.0
0.0
0.0
0.0
0.0
0.0
0.0
0.0
0.0
0.0
0.0
0.0
0.0
0.0
0.0
0.0
0.0
-1.0
0.0
0.0
0.0
0.0
0.0
0.0
0.0
0.0
0.0
0.0
0.0
0.0
0.0
0.0
0.0
0.0
0.0
0.0
0.0
0.0
0.0
0.0
0.0
1.0
0.0
0.0
-1.0
0.0
0.0
1.0
0.0
0.0
0.0
0.0
0.0
0.0
0.0
0.0
0.0
0.0
0.0
0.0
0.0
0.0
0.0
0.0
0.0
0.0
0.0
0.0
0.0
0.0
0.0
0.0
0.0
0.0
0.0
0.0
0.0
0.0
0.0
0.0
0.0
0.0
0.0
0.0
0.0
0.0
0.0
0.0
0.0
0.0
0.0
0.0
0.0
0.0
0.0
0.0
0.0
0.0
0.0
0.0
0.0
0.0
0.0
0.0
0.0
0.0
0.0
0.0
0.0
0.0
0.0
0.0
0.0
0.0
0.0
0.0
0.0
0.0
0.0
0.0
0.0
0.0
0.0
0.0
0.0
0.0
0.0
0.0
0.0
0.0
0.0
0.0
0.0
0.0
0.0
0.0
0.0
0.0
0.0
0.0
0.0
0.0
0.0
0.0
0.0
0.0
0.0
0.0
0.0
0.0
0.0
0.0
0.0
0.0
0.0
0.0
0.0
0.0
0.0
0.0
0.0
0.0
0.0
0.0
0.0
0.0
0.0
0.0
0.0
0.0
0.0
0.0
0.0
0.0
0.0
0.0
0.0
0.0
0.0
0.0
0.0
0.0
0.0
0.0
0.0
0.0
0.0
0.0
0.0
0.0
0.0
0.0
0.0
0.0
0.0
0.0
0.0
0.0
0.0
0.0
0.0
0.0
0.0
0.0
0.0
0.0
0.0
0.0
0.0
0.0
0.0
0.0
0.0
0.0
0.0
0.0
0.0
0.0
0.0
-1.0
0.0
0.0
0.0
0.0
0.0
0.0
0.0
0.0
0.0
0.0
0.0
0.0
0.0
0.0
0.0
0.0
0.0
0.0
0.0
0.0
0.0
0.0
0.0
0.0
0.0
0.0
0.0
0.0
0.0
0.0
0.0
0.0
0.0
0.0
0.0
0.0
0.0
0.0
0.0
0.0
0.0
0.0
0.0
0.0
0.0
0.0
0.0
0.0
0.0
0.0
0.0
0.0
0.0
0.0
0.0
0.0
0.0
0.0
0.0
0.0
0.0
0.0
0.0
0.0
0.0
0.0
0.0
0.0
0.0
0.0
0.0
0.0
0.0
0.0
0.0
0.0
0.0
0.0
0.0
0.0
0.0
0.0
0.0
0.0
0.0
0.0
0.0
0.0
0.0
0.0
0.0
0.0
0.0
0.0
0.0
0.0
0.0
0.0
0.0
0.0
0.0
0.0
0.0
0.0
0.0
0.0
0.0
0.0
0.0
0.0
0.0
0.0
0.0
0.0
0.0
0.0
0.0
0.0
0.0
0.0
0.0
0.0
0.0
0.0
0.0
0.0
0.0
0.0
0.0
0.0
0.0
0.0
1.0
1.0
0.0
0.0
0.0
0.0
0.0
0.0
0.0
0.0
0.0
0.0
0.0
0.0
0.0
0.0
0.0
0.0
0.0
0.0
0.0
0.0
0.0
0.0
0.0
0.0
0.0
0.0
0.0
0.0
0.0
0.0
0.0
0.0
0.0
0.0
0.0
0.0
0.0
0.0
0.0
0.0
0.0
0.0
0.0
0.0
0.0
0.0
0.0
0.0
0.0
0.0
0.0
0.0
0.0
0.0
0.0
0.0
0.0
0.0
0.0
0.0
0.0
0.0
0.0
0.0
0.0
0.0
0.0
0.0
0.0
0.0
0.0
0.0
0.0
0.0
0.0
0.0
0.0
0.0
0.0
0.0
0.0
0.0
0.0
0.0
0.0
0.0
0.0
0.0
0.0
0.0
0.0
0.0
0.0
0.0
0.0
0.0
0.0
0.0
0.0
0.0
0.0
0.0
0.0
0.0
0.0
0.0
0.0
0.0
0.0
0.0
0.0
0.0
0.0
0.0
0.0
0.0
0.0
0.0
0.0
0.0
0.0
0.0
0.0
0.0
0.0
0.0
0.0
0.0
0.0
0.0
0.0
0.0
0.0
0.0
0.0
0.0
0.0
0.0
0.0
0.0
0.0
0.0
0.0
0.0
0.0
0.0
0.0
0.0
0.0
0.0
0.0
0.0
0.0
0.0
0.0
0.0
0.0
0.0
0.0
0.0
0.0
0.0
0.0
0.0
0.0
0.0
0.0
0.0
0.0
0.0
0.0
0.0
0.0
0.0
0.0
0.0
0.0
0.0
0.0
0.0
0.0
0.0
0.0
0.0
0.0
0.0
0.0
0.0
0.0
0.0
0.0
0.0
0.0
0.0
0.0
0.0
0.0
0.0
0.0
0.0
0.0
0.0
0.0
0.0
0.0
0.0
0.0
0.0
0.0
0.0
0.0
0.0
0.0
0.0
0.0
0.0
0.0
0.0
0.0
0.0
0.0
0.0
0.0
0.0
0.0
0.0
0.0
0.0
0.0
0.0
0.0
0.0
0.0
0.0
0.0
0.0
0.0
0.0
0.0
0.0
0.0
0.0
0.0
0.0
0.0
0.0
0.0
0.0
0.0
0.0
0.0
280.0
450560.0
1732.0
446464.0
0.0
0.0
0.0
0.0
0.0
0.0
0.0
0.0
0.0
0.0
0.0
0.0
24.0
446288.0
0.0
0.0
0.0
0.0
0.0
0.0
0.0
0.0
0.0
0.0
