0.27563003
0.007415208
0.0038819087
0.0044193477
0.0047715884
0.0029159707
0.0029268647
0.0034352532
0.0047425376
0.0027271407
0.0028070302
0.002069867
0.003591401
0.002603675
0.0023059046
0.0038710146
0.004150628
0.0022296463
0.002552836
0.0021860702
0.0027380348
0.002603675
0.0019827147
0.0018120415
0.0027743482
0.0021279687
0.002175176
0.002403951
0.0026944585
0.0023712688
0.0020008716
0.0020299223
0.006166025
0.0018592491
0.0018737745
0.0021243372
0.004274094
0.0020408162
0.0018410924
0.002414845
0.0020916553
0.0021933329
0.0023603747
0.0024075822
0.001448907
0.0026436197
0.002396688
0.0018991939
0.0025927809
0.0021570195
0.002458421
0.0034534098
0.0022913793
0.0024693152
0.0023240612
0.0020517104
0.0027525602
0.0029668096
0.0028506063
0.004030794
0.0027271407
0.0027271407
0.002342218
0.0021061806
0.0061878134
0.0037657055
0.0023385866
0.0037729682
0.0037184982
0.0050185197
0.0032718426
0.0027489287
0.0032754738
0.0032682111
0.0025056286
0.0021933329
0.0025891496
0.0034679351
0.0030575932
0.002480209
0.0041361027
0.0025346794
0.0030321737
0.004324933
0.0031774275
0.0036095576
0.004401191
0.0033771517
0.0020299223
0.004096158
0.0028905512
0.0025964123
0.0022514344
0.0031265887
0.0028687632
0.0022405405
0.0022623285
0.0032682111
0.0015396907
0.0032101097
0.0031338513
0.0053308154
0.0028796573
0.002098918
0.0031120633
0.004579127
0.0035950323
0.002636357
0.0029522842
0.0031265887
0.0034570412
0.0035441935
0.0035006173
0.0023894254
0.004190573
0.0037657055
0.007694822
0.0070012347
0.002719878
0.0026436197
0.0025274167
0.0023676374
0.0022042268
0.002215121
0.0016958385
0.0032754738
0.0021824387
0.002058973
0.003907328
0.0020880238
0.0018737745
0.006278597
0.0027525602
0.0039981115
0.002037185
0.001931876
0.0027525602
0.005040308
0.0023022732
0.008482824
0.0024511584
0.0039654295
0.0024874718
0.00194277
0.0024838406
0.0018628804
0.0024075822
0.002153388
0.00232043
0.002919602
0.002069867
0.0019028252
0.0019972401
0.0023749
0.0020807611
0.001975452
0.0024475271
0.0022260149
0.0025056286
0.0018774058
0.0022005956
0.0022950105
0.0022114895
0.0025964123
0.0026000435
0.002581887
0.0022877478
0.0025092599
0.0025782555
0.0027452975
0.002719878
0.002498366
0.0020045028
0.0026908272
0.0023349554
0.0019645581
0.00194277
0.0017031012
0.0021933329
0.00175394
0.0025782555
0.002679933
0.0024475271
0.002396688
0.0026617765
0.0022078583
0.0027525602
0.0023167985
0.0017503087
0.0019028252
0.0018737745
0.0016014235
0.0043830345
0.002636357
0.0024003196
0.0035332995
0.0030430679
0.0015396907
0.0025274167
0.003391677
0.0022042268
0.0026871958
0.0025927809
0.0020444477
0.0024729464
0.0018265669
0.0019645581
0.0021642821
0.0024402644
0.0023059046
0.00256373
0.0027525602
0.0027162465
0.0026835646
0.0022804851
0.0018846685
0.0021933329
0.0021570195
0.0025927809
0.0024911033
0.0026908272
0.0040598447
0.0017139952
0.0016667877
0.0034534098
0.002342218
0.0022405405
0.0018919312
0.0024330018
0.0021098119
0.0021461253
0.0019137192
0.0070411796
0.0030575932
0.0028288183
0.0030176484
0.002825187
0.001993609
0.0026109377
0.0014888517
0.0023857942
0.0016631563
0.0018737745
0.00194277
0.0025165225
0.001993609
0.002552836
0.002458421
0.0031048006
0.0019500327
0.0020771297
0.0019645581
0.0031737962
0.0022078583
0.0027779795
0.019079091
0.18725677
3.6575375e-06
0.0
1.8287687e-06
1.8287687e-06
0.0
0.0
1.8287687e-06
0.0
0.0
0.0
0.0
0.0
0.0
0.0
0.0
0.0
0.0
0.0
0.0
0.0
0.0
0.0
0.0
0.0
0.0
0.0
0.0
0.0
0.0
0.0
0.0
0.0
0.0
0.0
0.0
0.0
0.0
0.0
0.0
0.0
0.0
0.0
0.0
0.0
0.0
0.0
0.0
0.0033064138
2.92603e-05
3.8404145e-05
1.6458918e-05
3.2917837e-05
4.0232913e-05
6.217814e-05
2.92603e-05
5.85206e-05
1.8287687e-05
1.463015e-05
3.4746605e-05
1.6458918e-05
1.463015e-05
1.8287687e-05
1.463015e-05
0.0031619412
8.046583e-05
6.217814e-05
1.09726125e-05
0.00012618504
2.1945225e-05
6.583567e-05
3.8404145e-05
1.463015e-05
9.143843e-06
9.143843e-06
9.143843e-06
7.315075e-06
9.143843e-06
9.875351e-05
2.0116457e-05
0.00598556
9.875351e-05
7.863706e-05
3.8404145e-05
0.00030906193
8.412336e-05
0.00027614407
0.00019567825
3.8404145e-05
4.7547986e-05
2.92603e-05
6.217814e-05
4.206168e-05
3.108907e-05
7.4979514e-05
9.875351e-05
0.0134615665
0.00043158943
0.00033832222
0.00023225363
0.0013039121
0.00049011
0.0010588571
0.0005833772
8.77809e-05
7.680829e-05
0.000120698736
7.863706e-05
4.7547986e-05
6.217814e-05
0.00019202071
0.00016093165
0.0025986803
3.8404145e-05
3.4746605e-05
8.2294595e-05
7.3150746e-05
0.00013898642
3.4746605e-05
0.000104239814
0.00014813026
3.6575375e-06
1.09726125e-05
2.1945225e-05
0.00012984258
2.3773993e-05
0.00010789736
0.00019384948
0.0041586203
0.00018470564
0.0004151305
0.00014264396
0.00019933579
9.875351e-05
0.0007772267
0.0003620962
0.00014630149
2.0116457e-05
3.8404145e-05
4.7547986e-05
5.1205523e-05
7.4979514e-05
2.3773993e-05
0.0007497952
0.003273496
0.00018653441
0.0012033298
0.0014355835
0.00093450083
0.00069310336
0.0043213805
0.0021177141
0.00014813026
1.8287687e-05
2.5602762e-05
3.108907e-05
5.669183e-05
6.0349368e-05
0.00013898642
0.00033649345
0.012064387
0.00033466468
0.0017537893
0.0010899461
0.0023737417
0.0011521243
0.0064939577
0.0036301059
0.0006162951
0.00022676733
0.00035478114
0.00024871255
0.00027065777
0.0013002546
0.00026700023
0.0015306794
0.0018104811
0.00023591117
0.00023773994
6.217814e-05
7.680829e-05
6.949321e-05
0.00014264396
9.3267205e-05
0.00019750702
0.0001170412
0.0001170412
0.0001170412
0.0001170412
0.0001170412
0.0001170412
0.0001170412
0.007903938
0.00047547987
0.0005029114
0.0004681648
0.00062909647
0.0005888635
0.0010826311
0.00098022
0.0007991719
0.0007772267
0.0006967609
0.0005083977
0.00074065133
0.0005303429
0.00042244556
0.001620289
0.013209197
0.0019897004
0.001391693
0.0020153031
0.0037672636
0.0027852147
0.0022951048
0.0035697566
0.006117231
0.0010734872
0.0010423982
0.0011356653
0.0027102353
0.0013496313
0.0026608584
0.005321717
0.032815427
0.0070114993
0.004846237
0.0074504036
0.013035463
0.0127209155
0.0052613677
0.010733044
0.018750366
0.002474324
0.0027065778
0.0031802289
0.0103234
0.0040671816
0.010114919
0.019302653
0.03471552
0.027983818
0.029382827
0.02954376
0.031151246
0.032135125
0.029157888
0.03034293
0.027502853
0.030981172
0.033918172
0.029503526
0.02718099
0.031820577
0.02945232
0.024628028
1328.0
10.965362
14562.0
0.05418212
0.0026095316
0.005974454
0.0028155474
0.004807032
0.0049443757
0.0037769538
0.007622579
0.0033649225
0.004257657
0.0049443757
0.0026782036
0.0034335942
0.00727922
0.00803461
0.0107814865
0.009751407
0.007141876
0.0074165636
0.0044636726
0.0037082818
0.0050817197
0.006661173
0.004257657
0.0048757037
0.006661173
0.014764455
0.0039142976
0.011399533
0.0052190633
0.0103007825
0.0029528912
0.004601016
0.011742893
0.0051503913
0.009682735
0.015039143
0.006111798
0.008721329
0.010232111
0.0074165636
0.0106441425
0.0037082818
0.0034335942
0.0053564073
0.0069358605
0.008996017
0.0058371103
0.014009065
0.0039829696
0.009202032
0.02183766
0.008171954
0.0068671885
0.014833127
0.012292268
0.008103282
0.0057684383
0.0043950006
0.0039142976
0.0037082818
0.0052877353
0.0039142976
0.004669688
0.006111798
0.028086802
0.0068671885
0.02183766
0.018060707
0.054731492
0.015794534
0.008583985
0.008858673
0.036739457
0.0052877353
0.00618047
0.021013597
0.014077737
0.028842192
0.03282516
0.016137892
0.004120313
0.034404613
0.022799065
0.041134458
0.01785469
0.006729845
0.007897267
0.012429612
0.008240626
0.004807032
0.0029528912
0.0032275787
0.0035022662
0.002403516
0.0028155474
6.0976453
1.0
9.0
0.0
5.0
275380.0
233472.0
1.0
0.0
102.0
0.0
1.0
0.0
0.0
0.0
1222491100.0
0.0
0.0
0.0
0.0
0.0
1.0
0.0
0.0
0.0
0.0
0.0
0.0
-1.0
0.0
0.0
0.0
0.0
0.0
0.0
0.0
0.0
0.0
0.0
0.0
0.0
0.0
0.0
0.0
-1.0
0.0
0.0
1.0
0.0
0.0
0.0
0.0
0.0
0.0
0.0
0.0
0.0
-1.0
0.0
0.0
0.0
0.0
0.0
0.0
0.0
0.0
0.0
0.0
8.0
0.0
4.0
0.0
4.0
0.0
53248.0
4096.0
4096.0
4.0
0.0
0.0
1.0
1.0
0.0
0.0
0.0
0.0
0.0
0.0
0.0
0.0
0.0
0.0
0.0
0.0
0.0
0.0
12288.0
0.0
0.0
0.0
0.0
0.0
0.0
0.0
0.0
0.0
0.0
0.0
0.0
0.0
0.0
0.0
0.0
0.0
-143360.0
0.0
0.0
0.0
0.0
0.0
0.0
0.0
0.0
-53248.0
0.0
12288.0
0.0
0.0
0.0
0.0
0.0
0.0
0.0
0.0
0.0
0.0
0.0
0.0
0.0
0.0
0.0
0.0
0.0
0.0
0.0
0.0
5.58101
0.0
0.0
0.0
0.0
0.0
0.0
0.0
0.0
0.0
0.0
0.0
0.0
0.0
0.0
0.0
0.0
0.0
-7.8825936
0.0
0.0
0.0
0.0
0.0
0.0
0.0
0.0
-6.6673923
0.0
5.6717334
0.0
0.0
0.0
0.0
0.0
0.0
0.0
0.0
0.0
0.0
0.0
0.0
0.0
0.0
0.0
0.0
0.0
0.0
0.0
0.0
11020.0
0.0
0.0
0.0
0.0
0.0
0.0
0.0
0.0
0.0
0.0
0.0
0.0
0.0
0.0
0.0
0.0
0.0
-150108.0
0.0
0.0
0.0
0.0
0.0
0.0
0.0
0.0
-50936.0
0.0
11832.0
0.0
0.0
0.0
0.0
0.0
0.0
0.0
0.0
0.0
-1.0
0.0
0.0
0.0
0.0
0.0
1.0
0.0
0.0
0.0
0.0
0.0
0.0
0.0
0.0
0.0
0.0
0.0
0.0
0.0
0.0
0.0
0.0
0.0
0.0
0.0
0.0
0.0
0.0
0.0
0.0
0.0
0.0
0.0
0.0
0.0
-2.0
0.0
0.0
0.0
1.0
0.0
0.0
0.0
0.0
0.0
0.0
0.0
0.0
0.0
0.0
0.0
0.0
0.0
0.0
0.0
0.0
0.0
0.0
0.0
-1.0
0.0
0.0
0.0
0.0
0.0
0.0
0.0
0.0
0.0
1.0
0.0
0.0
0.0
0.0
1.0
0.0
0.0
0.0
0.0
0.0
0.0
0.0
0.0
0.0
0.0
0.0
0.0
0.0
0.0
0.0
0.0
0.0
0.0
0.0
0.0
0.0
0.0
0.0
0.0
0.0
0.0
0.0
0.0
0.0
0.0
0.0
0.0
0.0
0.0
0.0
0.0
0.0
0.0
0.0
0.0
0.0
0.0
0.0
0.0
0.0
0.0
0.0
0.0
0.0
0.0
0.0
0.0
0.0
0.0
0.0
0.0
0.0
0.0
0.0
0.0
0.0
0.0
0.0
0.0
-1.0
0.0
0.0
0.0
0.0
0.0
0.0
0.0
0.0
0.0
0.0
0.0
0.0
0.0
0.0
0.0
0.0
0.0
0.0
0.0
0.0
0.0
0.0
0.0
0.0
0.0
0.0
0.0
0.0
0.0
0.0
0.0
0.0
0.0
0.0
0.0
0.0
0.0
0.0
0.0
0.0
0.0
0.0
0.0
0.0
0.0
0.0
0.0
0.0
0.0
0.0
0.0
0.0
0.0
0.0
0.0
0.0
0.0
0.0
0.0
0.0
0.0
0.0
0.0
0.0
0.0
0.0
0.0
0.0
0.0
0.0
0.0
0.0
0.0
1.0
0.0
0.0
0.0
0.0
0.0
0.0
0.0
0.0
0.0
0.0
0.0
0.0
0.0
0.0
0.0
0.0
0.0
0.0
0.0
0.0
0.0
0.0
0.0
0.0
0.0
0.0
0.0
0.0
0.0
0.0
0.0
0.0
0.0
0.0
0.0
0.0
0.0
0.0
0.0
0.0
0.0
0.0
0.0
0.0
0.0
0.0
0.0
0.0
0.0
0.0
0.0
0.0
0.0
0.0
0.0
0.0
0.0
0.0
0.0
0.0
0.0
0.0
0.0
0.0
0.0
0.0
0.0
0.0
0.0
0.0
0.0
0.0
0.0
0.0
0.0
0.0
0.0
0.0
0.0
0.0
0.0
0.0
0.0
0.0
0.0
0.0
0.0
0.0
0.0
0.0
0.0
0.0
0.0
0.0
0.0
0.0
0.0
0.0
0.0
0.0
0.0
0.0
0.0
0.0
0.0
0.0
0.0
0.0
0.0
0.0
0.0
0.0
0.0
0.0
0.0
0.0
0.0
0.0
0.0
0.0
0.0
0.0
0.0
0.0
0.0
0.0
0.0
0.0
0.0
0.0
0.0
0.0
0.0
0.0
0.0
0.0
0.0
0.0
0.0
0.0
0.0
0.0
0.0
0.0
0.0
0.0
0.0
0.0
0.0
0.0
0.0
1.0
0.0
0.0
0.0
0.0
0.0
0.0
0.0
0.0
0.0
0.0
0.0
-1.0
0.0
0.0
0.0
0.0
0.0
0.0
0.0
0.0
0.0
0.0
0.0
0.0
0.0
0.0
0.0
0.0
0.0
0.0
0.0
0.0
0.0
0.0
0.0
0.0
0.0
0.0
-1.0
0.0
0.0
0.0
0.0
0.0
0.0
0.0
0.0
0.0
0.0
0.0
0.0
0.0
0.0
0.0
0.0
0.0
0.0
0.0
0.0
0.0
0.0
0.0
0.0
0.0
0.0
0.0
0.0
0.0
0.0
0.0
0.0
0.0
0.0
0.0
0.0
0.0
0.0
1.0
0.0
0.0
0.0
0.0
0.0
0.0
0.0
1.0
0.0
0.0
0.0
1.0
0.0
0.0
1.0
0.0
0.0
0.0
0.0
0.0
0.0
0.0
0.0
0.0
0.0
1.0
0.0
0.0
0.0
0.0
0.0
0.0
0.0
0.0
0.0
0.0
0.0
0.0
0.0
-1.0
0.0
0.0
0.0
0.0
0.0
0.0
0.0
0.0
0.0
0.0
0.0
1.0
0.0
0.0
0.0
0.0
0.0
1.0
0.0
0.0
0.0
0.0
0.0
0.0
0.0
0.0
0.0
0.0
0.0
0.0
0.0
0.0
0.0
0.0
0.0
0.0
0.0
0.0
0.0
0.0
0.0
0.0
0.0
0.0
0.0
0.0
0.0
0.0
0.0
0.0
0.0
0.0
0.0
0.0
0.0
0.0
0.0
0.0
0.0
0.0
1.0
0.0
0.0
0.0
0.0
0.0
0.0
0.0
0.0
0.0
0.0
0.0
0.0
0.0
0.0
0.0
0.0
0.0
0.0
0.0
1.0
0.0
0.0
0.0
0.0
0.0
0.0
0.0
0.0
-1.0
0.0
0.0
0.0
0.0
0.0
0.0
1.0
0.0
0.0
0.0
0.0
0.0
0.0
0.0
0.0
0.0
0.0
0.0
0.0
0.0
0.0
0.0
0.0
0.0
0.0
0.0
0.0
0.0
0.0
0.0
1.0
0.0
0.0
0.0
0.0
0.0
0.0
0.0
0.0
0.0
0.0
0.0
0.0
0.0
0.0
0.0
0.0
0.0
0.0
0.0
0.0
0.0
0.0
0.0
0.0
0.0
0.0
0.0
-2.0
0.0
-1.0
0.0
0.0
0.0
0.0
-1.0
0.0
0.0
0.0
0.0
0.0
0.0
0.0
0.0
0.0
0.0
0.0
0.0
0.0
0.0
0.0
0.0
0.0
0.0
0.0
0.0
0.0
0.0
0.0
0.0
0.0
0.0
0.0
0.0
0.0
0.0
0.0
0.0
0.0
0.0
0.0
-1.0
0.0
0.0
1.0
0.0
0.0
0.0
0.0
0.0
0.0
0.0
0.0
0.0
0.0
0.0
0.0
0.0
0.0
0.0
0.0
0.0
0.0
0.0
0.0
0.0
0.0
0.0
0.0
0.0
0.0
0.0
0.0
0.0
0.0
0.0
0.0
0.0
0.0
0.0
0.0
0.0
0.0
0.0
0.0
0.0
0.0
0.0
-1.0
0.0
0.0
0.0
-1.0
0.0
0.0
0.0
0.0
0.0
0.0
0.0
0.0
0.0
0.0
0.0
0.0
1.0
-1.0
0.0
0.0
0.0
0.0
0.0
-1.0
0.0
0.0
0.0
0.0
0.0
0.0
0.0
0.0
0.0
0.0
0.0
0.0
0.0
0.0
0.0
0.0
0.0
0.0
0.0
-1.0
0.0
0.0
0.0
0.0
0.0
-1.0
0.0
0.0
0.0
0.0
0.0
0.0
0.0
0.0
0.0
0.0
0.0
0.0
-1.0
0.0
0.0
0.0
0.0
0.0
0.0
0.0
0.0
0.0
0.0
0.0
0.0
0.0
0.0
0.0
1.0
0.0
1.0
0.0
0.0
0.0
0.0
0.0
0.0
0.0
0.0
0.0
0.0
0.0
0.0
0.0
0.0
0.0
0.0
0.0
0.0
0.0
0.0
0.0
0.0
0.0
0.0
0.0
0.0
0.0
0.0
0.0
0.0
0.0
0.0
0.0
0.0
0.0
0.0
0.0
0.0
-1.0
0.0
0.0
0.0
0.0
0.0
0.0
0.0
1.0
0.0
0.0
0.0
0.0
0.0
0.0
-1.0
0.0
0.0
0.0
-1.0
0.0
0.0
0.0
0.0
0.0
0.0
0.0
0.0
-1.0
0.0
0.0
0.0
-1.0
0.0
0.0
0.0
0.0
0.0
0.0
0.0
0.0
0.0
0.0
0.0
0.0
0.0
1.0
0.0
0.0
0.0
0.0
0.0
0.0
0.0
0.0
0.0
0.0
0.0
0.0
0.0
0.0
-1.0
0.0
0.0
0.0
0.0
0.0
0.0
0.0
0.0
0.0
0.0
0.0
0.0
0.0
0.0
0.0
0.0
0.0
0.0
0.0
0.0
0.0
0.0
0.0
0.0
1.0
0.0
1.0
0.0
0.0
-2.0
0.0
0.0
0.0
0.0
0.0
0.0
0.0
1.0
0.0
0.0
1.0
-1.0
0.0
0.0
2.0
0.0
0.0
0.0
-1.0
0.0
0.0
0.0
0.0
0.0
0.0
-1.0
0.0
0.0
0.0
0.0
-1.0
-1.0
0.0
0.0
0.0
0.0
0.0
0.0
0.0
0.0
0.0
0.0
0.0
0.0
0.0
0.0
0.0
0.0
0.0
0.0
0.0
1.0
0.0
0.0
0.0
1.0
0.0
1.0
0.0
0.0
0.0
0.0
0.0
0.0
0.0
0.0
0.0
0.0
0.0
0.0
0.0
0.0
-1.0
0.0
0.0
0.0
0.0
0.0
0.0
0.0
0.0
0.0
0.0
0.0
0.0
0.0
0.0
1.0
0.0
0.0
0.0
0.0
0.0
0.0
0.0
0.0
0.0
0.0
0.0
0.0
0.0
0.0
0.0
0.0
0.0
0.0
0.0
0.0
0.0
0.0
0.0
0.0
0.0
0.0
0.0
0.0
0.0
0.0
0.0
0.0
0.0
0.0
-1.0
0.0
0.0
0.0
0.0
0.0
0.0
0.0
0.0
0.0
0.0
-1.0
0.0
0.0
-1.0
-1.0
0.0
0.0
0.0
0.0
0.0
0.0
0.0
0.0
1.0
0.0
0.0
1.0
0.0
0.0
0.0
0.0
0.0
-1.0
0.0
0.0
0.0
0.0
1.0
0.0
0.0
0.0
0.0
0.0
0.0
1.0
0.0
0.0
0.0
0.0
0.0
0.0
0.0
0.0
0.0
0.0
0.0
0.0
0.0
0.0
0.0
0.0
0.0
0.0
1.0
0.0
1.0
0.0
0.0
0.0
1.0
0.0
0.0
0.0
0.0
0.0
0.0
0.0
0.0
0.0
0.0
-1.0
0.0
0.0
0.0
0.0
0.0
0.0
0.0
0.0
0.0
-1.0
-1.0
0.0
0.0
0.0
0.0
0.0
0.0
0.0
0.0
0.0
0.0
0.0
0.0
0.0
1.0
0.0
0.0
-1.0
0.0
0.0
0.0
0.0
0.0
0.0
0.0
0.0
0.0
0.0
0.0
0.0
0.0
0.0
0.0
-1.0
1.0
0.0
0.0
0.0
0.0
1.0
0.0
0.0
0.0
0.0
0.0
0.0
0.0
0.0
0.0
0.0
0.0
0.0
1.0
0.0
0.0
0.0
-1.0
0.0
0.0
1.0
0.0
0.0
-1.0
0.0
0.0
1.0
0.0
0.0
0.0
0.0
0.0
0.0
0.0
0.0
0.0
0.0
0.0
0.0
0.0
0.0
0.0
0.0
0.0
1.0
0.0
0.0
0.0
0.0
0.0
0.0
-1.0
0.0
0.0
0.0
0.0
0.0
0.0
0.0
0.0
0.0
0.0
0.0
0.0
0.0
0.0
0.0
0.0
0.0
0.0
0.0
0.0
0.0
0.0
-1.0
0.0
0.0
0.0
0.0
0.0
0.0
0.0
0.0
0.0
0.0
0.0
0.0
0.0
0.0
0.0
0.0
0.0
0.0
0.0
0.0
0.0
0.0
0.0
-1.0
0.0
0.0
0.0
0.0
0.0
0.0
0.0
0.0
0.0
0.0
0.0
0.0
0.0
0.0
0.0
0.0
-1.0
0.0
0.0
0.0
0.0
0.0
0.0
0.0
0.0
-1.0
-1.0
0.0
0.0
0.0
0.0
0.0
0.0
0.0
-1.0
0.0
0.0
0.0
0.0
0.0
0.0
0.0
0.0
0.0
0.0
0.0
0.0
0.0
0.0
0.0
0.0
-1.0
0.0
0.0
0.0
0.0
0.0
0.0
0.0
0.0
0.0
-1.0
0.0
0.0
0.0
0.0
0.0
1.0
0.0
0.0
0.0
0.0
0.0
0.0
0.0
0.0
0.0
0.0
0.0
0.0
0.0
0.0
0.0
0.0
0.0
0.0
0.0
0.0
0.0
0.0
0.0
0.0
0.0
0.0
0.0
0.0
0.0
0.0
0.0
0.0
0.0
0.0
0.0
0.0
0.0
0.0
0.0
0.0
0.0
0.0
0.0
0.0
0.0
0.0
0.0
0.0
0.0
0.0
0.0
0.0
0.0
0.0
0.0
0.0
0.0
0.0
0.0
0.0
0.0
0.0
0.0
0.0
0.0
0.0
0.0
0.0
0.0
0.0
0.0
0.0
0.0
0.0
0.0
0.0
0.0
0.0
0.0
0.0
0.0
0.0
0.0
0.0
0.0
0.0
0.0
0.0
0.0
0.0
0.0
0.0
0.0
0.0
0.0
0.0
0.0
0.0
0.0
0.0
0.0
0.0
0.0
0.0
0.0
0.0
0.0
0.0
0.0
0.0
0.0
0.0
0.0
0.0
0.0
0.0
0.0
0.0
0.0
0.0
0.0
0.0
0.0
0.0
0.0
0.0
0.0
0.0
0.0
0.0
0.0
0.0
0.0
0.0
0.0
0.0
0.0
0.0
0.0
0.0
0.0
0.0
0.0
0.0
0.0
0.0
0.0
0.0
0.0
0.0
0.0
0.0
60.0
66044.0
11832.0
221184.0
0.0
0.0
0.0
0.0
0.0
0.0
28.0
57840.0
0.0
0.0
0.0
0.0
0.0
0.0
64.0
64504.0
0.0
0.0
416.0
57344.0
0.0
0.0
0.0
0.0
