0.0014463449
3.0007432e-05
1.6301155e-05
1.4903913e-05
2.648106e-05
1.2508642e-05
5.921644e-06
6.586997e-06
3.313459e-05
6.320856e-06
7.585027e-06
4.657473e-06
2.0625952e-05
8.849198e-06
3.925584e-06
1.5236589e-05
1.9162173e-05
3.060625e-06
2.1956657e-06
2.3287364e-06
7.0527444e-06
9.913763e-06
2.062595e-06
1.8629892e-06
6.320856e-06
1.7964538e-06
1.4637772e-06
1.4637772e-06
3.7925136e-06
1.7299185e-06
1.7299185e-06
2.2622012e-06
3.060625e-05
2.3287364e-06
1.7299185e-06
2.7279484e-06
1.550273e-05
3.1271604e-06
1.4637772e-06
7.984239e-07
3.6594429e-06
3.2602309e-06
8.6495925e-07
3.925584e-06
2.1291305e-06
1.5968478e-06
8.25038e-06
1.0645653e-06
8.316916e-06
2.1291305e-06
3.3933015e-06
1.4704307e-05
3.5263722e-06
4.923614e-06
2.5948777e-06
1.6633832e-06
5.5889673e-06
4.8570787e-06
2.9940898e-06
1.0113369e-05
3.859049e-06
3.1936956e-06
1.9960598e-06
2.1291305e-06
5.7819198e-05
7.651563e-06
3.459837e-06
5.722038e-06
1.749879e-05
2.6880272e-05
1.1044865e-05
7.851168e-06
7.917703e-06
5.722038e-06
2.3287364e-06
1.5968478e-06
5.256291e-06
1.5901944e-05
3.3267663e-06
3.1271604e-06
1.8762961e-05
6.9862094e-06
7.651563e-06
1.2375571e-05
4.923614e-06
1.1976359e-05
1.1044865e-05
9.980299e-06
3.9921197e-06
9.980299e-06
1.5303125e-06
3.3267663e-06
3.859049e-06
5.5889673e-06
6.9862094e-06
5.5889673e-06
2.661413e-06
1.7764933e-05
2.461807e-06
7.385421e-06
8.782663e-06
3.286845e-05
7.2523503e-06
4.5244024e-06
1.22425e-05
1.6833437e-05
1.1843288e-05
3.060625e-06
1.2774783e-05
5.0566846e-06
1.4305095e-05
1.8164144e-05
1.6035014e-05
1.1311006e-06
1.936178e-05
1.3972419e-05
4.284875e-05
3.5529865e-05
5.5224323e-06
5.6555027e-06
8.383451e-06
3.7925136e-06
1.3307065e-06
3.1936956e-06
7.0527444e-06
7.917703e-06
2.1956657e-06
1.7299185e-06
1.763186e-05
5.9881795e-06
2.1291305e-06
4.5443627e-05
7.851168e-06
2.0625952e-05
7.984239e-07
1.1311006e-06
1.0446046e-05
2.5549565e-05
8.050774e-06
6.34747e-05
1.8629892e-06
2.2821618e-05
2.5283423e-06
4.3913315e-06
0.99673307
9.314946e-07
5.322826e-07
9.980299e-07
1.5968478e-06
5.5224323e-06
2.1956657e-06
1.9960598e-06
1.1311006e-06
1.0645653e-06
3.9921196e-07
8.6495925e-07
9.980299e-07
1.9960598e-07
1.0645653e-06
7.585027e-06
4.9901496e-06
4.258261e-06
1.5303125e-06
3.6594429e-06
1.1976358e-06
1.4637772e-06
6.6535324e-07
4.657473e-07
2.2622012e-06
9.980299e-07
6.6535324e-07
8.6495925e-07
9.314946e-07
1.3307066e-07
2.661413e-07
3.3267662e-07
1.4637772e-06
3.3267662e-07
5.322826e-07
2.7279484e-06
6.3873913e-06
5.988179e-07
1.6633832e-06
2.5948777e-06
3.459837e-06
8.6495925e-07
1.3307065e-06
9.980299e-07
9.980299e-07
1.5303125e-06
3.1936956e-06
1.9960598e-06
1.7831468e-05
9.913763e-06
3.060625e-06
1.4837377e-05
1.1510611e-05
7.984239e-07
4.9901496e-06
1.29078535e-05
5.12322e-06
4.3913315e-06
1.2641711e-06
1.1311006e-06
5.322826e-06
6.6535324e-07
1.3972418e-06
1.7964538e-06
2.461807e-06
2.9940898e-06
3.6594429e-06
2.062595e-06
1.5303125e-06
5.322826e-07
8.6495925e-07
8.6495925e-07
3.6594429e-06
6.6535324e-07
1.2641711e-06
1.9295244e-06
2.2622012e-06
2.661413e-07
8.6495925e-07
8.6495925e-07
5.1897555e-06
1.6633832e-06
6.6535324e-07
5.988179e-07
3.5263722e-06
1.3972418e-06
1.9960598e-06
7.984239e-07
2.6946807e-05
7.4519567e-06
1.2641711e-06
1.7166114e-05
9.5145515e-06
5.988179e-07
1.1976358e-06
1.9960598e-06
9.5145515e-06
1.7964538e-06
3.9921196e-07
3.7259783e-06
8.516522e-06
5.988179e-07
8.183845e-06
1.2508642e-05
1.7299184e-05
4.7905432e-06
2.5283423e-06
2.861019e-06
1.8696426e-05
2.9275543e-06
5.12322e-06
9.075418e-05
0.00040883073
0.0
0.0
0.0
0.0
0.0
0.0
0.0
0.0
0.9967294
0.0
0.0
0.0
0.0
0.0
0.0
6.3480555e-05
0.0
2.3289512e-07
2.6616584e-07
3.9924876e-07
2.3289512e-07
2.462034e-06
1.0313927e-06
0.0
0.0
0.0
3.327073e-08
0.0
0.0
0.0
0.0
0.0
0.0
0.0
0.0
0.0
0.0
0.0
0.0
0.0
0.0
0.0
0.0
0.0
0.0
0.0
0.0
6.0253293e-05
5.323317e-07
6.6541463e-07
6.654146e-08
5.9887316e-07
1.1644756e-06
1.6635365e-06
7.6522684e-07
1.6635366e-07
9.981219e-08
9.981219e-08
1.6635366e-07
2.3289512e-07
6.654146e-08
3.6597805e-07
1.231017e-06
9.0196954e-05
3.327073e-08
6.654146e-08
9.981219e-08
1.962973e-06
1.1312048e-06
5.3898584e-06
3.0276365e-06
0.0
3.4069228e-05
3.327073e-08
1.3308292e-07
6.654146e-08
3.327073e-08
3.327073e-08
0.0
5.6560242e-05
1.6635365e-06
1.4971829e-06
1.5637244e-06
7.6522684e-07
5.323317e-07
1.231017e-06
3.6597805e-07
1.3973707e-06
2.3289512e-07
6.321439e-07
9.981219e-08
1.9962438e-07
3.6597805e-07
1.9962438e-07
8.3176826e-07
0.00014329705
6.6541463e-07
7.086666e-06
3.4934267e-06
9.5819705e-06
4.99061e-06
2.132654e-05
9.748324e-06
1.2642878e-06
1.9962438e-07
9.981219e-08
3.9924876e-07
4.325195e-07
9.981219e-08
3.9924876e-07
1.3308293e-06
8.177946e-05
3.9924876e-07
8.2511415e-06
2.0295147e-06
3.3936146e-06
2.5618463e-06
2.548538e-05
1.0846258e-05
2.3289512e-07
1.9962438e-07
1.3308292e-07
1.9962438e-07
1.9962438e-07
1.9962438e-07
1.6635366e-07
1.9962438e-07
0.00021552779
5.5562123e-06
8.716932e-06
8.8167435e-06
9.681783e-06
7.419373e-06
2.1126914e-05
1.7999466e-05
1.4639122e-05
2.4287633e-06
1.7966195e-06
1.730078e-06
5.156963e-06
1.4971829e-06
4.55809e-06
1.4040249e-05
0.00013145266
1.596995e-06
1.1245507e-05
7.75208e-06
1.863161e-05
9.0163685e-06
4.6945002e-05
2.8579558e-05
5.190234e-06
8.3176826e-07
4.325195e-07
1.7633488e-06
1.3973707e-06
5.323317e-07
7.984975e-07
6.38798e-06
0.0
0.0
0.0
0.0
0.0
0.0
0.0
0.0
0.0
0.0
0.0
0.0
0.0
0.0
0.0
0.0
1.733405e-05
8.3176826e-07
4.3917366e-06
2.462034e-06
3.8926755e-06
2.229139e-06
1.8431985e-05
1.3008856e-05
1.8298903e-06
8.65039e-07
4.325195e-07
3.3270732e-07
4.325195e-07
4.9906095e-07
3.6597805e-07
7.984975e-07
3.4468478e-05
3.5599683e-06
1.5304537e-06
1.3641e-06
1.01475725e-05
7.918434e-06
2.4287633e-06
3.9924876e-06
2.3056617e-05
3.4934267e-06
8.9830974e-07
1.6968073e-06
7.71881e-06
7.319561e-07
9.315805e-06
2.3954926e-05
0.00018718114
2.6117525e-05
1.823236e-05
2.2990076e-05
7.1299175e-05
4.6645564e-05
1.5670514e-05
4.138879e-05
0.00011195601
1.3774083e-05
8.2511415e-06
1.1245507e-05
4.2852702e-05
1.0081031e-05
3.6730886e-05
8.510653e-05
0.0001429976
2.6716398e-05
2.0461499e-05
2.501959e-05
5.2168507e-05
3.9558898e-05
1.4173332e-05
4.415026e-05
8.084788e-05
8.2511415e-06
1.1777839e-05
1.2709419e-05
3.8028447e-05
1.2576336e-05
2.8679371e-05
5.51296e-05
0.0
0.0
0.0
0.0
0.0
0.0
0.0
0.0
0.0
0.0
0.0
0.0
0.0
0.0
0.0
0.0
244.0
17.40164
4246.0
0.06877061
0.002119642
0.00070654735
0.00023551578
0.0009420631
0.0014130947
0.0
0.00023551578
0.0049458314
0.0044747996
0.0
0.00047103156
0.0
0.003061705
0.023787094
0.0011775789
0.01059821
0.0037682524
0.008007537
0.014130947
0.0025906735
0.0040037683
0.0058878944
0.0023551579
0.0044747996
0.002119642
0.002119642
0.00047103156
0.00023551578
0.00023551578
0.00023551578
0.00047103156
0.0025906735
0.010127178
0.003297221
0.008714084
0.013424399
0.008243052
0.0073009892
0.0073009892
0.0058878944
0.0037682524
0.0009420631
0.0014130947
0.0035327368
0.0068299575
0.0025906735
0.003297221
0.009185116
0.00070654735
0.008243052
0.013424399
0.0044747996
0.003061705
0.005181347
0.010127178
0.0011775789
0.00070654735
0.00070654735
0.00047103156
0.004239284
0.00047103156
0.00047103156
0.00070654735
0.0016486105
0.053697597
0.005416863
0.021902967
0.018841263
0.102449365
0.008478568
0.011304758
0.013188884
0.049929347
0.0011775789
0.006594442
0.035562884
0.015308525
0.04404145
0.05416863
0.019783325
0.0
0.04757419
0.036504947
0.050635893
0.022373999
0.0068299575
0.008714084
0.020489873
0.0049458314
0.0023551579
0.008243052
0.0
0.0
0.0
0.0011775789
5.333464
2.0
0.0
0.0
1.0
15029610.0
57344.0
0.0
0.0
54.0
0.0
1.0
0.0
0.0
0.0
1083884500.0
0.0
0.0
0.0
0.0
0.0
1.0
0.0
0.0
0.0
0.0
0.0
0.0
-1.0
0.0
-1.0
-1.0
0.0
0.0
0.0
0.0
0.0
0.0
0.0
0.0
0.0
0.0
0.0
0.0
-1.0
0.0
0.0
0.0
0.0
0.0
0.0
0.0
0.0
0.0
0.0
0.0
0.0
-1.0
0.0
0.0
0.0
0.0
0.0
0.0
0.0
0.0
0.0
0.0
6.0
0.0
4.0
0.0
4.0
0.0
24576.0
4096.0
4096.0
5.0
0.0
0.0
1.0
1.0
0.0
0.0
4096.0
0.0
0.0
0.0
0.0
0.0
0.0
0.0
0.0
0.0
0.0
0.0
4096.0
0.0
0.0
0.0
0.0
0.0
0.0
0.0
0.0
0.0
0.0
0.0
0.0
0.0
0.0
0.0
0.0
0.0
-8192.0
0.0
0.0
0.0
0.0
0.0
0.0
0.0
0.0
-24576.0
0.0
4096.0
0.0
0.0
0.0
0.0
0.0
0.0
0.0
0.0
0.0
0.0
0.0
0.0
0.0
0.0
0.0
0.0
0.0
0.0
0.0
0.0
5.6636963
0.0
0.0
0.0
0.0
0.0
0.0
0.0
0.0
0.0
0.0
0.0
0.0
0.0
0.0
0.0
0.0
0.0
-3.5535333
0.0
0.0
0.0
0.0
0.0
0.0
0.0
0.0
-6.5496798
0.0
3.7997313
0.0
0.0
0.0
0.0
0.0
0.0
0.0
0.0
3942.0
0.0
0.0
0.0
0.0
0.0
0.0
0.0
0.0
0.0
0.0
0.0
2476.0
0.0
0.0
0.0
0.0
0.0
0.0
0.0
0.0
0.0
0.0
0.0
0.0
0.0
0.0
0.0
0.0
0.0
-13432.0
0.0
0.0
0.0
0.0
0.0
0.0
0.0
0.0
-23376.0
0.0
2392.0
0.0
0.0
0.0
0.0
0.0
0.0
0.0
0.0
0.0
-1.0
0.0
0.0
0.0
0.0
0.0
1.0
0.0
0.0
0.0
0.0
0.0
0.0
0.0
0.0
0.0
0.0
0.0
0.0
0.0
0.0
0.0
0.0
0.0
0.0
0.0
0.0
0.0
0.0
0.0
0.0
0.0
0.0
0.0
0.0
0.0
-2.0
0.0
0.0
0.0
1.0
0.0
0.0
0.0
0.0
0.0
0.0
0.0
0.0
0.0
0.0
0.0
0.0
0.0
0.0
0.0
0.0
0.0
0.0
0.0
-1.0
0.0
0.0
0.0
0.0
0.0
0.0
0.0
0.0
0.0
1.0
0.0
0.0
0.0
0.0
1.0
0.0
0.0
0.0
0.0
0.0
0.0
0.0
0.0
0.0
0.0
0.0
0.0
0.0
0.0
0.0
0.0
0.0
0.0
0.0
0.0
0.0
0.0
0.0
0.0
0.0
0.0
0.0
0.0
0.0
0.0
0.0
0.0
0.0
0.0
0.0
0.0
0.0
0.0
0.0
0.0
0.0
0.0
0.0
0.0
0.0
0.0
0.0
0.0
0.0
0.0
0.0
-1.0
0.0
0.0
0.0
0.0
0.0
0.0
0.0
0.0
0.0
0.0
0.0
0.0
0.0
0.0
0.0
0.0
0.0
0.0
0.0
0.0
0.0
0.0
0.0
0.0
0.0
0.0
0.0
0.0
0.0
0.0
0.0
0.0
0.0
0.0
0.0
0.0
0.0
0.0
0.0
0.0
0.0
0.0
0.0
0.0
0.0
0.0
0.0
0.0
0.0
0.0
0.0
0.0
0.0
0.0
0.0
0.0
0.0
0.0
0.0
0.0
0.0
0.0
0.0
0.0
0.0
0.0
0.0
0.0
0.0
-1.0
0.0
0.0
0.0
0.0
0.0
0.0
0.0
0.0
0.0
0.0
0.0
0.0
0.0
0.0
0.0
0.0
1.0
0.0
0.0
0.0
0.0
0.0
0.0
0.0
0.0
0.0
0.0
0.0
0.0
0.0
0.0
0.0
0.0
0.0
0.0
0.0
0.0
0.0
0.0
0.0
0.0
0.0
0.0
0.0
0.0
0.0
0.0
0.0
0.0
0.0
0.0
0.0
0.0
0.0
0.0
0.0
0.0
0.0
0.0
0.0
0.0
0.0
0.0
0.0
0.0
0.0
0.0
0.0
0.0
0.0
0.0
0.0
0.0
0.0
0.0
0.0
0.0
0.0
0.0
0.0
0.0
0.0
0.0
0.0
0.0
0.0
0.0
0.0
0.0
0.0
0.0
0.0
0.0
0.0
0.0
0.0
0.0
0.0
0.0
0.0
0.0
0.0
0.0
0.0
0.0
0.0
0.0
0.0
0.0
0.0
0.0
0.0
0.0
0.0
0.0
0.0
0.0
0.0
0.0
0.0
0.0
0.0
0.0
0.0
0.0
0.0
0.0
0.0
0.0
0.0
0.0
0.0
0.0
0.0
0.0
0.0
0.0
0.0
0.0
0.0
0.0
0.0
0.0
0.0
0.0
0.0
0.0
0.0
0.0
0.0
0.0
0.0
0.0
0.0
0.0
0.0
0.0
0.0
0.0
0.0
0.0
0.0
0.0
0.0
0.0
0.0
0.0
0.0
0.0
0.0
0.0
0.0
0.0
0.0
0.0
0.0
0.0
0.0
0.0
0.0
0.0
0.0
0.0
0.0
0.0
0.0
0.0
0.0
0.0
0.0
0.0
0.0
0.0
0.0
0.0
0.0
0.0
0.0
0.0
0.0
0.0
0.0
-1.0
0.0
0.0
0.0
0.0
0.0
0.0
0.0
0.0
0.0
0.0
0.0
0.0
0.0
0.0
0.0
0.0
0.0
0.0
0.0
0.0
0.0
0.0
0.0
0.0
0.0
0.0
0.0
0.0
0.0
0.0
0.0
0.0
0.0
0.0
0.0
0.0
1.0
0.0
0.0
0.0
0.0
0.0
0.0
0.0
0.0
0.0
0.0
0.0
0.0
0.0
0.0
0.0
0.0
0.0
0.0
0.0
0.0
0.0
1.0
0.0
0.0
0.0
0.0
1.0
0.0
0.0
0.0
0.0
0.0
0.0
0.0
0.0
0.0
0.0
0.0
0.0
0.0
0.0
0.0
0.0
1.0
0.0
0.0
0.0
0.0
0.0
0.0
0.0
0.0
0.0
0.0
0.0
0.0
0.0
0.0
0.0
0.0
0.0
0.0
0.0
0.0
0.0
0.0
0.0
0.0
0.0
0.0
0.0
0.0
0.0
0.0
0.0
0.0
0.0
0.0
0.0
0.0
0.0
0.0
0.0
0.0
0.0
0.0
0.0
0.0
-1.0
0.0
0.0
0.0
0.0
0.0
0.0
0.0
0.0
0.0
0.0
0.0
0.0
0.0
0.0
0.0
0.0
0.0
0.0
0.0
0.0
0.0
0.0
0.0
0.0
0.0
0.0
0.0
0.0
0.0
0.0
0.0
0.0
0.0
0.0
0.0
0.0
0.0
0.0
0.0
0.0
0.0
0.0
0.0
0.0
0.0
0.0
0.0
-1.0
0.0
0.0
0.0
0.0
0.0
0.0
0.0
0.0
0.0
0.0
0.0
0.0
0.0
0.0
0.0
0.0
0.0
0.0
0.0
0.0
0.0
0.0
0.0
0.0
0.0
0.0
0.0
0.0
0.0
0.0
1.0
0.0
0.0
0.0
0.0
0.0
0.0
0.0
0.0
0.0
0.0
0.0
0.0
0.0
0.0
0.0
0.0
0.0
0.0
0.0
0.0
0.0
0.0
0.0
0.0
0.0
0.0
0.0
-1.0
0.0
0.0
0.0
0.0
0.0
0.0
0.0
0.0
0.0
0.0
0.0
0.0
0.0
0.0
0.0
0.0
0.0
0.0
0.0
0.0
0.0
0.0
0.0
0.0
0.0
0.0
0.0
0.0
0.0
0.0
0.0
0.0
0.0
0.0
0.0
0.0
0.0
0.0
0.0
0.0
0.0
0.0
-1.0
0.0
0.0
1.0
0.0
0.0
0.0
0.0
0.0
0.0
0.0
0.0
0.0
0.0
0.0
0.0
0.0
0.0
0.0
0.0
0.0
0.0
0.0
0.0
0.0
0.0
0.0
0.0
0.0
0.0
0.0
0.0
0.0
0.0
0.0
0.0
0.0
0.0
0.0
0.0
0.0
0.0
0.0
0.0
0.0
0.0
0.0
-1.0
0.0
0.0
0.0
-1.0
0.0
0.0
0.0
0.0
0.0
0.0
0.0
0.0
0.0
0.0
0.0
0.0
0.0
0.0
0.0
0.0
0.0
0.0
0.0
0.0
0.0
0.0
0.0
0.0
0.0
0.0
0.0
0.0
0.0
0.0
0.0
0.0
0.0
0.0
1.0
0.0
0.0
0.0
0.0
0.0
0.0
0.0
0.0
0.0
0.0
-1.0
0.0
0.0
0.0
0.0
0.0
0.0
0.0
0.0
0.0
0.0
0.0
0.0
0.0
0.0
0.0
0.0
0.0
0.0
0.0
0.0
0.0
0.0
0.0
0.0
0.0
0.0
0.0
0.0
0.0
0.0
1.0
0.0
0.0
0.0
0.0
0.0
0.0
0.0
0.0
0.0
0.0
0.0
0.0
0.0
0.0
0.0
0.0
0.0
0.0
0.0
0.0
0.0
0.0
0.0
0.0
0.0
0.0
0.0
0.0
0.0
0.0
0.0
0.0
0.0
0.0
0.0
0.0
0.0
0.0
-1.0
0.0
0.0
0.0
0.0
0.0
0.0
0.0
0.0
0.0
0.0
0.0
0.0
0.0
0.0
0.0
0.0
0.0
0.0
-1.0
0.0
0.0
0.0
0.0
0.0
0.0
0.0
0.0
0.0
0.0
0.0
0.0
0.0
0.0
0.0
0.0
0.0
0.0
0.0
0.0
0.0
0.0
0.0
0.0
0.0
0.0
0.0
0.0
0.0
0.0
0.0
0.0
0.0
0.0
0.0
0.0
0.0
0.0
0.0
0.0
0.0
0.0
0.0
0.0
0.0
0.0
0.0
0.0
0.0
0.0
0.0
0.0
0.0
0.0
0.0
0.0
0.0
0.0
0.0
0.0
0.0
0.0
0.0
0.0
0.0
0.0
0.0
0.0
1.0
0.0
0.0
-2.0
0.0
0.0
0.0
0.0
0.0
0.0
0.0
0.0
0.0
0.0
0.0
0.0
0.0
0.0
1.0
0.0
0.0
0.0
-1.0
0.0
0.0
0.0
0.0
0.0
0.0
0.0
0.0
0.0
0.0
0.0
-1.0
0.0
0.0
0.0
0.0
0.0
0.0
1.0
0.0
0.0
0.0
0.0
0.0
0.0
0.0
0.0
0.0
0.0
0.0
0.0
0.0
0.0
0.0
0.0
0.0
1.0
0.0
1.0
0.0
0.0
0.0
0.0
0.0
1.0
0.0
0.0
0.0
0.0
0.0
0.0
0.0
0.0
-1.0
0.0
0.0
0.0
0.0
0.0
0.0
0.0
0.0
0.0
0.0
0.0
0.0
0.0
0.0
1.0
0.0
0.0
0.0
0.0
0.0
0.0
0.0
0.0
0.0
0.0
0.0
0.0
0.0
0.0
0.0
0.0
0.0
0.0
0.0
0.0
0.0
0.0
0.0
0.0
0.0
0.0
0.0
0.0
0.0
0.0
0.0
0.0
0.0
0.0
0.0
0.0
0.0
0.0
0.0
0.0
0.0
0.0
0.0
0.0
0.0
0.0
0.0
0.0
-1.0
0.0
0.0
0.0
0.0
0.0
0.0
0.0
0.0
0.0
0.0
0.0
0.0
0.0
0.0
0.0
0.0
0.0
0.0
0.0
0.0
0.0
0.0
0.0
1.0
0.0
0.0
0.0
0.0
0.0
0.0
1.0
0.0
0.0
0.0
0.0
0.0
0.0
0.0
0.0
0.0
0.0
0.0
0.0
0.0
0.0
0.0
0.0
0.0
0.0
0.0
0.0
0.0
0.0
0.0
0.0
1.0
0.0
0.0
0.0
0.0
0.0
0.0
0.0
0.0
0.0
0.0
-1.0
0.0
0.0
0.0
0.0
0.0
0.0
0.0
0.0
0.0
-1.0
0.0
0.0
0.0
0.0
0.0
0.0
0.0
0.0
0.0
0.0
0.0
0.0
0.0
0.0
1.0
0.0
0.0
0.0
0.0
0.0
0.0
0.0
0.0
0.0
0.0
0.0
0.0
0.0
0.0
0.0
0.0
0.0
0.0
-1.0
1.0
0.0
0.0
0.0
0.0
0.0
0.0
0.0
0.0
0.0
0.0
0.0
0.0
0.0
0.0
0.0
0.0
0.0
1.0
0.0
0.0
0.0
-1.0
0.0
0.0
0.0
0.0
0.0
0.0
0.0
0.0
1.0
0.0
0.0
0.0
0.0
0.0
0.0
0.0
0.0
0.0
0.0
0.0
0.0
0.0
0.0
0.0
0.0
0.0
0.0
0.0
0.0
0.0
0.0
0.0
0.0
-1.0
0.0
0.0
0.0
0.0
0.0
0.0
0.0
0.0
0.0
0.0
0.0
0.0
0.0
0.0
0.0
0.0
0.0
0.0
0.0
0.0
0.0
0.0
-1.0
0.0
0.0
0.0
0.0
0.0
0.0
0.0
0.0
0.0
0.0
0.0
0.0
0.0
0.0
0.0
0.0
0.0
0.0
0.0
0.0
0.0
0.0
0.0
-1.0
0.0
0.0
0.0
0.0
0.0
0.0
0.0
0.0
0.0
0.0
0.0
0.0
0.0
0.0
0.0
0.0
0.0
0.0
0.0
0.0
0.0
0.0
0.0
0.0
0.0
-1.0
-1.0
0.0
0.0
0.0
0.0
0.0
0.0
0.0
0.0
0.0
0.0
0.0
0.0
0.0
0.0
0.0
0.0
0.0
0.0
0.0
0.0
0.0
0.0
0.0
0.0
-1.0
0.0
0.0
0.0
0.0
0.0
0.0
0.0
0.0
0.0
0.0
0.0
0.0
0.0
0.0
0.0
0.0
0.0
0.0
0.0
0.0
0.0
0.0
0.0
0.0
0.0
0.0
0.0
0.0
0.0
0.0
0.0
0.0
0.0
0.0
0.0
0.0
0.0
0.0
0.0
0.0
0.0
0.0
0.0
0.0
0.0
0.0
0.0
0.0
0.0
0.0
0.0
0.0
0.0
0.0
0.0
0.0
0.0
0.0
0.0
0.0
0.0
0.0
0.0
0.0
0.0
0.0
0.0
0.0
0.0
0.0
0.0
0.0
0.0
0.0
0.0
0.0
0.0
0.0
0.0
0.0
0.0
0.0
0.0
0.0
0.0
0.0
0.0
0.0
0.0
0.0
0.0
0.0
0.0
0.0
0.0
0.0
0.0
0.0
0.0
0.0
0.0
0.0
0.0
0.0
0.0
0.0
0.0
0.0
0.0
0.0
0.0
0.0
0.0
0.0
0.0
0.0
0.0
0.0
0.0
0.0
0.0
0.0
0.0
0.0
0.0
0.0
0.0
0.0
0.0
0.0
0.0
0.0
0.0
0.0
0.0
0.0
0.0
0.0
0.0
0.0
0.0
0.0
0.0
0.0
0.0
0.0
0.0
0.0
0.0
0.0
0.0
0.0
0.0
0.0
0.0
0.0
0.0
0.0
0.0
0.0
0.0
0.0
0.0
0.0
0.0
0.0
0.0
0.0
80.0
29892.0
2392.0
49152.0
0.0
0.0
0.0
0.0
0.0
0.0
0.0
0.0
0.0
0.0
0.0
0.0
0.0
0.0
0.0
0.0
0.0
0.0
228.0
28672.0
0.0
0.0
0.0
0.0
