0.079355516
0.007504749
0.0052213743
0.0021514078
0.010555616
0.00078485574
0.0015766572
0.0012710496
0.0063882396
0.0009064042
0.0017051512
0.0017207789
0.006214599
0.0014464266
0.0023372031
0.008536175
0.007167886
0.0010939362
0.0045476486
0.0016374313
0.0046587787
0.010460113
0.026421161
0.0050598886
0.003741956
0.0008473664
0.0028251335
0.0019742942
0.0019465117
0.0006580981
0.0020697967
0.0017364066
0.0025698817
0.00048272102
0.0019031016
0.0014707363
0.014523304
0.0022868474
0.0021531442
0.0020298592
0.0021305708
0.0013075141
0.0015558202
0.0011390827
0.0012432671
0.0014637907
0.011680807
0.020941064
0.00431497
0.005202274
0.0030942764
0.0072946437
0.0010019066
0.00057301414
0.0007171359
0.00202465
0.0010817812
0.0013804432
0.004031936
0.003215825
0.0009914881
0.0011165094
0.0027278946
0.0023997137
0.0051988014
0.002340676
0.0034380849
0.0066556465
0.0051675458
0.01593674
0.0010730992
0.0014881004
0.0013787068
0.000790065
0.0010661536
0.0022573285
0.00140128
0.0026758024
0.001857955
0.0021757174
0.0030873308
0.00094113237
0.0010974089
0.005462735
0.008202785
0.006761567
0.007938851
0.0014551086
0.0036377716
0.0011217187
0.0017902352
0.008445881
0.0013109869
0.0048324196
0.001144292
0.0015714479
0.0017433522
0.0011095637
0.0022156548
0.0027365766
0.00095676
0.001653059
0.0014082257
0.00080221985
0.0010019066
0.001106091
0.0010088522
0.0024188142
0.0011477647
0.0007779101
0.0009723877
0.0019152564
0.0011755473
0.002630656
0.0026688569
0.0051779645
0.008435463
0.0042177313
0.0013005685
0.008213203
0.0011738108
0.00669732
0.0005973239
0.0031845695
0.0018822647
0.0024952162
0.0035266418
0.0016652138
0.002272956
0.0012224303
0.0011651288
0.008487555
0.0056415848
0.0059819208
0.00091682264
0.0015957577
0.0020715331
0.02525256
0.0015731843
0.026292669
0.0020524326
0.007534268
0.0014116985
0.0011807565
0.013504034
0.00080569263
0.0029744643
0.0011599195
0.0017485614
0.0024118687
0.0010140614
0.00078311935
0.0015037281
0.002545572
0.0009619692
0.0020628509
0.0008699397
0.0010748357
0.0009029314
0.006403867
0.0010921997
0.0068275505
0.0006633073
0.0035891524
0.002200027
0.0005591229
0.0052092196
0.0008004834
0.0020142316
0.00040805552
0.0009289775
0.001366552
0.0015158829
0.0005452316
0.0017016784
0.0010505259
0.0029102173
0.00088383094
0.0031064313
0.0032192976
0.003262708
0.0025351536
0.0027747776
0.0019274113
0.00807429
0.0006337884
0.0067251027
0.0018058628
0.0045598038
0.00080395624
0.0017520342
0.0040475638
0.00533945
0.0010661536
0.0011946477
0.0034919137
0.0031255318
0.0011217187
0.0017815531
0.009923563
0.0022156548
0.0021687718
0.010803921
0.02055558
0.003835722
0.0024222871
0.0024795886
0.0034450307
0.0021062612
0.00070498104
0.0027747776
0.002173981
0.0009081406
0.0006164243
0.0033148
0.0028008237
0.0025664088
0.0011199822
0.003066494
0.001811072
0.001392598
0.0028199241
0.0010105886
0.0019864491
0.0015349834
0.00058169616
0.0012363214
0.00096370565
0.0012519491
0.002776514
0.0015783935
0.0016808416
0.008449354
0.0030352387
0.001132137
0.0032001974
0.0042958697
0.010420175
0.025162267
0.0073154806
0.0025386263
0.0016947328
0.003712437
0.0015645023
0.0036464538
0.0008768853
0.00554261
0.0014759456
0.0035995708
0.0010105886
0.002408396
0.0012050661
0.0029779372
0.0044191545
0.0066278637
0.044771507
0.0
0.0
0.0
0.0
0.0
0.0
0.0
0.0
0.0
0.0
0.0
0.0
0.0
0.0
0.0
0.0
0.0
0.0
0.0
0.0
0.0
0.0
0.0
0.0
0.0
0.0
0.0
0.0
0.0
0.0
0.0
0.0
0.0
0.0
0.0
0.0
0.0
0.0
0.0
0.0
0.0
0.0
0.0
0.0
0.0
0.0
0.0
0.0
0.0044189016
4.4389206e-05
8.7037654e-07
0.0
8.703765e-06
0.0
0.0
0.00019061247
1.7407531e-06
1.3926025e-05
1.7407531e-06
0.0
0.0
0.0
3.4815062e-06
0.00066322694
0.0
0.0
0.0
0.0
0.0
0.0
0.0
0.0
0.0
0.0
0.0
0.0
0.0
0.0
0.0
0.0
0.001437862
2.8722427e-05
3.6555815e-05
3.046318e-05
2.785205e-05
4.7000332e-05
5.57041e-05
1.3055648e-05
2.1759413e-05
1.0444519e-05
2.6111297e-06
8.7037654e-07
1.1314895e-05
1.3055648e-05
1.740753e-05
2.785205e-05
0.0012237495
1.0444519e-05
3.829657e-05
1.8277908e-05
3.1333555e-05
1.3926025e-05
0.00019757549
0.000101834055
8.7037654e-07
3.4815062e-06
4.3518826e-06
3.4815062e-06
4.3518826e-06
0.0
1.5666777e-05
0.000114889706
0.0044180313
1.8277908e-05
5.57041e-05
0.00032639122
3.2203934e-05
3.307431e-05
7.224125e-05
5.1352217e-05
8.790803e-05
9.4000665e-05
5.1352217e-05
0.000705005
7.659314e-05
6.963012e-05
0.00018974209
0.0008486172
0.0010279147
9.5741425e-06
4.8741087e-05
2.8722427e-05
3.1333555e-05
6.7019e-05
0.00032900233
0.00016798268
2.1759413e-05
9.5741425e-06
3.4815062e-06
6.092636e-06
3.4815062e-06
1.5666777e-05
6.092636e-06
6.092636e-06
0.008821267
0.00013664912
0.00017494569
0.00045433655
0.0007433016
0.00040994736
0.001650234
0.0008625432
0.00027416862
0.00026459448
0.00020279773
0.00073720893
0.0003603359
0.00040646584
0.0005187444
0.0018077721
0.0054650945
0.00093826593
0.00079987606
0.00031507632
0.0003298727
0.00024022393
0.0006562639
0.00040646584
0.00040646584
0.00050742953
0.00027852049
0.00041603998
0.0011106005
0.0004908924
0.0014204546
0.0022612384
0.008649802
0.010729132
0.00718931
0.0040907697
0.0022899606
0.0011106005
0.0017137715
0.0014169731
0.0007876908
0.0008207651
0.0006754122
0.00087472843
0.010066776
0.0013090463
0.011957233
0.0022716827
0.013642282
0.0022159787
0.0023743873
0.0013264539
0.0028861687
0.0012568238
0.001255083
0.0015066218
0.005647003
0.0018199574
0.0006458194
0.0013995655
0.0027033896
0.0015562333
0.0027329824
0.008724655
0.05755626
0.010017164
0.014915643
0.004881072
0.02602426
0.0142541565
0.0029035762
0.009964941
0.053102545
0.0120538445
0.003941065
0.008383467
0.017503273
0.00552428
0.013542189
0.03954991
0.018308371
0.006898605
0.0067367144
0.0030663367
0.009195528
0.007474794
0.0019235322
0.0048532197
0.018124722
0.006825493
0.0023839613
0.003215171
0.008866526
0.0025327958
0.0075801094
0.011443711
0.01229581
0.0456321
0.036396537
0.026654411
0.0133890025
0.033993427
0.012214865
0.035581864
0.01638832
0.018354502
0.022342566
0.03339635
0.034165762
0.019318007
0.03645224
0.020536534
1686.0
7.3297744
12358.0
0.019420618
0.0012947079
0.0072018127
0.018854184
0.0013756271
0.003965043
0.008011005
0.012947079
0.008091925
0.0032367697
0.0037222852
0.0016993041
0.0021039003
0.0065544588
0.032448616
0.03083023
0.007039974
0.010519502
0.0045314776
0.013432594
0.0024275773
0.0026703351
0.0024275773
0.016102929
0.0025084966
0.0038032045
0.030101959
0.009791228
0.00849652
0.0019420618
0.005259751
0.018044991
0.01715488
0.0045314776
0.0021848197
0.0051788315
0.0026703351
0.007606409
0.0041268812
0.0082537625
0.004612397
0.0074445703
0.0033986082
0.0017802233
0.0038841236
0.0034795275
0.0050169933
0.0046933163
0.009710309
0.0025894158
0.0026703351
0.01699304
0.018935103
0.0013756271
0.03455252
0.0061498624
0.013351675
0.0042078006
0.0055025085
0.015779253
0.0043696393
0.009710309
0.011005017
0.025894158
0.007606409
0.022090953
0.010357663
0.022576468
0.007363651
0.02557048
0.007849166
0.005259751
0.0064735394
0.017073961
0.0030749312
0.004450558
0.011005017
0.0106813405
0.014079948
0.012380644
0.006311701
0.007282732
0.021848196
0.036899175
0.030506555
0.007849166
0.004774235
0.041430652
0.002994012
0.050008092
0.003641366
0.016750284
0.0034795275
0.0022657388
0.0025894158
0.0038032045
6.057805
0.0
0.0
0.0
1.0
575902.0
323584.0
0.0
0.0
76.0
0.0
1.0
0.0
0.0
39.0
1393483300.0
0.0
0.0
0.0
0.0
0.0
1.0
0.0
0.0
0.0
0.0
0.0
0.0
-1.0
0.0
0.0
-1.0
1.0
0.0
0.0
0.0
0.0
0.0
0.0
0.0
0.0
0.0
0.0
0.0
-1.0
0.0
0.0
0.0
0.0
0.0
0.0
0.0
0.0
0.0
0.0
0.0
0.0
-1.0
0.0
0.0
0.0
0.0
0.0
0.0
0.0
0.0
1.0
0.0
2.0
56.0
4.0
0.0
4.0
0.0
249856.0
1024.0
4096.0
7.0
1.0
0.0
2.0
6.0
0.0
0.0
0.0
0.0
0.0
0.0
0.0
0.0
0.0
0.0
0.0
-4096.0
0.0
0.0
9728.0
0.0
0.0
0.0
0.0
0.0
0.0
0.0
0.0
0.0
0.0
0.0
0.0
0.0
0.0
0.0
0.0
0.0
-512.0
0.0
0.0
0.0
0.0
0.0
0.0
0.0
0.0
-245760.0
-2560.0
26624.0
0.0
0.0
0.0
0.0
0.0
0.0
0.0
0.0
0.0
0.0
0.0
0.0
0.0
0.0
0.0
0.0
0.0
-6.082772
0.0
0.0
5.00853
0.0
0.0
0.0
0.0
0.0
0.0
0.0
0.0
0.0
0.0
0.0
0.0
0.0
0.0
0.0
0.0
0.0
-1.2198395
0.0
0.0
0.0
0.0
0.0
0.0
0.0
0.0
-6.080452
-4.294939
4.7326956
0.0
0.0
0.0
0.0
0.0
0.0
0.0
0.0
0.0
0.0
0.0
0.0
0.0
0.0
0.0
0.0
0.0
-4096.0
0.0
0.0
12288.0
0.0
0.0
0.0
0.0
0.0
0.0
0.0
0.0
0.0
0.0
0.0
0.0
0.0
0.0
20480.0
0.0
0.0
-4096.0
0.0
0.0
0.0
0.0
0.0
0.0
0.0
0.0
-245760.0
-4096.0
28672.0
0.0
0.0
0.0
0.0
0.0
0.0
0.0
0.0
0.0
-1.0
0.0
0.0
0.0
0.0
0.0
1.0
0.0
0.0
0.0
0.0
0.0
0.0
0.0
0.0
0.0
0.0
0.0
0.0
0.0
0.0
0.0
0.0
0.0
0.0
0.0
0.0
0.0
0.0
0.0
0.0
0.0
0.0
0.0
0.0
0.0
-2.0
0.0
0.0
0.0
1.0
0.0
0.0
0.0
0.0
0.0
0.0
0.0
0.0
0.0
0.0
0.0
0.0
0.0
0.0
0.0
0.0
0.0
0.0
0.0
-1.0
0.0
0.0
0.0
0.0
0.0
0.0
0.0
0.0
0.0
1.0
0.0
0.0
0.0
0.0
1.0
0.0
0.0
0.0
0.0
0.0
0.0
0.0
0.0
1.0
0.0
0.0
0.0
0.0
0.0
0.0
0.0
0.0
0.0
0.0
0.0
0.0
0.0
0.0
0.0
0.0
0.0
0.0
0.0
0.0
0.0
0.0
0.0
0.0
0.0
0.0
0.0
0.0
0.0
0.0
0.0
0.0
0.0
0.0
0.0
0.0
0.0
0.0
0.0
0.0
0.0
0.0
0.0
0.0
0.0
0.0
0.0
0.0
0.0
0.0
0.0
0.0
0.0
0.0
0.0
0.0
0.0
0.0
0.0
0.0
0.0
0.0
0.0
0.0
0.0
0.0
0.0
0.0
0.0
0.0
0.0
0.0
0.0
0.0
0.0
0.0
0.0
0.0
0.0
0.0
0.0
0.0
0.0
0.0
0.0
0.0
0.0
0.0
0.0
0.0
0.0
0.0
0.0
0.0
0.0
0.0
0.0
0.0
0.0
0.0
0.0
0.0
0.0
0.0
0.0
0.0
0.0
0.0
0.0
0.0
0.0
0.0
0.0
0.0
0.0
0.0
0.0
0.0
0.0
0.0
0.0
0.0
0.0
0.0
0.0
0.0
0.0
0.0
0.0
1.0
0.0
0.0
0.0
0.0
0.0
0.0
0.0
0.0
0.0
0.0
0.0
0.0
0.0
0.0
0.0
0.0
0.0
0.0
0.0
0.0
0.0
0.0
0.0
0.0
0.0
0.0
0.0
0.0
0.0
0.0
0.0
0.0
0.0
0.0
0.0
0.0
0.0
0.0
0.0
0.0
0.0
0.0
0.0
0.0
0.0
0.0
0.0
0.0
0.0
0.0
0.0
0.0
0.0
0.0
0.0
0.0
0.0
0.0
0.0
0.0
0.0
0.0
0.0
0.0
0.0
0.0
0.0
0.0
0.0
0.0
0.0
0.0
0.0
0.0
0.0
0.0
0.0
0.0
0.0
0.0
0.0
0.0
0.0
1.0
0.0
0.0
0.0
0.0
0.0
0.0
0.0
0.0
0.0
0.0
0.0
0.0
0.0
0.0
0.0
0.0
0.0
0.0
0.0
0.0
0.0
0.0
0.0
0.0
0.0
0.0
0.0
0.0
0.0
-1.0
0.0
0.0
0.0
0.0
0.0
0.0
0.0
0.0
0.0
0.0
0.0
0.0
0.0
0.0
0.0
0.0
0.0
0.0
0.0
0.0
0.0
0.0
0.0
0.0
0.0
1.0
0.0
0.0
0.0
0.0
0.0
0.0
0.0
0.0
0.0
0.0
0.0
0.0
0.0
0.0
0.0
0.0
0.0
0.0
0.0
0.0
0.0
0.0
0.0
-1.0
0.0
0.0
0.0
0.0
0.0
0.0
0.0
0.0
0.0
0.0
0.0
0.0
0.0
0.0
0.0
0.0
0.0
0.0
0.0
0.0
0.0
-1.0
0.0
1.0
0.0
-1.0
-2.0
-1.0
0.0
0.0
0.0
0.0
0.0
0.0
0.0
0.0
0.0
1.0
0.0
0.0
0.0
0.0
0.0
0.0
0.0
0.0
0.0
0.0
0.0
0.0
0.0
0.0
0.0
0.0
0.0
0.0
0.0
0.0
0.0
0.0
0.0
0.0
0.0
0.0
0.0
0.0
0.0
0.0
0.0
0.0
0.0
0.0
0.0
0.0
0.0
0.0
0.0
0.0
0.0
0.0
0.0
0.0
0.0
0.0
0.0
1.0
0.0
0.0
0.0
0.0
0.0
0.0
0.0
0.0
0.0
0.0
0.0
0.0
0.0
0.0
0.0
0.0
0.0
0.0
0.0
0.0
0.0
0.0
0.0
0.0
0.0
0.0
0.0
0.0
0.0
0.0
0.0
0.0
0.0
0.0
0.0
0.0
0.0
0.0
0.0
0.0
0.0
0.0
0.0
0.0
-1.0
0.0
0.0
0.0
0.0
-1.0
0.0
0.0
0.0
0.0
0.0
0.0
0.0
0.0
0.0
0.0
0.0
0.0
0.0
0.0
0.0
0.0
0.0
0.0
0.0
0.0
0.0
0.0
0.0
0.0
0.0
0.0
0.0
0.0
0.0
0.0
0.0
0.0
0.0
0.0
0.0
0.0
0.0
0.0
0.0
0.0
0.0
0.0
0.0
0.0
0.0
0.0
0.0
0.0
0.0
0.0
0.0
0.0
0.0
0.0
0.0
0.0
0.0
0.0
0.0
0.0
0.0
0.0
0.0
0.0
0.0
0.0
0.0
0.0
0.0
0.0
0.0
0.0
0.0
0.0
0.0
0.0
1.0
0.0
0.0
0.0
0.0
0.0
0.0
0.0
0.0
0.0
0.0
0.0
0.0
0.0
0.0
0.0
0.0
-1.0
0.0
0.0
0.0
0.0
0.0
0.0
0.0
0.0
0.0
0.0
0.0
0.0
0.0
0.0
0.0
0.0
0.0
-1.0
0.0
0.0
-1.0
0.0
0.0
0.0
-1.0
0.0
0.0
0.0
0.0
1.0
0.0
0.0
0.0
0.0
0.0
0.0
0.0
0.0
0.0
0.0
0.0
0.0
0.0
0.0
0.0
0.0
0.0
0.0
0.0
0.0
0.0
0.0
0.0
0.0
0.0
0.0
0.0
0.0
0.0
0.0
0.0
0.0
0.0
0.0
0.0
0.0
0.0
0.0
0.0
0.0
1.0
0.0
0.0
0.0
0.0
0.0
0.0
0.0
0.0
1.0
0.0
0.0
0.0
0.0
0.0
0.0
0.0
0.0
0.0
0.0
0.0
0.0
0.0
0.0
0.0
0.0
0.0
0.0
0.0
0.0
0.0
0.0
0.0
0.0
1.0
0.0
0.0
0.0
0.0
0.0
0.0
0.0
0.0
0.0
0.0
0.0
0.0
0.0
0.0
0.0
0.0
0.0
0.0
0.0
0.0
0.0
0.0
0.0
0.0
0.0
0.0
0.0
0.0
0.0
0.0
0.0
0.0
0.0
0.0
0.0
0.0
0.0
0.0
0.0
0.0
0.0
0.0
0.0
0.0
0.0
0.0
0.0
0.0
0.0
0.0
0.0
0.0
0.0
0.0
0.0
0.0
0.0
0.0
0.0
0.0
0.0
0.0
0.0
0.0
0.0
0.0
0.0
0.0
0.0
0.0
0.0
0.0
-1.0
0.0
0.0
0.0
0.0
-1.0
0.0
0.0
0.0
0.0
0.0
0.0
0.0
1.0
0.0
0.0
0.0
0.0
0.0
0.0
0.0
0.0
0.0
0.0
0.0
0.0
0.0
0.0
0.0
0.0
0.0
0.0
0.0
0.0
0.0
-1.0
0.0
0.0
0.0
0.0
0.0
0.0
0.0
0.0
0.0
0.0
0.0
-1.0
0.0
0.0
0.0
0.0
0.0
0.0
0.0
0.0
0.0
0.0
0.0
0.0
0.0
0.0
0.0
0.0
0.0
1.0
0.0
0.0
0.0
0.0
0.0
0.0
0.0
-1.0
0.0
0.0
0.0
0.0
0.0
0.0
0.0
0.0
0.0
0.0
0.0
0.0
0.0
0.0
0.0
0.0
0.0
0.0
0.0
0.0
0.0
0.0
0.0
0.0
0.0
0.0
0.0
0.0
0.0
0.0
0.0
0.0
0.0
0.0
0.0
0.0
0.0
0.0
0.0
0.0
0.0
0.0
0.0
0.0
-1.0
0.0
0.0
0.0
0.0
0.0
0.0
0.0
0.0
0.0
0.0
0.0
0.0
0.0
0.0
0.0
0.0
0.0
0.0
0.0
-1.0
0.0
0.0
0.0
-1.0
0.0
0.0
0.0
0.0
0.0
0.0
0.0
-1.0
0.0
0.0
0.0
0.0
0.0
0.0
0.0
0.0
0.0
-1.0
0.0
0.0
0.0
0.0
0.0
0.0
0.0
0.0
0.0
0.0
0.0
0.0
1.0
0.0
0.0
0.0
-1.0
0.0
0.0
-1.0
-1.0
0.0
0.0
0.0
0.0
0.0
0.0
0.0
0.0
0.0
0.0
0.0
0.0
0.0
0.0
0.0
0.0
0.0
0.0
0.0
0.0
0.0
0.0
0.0
0.0
0.0
0.0
0.0
0.0
0.0
0.0
0.0
0.0
0.0
0.0
0.0
1.0
0.0
0.0
0.0
-1.0
0.0
0.0
0.0
0.0
0.0
0.0
0.0
0.0
0.0
0.0
0.0
0.0
-1.0
0.0
0.0
0.0
0.0
0.0
1.0
0.0
0.0
0.0
0.0
0.0
0.0
0.0
0.0
0.0
0.0
0.0
0.0
0.0
0.0
0.0
0.0
0.0
0.0
0.0
0.0
0.0
0.0
0.0
0.0
0.0
0.0
0.0
1.0
0.0
0.0
0.0
0.0
0.0
0.0
0.0
0.0
0.0
0.0
0.0
0.0
0.0
-1.0
0.0
0.0
0.0
-1.0
0.0
1.0
0.0
0.0
1.0
1.0
0.0
0.0
0.0
0.0
0.0
0.0
0.0
0.0
0.0
0.0
0.0
1.0
0.0
0.0
0.0
0.0
0.0
0.0
0.0
1.0
0.0
0.0
0.0
1.0
0.0
0.0
0.0
0.0
0.0
-1.0
0.0
0.0
0.0
0.0
0.0
0.0
0.0
0.0
0.0
0.0
0.0
0.0
0.0
0.0
0.0
1.0
0.0
0.0
1.0
0.0
0.0
0.0
0.0
0.0
0.0
0.0
0.0
0.0
0.0
0.0
1.0
0.0
0.0
0.0
0.0
0.0
0.0
0.0
0.0
-1.0
0.0
0.0
0.0
0.0
0.0
0.0
0.0
0.0
0.0
1.0
0.0
0.0
0.0
0.0
2.0
0.0
0.0
0.0
0.0
0.0
0.0
0.0
0.0
0.0
0.0
0.0
0.0
0.0
0.0
0.0
0.0
0.0
0.0
0.0
0.0
0.0
0.0
0.0
0.0
1.0
0.0
0.0
0.0
0.0
0.0
0.0
0.0
1.0
0.0
0.0
0.0
0.0
0.0
0.0
0.0
0.0
0.0
-1.0
0.0
0.0
0.0
0.0
0.0
0.0
0.0
0.0
0.0
0.0
0.0
0.0
0.0
0.0
0.0
-1.0
0.0
-1.0
0.0
0.0
0.0
0.0
0.0
0.0
0.0
0.0
1.0
0.0
0.0
0.0
0.0
0.0
0.0
0.0
0.0
0.0
0.0
0.0
0.0
1.0
0.0
0.0
0.0
0.0
0.0
0.0
0.0
0.0
0.0
0.0
0.0
0.0
0.0
0.0
0.0
0.0
0.0
0.0
0.0
0.0
0.0
0.0
0.0
0.0
-1.0
0.0
0.0
0.0
0.0
0.0
0.0
0.0
0.0
0.0
0.0
0.0
0.0
0.0
0.0
0.0
0.0
0.0
0.0
0.0
0.0
0.0
0.0
0.0
0.0
0.0
0.0
0.0
1.0
0.0
0.0
0.0
0.0
0.0
0.0
0.0
0.0
0.0
0.0
0.0
0.0
0.0
-2.0
0.0
0.0
0.0
0.0
0.0
0.0
0.0
0.0
0.0
0.0
0.0
0.0
1.0
0.0
0.0
0.0
0.0
0.0
0.0
0.0
0.0
0.0
0.0
0.0
-1.0
0.0
0.0
0.0
1.0
0.0
0.0
0.0
0.0
0.0
0.0
0.0
0.0
0.0
0.0
0.0
0.0
0.0
0.0
0.0
1.0
0.0
0.0
0.0
0.0
0.0
0.0
0.0
0.0
0.0
0.0
0.0
0.0
0.0
0.0
1.0
0.0
0.0
0.0
0.0
0.0
0.0
0.0
0.0
0.0
0.0
0.0
0.0
0.0
0.0
0.0
0.0
0.0
0.0
0.0
0.0
0.0
0.0
0.0
0.0
0.0
0.0
0.0
0.0
0.0
0.0
0.0
0.0
0.0
0.0
0.0
0.0
0.0
0.0
0.0
0.0
0.0
0.0
0.0
0.0
0.0
0.0
0.0
0.0
0.0
0.0
0.0
0.0
0.0
0.0
0.0
0.0
0.0
0.0
0.0
0.0
0.0
0.0
0.0
0.0
0.0
0.0
0.0
0.0
0.0
0.0
0.0
0.0
0.0
0.0
0.0
0.0
0.0
0.0
0.0
0.0
0.0
0.0
0.0
0.0
0.0
0.0
0.0
0.0
0.0
0.0
0.0
0.0
0.0
0.0
0.0
0.0
0.0
0.0
0.0
0.0
0.0
0.0
0.0
0.0
0.0
0.0
0.0
0.0
0.0
0.0
0.0
0.0
0.0
0.0
0.0
0.0
0.0
0.0
0.0
0.0
0.0
0.0
0.0
0.0
0.0
0.0
0.0
0.0
0.0
0.0
0.0
0.0
0.0
2212.0
286720.0
26552.0
290816.0
0.0
0.0
0.0
0.0
0.0
0.0
0.0
0.0
0.0
0.0
0.0
0.0
0.0
0.0
0.0
0.0
0.0
0.0
0.0
0.0
0.0
0.0
0.0
0.0
