0.42097655
0.020068359
0.011982422
0.0030078124
0.018085938
0.0029003907
0.0028515626
0.002939453
0.021875
0.0008886719
0.01296875
0.0028613282
0.00546875
0.0014453125
0.0015429688
0.0010546875
0.0061914064
0.0016113281
0.0016699219
0.0007617187
0.002890625
0.0015625
0.00056640623
0.00060546875
0.0024804687
0.00071289064
0.0018457031
0.013388672
0.0022070312
0.0006347656
0.0008203125
0.00033203125
0.0023242189
0.0005273438
0.0005273438
0.010830078
0.00265625
0.0016015625
0.00040039062
0.00068359374
0.0034472656
0.000546875
0.012382813
0.0021972656
0.002939453
0.00090820313
0.00092773436
0.0012695312
0.0029882812
0.002314453
0.0031738281
0.0013574219
0.002734375
0.0016210937
0.0016015625
0.0013476562
0.0028222657
0.00109375
0.0008789062
0.0006542969
0.011699218
0.0011816407
0.00078125
0.0010546875
0.01647461
0.0017871094
0.0009765625
0.0014648438
0.0024023438
0.00078125
0.0038378907
0.00057617185
0.00234375
0.0011425781
0.0009667969
0.0011621094
0.0024902343
0.0019335938
0.0013867187
0.0007519531
0.0036425781
0.00056640623
0.0035546876
0.00078125
0.004248047
0.00068359374
0.0013476562
0.0010449219
0.003720703
0.00090820313
0.0017675781
0.0005273438
0.0038183595
0.00071289064
0.0023046874
0.0005078125
0.0040429686
0.0015527344
0.0010546875
0.0012304687
0.0033007814
0.0017871094
0.0015625
0.0007714844
0.0037792968
0.0027246093
0.0010253906
0.0012011719
0.012607422
0.0009960937
0.0010839844
0.0013964843
0.004277344
0.002578125
0.0014257813
0.0017480468
0.004765625
0.0014355469
0.00081054686
0.0009667969
0.004462891
0.0011816407
0.0010742188
0.00040039062
0.0011914063
0.000546875
0.00029296876
0.00049804687
0.0037402343
0.0003515625
0.0003125
0.00037109375
0.00095703127
0.0017578125
0.0002734375
0.00024414062
0.0011816407
0.0003515625
0.00046875
0.00056640623
0.0013183594
0.00045898437
0.0015917969
0.0013671875
0.0013183594
0.00057617185
0.00047851563
0.00048828125
0.0046484377
0.00034179687
0.00025390624
0.00037109375
0.0010449219
0.0004296875
0.0004296875
0.00034179687
0.0011035156
0.00060546875
0.00171875
0.000390625
0.0012988282
0.0007714844
0.00041015624
0.00041015624
0.0009960937
0.00060546875
0.0005078125
0.00057617185
0.00090820313
0.0010839844
0.000703125
0.0002636719
0.00095703127
0.0002734375
0.0005859375
0.00029296876
0.0012988282
0.0005078125
0.00034179687
0.00080078124
0.00140625
0.00071289064
0.0006347656
0.00048828125
0.0015429688
0.0012695312
0.0009375
0.0005078125
0.001484375
0.00041992188
0.00036132813
0.00041992188
0.0016503907
0.00061523437
0.00045898437
0.0005566406
0.0011328125
0.00048828125
0.0007617187
0.00092773436
0.0012304687
0.00033203125
0.00037109375
0.00040039062
0.0016601563
0.00033203125
0.00038085936
0.0005078125
0.0011328125
0.00040039062
0.00034179687
0.0003515625
0.0007617187
0.00045898437
0.0006445313
0.00046875
0.0012792968
0.00081054686
0.00049804687
0.0010058593
0.0020703124
0.00024414062
0.000234375
0.00044921876
0.0018164063
0.0010742188
0.00029296876
0.0002636719
0.0016308593
0.00030273438
0.00037109375
0.0009375
0.0019433594
0.00041015624
0.0004394531
0.00044921876
0.0022460937
0.0005078125
0.0004296875
0.0015332032
0.0013964843
0.0022167969
0.00032226564
0.0012890626
0.0033300782
0.010517579
0.0048828125
0.0033984375
0.0014941406
0.0004296875
0.00041015624
0.0014550781
0.0067089843
0.0042871092
0.018271483
0.05928711
0.060453165
5.9185608e-05
4.932134e-06
0.0
2.4660669e-05
9.864268e-06
4.932134e-06
1.4796402e-05
0.0
2.4660669e-05
0.0
4.932134e-06
4.932134e-06
0.0
0.0
0.0
0.019166272
3.4524935e-05
0.0
3.4524935e-05
0.00024660668
0.00015289614
0.0002614031
0.00013809974
0.0
1.4796402e-05
9.864268e-06
6.411774e-05
1.4796402e-05
1.4796402e-05
0.0
4.9321337e-05
0.018737176
0.00018248895
0.000103574814
6.904987e-05
0.00023674243
0.00012330334
0.00019728535
0.00015782828
8.877841e-05
4.9321337e-05
1.9728535e-05
0.000103574814
3.945707e-05
2.4660669e-05
9.864268e-06
5.9185608e-05
0.0
0.0
0.0
0.0
0.0
0.0
0.0
0.0
0.0
0.0
0.0
0.0
0.0
0.0
0.0
0.0
0.039580375
2.4660669e-05
0.00013809974
0.0026978771
0.00014303188
0.00021208175
0.0042268387
0.0034327651
0.0
9.864268e-06
0.0
0.0
0.0
0.0
0.0
3.945707e-05
0.0078075677
5.4253473e-05
3.4524935e-05
0.00055239897
6.411774e-05
2.9592804e-05
0.0007792771
0.0005869239
1.4796402e-05
2.4660669e-05
4.9321337e-05
3.4524935e-05
9.864268e-06
4.932134e-06
9.864268e-06
4.4389206e-05
0.015388258
0.00025153882
0.0003353851
0.00055733114
0.0003945707
0.00016276042
0.0006411774
0.0005277383
0.00021701389
0.00020221749
0.00025153882
0.0003057923
0.00024660668
0.00021701389
0.00025647096
0.00024660668
0.020927044
0.0006411774
0.00056226325
0.000922309
0.0018100931
0.0007694129
0.0015190972
0.00117878
0.00021208175
0.00017262468
0.00016276042
0.0002909959
0.00025153882
0.00023181029
0.00014303188
0.0005080098
0.006747159
0.00022687815
0.0003057923
0.00014796402
0.00032552084
0.0003501815
0.0004241635
0.00012823548
0.00023674243
6.904987e-05
1.9728535e-05
1.9728535e-05
0.00014796402
1.9728535e-05
8.384627e-05
0.000848327
0.051180754
0.0041923136
0.0033291904
0.0033094618
0.0038717252
0.002397017
0.0037681502
0.002979009
0.001030816
0.0007694129
0.00040443498
0.0003945707
0.00046855272
0.00047841697
0.0007299558
0.011605311
0.1588591
0.017464686
0.019077493
0.015195904
0.011871646
0.011807528
0.013785314
0.0076793325
0.005277383
0.004902541
0.0022095959
0.0025252525
0.0033489189
0.0021849354
0.004004893
0.05313881
0.09033696
0.01104798
0.016044231
0.009814946
0.013765586
0.008606574
0.008581913
0.005785393
0.0031812263
0.004379735
0.00309738
0.0036596432
0.0031220408
0.0022539853
0.003575797
0.03496883
0.02158795
0.002244121
0.001953125
0.0017657039
0.0039210464
0.0024808634
0.0021504103
0.0017015862
0.0021947995
0.0017015862
0.0017903646
0.0025992345
0.0015634864
0.0016226721
0.0021208175
0.009208294
0.011925899
0.0010110874
0.0011393229
0.0011097301
0.0021652067
0.0017657039
0.0020024464
0.0017213147
0.0012626263
0.0008384627
0.0011886442
0.001731179
0.0013859296
0.002170139
0.0024512706
0.0065350775
0.005563447
0.0005721275
0.000848327
0.0009025805
0.0011393229
0.00073488796
0.0011689158
0.0009075126
0.000700363
0.0008285985
0.00088285195
0.00080886995
0.0006707702
0.0014056582
0.0008384627
0.0022293245
0.0016670612
0.00049321336
0.00055239897
0.0005080098
0.0007151594
0.0006658381
0.00063624524
0.0006510417
0.00047348486
0.0005080098
0.00054746686
0.00053267047
0.0004833491
0.0005080098
0.00053267047
0.000626381
167.0
10.7365265
1793.0
0.010596765
0.0016731735
0.002230898
0.0005577245
0.0016731735
0.0039040714
0.001115449
0.001115449
0.002230898
0.002230898
0.0016731735
0.0005577245
0.004461796
0.010596765
0.010596765
0.001115449
0.010039041
0.0027886224
0.003346347
0.006134969
0.0050195204
0.0050195204
0.0072504184
0.0027886224
0.0072504184
0.003346347
0.0039040714
0.0039040714
0.007808143
0.0050195204
0.004461796
0.0016731735
0.0005577245
0.014500837
0.022866704
0.014500837
0.01115449
0.006134969
0.037925266
0.009481316
0.010596765
0.0050195204
0.005577245
0.006134969
0.013385388
0.012269938
0.01115449
0.008365868
0.010596765
0.005577245
0.008923592
0.01115449
0.008365868
0.005577245
0.016731735
0.01728946
0.008365868
0.006134969
0.005577245
0.0027886224
0.010039041
0.01115449
0.012827663
0.005577245
0.0016731735
0.040713888
0.008365868
0.018962633
0.0273285
0.041829336
0.007808143
0.014500837
0.02230898
0.032348022
0.0039040714
0.012827663
0.031232571
0.008365868
0.016731735
0.037925266
0.010596765
0.004461796
0.026770776
0.031232571
0.02621305
0.017847184
0.009481316
0.005577245
0.029001674
0.014500837
0.010596765
0.0016731735
0.0039040714
0.003346347
0.003346347
0.002230898
6.058955
2.0
0.0
0.0
1.0
102400.0
106496.0
0.0
0.0
7.0
0.0
1.0
0.0
0.0
0.0
1333603600.0
0.0
0.0
0.0
0.0
0.0
1.0
0.0
0.0
0.0
0.0
0.0
0.0
-1.0
0.0
-1.0
-1.0
0.0
0.0
0.0
0.0
0.0
0.0
0.0
0.0
0.0
0.0
0.0
0.0
-1.0
0.0
0.0
0.0
0.0
0.0
0.0
0.0
0.0
0.0
0.0
0.0
0.0
-1.0
0.0
0.0
0.0
0.0
0.0
0.0
0.0
0.0
1.0
0.0
6.0
0.0
4.0
0.0
4.0
0.0
81920.0
4096.0
4096.0
3.0
1.0
0.0
1.0
1.0
0.0
0.0
0.0
0.0
0.0
0.0
0.0
0.0
0.0
0.0
0.0
0.0
0.0
0.0
0.0
0.0
0.0
0.0
0.0
0.0
0.0
0.0
0.0
0.0
0.0
0.0
0.0
0.0
0.0
0.0
0.0
0.0
0.0
0.0
0.0
0.0
0.0
0.0
0.0
0.0
0.0
-81920.0
0.0
16384.0
0.0
0.0
0.0
0.0
0.0
0.0
0.0
0.0
0.0
0.0
0.0
0.0
0.0
0.0
0.0
0.0
0.0
0.0
0.0
0.0
0.0
0.0
0.0
0.0
0.0
0.0
0.0
0.0
0.0
0.0
0.0
0.0
0.0
0.0
0.0
0.0
0.0
0.0
0.0
0.0
0.0
0.0
0.0
0.0
0.0
0.0
0.0
-5.173023
0.0
4.652547
0.0
0.0
0.0
0.0
0.0
0.0
0.0
0.0
0.0
0.0
0.0
0.0
0.0
0.0
0.0
0.0
0.0
0.0
0.0
0.0
0.0
0.0
0.0
0.0
0.0
0.0
0.0
0.0
0.0
0.0
0.0
0.0
0.0
0.0
0.0
0.0
0.0
0.0
-3976.0
0.0
0.0
0.0
0.0
0.0
0.0
0.0
0.0
-77964.0
0.0
16148.0
0.0
0.0
0.0
0.0
0.0
0.0
0.0
0.0
0.0
-1.0
0.0
0.0
0.0
0.0
0.0
1.0
0.0
0.0
0.0
0.0
0.0
0.0
0.0
0.0
0.0
0.0
0.0
0.0
0.0
0.0
0.0
0.0
0.0
0.0
0.0
0.0
0.0
0.0
0.0
0.0
0.0
0.0
0.0
0.0
0.0
-2.0
0.0
0.0
0.0
1.0
0.0
0.0
0.0
0.0
0.0
0.0
0.0
0.0
0.0
0.0
0.0
0.0
0.0
0.0
0.0
0.0
0.0
0.0
0.0
-1.0
0.0
0.0
0.0
0.0
0.0
0.0
0.0
0.0
0.0
1.0
0.0
0.0
0.0
0.0
1.0
0.0
0.0
0.0
0.0
0.0
0.0
0.0
0.0
0.0
0.0
0.0
0.0
0.0
0.0
0.0
0.0
0.0
0.0
0.0
0.0
0.0
0.0
0.0
0.0
0.0
0.0
0.0
0.0
0.0
0.0
0.0
0.0
-1.0
0.0
0.0
0.0
0.0
0.0
0.0
0.0
0.0
0.0
0.0
0.0
0.0
0.0
0.0
0.0
0.0
0.0
0.0
0.0
0.0
0.0
0.0
0.0
0.0
0.0
0.0
0.0
0.0
0.0
0.0
0.0
0.0
0.0
0.0
0.0
0.0
0.0
0.0
0.0
0.0
0.0
0.0
0.0
0.0
0.0
0.0
0.0
0.0
0.0
0.0
0.0
0.0
0.0
0.0
0.0
0.0
0.0
0.0
0.0
0.0
0.0
0.0
0.0
0.0
0.0
0.0
0.0
0.0
0.0
0.0
0.0
0.0
0.0
0.0
0.0
0.0
0.0
0.0
0.0
0.0
0.0
0.0
0.0
0.0
0.0
0.0
0.0
0.0
0.0
0.0
0.0
0.0
0.0
0.0
0.0
0.0
0.0
0.0
0.0
0.0
0.0
0.0
0.0
0.0
0.0
0.0
0.0
0.0
0.0
0.0
0.0
0.0
0.0
0.0
0.0
0.0
0.0
0.0
0.0
0.0
0.0
0.0
0.0
0.0
0.0
0.0
0.0
0.0
0.0
0.0
0.0
0.0
0.0
0.0
0.0
0.0
0.0
0.0
0.0
0.0
0.0
0.0
0.0
0.0
0.0
0.0
0.0
0.0
0.0
0.0
0.0
0.0
0.0
0.0
0.0
0.0
0.0
0.0
0.0
0.0
0.0
0.0
0.0
0.0
0.0
0.0
0.0
0.0
0.0
0.0
0.0
0.0
0.0
0.0
0.0
0.0
0.0
0.0
0.0
0.0
0.0
0.0
0.0
0.0
0.0
0.0
0.0
0.0
0.0
0.0
0.0
0.0
0.0
0.0
0.0
0.0
0.0
0.0
0.0
0.0
0.0
0.0
0.0
0.0
0.0
0.0
0.0
0.0
0.0
0.0
0.0
0.0
0.0
0.0
0.0
0.0
0.0
0.0
0.0
0.0
0.0
0.0
0.0
0.0
0.0
0.0
0.0
0.0
0.0
0.0
0.0
0.0
0.0
0.0
0.0
0.0
0.0
0.0
0.0
0.0
0.0
0.0
0.0
0.0
0.0
0.0
0.0
0.0
0.0
0.0
0.0
0.0
0.0
0.0
0.0
0.0
0.0
0.0
0.0
0.0
0.0
0.0
0.0
0.0
0.0
0.0
0.0
1.0
0.0
0.0
0.0
0.0
0.0
0.0
0.0
0.0
0.0
0.0
-1.0
0.0
0.0
0.0
0.0
0.0
0.0
0.0
0.0
0.0
0.0
0.0
0.0
0.0
0.0
0.0
-1.0
0.0
0.0
0.0
0.0
0.0
0.0
0.0
0.0
0.0
0.0
0.0
0.0
0.0
0.0
0.0
0.0
0.0
0.0
0.0
0.0
0.0
0.0
0.0
0.0
0.0
0.0
0.0
0.0
0.0
0.0
0.0
0.0
0.0
0.0
0.0
0.0
0.0
0.0
0.0
0.0
0.0
0.0
0.0
0.0
0.0
0.0
0.0
0.0
0.0
0.0
1.0
0.0
0.0
0.0
0.0
0.0
0.0
0.0
0.0
0.0
0.0
0.0
0.0
0.0
0.0
0.0
0.0
0.0
0.0
0.0
0.0
0.0
0.0
1.0
0.0
0.0
0.0
0.0
0.0
0.0
0.0
0.0
0.0
0.0
0.0
0.0
0.0
1.0
0.0
0.0
0.0
0.0
0.0
0.0
0.0
0.0
0.0
0.0
0.0
0.0
0.0
0.0
0.0
0.0
0.0
0.0
0.0
0.0
0.0
0.0
0.0
0.0
0.0
0.0
0.0
0.0
0.0
0.0
0.0
0.0
0.0
0.0
0.0
0.0
0.0
0.0
0.0
1.0
0.0
0.0
0.0
0.0
0.0
0.0
0.0
0.0
0.0
0.0
0.0
0.0
0.0
0.0
0.0
0.0
0.0
0.0
0.0
0.0
0.0
0.0
0.0
0.0
0.0
0.0
0.0
0.0
0.0
0.0
0.0
0.0
0.0
0.0
0.0
0.0
0.0
0.0
0.0
0.0
0.0
0.0
0.0
0.0
0.0
-1.0
0.0
0.0
0.0
0.0
0.0
0.0
0.0
0.0
0.0
0.0
0.0
0.0
0.0
0.0
0.0
0.0
0.0
0.0
0.0
0.0
-1.0
0.0
0.0
0.0
0.0
0.0
0.0
0.0
0.0
0.0
0.0
0.0
0.0
0.0
0.0
0.0
0.0
0.0
0.0
0.0
-1.0
0.0
-1.0
0.0
0.0
0.0
0.0
0.0
0.0
0.0
0.0
0.0
0.0
0.0
0.0
0.0
0.0
0.0
0.0
0.0
0.0
0.0
0.0
0.0
0.0
0.0
0.0
0.0
0.0
0.0
0.0
0.0
0.0
0.0
0.0
0.0
0.0
0.0
0.0
0.0
0.0
1.0
0.0
0.0
0.0
0.0
0.0
0.0
0.0
1.0
0.0
0.0
0.0
0.0
0.0
0.0
0.0
0.0
0.0
0.0
0.0
0.0
0.0
0.0
0.0
0.0
0.0
0.0
0.0
0.0
0.0
0.0
0.0
0.0
0.0
0.0
0.0
0.0
0.0
0.0
0.0
0.0
0.0
0.0
0.0
0.0
0.0
0.0
0.0
0.0
0.0
0.0
0.0
0.0
0.0
0.0
0.0
0.0
0.0
0.0
1.0
0.0
0.0
0.0
0.0
0.0
0.0
0.0
0.0
0.0
0.0
0.0
0.0
0.0
0.0
0.0
0.0
0.0
0.0
0.0
0.0
0.0
0.0
0.0
0.0
0.0
0.0
0.0
0.0
0.0
0.0
0.0
0.0
0.0
0.0
0.0
0.0
0.0
0.0
0.0
0.0
0.0
0.0
0.0
0.0
0.0
1.0
0.0
0.0
0.0
0.0
0.0
0.0
0.0
0.0
0.0
0.0
0.0
0.0
0.0
0.0
0.0
0.0
0.0
0.0
0.0
0.0
0.0
0.0
0.0
0.0
0.0
0.0
-1.0
0.0
0.0
0.0
0.0
0.0
0.0
0.0
0.0
0.0
0.0
0.0
0.0
0.0
0.0
0.0
0.0
0.0
0.0
0.0
0.0
0.0
0.0
0.0
0.0
0.0
0.0
0.0
0.0
0.0
0.0
0.0
0.0
0.0
0.0
0.0
0.0
0.0
0.0
0.0
0.0
0.0
0.0
0.0
1.0
0.0
0.0
0.0
0.0
0.0
0.0
0.0
0.0
0.0
0.0
0.0
0.0
0.0
0.0
0.0
-1.0
0.0
0.0
0.0
0.0
0.0
0.0
0.0
0.0
0.0
0.0
0.0
0.0
0.0
0.0
0.0
0.0
0.0
0.0
0.0
0.0
0.0
0.0
0.0
0.0
0.0
0.0
0.0
0.0
0.0
0.0
0.0
0.0
0.0
0.0
0.0
0.0
0.0
0.0
-1.0
0.0
0.0
0.0
0.0
0.0
0.0
0.0
0.0
0.0
0.0
0.0
0.0
0.0
0.0
0.0
0.0
0.0
0.0
0.0
0.0
0.0
0.0
0.0
0.0
0.0
0.0
0.0
0.0
0.0
0.0
0.0
0.0
0.0
0.0
0.0
0.0
0.0
0.0
0.0
0.0
0.0
1.0
0.0
0.0
0.0
0.0
0.0
0.0
0.0
0.0
0.0
0.0
0.0
0.0
0.0
0.0
0.0
0.0
0.0
0.0
0.0
0.0
0.0
0.0
0.0
0.0
0.0
0.0
0.0
-1.0
0.0
0.0
0.0
0.0
0.0
0.0
0.0
0.0
0.0
0.0
0.0
0.0
0.0
0.0
0.0
0.0
0.0
0.0
0.0
0.0
0.0
0.0
0.0
0.0
0.0
0.0
0.0
0.0
0.0
0.0
0.0
0.0
0.0
1.0
0.0
0.0
0.0
0.0
0.0
0.0
0.0
0.0
0.0
0.0
0.0
0.0
0.0
0.0
0.0
0.0
0.0
0.0
0.0
0.0
-1.0
0.0
0.0
0.0
0.0
0.0
1.0
0.0
0.0
0.0
0.0
0.0
0.0
0.0
0.0
0.0
0.0
0.0
0.0
0.0
0.0
0.0
0.0
0.0
0.0
0.0
0.0
0.0
0.0
0.0
0.0
0.0
0.0
0.0
0.0
0.0
0.0
0.0
0.0
0.0
0.0
0.0
0.0
0.0
0.0
0.0
0.0
0.0
0.0
0.0
0.0
0.0
0.0
0.0
0.0
0.0
0.0
0.0
0.0
0.0
-1.0
0.0
0.0
0.0
0.0
0.0
0.0
0.0
0.0
0.0
0.0
0.0
0.0
1.0
0.0
0.0
0.0
0.0
0.0
0.0
0.0
0.0
0.0
0.0
0.0
0.0
0.0
0.0
0.0
0.0
0.0
0.0
0.0
0.0
0.0
0.0
0.0
0.0
0.0
0.0
0.0
0.0
0.0
0.0
0.0
0.0
0.0
0.0
0.0
0.0
0.0
0.0
0.0
0.0
0.0
0.0
0.0
0.0
1.0
0.0
0.0
0.0
0.0
0.0
0.0
0.0
0.0
0.0
0.0
0.0
0.0
0.0
0.0
0.0
0.0
0.0
0.0
0.0
0.0
0.0
0.0
0.0
0.0
0.0
0.0
0.0
-1.0
0.0
0.0
0.0
0.0
0.0
0.0
0.0
0.0
0.0
0.0
0.0
0.0
0.0
0.0
0.0
0.0
0.0
1.0
0.0
0.0
0.0
0.0
0.0
0.0
0.0
0.0
1.0
0.0
0.0
0.0
0.0
0.0
0.0
0.0
0.0
0.0
0.0
0.0
1.0
0.0
0.0
0.0
0.0
0.0
0.0
0.0
0.0
0.0
0.0
0.0
0.0
0.0
0.0
0.0
0.0
0.0
0.0
0.0
0.0
0.0
0.0
0.0
0.0
0.0
0.0
0.0
-1.0
0.0
0.0
0.0
0.0
0.0
0.0
0.0
0.0
0.0
0.0
0.0
0.0
0.0
0.0
0.0
0.0
0.0
0.0
0.0
0.0
0.0
0.0
0.0
0.0
0.0
0.0
0.0
0.0
0.0
0.0
0.0
0.0
0.0
0.0
0.0
0.0
0.0
0.0
0.0
0.0
0.0
0.0
0.0
0.0
0.0
0.0
0.0
0.0
0.0
0.0
0.0
0.0
0.0
0.0
0.0
0.0
0.0
0.0
0.0
0.0
0.0
0.0
0.0
0.0
0.0
0.0
0.0
0.0
0.0
0.0
0.0
0.0
0.0
0.0
0.0
0.0
0.0
0.0
0.0
0.0
0.0
0.0
0.0
0.0
0.0
0.0
0.0
0.0
0.0
0.0
0.0
0.0
0.0
0.0
0.0
0.0
0.0
0.0
0.0
1.0
0.0
0.0
0.0
0.0
0.0
0.0
0.0
0.0
0.0
0.0
0.0
0.0
-1.0
0.0
0.0
0.0
0.0
0.0
0.0
0.0
0.0
0.0
0.0
0.0
0.0
0.0
0.0
0.0
0.0
0.0
0.0
0.0
0.0
0.0
0.0
0.0
0.0
-1.0
0.0
0.0
0.0
0.0
0.0
0.0
0.0
0.0
0.0
0.0
0.0
0.0
0.0
0.0
0.0
0.0
0.0
0.0
0.0
0.0
0.0
0.0
0.0
0.0
0.0
0.0
0.0
0.0
0.0
0.0
0.0
0.0
0.0
0.0
0.0
0.0
0.0
0.0
0.0
0.0
0.0
0.0
0.0
0.0
0.0
0.0
0.0
0.0
0.0
0.0
0.0
0.0
0.0
0.0
0.0
0.0
0.0
0.0
0.0
0.0
0.0
0.0
0.0
0.0
0.0
0.0
0.0
0.0
0.0
0.0
0.0
0.0
0.0
0.0
0.0
0.0
0.0
0.0
0.0
0.0
0.0
0.0
0.0
0.0
0.0
0.0
0.0
0.0
0.0
0.0
0.0
0.0
0.0
0.0
0.0
0.0
0.0
0.0
0.0
0.0
0.0
0.0
0.0
0.0
0.0
0.0
0.0
0.0
0.0
0.0
0.0
0.0
0.0
0.0
0.0
0.0
0.0
0.0
0.0
0.0
0.0
0.0
0.0
0.0
0.0
0.0
0.0
0.0
0.0
0.0
0.0
0.0
0.0
0.0
0.0
0.0
0.0
0.0
0.0
0.0
40.0
81716.0
16148.0
90112.0
0.0
0.0
0.0
0.0
0.0
0.0
0.0
0.0
0.0
0.0
0.0
0.0
0.0
0.0
0.0
0.0
32.0
544.0
144.0
4096.0
0.0
0.0
0.0
0.0
