0.20004436
0.008872164
0.004244872
0.0042372234
0.009093968
0.0030287732
0.0021874474
0.0026310557
0.009973536
0.0017667845
0.0024245484
0.0017361908
0.0046961284
0.0015296835
0.001338473
0.0048261513
0.0075872303
0.0013537699
0.0012696373
0.0009866458
0.0030287732
0.0017820813
0.0011472626
0.00094075536
0.0025239778
0.0007801386
0.00094075536
0.000787787
0.0019350497
0.0008719196
0.00085662276
0.00083367754
0.0072659967
0.00081073225
0.0009101617
0.0006730608
0.0065241
0.0024092516
0.000604225
0.0008260291
0.0017820813
0.0010784268
0.0009101617
0.00120845
0.0013767151
0.0011166689
0.001392012
0.00055833446
0.0032123353
0.0016979487
0.0009789974
0.007487801
0.0010554816
0.0006730608
0.0004818503
0.00054303766
0.0012619889
0.0009789974
0.00198094
0.0028605082
0.0042219264
0.0013843636
0.000604225
0.00068070914
0.018088508
0.016704144
0.0013614183
0.0038700993
0.003021125
0.015832225
0.002692243
0.0013155278
0.0017897297
0.0011090206
0.0011166689
0.0013231762
0.0016673551
0.002676946
0.0010784268
0.0011243174
0.0059275236
0.0023939547
0.0017438392
0.007564285
0.0023021738
0.0096752485
0.0049179327
0.0033500069
0.0016138161
0.0057898522
0.0031664448
0.0055756965
0.0012390437
0.0038930445
0.004359598
0.0027534303
0.00061952183
0.0042754654
0.00068835757
0.0016979487
0.00792376
0.0064935065
0.004910284
0.0010554816
0.00526976
0.0032276323
0.0024704388
0.0008642712
0.0035565142
0.0014608478
0.0035412174
0.00435195
0.0024245484
0.0005506861
0.00526976
0.0034953267
0.011870344
0.0076407692
0.0012925826
0.0014684962
0.0020956665
0.0014914414
0.0005659829
0.000971349
0.0019121044
0.0018279718
0.0013461215
0.0013461215
0.0040919036
0.002676946
0.00064246706
0.008436205
0.003663592
0.0059275236
0.00045125664
0.0006118734
0.001996237
0.013927768
0.00212626
0.055221576
0.00064246706
0.00962171
0.0005200924
0.00055833446
0.003151148
0.0004742019
0.000879568
0.00051244395
0.001300231
0.0008719196
0.00045125664
0.00038242087
0.0012160984
0.00055833446
0.00045125664
0.0010707785
0.0011855047
0.00058127975
0.00040536613
0.0004359598
0.0009484038
0.0019274012
0.0005277408
0.00091781013
0.00061952183
0.00066541234
0.0005659829
0.00045890507
0.0004818503
0.0004436082
0.00059657654
0.0005047956
0.00071130286
0.00051244395
0.0006577639
0.00046655347
0.0018815107
0.0008030838
0.0013155278
0.00064246706
0.0007571933
0.0005659829
0.00053538923
0.0009560522
0.0023480642
0.0016979487
0.0018203234
0.0006118734
0.0010325364
0.0003594756
0.0005889282
0.000787787
0.013499457
0.0018662139
0.0024169
0.014914414
0.0034953267
0.0012008016
0.0049944166
0.0031434996
0.0015908709
0.0019274012
0.0009866458
0.0009560522
0.0010860753
0.0005659829
0.0010019427
0.00071130286
0.0022409863
0.0010860753
0.0025851652
0.0021033147
0.0014684962
0.0012543405
0.002654001
0.00318939
0.0052468143
0.0016138161
0.0017514876
0.0029599376
0.0011013722
0.00091781013
0.00083367754
0.0011625595
0.0016750034
0.0012313952
0.0014990899
0.0012008016
0.0014455509
0.0015220351
0.00084897433
0.00081073225
0.025798112
0.0047114254
0.00106313
0.008084377
0.0043672463
0.00084897433
0.00091781013
0.0007571933
0.0057363133
0.0008642712
0.0020115338
0.0013155278
0.0038548023
0.00079543545
0.0021492054
0.0016597066
0.007526043
0.0017208939
0.001537332
0.0018738623
0.010088263
0.001575574
0.007694308
0.06471326
0.04761905
0.0
0.0
0.0
0.0
0.0
0.0
0.0
0.0
0.0
0.0
0.0
0.0
0.0
0.0
0.0
0.007510231
1.937624e-05
5.812872e-05
2.7126736e-05
3.4877234e-05
1.1625744e-05
7.7504965e-06
3.8752482e-06
0.0001046317
3.8752482e-06
5.812872e-05
1.937624e-05
1.5500993e-05
1.1625744e-05
1.1625744e-05
3.875248e-05
0.0
0.0
0.0
0.0
0.0
0.0
0.0
0.0
0.0
0.0
0.0
0.0
0.0
0.0
0.0
0.0
0.0066925534
3.8752482e-06
0.0
0.0
0.00019763765
0.00010075645
0.0005812872
0.00034877233
0.0
0.0
0.0
0.0
0.0
3.8752482e-06
0.0
7.7504965e-06
0.0
0.0
0.0
0.0
0.0
0.0
0.0
0.0
0.0
0.0
0.0
0.0
0.0
0.0
0.0
0.0
0.0
0.0
0.0
0.0
0.0
0.0
0.0
0.0
0.0
0.0
0.0
0.0
0.0
0.0
0.0
0.0
0.0055997334
6.975447e-05
0.00044952877
3.4877234e-05
0.00012400794
3.875248e-05
0.00085255457
0.00050378224
0.0001046317
3.8752482e-06
5.812872e-05
1.937624e-05
1.5500993e-05
1.1625744e-05
1.1625744e-05
3.875248e-05
0.021852523
0.00031389509
0.0018484934
0.00016663567
0.0020383804
0.0005657862
0.007897755
0.004208519
0.00012013269
0.00017826141
0.000108506945
3.875248e-05
9.68812e-05
8.525546e-05
7.750496e-05
8.525546e-05
0.0
0.0
0.0
0.0
0.0
0.0
0.0
0.0
0.0
0.0
0.0
0.0
0.0
0.0
0.0
0.0
0.006452288
0.00012400794
0.00011625744
0.00017826141
0.0019104973
0.00044952877
0.0035729788
0.0014454675
0.00011625744
0.00021701389
0.00015113468
7.750496e-05
8.525546e-05
0.00013175844
0.0006510417
0.0001937624
0.015295604
0.00051153277
0.00062779017
0.0015539745
0.0037667411
0.00055803574
0.0031660777
0.0020538815
0.0007207961
0.00084480405
0.00018213666
0.00017051092
0.0004921565
0.00025189112
0.000984313
0.0005657862
0.018023778
0.0009920635
0.0024026537
0.0023328993
0.0051928326
0.0013485863
0.0060725138
0.0033365886
0.0013989646
0.0010385665
0.00044177828
0.000437903
0.00069754466
0.00055803574
0.00081380206
0.0025305368
0.0039140005
0.0004960318
0.0008874318
0.00047278026
0.0016896081
0.0006355407
0.0025072854
0.0012168279
0.0006045387
0.0002673921
7.3629715e-05
0.00013175844
0.00043402778
0.0004921565
0.00043402778
0.0016159784
0.034199063
0.0051657055
0.004623171
0.0051889573
0.015931144
0.014136905
0.0066189235
0.0077582467
0.025987413
0.0023600261
0.0014803448
0.0025382875
0.010986328
0.0055106026
0.012726314
0.027328249
0.09126209
0.018000526
0.016202413
0.018039279
0.042232454
0.046421595
0.019201854
0.02250744
0.08061291
0.007060702
0.006487165
0.01156374
0.03949265
0.023154607
0.039430648
0.081821986
0.0038209946
0.0016004774
0.0018833706
0.001860119
0.0019608755
0.0021972656
0.0019337487
0.002170139
0.0023406497
0.001515222
0.0016004774
0.0014105903
0.0020732577
0.001751612
0.0017438616
0.0018833706
564.0
11.936171
6732.0
0.039512776
0.001633987
0.0007427213
0.0007427213
0.006238859
0.0004456328
0.00014854426
0.0004456328
0.001633987
0.0011883541
0.0035650623
0.0007427213
0.0011883541
0.0037136066
0.011289365
0.0004456328
0.0031194296
0.0019310755
0.0034165182
0.005050505
0.0008912656
0.00059417705
0.0004456328
0.00059417705
0.0008912656
0.0007427213
0.00059417705
0.0023767082
0.001633987
0.0011883541
0.0
0.0004456328
0.0071301246
0.01841949
0.0035650623
0.0129233515
0.007724302
0.016636958
0.012477718
0.007724302
0.0043077837
0.0071301246
0.0010398099
0.0028223412
0.009655377
0.0059417705
0.0041592396
0.0053475937
0.006535948
0.011883541
0.0071301246
0.020647652
0.012477718
0.0127748065
0.0089126555
0.008615567
0.0028223412
0.01218063
0.0059417705
0.012477718
0.0046048723
0.01218063
0.011734997
0.010546643
0.0004456328
0.049316697
0.0031194296
0.01841949
0.022430183
0.094622694
0.009655377
0.008467023
0.0127748065
0.036690433
0.001633987
0.006090315
0.04292929
0.010398098
0.039661318
0.04634581
0.011734997
0.0004456328
0.05897207
0.028520498
0.054218657
0.0148544265
0.0043077837
0.00802139
0.01322044
0.012329174
0.001633987
0.00059417705
0.00059417705
0.00029708853
0.0007427213
0.0004456328
5.5392637
0.0
0.0
0.0
1.0
130746.0
151552.0
0.0
0.0
10.0
0.0
1.0
0.0
1.0
0.0
708992500.0
0.0
0.0
0.0
0.0
0.0
1.0
0.0
0.0
0.0
0.0
0.0
0.0
-1.0
1.0
-1.0
-1.0
0.0
1.0
0.0
0.0
0.0
0.0
0.0
0.0
0.0
0.0
0.0
0.0
-1.0
0.0
0.0
0.0
0.0
0.0
0.0
0.0
0.0
0.0
0.0
0.0
0.0
-1.0
0.0
0.0
0.0
0.0
0.0
0.0
0.0
0.0
0.0
0.0
2.0
25.0
4.0
0.0
4.0
0.0
107008.0
4096.0
4096.0
8.0
2.0
0.0
1.0
4.0
0.0
0.0
0.0
0.0
0.0
-7680.0
0.0
0.0
0.0
0.0
0.0
0.0
0.0
0.0
512.0
0.0
0.0
0.0
0.0
0.0
0.0
0.0
-2048.0
0.0
0.0
0.0
0.0
0.0
0.0
0.0
0.0
0.0
0.0
0.0
0.0
-107008.0
0.0
0.0
0.0
0.0
0.0
0.0
-3072.0
5120.0
0.0
0.0
0.0
0.0
0.0
0.0
0.0
0.0
0.0
0.0
0.0
0.0
0.0
0.0
0.0
0.0
0.0
0.0
0.0
0.0
2.0825517
0.0
0.0
0.0
0.0
0.0
0.0
0.0
-4.0546365
0.0
0.0
0.0
0.0
0.0
0.0
0.0
0.0
0.0
0.0
0.0
0.0
-6.536184
0.0
0.0
0.0
0.0
0.0
0.0
-4.8718653
3.4856634
0.0
0.0
0.0
0.0
0.0
0.0
0.0
0.0
-12.0
0.0
0.0
-7284.0
0.0
0.0
0.0
0.0
0.0
0.0
0.0
0.0
24.0
0.0
2597.0
0.0
0.0
0.0
0.0
0.0
-1912.0
0.0
0.0
0.0
0.0
0.0
0.0
0.0
0.0
0.0
0.0
0.0
0.0
-106516.0
0.0
0.0
0.0
0.0
0.0
0.0
-3066.0
5120.0
0.0
0.0
0.0
0.0
0.0
0.0
0.0
0.0
0.0
0.0
0.0
0.0
0.0
0.0
0.0
0.0
0.0
0.0
0.0
0.0
0.0
0.0
0.0
1.0
0.0
0.0
0.0
0.0
0.0
0.0
0.0
0.0
0.0
0.0
0.0
0.0
0.0
-1.0
0.0
0.0
0.0
0.0
1.0
0.0
0.0
0.0
0.0
0.0
1.0
0.0
0.0
0.0
0.0
0.0
0.0
0.0
0.0
0.0
0.0
0.0
0.0
0.0
0.0
0.0
0.0
0.0
0.0
0.0
0.0
-1.0
0.0
0.0
0.0
0.0
0.0
0.0
0.0
0.0
0.0
1.0
0.0
0.0
0.0
0.0
1.0
0.0
0.0
0.0
0.0
0.0
0.0
0.0
0.0
0.0
0.0
0.0
0.0
0.0
0.0
0.0
0.0
0.0
0.0
0.0
0.0
0.0
0.0
0.0
0.0
0.0
0.0
0.0
0.0
0.0
0.0
0.0
0.0
0.0
0.0
0.0
0.0
0.0
0.0
0.0
0.0
0.0
0.0
0.0
0.0
0.0
0.0
0.0
0.0
0.0
0.0
0.0
-1.0
0.0
0.0
0.0
0.0
0.0
0.0
0.0
0.0
0.0
0.0
0.0
0.0
0.0
0.0
0.0
0.0
0.0
0.0
0.0
0.0
0.0
0.0
0.0
0.0
0.0
0.0
0.0
0.0
0.0
0.0
0.0
0.0
0.0
0.0
0.0
0.0
0.0
0.0
0.0
0.0
0.0
0.0
0.0
0.0
0.0
0.0
0.0
0.0
0.0
0.0
0.0
0.0
0.0
0.0
0.0
0.0
0.0
0.0
0.0
0.0
0.0
0.0
0.0
0.0
0.0
0.0
0.0
0.0
0.0
-1.0
0.0
0.0
0.0
0.0
0.0
0.0
0.0
0.0
0.0
0.0
0.0
0.0
0.0
0.0
0.0
0.0
1.0
0.0
0.0
0.0
0.0
0.0
0.0
0.0
0.0
0.0
0.0
0.0
0.0
0.0
0.0
0.0
0.0
0.0
0.0
0.0
0.0
0.0
0.0
0.0
0.0
0.0
0.0
0.0
0.0
0.0
0.0
0.0
0.0
0.0
0.0
0.0
0.0
0.0
0.0
0.0
0.0
0.0
0.0
0.0
0.0
0.0
0.0
0.0
0.0
0.0
0.0
0.0
0.0
0.0
0.0
0.0
0.0
0.0
0.0
0.0
0.0
0.0
0.0
0.0
0.0
0.0
0.0
0.0
0.0
0.0
0.0
0.0
0.0
0.0
0.0
0.0
0.0
0.0
0.0
0.0
0.0
0.0
0.0
0.0
0.0
0.0
0.0
0.0
0.0
0.0
0.0
0.0
0.0
0.0
0.0
0.0
0.0
0.0
0.0
0.0
0.0
0.0
0.0
0.0
0.0
0.0
0.0
0.0
0.0
0.0
0.0
0.0
0.0
0.0
0.0
0.0
0.0
0.0
0.0
0.0
0.0
0.0
0.0
1.0
0.0
0.0
0.0
0.0
0.0
0.0
0.0
0.0
0.0
0.0
0.0
0.0
0.0
0.0
0.0
0.0
0.0
0.0
0.0
0.0
0.0
0.0
0.0
0.0
0.0
0.0
0.0
0.0
0.0
0.0
0.0
0.0
0.0
0.0
0.0
0.0
0.0
0.0
0.0
0.0
0.0
0.0
0.0
0.0
0.0
0.0
0.0
0.0
0.0
0.0
0.0
0.0
0.0
0.0
0.0
0.0
0.0
0.0
0.0
0.0
0.0
0.0
0.0
0.0
0.0
0.0
0.0
0.0
0.0
0.0
0.0
0.0
0.0
0.0
0.0
0.0
0.0
0.0
0.0
0.0
0.0
0.0
0.0
0.0
0.0
0.0
0.0
0.0
0.0
0.0
0.0
0.0
0.0
0.0
0.0
0.0
0.0
0.0
0.0
1.0
0.0
0.0
0.0
0.0
0.0
0.0
1.0
0.0
0.0
0.0
0.0
0.0
0.0
0.0
0.0
0.0
0.0
0.0
0.0
0.0
0.0
0.0
0.0
0.0
0.0
0.0
0.0
0.0
0.0
0.0
0.0
0.0
0.0
0.0
0.0
0.0
0.0
0.0
0.0
0.0
0.0
0.0
0.0
0.0
0.0
0.0
0.0
0.0
0.0
0.0
0.0
0.0
0.0
0.0
0.0
0.0
0.0
0.0
0.0
0.0
0.0
0.0
0.0
0.0
0.0
0.0
0.0
0.0
0.0
0.0
0.0
0.0
0.0
0.0
0.0
0.0
0.0
0.0
0.0
0.0
0.0
0.0
0.0
0.0
0.0
0.0
0.0
0.0
0.0
0.0
0.0
0.0
0.0
0.0
0.0
0.0
0.0
0.0
0.0
0.0
0.0
0.0
0.0
0.0
0.0
0.0
0.0
0.0
0.0
0.0
0.0
0.0
0.0
0.0
0.0
0.0
0.0
0.0
0.0
0.0
0.0
0.0
0.0
0.0
0.0
0.0
0.0
0.0
0.0
0.0
0.0
0.0
0.0
0.0
0.0
0.0
0.0
0.0
0.0
0.0
0.0
0.0
0.0
0.0
0.0
-1.0
0.0
0.0
0.0
0.0
0.0
0.0
0.0
0.0
0.0
0.0
0.0
0.0
0.0
0.0
0.0
0.0
0.0
0.0
0.0
0.0
0.0
0.0
0.0
0.0
0.0
0.0
0.0
0.0
0.0
0.0
0.0
0.0
0.0
0.0
0.0
0.0
0.0
0.0
0.0
0.0
0.0
0.0
0.0
0.0
0.0
0.0
0.0
0.0
0.0
0.0
0.0
0.0
0.0
0.0
0.0
0.0
0.0
0.0
0.0
0.0
0.0
0.0
0.0
0.0
0.0
0.0
0.0
0.0
0.0
0.0
0.0
0.0
0.0
0.0
0.0
0.0
0.0
0.0
0.0
0.0
0.0
0.0
0.0
0.0
0.0
0.0
0.0
0.0
0.0
0.0
0.0
0.0
0.0
0.0
0.0
0.0
0.0
0.0
0.0
0.0
0.0
0.0
0.0
0.0
0.0
0.0
0.0
0.0
0.0
0.0
0.0
0.0
0.0
0.0
0.0
0.0
0.0
0.0
0.0
0.0
0.0
0.0
0.0
0.0
0.0
0.0
0.0
0.0
0.0
0.0
0.0
0.0
0.0
0.0
0.0
0.0
0.0
0.0
0.0
0.0
0.0
0.0
0.0
0.0
0.0
0.0
0.0
0.0
0.0
0.0
0.0
0.0
0.0
0.0
0.0
0.0
0.0
0.0
0.0
0.0
0.0
0.0
0.0
0.0
0.0
0.0
0.0
0.0
0.0
0.0
0.0
0.0
0.0
0.0
0.0
0.0
0.0
0.0
1.0
0.0
0.0
0.0
0.0
0.0
0.0
0.0
0.0
0.0
0.0
0.0
0.0
0.0
0.0
0.0
0.0
0.0
0.0
0.0
0.0
0.0
0.0
0.0
0.0
0.0
0.0
0.0
0.0
0.0
0.0
0.0
0.0
0.0
0.0
0.0
0.0
0.0
0.0
0.0
0.0
0.0
0.0
0.0
0.0
0.0
0.0
0.0
0.0
0.0
0.0
0.0
0.0
0.0
0.0
0.0
0.0
0.0
0.0
0.0
0.0
0.0
0.0
0.0
0.0
0.0
0.0
0.0
0.0
0.0
0.0
0.0
0.0
0.0
0.0
0.0
0.0
0.0
0.0
0.0
0.0
0.0
0.0
0.0
0.0
0.0
0.0
0.0
0.0
0.0
0.0
0.0
0.0
0.0
0.0
0.0
0.0
0.0
0.0
0.0
0.0
0.0
0.0
0.0
0.0
0.0
0.0
0.0
0.0
0.0
0.0
0.0
0.0
0.0
0.0
0.0
0.0
0.0
0.0
0.0
0.0
0.0
0.0
0.0
0.0
0.0
0.0
0.0
0.0
0.0
0.0
0.0
0.0
0.0
0.0
0.0
0.0
0.0
0.0
0.0
0.0
0.0
0.0
0.0
0.0
0.0
0.0
0.0
0.0
0.0
0.0
0.0
0.0
0.0
0.0
0.0
0.0
0.0
0.0
0.0
0.0
0.0
0.0
0.0
0.0
0.0
0.0
0.0
0.0
0.0
0.0
0.0
0.0
0.0
0.0
0.0
0.0
0.0
0.0
0.0
0.0
0.0
0.0
0.0
-1.0
0.0
0.0
0.0
0.0
0.0
0.0
0.0
0.0
0.0
0.0
0.0
0.0
0.0
0.0
0.0
0.0
0.0
0.0
0.0
0.0
0.0
0.0
0.0
0.0
0.0
0.0
0.0
0.0
0.0
0.0
0.0
0.0
0.0
0.0
0.0
0.0
0.0
0.0
0.0
0.0
0.0
0.0
0.0
0.0
0.0
0.0
0.0
0.0
0.0
0.0
0.0
0.0
0.0
0.0
0.0
0.0
0.0
0.0
0.0
0.0
0.0
0.0
0.0
0.0
0.0
0.0
0.0
0.0
0.0
0.0
0.0
0.0
0.0
0.0
0.0
0.0
0.0
0.0
0.0
0.0
0.0
0.0
0.0
0.0
0.0
0.0
0.0
0.0
0.0
0.0
0.0
0.0
0.0
0.0
0.0
0.0
0.0
0.0
0.0
0.0
0.0
0.0
0.0
0.0
0.0
0.0
0.0
0.0
0.0
0.0
0.0
0.0
0.0
0.0
0.0
0.0
0.0
0.0
0.0
0.0
0.0
0.0
0.0
0.0
0.0
0.0
0.0
0.0
0.0
0.0
0.0
0.0
0.0
0.0
0.0
0.0
0.0
0.0
0.0
0.0
0.0
0.0
0.0
0.0
0.0
0.0
0.0
0.0
0.0
0.0
0.0
0.0
0.0
0.0
0.0
0.0
0.0
0.0
0.0
0.0
0.0
0.0
0.0
0.0
0.0
0.0
0.0
0.0
0.0
0.0
0.0
0.0
0.0
0.0
0.0
0.0
0.0
0.0
0.0
0.0
0.0
0.0
0.0
0.0
0.0
0.0
0.0
0.0
0.0
0.0
0.0
-1.0
0.0
0.0
0.0
0.0
0.0
0.0
0.0
0.0
0.0
0.0
0.0
0.0
0.0
0.0
0.0
0.0
0.0
0.0
0.0
1.0
0.0
0.0
0.0
0.0
0.0
0.0
0.0
0.0
0.0
0.0
0.0
0.0
0.0
0.0
0.0
0.0
0.0
0.0
0.0
0.0
0.0
0.0
0.0
0.0
0.0
0.0
0.0
0.0
0.0
0.0
0.0
0.0
0.0
0.0
0.0
0.0
0.0
0.0
0.0
0.0
0.0
0.0
0.0
0.0
0.0
0.0
0.0
0.0
0.0
0.0
0.0
0.0
0.0
0.0
0.0
0.0
0.0
0.0
0.0
0.0
0.0
0.0
0.0
0.0
0.0
0.0
0.0
0.0
0.0
0.0
0.0
0.0
0.0
0.0
0.0
0.0
0.0
0.0
0.0
0.0
0.0
0.0
0.0
0.0
0.0
0.0
0.0
0.0
0.0
0.0
0.0
0.0
0.0
0.0
0.0
1.0
1.0
0.0
0.0
0.0
0.0
0.0
0.0
0.0
0.0
0.0
0.0
0.0
0.0
0.0
0.0
0.0
0.0
0.0
0.0
0.0
0.0
0.0
0.0
0.0
0.0
0.0
0.0
0.0
0.0
0.0
0.0
0.0
0.0
0.0
0.0
0.0
0.0
0.0
0.0
0.0
0.0
0.0
0.0
0.0
0.0
0.0
0.0
0.0
0.0
0.0
0.0
0.0
0.0
0.0
0.0
0.0
0.0
0.0
0.0
0.0
0.0
0.0
0.0
0.0
0.0
0.0
0.0
0.0
0.0
0.0
0.0
0.0
0.0
0.0
0.0
0.0
0.0
0.0
0.0
0.0
0.0
0.0
0.0
-1.0
0.0
0.0
0.0
0.0
0.0
0.0
0.0
0.0
0.0
0.0
0.0
0.0
0.0
0.0
0.0
0.0
0.0
0.0
0.0
0.0
0.0
0.0
0.0
0.0
0.0
0.0
0.0
0.0
0.0
0.0
0.0
0.0
0.0
0.0
0.0
0.0
0.0
0.0
0.0
0.0
0.0
0.0
0.0
0.0
0.0
0.0
0.0
0.0
0.0
0.0
0.0
0.0
0.0
0.0
0.0
0.0
0.0
0.0
0.0
0.0
0.0
0.0
0.0
0.0
0.0
0.0
0.0
0.0
0.0
0.0
0.0
0.0
0.0
0.0
0.0
0.0
0.0
0.0
0.0
0.0
0.0
0.0
0.0
0.0
0.0
0.0
0.0
0.0
0.0
0.0
0.0
0.0
0.0
0.0
0.0
0.0
0.0
0.0
0.0
0.0
0.0
0.0
0.0
0.0
0.0
0.0
0.0
0.0
0.0
0.0
0.0
0.0
0.0
0.0
0.0
0.0
0.0
0.0
0.0
0.0
0.0
0.0
0.0
0.0
0.0
0.0
0.0
0.0
0.0
0.0
0.0
0.0
0.0
0.0
0.0
0.0
0.0
0.0
0.0
0.0
0.0
0.0
0.0
0.0
0.0
0.0
0.0
0.0
0.0
0.0
0.0
0.0
0.0
0.0
0.0
0.0
0.0
0.0
0.0
0.0
0.0
0.0
0.0
0.0
0.0
0.0
0.0
0.0
3066.0
122880.0
5120.0
143360.0
0.0
0.0
0.0
0.0
0.0
0.0
0.0
0.0
0.0
0.0
0.0
0.0
24.0
131072.0
0.0
0.0
0.0
0.0
0.0
0.0
0.0
0.0
0.0
0.0
