0.0027903519
5.0226092e-05
2.9014102e-05
2.5722586e-05
4.7544116e-05
2.29187e-05
1.0849811e-05
1.145935e-05
5.9125374e-05
1.1581259e-05
1.23127065e-05
8.289743e-06
3.7181937e-05
1.6213762e-05
7.0706633e-06
2.7429298e-05
3.4378052e-05
5.2420432e-06
4.0229634e-06
4.2667793e-06
1.2922246e-05
1.816429e-05
3.7791476e-06
3.4134237e-06
1.1581259e-05
3.2915157e-06
2.6819757e-06
2.6819757e-06
6.948755e-06
3.1696077e-06
3.1696077e-06
3.7791476e-06
5.3029973e-05
4.2667793e-06
3.0476997e-06
4.9982273e-06
2.8282653e-05
5.729675e-06
2.6819757e-06
1.4628959e-06
5.973491e-06
5.973491e-06
1.5848038e-06
7.192571e-06
2.9257917e-06
2.9257917e-06
1.4994683e-05
1.9505278e-06
1.0971718e-05
3.6572396e-06
5.729675e-06
1.9261463e-05
5.3639515e-06
9.143099e-06
5.2420432e-06
2.9257917e-06
1.0118363e-05
8.899283e-06
5.3639515e-06
1.8530014e-05
6.8268473e-06
5.8515834e-06
3.6572396e-06
2.4381598e-06
0.00010557232
1.4019419e-05
6.0953994e-06
9.874547e-06
2.7063574e-05
4.9128917e-05
1.938337e-05
1.4019419e-05
1.4385142e-05
9.752639e-06
4.2667793e-06
2.9257917e-06
9.386915e-06
2.8160744e-05
5.485859e-06
4.9982273e-06
3.401233e-05
1.28003385e-05
1.389751e-05
2.2187254e-05
8.777375e-06
2.1943437e-05
1.9627187e-05
1.8286199e-05
7.192571e-06
1.8286199e-05
2.8038837e-06
6.0953994e-06
6.948755e-06
1.0240271e-05
1.28003385e-05
9.9964545e-06
4.7544113e-06
3.0355088e-05
4.3886876e-06
1.1337443e-05
1.5238498e-05
5.632149e-05
1.1946982e-05
7.5582952e-06
2.2187254e-05
2.7429298e-05
2.1333897e-05
5.485859e-06
2.1577715e-05
8.289743e-06
2.3772058e-05
2.8648377e-05
2.7916929e-05
1.9505278e-06
3.2061802e-05
2.3528242e-05
7.607058e-05
6.4001695e-05
9.9964545e-06
7.0706633e-06
1.5238498e-05
6.5830313e-06
2.4381598e-06
8.533559e-07
1.2922246e-05
1.4507051e-05
4.0229634e-06
2.1943438e-06
2.4503506e-05
1.0971718e-05
3.9010556e-06
8.24098e-05
1.4385142e-05
3.7791477e-05
1.4628959e-06
3.6572396e-07
1.5238498e-05
4.6812667e-05
1.4750866e-05
0.000116300216
3.4134237e-06
4.181444e-05
4.6325035e-06
5.485859e-06
0.9940141
1.5848038e-06
9.752639e-07
1.8286198e-06
2.9257917e-06
1.0118363e-05
4.0229634e-06
3.6572396e-06
2.0724358e-06
1.9505278e-06
7.314479e-07
1.5848038e-06
1.8286198e-06
3.6572396e-07
1.9505278e-06
1.389751e-05
9.143099e-06
7.802111e-06
2.8038837e-06
6.704939e-06
2.1943438e-06
2.6819757e-06
1.2190799e-06
8.533559e-07
4.0229634e-06
1.7067118e-06
1.2190799e-06
1.5848038e-06
1.7067118e-06
2.4381598e-07
4.8763195e-07
6.0953994e-07
2.5600677e-06
4.8763195e-07
9.752639e-07
4.9982273e-06
1.1703167e-05
1.0971719e-06
3.0476997e-06
9.752639e-07
6.3392154e-06
1.5848038e-06
2.3162518e-06
1.8286198e-06
1.8286198e-06
2.6819757e-06
5.8515834e-06
3.6572396e-06
3.0598905e-05
1.8042381e-05
5.6077674e-06
2.718548e-05
2.0846266e-05
1.2190799e-06
9.143099e-06
2.365015e-05
9.386915e-06
8.045927e-06
2.3162518e-06
2.0724358e-06
9.752639e-06
1.2190799e-06
2.5600677e-06
3.2915157e-06
4.5105953e-06
5.485859e-06
6.704939e-06
3.7791476e-06
2.8038837e-06
9.752639e-07
1.5848038e-06
1.5848038e-06
6.5830313e-06
1.2190799e-06
2.3162518e-06
3.5353316e-06
4.1448716e-06
4.8763195e-07
1.5848038e-06
1.5848038e-06
8.533559e-06
3.0476997e-06
1.2190799e-06
1.0971719e-06
6.3392154e-06
2.5600677e-06
3.5353316e-06
1.4628959e-06
4.9007012e-05
1.3653695e-05
2.3162518e-06
3.1452262e-05
1.7432842e-05
1.0971719e-06
2.1943438e-06
3.5353316e-06
1.5360407e-05
3.1696077e-06
7.314479e-07
5.8515834e-06
1.5360407e-05
1.0971719e-06
1.4872774e-05
2.0724357e-05
3.1452262e-05
8.411651e-06
4.6325035e-06
5.2420432e-06
3.2183707e-05
5.3639515e-06
9.265007e-06
0.00015506695
0.0011237358
0.0
0.0
0.0
0.0
0.0
0.0
0.0
0.0
0.99400675
0.0
0.0
0.0
0.0
0.0
0.0
0.0
0.0
0.0
0.0
0.0
0.0
0.0
0.0
0.0
0.0
0.0
0.0
0.0
0.0
0.0
0.0
0.0
0.0
0.0
0.0
0.0
0.0
0.0
0.0
0.0
0.0
0.0
0.0
0.0
0.0
0.0
0.0
0.00011041046
9.754651e-07
1.2193314e-06
1.2193314e-07
1.0973982e-06
2.1338299e-06
3.0483284e-06
1.4022311e-06
3.0483284e-07
1.8289971e-07
1.8289971e-07
3.0483284e-07
4.2676598e-07
1.2193314e-07
6.7063223e-07
2.255763e-06
0.00027404472
2.0728633e-06
2.377696e-06
2.8654288e-06
4.2676597e-06
2.7434955e-06
1.1766548e-05
6.0966568e-06
2.255763e-06
6.2612664e-05
9.144985e-07
3.6579942e-07
4.2676598e-07
6.7063223e-07
4.2676598e-07
6.7063223e-07
0.000103643164
3.0483284e-06
2.7434955e-06
2.7434955e-06
1.4022311e-06
9.754651e-07
2.377696e-06
6.7063223e-07
2.560596e-06
4.2676598e-07
1.1583649e-06
1.8289971e-07
3.6579942e-07
6.7063223e-07
3.6579942e-07
1.5241642e-06
0.0001718038
6.7063223e-07
1.0791083e-05
3.2921946e-06
1.4449077e-05
8.0475875e-06
2.664239e-05
1.2010414e-05
4.2676598e-07
3.6579942e-07
1.2193314e-07
3.6579942e-07
1.2193314e-07
1.8289971e-07
1.8289971e-07
2.4386628e-07
0.00014985583
7.3159885e-07
1.5119709e-05
3.7189607e-06
6.21859e-06
4.694426e-06
4.6700392e-05
1.9875102e-05
4.2676598e-07
3.6579942e-07
2.4386628e-07
3.6579942e-07
3.6579942e-07
3.6579942e-07
3.0483284e-07
3.6579942e-07
0.00031556297
7.98662e-06
1.3351679e-05
8.962085e-06
1.4692943e-05
1.2863946e-05
3.6518974e-05
2.8044622e-05
1.8046105e-05
4.1457265e-06
2.377696e-06
1.280298e-06
8.474353e-06
2.0728633e-06
7.681788e-06
1.7375472e-05
0.00017095025
2.1947965e-06
1.847287e-05
7.1940553e-06
2.9385887e-05
1.5790341e-05
7.767141e-05
4.4017863e-05
1.0973982e-06
1.4022311e-06
6.7063223e-07
1.1583649e-06
1.2193314e-06
9.144985e-07
6.096657e-07
1.828997e-06
0.0
0.0
0.0
0.0
0.0
0.0
0.0
0.0
0.0
0.0
0.0
0.0
0.0
0.0
0.0
0.0
3.1763582e-05
1.5241642e-06
8.0475875e-06
4.511526e-06
7.1330887e-06
4.08476e-06
3.377548e-05
2.3837929e-05
3.3531612e-06
1.5851308e-06
7.925654e-07
6.096657e-07
7.925654e-07
9.144985e-07
6.7063223e-07
1.4631977e-06
6.3161366e-05
6.523423e-06
2.8044622e-06
2.4996293e-06
1.8594803e-05
1.4510043e-05
4.4505596e-06
7.315988e-06
4.224983e-05
6.40149e-06
1.6460973e-06
3.109295e-06
1.4144244e-05
1.3412645e-06
1.7070639e-05
4.389593e-05
0.00034299793
4.7858757e-05
3.340968e-05
4.21279e-05
0.00013065136
8.547513e-05
2.8715254e-05
7.5842414e-05
0.00020515251
2.5240159e-05
1.5119709e-05
2.06067e-05
7.852494e-05
1.847287e-05
6.730709e-05
0.00015595248
0.0002620343
4.8956153e-05
3.749444e-05
4.584686e-05
9.559558e-05
7.248925e-05
2.5971758e-05
8.090264e-05
0.00014814876
1.5119709e-05
2.1582166e-05
2.3289229e-05
6.9684786e-05
2.3045362e-05
5.2553183e-05
0.00010102161
0.0
0.0
0.0
0.0
0.0
0.0
0.0
0.0
0.0
0.0
0.0
0.0
0.0
0.0
0.0
0.0
229.0
17.943232
4109.0
0.07106352
0.002190314
0.0007301046
0.00024336821
0.00097347284
0.0014602093
0.0
0.00024336821
0.0051107327
0.004623996
0.0
0.00048673642
0.0
0.0031637868
0.02458019
0.001216841
0.009004624
0.004380628
0.0075444146
0.0063275737
0.002433682
0.004380628
0.0073010465
0.0026770504
0.004623996
0.002190314
0.002190314
0.00048673642
0.00024336821
0.00024336821
0.00024336821
0.00048673642
0.002190314
0.010464833
0.003407155
0.009004624
0.0060842056
0.008517887
0.0075444146
0.0070576784
0.0060842056
0.0038938913
0.00097347284
0.0014602093
0.0036505233
0.0070576784
0.0026770504
0.003407155
0.009491361
0.0007301046
0.008517887
0.013871988
0.004623996
0.0031637868
0.005354101
0.010464833
0.001216841
0.0007301046
0.0007301046
0.00048673642
0.004380628
0.00048673642
0.00048673642
0.0007301046
0.0017035775
0.056218058
0.005840837
0.021903139
0.019469457
0.10562181
0.009247992
0.011681674
0.01362862
0.051594064
0.001216841
0.00681431
0.0367486
0.015818935
0.045509856
0.05597469
0.019469457
0.0
0.04916038
0.037722073
0.052324165
0.02311998
0.0070576784
0.0031637868
0.021173036
0.0051107327
0.002433682
0.0
0.0
0.0
0.0
0.00048673642
5.2687016
2.0
0.0
0.0
1.0
8202908.0
57344.0
0.0
0.0
54.0
0.0
1.0
0.0
0.0
0.0
1083884500.0
0.0
0.0
0.0
0.0
0.0
1.0
0.0
0.0
0.0
0.0
0.0
0.0
-1.0
0.0
-1.0
-1.0
0.0
0.0
0.0
0.0
0.0
0.0
0.0
0.0
0.0
0.0
0.0
0.0
-1.0
0.0
0.0
0.0
0.0
0.0
0.0
0.0
0.0
0.0
0.0
0.0
0.0
-1.0
0.0
0.0
0.0
0.0
0.0
0.0
0.0
0.0
0.0
0.0
6.0
0.0
4.0
0.0
4.0
0.0
24576.0
4096.0
4096.0
5.0
0.0
0.0
1.0
1.0
0.0
0.0
4096.0
0.0
0.0
0.0
0.0
0.0
0.0
0.0
0.0
0.0
0.0
0.0
4096.0
0.0
0.0
0.0
0.0
0.0
0.0
0.0
0.0
0.0
0.0
0.0
0.0
0.0
0.0
0.0
0.0
0.0
-8192.0
0.0
0.0
0.0
0.0
0.0
0.0
0.0
0.0
-24576.0
0.0
4096.0
0.0
0.0
0.0
0.0
0.0
0.0
0.0
0.0
0.0
0.0
0.0
0.0
0.0
0.0
0.0
0.0
0.0
0.0
0.0
0.0
5.6636963
0.0
0.0
0.0
0.0
0.0
0.0
0.0
0.0
0.0
0.0
0.0
0.0
0.0
0.0
0.0
0.0
0.0
-3.5541914
0.0
0.0
0.0
0.0
0.0
0.0
0.0
0.0
-6.5496798
0.0
0.0
0.0
0.0
0.0
0.0
0.0
0.0
0.0
0.0
3942.0
0.0
0.0
0.0
0.0
0.0
0.0
0.0
0.0
0.0
0.0
0.0
2476.0
0.0
0.0
0.0
0.0
0.0
0.0
0.0
0.0
0.0
0.0
0.0
0.0
0.0
0.0
0.0
0.0
0.0
-13432.0
0.0
0.0
0.0
0.0
0.0
0.0
0.0
0.0
-23376.0
0.0
2392.0
0.0
0.0
0.0
0.0
0.0
0.0
0.0
0.0
0.0
-1.0
0.0
0.0
0.0
0.0
0.0
1.0
0.0
0.0
0.0
0.0
0.0
0.0
0.0
0.0
0.0
0.0
0.0
0.0
0.0
0.0
0.0
0.0
0.0
0.0
0.0
0.0
0.0
0.0
0.0
0.0
0.0
0.0
0.0
0.0
0.0
-2.0
0.0
0.0
0.0
1.0
0.0
0.0
0.0
0.0
0.0
0.0
0.0
0.0
0.0
0.0
0.0
0.0
0.0
0.0
0.0
0.0
0.0
0.0
0.0
-1.0
0.0
0.0
0.0
0.0
0.0
0.0
0.0
0.0
0.0
1.0
0.0
0.0
0.0
0.0
1.0
0.0
0.0
0.0
0.0
0.0
0.0
0.0
0.0
0.0
0.0
0.0
0.0
0.0
0.0
0.0
0.0
0.0
0.0
0.0
0.0
0.0
0.0
0.0
0.0
0.0
0.0
0.0
0.0
0.0
0.0
0.0
0.0
0.0
0.0
0.0
0.0
0.0
0.0
0.0
0.0
0.0
0.0
0.0
0.0
0.0
0.0
0.0
0.0
0.0
0.0
0.0
-1.0
0.0
0.0
0.0
0.0
0.0
0.0
0.0
0.0
0.0
0.0
0.0
0.0
0.0
0.0
0.0
0.0
0.0
0.0
0.0
0.0
0.0
0.0
0.0
0.0
0.0
0.0
0.0
0.0
0.0
0.0
0.0
0.0
0.0
0.0
0.0
0.0
0.0
0.0
0.0
0.0
0.0
0.0
0.0
0.0
0.0
0.0
0.0
0.0
0.0
0.0
0.0
0.0
0.0
0.0
0.0
0.0
0.0
0.0
0.0
0.0
0.0
0.0
0.0
0.0
0.0
0.0
0.0
0.0
0.0
-1.0
0.0
0.0
0.0
0.0
0.0
0.0
0.0
0.0
0.0
0.0
0.0
0.0
0.0
0.0
0.0
0.0
1.0
0.0
0.0
0.0
0.0
0.0
0.0
0.0
0.0
0.0
0.0
0.0
0.0
0.0
0.0
0.0
0.0
0.0
0.0
0.0
0.0
0.0
0.0
0.0
0.0
0.0
0.0
0.0
0.0
0.0
0.0
0.0
0.0
0.0
0.0
0.0
0.0
0.0
0.0
0.0
0.0
0.0
0.0
0.0
0.0
0.0
0.0
0.0
0.0
0.0
0.0
0.0
0.0
0.0
0.0
0.0
0.0
0.0
0.0
0.0
0.0
0.0
0.0
0.0
0.0
0.0
0.0
0.0
0.0
0.0
0.0
0.0
0.0
0.0
0.0
0.0
0.0
0.0
0.0
0.0
0.0
0.0
0.0
0.0
0.0
0.0
0.0
0.0
0.0
0.0
0.0
0.0
0.0
0.0
0.0
0.0
0.0
0.0
0.0
0.0
0.0
0.0
0.0
0.0
0.0
0.0
0.0
0.0
0.0
0.0
0.0
0.0
0.0
0.0
0.0
0.0
0.0
0.0
0.0
0.0
0.0
0.0
0.0
0.0
0.0
0.0
0.0
0.0
0.0
0.0
0.0
0.0
0.0
0.0
0.0
0.0
0.0
0.0
0.0
0.0
0.0
0.0
0.0
0.0
0.0
0.0
0.0
0.0
0.0
0.0
0.0
0.0
0.0
0.0
0.0
0.0
0.0
0.0
0.0
0.0
0.0
0.0
0.0
0.0
0.0
0.0
0.0
0.0
0.0
0.0
0.0
0.0
0.0
0.0
0.0
0.0
0.0
0.0
0.0
0.0
0.0
0.0
0.0
0.0
0.0
0.0
-1.0
0.0
0.0
0.0
0.0
0.0
0.0
0.0
0.0
0.0
0.0
0.0
0.0
0.0
0.0
0.0
0.0
0.0
0.0
0.0
0.0
0.0
0.0
0.0
0.0
0.0
0.0
0.0
0.0
0.0
0.0
0.0
0.0
0.0
0.0
0.0
0.0
1.0
0.0
0.0
0.0
0.0
0.0
0.0
0.0
0.0
0.0
0.0
0.0
0.0
0.0
0.0
0.0
0.0
0.0
0.0
0.0
0.0
0.0
1.0
0.0
0.0
0.0
0.0
1.0
0.0
0.0
0.0
0.0
0.0
0.0
0.0
0.0
0.0
0.0
0.0
0.0
0.0
0.0
0.0
0.0
1.0
0.0
0.0
0.0
0.0
0.0
0.0
0.0
0.0
0.0
0.0
0.0
0.0
0.0
0.0
0.0
0.0
0.0
0.0
0.0
0.0
0.0
0.0
0.0
0.0
0.0
0.0
0.0
0.0
0.0
0.0
0.0
0.0
0.0
0.0
0.0
0.0
0.0
0.0
0.0
0.0
0.0
0.0
0.0
0.0
-1.0
0.0
0.0
0.0
0.0
0.0
0.0
0.0
0.0
0.0
0.0
0.0
0.0
0.0
0.0
0.0
0.0
0.0
0.0
0.0
0.0
0.0
0.0
0.0
0.0
0.0
0.0
0.0
0.0
0.0
0.0
0.0
0.0
0.0
0.0
0.0
0.0
0.0
0.0
0.0
0.0
0.0
0.0
0.0
0.0
0.0
0.0
0.0
-1.0
0.0
0.0
0.0
0.0
0.0
0.0
0.0
0.0
0.0
0.0
0.0
0.0
0.0
0.0
0.0
0.0
0.0
0.0
0.0
0.0
0.0
0.0
0.0
0.0
0.0
0.0
0.0
0.0
0.0
0.0
1.0
0.0
0.0
0.0
0.0
0.0
0.0
0.0
0.0
0.0
0.0
0.0
0.0
0.0
0.0
0.0
0.0
0.0
0.0
0.0
0.0
0.0
0.0
0.0
0.0
0.0
0.0
0.0
-1.0
0.0
0.0
0.0
0.0
0.0
0.0
0.0
0.0
0.0
0.0
0.0
0.0
0.0
0.0
0.0
0.0
0.0
0.0
0.0
0.0
0.0
0.0
0.0
0.0
0.0
0.0
0.0
0.0
0.0
0.0
0.0
0.0
0.0
0.0
0.0
0.0
0.0
0.0
0.0
0.0
0.0
0.0
-1.0
0.0
0.0
1.0
0.0
0.0
0.0
0.0
0.0
0.0
0.0
0.0
0.0
0.0
0.0
0.0
0.0
0.0
0.0
0.0
0.0
0.0
0.0
0.0
0.0
0.0
0.0
0.0
0.0
0.0
0.0
0.0
0.0
0.0
0.0
0.0
0.0
0.0
0.0
0.0
0.0
0.0
0.0
0.0
0.0
0.0
0.0
-1.0
0.0
0.0
0.0
-1.0
0.0
0.0
0.0
0.0
0.0
0.0
0.0
0.0
0.0
0.0
0.0
0.0
0.0
0.0
0.0
0.0
0.0
0.0
0.0
0.0
0.0
0.0
0.0
0.0
0.0
0.0
0.0
0.0
0.0
0.0
0.0
0.0
0.0
0.0
1.0
0.0
0.0
0.0
0.0
0.0
0.0
0.0
0.0
0.0
0.0
-1.0
0.0
0.0
0.0
0.0
0.0
0.0
0.0
0.0
0.0
0.0
0.0
0.0
0.0
0.0
0.0
0.0
0.0
0.0
0.0
0.0
0.0
0.0
0.0
0.0
0.0
0.0
0.0
0.0
0.0
0.0
1.0
0.0
0.0
0.0
0.0
0.0
0.0
0.0
0.0
0.0
0.0
0.0
0.0
0.0
0.0
0.0
0.0
0.0
0.0
0.0
0.0
0.0
0.0
0.0
0.0
0.0
0.0
0.0
0.0
0.0
0.0
0.0
0.0
0.0
0.0
0.0
0.0
0.0
0.0
-1.0
0.0
0.0
0.0
0.0
0.0
0.0
0.0
0.0
0.0
0.0
0.0
0.0
0.0
0.0
0.0
0.0
0.0
0.0
-1.0
0.0
0.0
0.0
0.0
0.0
0.0
0.0
0.0
0.0
0.0
0.0
0.0
0.0
0.0
0.0
0.0
0.0
0.0
0.0
0.0
0.0
0.0
0.0
0.0
0.0
0.0
0.0
0.0
0.0
0.0
0.0
0.0
0.0
0.0
0.0
0.0
0.0
0.0
0.0
0.0
0.0
0.0
0.0
0.0
0.0
0.0
0.0
0.0
0.0
0.0
0.0
0.0
0.0
0.0
0.0
0.0
0.0
0.0
0.0
0.0
0.0
0.0
0.0
0.0
0.0
0.0
0.0
0.0
1.0
0.0
0.0
-2.0
0.0
0.0
0.0
0.0
0.0
0.0
0.0
0.0
0.0
0.0
0.0
0.0
0.0
0.0
1.0
0.0
0.0
0.0
-1.0
0.0
0.0
0.0
0.0
0.0
0.0
0.0
0.0
0.0
0.0
0.0
-1.0
0.0
0.0
0.0
0.0
0.0
0.0
1.0
0.0
0.0
0.0
0.0
0.0
0.0
0.0
0.0
0.0
0.0
0.0
0.0
0.0
0.0
0.0
0.0
0.0
1.0
0.0
1.0
0.0
0.0
0.0
0.0
0.0
1.0
0.0
0.0
0.0
0.0
0.0
0.0
0.0
0.0
-1.0
0.0
0.0
0.0
0.0
0.0
0.0
0.0
0.0
0.0
0.0
0.0
0.0
0.0
0.0
1.0
0.0
0.0
0.0
0.0
0.0
0.0
0.0
0.0
0.0
0.0
0.0
0.0
0.0
0.0
0.0
0.0
0.0
0.0
0.0
0.0
0.0
0.0
0.0
0.0
0.0
0.0
0.0
0.0
0.0
0.0
0.0
0.0
0.0
0.0
0.0
0.0
0.0
0.0
0.0
0.0
0.0
0.0
0.0
0.0
0.0
0.0
0.0
0.0
-1.0
0.0
0.0
0.0
0.0
0.0
0.0
0.0
0.0
0.0
0.0
0.0
0.0
0.0
0.0
0.0
0.0
0.0
0.0
0.0
0.0
0.0
0.0
0.0
1.0
0.0
0.0
0.0
0.0
0.0
0.0
1.0
0.0
0.0
0.0
0.0
0.0
0.0
0.0
0.0
0.0
0.0
0.0
0.0
0.0
0.0
0.0
0.0
0.0
0.0
0.0
0.0
0.0
0.0
0.0
0.0
1.0
0.0
0.0
0.0
0.0
0.0
0.0
0.0
0.0
0.0
0.0
-1.0
0.0
0.0
0.0
0.0
0.0
0.0
0.0
0.0
0.0
-1.0
0.0
0.0
0.0
0.0
0.0
0.0
0.0
0.0
0.0
0.0
0.0
0.0
0.0
0.0
1.0
0.0
0.0
0.0
0.0
0.0
0.0
0.0
0.0
0.0
0.0
0.0
0.0
0.0
0.0
0.0
0.0
0.0
0.0
-1.0
1.0
0.0
0.0
0.0
0.0
0.0
0.0
0.0
0.0
0.0
0.0
0.0
0.0
0.0
0.0
0.0
0.0
0.0
1.0
0.0
0.0
0.0
-1.0
0.0
0.0
0.0
0.0
0.0
0.0
0.0
0.0
1.0
0.0
0.0
0.0
0.0
0.0
0.0
0.0
0.0
0.0
0.0
0.0
0.0
0.0
0.0
0.0
0.0
0.0
0.0
0.0
0.0
0.0
0.0
0.0
0.0
-1.0
0.0
0.0
0.0
0.0
0.0
0.0
0.0
0.0
0.0
0.0
0.0
0.0
0.0
0.0
0.0
0.0
0.0
0.0
0.0
0.0
0.0
0.0
-1.0
0.0
0.0
0.0
0.0
0.0
0.0
0.0
0.0
0.0
0.0
0.0
0.0
0.0
0.0
0.0
0.0
0.0
0.0
0.0
0.0
0.0
0.0
0.0
-1.0
0.0
0.0
0.0
0.0
0.0
0.0
0.0
0.0
0.0
0.0
0.0
0.0
0.0
0.0
0.0
0.0
0.0
0.0
0.0
0.0
0.0
0.0
0.0
0.0
0.0
-1.0
-1.0
0.0
0.0
0.0
0.0
0.0
0.0
0.0
0.0
0.0
0.0
0.0
0.0
0.0
0.0
0.0
0.0
0.0
0.0
0.0
0.0
0.0
0.0
0.0
0.0
-1.0
0.0
0.0
0.0
0.0
0.0
0.0
0.0
0.0
0.0
0.0
0.0
0.0
0.0
0.0
0.0
0.0
0.0
0.0
0.0
0.0
0.0
0.0
0.0
0.0
0.0
0.0
0.0
0.0
0.0
0.0
0.0
0.0
0.0
0.0
0.0
0.0
0.0
0.0
0.0
0.0
0.0
0.0
0.0
0.0
0.0
0.0
0.0
0.0
0.0
0.0
0.0
0.0
0.0
0.0
0.0
0.0
0.0
0.0
0.0
0.0
0.0
0.0
0.0
0.0
0.0
0.0
0.0
0.0
0.0
0.0
0.0
0.0
0.0
0.0
0.0
0.0
0.0
0.0
0.0
0.0
0.0
0.0
0.0
0.0
0.0
0.0
0.0
0.0
0.0
0.0
0.0
0.0
0.0
0.0
0.0
0.0
0.0
0.0
0.0
0.0
0.0
0.0
0.0
0.0
0.0
0.0
0.0
0.0
0.0
0.0
0.0
0.0
0.0
0.0
0.0
0.0
0.0
0.0
0.0
0.0
0.0
0.0
0.0
0.0
0.0
0.0
0.0
0.0
0.0
0.0
0.0
0.0
0.0
0.0
0.0
0.0
0.0
0.0
0.0
0.0
0.0
0.0
0.0
0.0
0.0
0.0
0.0
0.0
0.0
0.0
0.0
0.0
0.0
0.0
0.0
0.0
0.0
0.0
0.0
0.0
0.0
0.0
0.0
0.0
0.0
0.0
0.0
0.0
80.0
29892.0
2392.0
49152.0
0.0
0.0
0.0
0.0
0.0
0.0
0.0
0.0
0.0
0.0
0.0
0.0
0.0
0.0
0.0
0.0
0.0
0.0
228.0
28672.0
0.0
0.0
0.0
0.0
