0.30494907
0.010027205
0.00466483
0.005153111
0.008710588
0.002859933
0.0026768276
0.0070626396
0.007271903
0.002205985
0.0019269671
0.0012381418
0.0052490234
0.006565639
0.00113351
0.0073416573
0.0051879883
0.007960728
0.0008893694
0.0013340542
0.0021623883
0.0030779156
0.00080217636
0.0011073521
0.0019967216
0.0013602121
0.0007498605
0.0011247908
0.001499721
0.002153669
0.0030517578
0.0012904576
0.0057373047
0.0010288784
0.0015345982
0.0012207031
0.0040893555
0.001020159
0.0017438616
0.004106794
0.0012555803
0.0011858259
0.0018659319
0.0015869141
0.0008893694
0.0008719308
0.0012642996
0.00082833425
0.0022757393
0.0014038086
0.0009416853
0.0044294083
0.0010550363
0.0012904576
0.0012468611
0.0007672991
0.0017089844
0.0019444057
0.0009852818
0.0031563896
0.00113351
0.0010811941
0.000819615
0.00079345703
0.0080130445
0.002859933
0.0012642996
0.0016915457
0.0064086914
0.008222307
0.004507882
0.0040021623
0.001839774
0.004098075
0.000819615
0.00071498327
0.0013514927
0.0037754604
0.0012032645
0.001159668
0.008719308
0.002066476
0.0015171596
0.005405971
0.0014125279
0.0034615654
0.0044904435
0.0062953406
0.00163923
0.0055454797
0.00068010605
0.0016217913
0.0011247908
0.0026245117
0.0026855469
0.002293178
0.0013514927
0.002293178
0.0011073521
0.0014822824
0.0031389508
0.005126953
0.0067313057
0.0030517578
0.0046822685
0.002546038
0.0052490234
0.00091552734
0.0031563896
0.0013166155
0.0029384068
0.0030517578
0.0019008091
0.0006626674
0.0036097935
0.0022583008
0.009155273
0.009844099
0.0018833706
0.002833775
0.0017438616
0.0012817383
0.0006888253
0.0010724749
0.001839774
0.002746582
0.0017089844
0.0010550363
0.0058157784
0.0016828264
0.0007760184
0.009094238
0.004865374
0.009172712
0.0015781948
0.0010550363
0.003226144
0.005824498
0.0025111607
0.013366699
0.0011683872
0.008954729
0.0008544922
0.0008719308
0.001159668
0.0006626674
0.0008632115
0.0006452288
0.00081089564
0.00089808874
0.00068010605
0.001159668
0.00081089564
0.0018833706
0.0004185268
0.0006888253
0.0008893694
0.0007847377
0.0007411412
0.0006539481
0.0016741072
0.0013078962
0.0015781948
0.0011771066
0.0025634766
0.00079345703
0.0028424945
0.0016566685
0.0014386858
0.0008370536
0.0007324219
0.0007672991
0.0011858259
0.00059291295
0.0013863699
0.000819615
0.0011683872
0.0010027204
0.0007324219
0.00093296595
0.00084577285
0.000819615
0.0009416853
0.00084577285
0.001813616
0.0049438477
0.0007672991
0.0015520368
0.0008632115
0.0010724749
0.0014386858
0.0013602121
0.0067051477
0.0024937221
0.003452846
0.00415911
0.004638672
0.0009591239
0.0016653879
0.0034092495
0.0017351423
0.0020839146
0.008082799
0.00071498327
0.0033220563
0.0012642996
0.002833775
0.0017525809
0.0027378628
0.0022495815
0.0017613003
0.0008370536
0.0010811941
0.0007847377
0.0010288784
0.0007324219
0.0016915457
0.0009416853
0.0008719308
0.0014474051
0.0011683872
0.00089808874
0.0008370536
0.0012555803
0.003819057
0.0014038086
0.0016566685
0.0008370536
0.0017002651
0.0013863699
0.00441197
0.0031912667
0.011631557
0.0019182478
0.0012468611
0.0035487583
0.0044206893
0.0012555803
0.0009591239
0.0010027204
0.0029820034
0.0021885464
0.0009940012
0.0016043527
0.0025373187
0.00089808874
0.0020315987
0.0026157924
0.0044904435
0.0018223354
0.0012119839
0.0024414062
0.005946568
0.0027553013
0.005257743
0.053222656
0.0538737
5.718609e-05
1.3196791e-05
4.3989303e-06
8.797861e-06
2.199465e-05
8.797861e-06
8.797861e-06
2.199465e-05
8.797861e-06
1.3196791e-05
4.3989303e-06
4.3989303e-06
4.3989303e-06
0.0
0.0
0.016984269
3.5191442e-05
0.00016276042
1.7595721e-05
3.079251e-05
1.7595721e-05
0.0003343187
0.00015396255
0.00016276042
1.3196791e-05
1.3196791e-05
1.3196791e-05
2.6393582e-05
1.7595721e-05
1.7595721e-05
1.7595721e-05
0.008309579
0.0001319679
3.079251e-05
4.3989303e-06
0.00016276042
2.199465e-05
1.3196791e-05
2.199465e-05
5.2787163e-05
3.5191442e-05
1.3196791e-05
8.797861e-06
6.598395e-05
8.79786e-05
1.3196791e-05
3.5191442e-05
0.015699781
0.0007434192
0.00012317004
3.959037e-05
7.478181e-05
7.918074e-05
0.0001759572
9.6776464e-05
6.158502e-05
3.959037e-05
3.079251e-05
0.000109973254
7.918074e-05
0.00010557433
0.000109973254
0.00044869087
0.0
0.0
0.0
0.0
0.0
0.0
0.0
0.0
0.0
0.0
0.0
0.0
0.0
0.0
0.0
0.0
0.013407939
7.478181e-05
0.0007126267
0.0002639358
0.00026833473
0.00015836148
0.0017551731
0.00095016893
0.00018035613
2.199465e-05
4.8388232e-05
3.079251e-05
5.2787163e-05
2.6393582e-05
3.5191442e-05
3.079251e-05
0.027009431
0.0005278716
0.0006158502
0.0004222973
0.00060705235
0.0005498663
0.00080940314
0.0007170256
0.000629047
0.000109973254
0.00015396255
0.00020235078
0.00048388232
0.00083139783
0.00050147803
0.0018651464
0.023129575
0.00106894
0.001385663
0.00077861064
0.00081380206
0.00052347267
0.0034487613
0.0020235078
0.000756616
0.0007918074
5.718609e-05
8.79786e-05
0.0003343187
1.3196791e-05
5.718609e-05
0.00076541386
0.0058681727
6.598395e-05
0.000109973254
0.00018035613
7.478181e-05
0.0002331433
0.00018035613
0.00019355293
0.00032112192
0.00014076577
0.00013636684
0.00016715935
0.00038710586
0.000109973254
0.00020235078
0.0006378449
0.03120601
0.0010029561
0.0011877111
0.0011833123
0.0011569186
0.0016144074
0.0016759924
0.0014648438
0.0019003379
0.0012888865
0.0005850577
0.0006862331
0.001130525
0.0006994299
0.001574817
0.0056966147
0.01887141
0.0013812641
0.0009633657
0.0006510417
0.0025689753
0.0013196791
0.0055162585
0.0023710234
0.0011261262
0.00052347267
0.0009853604
0.0006686374
0.0034619581
0.00065983954
0.0012492961
0.0027273367
0.028852584
0.0031452351
0.0058065876
0.0015396256
0.0072670327
0.0017199817
0.011094102
0.0037962766
0.0049268017
0.0010865357
0.0051995353
0.0011701154
0.011190878
0.002129082
0.0064576296
0.003717096
0.028672228
0.005296312
0.0046232757
0.0020586993
0.004469313
0.003277203
0.0066555813
0.004830025
0.0036599098
0.0018079603
0.003224416
0.0029384855
0.0054546734
0.001442849
0.0034487613
0.008230398
0.055813625
0.010218714
0.0065148156
0.006180497
0.016082488
0.019812781
0.0070866765
0.012888866
0.029129716
0.00378308
0.00390625
0.0043725367
0.011995883
0.0060309335
0.015317075
0.034109306
0.046703443
0.012185036
0.008160016
0.011921101
0.018743841
0.022663288
0.00966445
0.015088331
0.028518265
0.0041965796
0.007165857
0.010724592
0.015013549
0.008287584
0.015743772
0.03549057
0.0
0.0
0.0
0.0
0.0
0.0
0.0
0.0
0.0
0.0
0.0
0.0
0.0
0.0
0.0
0.0
406.0
11.376847
4619.0
0.021866204
0.002381468
0.02143321
0.004546439
0.004762936
0.0025979648
0.0008659883
0.0051959297
0.0019484737
0.002381468
0.0025979648
0.0015154795
0.0021649709
0.0051959297
0.0064949123
0.002381468
0.0067114094
0.0034639533
0.005845421
0.012123836
0.0019484737
0.002814462
0.0088763805
0.003030959
0.003030959
0.003030959
0.005412427
0.0036804504
0.0025979648
0.0012989824
0.0012989824
0.002381468
0.002381468
0.014288807
0.0041134446
0.0127733275
0.010391859
0.009092878
0.0147218015
0.012340333
0.008443386
0.0067114094
0.0010824854
0.0043299417
0.0064949123
0.008659883
0.0049794326
0.0067114094
0.011474345
0.0064949123
0.009742368
0.025763152
0.012123836
0.023381684
0.008659883
0.0147218015
0.0021649709
0.007793895
0.0015154795
0.0032474562
0.0049794326
0.005628924
0.0043299417
0.008226889
0.0049794326
0.027711626
0.006061918
0.015371293
0.016670275
0.0738255
0.014288807
0.02662914
0.011907339
0.030093094
0.006278415
0.005412427
0.041134443
0.010824854
0.03117558
0.027278632
0.014288807
0.0015154795
0.034639534
0.022082701
0.04200043
0.01710327
0.019051744
0.04308292
0.0051959297
0.005628924
0.0015154795
0.0021649709
0.0019484737
0.0019484737
0.0017319766
0.002814462
5.9144983
0.0
0.0
0.0
2.0
114688.0
647168.0
0.0
0.0
117.0
0.0
1.0
0.0
0.0
0.0
1010997800.0
0.0
0.0
0.0
0.0
0.0
1.0
0.0
0.0
0.0
0.0
0.0
0.0
-1.0
0.0
-1.0
-1.0
0.0
0.0
0.0
0.0
0.0
0.0
0.0
0.0
0.0
0.0
0.0
0.0
-1.0
0.0
0.0
0.0
0.0
0.0
0.0
0.0
0.0
0.0
0.0
0.0
0.0
-1.0
0.0
0.0
0.0
0.0
0.0
0.0
0.0
0.0
0.0
0.0
6.0
0.0
4.0
0.0
4.0
0.0
49152.0
4096.0
4096.0
4.0
0.0
0.0
1.0
2.0
0.0
0.0
0.0
0.0
0.0
0.0
0.0
0.0
0.0
0.0
0.0
0.0
0.0
0.0
4096.0
0.0
0.0
0.0
0.0
0.0
0.0
0.0
0.0
0.0
0.0
0.0
0.0
0.0
0.0
0.0
0.0
0.0
-16384.0
0.0
0.0
0.0
0.0
0.0
0.0
0.0
0.0
-49152.0
0.0
40960.0
0.0
0.0
0.0
0.0
0.0
0.0
0.0
0.0
0.0
0.0
0.0
0.0
0.0
0.0
0.0
0.0
0.0
0.0
0.0
0.0
5.4185505
0.0
0.0
0.0
0.0
0.0
0.0
0.0
0.0
0.0
0.0
0.0
0.0
0.0
0.0
0.0
0.0
0.0
-5.813732
0.0
0.0
0.0
0.0
0.0
0.0
0.0
0.0
-6.59249
0.0
5.3066883
0.0
0.0
0.0
0.0
0.0
0.0
0.0
0.0
0.0
0.0
0.0
0.0
0.0
0.0
0.0
0.0
0.0
0.0
0.0
0.0
4074.0
0.0
0.0
0.0
0.0
0.0
0.0
0.0
0.0
0.0
0.0
0.0
0.0
0.0
0.0
0.0
0.0
0.0
-545772.0
0.0
0.0
0.0
0.0
0.0
0.0
0.0
0.0
-46698.0
0.0
37160.0
0.0
0.0
0.0
0.0
0.0
0.0
0.0
0.0
0.0
-1.0
0.0
0.0
0.0
0.0
0.0
1.0
0.0
0.0
0.0
0.0
0.0
0.0
0.0
0.0
0.0
0.0
0.0
0.0
0.0
0.0
0.0
0.0
0.0
0.0
0.0
0.0
0.0
0.0
0.0
0.0
0.0
0.0
0.0
0.0
0.0
-2.0
0.0
0.0
0.0
1.0
0.0
0.0
0.0
0.0
0.0
0.0
0.0
0.0
0.0
0.0
0.0
0.0
0.0
0.0
0.0
0.0
0.0
0.0
0.0
-1.0
0.0
0.0
0.0
0.0
0.0
0.0
0.0
0.0
0.0
1.0
0.0
0.0
0.0
0.0
1.0
0.0
0.0
0.0
0.0
0.0
0.0
0.0
0.0
0.0
0.0
0.0
0.0
0.0
0.0
0.0
0.0
0.0
0.0
0.0
0.0
0.0
0.0
0.0
0.0
0.0
0.0
0.0
0.0
0.0
0.0
0.0
0.0
0.0
0.0
0.0
0.0
0.0
0.0
0.0
0.0
0.0
0.0
0.0
0.0
0.0
0.0
0.0
0.0
0.0
0.0
0.0
0.0
0.0
0.0
0.0
0.0
0.0
0.0
0.0
0.0
0.0
0.0
0.0
0.0
0.0
0.0
0.0
0.0
0.0
0.0
0.0
0.0
-1.0
0.0
0.0
0.0
0.0
0.0
0.0
0.0
0.0
0.0
0.0
0.0
0.0
0.0
0.0
0.0
0.0
0.0
0.0
0.0
0.0
0.0
0.0
0.0
0.0
0.0
0.0
0.0
0.0
0.0
0.0
0.0
0.0
0.0
0.0
0.0
0.0
0.0
0.0
0.0
0.0
0.0
0.0
0.0
0.0
0.0
0.0
0.0
0.0
-1.0
0.0
0.0
0.0
0.0
0.0
0.0
0.0
0.0
0.0
0.0
0.0
0.0
0.0
0.0
0.0
0.0
1.0
0.0
0.0
0.0
0.0
0.0
0.0
0.0
0.0
0.0
0.0
0.0
0.0
0.0
0.0
0.0
0.0
0.0
0.0
0.0
0.0
0.0
0.0
0.0
0.0
0.0
0.0
0.0
0.0
0.0
0.0
0.0
0.0
0.0
0.0
0.0
0.0
0.0
0.0
0.0
0.0
0.0
0.0
0.0
0.0
0.0
0.0
0.0
0.0
0.0
0.0
0.0
0.0
0.0
0.0
0.0
0.0
0.0
0.0
0.0
0.0
0.0
0.0
0.0
0.0
0.0
0.0
0.0
0.0
0.0
0.0
0.0
0.0
0.0
0.0
0.0
0.0
0.0
0.0
0.0
0.0
0.0
0.0
0.0
0.0
0.0
0.0
0.0
0.0
0.0
0.0
0.0
0.0
0.0
0.0
0.0
0.0
0.0
0.0
0.0
0.0
1.0
0.0
0.0
0.0
0.0
0.0
0.0
0.0
0.0
0.0
0.0
0.0
0.0
0.0
0.0
0.0
0.0
0.0
0.0
0.0
0.0
0.0
0.0
0.0
0.0
0.0
0.0
0.0
0.0
0.0
0.0
0.0
0.0
0.0
0.0
0.0
0.0
0.0
1.0
-1.0
0.0
0.0
0.0
0.0
0.0
0.0
0.0
0.0
0.0
0.0
0.0
0.0
0.0
0.0
0.0
0.0
0.0
0.0
0.0
0.0
0.0
0.0
0.0
0.0
0.0
0.0
0.0
0.0
0.0
0.0
0.0
-1.0
0.0
0.0
0.0
0.0
0.0
0.0
0.0
0.0
0.0
0.0
0.0
0.0
0.0
0.0
0.0
0.0
0.0
0.0
0.0
0.0
0.0
0.0
0.0
0.0
0.0
0.0
0.0
0.0
0.0
0.0
0.0
0.0
0.0
0.0
0.0
0.0
0.0
0.0
-1.0
0.0
0.0
0.0
0.0
0.0
0.0
0.0
-1.0
0.0
0.0
0.0
1.0
0.0
0.0
0.0
0.0
0.0
0.0
0.0
0.0
0.0
0.0
0.0
0.0
0.0
0.0
0.0
0.0
0.0
0.0
1.0
1.0
0.0
1.0
0.0
0.0
0.0
0.0
0.0
0.0
0.0
0.0
-1.0
0.0
0.0
0.0
0.0
0.0
0.0
0.0
0.0
0.0
0.0
0.0
0.0
1.0
0.0
0.0
0.0
0.0
0.0
0.0
0.0
0.0
0.0
0.0
0.0
0.0
0.0
0.0
0.0
1.0
0.0
0.0
0.0
0.0
0.0
0.0
0.0
0.0
1.0
0.0
0.0
0.0
0.0
0.0
0.0
0.0
0.0
1.0
0.0
0.0
0.0
0.0
1.0
0.0
0.0
0.0
0.0
0.0
-1.0
0.0
0.0
0.0
0.0
0.0
0.0
0.0
0.0
0.0
0.0
0.0
0.0
0.0
0.0
0.0
0.0
0.0
0.0
1.0
0.0
0.0
0.0
0.0
0.0
0.0
0.0
1.0
0.0
0.0
0.0
0.0
0.0
0.0
0.0
0.0
0.0
0.0
0.0
1.0
0.0
0.0
0.0
0.0
-1.0
0.0
0.0
0.0
-1.0
0.0
0.0
0.0
0.0
0.0
0.0
0.0
0.0
0.0
0.0
0.0
0.0
0.0
0.0
0.0
0.0
0.0
0.0
0.0
0.0
0.0
0.0
0.0
0.0
0.0
0.0
-1.0
0.0
0.0
0.0
1.0
0.0
0.0
0.0
0.0
0.0
0.0
0.0
0.0
0.0
0.0
0.0
0.0
0.0
0.0
0.0
0.0
0.0
0.0
0.0
0.0
0.0
0.0
0.0
0.0
0.0
0.0
0.0
-1.0
0.0
0.0
-1.0
0.0
0.0
-1.0
0.0
0.0
0.0
0.0
0.0
0.0
0.0
0.0
0.0
0.0
0.0
0.0
0.0
0.0
0.0
0.0
0.0
0.0
0.0
0.0
0.0
1.0
0.0
0.0
0.0
0.0
0.0
0.0
0.0
0.0
0.0
0.0
0.0
0.0
0.0
0.0
-1.0
0.0
0.0
1.0
0.0
0.0
0.0
0.0
0.0
0.0
0.0
0.0
0.0
0.0
0.0
0.0
0.0
0.0
0.0
0.0
0.0
0.0
0.0
0.0
0.0
0.0
0.0
0.0
0.0
0.0
0.0
0.0
0.0
0.0
0.0
0.0
0.0
0.0
0.0
0.0
0.0
0.0
0.0
0.0
0.0
0.0
0.0
-1.0
0.0
0.0
0.0
-1.0
0.0
0.0
0.0
0.0
0.0
0.0
0.0
0.0
0.0
0.0
0.0
0.0
1.0
0.0
0.0
0.0
0.0
0.0
0.0
0.0
0.0
0.0
0.0
0.0
0.0
1.0
0.0
0.0
0.0
0.0
0.0
0.0
0.0
0.0
0.0
0.0
0.0
0.0
0.0
-1.0
0.0
0.0
0.0
0.0
0.0
-1.0
0.0
0.0
0.0
0.0
0.0
0.0
0.0
0.0
0.0
0.0
0.0
0.0
0.0
0.0
-1.0
0.0
0.0
0.0
0.0
0.0
0.0
0.0
0.0
0.0
0.0
0.0
0.0
0.0
0.0
0.0
1.0
0.0
0.0
0.0
0.0
0.0
0.0
0.0
0.0
0.0
0.0
0.0
0.0
0.0
0.0
0.0
0.0
0.0
0.0
0.0
0.0
0.0
0.0
0.0
0.0
0.0
0.0
0.0
0.0
0.0
0.0
0.0
0.0
0.0
0.0
0.0
-1.0
0.0
0.0
-2.0
1.0
0.0
0.0
0.0
0.0
0.0
0.0
1.0
0.0
0.0
0.0
0.0
0.0
0.0
-1.0
0.0
0.0
0.0
-1.0
0.0
0.0
0.0
0.0
0.0
0.0
0.0
-1.0
0.0
0.0
0.0
0.0
0.0
1.0
0.0
1.0
0.0
0.0
0.0
0.0
0.0
0.0
0.0
0.0
0.0
0.0
0.0
0.0
0.0
0.0
0.0
0.0
0.0
0.0
0.0
0.0
0.0
0.0
0.0
0.0
0.0
-1.0
0.0
0.0
0.0
0.0
0.0
0.0
0.0
0.0
0.0
0.0
0.0
0.0
0.0
0.0
0.0
0.0
0.0
0.0
0.0
-1.0
0.0
0.0
0.0
0.0
0.0
0.0
1.0
0.0
0.0
-2.0
0.0
0.0
0.0
0.0
0.0
0.0
0.0
0.0
0.0
0.0
0.0
0.0
0.0
0.0
1.0
0.0
0.0
0.0
-1.0
0.0
0.0
0.0
0.0
0.0
0.0
0.0
0.0
0.0
0.0
0.0
-1.0
0.0
0.0
0.0
-1.0
0.0
0.0
1.0
0.0
0.0
0.0
0.0
0.0
0.0
0.0
0.0
0.0
0.0
0.0
0.0
0.0
0.0
0.0
0.0
0.0
1.0
0.0
1.0
0.0
0.0
0.0
0.0
0.0
2.0
0.0
0.0
0.0
0.0
1.0
0.0
0.0
0.0
-1.0
0.0
0.0
0.0
0.0
0.0
0.0
0.0
0.0
0.0
0.0
0.0
0.0
0.0
0.0
1.0
0.0
0.0
0.0
0.0
0.0
0.0
0.0
0.0
0.0
0.0
0.0
0.0
0.0
0.0
0.0
0.0
0.0
0.0
0.0
0.0
1.0
0.0
0.0
0.0
0.0
0.0
0.0
0.0
0.0
0.0
0.0
0.0
1.0
0.0
0.0
0.0
0.0
0.0
-1.0
0.0
0.0
0.0
0.0
0.0
0.0
0.0
0.0
0.0
-1.0
0.0
0.0
0.0
0.0
0.0
0.0
0.0
0.0
0.0
0.0
1.0
0.0
1.0
0.0
0.0
0.0
0.0
0.0
0.0
0.0
0.0
0.0
0.0
1.0
0.0
0.0
1.0
0.0
0.0
0.0
1.0
0.0
0.0
0.0
0.0
0.0
0.0
0.0
0.0
0.0
0.0
0.0
0.0
0.0
0.0
0.0
0.0
0.0
0.0
-1.0
0.0
0.0
0.0
0.0
0.0
1.0
0.0
0.0
0.0
-1.0
0.0
0.0
0.0
0.0
0.0
0.0
-1.0
0.0
0.0
0.0
0.0
0.0
0.0
1.0
0.0
0.0
-1.0
-1.0
0.0
0.0
0.0
-1.0
0.0
0.0
0.0
0.0
0.0
0.0
0.0
0.0
0.0
1.0
0.0
0.0
-1.0
0.0
0.0
0.0
0.0
0.0
0.0
0.0
0.0
0.0
0.0
0.0
0.0
0.0
0.0
0.0
-1.0
1.0
0.0
0.0
0.0
0.0
0.0
0.0
0.0
0.0
0.0
0.0
0.0
0.0
0.0
0.0
0.0
0.0
1.0
1.0
0.0
0.0
0.0
-1.0
0.0
0.0
1.0
0.0
0.0
0.0
0.0
0.0
1.0
0.0
0.0
0.0
0.0
0.0
0.0
0.0
0.0
0.0
0.0
0.0
0.0
-1.0
0.0
0.0
0.0
0.0
0.0
0.0
1.0
0.0
0.0
0.0
0.0
-1.0
0.0
0.0
0.0
0.0
0.0
0.0
0.0
1.0
-1.0
0.0
0.0
0.0
0.0
0.0
0.0
1.0
1.0
0.0
0.0
-1.0
0.0
0.0
-1.0
0.0
1.0
0.0
0.0
0.0
0.0
0.0
0.0
0.0
0.0
0.0
0.0
0.0
0.0
0.0
0.0
0.0
0.0
0.0
0.0
0.0
0.0
0.0
-1.0
0.0
0.0
0.0
0.0
0.0
0.0
0.0
0.0
0.0
-1.0
0.0
0.0
0.0
0.0
0.0
0.0
0.0
0.0
0.0
0.0
0.0
0.0
0.0
0.0
0.0
-1.0
-1.0
0.0
0.0
0.0
0.0
0.0
0.0
0.0
0.0
0.0
0.0
0.0
0.0
0.0
0.0
0.0
1.0
0.0
0.0
-1.0
0.0
0.0
0.0
0.0
0.0
-1.0
0.0
0.0
0.0
0.0
0.0
0.0
0.0
0.0
0.0
0.0
0.0
0.0
0.0
0.0
0.0
0.0
-1.0
0.0
0.0
0.0
0.0
0.0
0.0
0.0
0.0
0.0
0.0
0.0
0.0
0.0
0.0
0.0
0.0
0.0
1.0
0.0
0.0
0.0
0.0
0.0
0.0
0.0
0.0
0.0
0.0
0.0
0.0
0.0
0.0
0.0
0.0
0.0
0.0
0.0
0.0
0.0
0.0
0.0
0.0
0.0
0.0
0.0
0.0
0.0
0.0
0.0
0.0
0.0
0.0
0.0
0.0
0.0
0.0
0.0
0.0
0.0
0.0
0.0
0.0
0.0
0.0
0.0
0.0
0.0
0.0
0.0
0.0
0.0
0.0
0.0
0.0
0.0
0.0
0.0
0.0
0.0
0.0
0.0
0.0
0.0
0.0
0.0
0.0
0.0
0.0
0.0
0.0
0.0
0.0
0.0
0.0
0.0
0.0
0.0
0.0
0.0
0.0
0.0
0.0
0.0
0.0
0.0
0.0
0.0
0.0
0.0
0.0
0.0
0.0
0.0
0.0
0.0
0.0
0.0
0.0
0.0
0.0
0.0
0.0
0.0
0.0
0.0
0.0
0.0
0.0
0.0
0.0
0.0
0.0
0.0
0.0
0.0
0.0
0.0
0.0
0.0
0.0
0.0
0.0
0.0
0.0
0.0
0.0
0.0
0.0
0.0
0.0
0.0
100.0
54808.0
37160.0
606208.0
0.0
0.0
0.0
0.0
0.0
0.0
0.0
0.0
0.0
0.0
0.0
0.0
0.0
0.0
0.0
0.0
0.0
0.0
484.0
53248.0
0.0
0.0
0.0
0.0
