0.0018094395
4.504787e-05
2.4480356e-05
2.2273112e-05
3.9730414e-05
1.8460596e-05
8.929311e-06
9.631616e-06
5.0064336e-05
9.531286e-06
1.1337214e-05
6.922724e-06
3.120242e-05
1.3042813e-05
5.7187717e-06
2.2875087e-05
2.8593859e-05
4.51482e-06
3.310868e-06
3.5115265e-06
1.0434251e-05
1.4949071e-05
3.00988e-06
2.8092213e-06
9.531286e-06
2.5082334e-06
2.1069159e-06
2.1069159e-06
5.7187717e-06
2.5082334e-06
2.6085627e-06
3.4111972e-06
4.6151494e-05
3.5115265e-06
2.708892e-06
4.013173e-06
2.3176075e-05
4.7154786e-06
2.2072452e-06
1.203952e-06
5.3174545e-06
4.51482e-06
1.203952e-06
5.6184426e-06
3.00988e-06
2.407904e-06
1.2440837e-05
1.6052693e-06
1.1939191e-05
2.8092213e-06
4.3141613e-06
2.1671136e-05
5.0164667e-06
7.023053e-06
3.7121852e-06
2.2072452e-06
7.926017e-06
6.922724e-06
4.51482e-06
1.5149729e-05
5.8191013e-06
4.7154786e-06
3.1102093e-06
3.1102093e-06
8.698553e-05
1.1537873e-05
5.2171254e-06
8.4276635e-06
2.6286285e-05
4.053305e-05
1.6654669e-05
1.1838861e-05
1.1939191e-05
8.5279935e-06
3.5115265e-06
2.407904e-06
7.926017e-06
2.397871e-05
5.0164667e-06
4.615149e-06
2.8292872e-05
1.053458e-05
1.1537873e-05
1.8560926e-05
7.5247e-06
1.805928e-05
1.6754999e-05
1.4748412e-05
5.9194304e-06
1.4949071e-05
2.3075745e-06
5.0164667e-06
5.518113e-06
8.4276635e-06
1.0634909e-05
8.327334e-06
4.013173e-06
2.6286285e-05
3.4111972e-06
1.0434251e-05
1.3042813e-05
4.8960712e-05
1.0735238e-05
6.8223944e-06
1.8460596e-05
2.5282992e-05
1.795895e-05
4.51482e-06
1.9263232e-05
7.5247e-06
2.1570806e-05
2.7389908e-05
2.417937e-05
1.7055986e-06
2.9195835e-05
2.0868501e-05
6.471242e-05
5.367619e-05
9.731945e-06
9.430957e-06
1.3845448e-05
6.5214067e-06
1.9062572e-06
4.815808e-06
5.7187717e-06
1.1939191e-05
3.4111972e-06
2.6085627e-06
2.4279698e-05
7.1233826e-06
3.00988e-06
6.822395e-05
1.1437543e-05
3.1102092e-05
1.203952e-06
1.7055986e-06
1.5751704e-05
3.8526465e-05
1.203952e-05
9.571418e-05
2.8092213e-06
3.431263e-05
3.8125145e-06
6.621736e-06
0.9950736
1.0032933e-06
9.0296396e-07
1.4046107e-06
2.3075745e-06
8.327334e-06
3.310868e-06
3.00988e-06
1.9062572e-06
1.50494e-06
6.01976e-07
1.1036226e-06
1.4046107e-06
3.00988e-07
1.7055986e-06
0.0004067351
7.4243703e-06
6.421077e-06
2.2072452e-06
5.518113e-06
1.7055986e-06
2.2072452e-06
1.1036226e-06
7.0230533e-07
3.4111972e-06
1.4046107e-06
1.1036226e-06
1.203952e-06
1.3042813e-06
1.0032933e-07
4.0131732e-07
5.0164664e-07
2.2072452e-06
5.0164664e-07
8.0263464e-07
4.013173e-06
9.631616e-06
8.0263464e-07
2.6085627e-06
3.912844e-06
5.3174545e-06
1.203952e-06
2.0065866e-06
1.50494e-06
1.50494e-06
2.3075745e-06
4.916137e-06
3.00988e-06
2.6687601e-05
1.4949071e-05
4.615149e-06
2.237344e-05
1.7156315e-05
1.203952e-06
7.4243703e-06
1.936356e-05
7.725358e-06
6.621736e-06
1.9062572e-06
1.6052693e-06
7.926017e-06
9.0296396e-07
2.0065866e-06
2.6085627e-06
3.7121852e-06
4.51482e-06
5.6184426e-06
3.1102093e-06
2.3075745e-06
8.0263464e-07
1.3042813e-06
1.203952e-06
5.417784e-06
1.0032933e-06
1.9062572e-06
2.9095506e-06
3.310868e-06
2.0065866e-07
1.3042813e-06
1.203952e-06
7.725358e-06
2.5082334e-06
1.0032933e-06
9.0296396e-07
5.3174545e-06
2.1069159e-06
2.9095506e-06
1.1036226e-06
4.053305e-05
1.1236885e-05
2.0065866e-06
2.5784639e-05
1.4447423e-05
9.0296396e-07
1.8059279e-06
2.9095506e-06
1.4146436e-05
2.708892e-06
6.01976e-07
5.6184426e-06
1.2842154e-05
9.0296396e-07
1.2440837e-05
1.8861914e-05
2.6085627e-05
7.2237117e-06
3.8125145e-06
4.3141613e-06
2.8192542e-05
4.3141613e-06
7.825688e-06
0.00013564526
0.00020550762
0.0
0.0
0.0
0.0
0.0
0.0
0.0
0.0
0.9952734
0.0
0.0
0.0
0.0
0.0
0.0
0.00011118284
0.0
3.512093e-07
4.0138207e-07
6.020731e-07
3.512093e-07
3.7127843e-06
1.5553555e-06
0.0
0.00019005442
0.0
5.017276e-08
0.0
0.0
0.0
0.0
0.0
0.0
0.0
0.0
0.0
0.0
0.0
0.0
0.0
0.0
0.0
0.0
0.0
0.0
0.0
0.0
0.0001819766
3.2110565e-06
3.1608838e-06
2.508638e-07
1.7560466e-06
2.2577742e-06
3.0103656e-06
1.4550101e-06
2.057083e-06
4.0138207e-07
1.1038007e-06
4.0138207e-07
5.5190037e-07
6.522459e-07
8.0276413e-07
2.4584651e-06
0.00013601835
5.017276e-08
1.0034552e-07
1.5051828e-07
2.960193e-06
1.7058738e-06
8.127987e-06
4.565721e-06
0.0
5.1376905e-05
5.017276e-08
2.0069103e-07
1.0034552e-07
5.017276e-08
5.017276e-08
0.0
0.0
0.0
0.0
0.0
0.0
0.0
0.0
0.0
0.0
0.0
0.0
0.0
0.0
0.0
0.0
0.0
0.00021609408
1.0034552e-06
1.0686798e-05
5.26814e-06
1.4449754e-05
7.525914e-06
3.216074e-05
1.47006185e-05
1.9065649e-06
3.0103655e-07
1.5051828e-07
6.020731e-07
6.522459e-07
1.5051828e-07
6.020731e-07
2.0069103e-06
0.0003265745
4.114166e-06
2.2527569e-05
1.20414625e-05
1.2844226e-05
7.82695e-06
6.5726315e-05
3.7529226e-05
7.927296e-06
1.254319e-06
1.5051828e-06
2.057083e-06
1.6557011e-06
1.1539735e-06
1.0034552e-06
8.027641e-06
0.00013275712
4.264685e-06
2.3581197e-06
2.0069103e-06
6.522459e-06
6.873668e-06
3.2110565e-06
5.6695217e-06
1.1840772e-05
2.2577742e-06
1.1539735e-06
8.529369e-07
5.870213e-06
1.1539735e-06
5.920386e-06
1.2794054e-05
0.00019823258
2.4082924e-06
1.6958393e-05
1.1690253e-05
2.8096745e-05
1.3596818e-05
7.0793765e-05
4.30984e-05
7.82695e-06
1.254319e-06
6.522459e-07
2.6591563e-06
2.107256e-06
8.0276413e-07
1.2041462e-06
9.63317e-06
3.13078e-05
7.525914e-07
6.0207312e-06
3.6124386e-06
5.8200403e-06
3.3114022e-06
2.779571e-05
1.9567377e-05
4.0138207e-07
9.5328244e-07
4.0138207e-07
5.017276e-07
2.0069103e-07
5.017276e-07
4.0138207e-07
1.2041462e-06
0.0
0.0
0.0
0.0
0.0
0.0
0.0
0.0
0.0
0.0
0.0
0.0
0.0
0.0
0.0
0.0
5.197898e-05
5.3684853e-06
2.307947e-06
2.057083e-06
1.5302692e-05
1.1941117e-05
3.6626116e-06
6.0207312e-06
3.4769724e-05
5.26814e-06
1.3546645e-06
2.5588108e-06
1.1640081e-05
1.1038007e-06
1.4048373e-05
3.6124387e-05
0.00028227194
3.9385617e-05
2.7494672e-05
3.4669378e-05
0.00010752022
7.034221e-05
2.363137e-05
6.241491e-05
0.00016883134
2.0771522e-05
1.2442844e-05
1.6958393e-05
6.4622516e-05
1.5202346e-05
5.5390727e-05
0.00012834193
0.00021564252
4.0288727e-05
3.085625e-05
3.7729915e-05
7.8670884e-05
5.9655413e-05
2.1373597e-05
6.6579254e-05
0.00012191981
1.2442844e-05
1.7761156e-05
1.9165995e-05
5.7347464e-05
1.8965304e-05
4.3248918e-05
8.313626e-05
0.0
0.0
0.0
0.0
0.0
0.0
0.0
0.0
0.0
0.0
0.0
0.0
0.0
0.0
0.0
0.0
243.0
17.11111
4158.0
0.07022607
0.0021645022
0.0007215007
0.00024050025
0.000962001
0.0014430014
0.0
0.00024050025
0.005050505
0.0045695044
0.0
0.0004810005
0.0
0.0031265032
0.024050023
0.0012025012
0.00937951
0.0031265032
0.0062530064
0.013227513
0.001924002
0.0033670033
0.0055315057
0.0016835016
0.0031265032
0.0012025012
0.001924002
0.0004810005
0.00024050025
0.00024050025
0.00024050025
0.0004810005
0.0026455026
0.01034151
0.0033670033
0.008658009
0.013468013
0.008417509
0.0074555073
0.0074555073
0.006012506
0.0036075036
0.000962001
0.0014430014
0.0036075036
0.006974507
0.0024050025
0.0031265032
0.00937951
0.0007215007
0.008417509
0.013468013
0.0045695044
0.0031265032
0.005291005
0.00986051
0.0012025012
0.0007215007
0.0007215007
0.0004810005
0.0036075036
0.0004810005
0.0004810005
0.0007215007
0.0016835016
0.053631555
0.005050505
0.02068302
0.018518519
0.103174604
0.007936508
0.0115440115
0.013468013
0.05098605
0.0012025012
0.0067340066
0.036315538
0.015392016
0.044973545
0.055315055
0.02020202
0.0
0.04858105
0.036796536
0.05146705
0.022847522
0.006974507
0.008898509
0.02068302
0.004810005
0.0024050025
0.008417509
0.0
0.0
0.0
0.0012025012
5.303963
1.0
0.0
0.0
1.0
9967175.0
57344.0
0.0
0.0
54.0
0.0
1.0
0.0
0.0
0.0
1083884500.0
0.0
0.0
0.0
0.0
0.0
1.0
0.0
0.0
0.0
0.0
0.0
0.0
-1.0
0.0
-1.0
-1.0
0.0
0.0
0.0
0.0
0.0
0.0
0.0
0.0
0.0
0.0
0.0
0.0
-1.0
0.0
0.0
0.0
0.0
0.0
0.0
0.0
0.0
0.0
0.0
0.0
0.0
-1.0
0.0
0.0
0.0
0.0
0.0
0.0
0.0
0.0
0.0
0.0
6.0
0.0
4.0
0.0
4.0
0.0
24576.0
4096.0
4096.0
5.0
0.0
0.0
1.0
1.0
0.0
0.0
4096.0
0.0
0.0
0.0
0.0
0.0
0.0
0.0
0.0
0.0
0.0
0.0
4096.0
0.0
0.0
0.0
0.0
0.0
0.0
0.0
0.0
0.0
0.0
0.0
0.0
0.0
0.0
0.0
0.0
0.0
-8192.0
0.0
0.0
0.0
0.0
0.0
0.0
0.0
0.0
-24576.0
0.0
4096.0
0.0
0.0
0.0
0.0
0.0
0.0
0.0
0.0
0.0
0.0
0.0
0.0
0.0
0.0
0.0
0.0
0.0
0.0
0.0
0.0
5.297788
0.0
0.0
0.0
0.0
0.0
0.0
0.0
0.0
0.0
0.0
0.0
0.0
0.0
0.0
0.0
0.0
0.0
-3.429211
0.0
0.0
0.0
0.0
0.0
0.0
0.0
0.0
-6.5496798
0.0
3.7997313
0.0
0.0
0.0
0.0
0.0
0.0
0.0
0.0
3942.0
0.0
0.0
0.0
0.0
0.0
0.0
0.0
0.0
0.0
0.0
0.0
2476.0
0.0
0.0
0.0
0.0
0.0
0.0
0.0
0.0
0.0
0.0
0.0
0.0
0.0
0.0
0.0
0.0
0.0
-13432.0
0.0
0.0
0.0
0.0
0.0
0.0
0.0
0.0
-23376.0
0.0
2392.0
0.0
0.0
0.0
0.0
0.0
0.0
0.0
0.0
0.0
-1.0
0.0
0.0
0.0
0.0
0.0
1.0
0.0
0.0
0.0
0.0
0.0
0.0
0.0
0.0
0.0
0.0
0.0
0.0
0.0
0.0
0.0
0.0
0.0
0.0
0.0
0.0
0.0
0.0
0.0
0.0
0.0
0.0
0.0
0.0
0.0
-2.0
0.0
0.0
0.0
1.0
0.0
0.0
0.0
0.0
0.0
0.0
0.0
0.0
0.0
0.0
0.0
0.0
0.0
0.0
0.0
0.0
0.0
0.0
0.0
-1.0
0.0
0.0
0.0
0.0
0.0
0.0
0.0
0.0
0.0
1.0
0.0
0.0
0.0
0.0
1.0
0.0
0.0
0.0
0.0
0.0
0.0
0.0
0.0
0.0
0.0
0.0
0.0
0.0
0.0
0.0
0.0
0.0
0.0
0.0
0.0
0.0
0.0
0.0
0.0
0.0
0.0
0.0
0.0
0.0
0.0
0.0
0.0
0.0
0.0
0.0
0.0
0.0
0.0
0.0
0.0
0.0
0.0
0.0
0.0
0.0
0.0
0.0
0.0
0.0
0.0
0.0
-1.0
0.0
0.0
0.0
0.0
0.0
0.0
0.0
0.0
0.0
0.0
0.0
0.0
0.0
0.0
0.0
0.0
0.0
0.0
0.0
0.0
0.0
0.0
0.0
0.0
0.0
0.0
0.0
0.0
0.0
0.0
0.0
0.0
0.0
0.0
0.0
0.0
0.0
0.0
0.0
0.0
0.0
0.0
0.0
0.0
0.0
0.0
0.0
0.0
0.0
0.0
0.0
0.0
0.0
0.0
0.0
0.0
0.0
0.0
0.0
0.0
0.0
0.0
0.0
0.0
0.0
0.0
0.0
0.0
0.0
-1.0
0.0
0.0
0.0
0.0
0.0
0.0
0.0
0.0
0.0
0.0
0.0
0.0
0.0
0.0
0.0
0.0
1.0
0.0
0.0
0.0
0.0
0.0
0.0
0.0
0.0
0.0
0.0
0.0
0.0
0.0
0.0
0.0
0.0
0.0
0.0
0.0
0.0
0.0
0.0
0.0
0.0
0.0
0.0
0.0
0.0
0.0
0.0
0.0
0.0
0.0
0.0
0.0
0.0
0.0
0.0
0.0
0.0
0.0
0.0
0.0
0.0
0.0
0.0
0.0
0.0
0.0
0.0
0.0
0.0
0.0
0.0
0.0
0.0
0.0
0.0
0.0
0.0
0.0
0.0
0.0
0.0
0.0
0.0
0.0
0.0
0.0
0.0
0.0
0.0
0.0
0.0
0.0
0.0
0.0
0.0
0.0
0.0
0.0
0.0
0.0
0.0
0.0
0.0
0.0
0.0
0.0
0.0
0.0
0.0
0.0
0.0
0.0
0.0
0.0
0.0
0.0
0.0
0.0
0.0
0.0
0.0
0.0
0.0
0.0
0.0
0.0
0.0
0.0
0.0
0.0
0.0
0.0
0.0
0.0
0.0
0.0
0.0
0.0
0.0
0.0
0.0
0.0
0.0
0.0
0.0
0.0
0.0
0.0
0.0
0.0
0.0
0.0
0.0
0.0
0.0
0.0
0.0
0.0
0.0
0.0
0.0
0.0
0.0
0.0
0.0
0.0
0.0
0.0
0.0
0.0
0.0
0.0
0.0
0.0
0.0
0.0
0.0
0.0
0.0
0.0
0.0
0.0
0.0
0.0
0.0
0.0
0.0
0.0
0.0
0.0
0.0
0.0
0.0
0.0
0.0
0.0
0.0
0.0
0.0
0.0
0.0
0.0
-1.0
0.0
0.0
0.0
0.0
0.0
0.0
0.0
0.0
0.0
0.0
0.0
0.0
0.0
0.0
0.0
0.0
0.0
0.0
0.0
0.0
0.0
0.0
0.0
0.0
0.0
0.0
0.0
0.0
0.0
0.0
0.0
0.0
0.0
0.0
0.0
0.0
1.0
0.0
0.0
0.0
0.0
0.0
0.0
0.0
0.0
0.0
0.0
0.0
0.0
0.0
0.0
0.0
0.0
0.0
0.0
0.0
0.0
0.0
1.0
0.0
0.0
0.0
0.0
1.0
0.0
0.0
0.0
0.0
0.0
0.0
0.0
0.0
0.0
0.0
0.0
0.0
0.0
0.0
0.0
0.0
1.0
0.0
0.0
0.0
0.0
0.0
0.0
0.0
0.0
0.0
0.0
0.0
0.0
0.0
0.0
0.0
0.0
0.0
0.0
0.0
0.0
0.0
0.0
0.0
0.0
0.0
0.0
0.0
0.0
0.0
0.0
0.0
0.0
0.0
0.0
0.0
0.0
0.0
0.0
0.0
0.0
0.0
0.0
0.0
0.0
-1.0
0.0
0.0
0.0
0.0
0.0
0.0
0.0
0.0
0.0
0.0
0.0
0.0
0.0
0.0
0.0
0.0
0.0
0.0
0.0
0.0
0.0
0.0
0.0
0.0
0.0
0.0
0.0
0.0
0.0
0.0
0.0
0.0
0.0
0.0
0.0
0.0
0.0
0.0
0.0
0.0
0.0
0.0
0.0
0.0
0.0
0.0
0.0
-1.0
0.0
0.0
0.0
0.0
0.0
0.0
0.0
0.0
0.0
0.0
0.0
0.0
0.0
0.0
0.0
0.0
0.0
0.0
0.0
0.0
0.0
0.0
0.0
0.0
0.0
0.0
0.0
0.0
0.0
0.0
1.0
0.0
0.0
0.0
0.0
0.0
0.0
0.0
0.0
0.0
0.0
0.0
0.0
0.0
0.0
0.0
0.0
0.0
0.0
0.0
0.0
0.0
0.0
0.0
0.0
0.0
0.0
0.0
-1.0
0.0
0.0
0.0
0.0
0.0
0.0
0.0
0.0
0.0
0.0
0.0
0.0
0.0
0.0
0.0
0.0
0.0
0.0
0.0
0.0
0.0
0.0
0.0
0.0
0.0
0.0
0.0
0.0
0.0
0.0
0.0
0.0
0.0
0.0
0.0
0.0
0.0
0.0
0.0
0.0
0.0
0.0
-1.0
0.0
0.0
1.0
0.0
0.0
0.0
0.0
0.0
0.0
0.0
0.0
0.0
0.0
0.0
0.0
0.0
0.0
0.0
0.0
0.0
0.0
0.0
0.0
0.0
0.0
0.0
0.0
0.0
0.0
0.0
0.0
0.0
0.0
0.0
0.0
0.0
0.0
0.0
0.0
0.0
0.0
0.0
0.0
0.0
0.0
0.0
-1.0
0.0
0.0
0.0
-1.0
0.0
0.0
0.0
0.0
0.0
0.0
0.0
0.0
0.0
0.0
0.0
0.0
0.0
0.0
0.0
0.0
0.0
0.0
0.0
0.0
0.0
0.0
0.0
0.0
0.0
0.0
0.0
0.0
0.0
0.0
0.0
0.0
0.0
0.0
1.0
0.0
0.0
0.0
0.0
0.0
0.0
0.0
0.0
0.0
0.0
-1.0
0.0
0.0
0.0
0.0
0.0
0.0
0.0
0.0
0.0
0.0
0.0
0.0
0.0
0.0
0.0
0.0
0.0
0.0
0.0
0.0
0.0
0.0
0.0
0.0
0.0
0.0
0.0
0.0
0.0
0.0
1.0
0.0
0.0
0.0
0.0
0.0
0.0
0.0
0.0
0.0
0.0
0.0
0.0
0.0
0.0
0.0
0.0
0.0
0.0
0.0
0.0
0.0
0.0
0.0
0.0
0.0
0.0
0.0
0.0
0.0
0.0
0.0
0.0
0.0
0.0
0.0
0.0
0.0
0.0
-1.0
0.0
0.0
0.0
0.0
0.0
0.0
0.0
0.0
0.0
0.0
0.0
0.0
0.0
0.0
0.0
0.0
0.0
0.0
-1.0
0.0
0.0
0.0
0.0
0.0
0.0
0.0
0.0
0.0
0.0
0.0
0.0
0.0
0.0
0.0
0.0
0.0
0.0
0.0
0.0
0.0
0.0
0.0
0.0
0.0
0.0
0.0
0.0
0.0
0.0
0.0
0.0
0.0
0.0
0.0
0.0
0.0
0.0
0.0
0.0
0.0
0.0
0.0
0.0
0.0
0.0
0.0
0.0
0.0
0.0
0.0
0.0
0.0
0.0
0.0
0.0
0.0
0.0
0.0
0.0
0.0
0.0
0.0
0.0
0.0
0.0
0.0
0.0
1.0
0.0
0.0
-2.0
0.0
0.0
0.0
0.0
0.0
0.0
0.0
0.0
0.0
0.0
0.0
0.0
0.0
0.0
1.0
0.0
0.0
0.0
-1.0
0.0
0.0
0.0
0.0
0.0
0.0
0.0
0.0
0.0
0.0
0.0
-1.0
0.0
0.0
0.0
0.0
0.0
0.0
1.0
0.0
0.0
0.0
0.0
0.0
0.0
0.0
0.0
0.0
0.0
0.0
0.0
0.0
0.0
0.0
0.0
0.0
1.0
0.0
1.0
0.0
0.0
0.0
0.0
0.0
1.0
0.0
0.0
0.0
0.0
0.0
0.0
0.0
0.0
-1.0
0.0
0.0
0.0
0.0
0.0
0.0
0.0
0.0
0.0
0.0
0.0
0.0
0.0
0.0
1.0
0.0
0.0
0.0
0.0
0.0
0.0
0.0
0.0
0.0
0.0
0.0
0.0
0.0
0.0
0.0
0.0
0.0
0.0
0.0
0.0
0.0
0.0
0.0
0.0
0.0
0.0
0.0
0.0
0.0
0.0
0.0
0.0
0.0
0.0
0.0
0.0
0.0
0.0
0.0
0.0
0.0
0.0
0.0
0.0
0.0
0.0
0.0
0.0
-1.0
0.0
0.0
0.0
0.0
0.0
0.0
0.0
0.0
0.0
0.0
0.0
0.0
0.0
0.0
0.0
0.0
0.0
0.0
0.0
0.0
0.0
0.0
0.0
1.0
0.0
0.0
0.0
0.0
0.0
0.0
1.0
0.0
0.0
0.0
0.0
0.0
0.0
0.0
0.0
0.0
0.0
0.0
0.0
0.0
0.0
0.0
0.0
0.0
0.0
0.0
0.0
0.0
0.0
0.0
0.0
1.0
0.0
0.0
0.0
0.0
0.0
0.0
0.0
0.0
0.0
0.0
-1.0
0.0
0.0
0.0
0.0
0.0
0.0
0.0
0.0
0.0
-1.0
0.0
0.0
0.0
0.0
0.0
0.0
0.0
0.0
0.0
0.0
0.0
0.0
0.0
0.0
1.0
0.0
0.0
0.0
0.0
0.0
0.0
0.0
0.0
0.0
0.0
0.0
0.0
0.0
0.0
0.0
0.0
0.0
0.0
-1.0
1.0
0.0
0.0
0.0
0.0
0.0
0.0
0.0
0.0
0.0
0.0
0.0
0.0
0.0
0.0
0.0
0.0
0.0
1.0
0.0
0.0
0.0
-1.0
0.0
0.0
0.0
0.0
0.0
0.0
0.0
0.0
1.0
0.0
0.0
0.0
0.0
0.0
0.0
0.0
0.0
0.0
0.0
0.0
0.0
0.0
0.0
0.0
0.0
0.0
0.0
0.0
0.0
0.0
0.0
0.0
0.0
-1.0
0.0
0.0
0.0
0.0
0.0
0.0
0.0
0.0
0.0
0.0
0.0
0.0
0.0
0.0
0.0
0.0
0.0
0.0
0.0
0.0
0.0
0.0
-1.0
0.0
0.0
0.0
0.0
0.0
0.0
0.0
0.0
0.0
0.0
0.0
0.0
0.0
0.0
0.0
0.0
0.0
0.0
0.0
0.0
0.0
0.0
0.0
-1.0
0.0
0.0
0.0
0.0
0.0
0.0
0.0
0.0
0.0
0.0
0.0
0.0
0.0
0.0
0.0
0.0
0.0
0.0
0.0
0.0
0.0
0.0
0.0
0.0
0.0
-1.0
-1.0
0.0
0.0
0.0
0.0
0.0
0.0
0.0
0.0
0.0
0.0
0.0
0.0
0.0
0.0
0.0
0.0
0.0
0.0
0.0
0.0
0.0
0.0
0.0
0.0
-1.0
0.0
0.0
0.0
0.0
0.0
0.0
0.0
0.0
0.0
0.0
0.0
0.0
0.0
0.0
0.0
0.0
0.0
0.0
0.0
0.0
0.0
0.0
0.0
0.0
0.0
0.0
0.0
0.0
0.0
0.0
0.0
0.0
0.0
0.0
0.0
0.0
0.0
0.0
0.0
0.0
0.0
0.0
0.0
0.0
0.0
0.0
0.0
0.0
0.0
0.0
0.0
0.0
0.0
0.0
0.0
0.0
0.0
0.0
0.0
0.0
0.0
0.0
0.0
0.0
0.0
0.0
0.0
0.0
0.0
0.0
0.0
0.0
0.0
0.0
0.0
0.0
0.0
0.0
0.0
0.0
0.0
0.0
0.0
0.0
0.0
0.0
0.0
0.0
0.0
0.0
0.0
0.0
0.0
0.0
0.0
0.0
0.0
0.0
0.0
0.0
0.0
0.0
0.0
0.0
0.0
0.0
0.0
0.0
0.0
0.0
0.0
0.0
0.0
0.0
0.0
0.0
0.0
0.0
0.0
0.0
0.0
0.0
0.0
0.0
0.0
0.0
0.0
0.0
0.0
0.0
0.0
0.0
0.0
0.0
0.0
0.0
0.0
0.0
0.0
0.0
0.0
0.0
0.0
0.0
0.0
0.0
0.0
0.0
0.0
0.0
0.0
0.0
0.0
0.0
0.0
0.0
0.0
0.0
0.0
0.0
0.0
0.0
0.0
0.0
0.0
0.0
0.0
0.0
80.0
29892.0
2392.0
49152.0
0.0
0.0
0.0
0.0
0.0
0.0
0.0
0.0
0.0
0.0
0.0
0.0
0.0
0.0
0.0
0.0
0.0
0.0
228.0
28672.0
0.0
0.0
0.0
0.0
