0.029167825
0.0036859675
0.014098081
0.002636808
0.001742638
0.0023268291
0.008760879
0.00291102
0.0031892064
0.0024698963
0.008156817
0.0017784048
0.004292016
0.010406152
0.0052219527
0.0027798752
0.0012756826
0.0011266542
0.0041310657
0.0021599173
0.003580654
0.0009696777
0.0031136987
0.0010968485
0.0009299368
0.0012021619
0.0044787982
0.0010392242
0.0025771966
0.0011008226
0.0056352583
0.00073123234
0.0009438461
0.0008285975
0.024196241
0.0010451854
0.0024758575
0.001518102
0.0017565474
0.0018519254
0.00078090845
0.0008444939
0.002324842
0.0014088146
0.001249851
0.0007193101
0.0029289036
0.004975559
0.0016035449
0.002052617
0.0030242817
0.0014088146
0.0017943012
0.0014565036
0.0023765052
0.002674562
0.002271192
0.001653221
0.0028076938
0.0016691174
0.0012677343
0.0016552081
0.0038290347
0.0042800936
0.0019373683
0.006785757
0.010889004
0.0069526685
0.0024798315
0.0019254461
0.005404761
0.0046516713
0.0076560825
0.0011862655
0.0065810913
0.00496165
0.001204149
0.0046357745
0.00317331
0.0046178913
0.0014624647
0.0025334817
0.0039601796
0.0123653775
0.005537893
0.0058895997
0.004975559
0.007588523
0.0010928744
0.0021281247
0.0058121053
0.0020804356
0.0020327466
0.002241386
0.0012220324
0.0019890314
0.0012240194
0.013211858
0.011842785
0.0060584988
0.019427333
0.014167627
0.004683464
0.008876127
0.01107976
0.011179112
0.0061896434
0.004596034
0.011646068
0.0053908518
0.012216349
0.004323809
0.009112586
0.005450463
0.017797958
0.006805627
0.008774788
0.0015121409
0.005090808
0.001341255
0.0045523187
0.0040476094
0.002146008
0.0013054882
0.0010133927
0.0010094186
0.0047112824
0.0015618169
0.0011127449
0.011191035
0.0048861424
0.009327187
0.0014644518
0.0014902834
0.0021718396
0.023198744
0.0008663514
0.014781624
0.0009895482
0.008971506
0.0010511465
0.00095378136
0.0051822118
0.00063188013
0.00091801456
0.0011544728
0.0011405635
0.0011564599
0.00066367286
0.0006934785
0.0008285975
0.00058419106
0.00060008746
0.0007193101
0.00077494734
0.00095775543
0.00068950444
0.0008564162
0.0013472162
0.0008623773
0.00061399676
0.0007689862
0.00088820886
0.0006656599
0.00075308984
0.00075308984
0.0011584469
0.00068155624
0.0009796129
0.0009696777
0.0008285975
0.0007928307
0.00084648095
0.0009955093
0.0010054446
0.00064976356
0.0005603465
0.0006298931
0.0014008663
0.0008564162
0.0032209991
0.0011763304
0.002235425
0.0015022056
0.0018101975
0.0010312761
0.0017764177
0.0012876048
0.00138497
0.0014545165
0.00646783
0.0025434168
0.0022870882
0.0034117554
0.002146008
0.0016234154
0.0031594008
0.007828956
0.0013193975
0.0022235028
0.0007948178
0.0007630251
0.00083853275
0.0006179708
0.0012856178
0.00089615706
0.0017247546
0.0013134364
0.0021698526
0.0015936097
0.0011107578
0.0007054008
0.00091801456
0.0010352501
0.0020446687
0.0009299368
0.00084648095
0.0015419465
0.00077494734
0.0007868696
0.00096769066
0.0012657474
0.0017028971
0.0009120534
0.0010531335
0.0009140404
0.0011047968
0.0010114056
0.0007650121
0.0008564162
0.0087509435
0.004228431
0.0012736955
0.0029706315
0.0022552954
0.001253825
0.0009855741
0.0010531335
0.0016651433
0.001116719
0.001071017
0.0016492469
0.0010571077
0.0007232842
0.002056591
0.0019870445
0.001917498
0.0015339983
0.0019711482
0.0017605214
0.0015896356
0.0016850138
0.003302468
0.029757978
0.11695147
0.018533165
0.0
0.0
0.0
0.0
0.0
0.0
0.0
0.0
0.0
0.0
0.0
0.0
0.0
0.0
0.0
0.0
0.0019730548
7.971938e-06
7.971938e-06
4.9824616e-06
1.694037e-05
1.9929846e-06
3.985969e-06
2.989477e-06
1.0961416e-05
9.964923e-07
2.989477e-06
9.964923e-07
9.964923e-07
9.964923e-07
1.9929846e-06
9.964923e-07
0.0
8.968431e-06
5.978954e-06
9.964923e-06
4.185268e-05
1.694037e-05
7.9719386e-05
4.7831632e-05
0.0
0.0
0.0
0.0
0.0
0.0
0.0
0.0018295599
0.0
1.8933355e-05
8.7691325e-05
8.968431e-05
0.0001554528
0.0001046317
0.0003806601
0.00019730549
0.0
0.0
0.0
0.0
0.0
0.0
0.0
0.0071289064
0.0
0.0
0.0
0.0
0.0
0.0
0.0
0.0
0.0
0.0
0.0
0.0
0.0
0.0
0.0
0.0
0.0016651388
0.00022221779
2.6905293e-05
0.00010263871
0.0002999442
5.978954e-05
0.00037069514
0.0001415019
2.8898277e-05
1.4947385e-05
6.9754465e-06
1.0961416e-05
4.9824616e-06
4.9824616e-06
3.985969e-06
0.0031578843
0.0024424028
0.00024214764
0.00020129145
8.7691325e-05
0.006875797
0.0061194594
0.024016462
0.008327686
2.491231e-05
9.964923e-06
1.0961416e-05
1.3950893e-05
1.1957908e-05
1.694037e-05
1.4947385e-05
0.0026038345
0.006430365
0.00048429528
0.0002999442
0.00038165657
0.026870416
0.023788266
0.085003786
0.031453285
8.171237e-05
3.5873723e-05
2.6905293e-05
2.5908801e-05
5.978954e-05
2.1922831e-05
3.2884247e-05
0.00255401
0.004642658
0.00088986766
0.0002481266
0.00034677933
0.00017936862
0.00021125638
0.00043048468
0.0003109056
8.968431e-05
6.277902e-05
6.4772e-05
7.274394e-05
0.00011260364
5.1817602e-05
6.377551e-05
0.0024264588
0.0036381935
0.0011160715
0.0003517618
0.0010154257
0.00045440052
0.00034976882
0.0007493622
0.00041254784
0.0002341757
0.00011957908
0.000100645724
0.0001305405
0.00022720026
0.00011957908
0.000120575576
0.007186703
0.014915497
0.0029825016
0.0018484934
0.0038753587
0.0038733657
0.0029366629
0.0049286513
0.0028200734
0.001825574
0.00042151628
0.00035873725
0.0005311304
0.0019660795
0.0003268495
0.00054508133
0.019109733
0.0046436545
0.0017169563
0.0019033004
0.002009925
0.00228695
0.0015106824
0.0046745455
0.0027752311
0.0025011958
0.00028200733
0.00024414062
0.00047931282
0.0011350048
0.00023816167
0.0003637197
0.009969906
0.008095504
0.0034309232
0.005126953
0.00872728
0.003256537
0.0025161433
0.0050163423
0.0033661511
0.0075404574
0.0013173629
0.0012496014
0.002604831
0.002410515
0.0014209981
0.002353715
0.019117706
0.033178214
0.0116579635
0.023864996
0.008174227
0.016200973
0.012706274
0.007401945
0.013586177
0.051293448
0.0034498565
0.0027642697
0.013105867
0.012333586
0.007102001
0.014561743
0.07474091
0.015184551
0.0069694673
0.0109215565
0.005203683
0.008153301
0.0070711095
0.006148358
0.006709383
0.019035993
0.002469308
0.002651666
0.0060018734
0.007478675
0.0038703764
0.0073202327
0.029708426
0.0063068
0.00548569
0.005084104
0.005887277
0.006275909
0.005399992
0.006334702
0.005870336
0.005863361
0.0058035715
0.0059032207
0.006442323
0.0065768496
0.006189214
0.005966
0.008569834
1846.0
68.65601
126739.0
0.00056809664
0.0003550604
0.0012308761
0.0004813041
0.00026037762
0.0002998288
0.0009783887
0.00075746217
0.00030771902
0.00031560924
0.0015859364
0.0028641538
0.0015780462
0.00026037762
0.0031639826
0.00204357
0.001877875
0.0024854229
0.0026195566
0.0017121801
0.0027694711
0.001088852
0.0017279607
0.00205146
0.0014596927
0.0012466565
0.0014123514
0.00102573
0.00089159614
0.0010099496
0.0020198992
0.0010730714
0.0013097783
0.014470683
0.0013255589
0.014857305
0.00089948636
0.001775302
0.014604818
0.013744783
0.02733176
0.00040240178
0.015520085
0.014565366
0.0013176686
0.0137368925
0.0009626082
0.014218196
0.0012072054
0.0011835346
0.0014202415
0.04029541
0.014265538
0.015378061
0.014210306
0.027268639
0.000820584
0.0012387662
0.013460734
0.0012782174
0.001088852
0.002524874
0.00037873109
0.0041423715
0.0014833634
0.017555764
0.04297809
0.019638786
0.06749304
0.05327484
0.014454903
0.031474132
0.04155785
0.04126591
0.01710602
0.014991439
0.042441554
0.017421631
0.04271771
0.014297099
0.03207379
0.016758852
0.045976378
0.01536228
0.028396942
0.001672729
0.015007219
0.0009783887
0.013744783
0.013050443
0.0004339627
0.00014202416
0.00026037762
0.00022092646
0.000820584
0.00022092646
5.4591007
0.0
0.0
0.0
28.0
503260.0
425984.0
0.0
0.0
39.0
0.0
1.0
0.0
1.0
0.0
327680.0
0.0
0.0
0.0
0.0
0.0
1.0
0.0
0.0
0.0
0.0
0.0
0.0
-1.0
0.0
-1.0
-1.0
1.0
0.0
0.0
0.0
0.0
0.0
0.0
0.0
0.0
0.0
0.0
0.0
-1.0
0.0
0.0
0.0
0.0
0.0
0.0
0.0
0.0
0.0
0.0
0.0
0.0
-1.0
0.0
0.0
0.0
0.0
0.0
0.0
0.0
0.0
1.0
0.0
2.0
24.0
4.0
0.0
4.0
0.0
5632.0
1024.0
4096.0
9.0
1.0
0.0
1.0
6.0
0.0
0.0
-512.0
0.0
0.0
0.0
0.0
0.0
-512.0
0.0
0.0
0.0
0.0
0.0
512.0
0.0
0.0
0.0
0.0
0.0
0.0
0.0
0.0
0.0
0.0
0.0
0.0
0.0
0.0
0.0
0.0
0.0
-369152.0
0.0
0.0
0.0
0.0
0.0
0.0
0.0
0.0
-5632.0
-2560.0
16384.0
0.0
0.0
0.0
0.0
0.0
0.0
0.0
0.0
-1.8050417
0.0
0.0
0.0
0.0
0.0
-1.3741854
0.0
0.0
0.0
0.0
0.0
4.7489166
0.0
0.0
0.0
0.0
0.0
0.0
0.0
0.0
0.0
0.0
0.0
0.0
0.0
0.0
0.0
0.0
0.0
-6.7420893
0.0
0.0
0.0
0.0
0.0
0.0
0.0
0.0
-5.9819613
-5.454756
4.9392056
0.0
0.0
0.0
0.0
0.0
0.0
0.0
0.0
-32.0
0.0
0.0
0.0
0.0
0.0
-24.0
0.0
0.0
0.0
0.0
0.0
416.0
0.0
0.0
0.0
0.0
0.0
0.0
0.0
0.0
0.0
0.0
0.0
0.0
0.0
0.0
100.0
0.0
0.0
-368656.0
0.0
0.0
0.0
0.0
0.0
0.0
0.0
0.0
-5252.0
-2068.0
16176.0
0.0
0.0
0.0
0.0
0.0
0.0
0.0
0.0
0.0
-1.0
0.0
0.0
0.0
0.0
0.0
1.0
0.0
0.0
0.0
0.0
0.0
0.0
0.0
0.0
0.0
0.0
0.0
0.0
0.0
0.0
0.0
0.0
0.0
0.0
0.0
0.0
0.0
0.0
0.0
0.0
0.0
0.0
0.0
0.0
0.0
-2.0
0.0
0.0
0.0
1.0
0.0
0.0
0.0
0.0
0.0
0.0
1.0
0.0
-1.0
0.0
0.0
0.0
0.0
0.0
1.0
0.0
0.0
0.0
0.0
-1.0
0.0
0.0
0.0
0.0
0.0
0.0
0.0
1.0
1.0
0.0
0.0
0.0
0.0
0.0
1.0
0.0
0.0
0.0
0.0
0.0
0.0
0.0
1.0
0.0
0.0
0.0
0.0
0.0
0.0
0.0
0.0
1.0
0.0
0.0
-1.0
1.0
0.0
0.0
0.0
0.0
0.0
0.0
0.0
0.0
0.0
0.0
0.0
0.0
0.0
0.0
0.0
0.0
0.0
0.0
0.0
0.0
0.0
0.0
0.0
0.0
0.0
0.0
0.0
0.0
0.0
0.0
0.0
0.0
0.0
0.0
0.0
0.0
0.0
0.0
0.0
0.0
0.0
0.0
0.0
0.0
0.0
0.0
0.0
0.0
0.0
0.0
0.0
0.0
0.0
0.0
0.0
0.0
0.0
0.0
0.0
0.0
0.0
0.0
0.0
0.0
0.0
0.0
0.0
0.0
0.0
0.0
0.0
0.0
0.0
0.0
0.0
0.0
0.0
0.0
0.0
0.0
0.0
0.0
0.0
0.0
0.0
0.0
0.0
0.0
0.0
0.0
0.0
0.0
0.0
0.0
0.0
0.0
0.0
0.0
0.0
0.0
0.0
0.0
0.0
0.0
0.0
0.0
0.0
0.0
0.0
0.0
0.0
0.0
0.0
0.0
0.0
0.0
0.0
1.0
0.0
0.0
0.0
0.0
0.0
0.0
0.0
0.0
0.0
0.0
0.0
0.0
0.0
0.0
0.0
0.0
0.0
0.0
0.0
0.0
0.0
0.0
0.0
0.0
0.0
0.0
0.0
0.0
0.0
0.0
0.0
0.0
0.0
0.0
0.0
0.0
0.0
0.0
0.0
0.0
0.0
0.0
0.0
0.0
0.0
0.0
0.0
0.0
0.0
0.0
0.0
0.0
0.0
0.0
0.0
0.0
0.0
0.0
0.0
0.0
0.0
0.0
0.0
0.0
0.0
0.0
0.0
0.0
0.0
0.0
0.0
0.0
0.0
0.0
0.0
0.0
0.0
0.0
0.0
0.0
0.0
0.0
0.0
1.0
0.0
0.0
0.0
0.0
0.0
0.0
0.0
0.0
0.0
0.0
0.0
0.0
0.0
0.0
0.0
0.0
0.0
0.0
0.0
0.0
0.0
0.0
0.0
0.0
0.0
0.0
0.0
0.0
0.0
0.0
0.0
0.0
0.0
0.0
0.0
0.0
0.0
0.0
0.0
0.0
0.0
0.0
0.0
0.0
0.0
0.0
0.0
0.0
0.0
0.0
0.0
0.0
0.0
0.0
0.0
0.0
0.0
0.0
0.0
0.0
0.0
0.0
0.0
0.0
0.0
0.0
0.0
0.0
0.0
0.0
0.0
0.0
0.0
0.0
0.0
0.0
0.0
0.0
0.0
-1.0
0.0
0.0
0.0
0.0
0.0
0.0
0.0
0.0
0.0
0.0
0.0
0.0
0.0
0.0
0.0
0.0
0.0
0.0
0.0
0.0
0.0
0.0
0.0
0.0
0.0
0.0
-2.0
0.0
0.0
0.0
0.0
0.0
0.0
0.0
0.0
0.0
0.0
1.0
0.0
0.0
0.0
0.0
0.0
0.0
0.0
0.0
0.0
0.0
0.0
0.0
0.0
0.0
0.0
0.0
0.0
0.0
0.0
0.0
0.0
0.0
0.0
0.0
0.0
0.0
0.0
1.0
0.0
0.0
0.0
0.0
-1.0
0.0
0.0
1.0
0.0
0.0
0.0
0.0
0.0
0.0
0.0
0.0
0.0
0.0
0.0
0.0
0.0
0.0
0.0
0.0
0.0
0.0
0.0
0.0
0.0
0.0
0.0
0.0
0.0
0.0
0.0
0.0
0.0
0.0
0.0
0.0
0.0
0.0
0.0
0.0
0.0
0.0
0.0
0.0
0.0
0.0
0.0
0.0
0.0
0.0
0.0
0.0
0.0
0.0
0.0
0.0
0.0
0.0
0.0
0.0
0.0
0.0
0.0
0.0
0.0
0.0
0.0
0.0
0.0
0.0
0.0
0.0
0.0
0.0
0.0
0.0
0.0
0.0
0.0
0.0
0.0
0.0
0.0
0.0
0.0
0.0
0.0
0.0
0.0
0.0
0.0
0.0
0.0
0.0
0.0
0.0
0.0
0.0
0.0
0.0
0.0
0.0
0.0
0.0
0.0
0.0
0.0
0.0
0.0
0.0
0.0
0.0
0.0
0.0
0.0
0.0
0.0
0.0
0.0
0.0
0.0
0.0
0.0
0.0
0.0
0.0
0.0
0.0
0.0
0.0
0.0
0.0
0.0
0.0
0.0
0.0
0.0
0.0
0.0
0.0
0.0
0.0
0.0
0.0
0.0
0.0
0.0
0.0
0.0
0.0
0.0
0.0
0.0
0.0
0.0
0.0
0.0
0.0
0.0
0.0
0.0
0.0
0.0
0.0
0.0
0.0
0.0
0.0
0.0
0.0
0.0
0.0
0.0
0.0
0.0
0.0
0.0
0.0
0.0
0.0
0.0
0.0
0.0
0.0
-1.0
0.0
0.0
0.0
0.0
1.0
0.0
0.0
0.0
0.0
0.0
0.0
0.0
0.0
0.0
0.0
0.0
0.0
0.0
0.0
0.0
0.0
0.0
0.0
0.0
0.0
0.0
0.0
0.0
0.0
0.0
0.0
0.0
0.0
0.0
1.0
0.0
0.0
0.0
0.0
0.0
0.0
0.0
0.0
0.0
0.0
0.0
0.0
0.0
0.0
0.0
0.0
0.0
0.0
0.0
0.0
0.0
0.0
0.0
0.0
0.0
0.0
0.0
0.0
0.0
0.0
0.0
0.0
0.0
0.0
0.0
0.0
0.0
0.0
0.0
0.0
0.0
0.0
0.0
0.0
0.0
0.0
0.0
0.0
0.0
0.0
0.0
0.0
0.0
0.0
0.0
0.0
0.0
0.0
0.0
0.0
0.0
0.0
0.0
0.0
0.0
0.0
0.0
0.0
0.0
0.0
0.0
0.0
-1.0
0.0
0.0
0.0
0.0
0.0
0.0
0.0
0.0
0.0
0.0
0.0
0.0
0.0
0.0
0.0
0.0
0.0
0.0
0.0
0.0
0.0
0.0
0.0
0.0
0.0
0.0
0.0
0.0
0.0
0.0
0.0
0.0
0.0
1.0
0.0
0.0
0.0
0.0
0.0
0.0
0.0
0.0
0.0
0.0
0.0
0.0
-1.0
0.0
0.0
0.0
0.0
0.0
0.0
0.0
0.0
0.0
0.0
0.0
0.0
0.0
0.0
0.0
0.0
0.0
0.0
0.0
0.0
0.0
0.0
0.0
0.0
-1.0
0.0
0.0
0.0
0.0
0.0
0.0
0.0
0.0
0.0
0.0
0.0
0.0
0.0
0.0
0.0
0.0
1.0
0.0
0.0
0.0
0.0
0.0
0.0
0.0
0.0
0.0
0.0
0.0
0.0
0.0
0.0
0.0
0.0
0.0
0.0
0.0
0.0
0.0
0.0
0.0
0.0
0.0
0.0
0.0
0.0
0.0
0.0
0.0
0.0
0.0
0.0
0.0
0.0
0.0
0.0
-1.0
0.0
0.0
0.0
0.0
0.0
0.0
0.0
0.0
0.0
0.0
0.0
-1.0
0.0
0.0
0.0
0.0
0.0
0.0
0.0
0.0
0.0
0.0
0.0
0.0
0.0
0.0
0.0
0.0
0.0
0.0
0.0
0.0
0.0
0.0
0.0
0.0
0.0
0.0
0.0
0.0
0.0
0.0
0.0
0.0
0.0
0.0
0.0
0.0
0.0
0.0
0.0
0.0
0.0
0.0
0.0
0.0
0.0
0.0
0.0
0.0
0.0
0.0
0.0
0.0
-1.0
0.0
0.0
0.0
0.0
0.0
0.0
0.0
0.0
0.0
0.0
0.0
0.0
0.0
0.0
0.0
0.0
0.0
0.0
0.0
0.0
0.0
0.0
0.0
0.0
1.0
0.0
0.0
0.0
-1.0
0.0
0.0
0.0
0.0
0.0
0.0
0.0
0.0
0.0
0.0
0.0
0.0
0.0
0.0
0.0
0.0
0.0
0.0
0.0
0.0
0.0
0.0
0.0
0.0
0.0
0.0
1.0
-1.0
1.0
0.0
0.0
0.0
0.0
0.0
0.0
0.0
0.0
0.0
0.0
0.0
0.0
0.0
0.0
0.0
0.0
0.0
0.0
0.0
0.0
0.0
0.0
0.0
0.0
0.0
0.0
0.0
0.0
0.0
0.0
0.0
0.0
0.0
0.0
0.0
0.0
0.0
0.0
0.0
0.0
0.0
0.0
0.0
0.0
0.0
0.0
0.0
0.0
0.0
0.0
0.0
0.0
0.0
0.0
0.0
0.0
0.0
0.0
0.0
0.0
0.0
0.0
0.0
0.0
0.0
0.0
0.0
0.0
0.0
0.0
0.0
0.0
0.0
0.0
0.0
-1.0
0.0
0.0
0.0
0.0
0.0
0.0
0.0
0.0
0.0
0.0
0.0
0.0
0.0
0.0
0.0
0.0
0.0
0.0
0.0
0.0
0.0
1.0
0.0
0.0
0.0
0.0
1.0
0.0
0.0
0.0
0.0
0.0
0.0
0.0
0.0
0.0
0.0
0.0
0.0
-1.0
0.0
0.0
0.0
0.0
0.0
0.0
0.0
0.0
0.0
0.0
0.0
0.0
0.0
0.0
1.0
1.0
0.0
0.0
0.0
0.0
0.0
0.0
0.0
0.0
0.0
0.0
0.0
0.0
0.0
0.0
0.0
0.0
0.0
0.0
0.0
0.0
0.0
0.0
0.0
-1.0
0.0
0.0
0.0
0.0
0.0
0.0
0.0
0.0
0.0
0.0
0.0
0.0
0.0
0.0
2.0
0.0
0.0
0.0
0.0
0.0
0.0
0.0
0.0
0.0
0.0
0.0
0.0
0.0
0.0
0.0
0.0
0.0
0.0
0.0
0.0
0.0
0.0
0.0
0.0
0.0
0.0
0.0
0.0
0.0
0.0
0.0
0.0
0.0
0.0
0.0
0.0
0.0
0.0
0.0
0.0
0.0
0.0
0.0
0.0
1.0
0.0
0.0
0.0
0.0
0.0
0.0
0.0
0.0
0.0
0.0
0.0
0.0
0.0
0.0
0.0
0.0
0.0
0.0
0.0
0.0
0.0
0.0
0.0
0.0
1.0
0.0
0.0
0.0
0.0
0.0
0.0
0.0
0.0
0.0
0.0
0.0
0.0
0.0
0.0
0.0
0.0
0.0
0.0
0.0
0.0
0.0
0.0
0.0
0.0
0.0
0.0
0.0
0.0
0.0
0.0
0.0
0.0
0.0
0.0
0.0
0.0
0.0
0.0
0.0
1.0
0.0
0.0
0.0
0.0
0.0
0.0
0.0
0.0
0.0
0.0
0.0
0.0
0.0
0.0
0.0
0.0
0.0
0.0
0.0
0.0
0.0
0.0
0.0
0.0
0.0
0.0
0.0
0.0
0.0
0.0
0.0
0.0
0.0
0.0
0.0
0.0
0.0
0.0
0.0
-1.0
0.0
0.0
1.0
0.0
0.0
0.0
0.0
0.0
0.0
0.0
0.0
0.0
1.0
0.0
0.0
0.0
0.0
0.0
0.0
0.0
0.0
0.0
0.0
0.0
0.0
0.0
0.0
0.0
0.0
0.0
0.0
0.0
0.0
0.0
0.0
0.0
0.0
0.0
0.0
0.0
0.0
0.0
0.0
0.0
0.0
0.0
0.0
0.0
0.0
0.0
0.0
0.0
0.0
0.0
0.0
0.0
0.0
0.0
0.0
1.0
0.0
0.0
0.0
0.0
0.0
0.0
0.0
0.0
0.0
0.0
0.0
0.0
0.0
0.0
0.0
0.0
0.0
0.0
0.0
0.0
0.0
0.0
0.0
0.0
0.0
0.0
0.0
0.0
0.0
0.0
0.0
0.0
0.0
0.0
0.0
0.0
0.0
0.0
0.0
0.0
0.0
0.0
0.0
0.0
0.0
0.0
0.0
0.0
0.0
0.0
0.0
0.0
0.0
0.0
0.0
0.0
0.0
0.0
0.0
0.0
0.0
0.0
0.0
0.0
0.0
0.0
0.0
0.0
0.0
0.0
0.0
0.0
0.0
0.0
0.0
0.0
0.0
0.0
0.0
0.0
0.0
0.0
0.0
0.0
0.0
0.0
0.0
0.0
0.0
0.0
0.0
0.0
0.0
0.0
0.0
0.0
0.0
0.0
0.0
0.0
0.0
0.0
0.0
0.0
0.0
0.0
0.0
0.0
0.0
0.0
0.0
0.0
0.0
0.0
0.0
0.0
0.0
0.0
0.0
0.0
0.0
0.0
0.0
0.0
0.0
0.0
0.0
0.0
0.0
0.0
0.0
0.0
0.0
1140.0
397312.0
16176.0
409600.0
0.0
0.0
0.0
0.0
0.0
0.0
0.0
0.0
0.0
0.0
0.0
0.0
24.0
405508.0
0.0
0.0
0.0
0.0
164.0
397536.0
0.0
0.0
1684369000.0
0.0
