0.7388217
0.0029512185
0.0023428136
0.0017162472
0.0023337328
0.0012622135
0.000499437
0.00091714796
0.0016254404
0.00040863027
0.00035414624
0.0003269042
0.0011986488
0.00052667904
0.00048127567
0.001970506
0.00095347065
0.0004358723
0.00023609749
9.080673e-05
0.0008808253
0.0023337328
0.00026333952
0.0001997748
0.00034506555
0.00015437143
0.000118048745
0.00018161346
0.00030874286
0.00035414624
0.00017253277
0.00022701682
0.0004267916
0.00015437143
0.00015437143
0.00017253277
0.0010170353
0.00017253277
0.00020885548
0.00080817984
0.00044495295
0.00039046892
0.00010896807
7.264538e-05
0.0004358723
0.00012712942
0.0004631143
0.00025425883
0.00036322692
0.0010715193
0.00039046892
0.00047219498
0.00071737316
0.0010715193
0.0005902437
0.0005630017
0.00091714796
0.0016708438
0.0006084051
0.0008989866
0.0012894556
0.0011714068
0.00077185716
0.00079001853
0.007101086
0.0024336204
0.0011714068
0.0011623261
0.0012168102
0.0035323817
0.0011350841
0.00097163196
0.0006992118
0.0006628891
0.00077185716
0.00081726053
0.00077185716
0.000998874
0.0018524572
0.0007355345
0.00472195
0.0008808253
0.0008626639
0.0018342959
0.00078093784
0.0012077295
0.0016072791
0.0010715193
0.00077185716
0.0009080673
0.0005902437
0.0011804875
0.0011441647
0.0011623261
0.0010715193
0.0008535832
0.00071737316
0.0017162472
0.00094438996
0.0013984236
0.0015437143
0.0026787985
0.0011441647
0.0009262286
0.0025335078
0.0013530202
0.002660637
0.0006628891
0.0016163597
0.0006538084
0.0012622135
0.0012985362
0.0030057027
0.00071737316
0.0018524572
0.0020613128
0.002914896
0.0026515564
0.0006901311
0.0015709564
0.000998874
0.0008899059
0.0010351967
0.00045403364
0.0013166976
0.00095347065
0.00051759835
0.0006810505
0.0019251027
0.0008445026
0.0006538084
0.0031509935
0.0012077295
0.004040899
0.0006265664
0.00047219498
0.0011350841
0.004467691
0.0014256656
0.0039046893
0.0009807127
0.0057662274
0.0004631143
0.0008263412
0.0010896807
0.00044495295
0.00095347065
0.00041771095
0.0008535832
0.0008808253
0.00049035635
0.00030874286
0.0006901311
0.0011804875
0.00038138826
0.00021793615
0.0003995496
0.00018161346
0.00025425883
0.00025425883
0.00041771095
0.0009353093
0.00051759835
0.0007355345
0.00037230758
0.0003269042
0.0001997748
0.00013621009
0.00026333952
0.0001997748
0.00034506555
0.00015437143
0.0006174857
0.00013621009
0.00026333952
0.00014529076
0.0003269042
0.00020885548
0.0002996622
0.00022701682
0.00022701682
0.0003995496
0.00050851767
0.0001634521
0.00076277653
0.00038138826
0.00045403364
0.00025425883
0.0006538084
0.00036322692
0.00074461516
0.0006447278
0.001970506
0.0006174857
0.00081726053
0.0011532455
0.00079001853
0.00026333952
0.0010987615
0.00097163196
0.00052667904
0.00013621009
0.0005630017
0.000118048745
0.00058116304
9.080673e-05
0.0008626639
0.00037230758
0.00044495295
0.0006084051
0.00027242018
0.0001997748
0.00024517818
7.264538e-05
0.00012712942
0.00019069413
0.00057208235
0.00048127567
0.00035414624
0.0004631143
0.00040863027
0.00025425883
0.00017253277
0.00012712942
0.000499437
0.00036322692
0.0005630017
0.00041771095
0.00020885548
0.00041771095
0.0006719698
0.00025425883
0.0024608623
0.0007355345
0.00019069413
0.001443827
0.0012349715
0.00018161346
0.00015437143
0.0004631143
0.00058116304
0.00017253277
0.0012168102
0.0004631143
0.00051759835
0.00079001853
0.0007990992
0.00055392104
0.0017253278
0.00047219498
0.00076277653
0.00054484035
0.0019886673
0.0006084051
0.001362101
0.032109257
0.6320755
0.0
0.0
0.0
0.0
0.0
0.0
0.0
0.0
0.0
0.0
0.0
0.0
0.0
0.0
0.0
0.017264888
1.8425708e-05
1.8425708e-05
4.606427e-05
0.0
0.0
0.0
5.5277123e-05
0.0
0.0
9.212854e-06
0.0
9.212854e-06
0.0
0.0
0.001446418
0.0
0.0
0.0
0.0
0.0
0.0
0.0
0.0
0.0
0.0
0.0
0.0
0.0
0.0
0.0
0.0
0.008277749
8.2915685e-05
7.8309255e-05
4.1457843e-05
6.90964e-05
4.1457843e-05
0.00011516067
5.0670697e-05
6.448998e-05
6.90964e-05
9.212854e-05
3.6851416e-05
5.988355e-05
8.752211e-05
6.90964e-05
0.00019807636
0.0155881485
3.224499e-05
0.00011055425
0.00011516067
0.00015661851
0.0001381928
0.0002763856
0.00021650207
0.00017504422
0.0002717792
0.0001197671
0.0001704378
0.00030402417
0.00016122495
0.00019807636
0.0008337633
0.007006375
2.3032135e-05
3.224499e-05
2.7638562e-05
0.00033166274
0.00013358638
0.0009903818
0.000755454
2.3032135e-05
1.8425708e-05
1.8425708e-05
1.8425708e-05
1.8425708e-05
1.8425708e-05
9.212854e-06
9.212854e-06
0.0068543633
3.6851416e-05
4.606427e-05
3.6851416e-05
0.00034548203
0.00013358638
0.0010134139
0.0007646669
3.6851416e-05
1.8425708e-05
5.0670697e-05
1.8425708e-05
1.8425708e-05
1.8425708e-05
3.224499e-05
9.212854e-06
0.0
0.0
0.0
0.0
0.0
0.0
0.0
0.0
0.0
0.0
0.0
0.0
0.0
0.0
0.0
0.0
0.00582713
0.000105947816
9.673496e-05
9.212854e-05
8.752211e-05
6.448998e-05
0.00012437353
0.0004928877
8.752211e-05
0.0001381928
0.00010134139
7.8309255e-05
0.0001704378
0.00034548203
0.00033626915
0.0012851931
0.0123866815
0.00012897995
0.00019346992
0.00019807636
0.0002395342
0.00018425708
0.00033626915
0.00017965065
0.0011239682
0.0021005305
0.00076927326
0.00090285967
0.0012068838
0.00086140184
0.0015201209
0.015403892
0.017790021
0.000442217
0.00058962265
0.0010917232
0.0019346992
0.0012944059
0.003160009
0.0024874706
0.0020452535
0.00064950617
0.00036390772
0.00046985556
0.0006448998
0.00052052626
0.0010640846
0.0031876473
0.0
0.0
0.0
0.0
0.0
0.0
0.0
0.0
0.0
0.0
0.0
0.0
0.0
0.0
0.0
0.0
0.0018425707
0.00029481133
0.00045603627
0.005062463
0.0067668413
0.0063937204
0.008982533
0.00608509
0.0049242703
0.0028744105
0.0012805867
0.0012990123
0.00059883547
3.6851416e-05
7.8309255e-05
0.00019346992
0.032272626
0.0047308006
0.0031047317
0.0044267764
0.010788252
0.00819944
0.0042287
0.007393315
0.01825527
0.0016444944
0.0019439121
0.002773069
0.006131154
0.002524322
0.0055092867
0.018149322
0.0074578053
0.001391141
0.0006541126
0.0014648438
0.004297796
0.0029941774
0.0024045547
0.0027177918
0.0042609447
0.00045142983
0.0007047833
0.0005527712
0.0017320166
0.0004928877
0.0015707916
0.0045880014
0.0
0.0
0.0
0.0
0.0
0.0
0.0
0.0
0.0
0.0
0.0
0.0
0.0
0.0
0.0
0.0
320.0
15.5125
4964.0
0.001813054
0.00060435134
0.00040290089
0.00040290089
0.00080580177
0.00020145044
0.00020145044
0.00080580177
0.00020145044
0.00020145044
0.00040290089
0.00020145044
0.00080580177
0.00060435134
0.0058420626
0.0024174054
0.0016116035
0.00443191
0.006849315
0.008662369
0.0070507657
0.011079774
0.0102739725
0.010072522
0.008662369
0.014101531
0.011281225
0.014101531
0.011684125
0.011079774
0.014101531
0.012489928
0.009871072
0.019742144
0.012691378
0.01833199
0.015310233
0.014504432
0.01833199
0.015511684
0.011482676
0.012489928
0.011885576
0.014101531
0.01329573
0.011885576
0.01369863
0.009871072
0.009468171
0.00926672
0.009871072
0.014907333
0.008662369
0.008460918
0.009468171
0.006849315
0.004029009
0.005439162
0.004029009
0.0048348107
0.0058420626
0.007252216
0.0052377116
0.0058420626
0.003223207
0.028605962
0.011079774
0.015310233
0.02256245
0.051369864
0.012288477
0.014504432
0.015511684
0.023569701
0.012087027
0.007252216
0.028001612
0.0102739725
0.022159548
0.020547945
0.015713135
0.0076551167
0.027800161
0.014101531
0.029814666
0.011684125
0.010878324
0.00926672
0.010072522
0.009468171
0.010676874
0.0048348107
0.0076551167
0.005036261
0.0052377116
0.0058420626
6.176585
0.0
0.0
0.0
3.0
110124.0
167936.0
0.0
0.0
28.0
0.0
1.0
0.0
0.0
0.0
1299095800.0
0.0
0.0
0.0
0.0
0.0
1.0
0.0
0.0
0.0
0.0
0.0
0.0
-1.0
0.0
-1.0
-1.0
0.0
0.0
0.0
0.0
0.0
0.0
0.0
0.0
0.0
0.0
0.0
0.0
-1.0
0.0
0.0
0.0
0.0
0.0
0.0
0.0
0.0
0.0
0.0
0.0
0.0
-1.0
0.0
0.0
0.0
0.0
0.0
0.0
0.0
0.0
0.0
0.0
2.0
50.0
4.0
0.0
4.0
0.0
18944.0
1024.0
4096.0
4.0
0.0
0.0
2.0
3.0
0.0
0.0
0.0
0.0
0.0
0.0
0.0
0.0
0.0
0.0
0.0
0.0
0.0
0.0
2048.0
0.0
0.0
0.0
0.0
0.0
0.0
0.0
0.0
0.0
0.0
0.0
0.0
0.0
0.0
0.0
0.0
0.0
-2560.0
0.0
0.0
0.0
0.0
0.0
0.0
0.0
0.0
-18944.0
0.0
79872.0
0.0
0.0
0.0
0.0
0.0
0.0
0.0
0.0
0.0
0.0
0.0
0.0
0.0
0.0
0.0
0.0
0.0
0.0
0.0
0.0
5.7255936
0.0
0.0
0.0
0.0
0.0
0.0
0.0
0.0
0.0
0.0
0.0
0.0
0.0
0.0
0.0
0.0
0.0
-2.3341854
0.0
0.0
0.0
0.0
0.0
0.0
0.0
0.0
-6.3397145
0.0
0.6059413
0.0
0.0
0.0
0.0
0.0
0.0
0.0
0.0
0.0
0.0
0.0
0.0
0.0
0.0
0.0
0.0
0.0
0.0
0.0
0.0
1960.0
0.0
0.0
0.0
0.0
0.0
0.0
0.0
0.0
0.0
0.0
0.0
0.0
0.0
0.0
0.0
0.0
0.0
-57344.0
0.0
0.0
0.0
0.0
0.0
0.0
0.0
0.0
-18886.0
0.0
81920.0
0.0
0.0
0.0
0.0
0.0
0.0
0.0
0.0
0.0
-1.0
0.0
0.0
0.0
0.0
0.0
1.0
0.0
0.0
0.0
0.0
0.0
0.0
0.0
0.0
0.0
0.0
0.0
0.0
0.0
0.0
0.0
0.0
0.0
0.0
0.0
0.0
0.0
0.0
0.0
0.0
0.0
0.0
0.0
0.0
0.0
-2.0
0.0
0.0
0.0
1.0
0.0
0.0
0.0
0.0
0.0
0.0
0.0
0.0
0.0
0.0
0.0
0.0
0.0
0.0
0.0
0.0
0.0
0.0
0.0
-1.0
0.0
0.0
0.0
0.0
0.0
0.0
0.0
0.0
0.0
1.0
0.0
0.0
0.0
0.0
1.0
0.0
0.0
0.0
0.0
0.0
0.0
0.0
0.0
1.0
0.0
0.0
0.0
0.0
0.0
0.0
0.0
0.0
0.0
0.0
0.0
0.0
0.0
0.0
0.0
0.0
0.0
0.0
0.0
0.0
0.0
0.0
0.0
0.0
0.0
0.0
0.0
0.0
0.0
0.0
0.0
0.0
0.0
0.0
0.0
0.0
0.0
0.0
0.0
0.0
0.0
0.0
0.0
0.0
0.0
0.0
0.0
0.0
0.0
0.0
0.0
0.0
0.0
0.0
0.0
0.0
0.0
0.0
0.0
0.0
0.0
0.0
0.0
0.0
0.0
0.0
0.0
0.0
0.0
0.0
0.0
0.0
0.0
0.0
0.0
0.0
0.0
0.0
0.0
0.0
0.0
0.0
0.0
0.0
0.0
0.0
0.0
0.0
0.0
0.0
0.0
0.0
0.0
0.0
0.0
0.0
0.0
0.0
0.0
0.0
0.0
0.0
0.0
0.0
0.0
0.0
0.0
0.0
0.0
0.0
0.0
0.0
0.0
0.0
0.0
0.0
0.0
0.0
0.0
0.0
0.0
0.0
0.0
0.0
0.0
0.0
0.0
0.0
0.0
1.0
0.0
0.0
0.0
0.0
0.0
0.0
0.0
0.0
0.0
0.0
0.0
0.0
0.0
0.0
0.0
0.0
0.0
0.0
0.0
0.0
0.0
0.0
0.0
0.0
0.0
0.0
0.0
0.0
0.0
0.0
0.0
0.0
0.0
0.0
0.0
0.0
0.0
0.0
0.0
0.0
0.0
0.0
0.0
0.0
0.0
0.0
0.0
0.0
0.0
0.0
0.0
0.0
0.0
0.0
0.0
0.0
0.0
0.0
0.0
0.0
0.0
0.0
0.0
0.0
0.0
0.0
0.0
0.0
0.0
0.0
0.0
0.0
0.0
0.0
0.0
0.0
0.0
0.0
0.0
0.0
0.0
0.0
0.0
0.0
0.0
0.0
0.0
0.0
0.0
0.0
0.0
0.0
0.0
0.0
0.0
0.0
0.0
0.0
0.0
0.0
0.0
0.0
0.0
0.0
0.0
0.0
0.0
0.0
0.0
0.0
0.0
0.0
0.0
0.0
0.0
0.0
0.0
0.0
0.0
0.0
0.0
0.0
0.0
0.0
0.0
0.0
0.0
0.0
0.0
0.0
0.0
0.0
0.0
0.0
0.0
0.0
0.0
0.0
0.0
0.0
0.0
0.0
0.0
0.0
0.0
0.0
0.0
0.0
0.0
0.0
0.0
0.0
0.0
0.0
0.0
0.0
0.0
0.0
0.0
0.0
0.0
0.0
0.0
0.0
0.0
0.0
0.0
0.0
0.0
0.0
0.0
0.0
0.0
0.0
0.0
0.0
0.0
0.0
0.0
0.0
0.0
0.0
0.0
0.0
0.0
0.0
0.0
0.0
0.0
0.0
0.0
0.0
0.0
0.0
0.0
0.0
0.0
0.0
0.0
0.0
0.0
0.0
0.0
0.0
0.0
0.0
0.0
0.0
0.0
0.0
0.0
0.0
0.0
0.0
0.0
0.0
0.0
0.0
0.0
0.0
0.0
0.0
0.0
0.0
0.0
0.0
0.0
0.0
0.0
0.0
0.0
0.0
0.0
0.0
0.0
0.0
0.0
0.0
0.0
0.0
0.0
0.0
0.0
0.0
1.0
0.0
0.0
0.0
0.0
0.0
0.0
0.0
0.0
0.0
0.0
0.0
0.0
0.0
0.0
0.0
0.0
0.0
0.0
0.0
0.0
0.0
0.0
0.0
0.0
0.0
0.0
0.0
0.0
0.0
0.0
0.0
0.0
0.0
0.0
0.0
0.0
0.0
0.0
0.0
0.0
0.0
0.0
0.0
0.0
0.0
0.0
0.0
0.0
0.0
0.0
0.0
0.0
0.0
0.0
0.0
0.0
0.0
0.0
0.0
0.0
0.0
0.0
0.0
0.0
0.0
-1.0
0.0
0.0
0.0
0.0
0.0
0.0
0.0
0.0
0.0
0.0
0.0
0.0
0.0
0.0
0.0
0.0
0.0
0.0
0.0
0.0
0.0
0.0
0.0
0.0
0.0
0.0
0.0
0.0
0.0
0.0
0.0
0.0
0.0
0.0
0.0
0.0
0.0
0.0
0.0
0.0
0.0
0.0
0.0
0.0
0.0
0.0
0.0
0.0
0.0
0.0
0.0
0.0
0.0
0.0
0.0
0.0
0.0
0.0
0.0
0.0
0.0
0.0
0.0
0.0
0.0
0.0
0.0
0.0
0.0
0.0
0.0
0.0
0.0
0.0
0.0
0.0
0.0
0.0
0.0
0.0
0.0
0.0
0.0
0.0
0.0
0.0
0.0
0.0
0.0
0.0
0.0
0.0
0.0
0.0
0.0
-1.0
0.0
0.0
0.0
0.0
0.0
0.0
0.0
0.0
0.0
0.0
0.0
-1.0
0.0
0.0
0.0
0.0
0.0
0.0
0.0
0.0
0.0
0.0
0.0
0.0
0.0
0.0
0.0
0.0
0.0
0.0
0.0
0.0
0.0
0.0
0.0
0.0
0.0
0.0
0.0
0.0
0.0
0.0
0.0
0.0
0.0
0.0
1.0
0.0
0.0
0.0
0.0
0.0
0.0
0.0
0.0
0.0
0.0
1.0
0.0
0.0
0.0
0.0
0.0
0.0
0.0
0.0
0.0
0.0
0.0
0.0
0.0
0.0
0.0
0.0
0.0
0.0
0.0
-1.0
0.0
0.0
0.0
0.0
0.0
0.0
0.0
0.0
0.0
0.0
0.0
0.0
0.0
0.0
0.0
0.0
0.0
0.0
0.0
0.0
0.0
0.0
0.0
-1.0
0.0
0.0
0.0
0.0
0.0
0.0
0.0
0.0
0.0
0.0
0.0
0.0
0.0
0.0
0.0
0.0
0.0
0.0
0.0
0.0
0.0
0.0
0.0
0.0
0.0
0.0
0.0
0.0
0.0
0.0
0.0
0.0
0.0
0.0
0.0
0.0
0.0
0.0
0.0
0.0
0.0
0.0
0.0
0.0
0.0
0.0
0.0
0.0
0.0
-1.0
0.0
0.0
0.0
0.0
0.0
0.0
0.0
0.0
0.0
0.0
0.0
0.0
0.0
0.0
0.0
0.0
0.0
0.0
0.0
0.0
0.0
0.0
0.0
0.0
0.0
0.0
0.0
0.0
0.0
0.0
0.0
0.0
0.0
0.0
0.0
0.0
0.0
0.0
0.0
0.0
0.0
0.0
0.0
0.0
0.0
0.0
0.0
0.0
0.0
0.0
0.0
0.0
0.0
0.0
0.0
0.0
0.0
0.0
0.0
0.0
0.0
0.0
0.0
0.0
0.0
0.0
0.0
0.0
0.0
-1.0
0.0
0.0
0.0
0.0
0.0
0.0
0.0
0.0
0.0
0.0
0.0
0.0
0.0
0.0
0.0
0.0
0.0
0.0
0.0
0.0
0.0
0.0
0.0
0.0
0.0
0.0
0.0
0.0
0.0
0.0
0.0
0.0
0.0
0.0
0.0
0.0
0.0
0.0
0.0
0.0
0.0
0.0
0.0
0.0
0.0
0.0
0.0
0.0
0.0
0.0
0.0
0.0
0.0
0.0
0.0
0.0
0.0
0.0
0.0
0.0
0.0
0.0
0.0
0.0
0.0
0.0
0.0
0.0
0.0
0.0
0.0
0.0
0.0
0.0
0.0
0.0
0.0
0.0
0.0
0.0
0.0
0.0
0.0
0.0
0.0
0.0
0.0
0.0
0.0
0.0
-1.0
0.0
0.0
0.0
0.0
0.0
0.0
0.0
0.0
0.0
0.0
1.0
0.0
0.0
0.0
1.0
0.0
0.0
0.0
-1.0
0.0
0.0
0.0
0.0
0.0
0.0
0.0
0.0
0.0
0.0
0.0
-1.0
0.0
0.0
0.0
0.0
0.0
0.0
0.0
0.0
0.0
0.0
0.0
0.0
0.0
0.0
0.0
0.0
0.0
0.0
0.0
0.0
0.0
0.0
0.0
0.0
0.0
0.0
0.0
0.0
0.0
0.0
0.0
0.0
0.0
0.0
0.0
0.0
0.0
0.0
0.0
0.0
0.0
-1.0
0.0
0.0
0.0
0.0
0.0
0.0
0.0
0.0
0.0
0.0
0.0
0.0
0.0
0.0
1.0
0.0
0.0
0.0
0.0
0.0
0.0
0.0
0.0
0.0
0.0
0.0
0.0
0.0
0.0
0.0
0.0
0.0
0.0
0.0
0.0
0.0
0.0
0.0
0.0
0.0
0.0
0.0
0.0
0.0
0.0
0.0
0.0
0.0
0.0
-1.0
0.0
0.0
0.0
0.0
0.0
0.0
0.0
0.0
0.0
0.0
0.0
0.0
0.0
-1.0
0.0
0.0
0.0
0.0
0.0
0.0
0.0
0.0
0.0
0.0
0.0
0.0
0.0
0.0
0.0
0.0
0.0
0.0
0.0
0.0
0.0
0.0
0.0
0.0
0.0
0.0
0.0
0.0
0.0
0.0
1.0
0.0
0.0
0.0
0.0
0.0
0.0
0.0
0.0
0.0
0.0
0.0
0.0
0.0
0.0
0.0
0.0
0.0
0.0
0.0
0.0
0.0
0.0
0.0
0.0
0.0
0.0
0.0
0.0
0.0
0.0
0.0
0.0
0.0
0.0
0.0
0.0
0.0
0.0
0.0
0.0
0.0
0.0
0.0
0.0
0.0
-1.0
0.0
0.0
0.0
0.0
0.0
0.0
0.0
0.0
0.0
0.0
0.0
-1.0
0.0
0.0
1.0
0.0
0.0
0.0
0.0
0.0
0.0
0.0
0.0
0.0
0.0
0.0
0.0
0.0
0.0
0.0
0.0
0.0
0.0
0.0
0.0
0.0
0.0
0.0
0.0
0.0
0.0
0.0
0.0
0.0
0.0
0.0
0.0
0.0
0.0
0.0
0.0
0.0
1.0
0.0
0.0
0.0
0.0
0.0
0.0
0.0
0.0
0.0
0.0
0.0
0.0
0.0
0.0
0.0
0.0
0.0
0.0
0.0
0.0
0.0
0.0
0.0
0.0
0.0
0.0
0.0
0.0
0.0
0.0
0.0
0.0
0.0
0.0
0.0
0.0
0.0
0.0
0.0
0.0
0.0
0.0
0.0
0.0
0.0
0.0
0.0
0.0
0.0
0.0
0.0
0.0
0.0
0.0
0.0
0.0
0.0
0.0
0.0
0.0
0.0
0.0
0.0
0.0
0.0
0.0
0.0
0.0
0.0
0.0
0.0
0.0
0.0
0.0
0.0
0.0
0.0
0.0
0.0
0.0
0.0
0.0
0.0
0.0
-1.0
0.0
0.0
0.0
0.0
0.0
0.0
0.0
0.0
0.0
0.0
0.0
0.0
0.0
0.0
0.0
0.0
0.0
0.0
0.0
0.0
0.0
0.0
0.0
0.0
0.0
0.0
-1.0
0.0
0.0
0.0
0.0
0.0
0.0
0.0
0.0
0.0
0.0
0.0
0.0
0.0
0.0
0.0
0.0
0.0
0.0
0.0
0.0
0.0
0.0
0.0
0.0
-1.0
0.0
0.0
0.0
0.0
0.0
0.0
0.0
0.0
0.0
0.0
0.0
0.0
0.0
0.0
0.0
1.0
0.0
0.0
0.0
0.0
0.0
0.0
0.0
0.0
0.0
0.0
0.0
0.0
0.0
0.0
0.0
0.0
0.0
0.0
0.0
0.0
0.0
0.0
0.0
0.0
0.0
0.0
0.0
0.0
0.0
0.0
0.0
0.0
0.0
0.0
0.0
0.0
0.0
0.0
0.0
0.0
0.0
0.0
0.0
0.0
0.0
0.0
0.0
0.0
0.0
0.0
0.0
0.0
0.0
0.0
0.0
0.0
0.0
0.0
0.0
0.0
0.0
0.0
0.0
0.0
0.0
0.0
0.0
0.0
0.0
0.0
0.0
0.0
0.0
0.0
0.0
0.0
0.0
0.0
0.0
0.0
0.0
0.0
0.0
0.0
0.0
0.0
0.0
0.0
0.0
0.0
0.0
0.0
0.0
0.0
0.0
0.0
0.0
0.0
0.0
0.0
0.0
0.0
0.0
0.0
0.0
0.0
0.0
0.0
0.0
0.0
0.0
0.0
0.0
0.0
0.0
0.0
0.0
0.0
0.0
0.0
0.0
0.0
0.0
0.0
0.0
0.0
0.0
0.0
0.0
0.0
0.0
0.0
0.0
0.0
0.0
0.0
0.0
0.0
0.0
0.0
0.0
0.0
0.0
0.0
0.0
0.0
0.0
0.0
0.0
0.0
0.0
0.0
40.0
30452.0
9820.0
86016.0
0.0
0.0
0.0
0.0
0.0
0.0
0.0
0.0
0.0
0.0
0.0
0.0
0.0
0.0
0.0
0.0
0.0
0.0
116.0
30608.0
0.0
0.0
0.0
0.0
