0.002699569
0.00033914502
1.6751805e-05
1.0114297e-05
1.06410835e-05
1.2537514e-05
1.3275015e-05
1.1062512e-05
1.2432157e-05
1.06410835e-05
1.5908947e-05
1.0219654e-05
0.00021893239
1.30643e-05
1.06410835e-05
9.376796e-06
1.7383947e-05
1.0851798e-05
1.190537e-05
1.074644e-05
7.480365e-06
1.0535726e-05
8.533938e-06
1.1273227e-05
7.1642935e-06
9.798225e-06
1.3169657e-05
1.190537e-05
8.3232235e-06
1.2326799e-05
1.3169657e-05
1.1062512e-05
4.846434e-05
1.0008939e-05
8.3232235e-06
1.2432157e-05
1.1062512e-05
9.798225e-06
1.3485729e-05
1.2432157e-05
1.30643e-05
1.0430369e-05
1.074644e-05
1.0535726e-05
1.18000125e-05
9.798225e-06
2.1808952e-05
1.2537514e-05
1.8226805e-05
1.3169657e-05
1.4328587e-05
0.00038855756
1.2116085e-05
9.58751e-06
1.4012516e-05
1.4750016e-05
1.7594662e-05
9.798225e-06
9.903582e-06
9.58751e-06
1.1167869e-05
9.903582e-06
1.18000125e-05
1.422323e-05
1.8332163e-05
1.5487518e-05
1.1694656e-05
1.6646447e-05
1.917502e-05
2.0123236e-05
1.5592874e-05
1.7805376e-05
1.2326799e-05
1.3696444e-05
1.190537e-05
1.0430369e-05
1.538216e-05
1.5066088e-05
1.3907158e-05
1.4750016e-05
0.00038803078
8.639296e-06
1.654109e-05
1.7278591e-05
1.7489305e-05
9.724475e-05
1.2642871e-05
1.7278591e-05
9.58751e-06
1.1062512e-05
1.1273227e-05
1.5487518e-05
1.1694656e-05
6.7428646e-06
1.41178725e-05
1.2221442e-05
1.0957155e-05
3.645361e-05
1.33803715e-05
2.2862525e-05
2.0228594e-05
5.794649e-05
1.654109e-05
1.6225018e-05
1.5276803e-05
3.5189325e-05
1.1062512e-05
1.4433945e-05
3.0869676e-05
1.7278591e-05
3.2766107e-05
3.9087543e-05
1.959645e-05
8.42858e-06
3.571611e-05
2.844646e-05
3.3187538e-05
1.8542878e-05
1.4539301e-05
1.8332163e-05
1.885895e-05
1.2642871e-05
1.2116085e-05
1.4644659e-05
6.005364e-06
1.18000125e-05
1.074644e-05
1.2432157e-05
1.611966e-05
9.798225e-06
1.3275015e-05
9.58751e-06
1.2116085e-05
9.4821535e-06
7.1642935e-06
9.060725e-06
1.2432157e-05
1.074644e-05
7.796437e-06
5.689292e-06
7.0589363e-06
1.1483941e-05
6.53215e-06
1.2537514e-05
0.992674
1.538216e-05
1.0219654e-05
9.903582e-06
9.271439e-06
8.217866e-06
1.0219654e-05
1.0114297e-05
1.5066088e-05
1.1062512e-05
1.0325011e-05
7.1642935e-06
1.2853586e-05
1.0219654e-05
8.955367e-06
8.112509e-06
1.1483941e-05
1.2010728e-05
7.69108e-06
8.007151e-06
1.3801801e-05
8.42858e-06
7.2696507e-06
1.074644e-05
1.2116085e-05
9.798225e-06
8.3232235e-06
1.4433945e-05
1.2748228e-05
1.06410835e-05
7.901795e-06
1.2853586e-05
1.3907158e-05
9.692868e-06
9.060725e-06
1.33803715e-05
1.2642871e-05
9.060725e-06
8.217866e-06
1.3907158e-05
1.2010728e-05
1.18000125e-05
1.2537514e-05
9.798225e-06
1.2010728e-05
1.06410835e-05
1.0430369e-05
1.2432157e-05
1.5066088e-05
1.0325011e-05
1.06410835e-05
1.074644e-05
1.2748228e-05
9.271439e-06
1.0430369e-05
1.3696444e-05
1.2010728e-05
1.1378584e-05
9.692868e-06
1.1062512e-05
1.2853586e-05
1.1167869e-05
1.1694656e-05
1.1589298e-05
1.0219654e-05
1.0430369e-05
1.1694656e-05
9.798225e-06
1.0851798e-05
9.4821535e-06
9.798225e-06
7.901795e-06
1.41178725e-05
1.4539301e-05
9.798225e-06
1.1273227e-05
1.3801801e-05
1.1273227e-05
7.0589363e-06
9.58751e-06
1.29589425e-05
1.0851798e-05
9.692868e-06
6.953579e-06
1.1378584e-05
1.29589425e-05
9.4821535e-06
8.217866e-06
1.0008939e-05
1.0535726e-05
1.0008939e-05
1.0430369e-05
1.190537e-05
9.376796e-06
1.0957155e-05
8.42858e-06
1.4012516e-05
9.58751e-06
8.533938e-06
7.480365e-06
1.1483941e-05
8.639296e-06
9.692868e-06
9.060725e-06
9.903582e-06
1.2326799e-05
8.3232235e-06
7.1642935e-06
1.0430369e-05
8.42858e-06
8.3232235e-06
2.307324e-05
0.001510574
0.0
0.0
0.00021579629
0.0
0.00021579629
0.0
0.0
0.0
0.9926629
0.0
0.0
0.0
0.0
0.0
0.0
0.000100522295
0.0
3.6879248e-07
4.2147713e-07
6.322157e-07
3.6879248e-07
3.8986636e-06
1.6332239e-06
0.0
0.0
0.0
5.268464e-08
0.0
0.0
0.0
0.0
0.0
0.0
0.0
0.0
0.0
0.0
0.0
0.0
0.0
0.0
0.0
0.0
0.0
0.0
0.0
0.0
0.00016095157
2.5288628e-06
2.2654397e-06
7.460145e-05
8.956389e-07
7.6603465e-05
5.268464e-07
3.1610784e-07
1.8966471e-06
2.634232e-07
1.0010082e-06
1.5805392e-07
2.1073856e-07
5.7953105e-07
2.634232e-07
6.322157e-07
0.0003433458
1.2644314e-06
1.4751699e-06
5.426518e-05
4.4781946e-06
5.758431e-05
1.2064783e-05
6.216788e-06
3.1610784e-07
5.4107128e-05
2.634232e-07
4.7416177e-07
5.7953105e-07
2.634232e-07
7.3758497e-07
2.054701e-06
0.0
0.0
0.0
0.0
0.0
0.0
0.0
0.0
0.0
0.0
0.0
0.0
0.0
0.0
0.0
0.0
0.00022691274
1.0536928e-06
1.1221829e-05
5.5318874e-06
1.51731765e-05
7.902696e-06
3.3770855e-05
1.5436599e-05
2.0020163e-06
3.1610784e-07
1.5805392e-07
6.322157e-07
6.8490033e-07
1.5805392e-07
6.322157e-07
2.1073856e-06
0.00034292432
4.3201408e-06
2.3655404e-05
1.2644314e-05
1.3487268e-05
8.218804e-06
6.901688e-05
3.940811e-05
8.324173e-06
1.317116e-06
1.5805392e-06
2.1600704e-06
1.7385931e-06
1.2117467e-06
1.0536928e-06
8.4295425e-06
0.0
0.0
0.0
0.0
0.0
0.0
0.0
0.0
0.0
0.0
0.0
0.0
0.0
0.0
0.0
0.0
0.00042242545
1.1379882e-05
2.6289636e-05
2.2338289e-05
4.0145696e-05
0.00011242902
8.113435e-05
5.2948064e-05
1.4751699e-05
9.957397e-06
7.3758497e-06
1.4330222e-05
1.0958405e-05
8.956389e-06
1.0378874e-05
1.7385932e-05
3.2875218e-05
7.902696e-07
6.322157e-06
3.7932941e-06
6.1114183e-06
3.4771863e-06
2.9187291e-05
2.054701e-05
4.2147713e-07
1.0010082e-06
4.2147713e-07
5.268464e-07
2.1073856e-07
5.268464e-07
4.2147713e-07
1.2644314e-06
9.388403e-05
5.742626e-06
6.0060493e-06
2.655306e-05
6.8490035e-06
2.7237958e-05
4.4781946e-06
4.9523564e-06
4.8996717e-06
5.426518e-06
3.0030246e-06
5.6372564e-06
5.7953107e-06
5.3738336e-06
5.742626e-06
4.2147713e-06
0.0
0.0
0.0
0.0
0.0
0.0
0.0
0.0
0.0
0.0
0.0
0.0
0.0
0.0
0.0
0.0
0.0
0.0
0.0
0.0
0.0
0.0
0.0
0.0
0.0
0.0
0.0
0.0
0.0
0.0
0.0
0.0
0.0
0.0
0.0
0.0
0.0
0.0
0.0
0.0
0.0
0.0
0.0
0.0
0.0
0.0
0.0
0.0
0.00014161631
0.00014735894
0.00014778042
0.00016269016
0.00015320693
0.00015594653
0.0001529962
0.00013318677
0.000127971
0.00014872874
0.00015426063
0.00015731633
0.00016374387
0.000154366
0.00014425055
0.00012833979
365.0
34.49863
12592.0
0.02366582
0.0011912326
0.00055590854
0.000317662
0.000317662
0.000952986
0.00055590854
0.001270648
0.0018265565
0.0023824652
0.0003970775
0.000794155
0.0008735705
0.00158831
0.008656289
0.0010324016
0.00317662
0.0015088945
0.002541296
0.2802573
0.0013500635
0.001429479
0.002541296
0.001429479
0.001429479
0.0011118171
0.0011912326
0.0010324016
0.00055590854
0.0003970775
0.0007147395
0.0007147395
0.001429479
0.003653113
0.001905972
0.0035736975
0.0050031766
0.003653113
0.002858958
0.00317662
0.0020648031
0.0016677255
0.001270648
0.000794155
0.0015088945
0.0029383735
0.001429479
0.001905972
0.2812103
0.0007147395
0.003017789
0.0041296063
0.0022236342
0.06623253
0.00158831
0.0037325285
0.000952986
0.000794155
0.000794155
0.0010324016
0.00158831
0.0010324016
0.0011118171
0.0008735705
0.001270648
0.018344982
0.0019853876
0.007703304
0.007147395
0.034545742
0.003335451
0.0045266836
0.005082592
0.017233163
0.0008735705
0.002541296
0.01270648
0.005876747
0.015406608
0.01890089
0.007465057
0.0003970775
0.016518425
0.012468234
0.016359594
0.007782719
0.0027795425
0.003811944
0.007306226
0.0026207115
0.001270648
0.003494282
7.94155e-05
0.0008735705
0.0007147395
0.000952986
3.8985653
1.0
0.0
0.0
1.0
9491515.0
77824.0
0.0
0.0
54.0
0.0
1.0
0.0
0.0
0.0
1083884500.0
0.0
0.0
0.0
0.0
0.0
1.0
0.0
0.0
0.0
0.0
0.0
0.0
-1.0
0.0
-1.0
-1.0
0.0
0.0
0.0
0.0
0.0
0.0
0.0
0.0
0.0
0.0
0.0
0.0
-1.0
0.0
0.0
0.0
0.0
0.0
0.0
0.0
0.0
0.0
0.0
0.0
0.0
-1.0
0.0
0.0
0.0
0.0
0.0
0.0
0.0
0.0
0.0
0.0
6.0
0.0
4.0
0.0
4.0
0.0
24576.0
4096.0
4096.0
10.0
0.0
0.0
3.0
2.0
0.0
0.0
0.0
0.0
0.0
0.0
4096.0
0.0
0.0
0.0
0.0
0.0
-4096.0
4096.0
4096.0
0.0
0.0
0.0
0.0
0.0
0.0
0.0
0.0
4096.0
0.0
0.0
0.0
0.0
0.0
0.0
0.0
0.0
-8192.0
0.0
0.0
0.0
0.0
0.0
0.0
0.0
4096.0
-24576.0
0.0
4096.0
-4096.0
0.0
0.0
0.0
0.0
0.0
0.0
0.0
0.0
0.0
0.0
0.0
0.0
0.0
0.0
0.0
0.0
0.0
0.0
0.0
5.297788
0.0
0.0
0.0
0.0
0.0
0.0
0.0
0.0
0.0
0.0
0.0
0.0
0.0
0.0
0.0
0.0
0.0
-3.429211
0.0
0.0
0.0
0.0
0.0
0.0
0.0
5.486761
-7.9730797
0.0
3.7997313
-5.1765885
0.0
0.0
0.0
0.0
0.0
0.0
0.0
0.0
0.0
0.0
0.0
3492.0
0.0
0.0
0.0
0.0
0.0
-3019.0
3461.0
2476.0
0.0
0.0
0.0
0.0
0.0
0.0
0.0
0.0
2010.0
0.0
0.0
0.0
0.0
0.0
0.0
0.0
0.0
-13432.0
0.0
0.0
0.0
0.0
0.0
0.0
0.0
1024.0
-23376.0
0.0
2392.0
-1024.0
0.0
0.0
0.0
0.0
0.0
0.0
0.0
0.0
-1.0
0.0
0.0
0.0
0.0
0.0
1.0
0.0
0.0
0.0
0.0
0.0
0.0
0.0
0.0
0.0
0.0
0.0
0.0
0.0
0.0
0.0
0.0
0.0
0.0
0.0
0.0
0.0
0.0
0.0
0.0
0.0
0.0
0.0
0.0
0.0
-2.0
0.0
0.0
0.0
1.0
0.0
0.0
0.0
0.0
0.0
0.0
0.0
0.0
0.0
0.0
0.0
0.0
0.0
0.0
0.0
0.0
0.0
0.0
0.0
-1.0
0.0
0.0
0.0
0.0
0.0
0.0
0.0
0.0
0.0
1.0
0.0
0.0
0.0
0.0
0.0
0.0
0.0
0.0
0.0
0.0
0.0
0.0
0.0
1.0
0.0
0.0
0.0
0.0
0.0
0.0
0.0
0.0
0.0
0.0
0.0
0.0
0.0
0.0
0.0
0.0
0.0
0.0
0.0
0.0
0.0
0.0
0.0
0.0
0.0
0.0
0.0
0.0
0.0
0.0
0.0
0.0
0.0
0.0
0.0
0.0
0.0
0.0
0.0
0.0
0.0
0.0
-1.0
0.0
0.0
0.0
0.0
0.0
0.0
0.0
0.0
0.0
0.0
0.0
0.0
0.0
0.0
0.0
0.0
0.0
0.0
0.0
0.0
0.0
0.0
0.0
0.0
0.0
0.0
0.0
0.0
0.0
0.0
0.0
0.0
0.0
0.0
0.0
0.0
0.0
0.0
0.0
0.0
0.0
0.0
0.0
0.0
0.0
0.0
0.0
0.0
0.0
0.0
0.0
0.0
0.0
0.0
0.0
0.0
0.0
0.0
0.0
0.0
0.0
0.0
0.0
0.0
0.0
0.0
0.0
0.0
0.0
-1.0
0.0
0.0
0.0
0.0
0.0
0.0
0.0
0.0
0.0
0.0
0.0
0.0
0.0
0.0
0.0
0.0
1.0
0.0
0.0
0.0
0.0
0.0
0.0
0.0
0.0
0.0
0.0
0.0
0.0
0.0
0.0
0.0
0.0
0.0
0.0
0.0
0.0
0.0
0.0
0.0
0.0
0.0
0.0
0.0
0.0
0.0
0.0
0.0
0.0
0.0
0.0
0.0
0.0
0.0
0.0
0.0
0.0
0.0
0.0
0.0
0.0
0.0
0.0
0.0
0.0
0.0
0.0
0.0
0.0
0.0
0.0
0.0
0.0
0.0
0.0
0.0
0.0
0.0
0.0
0.0
0.0
0.0
0.0
0.0
0.0
0.0
0.0
0.0
0.0
0.0
0.0
0.0
0.0
0.0
0.0
0.0
0.0
0.0
0.0
0.0
0.0
0.0
0.0
0.0
0.0
0.0
0.0
0.0
0.0
0.0
0.0
0.0
0.0
0.0
0.0
0.0
0.0
0.0
0.0
0.0
0.0
0.0
0.0
0.0
0.0
0.0
0.0
0.0
0.0
0.0
0.0
0.0
0.0
0.0
0.0
0.0
0.0
0.0
0.0
0.0
0.0
0.0
0.0
0.0
0.0
0.0
0.0
0.0
0.0
0.0
0.0
0.0
0.0
0.0
0.0
0.0
0.0
0.0
0.0
0.0
0.0
0.0
0.0
0.0
0.0
0.0
0.0
0.0
0.0
0.0
0.0
0.0
0.0
0.0
0.0
0.0
0.0
0.0
0.0
0.0
0.0
0.0
0.0
0.0
0.0
0.0
0.0
0.0
0.0
0.0
0.0
0.0
0.0
0.0
0.0
0.0
0.0
0.0
0.0
0.0
0.0
0.0
-1.0
0.0
0.0
0.0
0.0
0.0
0.0
0.0
0.0
0.0
0.0
0.0
0.0
0.0
0.0
0.0
0.0
0.0
0.0
0.0
0.0
0.0
0.0
0.0
0.0
0.0
0.0
0.0
0.0
0.0
0.0
0.0
0.0
0.0
0.0
0.0
0.0
1.0
0.0
0.0
0.0
0.0
0.0
0.0
0.0
0.0
0.0
0.0
0.0
0.0
0.0
0.0
0.0
0.0
0.0
0.0
0.0
0.0
0.0
1.0
0.0
0.0
0.0
0.0
1.0
0.0
0.0
0.0
0.0
0.0
0.0
0.0
0.0
0.0
0.0
0.0
0.0
0.0
0.0
0.0
0.0
1.0
0.0
0.0
0.0
0.0
0.0
0.0
0.0
0.0
0.0
0.0
0.0
0.0
0.0
0.0
0.0
0.0
0.0
0.0
0.0
0.0
0.0
0.0
0.0
0.0
0.0
0.0
0.0
0.0
0.0
0.0
0.0
0.0
0.0
0.0
0.0
0.0
0.0
0.0
0.0
0.0
0.0
0.0
0.0
0.0
-1.0
0.0
0.0
0.0
0.0
0.0
0.0
0.0
0.0
0.0
0.0
0.0
0.0
0.0
0.0
0.0
0.0
0.0
0.0
0.0
0.0
0.0
0.0
0.0
0.0
0.0
0.0
0.0
0.0
0.0
0.0
0.0
0.0
0.0
0.0
0.0
0.0
0.0
0.0
0.0
0.0
0.0
0.0
0.0
0.0
0.0
0.0
0.0
-1.0
0.0
0.0
0.0
0.0
0.0
0.0
0.0
0.0
0.0
0.0
0.0
0.0
0.0
0.0
0.0
0.0
0.0
0.0
0.0
0.0
0.0
0.0
0.0
0.0
0.0
0.0
0.0
0.0
0.0
0.0
1.0
0.0
0.0
0.0
0.0
0.0
0.0
0.0
0.0
0.0
0.0
0.0
0.0
0.0
0.0
0.0
0.0
0.0
0.0
0.0
0.0
0.0
0.0
0.0
0.0
0.0
0.0
0.0
-1.0
0.0
0.0
0.0
0.0
0.0
0.0
0.0
0.0
0.0
0.0
0.0
0.0
0.0
0.0
0.0
0.0
0.0
0.0
0.0
0.0
0.0
0.0
0.0
0.0
0.0
0.0
0.0
0.0
0.0
0.0
0.0
0.0
0.0
0.0
0.0
0.0
0.0
0.0
0.0
0.0
0.0
0.0
-1.0
0.0
0.0
1.0
0.0
0.0
0.0
0.0
0.0
0.0
0.0
0.0
0.0
0.0
0.0
0.0
0.0
0.0
0.0
0.0
0.0
0.0
0.0
0.0
0.0
0.0
0.0
0.0
0.0
0.0
0.0
0.0
0.0
0.0
0.0
0.0
0.0
0.0
0.0
0.0
0.0
0.0
0.0
0.0
0.0
0.0
0.0
-1.0
0.0
0.0
0.0
-1.0
0.0
0.0
0.0
0.0
0.0
0.0
0.0
0.0
0.0
0.0
0.0
0.0
0.0
0.0
0.0
0.0
0.0
0.0
0.0
0.0
0.0
0.0
0.0
0.0
0.0
0.0
0.0
0.0
0.0
0.0
0.0
0.0
0.0
0.0
1.0
0.0
0.0
0.0
0.0
0.0
0.0
0.0
0.0
0.0
0.0
-1.0
0.0
0.0
0.0
0.0
0.0
0.0
0.0
0.0
0.0
0.0
0.0
0.0
0.0
0.0
0.0
0.0
0.0
0.0
0.0
0.0
0.0
0.0
0.0
0.0
0.0
0.0
0.0
0.0
0.0
0.0
1.0
0.0
0.0
0.0
0.0
0.0
0.0
0.0
0.0
0.0
0.0
0.0
0.0
0.0
0.0
0.0
0.0
0.0
0.0
0.0
0.0
0.0
0.0
0.0
0.0
0.0
0.0
0.0
0.0
0.0
0.0
0.0
0.0
0.0
0.0
0.0
0.0
0.0
0.0
-1.0
0.0
0.0
0.0
0.0
0.0
0.0
0.0
0.0
0.0
0.0
0.0
0.0
0.0
0.0
0.0
0.0
0.0
0.0
-1.0
0.0
0.0
0.0
0.0
0.0
0.0
0.0
0.0
0.0
0.0
0.0
0.0
0.0
0.0
0.0
0.0
0.0
0.0
0.0
0.0
0.0
0.0
0.0
0.0
0.0
0.0
0.0
0.0
0.0
0.0
0.0
0.0
0.0
0.0
0.0
0.0
0.0
0.0
0.0
0.0
0.0
0.0
0.0
0.0
0.0
0.0
0.0
0.0
0.0
0.0
0.0
0.0
0.0
0.0
0.0
0.0
0.0
0.0
0.0
0.0
0.0
0.0
0.0
0.0
0.0
0.0
0.0
0.0
1.0
0.0
0.0
-2.0
0.0
0.0
0.0
0.0
0.0
0.0
0.0
0.0
0.0
0.0
0.0
0.0
0.0
0.0
1.0
0.0
0.0
0.0
-1.0
0.0
0.0
0.0
0.0
0.0
0.0
0.0
0.0
0.0
0.0
0.0
-1.0
0.0
0.0
0.0
0.0
0.0
0.0
1.0
0.0
0.0
0.0
0.0
0.0
0.0
0.0
0.0
0.0
0.0
0.0
0.0
0.0
0.0
0.0
0.0
0.0
1.0
0.0
1.0
0.0
0.0
0.0
0.0
0.0
1.0
0.0
0.0
0.0
0.0
0.0
0.0
0.0
0.0
-1.0
0.0
0.0
0.0
0.0
0.0
0.0
0.0
0.0
0.0
0.0
0.0
0.0
0.0
0.0
1.0
0.0
0.0
0.0
0.0
0.0
0.0
0.0
0.0
0.0
0.0
0.0
0.0
0.0
0.0
0.0
0.0
0.0
0.0
0.0
0.0
0.0
0.0
0.0
0.0
0.0
0.0
0.0
0.0
0.0
0.0
0.0
0.0
0.0
0.0
0.0
0.0
0.0
0.0
0.0
0.0
0.0
0.0
0.0
0.0
0.0
0.0
0.0
0.0
-1.0
0.0
0.0
0.0
0.0
0.0
0.0
0.0
0.0
0.0
0.0
0.0
0.0
0.0
0.0
0.0
0.0
0.0
0.0
0.0
0.0
0.0
0.0
0.0
1.0
0.0
0.0
0.0
0.0
0.0
0.0
1.0
0.0
0.0
0.0
0.0
0.0
0.0
0.0
0.0
0.0
0.0
0.0
0.0
0.0
0.0
0.0
0.0
0.0
0.0
0.0
0.0
0.0
0.0
0.0
0.0
1.0
0.0
0.0
0.0
0.0
0.0
0.0
0.0
0.0
0.0
0.0
-1.0
0.0
0.0
0.0
0.0
0.0
0.0
0.0
0.0
0.0
-1.0
0.0
0.0
0.0
0.0
0.0
0.0
0.0
0.0
0.0
0.0
0.0
0.0
0.0
0.0
1.0
0.0
0.0
0.0
0.0
0.0
0.0
0.0
0.0
0.0
0.0
0.0
0.0
0.0
0.0
0.0
0.0
0.0
0.0
-1.0
1.0
0.0
0.0
0.0
0.0
0.0
0.0
0.0
0.0
0.0
0.0
0.0
0.0
0.0
0.0
0.0
0.0
0.0
1.0
0.0
0.0
0.0
-1.0
0.0
0.0
0.0
0.0
0.0
0.0
0.0
0.0
1.0
0.0
0.0
0.0
0.0
0.0
0.0
0.0
0.0
0.0
0.0
0.0
0.0
0.0
0.0
0.0
0.0
0.0
0.0
0.0
0.0
0.0
0.0
0.0
0.0
-1.0
0.0
0.0
0.0
0.0
0.0
0.0
0.0
0.0
0.0
0.0
0.0
0.0
0.0
0.0
0.0
0.0
0.0
0.0
0.0
0.0
0.0
0.0
-1.0
0.0
0.0
0.0
0.0
0.0
0.0
0.0
0.0
0.0
0.0
0.0
0.0
0.0
0.0
0.0
0.0
0.0
0.0
0.0
0.0
0.0
0.0
0.0
-1.0
0.0
0.0
0.0
0.0
0.0
0.0
0.0
0.0
0.0
0.0
0.0
0.0
0.0
0.0
0.0
0.0
0.0
0.0
0.0
0.0
0.0
0.0
0.0
0.0
0.0
-1.0
-1.0
0.0
0.0
0.0
0.0
0.0
0.0
0.0
0.0
0.0
0.0
0.0
0.0
0.0
0.0
0.0
0.0
0.0
0.0
0.0
0.0
0.0
0.0
0.0
0.0
-1.0
0.0
0.0
0.0
0.0
0.0
0.0
0.0
0.0
0.0
0.0
0.0
0.0
0.0
0.0
0.0
0.0
0.0
0.0
0.0
0.0
0.0
0.0
0.0
0.0
0.0
0.0
0.0
0.0
0.0
0.0
0.0
0.0
0.0
0.0
0.0
0.0
0.0
0.0
0.0
0.0
0.0
0.0
0.0
0.0
0.0
0.0
0.0
0.0
0.0
0.0
0.0
0.0
0.0
0.0
0.0
0.0
0.0
0.0
0.0
0.0
0.0
0.0
0.0
0.0
0.0
0.0
0.0
0.0
0.0
0.0
0.0
0.0
0.0
0.0
0.0
0.0
0.0
0.0
0.0
0.0
0.0
0.0
0.0
0.0
0.0
0.0
0.0
0.0
0.0
0.0
0.0
0.0
0.0
0.0
0.0
0.0
0.0
0.0
0.0
0.0
0.0
0.0
0.0
0.0
0.0
0.0
0.0
0.0
0.0
0.0
0.0
0.0
0.0
0.0
0.0
0.0
0.0
0.0
0.0
0.0
0.0
0.0
0.0
0.0
0.0
0.0
0.0
0.0
0.0
0.0
0.0
0.0
0.0
0.0
0.0
0.0
0.0
0.0
0.0
0.0
0.0
0.0
0.0
0.0
0.0
0.0
0.0
0.0
0.0
0.0
0.0
0.0
0.0
0.0
0.0
0.0
0.0
0.0
0.0
0.0
0.0
0.0
0.0
0.0
0.0
0.0
0.0
0.0
80.0
29892.0
2392.0
49152.0
0.0
0.0
0.0
0.0
0.0
0.0
0.0
0.0
0.0
0.0
0.0
0.0
0.0
0.0
0.0
0.0
0.0
0.0
228.0
28672.0
0.0
0.0
0.0
0.0
