0.017285537
0.00015579401
0.00015199416
0.00021564172
0.00016244376
0.0001272951
7.409715e-05
0.00014724434
0.0001272951
6.554748e-05
0.00017574325
9.5946314e-05
0.00025364026
0.00012824507
9.784624e-05
0.00019949234
0.00010069613
6.9347334e-05
4.844814e-05
0.00010069613
6.269759e-05
8.5496715e-05
5.0348066e-05
8.07469e-05
0.00010259606
5.699781e-05
4.9398102e-05
7.599708e-05
5.414792e-05
6.1747625e-05
7.5047115e-05
0.00011589555
0.00039138497
0.00012539518
0.00015294412
6.744741e-05
4.2748357e-05
3.0398833e-05
5.98477e-05
7.7897006e-05
9.499635e-05
0.00010354602
5.3197957e-05
0.000104495986
4.654821e-05
7.02973e-05
0.00016624361
0.00013204492
0.00011589555
5.98477e-05
8.454675e-05
0.00015674398
6.364755e-05
0.00010829584
0.00010354602
0.00014534441
5.889774e-05
5.98477e-05
0.00013204492
6.9347334e-05
9.404639e-05
7.2197225e-05
6.0797665e-05
0.00027358948
0.00015769394
0.00017669321
0.000104495986
0.00029733859
0.00014249452
0.00010069613
0.00016434368
0.0001405946
0.00014534441
0.00011589555
9.499635e-05
0.00012824507
0.00012159533
0.00011114573
0.00011304566
0.00013489481
0.000109245804
2.7548942e-05
0.00010829584
0.00011304566
7.2197225e-05
0.00052722974
0.000104495986
0.000114945586
5.98477e-05
4.4648285e-05
6.0797665e-05
0.000109245804
6.0797665e-05
7.5047115e-05
4.9398102e-05
7.314719e-05
5.129803e-05
0.00031633786
0.00012539518
0.00019854237
0.00016434368
0.0005072805
0.00012064537
0.00014439445
9.689628e-05
0.00029828853
9.8796205e-05
0.00018809277
0.00026218992
0.00011114573
0.0002631399
0.00037618555
0.00015294412
0.00015294412
0.00029543866
0.0002393908
0.00027168955
0.00015199416
0.00011874544
0.0001614938
0.00026978963
0.00014534441
7.409715e-05
0.00012254529
9.5946314e-05
6.1747625e-05
0.00012064537
0.00020519212
0.00024129073
0.00019569248
9.974617e-05
0.00016719358
0.00012634514
0.00011684551
0.00012444521
0.00035338642
0.0001196954
5.98477e-05
8.5496715e-05
8.5496715e-05
9.309642e-05
6.649744e-05
0.00018524288
0.00015389409
0.95337296
5.6047847e-05
5.129803e-05
8.644668e-05
0.00011684551
4.7498175e-05
6.554748e-05
6.9347334e-05
7.5047115e-05
6.554748e-05
7.02973e-05
6.4597516e-05
0.00015009423
5.5097884e-05
0.00019189263
8.454675e-05
3.799854e-05
6.839737e-05
6.744741e-05
7.02973e-05
0.0001510442
5.98477e-05
5.0348066e-05
0.00011589555
8.5496715e-05
9.8796205e-05
0.00019284259
0.00011589555
9.499635e-05
4.2748357e-05
5.129803e-05
7.5047115e-05
5.889774e-05
4.844814e-05
7.599708e-05
4.9398102e-05
0.00012634514
6.0797665e-05
7.979693e-05
0.00013204492
6.269759e-05
6.554748e-05
0.0001196954
6.744741e-05
0.0002317911
6.364755e-05
0.00017669321
8.739664e-05
0.0002887889
0.00010829584
9.309642e-05
0.00019949234
7.5047115e-05
0.0001690935
6.839737e-05
0.00013489481
0.00013299489
7.409715e-05
9.8796205e-05
9.784624e-05
0.00010259606
5.6047847e-05
0.00011304566
7.979693e-05
7.7897006e-05
7.884697e-05
6.269759e-05
5.3197957e-05
7.884697e-05
4.369832e-05
8.07469e-05
6.9347334e-05
4.5598248e-05
5.414792e-05
7.979693e-05
5.3197957e-05
6.744741e-05
6.9347334e-05
0.00020329219
5.889774e-05
9.784624e-05
5.7947775e-05
5.98477e-05
8.454675e-05
0.00011684551
4.844814e-05
7.2197225e-05
0.00014534441
0.00010544595
5.699781e-05
9.404639e-05
8.929657e-05
0.00013489481
5.414792e-05
6.554748e-05
9.499635e-05
0.00010639591
3.8948503e-05
9.1196496e-05
0.00012349525
0.000130145
8.5496715e-05
9.8796205e-05
0.00018524288
7.2197225e-05
5.0348066e-05
0.00020139226
0.0001196954
0.00016339372
4.369832e-05
0.00010829584
0.00019664245
0.0038948394
0.0
0.0
0.0
0.0
0.0
0.0
0.0
0.0
0.9532619
0.0
0.0
0.0
0.0
0.0
0.0
0.00090714765
0.0
3.3281099e-06
3.8035541e-06
5.705331e-06
3.3281099e-06
3.5182875e-05
1.4738772e-05
0.0
0.0
0.0
4.7544427e-07
0.0
0.0
0.0
0.0
0.0
0.0
0.0
0.0
0.0
0.0
0.0
0.0
0.0
0.0
0.0
0.0
0.0
0.0
0.0
0.0
0.0017253872
3.0903877e-05
2.9477544e-05
2.3772213e-06
1.568966e-05
2.0444102e-05
2.805121e-05
1.4738772e-05
1.9493214e-05
3.8035541e-06
1.0459774e-05
3.8035541e-06
5.229887e-06
6.1807755e-06
8.082552e-06
2.3296769e-05
0.0012889294
4.7544427e-07
9.5088853e-07
1.4263328e-06
2.805121e-05
1.6165104e-05
7.702197e-05
4.3265427e-05
0.0
0.00048685493
4.7544427e-07
1.9017771e-06
9.5088853e-07
4.7544427e-07
4.7544427e-07
0.0
0.0
0.0
0.0
0.0
0.0
0.0
0.0
0.0
0.0
0.0
0.0
0.0
0.0
0.0
0.0
0.0
0.0020477383
9.508885e-06
0.00010126962
4.9921648e-05
0.00013692795
7.131664e-05
0.00030475977
0.00013930516
1.8066881e-05
2.8526656e-06
1.4263328e-06
5.705331e-06
6.1807755e-06
1.4263328e-06
5.705331e-06
1.901777e-05
0.0030946666
3.898643e-05
0.00021347447
0.000114106624
0.00012171373
7.41693e-05
0.000622832
0.0003556323
7.5120195e-05
1.1886106e-05
1.4263328e-05
1.9493214e-05
1.568966e-05
1.0935218e-05
9.508885e-06
7.607108e-05
0.0
0.0
0.0
0.0
0.0
0.0
0.0
0.0
0.0
0.0
0.0
0.0
0.0
0.0
0.0
0.0
0.0035163858
6.8463974e-05
0.00019683392
0.00016355282
0.0003504024
0.0005553189
0.00072790514
0.00046308272
0.00016783182
5.80042e-05
6.1332306e-05
9.508885e-05
0.000103646846
6.038142e-05
7.274297e-05
0.00015499482
0.0002966772
7.131664e-06
5.7053312e-05
3.4231987e-05
5.5151533e-05
3.137932e-05
0.00026339613
0.00018542325
3.8035541e-06
9.033441e-06
3.8035541e-06
4.7544427e-06
1.9017771e-06
4.7544427e-06
3.8035541e-06
1.1410662e-05
0.0005282186
2.567399e-05
1.9968658e-05
2.9477544e-05
3.2805652e-05
2.1870435e-05
2.9477544e-05
2.805121e-05
4.2789983e-05
2.8526656e-05
2.3296769e-05
3.1854765e-05
4.374087e-05
2.0444102e-05
2.9952987e-05
3.7560098e-05
0.0
0.0
0.0
0.0
0.0
0.0
0.0
0.0
0.0
0.0
0.0
0.0
0.0
0.0
0.0
0.0
0.0
0.0
0.0
0.0
0.0
0.0
0.0
0.0
0.0
0.0
0.0
0.0
0.0
0.0
0.0
0.0
0.0
0.0
0.0
0.0
0.0
0.0
0.0
0.0
0.0
0.0
0.0
0.0
0.0
0.0
0.0
0.0
0.001807639
0.0010022365
0.0010897182
0.0012604027
0.0014976494
0.00090191775
0.0012142847
0.0013863954
0.0019469443
0.0012014477
0.0012632554
0.0013426546
0.001713501
0.0010726022
0.0012437622
0.0014772053
314.0
15.748407
4945.0
0.059453994
0.002628918
0.0018200203
0.0
0.00040444895
0.0014155713
0.0016177958
0.0010111224
0.004246714
0.006066734
0.00020222447
0.002628918
0.00040444895
0.0024266937
0.020424671
0.0020222447
0.008088979
0.0032355916
0.0056622853
0.0113245705
0.0018200203
0.003437816
0.005257836
0.0032355916
0.0028311426
0.0014155713
0.0038422649
0.0012133468
0.0014155713
0.0
0.00040444895
0.005055612
0.003033367
0.010313448
0.0040444895
0.009100101
0.0113245705
0.007280081
0.008088979
0.007280081
0.0056622853
0.0038422649
0.003437816
0.002628918
0.004246714
0.006066734
0.0024266937
0.0036400405
0.0082912035
0.0008088979
0.007482305
0.009908999
0.003437816
0.08372093
0.0038422649
0.007280081
0.0018200203
0.0020222447
0.0014155713
0.003033367
0.0036400405
0.00020222447
0.0010111224
0.0016177958
0.0012133468
0.046511628
0.004448938
0.020020222
0.016986856
0.087563194
0.0082912035
0.010717897
0.011122346
0.043276038
0.0014155713
0.0070778565
0.03255814
0.013144591
0.038624875
0.04853387
0.017391304
0.0014155713
0.04206269
0.032153692
0.041051567
0.019615773
0.0070778565
0.00950455
0.020626895
0.004448938
0.0028311426
0.007886754
0.0006066734
0.00040444895
0.0012133468
0.0032355916
5.458825
1.0
0.0
0.0
1.0
1052672.0
57344.0
0.0
0.0
54.0
0.0
1.0
0.0
0.0
0.0
1083884500.0
0.0
0.0
0.0
0.0
0.0
1.0
0.0
0.0
0.0
0.0
0.0
0.0
-1.0
0.0
-1.0
-1.0
0.0
0.0
0.0
0.0
0.0
0.0
0.0
0.0
0.0
0.0
0.0
0.0
-1.0
0.0
0.0
0.0
0.0
0.0
0.0
0.0
0.0
0.0
0.0
0.0
0.0
-1.0
0.0
0.0
0.0
0.0
0.0
0.0
0.0
0.0
0.0
0.0
6.0
0.0
4.0
0.0
4.0
0.0
24576.0
4096.0
4096.0
5.0
0.0
0.0
2.0
2.0
0.0
0.0
0.0
0.0
0.0
0.0
0.0
0.0
0.0
0.0
0.0
0.0
0.0
0.0
4096.0
0.0
0.0
0.0
0.0
0.0
0.0
0.0
0.0
0.0
0.0
0.0
0.0
0.0
0.0
0.0
0.0
0.0
-8192.0
0.0
0.0
0.0
-4096.0
0.0
0.0
0.0
0.0
-24576.0
0.0
4096.0
0.0
0.0
0.0
0.0
0.0
0.0
0.0
0.0
0.0
0.0
0.0
0.0
0.0
0.0
0.0
0.0
0.0
0.0
0.0
0.0
5.297788
0.0
0.0
0.0
0.0
0.0
0.0
0.0
0.0
0.0
0.0
0.0
0.0
0.0
0.0
0.0
0.0
0.0
-3.429211
0.0
0.0
0.0
-5.415727
0.0
0.0
0.0
0.0
-7.8354425
0.0
3.7997313
0.0
0.0
0.0
0.0
0.0
0.0
0.0
0.0
0.0
0.0
0.0
0.0
0.0
0.0
0.0
0.0
0.0
0.0
0.0
0.0
2476.0
0.0
0.0
0.0
0.0
0.0
0.0
0.0
0.0
0.0
0.0
0.0
0.0
0.0
0.0
0.0
0.0
0.0
-13432.0
0.0
0.0
0.0
-1024.0
0.0
0.0
0.0
0.0
-23376.0
0.0
2392.0
0.0
0.0
0.0
0.0
0.0
0.0
0.0
0.0
0.0
-1.0
0.0
0.0
0.0
0.0
0.0
1.0
0.0
0.0
0.0
0.0
0.0
0.0
0.0
0.0
0.0
0.0
0.0
0.0
0.0
0.0
0.0
0.0
0.0
0.0
0.0
0.0
0.0
0.0
0.0
0.0
0.0
0.0
0.0
0.0
0.0
-2.0
0.0
0.0
0.0
1.0
0.0
0.0
0.0
0.0
0.0
0.0
0.0
0.0
0.0
0.0
0.0
0.0
0.0
0.0
0.0
0.0
0.0
0.0
0.0
-1.0
0.0
0.0
0.0
0.0
0.0
0.0
0.0
0.0
0.0
1.0
0.0
0.0
0.0
0.0
0.0
0.0
0.0
0.0
0.0
0.0
0.0
0.0
0.0
1.0
0.0
0.0
0.0
0.0
0.0
0.0
0.0
0.0
0.0
0.0
0.0
0.0
0.0
0.0
0.0
0.0
0.0
0.0
0.0
0.0
0.0
0.0
0.0
0.0
0.0
0.0
0.0
0.0
0.0
0.0
0.0
0.0
0.0
0.0
0.0
0.0
0.0
0.0
0.0
0.0
0.0
0.0
-1.0
0.0
0.0
0.0
0.0
0.0
0.0
0.0
0.0
0.0
0.0
0.0
0.0
0.0
0.0
0.0
0.0
0.0
0.0
0.0
0.0
0.0
0.0
0.0
0.0
0.0
0.0
0.0
0.0
0.0
0.0
0.0
0.0
0.0
0.0
0.0
0.0
0.0
0.0
0.0
0.0
0.0
0.0
0.0
0.0
0.0
0.0
0.0
0.0
0.0
0.0
0.0
0.0
0.0
0.0
0.0
0.0
0.0
0.0
0.0
0.0
0.0
0.0
0.0
0.0
0.0
0.0
0.0
0.0
0.0
-1.0
0.0
0.0
0.0
0.0
0.0
0.0
0.0
0.0
0.0
0.0
0.0
0.0
0.0
0.0
0.0
0.0
1.0
0.0
0.0
0.0
0.0
0.0
0.0
0.0
0.0
0.0
0.0
0.0
0.0
0.0
0.0
0.0
0.0
0.0
0.0
0.0
0.0
0.0
0.0
0.0
0.0
0.0
0.0
0.0
0.0
0.0
0.0
0.0
0.0
0.0
0.0
0.0
0.0
0.0
0.0
0.0
0.0
0.0
0.0
0.0
0.0
0.0
0.0
0.0
0.0
0.0
0.0
0.0
0.0
0.0
0.0
0.0
0.0
0.0
0.0
0.0
0.0
0.0
0.0
0.0
0.0
0.0
0.0
0.0
0.0
0.0
0.0
0.0
0.0
0.0
0.0
0.0
0.0
0.0
0.0
0.0
0.0
0.0
0.0
0.0
0.0
0.0
0.0
0.0
0.0
0.0
0.0
0.0
0.0
0.0
0.0
0.0
0.0
0.0
0.0
0.0
0.0
0.0
0.0
0.0
0.0
0.0
0.0
0.0
0.0
0.0
0.0
0.0
0.0
0.0
0.0
0.0
0.0
0.0
0.0
0.0
0.0
0.0
0.0
0.0
0.0
0.0
0.0
0.0
0.0
0.0
0.0
0.0
0.0
0.0
0.0
0.0
0.0
0.0
0.0
0.0
0.0
0.0
0.0
0.0
0.0
0.0
0.0
0.0
0.0
0.0
0.0
0.0
0.0
0.0
0.0
0.0
0.0
0.0
0.0
0.0
0.0
0.0
0.0
0.0
0.0
0.0
0.0
0.0
0.0
0.0
0.0
0.0
0.0
0.0
0.0
0.0
0.0
0.0
0.0
0.0
0.0
0.0
0.0
0.0
0.0
0.0
-1.0
0.0
0.0
0.0
0.0
0.0
0.0
0.0
0.0
0.0
0.0
0.0
0.0
0.0
0.0
0.0
0.0
0.0
0.0
0.0
0.0
0.0
0.0
0.0
0.0
0.0
0.0
0.0
0.0
0.0
0.0
0.0
0.0
0.0
0.0
0.0
0.0
1.0
0.0
0.0
0.0
0.0
0.0
0.0
0.0
0.0
0.0
0.0
0.0
0.0
0.0
0.0
0.0
0.0
0.0
0.0
0.0
0.0
0.0
1.0
0.0
0.0
0.0
0.0
1.0
0.0
0.0
0.0
0.0
0.0
0.0
0.0
0.0
0.0
0.0
0.0
0.0
0.0
0.0
0.0
0.0
1.0
0.0
0.0
0.0
0.0
0.0
0.0
0.0
0.0
0.0
0.0
0.0
0.0
0.0
0.0
0.0
0.0
0.0
0.0
0.0
0.0
0.0
0.0
0.0
0.0
0.0
0.0
0.0
0.0
0.0
0.0
0.0
0.0
0.0
0.0
0.0
0.0
0.0
0.0
0.0
0.0
0.0
0.0
0.0
0.0
-1.0
0.0
0.0
0.0
0.0
0.0
0.0
0.0
0.0
0.0
0.0
0.0
0.0
0.0
0.0
0.0
0.0
0.0
0.0
0.0
0.0
0.0
0.0
0.0
0.0
0.0
0.0
0.0
0.0
0.0
0.0
0.0
0.0
0.0
0.0
0.0
0.0
0.0
0.0
0.0
0.0
0.0
0.0
0.0
0.0
0.0
0.0
0.0
-1.0
0.0
0.0
0.0
0.0
0.0
0.0
0.0
0.0
0.0
0.0
0.0
0.0
0.0
0.0
0.0
0.0
0.0
0.0
0.0
0.0
0.0
0.0
0.0
0.0
0.0
0.0
0.0
0.0
0.0
0.0
1.0
0.0
0.0
0.0
0.0
0.0
0.0
0.0
0.0
0.0
0.0
0.0
0.0
0.0
0.0
0.0
0.0
0.0
0.0
0.0
0.0
0.0
0.0
0.0
0.0
0.0
0.0
0.0
-1.0
0.0
0.0
0.0
0.0
0.0
0.0
0.0
0.0
0.0
0.0
0.0
0.0
0.0
0.0
0.0
0.0
0.0
0.0
0.0
0.0
0.0
0.0
0.0
0.0
0.0
0.0
0.0
0.0
0.0
0.0
0.0
0.0
0.0
0.0
0.0
0.0
0.0
0.0
0.0
0.0
0.0
0.0
-1.0
0.0
0.0
1.0
0.0
0.0
0.0
0.0
0.0
0.0
0.0
0.0
0.0
0.0
0.0
0.0
0.0
0.0
0.0
0.0
0.0
0.0
0.0
0.0
0.0
0.0
0.0
0.0
0.0
0.0
0.0
0.0
0.0
0.0
0.0
0.0
0.0
0.0
0.0
0.0
0.0
0.0
0.0
0.0
0.0
0.0
0.0
-1.0
0.0
0.0
0.0
-1.0
0.0
0.0
0.0
0.0
0.0
0.0
0.0
0.0
0.0
0.0
0.0
0.0
0.0
0.0
0.0
0.0
0.0
0.0
0.0
0.0
0.0
0.0
0.0
0.0
0.0
0.0
0.0
0.0
0.0
0.0
0.0
0.0
0.0
0.0
1.0
0.0
0.0
0.0
0.0
0.0
0.0
0.0
0.0
0.0
0.0
-1.0
0.0
0.0
0.0
0.0
0.0
0.0
0.0
0.0
0.0
0.0
0.0
0.0
0.0
0.0
0.0
0.0
0.0
0.0
0.0
0.0
0.0
0.0
0.0
0.0
0.0
0.0
0.0
0.0
0.0
0.0
1.0
0.0
0.0
0.0
0.0
0.0
0.0
0.0
0.0
0.0
0.0
0.0
0.0
0.0
0.0
0.0
0.0
0.0
0.0
0.0
0.0
0.0
0.0
0.0
0.0
0.0
0.0
0.0
0.0
0.0
0.0
0.0
0.0
0.0
0.0
0.0
0.0
0.0
0.0
-1.0
0.0
0.0
0.0
0.0
0.0
0.0
0.0
0.0
0.0
0.0
0.0
0.0
0.0
0.0
0.0
0.0
0.0
0.0
-1.0
0.0
0.0
0.0
0.0
0.0
0.0
0.0
0.0
0.0
0.0
0.0
0.0
0.0
0.0
0.0
0.0
0.0
0.0
0.0
0.0
0.0
0.0
0.0
0.0
0.0
0.0
0.0
0.0
0.0
0.0
0.0
0.0
0.0
0.0
0.0
0.0
0.0
0.0
0.0
0.0
0.0
0.0
0.0
0.0
0.0
0.0
0.0
0.0
0.0
0.0
0.0
0.0
0.0
0.0
0.0
0.0
0.0
0.0
0.0
0.0
0.0
0.0
0.0
0.0
0.0
0.0
0.0
0.0
1.0
0.0
0.0
-2.0
0.0
0.0
0.0
0.0
0.0
0.0
0.0
0.0
0.0
0.0
0.0
0.0
0.0
0.0
1.0
0.0
0.0
0.0
-1.0
0.0
0.0
0.0
0.0
0.0
0.0
0.0
0.0
0.0
0.0
0.0
-1.0
0.0
0.0
0.0
0.0
0.0
0.0
1.0
0.0
0.0
0.0
0.0
0.0
0.0
0.0
0.0
0.0
0.0
0.0
0.0
0.0
0.0
0.0
0.0
0.0
1.0
0.0
1.0
0.0
0.0
0.0
0.0
0.0
1.0
0.0
0.0
0.0
0.0
0.0
0.0
0.0
0.0
-1.0
0.0
0.0
0.0
0.0
0.0
0.0
0.0
0.0
0.0
0.0
0.0
0.0
0.0
0.0
1.0
0.0
0.0
0.0
0.0
0.0
0.0
0.0
0.0
0.0
0.0
0.0
0.0
0.0
0.0
0.0
0.0
0.0
0.0
0.0
0.0
0.0
0.0
0.0
0.0
0.0
0.0
0.0
0.0
0.0
0.0
0.0
0.0
0.0
0.0
0.0
0.0
0.0
0.0
0.0
0.0
0.0
0.0
0.0
0.0
0.0
0.0
0.0
0.0
-1.0
0.0
0.0
0.0
0.0
0.0
0.0
0.0
0.0
0.0
0.0
0.0
0.0
0.0
0.0
0.0
0.0
0.0
0.0
0.0
0.0
0.0
0.0
0.0
1.0
0.0
0.0
0.0
0.0
0.0
0.0
1.0
0.0
0.0
0.0
0.0
0.0
0.0
0.0
0.0
0.0
0.0
0.0
0.0
0.0
0.0
0.0
0.0
0.0
0.0
0.0
0.0
0.0
0.0
0.0
0.0
1.0
0.0
0.0
0.0
0.0
0.0
0.0
0.0
0.0
0.0
0.0
-1.0
0.0
0.0
0.0
0.0
0.0
0.0
0.0
0.0
0.0
-1.0
0.0
0.0
0.0
0.0
0.0
0.0
0.0
0.0
0.0
0.0
0.0
0.0
0.0
0.0
1.0
0.0
0.0
0.0
0.0
0.0
0.0
0.0
0.0
0.0
0.0
0.0
0.0
0.0
0.0
0.0
0.0
0.0
0.0
-1.0
1.0
0.0
0.0
0.0
0.0
0.0
0.0
0.0
0.0
0.0
0.0
0.0
0.0
0.0
0.0
0.0
0.0
0.0
1.0
0.0
0.0
0.0
-1.0
0.0
0.0
0.0
0.0
0.0
0.0
0.0
0.0
1.0
0.0
0.0
0.0
0.0
0.0
0.0
0.0
0.0
0.0
0.0
0.0
0.0
0.0
0.0
0.0
0.0
0.0
0.0
0.0
0.0
0.0
0.0
0.0
0.0
-1.0
0.0
0.0
0.0
0.0
0.0
0.0
0.0
0.0
0.0
0.0
0.0
0.0
0.0
0.0
0.0
0.0
0.0
0.0
0.0
0.0
0.0
0.0
-1.0
0.0
0.0
0.0
0.0
0.0
0.0
0.0
0.0
0.0
0.0
0.0
0.0
0.0
0.0
0.0
0.0
0.0
0.0
0.0
0.0
0.0
0.0
0.0
-1.0
0.0
0.0
0.0
0.0
0.0
0.0
0.0
0.0
0.0
0.0
0.0
0.0
0.0
0.0
0.0
0.0
0.0
0.0
0.0
0.0
0.0
0.0
0.0
0.0
0.0
-1.0
-1.0
0.0
0.0
0.0
0.0
0.0
0.0
0.0
0.0
0.0
0.0
0.0
0.0
0.0
0.0
0.0
0.0
0.0
0.0
0.0
0.0
0.0
0.0
0.0
0.0
-1.0
0.0
0.0
0.0
0.0
0.0
0.0
0.0
0.0
0.0
0.0
0.0
0.0
0.0
0.0
0.0
0.0
0.0
0.0
0.0
0.0
0.0
0.0
0.0
0.0
0.0
0.0
0.0
0.0
0.0
0.0
0.0
0.0
0.0
0.0
0.0
0.0
0.0
0.0
0.0
0.0
0.0
0.0
0.0
0.0
0.0
0.0
0.0
0.0
0.0
0.0
0.0
0.0
0.0
0.0
0.0
0.0
0.0
0.0
0.0
0.0
0.0
0.0
0.0
0.0
0.0
0.0
0.0
0.0
0.0
0.0
0.0
0.0
0.0
0.0
0.0
0.0
0.0
0.0
0.0
0.0
0.0
0.0
0.0
0.0
0.0
0.0
0.0
0.0
0.0
0.0
0.0
0.0
0.0
0.0
0.0
0.0
0.0
0.0
0.0
0.0
0.0
0.0
0.0
0.0
0.0
0.0
0.0
0.0
0.0
0.0
0.0
0.0
0.0
0.0
0.0
0.0
0.0
0.0
0.0
0.0
0.0
0.0
0.0
0.0
0.0
0.0
0.0
0.0
0.0
0.0
0.0
0.0
0.0
0.0
0.0
0.0
0.0
0.0
0.0
0.0
0.0
0.0
0.0
0.0
0.0
0.0
0.0
0.0
0.0
0.0
0.0
0.0
0.0
0.0
0.0
0.0
0.0
0.0
0.0
0.0
0.0
0.0
0.0
0.0
0.0
0.0
0.0
0.0
80.0
29892.0
2392.0
49152.0
0.0
0.0
0.0
0.0
0.0
0.0
0.0
0.0
0.0
0.0
0.0
0.0
0.0
0.0
0.0
0.0
0.0
0.0
228.0
28672.0
0.0
0.0
0.0
0.0
