0.32655475
0.0028300597
0.0026804244
0.0027243393
0.0027129538
0.0027877716
0.0025145244
0.002688557
0.0027194598
0.0026397626
0.0026771715
0.0027129538
0.002758495
0.0026056068
0.002675545
0.002813795
0.002574704
0.002693436
0.002672292
0.002589342
0.002675545
0.0024315743
0.002589342
0.002703195
0.0025909685
0.0026836775
0.0026218714
0.002558439
0.0026251245
0.0026576538
0.0025226567
0.0026056068
0.0026316303
0.002651148
0.0026495215
0.0026478951
0.0027113273
0.0025974745
0.002509645
0.002616992
0.0026365097
0.002613739
0.0026348832
0.0026218714
0.002651148
0.0026072334
0.0026381363
0.0026056068
0.0025844628
0.0026007274
0.0025291627
0.002589342
0.002623498
0.0025324156
0.0026072334
0.0026153657
0.002568198
0.0026039802
0.0027015687
0.0025828362
0.002765001
0.0027389773
0.0025031392
0.0025568127
0.0026690392
0.002672292
0.0027324716
0.0026478951
0.002682051
0.0026300037
0.002672292
0.002595848
0.0025226567
0.0026365097
0.0026056068
0.0025665716
0.0026706655
0.002709701
0.0027438567
0.002644642
0.0026300037
0.0026674126
0.0027243393
0.0026478951
0.0026495215
0.0027194598
0.002779639
0.002589342
0.0026104862
0.0025568127
0.0026413891
0.0027048215
0.0025470539
0.0026365097
0.0024673566
0.0025698245
0.002672292
0.0027406039
0.0026690392
0.002734098
0.002847951
0.0027129538
0.002651148
0.002675545
0.002613739
0.002693436
0.002688557
0.0027162067
0.0027015687
0.002730845
0.002737351
0.002730845
0.002620245
0.0026316303
0.0026576538
0.002761748
0.0027845185
0.0027519893
0.0027227127
0.002586089
0.002616992
0.0027243393
0.0027080744
0.002688557
0.0025991008
0.002675545
0.0026121126
0.002574704
0.0026657863
0.002706448
0.002693436
0.0026495215
0.002688557
0.0026478951
0.0025535596
0.002602354
0.0027162067
0.0027666274
0.002688557
0.0028625892
0.0027633745
0.0026283774
0.0026153657
0.002613739
0.002644642
0.0027357244
0.0026674126
0.002568198
0.0027129538
0.0027275921
0.0026397626
0.0025568127
0.0025909685
0.0026332568
0.0026251245
0.0026039802
0.002574704
0.0026836775
0.0025259096
0.002616992
0.0026186185
0.0026153657
0.0026592803
0.002589342
0.002568198
0.0026771715
0.0026901832
0.002730845
0.002644642
0.002734098
0.0024657303
0.0026300037
0.0026039802
0.0026625332
0.0026088597
0.0026983155
0.0026381363
0.0027552422
0.002693436
0.0027145804
0.002595848
0.0025356684
0.0026430157
0.0026397626
0.002675545
0.0025324156
0.0025795833
0.0027601216
0.0025877156
0.0026836775
0.0026267509
0.0026413891
0.0026966892
0.0027731333
0.0026348832
0.0026625332
0.0025714508
0.0026381363
0.0026072334
0.0026690392
0.002789398
0.0026478951
0.0026332568
0.002699942
0.0026316303
0.002651148
0.0026690392
0.0026609069
0.0025177773
0.0026186185
0.0026056068
0.0025991008
0.0026560274
0.0026495215
0.0025486802
0.0026267509
0.0026218714
0.0025714508
0.0026088597
0.002616992
0.0025454273
0.002651148
0.0025145244
0.002651148
0.0026283774
0.0026072334
0.002478742
0.0026641598
0.0026869304
0.002675545
0.0025600656
0.0027210861
0.0028024097
0.0025128978
0.002654401
0.0027389773
0.0026397626
0.002761748
0.002613739
0.002682051
0.0026072334
0.0025844628
0.0025942214
0.0027471099
0.0025714508
0.0026495215
0.0027780128
0.0026397626
0.0027129538
0.0027454833
0.0025844628
0.002699942
0.0026121126
0.002574704
0.0025974745
0.0009677503
0.312187
0.0
0.0
0.0
0.0
0.0
0.0
0.0
0.0
0.0
0.0
0.0
0.0
0.0
0.0
0.0
0.0
0.0
0.0
0.0
0.0
0.0
0.0
0.0
0.0
0.0
0.0
0.0
0.0
0.0
0.0
0.0
0.0
0.0
0.0
0.0
0.0
0.0
0.0
0.0
0.0
0.0
0.0
0.0
0.0
0.0
0.0
0.0
0.0
0.0
0.0
0.0
0.0
0.0
0.0
0.0
0.0
0.0
0.0
0.0
0.0
0.0
0.0
0.0
0.001440389
6.5212853e-06
5.624609e-05
4.0758036e-06
7.3364463e-06
2.445482e-06
4.0758036e-06
9.781928e-06
3.994287e-05
4.890964e-06
3.260643e-05
4.0758036e-06
3.0160945e-05
3.2606426e-06
4.0758036e-06
1.9563857e-05
0.0
0.0
0.0
0.0
0.0
0.0
0.0
0.0
0.0
0.0
0.0
0.0
0.0
0.0
0.0
0.0
0.0
0.0
0.0
0.0
0.0
0.0
0.0
0.0
0.0
0.0
0.0
0.0
0.0
0.0
0.0
0.0
0.0
0.0
0.0
0.0
0.0
0.0
0.0
0.0
0.0
0.0
0.0
0.0
0.0
0.0
0.0
0.0
0.0010857941
2.9345785e-05
8.640703e-05
2.9345785e-05
5.5430926e-05
2.1194177e-05
2.0379017e-05
3.5051908e-05
6.276737e-05
1.7118375e-05
4.97248e-05
2.2009339e-05
5.4615764e-05
2.3639659e-05
2.7715463e-05
4.8909642e-05
0.0019547553
4.5648998e-05
8.559187e-05
8.966767e-05
7.499478e-05
8.396155e-05
0.00033503104
0.00017852019
0.000101079924
5.5430926e-05
4.4018678e-05
5.4615764e-05
5.7061246e-05
4.3203516e-05
4.4018678e-05
9.1297996e-05
0.0
0.0
0.0
0.0
0.0
0.0
0.0
0.0
0.0
0.0
0.0
0.0
0.0
0.0
0.0
0.0
0.0035084516
0.0002217237
0.00021275693
0.00020623565
0.00021275693
0.0002135721
0.00022906016
0.00020868113
0.00018748696
0.0002135721
0.00021275693
0.00022661468
0.00019726889
0.00021275693
0.0002013447
0.00021275693
0.0013099632
0.000101895086
0.00013613183
0.00011249218
0.00015161988
0.00014591376
0.00032280362
0.00017933534
0.00023395111
6.765834e-05
7.091898e-05
7.580994e-05
0.0001222741
7.091898e-05
9.292832e-05
0.00014428345
0.0023305444
0.0003048701
0.00030160946
0.00026085143
0.00030323977
0.00031791267
0.00027470916
0.00031954297
0.0006244131
0.00017199891
0.00015895633
0.00022253886
0.00031872783
0.00018015051
0.0002445482
0.00034318265
0.0012993661
0.00022742983
0.00027063335
0.00028286077
0.00027307883
0.00022498435
0.00023069048
0.0002445482
0.0002836759
0.00018504147
0.00024699367
0.00028775173
0.00022498435
0.00020623565
0.0002551453
0.00026492722
0.042087562
0.04084444
0.040853407
0.040721353
0.041309897
0.041133825
0.04187888
0.041512057
0.041344136
0.041384894
0.04137348
0.04140853
0.04163515
0.0408852
0.041527547
0.039532032
1994.0
5.818455
11602.0
0.012239269
0.009567316
0.010084468
0.010084468
0.007412515
0.010429236
0.008360627
0.0091363555
0.009481124
0.010515428
0.009653508
0.009998276
0.010256852
0.011722117
0.009825892
0.01060162
0.008274435
0.0092225475
0.010946388
0.011549733
0.010084468
0.009825892
0.010429236
0.009481124
0.008791587
0.009394932
0.010343044
0.00930874
0.009050163
0.010687812
0.009050163
0.008015859
0.010687812
0.010429236
0.01060162
0.010515428
0.010515428
0.010515428
0.009653508
0.009998276
0.00930874
0.008619203
0.00930874
0.0091363555
0.01060162
0.0092225475
0.011635925
0.010515428
0.0112049645
0.010256852
0.010343044
0.010687812
0.011118772
0.010084468
0.009998276
0.009567316
0.00930874
0.009998276
0.01017066
0.010084468
0.009394932
0.010256852
0.008274435
0.008877779
0.009912084
0.01439407
0.0097397
0.009653508
0.01482503
0.01654887
0.010429236
0.011549733
0.010687812
0.0132735735
0.009481124
0.01060162
0.01396311
0.01060162
0.012066885
0.014307878
0.01060162
0.010084468
0.012928805
0.012842613
0.012928805
0.012325461
0.01060162
0.011463541
0.010515428
0.010687812
0.0112049645
0.008619203
0.010084468
0.01017066
0.009653508
0.008533011
6.5707617
0.0
0.0
0.0
5.0
614828.0
360448.0
0.0
0.0
13.0
1.0
1.0
0.0
1.0
0.0
708992500.0
0.0
0.0
0.0
0.0
0.0
1.0
0.0
0.0
0.0
0.0
0.0
0.0
-1.0
2.0
-1.0
-1.0
0.0
1.0
0.0
0.0
0.0
0.0
0.0
0.0
0.0
0.0
0.0
0.0
-1.0
0.0
0.0
0.0
0.0
0.0
0.0
0.0
0.0
0.0
0.0
0.0
0.0
-1.0
0.0
0.0
0.0
0.0
0.0
0.0
0.0
0.0
0.0
0.0
2.0
25.0
1.0
0.0
4.0
0.0
203264.0
1024.0
4096.0
10.0
4.0
0.0
0.0
10.0
0.0
0.0
0.0
0.0
0.0
0.0
0.0
0.0
0.0
0.0
6144.0
0.0
0.0
0.0
512.0
0.0
0.0
0.0
0.0
0.0
0.0
0.0
-1536.0
0.0
0.0
0.0
0.0
0.0
0.0
0.0
0.0
0.0
0.0
0.0
0.0
-90624.0
0.0
0.0
0.0
0.0
0.0
0.0
-3584.0
30720.0
0.0
0.0
0.0
0.0
0.0
0.0
0.0
0.0
0.0
0.0
0.0
0.0
0.0
0.0
0.0
0.0
6.288305
0.0
0.0
0.0
0.20448816
0.0
0.0
0.0
0.0
0.0
0.0
0.0
-6.5987444
0.0
0.0
0.0
0.0
0.0
0.0
0.0
0.0
0.0
0.0
0.0
0.0
-7.996807
0.0
0.0
0.0
0.0
0.0
0.0
-7.3927345
7.8770914
0.0
0.0
0.0
0.0
0.0
0.0
0.0
0.0
-4096.0
0.0
0.0
-16384.0
0.0
0.0
0.0
0.0
8192.0
0.0
0.0
0.0
4096.0
0.0
4096.0
0.0
0.0
0.0
0.0
0.0
-4096.0
0.0
0.0
0.0
0.0
0.0
0.0
0.0
0.0
0.0
-4096.0
0.0
0.0
-204800.0
0.0
0.0
0.0
0.0
0.0
0.0
-12288.0
94208.0
0.0
0.0
0.0
0.0
0.0
0.0
0.0
0.0
0.0
0.0
0.0
0.0
0.0
0.0
0.0
0.0
0.0
0.0
0.0
0.0
0.0
0.0
0.0
0.0
0.0
0.0
0.0
0.0
0.0
0.0
0.0
0.0
0.0
0.0
0.0
0.0
0.0
0.0
0.0
0.0
0.0
0.0
0.0
0.0
0.0
0.0
0.0
0.0
0.0
0.0
0.0
0.0
0.0
0.0
0.0
0.0
0.0
0.0
0.0
0.0
0.0
0.0
0.0
0.0
0.0
0.0
0.0
0.0
0.0
0.0
0.0
0.0
0.0
0.0
0.0
0.0
0.0
0.0
0.0
0.0
0.0
0.0
0.0
0.0
0.0
0.0
0.0
0.0
0.0
0.0
0.0
0.0
0.0
0.0
0.0
0.0
0.0
0.0
0.0
0.0
0.0
0.0
0.0
0.0
0.0
0.0
0.0
0.0
0.0
0.0
0.0
0.0
0.0
0.0
0.0
0.0
0.0
0.0
0.0
0.0
0.0
0.0
0.0
0.0
0.0
0.0
0.0
0.0
0.0
0.0
0.0
-1.0
0.0
0.0
0.0
0.0
-1.0
0.0
0.0
0.0
0.0
0.0
0.0
0.0
0.0
0.0
0.0
0.0
0.0
0.0
0.0
0.0
0.0
0.0
0.0
0.0
0.0
0.0
0.0
-1.0
0.0
0.0
0.0
0.0
0.0
0.0
0.0
0.0
0.0
0.0
0.0
0.0
0.0
0.0
0.0
0.0
0.0
0.0
0.0
0.0
0.0
0.0
0.0
0.0
0.0
0.0
0.0
0.0
0.0
0.0
0.0
0.0
0.0
0.0
0.0
0.0
0.0
0.0
0.0
0.0
0.0
0.0
1.0
0.0
0.0
0.0
-1.0
0.0
0.0
0.0
0.0
0.0
0.0
0.0
0.0
0.0
0.0
0.0
0.0
0.0
0.0
0.0
0.0
1.0
0.0
0.0
0.0
0.0
0.0
0.0
0.0
0.0
0.0
0.0
0.0
0.0
0.0
0.0
0.0
0.0
0.0
0.0
0.0
0.0
0.0
0.0
0.0
0.0
0.0
0.0
0.0
0.0
0.0
0.0
0.0
0.0
0.0
0.0
0.0
0.0
0.0
0.0
0.0
0.0
0.0
0.0
0.0
0.0
0.0
0.0
0.0
0.0
0.0
0.0
0.0
0.0
0.0
0.0
0.0
0.0
0.0
0.0
0.0
0.0
0.0
0.0
0.0
0.0
0.0
0.0
0.0
0.0
0.0
0.0
0.0
0.0
0.0
0.0
0.0
0.0
0.0
0.0
0.0
0.0
0.0
0.0
0.0
0.0
0.0
0.0
0.0
0.0
0.0
0.0
0.0
0.0
0.0
0.0
0.0
0.0
0.0
0.0
0.0
0.0
0.0
0.0
0.0
0.0
0.0
0.0
0.0
0.0
0.0
0.0
0.0
0.0
0.0
-1.0
0.0
0.0
0.0
0.0
0.0
0.0
0.0
0.0
1.0
0.0
0.0
0.0
0.0
0.0
0.0
0.0
0.0
0.0
0.0
0.0
0.0
0.0
0.0
0.0
0.0
0.0
0.0
0.0
0.0
0.0
0.0
0.0
0.0
0.0
0.0
0.0
0.0
0.0
0.0
0.0
0.0
0.0
0.0
0.0
0.0
0.0
0.0
0.0
0.0
0.0
0.0
0.0
0.0
0.0
0.0
0.0
0.0
0.0
0.0
0.0
0.0
0.0
-1.0
0.0
0.0
0.0
0.0
0.0
0.0
0.0
0.0
0.0
0.0
0.0
0.0
0.0
0.0
0.0
0.0
0.0
0.0
0.0
0.0
0.0
0.0
0.0
0.0
0.0
0.0
0.0
0.0
0.0
0.0
0.0
0.0
0.0
0.0
0.0
0.0
0.0
0.0
0.0
0.0
0.0
0.0
0.0
0.0
0.0
1.0
0.0
0.0
0.0
0.0
0.0
0.0
0.0
0.0
0.0
0.0
0.0
0.0
0.0
0.0
0.0
0.0
0.0
0.0
0.0
0.0
0.0
0.0
0.0
0.0
0.0
0.0
0.0
0.0
0.0
0.0
0.0
0.0
0.0
0.0
0.0
0.0
0.0
0.0
0.0
0.0
0.0
0.0
0.0
0.0
0.0
0.0
-1.0
0.0
0.0
0.0
0.0
0.0
0.0
0.0
0.0
0.0
0.0
0.0
0.0
0.0
0.0
0.0
0.0
0.0
0.0
0.0
0.0
0.0
0.0
0.0
0.0
0.0
0.0
0.0
0.0
0.0
0.0
0.0
0.0
0.0
0.0
0.0
0.0
0.0
0.0
0.0
0.0
0.0
0.0
0.0
0.0
0.0
0.0
0.0
0.0
0.0
0.0
0.0
0.0
0.0
0.0
0.0
0.0
0.0
0.0
0.0
0.0
0.0
0.0
0.0
0.0
0.0
0.0
0.0
0.0
0.0
0.0
0.0
0.0
0.0
0.0
0.0
0.0
0.0
0.0
0.0
0.0
0.0
0.0
0.0
0.0
0.0
0.0
0.0
0.0
0.0
0.0
0.0
0.0
0.0
0.0
0.0
0.0
0.0
0.0
0.0
0.0
0.0
0.0
0.0
0.0
0.0
0.0
0.0
0.0
0.0
0.0
0.0
0.0
0.0
0.0
0.0
0.0
0.0
0.0
0.0
0.0
0.0
0.0
0.0
0.0
0.0
0.0
0.0
0.0
0.0
0.0
0.0
0.0
0.0
1.0
0.0
0.0
0.0
0.0
0.0
0.0
0.0
0.0
0.0
0.0
0.0
0.0
0.0
0.0
0.0
0.0
0.0
0.0
0.0
0.0
0.0
0.0
0.0
0.0
0.0
0.0
0.0
0.0
0.0
0.0
0.0
0.0
0.0
0.0
0.0
0.0
0.0
0.0
0.0
0.0
0.0
0.0
0.0
0.0
0.0
0.0
0.0
0.0
0.0
0.0
0.0
0.0
0.0
0.0
0.0
0.0
0.0
0.0
0.0
0.0
0.0
0.0
0.0
0.0
0.0
0.0
0.0
0.0
0.0
0.0
0.0
0.0
0.0
0.0
0.0
0.0
0.0
0.0
0.0
0.0
0.0
0.0
0.0
0.0
0.0
0.0
0.0
0.0
0.0
0.0
0.0
0.0
0.0
0.0
0.0
0.0
0.0
0.0
0.0
0.0
0.0
0.0
0.0
0.0
0.0
0.0
0.0
0.0
0.0
0.0
0.0
0.0
0.0
0.0
0.0
0.0
0.0
0.0
0.0
0.0
0.0
0.0
0.0
0.0
0.0
0.0
0.0
0.0
0.0
0.0
0.0
0.0
0.0
0.0
0.0
0.0
0.0
0.0
0.0
0.0
0.0
0.0
0.0
0.0
0.0
0.0
0.0
0.0
0.0
0.0
0.0
0.0
0.0
0.0
0.0
0.0
0.0
0.0
0.0
0.0
0.0
0.0
0.0
0.0
0.0
0.0
0.0
0.0
0.0
0.0
0.0
0.0
0.0
0.0
0.0
0.0
1.0
0.0
0.0
0.0
0.0
0.0
0.0
0.0
0.0
0.0
0.0
0.0
0.0
0.0
0.0
0.0
0.0
0.0
0.0
0.0
0.0
-1.0
0.0
0.0
0.0
0.0
0.0
0.0
0.0
0.0
0.0
0.0
0.0
0.0
0.0
0.0
0.0
0.0
0.0
0.0
0.0
0.0
0.0
0.0
0.0
0.0
0.0
0.0
0.0
0.0
0.0
0.0
0.0
0.0
0.0
0.0
0.0
0.0
0.0
0.0
0.0
1.0
0.0
0.0
0.0
0.0
0.0
0.0
0.0
0.0
0.0
0.0
0.0
0.0
0.0
0.0
0.0
0.0
0.0
0.0
0.0
0.0
0.0
0.0
0.0
0.0
0.0
0.0
0.0
0.0
0.0
0.0
0.0
0.0
0.0
0.0
0.0
0.0
0.0
0.0
0.0
0.0
-1.0
0.0
0.0
0.0
0.0
0.0
0.0
0.0
0.0
0.0
0.0
0.0
0.0
0.0
0.0
0.0
0.0
0.0
0.0
0.0
0.0
0.0
0.0
0.0
0.0
0.0
0.0
0.0
0.0
0.0
0.0
0.0
0.0
0.0
0.0
0.0
0.0
0.0
0.0
0.0
0.0
0.0
0.0
0.0
0.0
0.0
0.0
0.0
0.0
0.0
0.0
0.0
0.0
0.0
0.0
0.0
0.0
0.0
0.0
0.0
0.0
0.0
0.0
0.0
0.0
0.0
0.0
0.0
0.0
0.0
0.0
0.0
0.0
0.0
0.0
0.0
0.0
0.0
0.0
0.0
0.0
0.0
0.0
0.0
0.0
0.0
0.0
0.0
0.0
0.0
0.0
0.0
0.0
0.0
0.0
1.0
0.0
0.0
0.0
0.0
0.0
0.0
0.0
0.0
0.0
0.0
0.0
0.0
0.0
0.0
0.0
0.0
0.0
0.0
0.0
0.0
0.0
0.0
0.0
0.0
0.0
0.0
0.0
0.0
0.0
0.0
0.0
0.0
0.0
0.0
0.0
0.0
0.0
0.0
0.0
0.0
0.0
0.0
0.0
0.0
0.0
0.0
0.0
0.0
0.0
0.0
0.0
0.0
0.0
0.0
0.0
0.0
0.0
0.0
0.0
0.0
0.0
0.0
0.0
0.0
0.0
0.0
0.0
0.0
0.0
0.0
0.0
0.0
0.0
0.0
0.0
0.0
0.0
0.0
0.0
0.0
0.0
0.0
0.0
0.0
0.0
0.0
0.0
0.0
0.0
0.0
0.0
0.0
0.0
0.0
0.0
0.0
0.0
0.0
0.0
0.0
0.0
0.0
0.0
0.0
0.0
0.0
0.0
0.0
0.0
0.0
0.0
0.0
0.0
0.0
0.0
0.0
0.0
0.0
0.0
0.0
0.0
0.0
0.0
0.0
0.0
0.0
0.0
0.0
-1.0
0.0
0.0
0.0
0.0
0.0
0.0
0.0
0.0
0.0
0.0
0.0
0.0
0.0
0.0
0.0
0.0
0.0
1.0
0.0
0.0
0.0
0.0
0.0
0.0
0.0
0.0
0.0
0.0
0.0
0.0
0.0
0.0
0.0
0.0
0.0
0.0
0.0
0.0
0.0
0.0
0.0
0.0
0.0
0.0
0.0
0.0
0.0
0.0
0.0
0.0
0.0
0.0
0.0
0.0
0.0
0.0
0.0
0.0
0.0
0.0
0.0
0.0
0.0
0.0
0.0
0.0
0.0
0.0
0.0
0.0
0.0
0.0
0.0
0.0
0.0
0.0
0.0
0.0
0.0
0.0
0.0
0.0
0.0
0.0
0.0
0.0
0.0
0.0
0.0
0.0
0.0
0.0
0.0
0.0
0.0
0.0
0.0
0.0
0.0
0.0
0.0
0.0
0.0
0.0
0.0
0.0
0.0
0.0
0.0
0.0
0.0
0.0
0.0
0.0
0.0
0.0
0.0
0.0
0.0
0.0
0.0
0.0
0.0
0.0
0.0
0.0
0.0
0.0
0.0
0.0
0.0
0.0
1.0
1.0
0.0
0.0
0.0
0.0
0.0
0.0
0.0
0.0
0.0
0.0
0.0
0.0
0.0
0.0
0.0
0.0
0.0
0.0
0.0
0.0
0.0
0.0
0.0
0.0
0.0
0.0
0.0
0.0
0.0
0.0
0.0
0.0
0.0
0.0
0.0
0.0
0.0
0.0
0.0
0.0
0.0
0.0
0.0
0.0
0.0
0.0
0.0
0.0
0.0
0.0
0.0
0.0
0.0
0.0
0.0
0.0
0.0
0.0
0.0
0.0
0.0
0.0
0.0
0.0
0.0
0.0
0.0
0.0
0.0
0.0
0.0
0.0
0.0
0.0
0.0
0.0
0.0
0.0
0.0
0.0
0.0
0.0
0.0
0.0
0.0
0.0
0.0
0.0
0.0
0.0
0.0
0.0
0.0
0.0
0.0
0.0
0.0
0.0
0.0
0.0
0.0
0.0
0.0
0.0
0.0
0.0
0.0
0.0
0.0
0.0
0.0
0.0
0.0
0.0
0.0
0.0
0.0
0.0
0.0
0.0
0.0
0.0
0.0
0.0
0.0
0.0
0.0
0.0
0.0
0.0
0.0
0.0
0.0
0.0
0.0
0.0
0.0
0.0
0.0
0.0
0.0
0.0
0.0
0.0
0.0
0.0
0.0
0.0
0.0
0.0
0.0
0.0
0.0
0.0
0.0
0.0
0.0
0.0
0.0
0.0
0.0
0.0
0.0
0.0
0.0
0.0
0.0
0.0
0.0
0.0
0.0
0.0
0.0
0.0
0.0
0.0
0.0
0.0
0.0
0.0
0.0
0.0
0.0
0.0
0.0
0.0
0.0
0.0
0.0
0.0
0.0
0.0
0.0
0.0
0.0
0.0
0.0
0.0
0.0
0.0
0.0
0.0
0.0
0.0
0.0
0.0
0.0
0.0
0.0
0.0
0.0
0.0
0.0
0.0
0.0
0.0
0.0
0.0
0.0
0.0
0.0
0.0
0.0
0.0
0.0
0.0
0.0
0.0
0.0
0.0
0.0
0.0
0.0
0.0
0.0
0.0
0.0
0.0
0.0
0.0
0.0
0.0
0.0
0.0
0.0
0.0
0.0
0.0
0.0
0.0
0.0
732.0
352796.0
94208.0
253952.0
0.0
0.0
0.0
0.0
8.0
352452.0
0.0
0.0
0.0
0.0
0.0
0.0
24.0
352428.0
0.0
0.0
0.0
0.0
0.0
0.0
0.0
0.0
0.0
0.0
