0.363027
0.010076846
0.004488039
0.0029379001
0.00604573
0.0022921662
0.00286804
0.0022072012
0.007667617
0.0013953138
0.0016237751
0.0015048241
0.0035817458
0.0012348243
0.0011026566
0.0030285295
0.005532164
0.0008836358
0.0008572022
0.00068538415
0.0020561523
0.0013556634
0.0006060835
0.00079300645
0.0018654532
0.00065328623
0.0006438457
0.00060230726
0.0012367124
0.00051167794
0.00053055905
0.00052489474
0.0046334234
0.0005003493
0.0006740555
0.0004682514
0.00430678
0.0014670619
0.0004965731
0.0006211884
0.0012858033
0.00068916037
0.000443706
0.0011517474
0.0011895096
0.0014311878
0.0008553141
0.00041349622
0.0038725147
0.0007306988
0.000802447
0.0064799953
0.0012763627
0.0005702094
0.00042293678
0.00041538433
0.00163888
0.0004663633
0.00084776164
0.0018692295
0.0013103487
0.00087985955
0.00035307667
0.00044559408
0.01165153
0.0043445425
0.0051677586
0.006540415
0.0048373393
0.019574042
0.002683005
0.0015784604
0.0017653834
0.0013348942
0.00073447503
0.0010120273
0.0017634953
0.0024885298
0.0011404188
0.0013537753
0.0071993656
0.0018862225
0.002137341
0.006759436
0.0028585994
0.007188037
0.0040953117
0.0028642637
0.0017974812
0.004195382
0.0020542643
0.0041783885
0.0010951041
0.0025055227
0.0033457319
0.002135453
0.0007665729
0.004029228
0.00090440497
0.0022638445
0.006899156
0.007880974
0.0028755923
0.0014727262
0.0050809057
0.0038951722
0.0032758717
0.0007137058
0.003689368
0.0016634254
0.004591885
0.0049128635
0.00259804
0.0004663633
0.004761815
0.003502445
0.012909012
0.005887129
0.0010875517
0.0010233559
0.0021184601
0.0013103487
0.00067594356
0.0010101391
0.0014236354
0.0014670619
0.0011876215
0.0007911183
0.0056397864
0.0010176916
0.00038139833
0.006797198
0.0029227952
0.0040858714
0.0005872024
0.00047391574
0.001706852
0.009527406
0.001929649
0.04629647
0.0006627268
0.005972094
0.00032097878
0.0004965731
0.0024148934
0.000341748
0.0004418179
0.0005475521
0.0016067821
0.00061174785
0.00084209733
0.001178181
0.000853426
0.00039839133
0.00024545437
0.00037195778
0.0006646149
0.00026999981
0.00028132848
0.00027188793
0.000785454
0.002630138
0.00038517456
0.0006740555
0.0007137058
0.00059286674
0.00036629345
0.0003738459
0.0006627268
0.00027377604
0.00036251722
0.00022279704
0.0006041954
0.0002341257
0.00027188793
0.00029076904
0.0016879708
0.00048713252
0.0012083908
0.00045314652
0.00061552407
0.00032097878
0.00037006967
0.0006249646
0.0017616071
0.0011744048
0.0014783905
0.0010365727
0.0007552442
0.0003228669
0.00051167794
0.00048902066
0.009801182
0.000751468
0.00129902
0.010565867
0.0024545437
0.00041916055
0.0039839135
0.0019919567
0.0011876215
0.0012197194
0.00050978985
0.00059286674
0.0015482507
0.0003398599
0.000683496
0.00050978985
0.0019844042
0.0006249646
0.0019919567
0.0013197893
0.00097237696
0.00038895078
0.0014934954
0.0009704888
0.0040537734
0.00047202763
0.0010271322
0.0017049639
0.00087985955
0.0003568529
0.0004248249
0.0004682514
0.0016596492
0.00038328645
0.0005569926
0.00047391574
0.0012046145
0.00082699244
0.00032097878
0.00037195778
0.020508656
0.0022657327
0.0005532164
0.004286011
0.0030700678
0.0005947548
0.00056454504
0.0004852444
0.0045975493
0.00054944016
0.001246153
0.00075902045
0.0025338444
0.00040027944
0.0019069917
0.0009988105
0.0047391574
0.0008251043
0.0016672016
0.003313634
0.008838246
0.002800068
0.0050280383
0.042943187
0.2304943
3.3119853e-05
7.570252e-06
2.8388445e-06
1.1355378e-05
3.785126e-06
4.7314074e-06
1.3247941e-05
9.462815e-07
9.462815e-06
6.6239704e-06
1.1355378e-05
4.7314074e-06
5.677689e-06
1.892563e-06
8.516534e-06
0.0
0.0
0.0
0.0
0.0
0.0
0.0
0.0
0.0
0.0
0.0
0.0
0.0
0.0
0.0
0.0
0.0035504482
2.460332e-05
1.1355378e-05
1.4194223e-05
3.5958696e-05
1.6086786e-05
2.8388446e-05
2.9334726e-05
6.6239704e-06
2.8388445e-06
7.570252e-06
8.516534e-06
1.4194223e-05
8.516534e-06
3.785126e-06
0.00011355378
0.0017619762
1.9871912e-05
1.0409097e-05
6.6239704e-06
1.230166e-05
7.570252e-06
3.122729e-05
2.8388446e-05
1.892563e-06
4.7314074e-06
8.516534e-06
8.516534e-06
6.6239704e-06
8.516534e-06
2.8388445e-06
1.7979348e-05
0.003089609
8.516534e-06
9.462815e-06
5.3938045e-05
3.5012414e-05
0.00027442165
0.00010314468
5.10992e-05
9.462815e-06
1.3247941e-05
9.462815e-06
1.1355378e-05
7.570252e-06
1.0409097e-05
0.00016749183
2.1764474e-05
0.0030716297
1.7979348e-05
8.895046e-05
4.542151e-05
0.00011166122
2.2710756e-05
4.1636387e-05
7.191739e-05
5.583061e-05
1.7033068e-05
1.6086786e-05
1.5140504e-05
2.8388446e-05
1.7979348e-05
6.434714e-05
0.0001892563
0.005275519
5.772317e-05
7.286367e-05
6.0562015e-05
0.00040973988
0.00013247941
0.0005223474
0.00031038033
0.00015519017
5.3938045e-05
2.460332e-05
5.204548e-05
0.00012017775
5.3938045e-05
3.4066135e-05
0.00041636385
0.012105779
0.00017506207
0.0011450006
0.0001532976
0.0006406326
0.0004949052
0.004152283
0.0021944267
9.557443e-05
2.1764474e-05
2.0818194e-05
7.570252e-06
2.9334726e-05
3.5958696e-05
1.7979348e-05
2.7442164e-05
0.009272613
0.00011639262
0.00014099594
0.00015613645
0.0033668696
0.0014629512
0.009745753
0.0048184656
0.0001892563
9.368187e-05
7.475624e-05
6.245458e-05
0.00013437198
6.9078545e-05
0.00033782248
0.0009661534
0.0056634946
0.0001987191
0.0005573598
0.0001126075
0.0007579715
0.00026306626
0.0019067572
0.0010797072
0.00020628936
3.9743823e-05
9.1789305e-05
3.5958696e-05
0.00015140504
2.3657038e-05
5.583061e-05
0.00048354984
0.0040926673
0.00022900011
0.00042109526
0.0003983845
0.0014222611
0.00079203764
0.0036952293
0.0016985753
0.00023846293
8.989674e-05
4.1636387e-05
4.8260357e-05
0.00013153313
6.0562015e-05
9.935955e-05
0.00010692981
0.018087225
0.0009661534
0.0009188393
0.0011487857
0.006400648
0.0013825173
0.0056625484
0.0034264852
0.0015859678
0.0005072069
0.00040216962
0.00047597958
0.0007210665
0.00065293425
0.00067659124
0.0015585256
0.01310316
0.00079960783
0.0007116037
0.0010617279
0.0056701186
0.0016692405
0.0048354985
0.0027300222
0.0015973231
0.00073431444
0.0004400209
0.0006605045
0.0009831864
0.00073904585
0.0009661534
0.0020581624
0.03310755
0.004051031
0.004211899
0.0045109238
0.0144714825
0.011809593
0.0077311196
0.006982611
0.022442957
0.0022284929
0.0020392367
0.0030299933
0.008348095
0.004185403
0.008798526
0.020965813
0.07011756
0.011962891
0.0116648115
0.014251946
0.03418915
0.037663896
0.015901314
0.018438295
0.06188681
0.007248516
0.0059284535
0.008544922
0.026847899
0.012979197
0.026702171
0.0562148
0.001035232
0.00070687226
0.00069173175
0.00045232257
0.00058574823
0.00041731013
0.0006614508
0.00042677295
0.00055262836
0.0003018638
0.00035485555
0.000352963
0.00041163244
0.00032552084
0.00028293816
0.00019209515
3588.0
10.68757
38347.0
0.012126111
0.00046939787
0.00046939787
0.00062586385
0.0024252224
0.00091271807
0.00026077658
0.00065194146
0.00078232976
0.00036508724
0.00078232976
0.0005737085
0.00091271807
0.0020340574
0.0029728531
0.0008866404
0.0022426788
0.002138368
0.0027381543
0.0031814745
0.0011213394
0.00091271807
0.0007562521
0.0008605628
0.0019036691
0.001069184
0.0015646595
0.0020862126
0.0017472032
0.0016950478
0.00023469893
0.00026077658
0.0019297468
0.0137950815
0.00936188
0.020366652
0.012126111
0.012204344
0.010013822
0.008110152
0.006206483
0.011083005
0.00046939787
0.002373067
0.008423084
0.012178266
0.0047982894
0.010796151
0.009622656
0.0043288916
0.0076929093
0.022296399
0.020366652
0.0060760947
0.0036247945
0.008057997
0.007510366
0.0068584243
0.0021644458
0.006362949
0.0015907373
0.0054763085
0.0063890265
0.009492268
0.0004433202
0.045531593
0.00813623
0.025164941
0.02373067
0.09593971
0.006258638
0.015281509
0.014994654
0.044071246
0.0027903095
0.006102172
0.0365348
0.017237334
0.053302735
0.05682322
0.014733877
0.0007562521
0.050721046
0.032910004
0.07515582
0.018019663
0.006336871
0.006962735
0.007040968
0.008188385
0.0018254361
0.00018254362
0.00031293192
0.00020862128
0.00023469893
0.00015646596
5.4221225
1.0
1.0
0.0
1.0
529630.0
458752.0
0.0
0.0
13.0
0.0
1.0
0.0
1.0
0.0
708992500.0
0.0
0.0
0.0
0.0
0.0
1.0
0.0
0.0
0.0
0.0
0.0
0.0
-1.0
1.0
-1.0
-1.0
1.0
1.0
0.0
0.0
0.0
0.0
0.0
0.0
0.0
0.0
0.0
0.0
-1.0
0.0
0.0
0.0
0.0
0.0
0.0
0.0
0.0
0.0
0.0
0.0
0.0
-1.0
0.0
0.0
0.0
0.0
0.0
0.0
0.0
0.0
0.0
0.0
2.0
25.0
1.0
0.0
4.0
0.0
159744.0
1024.0
4096.0
4.0
0.0
0.0
2.0
4.0
0.0
0.0
0.0
0.0
0.0
0.0
0.0
0.0
0.0
0.0
0.0
0.0
0.0
0.0
0.0
0.0
0.0
-7680.0
0.0
0.0
0.0
0.0
0.0
0.0
0.0
0.0
0.0
0.0
-159744.0
0.0
0.0
0.0
0.0
0.0
282624.0
0.0
0.0
0.0
0.0
0.0
0.0
0.0
0.0
2560.0
0.0
0.0
0.0
0.0
0.0
0.0
0.0
0.0
0.0
0.0
0.0
0.0
0.0
0.0
0.0
0.0
0.0
0.0
0.0
0.0
0.0
0.0
0.0
-4.5364757
0.0
0.0
0.0
0.0
0.0
0.0
0.0
0.0
0.0
0.0
-4.6526966
0.0
0.0
0.0
0.0
0.0
6.513592
0.0
0.0
0.0
0.0
0.0
0.0
0.0
0.0
2.9535558
0.0
0.0
0.0
0.0
0.0
0.0
0.0
0.0
0.0
0.0
0.0
0.0
0.0
0.0
0.0
0.0
0.0
0.0
0.0
0.0
0.0
0.0
0.0
-8192.0
0.0
0.0
0.0
0.0
0.0
0.0
0.0
0.0
0.0
0.0
-159744.0
0.0
0.0
0.0
0.0
0.0
282624.0
0.0
0.0
0.0
0.0
0.0
0.0
0.0
0.0
4096.0
0.0
0.0
0.0
0.0
0.0
0.0
0.0
0.0
0.0
0.0
0.0
0.0
0.0
0.0
0.0
0.0
0.0
0.0
1.0
0.0
0.0
0.0
0.0
0.0
0.0
0.0
-1.0
0.0
0.0
0.0
0.0
0.0
0.0
0.0
0.0
0.0
0.0
-1.0
0.0
0.0
0.0
0.0
0.0
0.0
0.0
-1.0
0.0
0.0
0.0
0.0
0.0
0.0
0.0
0.0
0.0
0.0
0.0
0.0
0.0
0.0
0.0
0.0
0.0
0.0
0.0
0.0
0.0
0.0
0.0
-1.0
0.0
0.0
0.0
0.0
0.0
0.0
0.0
0.0
0.0
1.0
0.0
0.0
0.0
0.0
0.0
0.0
0.0
0.0
0.0
0.0
0.0
0.0
0.0
1.0
0.0
0.0
0.0
0.0
0.0
0.0
0.0
0.0
0.0
-1.0
0.0
0.0
0.0
0.0
0.0
0.0
0.0
0.0
0.0
0.0
0.0
0.0
0.0
0.0
0.0
0.0
0.0
0.0
0.0
0.0
0.0
0.0
0.0
0.0
0.0
0.0
0.0
-1.0
0.0
0.0
0.0
0.0
-1.0
0.0
0.0
0.0
0.0
0.0
0.0
0.0
0.0
0.0
0.0
0.0
0.0
0.0
0.0
0.0
0.0
0.0
0.0
0.0
0.0
0.0
0.0
-1.0
0.0
0.0
0.0
0.0
0.0
0.0
0.0
0.0
0.0
0.0
0.0
0.0
0.0
0.0
0.0
0.0
0.0
0.0
0.0
0.0
0.0
0.0
0.0
0.0
0.0
0.0
0.0
0.0
0.0
0.0
0.0
0.0
0.0
0.0
0.0
0.0
0.0
0.0
0.0
0.0
0.0
0.0
0.0
0.0
0.0
0.0
-1.0
0.0
0.0
0.0
0.0
0.0
0.0
0.0
0.0
0.0
0.0
0.0
0.0
0.0
0.0
0.0
0.0
1.0
0.0
0.0
0.0
0.0
0.0
0.0
0.0
0.0
0.0
0.0
0.0
0.0
0.0
0.0
0.0
0.0
0.0
0.0
0.0
0.0
0.0
0.0
0.0
0.0
0.0
0.0
0.0
0.0
0.0
0.0
0.0
0.0
0.0
0.0
0.0
0.0
0.0
0.0
0.0
0.0
0.0
0.0
0.0
0.0
0.0
0.0
0.0
0.0
0.0
0.0
0.0
0.0
0.0
0.0
0.0
0.0
0.0
0.0
0.0
0.0
0.0
0.0
0.0
0.0
0.0
0.0
0.0
0.0
0.0
0.0
0.0
0.0
0.0
0.0
0.0
0.0
0.0
0.0
0.0
0.0
0.0
0.0
0.0
0.0
0.0
0.0
0.0
0.0
0.0
0.0
0.0
0.0
0.0
0.0
0.0
0.0
0.0
0.0
0.0
0.0
0.0
0.0
0.0
0.0
0.0
0.0
0.0
0.0
0.0
0.0
0.0
0.0
0.0
0.0
0.0
0.0
0.0
0.0
0.0
0.0
0.0
0.0
1.0
0.0
0.0
0.0
0.0
0.0
0.0
0.0
0.0
0.0
0.0
0.0
0.0
0.0
0.0
0.0
0.0
0.0
0.0
0.0
0.0
0.0
0.0
0.0
0.0
0.0
0.0
0.0
0.0
0.0
0.0
0.0
0.0
0.0
0.0
0.0
0.0
0.0
0.0
0.0
0.0
0.0
0.0
0.0
0.0
0.0
0.0
0.0
0.0
0.0
0.0
0.0
0.0
0.0
-1.0
0.0
0.0
0.0
0.0
0.0
0.0
0.0
0.0
0.0
0.0
0.0
0.0
0.0
0.0
0.0
0.0
0.0
0.0
0.0
0.0
0.0
0.0
0.0
1.0
0.0
0.0
0.0
0.0
0.0
0.0
0.0
0.0
0.0
0.0
0.0
0.0
0.0
0.0
0.0
0.0
0.0
0.0
0.0
0.0
0.0
0.0
0.0
0.0
0.0
0.0
0.0
0.0
0.0
0.0
0.0
0.0
0.0
0.0
0.0
0.0
0.0
0.0
0.0
0.0
0.0
0.0
0.0
0.0
0.0
0.0
0.0
0.0
0.0
0.0
0.0
0.0
0.0
0.0
0.0
0.0
0.0
0.0
0.0
0.0
0.0
0.0
0.0
0.0
0.0
0.0
0.0
0.0
0.0
0.0
0.0
0.0
0.0
0.0
0.0
0.0
0.0
0.0
0.0
0.0
0.0
0.0
0.0
0.0
0.0
0.0
0.0
0.0
0.0
0.0
1.0
0.0
0.0
0.0
0.0
0.0
0.0
0.0
0.0
0.0
0.0
0.0
0.0
0.0
0.0
0.0
0.0
0.0
0.0
0.0
0.0
0.0
0.0
0.0
0.0
0.0
0.0
0.0
0.0
0.0
0.0
0.0
0.0
0.0
0.0
0.0
0.0
0.0
0.0
0.0
0.0
0.0
0.0
0.0
0.0
0.0
0.0
0.0
0.0
0.0
0.0
0.0
0.0
0.0
0.0
0.0
0.0
0.0
0.0
0.0
0.0
0.0
0.0
0.0
0.0
0.0
0.0
0.0
0.0
0.0
0.0
0.0
0.0
0.0
0.0
0.0
0.0
0.0
0.0
0.0
0.0
0.0
0.0
0.0
0.0
0.0
0.0
0.0
0.0
0.0
0.0
0.0
0.0
0.0
0.0
0.0
0.0
0.0
0.0
0.0
0.0
0.0
0.0
0.0
0.0
0.0
0.0
0.0
0.0
0.0
0.0
0.0
1.0
0.0
0.0
0.0
0.0
0.0
0.0
0.0
0.0
0.0
0.0
0.0
0.0
0.0
0.0
0.0
0.0
0.0
0.0
0.0
0.0
0.0
0.0
0.0
0.0
0.0
0.0
0.0
0.0
0.0
0.0
0.0
0.0
0.0
0.0
0.0
0.0
0.0
0.0
0.0
0.0
0.0
0.0
0.0
0.0
0.0
0.0
0.0
0.0
0.0
0.0
0.0
0.0
0.0
0.0
0.0
0.0
0.0
0.0
0.0
0.0
0.0
0.0
0.0
0.0
0.0
0.0
0.0
0.0
0.0
0.0
0.0
0.0
0.0
0.0
0.0
0.0
0.0
0.0
0.0
0.0
0.0
0.0
0.0
0.0
0.0
0.0
0.0
0.0
0.0
0.0
0.0
0.0
0.0
0.0
0.0
0.0
0.0
0.0
0.0
0.0
0.0
0.0
0.0
0.0
0.0
0.0
0.0
0.0
0.0
0.0
0.0
0.0
0.0
0.0
0.0
0.0
0.0
0.0
0.0
0.0
0.0
0.0
0.0
0.0
0.0
0.0
0.0
0.0
0.0
0.0
0.0
0.0
0.0
0.0
0.0
0.0
0.0
0.0
0.0
0.0
0.0
0.0
0.0
0.0
0.0
0.0
0.0
0.0
0.0
0.0
0.0
0.0
0.0
0.0
0.0
0.0
0.0
0.0
0.0
0.0
0.0
0.0
0.0
0.0
0.0
0.0
-1.0
0.0
0.0
0.0
0.0
0.0
0.0
0.0
0.0
0.0
1.0
0.0
0.0
0.0
0.0
0.0
0.0
0.0
0.0
0.0
0.0
0.0
0.0
0.0
0.0
0.0
0.0
0.0
0.0
0.0
0.0
0.0
0.0
0.0
0.0
0.0
0.0
0.0
0.0
0.0
0.0
0.0
0.0
0.0
0.0
0.0
0.0
0.0
0.0
0.0
0.0
0.0
0.0
0.0
0.0
0.0
0.0
0.0
0.0
0.0
0.0
0.0
0.0
0.0
0.0
0.0
0.0
0.0
0.0
0.0
0.0
0.0
0.0
0.0
0.0
0.0
0.0
0.0
0.0
0.0
0.0
0.0
0.0
0.0
0.0
0.0
0.0
0.0
0.0
0.0
0.0
0.0
0.0
0.0
0.0
0.0
0.0
0.0
0.0
0.0
0.0
0.0
0.0
0.0
0.0
0.0
0.0
0.0
0.0
0.0
0.0
0.0
0.0
0.0
0.0
0.0
0.0
0.0
0.0
0.0
0.0
0.0
0.0
0.0
0.0
0.0
0.0
0.0
0.0
0.0
0.0
0.0
0.0
0.0
-1.0
0.0
0.0
0.0
0.0
0.0
0.0
0.0
0.0
0.0
0.0
0.0
0.0
0.0
0.0
0.0
0.0
0.0
0.0
0.0
0.0
0.0
0.0
0.0
1.0
0.0
0.0
-1.0
0.0
0.0
1.0
0.0
0.0
0.0
0.0
0.0
0.0
0.0
0.0
0.0
0.0
0.0
0.0
0.0
0.0
0.0
0.0
0.0
0.0
0.0
0.0
0.0
0.0
0.0
0.0
0.0
0.0
0.0
0.0
0.0
0.0
0.0
0.0
0.0
0.0
0.0
0.0
0.0
0.0
0.0
0.0
0.0
0.0
0.0
0.0
0.0
0.0
0.0
0.0
0.0
0.0
0.0
0.0
0.0
0.0
0.0
0.0
0.0
0.0
0.0
0.0
0.0
0.0
0.0
0.0
0.0
0.0
0.0
0.0
0.0
0.0
0.0
0.0
0.0
0.0
0.0
0.0
0.0
0.0
0.0
0.0
0.0
0.0
0.0
0.0
0.0
0.0
0.0
0.0
0.0
0.0
0.0
0.0
0.0
0.0
0.0
0.0
0.0
0.0
0.0
0.0
0.0
0.0
0.0
0.0
0.0
0.0
0.0
0.0
0.0
0.0
0.0
0.0
0.0
0.0
0.0
0.0
0.0
0.0
0.0
0.0
0.0
0.0
0.0
0.0
0.0
0.0
0.0
0.0
0.0
0.0
0.0
0.0
0.0
0.0
0.0
0.0
0.0
0.0
0.0
0.0
0.0
0.0
0.0
0.0
0.0
0.0
0.0
0.0
0.0
0.0
0.0
0.0
0.0
0.0
0.0
0.0
0.0
0.0
0.0
0.0
0.0
0.0
0.0
0.0
0.0
0.0
0.0
0.0
0.0
0.0
0.0
-1.0
0.0
0.0
0.0
0.0
0.0
0.0
0.0
0.0
0.0
0.0
0.0
0.0
0.0
0.0
0.0
0.0
0.0
0.0
0.0
0.0
0.0
0.0
0.0
0.0
0.0
0.0
0.0
0.0
0.0
0.0
0.0
0.0
0.0
0.0
0.0
0.0
0.0
0.0
0.0
0.0
0.0
0.0
0.0
0.0
0.0
0.0
0.0
0.0
0.0
0.0
0.0
0.0
0.0
0.0
0.0
0.0
0.0
0.0
0.0
0.0
0.0
0.0
0.0
0.0
0.0
0.0
0.0
0.0
0.0
0.0
0.0
0.0
0.0
0.0
0.0
0.0
0.0
0.0
0.0
0.0
0.0
0.0
0.0
0.0
0.0
0.0
0.0
0.0
0.0
0.0
0.0
0.0
0.0
0.0
0.0
0.0
0.0
0.0
0.0
0.0
0.0
0.0
0.0
0.0
0.0
0.0
0.0
0.0
0.0
0.0
0.0
0.0
0.0
0.0
0.0
0.0
0.0
0.0
0.0
0.0
0.0
0.0
0.0
0.0
0.0
0.0
0.0
0.0
0.0
0.0
0.0
0.0
1.0
1.0
0.0
0.0
0.0
0.0
0.0
0.0
0.0
0.0
0.0
0.0
0.0
0.0
0.0
0.0
0.0
0.0
0.0
0.0
0.0
0.0
0.0
0.0
0.0
0.0
0.0
0.0
0.0
0.0
0.0
0.0
0.0
0.0
0.0
0.0
0.0
0.0
0.0
0.0
0.0
0.0
0.0
0.0
0.0
0.0
0.0
0.0
0.0
0.0
0.0
0.0
0.0
0.0
0.0
0.0
0.0
0.0
0.0
0.0
0.0
0.0
0.0
0.0
0.0
0.0
0.0
0.0
0.0
0.0
0.0
0.0
0.0
0.0
0.0
0.0
0.0
0.0
0.0
0.0
0.0
0.0
0.0
0.0
0.0
0.0
0.0
0.0
0.0
0.0
0.0
0.0
0.0
0.0
0.0
0.0
0.0
0.0
0.0
0.0
0.0
0.0
0.0
0.0
0.0
0.0
0.0
0.0
0.0
0.0
0.0
0.0
0.0
0.0
0.0
0.0
0.0
0.0
0.0
0.0
0.0
0.0
0.0
0.0
0.0
0.0
0.0
0.0
0.0
0.0
0.0
0.0
0.0
0.0
0.0
0.0
0.0
0.0
0.0
0.0
0.0
0.0
0.0
0.0
0.0
0.0
0.0
0.0
0.0
0.0
0.0
0.0
0.0
0.0
0.0
0.0
0.0
0.0
0.0
0.0
0.0
0.0
0.0
0.0
0.0
0.0
0.0
0.0
0.0
0.0
0.0
0.0
0.0
0.0
0.0
0.0
0.0
0.0
0.0
0.0
0.0
0.0
0.0
0.0
0.0
0.0
0.0
0.0
0.0
0.0
0.0
0.0
0.0
0.0
0.0
0.0
0.0
0.0
0.0
0.0
0.0
0.0
0.0
0.0
0.0
0.0
0.0
0.0
0.0
0.0
0.0
0.0
0.0
0.0
0.0
0.0
0.0
0.0
0.0
0.0
0.0
0.0
0.0
0.0
0.0
0.0
0.0
0.0
0.0
0.0
0.0
0.0
0.0
0.0
0.0
0.0
0.0
0.0
0.0
0.0
0.0
0.0
0.0
0.0
0.0
0.0
0.0
0.0
0.0
0.0
0.0
0.0
0.0
280.0
450560.0
1732.0
446464.0
0.0
0.0
0.0
0.0
0.0
0.0
0.0
0.0
0.0
0.0
0.0
0.0
24.0
446288.0
0.0
0.0
0.0
0.0
0.0
0.0
0.0
0.0
0.0
0.0
