0.5314312
0.0060232626
0.0031452694
0.0032407253
0.004023463
0.001598885
0.0004295512
0.000868648
0.0060900818
0.0009259215
0.0011979706
0.0005536438
0.00352232
0.0013316087
0.00039136887
0.0022336664
0.0028016286
0.00095455826
0.000434324
0.00024818516
0.001713432
0.0025677618
0.00036273213
0.0002672763
0.0010881964
0.00019568444
0.00021000282
0.0002195484
0.00051546143
0.00019568444
0.00030545864
0.00031500423
0.0029877673
0.00029114026
0.00021000282
0.0004247784
0.0009163759
0.00097364944
0.0002147756
0.00020523003
0.00036273213
0.00020045723
0.00016704769
0.0004915975
0.000548871
0.0002768219
0.0006013717
0.00019568444
0.000754101
0.0002672763
0.00031023144
0.0017897967
0.0004390968
0.00039614167
0.00040091446
0.00031023144
0.00070637313
0.00067773636
0.0005059159
0.002147756
0.00072546426
0.0009879678
0.00047727913
0.000525007
0.0012981992
0.0015893395
0.0040998277
0.005784623
0.0013697911
0.010103999
0.00090683036
0.0007636466
0.0012934264
0.0006013717
0.00048205192
0.0003293226
0.000754101
0.0069110016
0.000525007
0.0004390968
0.0032741348
0.0034125457
0.0024102596
0.0008495568
0.00072069146
0.007202142
0.0008256929
0.0007111459
0.0004963703
0.00031977703
0.0003293226
0.00063478126
0.00045341518
0.0013220632
0.00078751054
0.00095455826
0.00048205192
0.0017563872
0.00062523567
0.0010022862
0.0013745639
0.0029639034
0.0011311516
0.00074455544
0.0032836804
0.0018661614
0.0036559582
0.00070637313
0.00196639
0.00066819077
0.0016657042
0.0016370674
0.001097742
0.0003770505
0.0018375246
0.0016561586
0.004639153
0.0041571013
0.000777965
0.0006109173
0.0008877392
0.00072069146
0.00072069146
0.00031977703
0.0008829664
0.0029686762
0.0004438696
0.0003245498
0.0014032007
0.00155593
0.0003770505
0.01106333
0.0010834236
0.004505515
0.0004247784
0.00029591305
0.0014079735
0.006495769
0.0015607028
0.02198825
0.0007684194
0.004663017
0.000434324
0.0005393254
0.0008877392
0.00040091446
0.0003818233
0.00023386677
0.0006490996
0.001694341
0.00034841377
0.00014795653
0.0004915975
0.00068250916
0.00051068864
0.0002672763
0.00042000564
0.00012409258
0.00015272932
0.00017659328
0.00031977703
0.0019091165
0.0004247784
0.0005393254
0.0004486424
0.00018136606
0.00012409258
9.545583e-05
0.00033886818
0.00017182049
0.00017659328
0.00031977703
0.0004295512
0.00013841095
0.00015272932
9.545583e-05
0.000663418
0.00014318374
0.000100228615
0.00017659328
0.0005870533
0.0002625035
0.0001622749
7.636466e-05
0.001050014
0.00034364098
0.0003293226
0.00012886536
0.0005965989
0.00046773354
0.0012027434
0.0002243212
0.0031882245
0.0015368388
0.00094978546
0.0013220632
0.0034889104
0.00023863956
0.0006490996
0.0026107167
0.0009784222
0.0010261501
0.00034364098
9.068303e-05
0.11109149
0.0006061445
0.0005345526
0.00029114026
0.0011359244
0.00029114026
0.0011120604
0.0003818233
0.0008638752
0.00014795653
0.0001622749
0.00014318374
0.0012409257
0.0002720491
0.00029114026
7.159187e-05
0.0010404685
0.00017659328
0.00014318374
0.00013363815
0.0017229776
0.0006061445
0.0007684194
0.00029114026
0.0017468416
0.0009927406
0.0005202342
0.00011931978
0.005426664
0.0019329805
0.00039136887
0.0030498137
0.002973449
0.00020523003
0.0003770505
0.0002768219
0.001737296
0.00016704769
0.0014986565
0.0008781936
0.0041714194
0.0005440982
0.0002195484
0.0008638752
0.004710745
0.00072069146
0.00073978264
0.0005345526
0.005951671
0.0014843381
0.0015797939
0.027925601
0.4037316
2.1647937e-05
1.6837284e-05
1.2026631e-05
4.57012e-05
2.4053263e-06
2.4053263e-06
9.621305e-06
2.1647937e-05
9.621305e-06
7.215979e-06
4.8106526e-06
0.07390606
4.8106526e-06
2.4053263e-06
3.367457e-05
0.0094721755
3.848522e-05
2.1647937e-05
2.4053263e-06
5.5322507e-05
3.6079895e-05
0.00011305034
6.013316e-05
2.645859e-05
4.8106526e-06
9.621305e-06
4.8106526e-06
4.8106526e-06
2.4053263e-06
0.0
0.0
0.022080896
0.00015875154
0.00014431958
5.7727833e-05
0.00015394088
5.291718e-05
6.013316e-05
8.8997076e-05
0.00017077818
5.0511855e-05
6.2538486e-05
2.645859e-05
0.00095491455
5.5322507e-05
3.1269243e-05
0.00048106528
0.023168104
0.00022369534
0.00029826048
0.00013229295
0.00026939655
0.000110645015
0.0005724677
0.00027661253
0.00019002079
6.2538486e-05
8.1781094e-05
6.013316e-05
0.00346367
9.861838e-05
6.013316e-05
0.00048828125
0.0039230874
1.924261e-05
0.00015634621
5.5322507e-05
9.380773e-05
6.013316e-05
0.00036320428
0.00022129003
4.8106526e-06
0.0
0.0
0.0
0.0
0.0
0.0
2.8863917e-05
0.003706608
1.4431958e-05
6.013316e-05
8.8997076e-05
9.14024e-05
5.5322507e-05
0.00035358296
0.00015394088
2.4053263e-06
4.8106526e-06
7.215979e-06
4.8106526e-06
0.0
0.0
2.4053263e-06
0.00038004157
0.0036128003
6.2538486e-05
4.8106525e-05
4.57012e-05
4.3295873e-05
3.367457e-05
6.734914e-05
0.0001371036
3.848522e-05
6.013316e-05
5.291718e-05
3.848522e-05
6.975447e-05
0.00017799415
4.8106525e-05
0.00038966286
0.009099349
6.975447e-05
0.00011545567
0.000110645015
0.00068070734
0.0002838285
0.0018400747
0.0009044027
7.456512e-05
0.00019002079
0.000108239685
0.00012988762
0.00015875154
0.00012507697
0.00010342903
0.0007841364
0.0030186847
5.7727833e-05
2.4053263e-05
3.6079895e-05
0.00015394088
0.00012026632
9.621305e-06
4.8106525e-05
0.00022129003
7.215979e-06
1.4431958e-05
5.0511855e-05
0.00079856836
1.924261e-05
0.00016837285
0.00017799415
0.011615321
0.00018521013
0.0023548144
0.0008202163
0.0018376693
0.0009861838
0.0062827123
0.003110087
0.0010030211
0.0010848022
0.00043055342
0.0005291718
0.0034203741
0.00047865993
0.001024669
0.009171509
0.0060830703
8.659175e-05
0.0007384352
0.00069995
0.0010583436
0.00061816885
0.0022898708
0.0014431959
0.00095731986
0.0003848522
0.00024053264
0.00018521013
0.002698776
0.00023091133
0.0005003079
0.001488897
0.0019002078
0.0001274823
0.0003006658
0.00043055342
0.0006494381
0.000346367
0.0015514354
0.0007288139
0.0004377694
0.00010342903
0.00012507697
0.00016837285
0.0020445273
4.3295873e-05
0.00013469828
0.00076008314
0.012858875
0.0021239033
0.0007841364
0.0026482644
0.007867822
0.0055009816
0.0032303534
0.0034805073
0.012832416
0.0021239033
0.0010727756
0.0013734413
0.010145667
0.0011954472
0.0035911521
0.007988089
0.051298395
0.008418642
0.0035935575
0.0052291793
0.021835553
0.0146316
0.006754156
0.009835379
0.03938722
0.002881581
0.0034299954
0.0036969867
0.0302109
0.004945351
0.01496113
0.030121902
0.0040529747
0.0008442695
0.0003752309
0.00055081974
0.0018328587
0.0012050685
0.0010006158
0.0013133081
0.002896013
0.0002549646
0.00018521013
0.00018521013
0.0019988262
0.00024534328
0.00092845596
0.001835264
0.0
0.0
0.0
0.0
0.0
0.0
0.0
0.0
0.0
0.0
0.0
0.0
0.0
0.0
0.0
0.0
475.0
17.583158
8352.0
0.045019157
0.002394636
0.0003591954
0.0007183908
0.001197318
0.0074233715
0.001197318
0.0007183908
0.002394636
0.0020354406
0.0003591954
0.001197318
0.0015565134
0.004190613
0.00933908
0.0015565134
0.0061063217
0.0033524905
0.004789272
0.003591954
0.0032327587
0.006585249
0.0062260535
0.005028736
0.0064655175
0.008141763
0.008261494
0.00466954
0.0062260535
0.009219348
0.009578544
0.0064655175
0.00598659
0.016522989
0.014008621
0.01269157
0.011254789
0.012571839
0.0136494255
0.011135058
0.0096982755
0.010057472
0.005387931
0.005507663
0.010057472
0.007902299
0.009578544
0.00730364
0.010177203
0.0051484676
0.009219348
0.00862069
0.005387931
0.005387931
0.006345785
0.0044300766
0.0049090036
0.0022749042
0.0013170498
0.0020354406
0.0027538314
0.0028735632
0.0022749042
0.008022031
0.0031130267
0.036278736
0.009458812
0.020114943
0.022749042
0.065972224
0.01329023
0.011853448
0.01795977
0.03532088
0.0033524905
0.009937739
0.04118774
0.01269157
0.03520115
0.036518198
0.018318966
0.0045498083
0.034243297
0.026939655
0.04465996
0.016403256
0.008261494
0.0057471264
0.008979885
0.009219348
0.003591954
0.0037116858
0.0061063217
0.004190613
0.0037116858
0.0022749042
5.9372606
0.0
0.0
0.0
4.0
209521.0
307200.0
1.0
0.0
62.0
0.0
1.0
0.0
0.0
0.0
1005528260.0
0.0
0.0
0.0
0.0
0.0
1.0
0.0
0.0
0.0
0.0
0.0
0.0
-1.0
0.0
-1.0
-1.0
0.0
0.0
0.0
0.0
0.0
0.0
0.0
0.0
0.0
0.0
0.0
0.0
-1.0
0.0
0.0
0.0
0.0
0.0
0.0
0.0
0.0
0.0
0.0
0.0
0.0
-1.0
0.0
0.0
0.0
0.0
0.0
0.0
0.0
0.0
13.0
18.0
8.0
0.0
4.0
0.0
4.0
0.0
155648.0
4096.0
4096.0
5.0
0.0
0.0
2.0
4.0
0.0
0.0
0.0
0.0
0.0
0.0
0.0
0.0
0.0
0.0
0.0
0.0
0.0
0.0
8192.0
0.0
0.0
0.0
0.0
0.0
0.0
0.0
0.0
0.0
0.0
0.0
0.0
0.0
0.0
0.0
0.0
0.0
0.0
0.0
0.0
0.0
0.0
0.0
0.0
0.0
0.0
-16384.0
-159744.0
16384.0
0.0
0.0
0.0
0.0
0.0
0.0
0.0
0.0
0.0
0.0
0.0
0.0
0.0
0.0
0.0
0.0
0.0
0.0
0.0
0.0
4.963969
0.0
0.0
0.0
0.0
0.0
0.0
0.0
0.0
0.0
0.0
0.0
0.0
0.0
0.0
0.0
0.0
0.0
0.0
0.0
0.0
0.0
0.0
0.0
0.0
0.0
0.0
-0.43600208
-8.076158
2.490737
0.0
0.0
0.0
0.0
0.0
0.0
0.0
0.0
0.0
0.0
0.0
0.0
0.0
0.0
0.0
0.0
0.0
0.0
0.0
0.0
6788.0
0.0
0.0
0.0
0.0
0.0
0.0
0.0
0.0
0.0
0.0
0.0
0.0
0.0
0.0
0.0
0.0
0.0
0.0
0.0
0.0
0.0
0.0
0.0
0.0
0.0
0.0
-87684.0
-158180.0
45056.0
0.0
0.0
0.0
0.0
0.0
0.0
2.0
0.0
0.0
-1.0
0.0
0.0
0.0
0.0
0.0
1.0
0.0
0.0
0.0
0.0
0.0
0.0
0.0
0.0
0.0
0.0
0.0
0.0
0.0
0.0
0.0
0.0
0.0
0.0
0.0
0.0
0.0
-1.0
0.0
0.0
0.0
0.0
0.0
0.0
0.0
-1.0
0.0
0.0
0.0
0.0
0.0
0.0
0.0
0.0
0.0
0.0
1.0
0.0
0.0
0.0
0.0
0.0
0.0
0.0
0.0
0.0
0.0
0.0
0.0
-1.0
0.0
0.0
0.0
0.0
0.0
0.0
0.0
0.0
0.0
2.0
0.0
0.0
0.0
0.0
1.0
0.0
0.0
0.0
0.0
0.0
0.0
0.0
0.0
2.0
0.0
0.0
0.0
0.0
0.0
0.0
0.0
0.0
0.0
0.0
0.0
0.0
0.0
0.0
0.0
0.0
0.0
0.0
0.0
0.0
0.0
0.0
0.0
0.0
0.0
0.0
0.0
0.0
0.0
0.0
0.0
0.0
0.0
0.0
0.0
0.0
0.0
0.0
0.0
0.0
0.0
0.0
-1.0
0.0
0.0
0.0
0.0
0.0
0.0
0.0
0.0
0.0
0.0
0.0
0.0
-1.0
0.0
0.0
0.0
0.0
0.0
0.0
0.0
0.0
0.0
0.0
0.0
0.0
0.0
0.0
0.0
0.0
0.0
0.0
0.0
0.0
0.0
0.0
0.0
0.0
0.0
0.0
0.0
0.0
0.0
0.0
0.0
0.0
0.0
0.0
0.0
0.0
0.0
0.0
0.0
0.0
0.0
0.0
0.0
0.0
0.0
0.0
0.0
0.0
0.0
0.0
0.0
0.0
0.0
0.0
0.0
0.0
-1.0
0.0
0.0
0.0
0.0
0.0
0.0
0.0
0.0
0.0
0.0
0.0
0.0
0.0
0.0
0.0
0.0
1.0
0.0
0.0
0.0
0.0
0.0
0.0
0.0
0.0
0.0
0.0
0.0
0.0
0.0
0.0
0.0
0.0
0.0
0.0
0.0
0.0
0.0
0.0
0.0
0.0
0.0
0.0
0.0
0.0
0.0
0.0
0.0
0.0
0.0
0.0
0.0
0.0
0.0
0.0
0.0
0.0
0.0
0.0
0.0
0.0
0.0
0.0
0.0
0.0
0.0
0.0
0.0
0.0
0.0
0.0
0.0
0.0
0.0
0.0
0.0
0.0
0.0
0.0
0.0
0.0
0.0
0.0
0.0
0.0
0.0
0.0
0.0
0.0
0.0
0.0
0.0
0.0
0.0
0.0
0.0
0.0
0.0
0.0
0.0
0.0
0.0
0.0
0.0
0.0
0.0
0.0
0.0
0.0
0.0
0.0
0.0
0.0
0.0
0.0
0.0
0.0
0.0
0.0
0.0
0.0
0.0
0.0
0.0
0.0
0.0
0.0
0.0
0.0
0.0
0.0
0.0
0.0
0.0
0.0
0.0
0.0
0.0
0.0
0.0
0.0
0.0
0.0
0.0
0.0
0.0
0.0
0.0
0.0
0.0
0.0
0.0
0.0
0.0
0.0
0.0
0.0
0.0
0.0
0.0
0.0
0.0
0.0
0.0
0.0
0.0
0.0
0.0
1.0
0.0
0.0
0.0
0.0
0.0
0.0
0.0
0.0
0.0
0.0
0.0
0.0
0.0
0.0
0.0
0.0
0.0
0.0
0.0
0.0
0.0
0.0
0.0
0.0
0.0
0.0
0.0
0.0
-1.0
0.0
0.0
0.0
0.0
0.0
0.0
0.0
0.0
0.0
0.0
0.0
0.0
0.0
0.0
0.0
0.0
0.0
0.0
0.0
0.0
0.0
0.0
0.0
0.0
0.0
0.0
0.0
0.0
0.0
0.0
0.0
0.0
0.0
0.0
0.0
0.0
0.0
0.0
0.0
0.0
0.0
0.0
0.0
0.0
0.0
0.0
0.0
0.0
0.0
0.0
0.0
0.0
0.0
0.0
0.0
0.0
0.0
0.0
0.0
0.0
1.0
0.0
0.0
1.0
0.0
0.0
0.0
0.0
0.0
0.0
0.0
0.0
0.0
0.0
0.0
0.0
0.0
0.0
0.0
0.0
0.0
0.0
0.0
0.0
0.0
0.0
0.0
0.0
-1.0
0.0
0.0
0.0
0.0
0.0
0.0
0.0
0.0
0.0
0.0
0.0
0.0
0.0
0.0
0.0
0.0
0.0
0.0
0.0
0.0
0.0
0.0
0.0
0.0
0.0
0.0
0.0
0.0
0.0
0.0
0.0
0.0
0.0
0.0
0.0
0.0
0.0
0.0
0.0
0.0
0.0
0.0
0.0
0.0
0.0
0.0
0.0
0.0
0.0
0.0
0.0
0.0
0.0
0.0
0.0
0.0
0.0
0.0
0.0
0.0
0.0
0.0
0.0
0.0
0.0
0.0
0.0
0.0
0.0
0.0
0.0
0.0
0.0
0.0
0.0
0.0
0.0
0.0
0.0
0.0
0.0
0.0
0.0
0.0
0.0
0.0
0.0
0.0
0.0
-1.0
0.0
0.0
0.0
0.0
0.0
0.0
0.0
0.0
0.0
0.0
0.0
0.0
0.0
0.0
0.0
0.0
0.0
0.0
0.0
0.0
0.0
0.0
0.0
0.0
0.0
0.0
0.0
0.0
0.0
0.0
1.0
0.0
0.0
0.0
0.0
0.0
0.0
0.0
0.0
0.0
0.0
0.0
0.0
0.0
0.0
0.0
-1.0
0.0
0.0
0.0
0.0
0.0
0.0
0.0
0.0
0.0
0.0
0.0
-1.0
0.0
-1.0
0.0
0.0
0.0
0.0
0.0
0.0
0.0
0.0
0.0
0.0
0.0
0.0
0.0
0.0
0.0
0.0
0.0
0.0
0.0
0.0
0.0
0.0
0.0
0.0
0.0
0.0
0.0
0.0
0.0
0.0
0.0
0.0
0.0
0.0
0.0
0.0
0.0
0.0
0.0
0.0
-1.0
0.0
0.0
1.0
0.0
0.0
0.0
0.0
0.0
0.0
0.0
0.0
0.0
0.0
0.0
0.0
0.0
0.0
0.0
0.0
0.0
0.0
0.0
0.0
0.0
0.0
0.0
0.0
0.0
0.0
0.0
0.0
0.0
0.0
0.0
0.0
0.0
0.0
0.0
0.0
0.0
0.0
0.0
0.0
0.0
0.0
0.0
-1.0
0.0
0.0
0.0
-1.0
0.0
0.0
0.0
0.0
0.0
0.0
0.0
0.0
0.0
0.0
0.0
0.0
0.0
0.0
0.0
0.0
0.0
0.0
0.0
0.0
0.0
0.0
0.0
0.0
0.0
0.0
0.0
0.0
0.0
0.0
0.0
0.0
0.0
0.0
1.0
0.0
0.0
0.0
0.0
0.0
0.0
0.0
0.0
0.0
0.0
-1.0
0.0
1.0
0.0
0.0
0.0
0.0
0.0
0.0
0.0
0.0
0.0
0.0
0.0
0.0
0.0
0.0
0.0
0.0
0.0
0.0
0.0
0.0
0.0
0.0
0.0
0.0
0.0
0.0
0.0
0.0
1.0
0.0
0.0
0.0
0.0
0.0
0.0
0.0
0.0
0.0
0.0
0.0
0.0
0.0
0.0
0.0
0.0
0.0
0.0
0.0
0.0
0.0
0.0
0.0
0.0
0.0
0.0
0.0
0.0
0.0
0.0
0.0
0.0
0.0
0.0
0.0
0.0
0.0
0.0
-1.0
0.0
0.0
0.0
0.0
0.0
0.0
0.0
0.0
0.0
0.0
0.0
0.0
0.0
0.0
0.0
0.0
0.0
0.0
-1.0
0.0
0.0
0.0
0.0
0.0
0.0
0.0
0.0
0.0
0.0
0.0
0.0
0.0
0.0
0.0
0.0
0.0
0.0
0.0
0.0
0.0
0.0
0.0
0.0
0.0
0.0
0.0
0.0
0.0
0.0
0.0
0.0
0.0
0.0
0.0
0.0
0.0
0.0
0.0
0.0
0.0
0.0
0.0
0.0
0.0
0.0
0.0
0.0
0.0
0.0
0.0
0.0
1.0
0.0
0.0
0.0
0.0
0.0
0.0
0.0
0.0
0.0
0.0
0.0
0.0
0.0
0.0
0.0
1.0
0.0
0.0
-2.0
0.0
0.0
0.0
0.0
0.0
0.0
0.0
0.0
0.0
0.0
1.0
0.0
0.0
0.0
1.0
0.0
0.0
1.0
-1.0
0.0
0.0
0.0
0.0
0.0
0.0
0.0
0.0
0.0
0.0
0.0
-1.0
-1.0
0.0
0.0
0.0
0.0
0.0
1.0
0.0
0.0
0.0
0.0
0.0
0.0
0.0
0.0
0.0
0.0
0.0
0.0
0.0
0.0
0.0
0.0
0.0
1.0
0.0
1.0
0.0
0.0
0.0
0.0
0.0
1.0
0.0
0.0
0.0
0.0
0.0
0.0
0.0
0.0
-1.0
0.0
0.0
0.0
0.0
0.0
0.0
0.0
0.0
0.0
0.0
0.0
0.0
0.0
0.0
1.0
0.0
0.0
0.0
0.0
0.0
0.0
0.0
0.0
0.0
1.0
0.0
0.0
0.0
0.0
0.0
0.0
0.0
0.0
0.0
0.0
0.0
0.0
0.0
0.0
0.0
0.0
0.0
0.0
0.0
0.0
0.0
0.0
0.0
0.0
0.0
0.0
0.0
0.0
0.0
0.0
0.0
0.0
0.0
0.0
0.0
0.0
0.0
0.0
-1.0
0.0
0.0
0.0
0.0
0.0
0.0
0.0
0.0
0.0
0.0
0.0
0.0
0.0
0.0
0.0
0.0
0.0
0.0
-1.0
0.0
0.0
0.0
0.0
1.0
0.0
0.0
0.0
0.0
0.0
0.0
1.0
0.0
0.0
0.0
0.0
0.0
0.0
0.0
0.0
0.0
0.0
0.0
0.0
0.0
0.0
0.0
0.0
0.0
0.0
0.0
0.0
-1.0
0.0
0.0
0.0
0.0
0.0
0.0
0.0
0.0
0.0
0.0
0.0
0.0
0.0
-1.0
-1.0
0.0
0.0
0.0
0.0
0.0
0.0
0.0
0.0
0.0
-1.0
0.0
0.0
0.0
0.0
0.0
0.0
0.0
0.0
0.0
0.0
0.0
-1.0
0.0
0.0
1.0
0.0
0.0
0.0
0.0
0.0
0.0
0.0
0.0
0.0
0.0
0.0
0.0
0.0
0.0
0.0
0.0
-1.0
0.0
-1.0
1.0
0.0
0.0
0.0
0.0
1.0
0.0
0.0
0.0
0.0
0.0
0.0
0.0
0.0
0.0
0.0
0.0
0.0
1.0
0.0
0.0
0.0
-1.0
0.0
0.0
0.0
0.0
0.0
0.0
0.0
0.0
1.0
0.0
0.0
0.0
0.0
0.0
0.0
0.0
0.0
0.0
0.0
0.0
0.0
0.0
0.0
0.0
0.0
0.0
0.0
0.0
0.0
0.0
0.0
0.0
0.0
-1.0
0.0
0.0
0.0
0.0
0.0
0.0
0.0
0.0
0.0
0.0
0.0
0.0
0.0
0.0
0.0
0.0
0.0
0.0
0.0
0.0
0.0
0.0
-1.0
0.0
0.0
0.0
0.0
0.0
0.0
0.0
0.0
0.0
0.0
0.0
0.0
0.0
0.0
0.0
0.0
0.0
0.0
0.0
0.0
0.0
0.0
0.0
-1.0
0.0
0.0
0.0
0.0
0.0
0.0
0.0
0.0
0.0
0.0
0.0
0.0
0.0
0.0
0.0
0.0
0.0
0.0
0.0
0.0
0.0
0.0
0.0
0.0
0.0
-1.0
-1.0
0.0
0.0
0.0
0.0
0.0
0.0
0.0
0.0
0.0
0.0
0.0
0.0
0.0
0.0
0.0
0.0
0.0
0.0
0.0
0.0
0.0
0.0
0.0
0.0
-1.0
0.0
0.0
0.0
0.0
0.0
0.0
0.0
0.0
0.0
0.0
0.0
0.0
0.0
0.0
0.0
0.0
0.0
0.0
0.0
0.0
0.0
0.0
0.0
0.0
0.0
0.0
0.0
0.0
0.0
0.0
0.0
0.0
0.0
0.0
0.0
0.0
0.0
0.0
0.0
0.0
0.0
0.0
0.0
0.0
0.0
0.0
0.0
0.0
0.0
0.0
0.0
0.0
0.0
0.0
0.0
0.0
0.0
0.0
0.0
0.0
0.0
0.0
0.0
0.0
0.0
0.0
0.0
0.0
0.0
0.0
0.0
0.0
0.0
0.0
0.0
0.0
0.0
0.0
0.0
0.0
0.0
0.0
0.0
0.0
0.0
0.0
0.0
0.0
0.0
0.0
0.0
0.0
0.0
0.0
0.0
0.0
0.0
0.0
0.0
0.0
0.0
0.0
0.0
0.0
0.0
0.0
0.0
0.0
0.0
0.0
0.0
0.0
0.0
0.0
0.0
0.0
0.0
0.0
0.0
0.0
0.0
0.0
0.0
0.0
0.0
0.0
0.0
0.0
0.0
0.0
0.0
0.0
0.0
0.0
0.0
0.0
0.0
0.0
0.0
0.0
0.0
0.0
0.0
0.0
0.0
0.0
0.0
0.0
0.0
0.0
0.0
0.0
0.0
0.0
0.0
0.0
0.0
0.0
0.0
0.0
0.0
0.0
0.0
0.0
0.0
0.0
0.0
0.0
100.0
258048.0
45056.0
262144.0
0.0
0.0
0.0
0.0
0.0
0.0
28.0
159744.0
0.0
0.0
0.0
0.0
0.0
0.0
0.0
0.0
0.0
0.0
468.0
258616.0
0.0
0.0
0.0
0.0
