0.2987097
0.007077221
0.0045803776
0.0034819928
0.0072187656
0.0027572853
0.0018910335
0.0022647106
0.007762296
0.0016645624
0.0020891957
0.0016928712
0.0039009643
0.0015173561
0.0013588264
0.0040425085
0.0061203805
0.0013588264
0.0012795615
0.0011153701
0.0026723586
0.0017608126
0.0012116203
0.001064414
0.002236402
0.0009908109
0.0010757376
0.0010304434
0.0019080187
0.0010474287
0.0010077963
0.0009568403
0.005808983
0.0010077963
0.0009851492
0.0008945607
0.005191849
0.002179784
0.0007700016
0.0009228696
0.0018344157
0.0011550025
0.00097382563
0.0011946349
0.0013361793
0.0012286055
0.0014380913
0.00088889897
0.002893168
0.0017721361
0.0011266936
0.0058995713
0.0011380172
0.0009228696
0.00081529585
0.0007756634
0.0013078704
0.0010191199
0.0018514011
0.0024798582
0.0034536838
0.0014097824
0.0008775754
0.0008945607
0.013899662
0.0133334845
0.001523018
0.0035159634
0.0027063293
0.012455909
0.0025194907
0.0016022829
0.0017834597
0.0013135322
0.0012116203
0.0014833856
0.0017551508
0.0024402258
0.0012399291
0.0012286055
0.0049030986
0.0021911077
0.0018061068
0.006216631
0.0020665484
0.007609428
0.004008538
0.0029384622
0.0014607384
0.0047558923
0.0026836821
0.004535083
0.0012342674
0.0032555216
0.0035839046
0.0023666227
0.00083794293
0.0042123618
0.0010077963
0.0019929453
0.006590308
0.006720529
0.004082141
0.0014890473
0.0043822154
0.0033970661
0.002128828
0.0011097082
0.003782067
0.0016702241
0.0035499341
0.0042010383
0.002304343
0.0008322812
0.0050616283
0.0033517717
0.010010022
0.0062392782
0.0013758118
0.0015909593
0.002004269
0.0017325036
0.0007303692
0.0011380172
0.0016022829
0.0017608126
0.0012342674
0.0013248557
0.0034706693
0.0024458875
0.0009002225
0.0067941323
0.0031083154
0.0049030986
0.0007133839
0.0009568403
0.0018627245
0.010751714
0.0020325778
0.041217733
0.0007643399
0.0075697955
0.00075867807
0.00078698696
0.002711991
0.00088323717
0.0010813994
0.0007416928
0.0013135322
0.0010077963
0.00072470744
0.00060014834
0.0012908851
0.00072470744
0.00072470744
0.0011266936
0.0013022086
0.0008039723
0.0006227954
0.00072470744
0.0010983847
0.0018230921
0.00069073675
0.0010021345
0.00078698696
0.0007756634
0.0007473545
0.000685075
0.0006454426
0.00071904564
0.00084360474
0.00081529585
0.00096816383
0.00057750125
0.0009002225
0.0007020603
0.0018570628
0.00091720786
0.0013984588
0.0008719136
0.00093985494
0.0007530163
0.0007813252
0.0011040465
0.0021231663
0.0016079446
0.0017664743
0.00072470744
0.0010870611
0.00057183945
0.0008039723
0.0008662518
0.010389361
0.0017211802
0.0021458133
0.011357524
0.0030064036
0.0013248557
0.004031185
0.002666697
0.0013984588
0.0018457392
0.00094551675
0.0010757376
0.0011153701
0.0008775754
0.0011210318
0.00094551675
0.0020948574
0.0012965469
0.002304343
0.0019646366
0.001472062
0.0012116203
0.002310005
0.0027572853
0.0042746416
0.0016022829
0.0018514011
0.0025930938
0.0013022086
0.0011040465
0.001064414
0.0012399291
0.0016872095
0.0011436789
0.0014041206
0.0010361051
0.0013758118
0.0015060327
0.0008605901
0.0009228696
0.019317983
0.003776405
0.0010813994
0.0061826603
0.0036688314
0.0009228696
0.0010587523
0.0009285314
0.004699275
0.0010191199
0.0017947833
0.0012569145
0.0033064776
0.00093419314
0.0019872836
0.0016136063
0.006001483
0.0016362534
0.0015116944
0.0017551508
0.007790605
0.0015286797
0.006092072
0.048040178
0.15784904
5.710892e-06
0.0
0.0
2.2843567e-05
0.0
0.0
0.0
0.0
0.0
0.0
0.0
0.0
5.710892e-06
0.0
1.1421784e-05
0.0055795414
8.566338e-06
2.855446e-06
8.566338e-06
5.1398027e-05
1.9988121e-05
2.5699013e-05
5.710892e-06
1.7132676e-05
2.2843567e-05
1.427723e-05
1.1421784e-05
1.427723e-05
2.855446e-06
1.9988121e-05
4.283169e-05
0.0
0.0
0.0
0.0
0.0
0.0
0.0
0.0
0.0
0.0
0.0
0.0
0.0
0.0
0.0
0.0
0.015416552
6.85307e-05
0.00019131487
4.854258e-05
0.00011136239
5.9964364e-05
0.00035978618
0.00022558022
0.0007652595
3.426535e-05
5.1398027e-05
3.426535e-05
3.9976243e-05
3.9976243e-05
4.5687135e-05
5.1398027e-05
0.0049513434
2.2843567e-05
4.283169e-05
7.1386145e-05
0.00025127924
1.7132676e-05
0.0001370614
0.00013420595
6.281981e-05
1.1421784e-05
1.1421784e-05
1.1421784e-05
5.1398027e-05
3.7120797e-05
2.2843567e-05
1.1421784e-05
0.0044602067
6.281981e-05
0.00014277229
2.2843567e-05
7.709704e-05
5.9964364e-05
0.00066817435
0.00032266538
8.566338e-06
5.710892e-06
0.0
2.855446e-06
8.566338e-06
2.855446e-06
0.0
2.855446e-06
0.01136182
0.00010279605
0.00047114858
5.710892e-05
0.0009965507
0.00020844756
0.0026412874
0.0011364674
5.710892e-05
0.00012278417
7.9952486e-05
2.855446e-05
4.283169e-05
7.4241594e-05
3.9976243e-05
0.00012278417
0.013686152
0.00025127924
0.0012249863
0.00011136239
0.0006710298
0.00027126737
0.004340278
0.0024356954
0.000105651496
6.281981e-05
1.9988121e-05
2.855446e-05
3.9976243e-05
3.1409905e-05
5.1398027e-05
5.9964364e-05
0.004334567
8.566338e-06
4.854258e-05
8.851882e-05
0.0021815607
0.0008395011
0.006873058
0.0029610975
4.854258e-05
1.7132676e-05
1.9988121e-05
2.2843567e-05
1.1421784e-05
4.854258e-05
3.7120797e-05
2.855446e-06
0.0034208242
7.1386145e-05
7.4241594e-05
0.00012278417
0.00079381396
4.854258e-05
0.0003797743
0.00018274854
0.000108506945
0.00013420595
9.137427e-05
3.426535e-05
9.422971e-05
9.708516e-05
5.9964364e-05
0.00013420595
0.012172766
0.00039976242
0.00043117235
0.0011621665
0.002395719
0.0004540159
0.0013763249
0.0011850101
0.0007138615
0.00067674066
0.00020844756
0.00017989309
0.0004054733
0.00019131487
0.0005025585
0.00093658624
0.013037966
0.0009765625
0.0016247487
0.0016818576
0.0041146977
0.0010393823
0.004637244
0.002618444
0.0010707922
0.0008080912
0.00029411094
0.00035978618
0.0004939921
0.00045687135
0.00047400402
0.0013991685
0.0028782894
0.00036549708
0.00065675256
0.0003483644
0.0012449744
0.00046829312
0.001850329
0.00089661
0.00044544955
0.00019702577
5.4253473e-05
9.708516e-05
0.00031980994
0.00036264164
0.00031980994
0.0011907209
0.02436552
0.0036920914
0.0030496162
0.0037035134
0.011410362
0.010099712
0.0037863213
0.005182634
0.018780267
0.0017047012
0.00096799614
0.0017446774
0.007926717
0.003966214
0.009143137
0.019131487
0.070746526
0.014111614
0.012806674
0.013923154
0.032692
0.034910683
0.017021313
0.018149214
0.060078584
0.005582397
0.0053825155
0.008943257
0.029602408
0.017709475
0.02958242
0.061506305
0.007935285
0.0064790067
0.0069473
0.007135759
0.00717288
0.0071928683
0.007055807
0.006793106
0.0071557476
0.006764551
0.0063704997
0.0065675257
0.006864492
0.0073413514
0.0065789474
0.006755985
807.0
11.386617
9189.0
0.029709436
0.002394167
0.0010882576
0.0006529546
0.005223637
0.00087060616
0.0005441288
0.00076178036
0.0017412123
0.0019588638
0.0030471215
0.0010882576
0.001414735
0.0035912504
0.009359016
0.0011970835
0.0029382957
0.0021765153
0.0035912504
0.0045706825
0.001414735
0.001414735
0.0010882576
0.0013059092
0.0015235607
0.0011970835
0.0011970835
0.0021765153
0.0016323866
0.0020676896
0.0006529546
0.0011970835
0.00565894
0.020785723
0.0037000761
0.014691479
0.0074001523
0.015997387
0.013494396
0.011100229
0.0048971595
0.0076178038
0.0010882576
0.0038089019
0.010882577
0.006203069
0.004135379
0.005223637
0.006638372
0.010011971
0.008053107
0.020241594
0.011970835
0.010447274
0.008270758
0.0072913268
0.0030471215
0.00925019
0.0048971595
0.009903145
0.004135379
0.009903145
0.00925019
0.008597236
0.00087060616
0.050059855
0.004244205
0.019479813
0.02339754
0.098922625
0.009141365
0.009467842
0.011209054
0.03983023
0.0018500381
0.0064207204
0.04527152
0.010991403
0.0388508
0.04429209
0.010882577
0.0013059092
0.057460006
0.026879964
0.05604527
0.0145826535
0.0043530306
0.0065295463
0.012732615
0.01414735
0.0020676896
0.00087060616
0.0009794319
0.0010882576
0.0013059092
0.0010882576
5.5890636
0.0
0.0
0.0
1.0
176623.0
167936.0
0.0
0.0
10.0
0.0
1.0
0.0
1.0
0.0
708992500.0
0.0
0.0
0.0
0.0
0.0
1.0
0.0
0.0
0.0
0.0
0.0
0.0
-1.0
1.0
-1.0
-1.0
1.0
1.0
0.0
0.0
0.0
0.0
0.0
0.0
0.0
0.0
0.0
0.0
-1.0
0.0
0.0
0.0
0.0
0.0
0.0
0.0
0.0
0.0
0.0
0.0
0.0
-1.0
0.0
0.0
0.0
0.0
0.0
0.0
0.0
0.0
0.0
0.0
2.0
25.0
4.0
0.0
4.0
0.0
57344.0
1024.0
4096.0
4.0
0.0
0.0
2.0
4.0
0.0
0.0
0.0
0.0
0.0
0.0
0.0
0.0
0.0
0.0
0.0
0.0
0.0
0.0
0.0
0.0
0.0
-2560.0
0.0
0.0
0.0
0.0
0.0
0.0
0.0
0.0
0.0
0.0
-54784.0
0.0
0.0
0.0
0.0
0.0
98304.0
0.0
0.0
0.0
0.0
0.0
0.0
0.0
0.0
1024.0
0.0
0.0
0.0
0.0
0.0
0.0
0.0
0.0
0.0
0.0
0.0
0.0
0.0
0.0
0.0
0.0
0.0
0.0
0.0
0.0
0.0
0.0
0.0
-4.5347943
0.0
0.0
0.0
0.0
0.0
0.0
0.0
0.0
0.0
0.0
-2.8068855
0.0
0.0
0.0
0.0
0.0
6.5148115
0.0
0.0
0.0
0.0
0.0
0.0
0.0
0.0
2.8432586
0.0
0.0
0.0
0.0
0.0
0.0
0.0
0.0
0.0
0.0
0.0
0.0
0.0
0.0
0.0
0.0
0.0
0.0
0.0
0.0
0.0
0.0
0.0
-4096.0
0.0
0.0
0.0
0.0
0.0
0.0
0.0
0.0
0.0
0.0
-57344.0
0.0
0.0
0.0
0.0
0.0
98304.0
0.0
0.0
0.0
0.0
0.0
0.0
0.0
0.0
4096.0
0.0
0.0
0.0
0.0
0.0
0.0
0.0
0.0
0.0
0.0
0.0
0.0
0.0
0.0
0.0
0.0
0.0
0.0
1.0
0.0
0.0
0.0
0.0
0.0
0.0
0.0
-1.0
0.0
0.0
0.0
0.0
0.0
0.0
0.0
0.0
0.0
0.0
-1.0
0.0
0.0
0.0
0.0
0.0
0.0
0.0
-1.0
0.0
0.0
0.0
0.0
0.0
0.0
0.0
0.0
0.0
0.0
0.0
0.0
0.0
0.0
0.0
0.0
0.0
0.0
0.0
0.0
0.0
0.0
0.0
-1.0
0.0
0.0
0.0
0.0
0.0
0.0
0.0
0.0
0.0
1.0
0.0
0.0
0.0
0.0
0.0
0.0
0.0
0.0
0.0
0.0
0.0
0.0
0.0
1.0
0.0
0.0
0.0
0.0
0.0
0.0
0.0
0.0
0.0
-1.0
0.0
0.0
0.0
0.0
0.0
0.0
0.0
0.0
0.0
0.0
0.0
0.0
0.0
0.0
0.0
0.0
0.0
0.0
0.0
0.0
0.0
0.0
0.0
0.0
0.0
0.0
0.0
0.0
0.0
0.0
0.0
0.0
-1.0
0.0
0.0
0.0
0.0
0.0
0.0
0.0
0.0
0.0
0.0
0.0
0.0
0.0
0.0
0.0
0.0
0.0
0.0
0.0
0.0
0.0
0.0
0.0
0.0
0.0
0.0
0.0
0.0
0.0
0.0
0.0
0.0
0.0
0.0
0.0
0.0
0.0
0.0
0.0
0.0
0.0
0.0
0.0
0.0
0.0
0.0
0.0
0.0
0.0
0.0
0.0
0.0
0.0
0.0
0.0
0.0
0.0
0.0
0.0
0.0
0.0
0.0
0.0
0.0
0.0
0.0
0.0
0.0
0.0
-1.0
0.0
0.0
0.0
0.0
0.0
0.0
0.0
0.0
0.0
0.0
0.0
0.0
0.0
0.0
0.0
0.0
1.0
0.0
0.0
0.0
0.0
0.0
0.0
0.0
0.0
0.0
0.0
0.0
0.0
0.0
0.0
0.0
0.0
0.0
0.0
0.0
0.0
0.0
0.0
0.0
0.0
0.0
0.0
0.0
0.0
0.0
0.0
0.0
0.0
0.0
0.0
0.0
0.0
0.0
0.0
0.0
0.0
0.0
0.0
0.0
0.0
0.0
0.0
0.0
0.0
0.0
0.0
0.0
0.0
0.0
0.0
0.0
0.0
0.0
0.0
0.0
0.0
0.0
0.0
0.0
0.0
0.0
0.0
0.0
0.0
0.0
0.0
0.0
0.0
0.0
0.0
0.0
0.0
0.0
0.0
0.0
0.0
0.0
0.0
0.0
0.0
0.0
0.0
0.0
0.0
0.0
0.0
0.0
0.0
0.0
0.0
0.0
0.0
0.0
0.0
0.0
0.0
0.0
0.0
0.0
0.0
0.0
0.0
0.0
0.0
0.0
0.0
0.0
0.0
0.0
0.0
0.0
0.0
0.0
0.0
0.0
0.0
0.0
0.0
1.0
0.0
0.0
0.0
0.0
0.0
0.0
0.0
0.0
0.0
0.0
0.0
0.0
0.0
0.0
0.0
0.0
0.0
0.0
0.0
0.0
0.0
0.0
0.0
0.0
0.0
0.0
0.0
0.0
0.0
0.0
0.0
0.0
0.0
0.0
0.0
0.0
0.0
0.0
0.0
0.0
0.0
0.0
0.0
0.0
0.0
0.0
0.0
0.0
0.0
0.0
0.0
0.0
0.0
0.0
0.0
0.0
0.0
0.0
0.0
0.0
0.0
0.0
0.0
0.0
0.0
0.0
0.0
0.0
0.0
0.0
0.0
0.0
0.0
0.0
0.0
0.0
0.0
0.0
0.0
0.0
0.0
0.0
0.0
0.0
0.0
0.0
0.0
0.0
0.0
0.0
0.0
0.0
0.0
0.0
0.0
0.0
0.0
0.0
0.0
1.0
0.0
0.0
0.0
0.0
0.0
0.0
1.0
0.0
0.0
0.0
0.0
0.0
0.0
0.0
0.0
0.0
0.0
0.0
0.0
0.0
0.0
0.0
0.0
0.0
0.0
0.0
0.0
0.0
0.0
0.0
0.0
0.0
0.0
0.0
0.0
0.0
0.0
0.0
0.0
0.0
0.0
0.0
0.0
0.0
0.0
0.0
0.0
0.0
0.0
0.0
0.0
0.0
0.0
0.0
0.0
0.0
0.0
0.0
0.0
0.0
0.0
0.0
0.0
0.0
0.0
0.0
0.0
0.0
0.0
0.0
0.0
0.0
0.0
0.0
0.0
0.0
0.0
0.0
0.0
0.0
0.0
0.0
0.0
0.0
0.0
0.0
0.0
0.0
0.0
0.0
0.0
0.0
0.0
0.0
0.0
0.0
0.0
0.0
0.0
0.0
0.0
0.0
0.0
0.0
0.0
0.0
0.0
0.0
0.0
0.0
0.0
0.0
0.0
0.0
0.0
0.0
0.0
0.0
0.0
0.0
0.0
0.0
0.0
0.0
0.0
0.0
0.0
0.0
0.0
0.0
0.0
0.0
0.0
0.0
0.0
0.0
0.0
0.0
0.0
0.0
0.0
0.0
0.0
0.0
0.0
-1.0
0.0
0.0
0.0
0.0
0.0
0.0
0.0
0.0
0.0
0.0
0.0
0.0
0.0
0.0
0.0
0.0
0.0
0.0
0.0
0.0
0.0
0.0
0.0
0.0
0.0
0.0
0.0
0.0
0.0
0.0
0.0
0.0
0.0
0.0
0.0
0.0
0.0
0.0
0.0
0.0
0.0
0.0
0.0
0.0
0.0
0.0
0.0
0.0
0.0
0.0
0.0
0.0
0.0
0.0
0.0
0.0
0.0
0.0
0.0
0.0
0.0
0.0
0.0
0.0
0.0
0.0
0.0
0.0
0.0
0.0
0.0
0.0
0.0
0.0
0.0
0.0
0.0
0.0
0.0
0.0
0.0
0.0
0.0
0.0
0.0
0.0
0.0
0.0
0.0
0.0
0.0
0.0
0.0
0.0
0.0
0.0
0.0
0.0
0.0
0.0
0.0
0.0
0.0
0.0
0.0
0.0
0.0
0.0
0.0
0.0
0.0
0.0
0.0
0.0
0.0
0.0
0.0
0.0
0.0
0.0
0.0
0.0
0.0
0.0
0.0
0.0
0.0
0.0
0.0
0.0
0.0
0.0
0.0
0.0
0.0
0.0
0.0
0.0
0.0
0.0
0.0
0.0
0.0
0.0
0.0
0.0
0.0
0.0
0.0
0.0
0.0
0.0
0.0
0.0
0.0
0.0
0.0
0.0
0.0
0.0
0.0
0.0
0.0
0.0
0.0
0.0
0.0
0.0
0.0
0.0
0.0
0.0
0.0
0.0
0.0
0.0
0.0
0.0
1.0
0.0
0.0
0.0
0.0
0.0
0.0
0.0
0.0
0.0
0.0
0.0
0.0
0.0
0.0
0.0
0.0
0.0
0.0
0.0
0.0
0.0
0.0
0.0
0.0
0.0
0.0
0.0
0.0
0.0
0.0
0.0
0.0
0.0
0.0
0.0
0.0
0.0
0.0
0.0
0.0
0.0
0.0
0.0
0.0
0.0
0.0
0.0
0.0
0.0
0.0
0.0
0.0
0.0
0.0
0.0
0.0
0.0
0.0
0.0
0.0
0.0
0.0
0.0
0.0
0.0
0.0
0.0
0.0
0.0
0.0
0.0
0.0
0.0
0.0
0.0
0.0
0.0
0.0
0.0
0.0
0.0
0.0
0.0
0.0
0.0
0.0
0.0
0.0
0.0
0.0
0.0
0.0
0.0
0.0
0.0
0.0
0.0
0.0
0.0
0.0
0.0
0.0
0.0
0.0
0.0
0.0
0.0
0.0
0.0
0.0
0.0
0.0
0.0
0.0
0.0
0.0
0.0
0.0
0.0
0.0
0.0
0.0
0.0
0.0
0.0
0.0
0.0
0.0
0.0
0.0
0.0
0.0
0.0
0.0
0.0
0.0
0.0
0.0
0.0
0.0
0.0
0.0
0.0
0.0
0.0
0.0
0.0
0.0
0.0
0.0
0.0
0.0
0.0
0.0
0.0
0.0
0.0
0.0
0.0
0.0
0.0
0.0
0.0
0.0
0.0
0.0
0.0
0.0
0.0
0.0
0.0
0.0
0.0
0.0
0.0
0.0
0.0
0.0
0.0
0.0
0.0
0.0
0.0
-1.0
0.0
0.0
0.0
0.0
0.0
0.0
0.0
0.0
0.0
0.0
0.0
0.0
0.0
0.0
0.0
0.0
0.0
0.0
0.0
0.0
0.0
0.0
0.0
0.0
0.0
0.0
0.0
0.0
0.0
0.0
0.0
0.0
0.0
0.0
0.0
0.0
0.0
0.0
0.0
0.0
0.0
0.0
0.0
0.0
0.0
0.0
0.0
0.0
0.0
0.0
0.0
0.0
0.0
0.0
0.0
0.0
0.0
0.0
0.0
0.0
0.0
0.0
0.0
0.0
0.0
0.0
0.0
0.0
0.0
0.0
0.0
0.0
0.0
0.0
0.0
0.0
0.0
0.0
0.0
0.0
0.0
0.0
0.0
0.0
0.0
0.0
0.0
0.0
0.0
0.0
0.0
0.0
0.0
0.0
0.0
0.0
0.0
0.0
0.0
0.0
0.0
0.0
0.0
0.0
0.0
0.0
0.0
0.0
0.0
0.0
0.0
0.0
0.0
0.0
0.0
0.0
0.0
0.0
0.0
0.0
0.0
0.0
0.0
0.0
0.0
0.0
0.0
0.0
0.0
0.0
0.0
0.0
0.0
0.0
0.0
0.0
0.0
0.0
0.0
0.0
0.0
0.0
0.0
0.0
0.0
0.0
0.0
0.0
0.0
0.0
0.0
0.0
0.0
0.0
0.0
0.0
0.0
0.0
0.0
0.0
0.0
0.0
0.0
0.0
0.0
0.0
0.0
0.0
0.0
0.0
0.0
0.0
0.0
0.0
0.0
0.0
0.0
0.0
0.0
0.0
0.0
0.0
0.0
0.0
0.0
0.0
0.0
0.0
0.0
0.0
0.0
-1.0
0.0
0.0
0.0
0.0
0.0
0.0
0.0
0.0
0.0
0.0
0.0
0.0
0.0
0.0
0.0
0.0
0.0
0.0
0.0
1.0
0.0
0.0
0.0
0.0
0.0
0.0
0.0
0.0
0.0
0.0
0.0
0.0
0.0
0.0
0.0
0.0
0.0
0.0
0.0
0.0
0.0
0.0
0.0
0.0
0.0
0.0
0.0
0.0
0.0
0.0
0.0
0.0
0.0
0.0
0.0
0.0
0.0
0.0
0.0
0.0
0.0
0.0
0.0
0.0
0.0
0.0
0.0
0.0
0.0
0.0
0.0
0.0
0.0
0.0
0.0
0.0
0.0
0.0
0.0
0.0
0.0
0.0
0.0
0.0
0.0
0.0
0.0
0.0
0.0
0.0
0.0
0.0
0.0
0.0
0.0
0.0
0.0
0.0
0.0
0.0
0.0
0.0
0.0
0.0
0.0
0.0
0.0
0.0
0.0
0.0
0.0
0.0
0.0
0.0
0.0
1.0
1.0
0.0
0.0
0.0
0.0
0.0
0.0
0.0
0.0
0.0
0.0
0.0
0.0
0.0
0.0
0.0
0.0
0.0
0.0
0.0
0.0
0.0
0.0
0.0
0.0
0.0
0.0
0.0
0.0
0.0
0.0
0.0
0.0
0.0
0.0
0.0
0.0
0.0
0.0
0.0
0.0
0.0
0.0
0.0
0.0
0.0
0.0
0.0
0.0
0.0
0.0
0.0
0.0
0.0
0.0
0.0
0.0
0.0
0.0
0.0
0.0
0.0
0.0
0.0
0.0
0.0
0.0
0.0
0.0
0.0
0.0
0.0
0.0
0.0
0.0
0.0
0.0
0.0
0.0
0.0
0.0
0.0
0.0
-1.0
0.0
0.0
0.0
0.0
0.0
0.0
0.0
0.0
0.0
0.0
0.0
0.0
0.0
0.0
0.0
0.0
0.0
0.0
0.0
0.0
0.0
0.0
0.0
0.0
0.0
0.0
0.0
0.0
0.0
0.0
0.0
0.0
0.0
0.0
0.0
0.0
0.0
0.0
0.0
0.0
0.0
0.0
0.0
0.0
0.0
0.0
0.0
0.0
0.0
0.0
0.0
0.0
0.0
0.0
0.0
0.0
0.0
0.0
0.0
0.0
0.0
0.0
0.0
0.0
0.0
0.0
0.0
0.0
0.0
0.0
0.0
0.0
0.0
0.0
0.0
0.0
0.0
0.0
0.0
0.0
0.0
0.0
0.0
0.0
0.0
0.0
0.0
0.0
0.0
0.0
0.0
0.0
0.0
0.0
0.0
0.0
0.0
0.0
0.0
0.0
0.0
0.0
0.0
0.0
0.0
0.0
0.0
0.0
0.0
0.0
0.0
0.0
0.0
0.0
0.0
0.0
0.0
0.0
0.0
0.0
0.0
0.0
0.0
0.0
0.0
0.0
0.0
0.0
0.0
0.0
0.0
0.0
0.0
0.0
0.0
0.0
0.0
0.0
0.0
0.0
0.0
0.0
0.0
0.0
0.0
0.0
0.0
0.0
0.0
0.0
0.0
0.0
0.0
0.0
0.0
0.0
0.0
0.0
0.0
0.0
0.0
0.0
0.0
0.0
0.0
0.0
0.0
0.0
220.0
163840.0
536.0
159744.0
0.0
0.0
0.0
0.0
0.0
0.0
0.0
0.0
0.0
0.0
0.0
0.0
24.0
156732.0
0.0
0.0
0.0
0.0
0.0
0.0
0.0
0.0
0.0
0.0
