0.3477972
0.004594911
0.003352262
0.004175878
0.00705131
0.0034678574
0.0019506697
0.0020084674
0.0038001935
0.0017917262
0.0022396578
0.0015460864
0.0035401043
0.0015894346
0.0016183334
0.0030777233
0.006097649
0.0010981548
0.0015316369
0.0013582441
0.0030632738
0.0019217709
0.0014449406
0.0012137501
0.0022541073
0.0013293453
0.0011126042
0.0012426488
0.0020084674
0.0012426488
0.0013726935
0.0012570983
0.007484792
0.0010403572
0.0010981548
0.000997009
0.0048261015
0.002745387
0.0010403572
0.001141503
0.001603884
0.001603884
0.0014882887
0.0016183334
0.0016905804
0.0017194792
0.0032222173
0.00085251493
0.0024130507
0.002311905
0.0020373662
0.0043926192
0.0033811608
0.0011270536
0.001141503
0.0011704018
0.0013437947
0.0016183334
0.0011270536
0.002456399
0.0019795685
0.0019073215
0.0011993006
0.0012137501
0.025243111
0.0017917262
0.0015605357
0.0027020387
0.004999494
0.0053029316
0.001676131
0.0014738394
0.0021963096
0.0014304911
0.0019073215
0.0010403572
0.0019073215
0.0018784227
0.001965119
0.0022252083
0.005606369
0.0020373662
0.0018639733
0.004334822
0.0023697026
0.0038001935
0.0028320835
0.0027309377
0.0019795685
0.0027164882
0.0020951638
0.003280015
0.0014015923
0.0024708484
0.002528646
0.0022252083
0.0012715476
0.0044070687
0.0015027382
0.002745387
0.004204777
0.008120566
0.002817634
0.0022974554
0.003988036
0.0033667115
0.0031210715
0.0018639733
0.0032366668
0.0024275002
0.004016935
0.0040458334
0.0028609822
0.001069256
0.0047249557
0.0034389584
0.008279509
0.005288482
0.001676131
0.0017917262
0.002962128
0.0016616816
0.0008380655
0.0013437947
0.0017917262
0.0014882887
0.0016616816
0.0017050299
0.0038290925
0.002167411
0.0007947173
0.0051873364
0.002600893
0.004782753
0.0012281995
0.0011126042
0.0017194792
0.008048319
0.0018639733
0.021096133
0.0021529614
0.005606369
0.0014593899
0.0012426488
0.002745387
0.0020084674
0.0013293453
0.0010259078
0.0013293453
0.0012137501
0.0010403572
0.0007369197
0.0008958631
0.00088141375
0.0009825595
0.0010837055
0.0013871429
0.0008091667
0.00076581846
0.0009825595
0.0020951638
0.0032511163
0.0014304911
0.0016183334
0.0020518156
0.0020084674
0.0011848513
0.000997009
0.0011126042
0.00093921134
0.0013437947
0.0007513691
0.0014015923
0.0011126042
0.0009103125
0.00092476193
0.0028898811
0.0012570983
0.0013293453
0.0011704018
0.0012859971
0.0018639733
0.002210759
0.0034245092
0.003453408
0.0018784227
0.001748378
0.0011270536
0.0011270536
0.00088141375
0.001141503
0.0011848513
0.008409554
0.0017339287
0.0020084674
0.007730432
0.0026586906
0.0011126042
0.002962128
0.0028898811
0.0015749852
0.0019795685
0.0011993006
0.0013004465
0.0018350745
0.0010114583
0.0013437947
0.0011559525
0.0015894346
0.0014304911
0.002600893
0.001603884
0.0015605357
0.0010403572
0.0015460864
0.001603884
0.0027742859
0.0012137501
0.0013871429
0.0020951638
0.0019217709
0.0011704018
0.0013726935
0.0011126042
0.0018784227
0.0011848513
0.0013293453
0.0013582441
0.0012426488
0.0014160417
0.0012570983
0.0011559525
0.012859971
0.0024708484
0.0014160417
0.0044070687
0.00267314
0.0013293453
0.0012859971
0.0011848513
0.0028754317
0.0012426488
0.0016183334
0.0015605357
0.0020084674
0.0010259078
0.0015316369
0.0015605357
0.0039446875
0.0018928722
0.001994018
0.0018350745
0.003915789
0.0017772769
0.002817634
0.0400682
0.21212122
0.0
0.0
0.0
0.0
0.0
0.0
0.0
0.0
0.0
0.0
0.0
0.0
0.0
0.0
0.0
0.0
0.0
0.0
0.0
0.0
0.0
0.0
0.0
0.0
0.0
0.0
0.0
0.0
0.0
0.0
0.0
0.0
0.0
0.0
0.0
0.0
0.0
0.0
0.0
0.0
0.0
0.0
0.0
0.0
0.0
0.0
0.0
0.0
0.0
0.0
0.0
0.0
0.0
0.0
0.0
0.0
0.0
0.0
0.0
0.0
0.0
0.0
0.0
0.012680516
7.398201e-05
5.1787407e-05
3.6991005e-05
0.001472242
5.1787407e-05
4.4389206e-05
3.6991005e-05
3.6991005e-05
0.00023674243
7.398201e-05
0.000110973015
6.658381e-05
5.1787407e-05
7.398201e-05
5.1787407e-05
0.0
0.0
0.0
0.0
0.0
0.0
0.0
0.0
0.0
0.0
0.0
0.0
0.0
0.0
0.0
0.0
0.011030718
0.000103574814
0.00013316762
0.00022194603
0.0015684186
0.00029592804
0.00021454782
0.00012576941
0.00073982007
0.000118371216
5.1787407e-05
4.4389206e-05
0.00017015862
0.00014796402
9.617661e-05
8.877841e-05
0.010860559
6.658381e-05
8.138021e-05
0.00017755682
0.00056226325
0.00022934422
0.0007028291
0.00027373343
0.00045129025
0.00014796402
0.00025153882
0.00020714963
0.000110973015
0.000103574814
0.00031072443
0.00061405066
0.0
0.0
0.0
0.0
0.0
0.0
0.0
0.0
0.0
0.0
0.0
0.0
0.0
0.0
0.0
0.0
0.011038115
0.00040690103
0.0018495502
0.00045129025
0.0034845525
0.0005992543
0.006147905
0.0024783972
0.0007768111
0.00035511365
0.00012576941
0.00015536221
0.00023674243
0.00019975142
0.00017015862
0.0018273556
0.019871566
0.0016424005
0.004616477
0.0019679214
0.0040024268
0.0017459753
0.012998639
0.0057336055
0.0013020834
0.00048088306
8.138021e-05
0.00029592804
0.00088038587
0.00036251184
0.00039210464
0.004231771
0.007990057
0.00048828125
0.00047348486
0.00043649384
0.00043649384
0.00045868845
0.00045129025
0.00054746686
0.00046608664
0.00051047583
0.00047348486
0.00046608664
0.00053267047
0.0005252723
0.00045868845
0.00043649384
0.011681759
0.0017681699
0.0008655895
0.0017681699
0.003950639
0.0015166311
0.0014056582
0.0009321733
0.0010801373
0.00042909564
5.9185608e-05
0.0008507931
0.0009839607
0.00051047583
0.00056226325
0.0019383286
0.015158913
0.0011023319
0.0029222893
0.0011985085
0.0059407554
0.0017163826
0.009388316
0.004157789
0.0025523792
0.0007176255
0.0030480586
0.0026855469
0.0010653409
0.00049567944
0.0023748225
0.006081321
0.07129646
0.012066466
0.0118445195
0.012643525
0.026537346
0.025975082
0.010549834
0.016512783
0.046157375
0.0044019297
0.0070504854
0.012155244
0.024850557
0.012266217
0.022867838
0.0464607
0.0115929805
0.01134884
0.011052912
0.011511601
0.011659564
0.011518999
0.011681759
0.011711352
0.011992483
0.011178682
0.011548592
0.01077178
0.011822325
0.010838364
0.010964134
0.010623816
295.0
16.037289
4731.0
0.07884168
0.00084548723
0.0014796027
0.001056859
0.005284295
0.00042274361
0.0006341154
0.001056859
0.002113718
0.0023250899
0.006552526
0.00042274361
0.0025364617
0.0059184106
0.031071655
0.00084548723
0.005495667
0.003381949
0.0035933207
0.003381949
0.0023250899
0.0019023463
0.0012682308
0.0006341154
0.0014796027
0.0025364617
0.001056859
0.0023250899
0.0025364617
0.001056859
0.0006341154
0.001056859
0.010145847
0.0071866415
0.004227436
0.0057070386
0.004016064
0.011836821
0.0044388077
0.0038046925
0.0046501798
0.0044388077
0.003170577
0.0014796027
0.003170577
0.0050729234
0.0035933207
0.004016064
0.006552526
0.005284295
0.0038046925
0.0082435
0.0046501798
0.006129782
0.004016064
0.005495667
0.0035933207
0.005284295
0.0027478335
0.0050729234
0.004227436
0.0035933207
0.0038046925
0.0035933207
0.00084548723
0.05178609
0.009723103
0.027689707
0.019446205
0.10526316
0.011836821
0.020291694
0.013105052
0.034876347
0.004227436
0.014796026
0.029803425
0.020291694
0.04459945
0.04459945
0.023039527
0.002113718
0.052420206
0.028535193
0.03424223
0.013739167
0.0059184106
0.008666244
0.026844218
0.010145847
0.0016909745
0.001056859
0.001056859
0.0006341154
0.0019023463
0.0016909745
5.462389
0.0
0.0
0.0
1.0
69207.0
413696.0
0.0
0.0
0.0
0.0
0.0
0.0
0.0
0.0
708992500.0
0.0
0.0
0.0
0.0
0.0
1.0
0.0
0.0
0.0
0.0
0.0
0.0
-1.0
1.0
-1.0
-1.0
1.0
1.0
0.0
0.0
0.0
0.0
0.0
0.0
0.0
0.0
0.0
0.0
-1.0
0.0
0.0
0.0
0.0
0.0
0.0
0.0
0.0
0.0
0.0
0.0
0.0
-1.0
0.0
0.0
0.0
0.0
0.0
0.0
0.0
0.0
0.0
0.0
2.0
25.0
4.0
0.0
4.0
0.0
57344.0
1024.0
4096.0
4.0
0.0
0.0
2.0
4.0
0.0
0.0
0.0
0.0
0.0
0.0
0.0
0.0
0.0
0.0
0.0
0.0
0.0
0.0
0.0
0.0
0.0
-2048.0
0.0
0.0
0.0
0.0
0.0
0.0
0.0
0.0
0.0
0.0
-53760.0
0.0
0.0
0.0
0.0
0.0
344064.0
0.0
0.0
0.0
0.0
0.0
0.0
0.0
0.0
1024.0
0.0
0.0
0.0
0.0
0.0
0.0
0.0
0.0
0.0
0.0
0.0
0.0
0.0
0.0
0.0
0.0
0.0
0.0
0.0
0.0
0.0
0.0
0.0
0.0
0.0
0.0
0.0
0.0
0.0
0.0
0.0
0.0
0.0
0.0
0.0
0.0
0.0
0.0
0.0
0.0
5.8400593
0.0
0.0
0.0
0.0
0.0
0.0
0.0
0.0
0.0
0.0
0.0
0.0
0.0
0.0
0.0
0.0
0.0
0.0
0.0
0.0
0.0
0.0
0.0
0.0
0.0
0.0
0.0
0.0
0.0
0.0
0.0
0.0
-4096.0
0.0
0.0
0.0
0.0
0.0
0.0
0.0
0.0
0.0
0.0
-57344.0
0.0
0.0
0.0
0.0
0.0
344064.0
0.0
0.0
0.0
0.0
0.0
0.0
0.0
0.0
4096.0
0.0
0.0
0.0
0.0
0.0
0.0
0.0
0.0
0.0
0.0
0.0
0.0
0.0
0.0
0.0
0.0
0.0
0.0
1.0
0.0
0.0
0.0
0.0
0.0
0.0
0.0
-1.0
0.0
0.0
0.0
0.0
0.0
0.0
0.0
0.0
0.0
0.0
-1.0
0.0
0.0
0.0
0.0
0.0
0.0
0.0
-1.0
0.0
0.0
0.0
0.0
0.0
0.0
0.0
0.0
0.0
0.0
0.0
0.0
0.0
0.0
0.0
0.0
0.0
0.0
0.0
0.0
0.0
0.0
0.0
-1.0
0.0
0.0
0.0
0.0
0.0
0.0
0.0
0.0
0.0
1.0
0.0
0.0
0.0
0.0
1.0
0.0
0.0
0.0
0.0
0.0
0.0
0.0
0.0
1.0
0.0
0.0
0.0
0.0
0.0
0.0
0.0
0.0
0.0
-1.0
0.0
0.0
0.0
0.0
0.0
0.0
0.0
0.0
0.0
0.0
0.0
0.0
0.0
0.0
0.0
0.0
0.0
0.0
0.0
0.0
0.0
0.0
0.0
0.0
0.0
0.0
0.0
0.0
0.0
0.0
0.0
0.0
0.0
0.0
0.0
0.0
0.0
0.0
0.0
0.0
0.0
0.0
0.0
0.0
0.0
0.0
0.0
0.0
0.0
0.0
0.0
0.0
0.0
0.0
0.0
0.0
0.0
0.0
0.0
0.0
0.0
0.0
0.0
0.0
0.0
0.0
0.0
0.0
0.0
0.0
0.0
0.0
0.0
0.0
0.0
0.0
0.0
0.0
0.0
0.0
0.0
0.0
0.0
0.0
0.0
0.0
0.0
0.0
0.0
0.0
0.0
0.0
0.0
0.0
0.0
0.0
0.0
0.0
0.0
0.0
0.0
0.0
0.0
0.0
0.0
0.0
0.0
0.0
0.0
0.0
0.0
0.0
0.0
0.0
0.0
0.0
0.0
0.0
0.0
0.0
0.0
0.0
0.0
0.0
0.0
0.0
0.0
0.0
0.0
0.0
0.0
0.0
0.0
0.0
0.0
0.0
0.0
0.0
0.0
0.0
0.0
0.0
0.0
0.0
0.0
0.0
0.0
0.0
0.0
0.0
0.0
0.0
0.0
0.0
0.0
0.0
0.0
0.0
0.0
0.0
0.0
0.0
0.0
0.0
0.0
0.0
0.0
0.0
0.0
0.0
0.0
0.0
0.0
0.0
0.0
0.0
0.0
0.0
0.0
0.0
0.0
0.0
0.0
0.0
0.0
0.0
0.0
0.0
0.0
0.0
0.0
0.0
0.0
0.0
0.0
0.0
0.0
0.0
0.0
0.0
0.0
0.0
0.0
0.0
0.0
0.0
0.0
0.0
0.0
0.0
0.0
0.0
0.0
0.0
0.0
0.0
0.0
0.0
0.0
0.0
0.0
0.0
0.0
0.0
0.0
0.0
0.0
0.0
0.0
0.0
0.0
0.0
0.0
0.0
0.0
0.0
0.0
0.0
0.0
0.0
0.0
0.0
0.0
0.0
0.0
0.0
0.0
0.0
0.0
0.0
0.0
0.0
0.0
0.0
0.0
0.0
0.0
0.0
0.0
0.0
0.0
0.0
0.0
0.0
0.0
0.0
0.0
0.0
0.0
0.0
0.0
0.0
0.0
0.0
0.0
0.0
0.0
0.0
0.0
0.0
0.0
0.0
0.0
0.0
0.0
0.0
0.0
0.0
0.0
0.0
0.0
0.0
0.0
0.0
0.0
0.0
0.0
0.0
0.0
0.0
0.0
0.0
0.0
0.0
0.0
0.0
0.0
0.0
0.0
0.0
0.0
0.0
0.0
0.0
0.0
0.0
0.0
0.0
0.0
0.0
0.0
0.0
0.0
0.0
0.0
0.0
0.0
0.0
0.0
0.0
0.0
0.0
0.0
0.0
0.0
0.0
0.0
0.0
0.0
0.0
0.0
0.0
0.0
0.0
0.0
0.0
0.0
0.0
0.0
0.0
0.0
0.0
0.0
0.0
0.0
0.0
0.0
0.0
0.0
0.0
0.0
0.0
0.0
0.0
0.0
0.0
0.0
0.0
0.0
0.0
0.0
0.0
0.0
0.0
0.0
0.0
0.0
0.0
0.0
0.0
0.0
0.0
0.0
0.0
0.0
0.0
0.0
0.0
0.0
0.0
0.0
0.0
0.0
0.0
0.0
0.0
0.0
0.0
0.0
0.0
0.0
0.0
0.0
0.0
0.0
0.0
0.0
0.0
0.0
0.0
0.0
0.0
0.0
0.0
0.0
0.0
0.0
0.0
0.0
0.0
0.0
0.0
0.0
0.0
0.0
0.0
0.0
0.0
0.0
0.0
0.0
0.0
0.0
0.0
0.0
0.0
0.0
0.0
0.0
0.0
0.0
0.0
0.0
0.0
0.0
0.0
0.0
0.0
0.0
0.0
0.0
0.0
0.0
0.0
0.0
0.0
0.0
0.0
0.0
0.0
0.0
0.0
0.0
0.0
0.0
0.0
0.0
0.0
0.0
0.0
0.0
0.0
0.0
0.0
0.0
0.0
0.0
0.0
0.0
0.0
0.0
0.0
0.0
0.0
0.0
0.0
0.0
0.0
0.0
0.0
0.0
0.0
0.0
0.0
0.0
0.0
0.0
0.0
0.0
0.0
0.0
0.0
0.0
0.0
0.0
0.0
0.0
0.0
0.0
0.0
0.0
0.0
0.0
0.0
0.0
0.0
0.0
0.0
0.0
0.0
0.0
0.0
0.0
0.0
0.0
0.0
0.0
0.0
0.0
0.0
0.0
0.0
0.0
0.0
0.0
0.0
0.0
0.0
0.0
0.0
0.0
0.0
0.0
0.0
0.0
0.0
0.0
0.0
0.0
0.0
0.0
0.0
0.0
0.0
0.0
0.0
0.0
0.0
0.0
0.0
0.0
0.0
0.0
0.0
0.0
0.0
0.0
0.0
0.0
0.0
0.0
0.0
0.0
0.0
0.0
0.0
0.0
0.0
0.0
0.0
0.0
0.0
0.0
0.0
0.0
0.0
0.0
0.0
0.0
0.0
0.0
0.0
0.0
0.0
0.0
0.0
0.0
0.0
0.0
0.0
0.0
0.0
0.0
0.0
0.0
0.0
0.0
0.0
0.0
0.0
0.0
0.0
0.0
0.0
0.0
0.0
0.0
0.0
0.0
0.0
0.0
0.0
0.0
0.0
0.0
0.0
0.0
0.0
0.0
0.0
0.0
0.0
0.0
0.0
0.0
0.0
0.0
0.0
0.0
0.0
0.0
0.0
0.0
0.0
0.0
0.0
0.0
0.0
0.0
0.0
0.0
0.0
0.0
0.0
0.0
0.0
0.0
0.0
0.0
0.0
0.0
0.0
0.0
0.0
0.0
0.0
0.0
0.0
0.0
0.0
0.0
0.0
0.0
0.0
0.0
0.0
0.0
0.0
0.0
0.0
0.0
0.0
0.0
0.0
0.0
0.0
0.0
0.0
0.0
0.0
0.0
0.0
0.0
0.0
0.0
0.0
0.0
0.0
0.0
0.0
0.0
0.0
0.0
0.0
0.0
0.0
0.0
0.0
0.0
0.0
0.0
0.0
0.0
0.0
0.0
0.0
0.0
0.0
0.0
0.0
0.0
0.0
0.0
0.0
0.0
0.0
0.0
0.0
0.0
0.0
0.0
0.0
0.0
0.0
0.0
0.0
0.0
0.0
0.0
0.0
0.0
0.0
0.0
0.0
0.0
0.0
0.0
0.0
0.0
0.0
0.0
0.0
0.0
0.0
0.0
0.0
0.0
0.0
0.0
0.0
0.0
0.0
0.0
0.0
0.0
0.0
0.0
0.0
0.0
0.0
0.0
0.0
0.0
0.0
0.0
0.0
0.0
0.0
0.0
0.0
0.0
0.0
0.0
0.0
0.0
0.0
0.0
0.0
0.0
0.0
0.0
0.0
0.0
0.0
0.0
0.0
0.0
0.0
0.0
0.0
0.0
0.0
0.0
0.0
0.0
0.0
0.0
0.0
0.0
0.0
0.0
0.0
0.0
0.0
0.0
0.0
0.0
0.0
0.0
0.0
0.0
0.0
0.0
0.0
0.0
0.0
0.0
0.0
0.0
0.0
0.0
0.0
0.0
0.0
0.0
0.0
0.0
0.0
0.0
0.0
0.0
0.0
0.0
0.0
0.0
0.0
0.0
0.0
0.0
0.0
0.0
0.0
0.0
0.0
0.0
0.0
0.0
0.0
0.0
0.0
0.0
0.0
0.0
0.0
0.0
0.0
0.0
0.0
0.0
0.0
0.0
0.0
0.0
0.0
0.0
0.0
0.0
0.0
0.0
0.0
0.0
0.0
0.0
0.0
0.0
0.0
0.0
0.0
0.0
0.0
0.0
0.0
0.0
0.0
0.0
0.0
0.0
0.0
0.0
0.0
0.0
0.0
0.0
0.0
0.0
0.0
0.0
0.0
0.0
0.0
0.0
0.0
0.0
0.0
0.0
0.0
0.0
0.0
0.0
0.0
0.0
0.0
0.0
0.0
0.0
0.0
0.0
0.0
0.0
0.0
0.0
0.0
0.0
0.0
0.0
0.0
0.0
0.0
0.0
0.0
0.0
0.0
0.0
0.0
0.0
0.0
0.0
0.0
0.0
0.0
0.0
0.0
0.0
0.0
0.0
0.0
0.0
0.0
0.0
0.0
0.0
0.0
0.0
0.0
0.0
0.0
0.0
0.0
0.0
0.0
0.0
0.0
0.0
0.0
0.0
0.0
0.0
0.0
0.0
0.0
0.0
0.0
0.0
0.0
0.0
0.0
0.0
0.0
0.0
0.0
0.0
0.0
0.0
0.0
0.0
0.0
0.0
0.0
0.0
0.0
0.0
0.0
0.0
0.0
0.0
0.0
0.0
0.0
0.0
0.0
0.0
0.0
0.0
0.0
0.0
0.0
0.0
0.0
0.0
0.0
0.0
0.0
0.0
0.0
0.0
0.0
0.0
0.0
0.0
0.0
0.0
0.0
0.0
0.0
0.0
0.0
0.0
0.0
0.0
0.0
0.0
0.0
0.0
0.0
0.0
0.0
0.0
0.0
0.0
0.0
0.0
0.0
0.0
0.0
0.0
0.0
0.0
0.0
0.0
0.0
0.0
0.0
0.0
0.0
0.0
0.0
0.0
0.0
0.0
0.0
0.0
0.0
0.0
0.0
0.0
0.0
0.0
0.0
0.0
0.0
0.0
0.0
0.0
0.0
0.0
0.0
0.0
0.0
0.0
0.0
0.0
0.0
0.0
0.0
0.0
0.0
0.0
0.0
0.0
0.0
0.0
0.0
0.0
0.0
0.0
0.0
0.0
0.0
0.0
0.0
0.0
0.0
0.0
0.0
0.0
0.0
0.0
0.0
0.0
0.0
0.0
0.0
0.0
0.0
0.0
0.0
0.0
0.0
0.0
0.0
0.0
0.0
0.0
0.0
0.0
0.0
0.0
0.0
0.0
0.0
0.0
0.0
0.0
0.0
0.0
0.0
0.0
0.0
0.0
0.0
0.0
0.0
0.0
0.0
0.0
0.0
0.0
0.0
0.0
0.0
0.0
0.0
0.0
0.0
0.0
0.0
0.0
0.0
0.0
0.0
0.0
0.0
0.0
0.0
0.0
0.0
0.0
0.0
0.0
0.0
0.0
0.0
0.0
0.0
0.0
0.0
0.0
0.0
0.0
0.0
0.0
0.0
0.0
0.0
0.0
0.0
0.0
0.0
0.0
0.0
0.0
0.0
0.0
0.0
0.0
0.0
0.0
0.0
0.0
0.0
0.0
0.0
0.0
0.0
0.0
0.0
0.0
0.0
0.0
0.0
0.0
0.0
0.0
0.0
0.0
0.0
0.0
0.0
0.0
0.0
0.0
0.0
0.0
0.0
0.0
0.0
0.0
0.0
0.0
0.0
0.0
0.0
0.0
0.0
0.0
0.0
0.0
0.0
0.0
0.0
0.0
0.0
0.0
0.0
0.0
0.0
0.0
0.0
0.0
0.0
0.0
0.0
0.0
0.0
0.0
0.0
0.0
0.0
0.0
0.0
0.0
0.0
0.0
0.0
0.0
0.0
0.0
0.0
0.0
0.0
0.0
0.0
0.0
0.0
0.0
0.0
0.0
0.0
0.0
0.0
0.0
0.0
0.0
0.0
0.0
0.0
0.0
0.0
0.0
0.0
0.0
0.0
0.0
0.0
0.0
0.0
0.0
0.0
0.0
0.0
0.0
0.0
0.0
0.0
0.0
0.0
0.0
0.0
0.0
0.0
0.0
0.0
0.0
0.0
0.0
0.0
0.0
0.0
0.0
0.0
0.0
0.0
0.0
0.0
0.0
0.0
0.0
0.0
0.0
0.0
0.0
0.0
0.0
0.0
0.0
0.0
0.0
0.0
0.0
0.0
0.0
0.0
0.0
0.0
0.0
0.0
0.0
0.0
0.0
0.0
0.0
0.0
0.0
0.0
0.0
0.0
0.0
0.0
0.0
0.0
0.0
0.0
0.0
0.0
0.0
0.0
0.0
0.0
0.0
0.0
0.0
0.0
0.0
0.0
0.0
0.0
0.0
0.0
0.0
0.0
0.0
0.0
0.0
0.0
0.0
0.0
0.0
0.0
0.0
0.0
0.0
0.0
0.0
0.0
0.0
0.0
0.0
0.0
0.0
0.0
0.0
0.0
180.0
409600.0
496.0
405504.0
0.0
0.0
0.0
0.0
0.0
0.0
0.0
0.0
0.0
0.0
0.0
0.0
24.0
401524.0
0.0
0.0
0.0
0.0
0.0
0.0
0.0
0.0
0.0
0.0
