0.79806715
0.0023458065
0.0010975621
0.001144069
0.0016258801
0.0007031839
0.00020463023
0.0003478714
0.0024127765
0.00037391522
0.0005059947
0.00024369599
0.0013077732
0.000751551
0.0001841672
0.00079247705
0.0010175703
0.00032740837
0.00014510143
0.00010231511
0.0007589921
0.0009803649
0.00018602748
0.00011719731
0.000412981
9.487401e-05
6.8830166e-05
0.000111616486
0.0002883426
7.6271266e-05
0.00010975621
0.00017858637
0.0012649868
0.00014324115
8.9293186e-05
0.00027160012
0.0003980988
0.0004055399
0.00010975621
6.324934e-05
0.00018602748
0.00012277813
9.859456e-05
0.00016742473
0.00019532884
0.00013021924
0.00024183572
9.6734286e-05
0.0005134358
0.00030508506
0.00042600292
0.0011124443
0.0003832166
0.00040367962
0.0005338989
0.00036089332
0.0004650687
0.0006194715
0.0006194715
0.0012780088
0.00061017013
0.0007552715
0.0006641181
0.0004408851
0.0006287729
0.00074038934
0.0017747021
0.0025467162
0.00069016195
0.0037186893
0.00056738383
0.00037019467
0.00052087696
0.00044460566
0.0003162467
0.00028276176
0.00043902485
0.0026490313
0.0004204221
0.00021207132
0.001482639
0.0015347267
0.0011273265
0.0004911125
0.00042972347
0.002795993
0.00064551533
0.00033298918
0.00026043848
0.00034043027
0.00030136452
0.0004353043
0.00030136452
0.00072178664
0.0005227372
0.00043902485
0.00035903303
0.0008613072
0.00037391522
0.00066597835
0.0008185209
0.0013375375
0.00067714
0.00036275358
0.002336505
0.0008389839
0.0016537843
0.00042600292
0.0010045484
0.00042786318
0.00080921955
0.00079991814
0.0005543619
0.0002064905
0.00080735923
0.0007366688
0.0019253844
0.0017672611
0.00034229056
0.00036647412
0.0005134358
0.00037019467
0.00027718095
0.00030322478
0.0010175703
0.0012482443
0.00027532066
0.00025299736
0.00066597835
0.00064551533
0.00027160012
0.004395829
0.0006641181
0.0019235241
0.00020276995
0.0002567179
0.00062319206
0.002742045
0.0007087647
0.008694924
0.00053203857
0.0020053762
0.00030322478
0.00025299736
0.00045204678
0.0002064905
0.00024183572
0.00014510143
0.0005152961
0.00085572636
0.00018230693
0.00014882199
0.00020090968
0.00017300555
0.0002864823
0.000169285
0.00034229056
0.00015626308
0.0024220778
0.000111616486
0.0002790412
0.00033857
8.9293186e-05
0.00026601928
0.0001990494
0.00013766033
7.813154e-05
0.00026043848
0.00041856183
0.00019532884
0.00024741655
0.00016742473
0.00021579188
0.000104175386
7.069044e-05
8.3712366e-05
0.00018974803
0.00010045484
7.813154e-05
7.813154e-05
0.0001767261
0.00010045484
7.6271266e-05
6.8830166e-05
0.00037949605
0.00016370419
0.00015254253
8.743291e-05
0.0001990494
0.00032926863
0.0004204221
0.00013766033
0.0016184391
0.00060272904
0.00037763576
0.0005525016
0.0015849541
5.7668516e-05
0.00026043848
0.00097106345
0.00034229056
0.00040926045
0.00013393979
4.4646593e-05
0.043037456
5.9528793e-05
0.00010045484
0.000104175386
0.00044460566
0.00013207951
0.0007124852
0.00035717274
0.0003534522
0.00011347676
0.00014696171
0.000119057586
0.00045948787
4.650687e-05
9.1153466e-05
5.394797e-05
0.00044832623
3.906577e-05
0.000111616486
9.487401e-05
0.00054878107
0.00022323297
0.00023811517
4.8367143e-05
0.00037391522
0.00032740837
4.8367143e-05
0.00012091786
0.0022806968
0.00068086054
0.00015998363
0.001164532
0.0011756937
2.9764396e-05
0.00013207951
0.00013580006
0.00063435367
0.00010975621
2.7904121e-05
0.00017486583
0.0017337761
0.00015626308
5.2087693e-05
0.0003980988
0.001408228
0.00030508506
0.0002809015
0.0001916083
0.0023309244
0.0005934276
0.00076457293
0.008017784
0.74514616
8.402545e-06
4.6680807e-06
7.282206e-05
9.80297e-05
9.522885e-05
9.056077e-05
6.441952e-05
6.535313e-05
3.9211878e-05
3.7344646e-06
9.3361615e-07
0.026769577
9.3361615e-07
2.8008485e-06
3.7344646e-06
0.005445783
1.5871474e-05
9.336161e-06
1.7738706e-05
3.45438e-05
3.1742948e-05
3.2676566e-05
3.361018e-05
3.9211878e-05
2.427402e-05
1.5871474e-05
9.336161e-06
6.535313e-06
1.3070626e-05
2.8008485e-06
3.7344646e-06
0.0054709907
2.0539555e-05
6.535313e-06
1.5871474e-05
4.854804e-05
2.2406788e-05
0.00018298876
5.881782e-05
1.8672323e-05
5.601697e-06
4.6680807e-06
2.8008485e-06
0.0016991814
3.7344646e-06
2.8008485e-06
8.402545e-05
0.004563516
1.4937858e-05
1.680509e-05
2.427402e-05
3.5477413e-05
1.8672323e-05
7.188845e-05
3.361018e-05
1.4937858e-05
1.680509e-05
1.213701e-05
5.601697e-06
0.0007450257
0.0001381752
1.3070626e-05
1.1203394e-05
0.001627293
4.574719e-05
4.4813576e-05
5.601697e-06
2.89421e-05
1.5871474e-05
6.535313e-06
1.3070626e-05
3.5477413e-05
7.468929e-06
1.5871474e-05
4.6680807e-06
5.601697e-06
1.680509e-05
5.601697e-06
3.2676566e-05
0.009251202
6.722036e-05
7.655653e-05
0.00017085175
0.00026234615
0.00022033342
0.00035664137
0.00032116397
0.0003239648
0.00015217943
5.4149736e-05
6.815398e-05
3.2676566e-05
1.4004242e-05
2.8008484e-05
7.282206e-05
0.0
0.0
0.0
0.0
0.0
0.0
0.0
0.0
0.0
0.0
0.0
0.0
0.0
0.0
0.0
0.0
0.001335071
1.680509e-05
0.00015311305
5.881782e-05
0.00013070626
6.535313e-05
0.00029595633
0.00017645345
5.134889e-05
6.535313e-06
6.535313e-06
6.535313e-06
0.0013332039
5.9751434e-05
2.2406788e-05
0.00010549863
0.005329081
0.00010363139
0.00013070626
0.000598448
0.00042479535
0.00030809332
0.0013042617
0.00040145495
0.00012043648
4.7614423e-05
5.881782e-05
6.815398e-05
0.0003529069
5.4149736e-05
9.336162e-05
0.00016431644
0.0047689113
0.00011390117
0.0007375568
0.00074315845
0.0006012488
0.0004154592
0.0022042678
0.0010083055
0.0003071597
0.0014041587
9.2428e-05
9.896331e-05
0.00010643224
0.00025581082
0.00014751135
0.00037904817
0.003577617
9.9896926e-05
0.0005639042
0.00041919365
0.00056857226
0.0006180539
0.002053022
0.0009466868
0.00040145495
0.0014349681
7.8423756e-05
8.869354e-05
7.5622906e-05
8.869354e-05
9.616246e-05
0.00036130944
0.0013509425
0.00022686872
0.00034917245
0.003023049
0.0005601697
0.00043786597
0.00074782653
0.0005835101
0.00054989994
0.0002548772
0.00026701423
0.00019512577
0.0017738707
0.00024647466
0.00030249162
0.00060311606
0.004920157
0.00063765986
0.00031369503
0.0017075839
0.0040266863
0.0032676565
0.0027308273
0.002451676
0.006168402
0.0014639101
0.00064606237
0.00082438305
0.0037587387
0.00072728697
0.0013808183
0.003215374
0.01916994
0.0031434856
0.0013154652
0.002028748
0.008014161
0.005620369
0.0026673414
0.003909051
0.014823957
0.001306129
0.0014667109
0.001121273
0.012767201
0.0018989752
0.005090075
0.0112594105
0.0025665108
0.0004612064
0.00024367381
0.0003585086
0.0011324764
0.00066193385
0.00046214
0.00057417393
0.0016384964
0.00022313427
0.0003641103
0.00015591389
0.0009784297
0.00021473171
0.0005088208
0.00092801446
0.0
0.0
0.0
0.0
0.0
0.0
0.0
0.0
0.0
0.0
0.0
0.0
0.0
0.0
0.0
0.0
802.0
17.894014
14351.0
0.028151348
0.0017420389
0.000627134
0.0038324855
0.001254268
0.005504843
0.0017420389
0.0007664971
0.0019510835
0.002020765
0.0010452233
0.00097554177
0.0013936311
0.0027175806
0.0059926137
0.001881402
0.0088495575
0.0052261166
0.00808306
0.0094766915
0.008292105
0.00850115
0.01344854
0.0072468817
0.007943697
0.014284719
0.014633127
0.01254268
0.011149049
0.013030451
0.017559752
0.00808306
0.00627134
0.01616612
0.011567138
0.014563445
0.009267647
0.010034144
0.01616612
0.009058602
0.00627134
0.013309177
0.0077346526
0.009546373
0.010661278
0.008640513
0.012960769
0.0053654797
0.009267647
0.009964462
0.008292105
0.00940701
0.0053654797
0.0057138875
0.011567138
0.0034143962
0.005783569
0.0057138875
0.0047383457
0.0036931224
0.0028569438
0.0068287924
0.00313567
0.005644206
0.0032053515
0.022994913
0.00940701
0.01749007
0.01839593
0.041878615
0.010243189
0.010452233
0.0510069
0.024249181
0.0069681555
0.007943697
0.03003275
0.012960769
0.02508536
0.02689708
0.014005993
0.0055745244
0.024249181
0.019580517
0.032610968
0.015538987
0.0073165633
0.009128284
0.009197965
0.008431468
0.005922932
0.005156435
0.010800641
0.005783569
0.0041112117
0.0044596195
6.176724
0.0
0.0
0.0
3.0
537555.0
602112.0
1.0
0.0
65.0
0.0
1.0
0.0
0.0
0.0
1162679600.0
0.0
0.0
0.0
0.0
0.0
1.0
0.0
0.0
0.0
0.0
0.0
0.0
-1.0
1.0
-1.0
-1.0
0.0
0.0
0.0
0.0
0.0
0.0
0.0
0.0
0.0
0.0
0.0
0.0
-1.0
0.0
0.0
0.0
0.0
0.0
0.0
0.0
0.0
0.0
0.0
0.0
0.0
-1.0
0.0
0.0
0.0
0.0
0.0
0.0
0.0
0.0
0.0
0.0
6.0
0.0
4.0
0.0
4.0
0.0
155648.0
4096.0
4096.0
16.0
0.0
0.0
12.0
14.0
0.0
0.0
0.0
0.0
0.0
-36864.0
0.0
-32768.0
0.0
0.0
0.0
0.0
-32768.0
0.0
8192.0
0.0
0.0
0.0
0.0
0.0
0.0
0.0
0.0
0.0
32768.0
0.0
0.0
0.0
0.0
0.0
0.0
-4096.0
-8192.0
0.0
65536.0
0.0
0.0
0.0
0.0
0.0
0.0
-122880.0
-4096.0
12288.0
-65536.0
0.0
-32768.0
0.0
0.0
0.0
0.0
0.0
0.0
0.0
0.0
-1.2111679
0.0
0.0
0.0
0.0
0.0
0.0
-0.025712801
0.0
5.0614057
0.0
0.0
0.0
0.0
0.0
0.0
0.0
0.0
0.0
0.024857182
0.0
0.0
0.0
0.0
0.0
0.0
-0.16604139
-0.8690168
0.0
0.049222585
0.0
0.0
0.0
0.0
0.0
0.0
-3.741654
-4.2082253
3.8664718
-0.20103796
0.0
-0.026522413
0.0
0.0
0.0
0.0
0.0
0.0
0.0
0.0
-36864.0
0.0
-32768.0
0.0
0.0
0.0
0.0
-32768.0
0.0
7207.0
0.0
0.0
0.0
0.0
0.0
0.0
0.0
0.0
0.0
32768.0
0.0
0.0
0.0
0.0
0.0
0.0
-4096.0
-78372.0
0.0
65536.0
0.0
0.0
0.0
0.0
0.0
0.0
-122880.0
-2633.0
9065.0
-65536.0
0.0
-32768.0
0.0
0.0
0.0
0.0
0.0
0.0
-1.0
0.0
0.0
0.0
0.0
0.0
1.0
0.0
0.0
0.0
0.0
0.0
0.0
0.0
0.0
0.0
0.0
0.0
0.0
0.0
0.0
0.0
0.0
0.0
0.0
0.0
0.0
0.0
0.0
0.0
0.0
0.0
0.0
0.0
0.0
0.0
-2.0
0.0
0.0
0.0
1.0
0.0
0.0
0.0
0.0
0.0
0.0
0.0
0.0
0.0
0.0
0.0
0.0
0.0
0.0
0.0
0.0
0.0
0.0
0.0
-1.0
0.0
0.0
0.0
0.0
0.0
0.0
0.0
0.0
0.0
1.0
0.0
0.0
0.0
0.0
1.0
0.0
0.0
0.0
0.0
0.0
0.0
0.0
0.0
1.0
0.0
0.0
0.0
0.0
0.0
0.0
0.0
0.0
0.0
0.0
0.0
0.0
0.0
0.0
0.0
0.0
0.0
0.0
0.0
0.0
0.0
0.0
0.0
0.0
0.0
0.0
0.0
0.0
0.0
0.0
0.0
0.0
0.0
0.0
0.0
0.0
0.0
0.0
0.0
0.0
0.0
0.0
-1.0
0.0
0.0
0.0
0.0
0.0
0.0
0.0
0.0
0.0
0.0
0.0
0.0
-1.0
0.0
0.0
0.0
0.0
0.0
0.0
0.0
0.0
0.0
0.0
0.0
0.0
0.0
0.0
0.0
0.0
0.0
0.0
0.0
0.0
0.0
0.0
0.0
0.0
0.0
0.0
0.0
0.0
0.0
0.0
0.0
0.0
0.0
0.0
0.0
0.0
0.0
0.0
0.0
0.0
0.0
0.0
0.0
0.0
0.0
0.0
0.0
0.0
0.0
0.0
0.0
0.0
0.0
0.0
0.0
0.0
-1.0
0.0
0.0
0.0
0.0
0.0
0.0
0.0
0.0
0.0
0.0
0.0
0.0
0.0
0.0
0.0
0.0
1.0
0.0
0.0
0.0
0.0
0.0
0.0
0.0
0.0
0.0
0.0
0.0
0.0
0.0
0.0
0.0
0.0
0.0
0.0
0.0
0.0
0.0
0.0
0.0
0.0
0.0
0.0
0.0
0.0
0.0
0.0
0.0
0.0
0.0
0.0
0.0
0.0
0.0
0.0
0.0
0.0
0.0
0.0
0.0
0.0
0.0
0.0
0.0
0.0
0.0
0.0
0.0
0.0
0.0
0.0
0.0
0.0
0.0
0.0
0.0
0.0
0.0
0.0
0.0
0.0
0.0
0.0
0.0
0.0
0.0
0.0
0.0
0.0
0.0
0.0
0.0
0.0
0.0
0.0
0.0
0.0
0.0
0.0
0.0
0.0
0.0
0.0
0.0
0.0
0.0
0.0
0.0
0.0
0.0
0.0
0.0
0.0
0.0
0.0
0.0
0.0
0.0
0.0
0.0
0.0
0.0
0.0
0.0
0.0
0.0
0.0
0.0
0.0
0.0
0.0
0.0
0.0
0.0
0.0
0.0
0.0
0.0
0.0
0.0
0.0
0.0
0.0
0.0
0.0
0.0
0.0
0.0
0.0
0.0
0.0
0.0
0.0
0.0
0.0
0.0
-1.0
0.0
0.0
0.0
0.0
0.0
0.0
0.0
0.0
0.0
0.0
0.0
1.0
0.0
0.0
0.0
0.0
0.0
0.0
0.0
0.0
0.0
0.0
0.0
0.0
0.0
0.0
0.0
0.0
0.0
0.0
0.0
0.0
0.0
0.0
0.0
0.0
0.0
0.0
0.0
0.0
-1.0
0.0
0.0
0.0
0.0
0.0
0.0
0.0
0.0
0.0
0.0
0.0
0.0
0.0
0.0
0.0
0.0
0.0
0.0
0.0
0.0
0.0
0.0
0.0
0.0
0.0
0.0
0.0
0.0
0.0
0.0
0.0
0.0
0.0
0.0
0.0
0.0
0.0
0.0
0.0
0.0
0.0
0.0
0.0
0.0
0.0
0.0
0.0
0.0
0.0
0.0
0.0
0.0
0.0
0.0
0.0
0.0
0.0
0.0
0.0
0.0
0.0
0.0
0.0
1.0
0.0
0.0
0.0
0.0
0.0
0.0
0.0
0.0
0.0
0.0
0.0
0.0
0.0
0.0
0.0
0.0
0.0
0.0
0.0
0.0
0.0
0.0
0.0
0.0
-1.0
0.0
0.0
0.0
0.0
0.0
0.0
0.0
0.0
0.0
0.0
0.0
0.0
0.0
0.0
0.0
0.0
0.0
0.0
0.0
0.0
0.0
0.0
0.0
0.0
0.0
0.0
0.0
0.0
0.0
0.0
0.0
0.0
0.0
0.0
0.0
0.0
0.0
0.0
0.0
0.0
0.0
0.0
0.0
0.0
0.0
0.0
0.0
0.0
0.0
0.0
0.0
0.0
0.0
0.0
0.0
0.0
0.0
0.0
0.0
0.0
0.0
0.0
0.0
0.0
0.0
0.0
0.0
0.0
0.0
0.0
0.0
0.0
0.0
0.0
0.0
0.0
0.0
0.0
0.0
0.0
0.0
0.0
0.0
0.0
0.0
0.0
0.0
0.0
0.0
-1.0
0.0
0.0
0.0
0.0
0.0
0.0
0.0
0.0
0.0
0.0
0.0
0.0
0.0
0.0
0.0
0.0
0.0
0.0
0.0
0.0
0.0
0.0
0.0
0.0
0.0
0.0
0.0
0.0
0.0
0.0
1.0
0.0
0.0
0.0
0.0
0.0
0.0
0.0
0.0
0.0
0.0
0.0
0.0
0.0
0.0
0.0
-1.0
0.0
0.0
0.0
0.0
0.0
0.0
0.0
0.0
0.0
0.0
0.0
-1.0
0.0
0.0
0.0
0.0
0.0
0.0
-1.0
0.0
0.0
0.0
0.0
0.0
0.0
0.0
0.0
0.0
0.0
0.0
0.0
0.0
0.0
0.0
0.0
0.0
0.0
0.0
0.0
0.0
0.0
0.0
0.0
0.0
0.0
0.0
0.0
0.0
0.0
0.0
0.0
0.0
0.0
0.0
-1.0
0.0
0.0
1.0
0.0
0.0
0.0
0.0
0.0
0.0
0.0
0.0
0.0
0.0
0.0
0.0
0.0
0.0
0.0
0.0
0.0
0.0
0.0
0.0
0.0
0.0
0.0
0.0
0.0
0.0
0.0
0.0
0.0
0.0
0.0
0.0
0.0
0.0
0.0
0.0
0.0
0.0
0.0
0.0
0.0
0.0
0.0
-1.0
0.0
0.0
0.0
-1.0
0.0
0.0
0.0
0.0
0.0
0.0
0.0
0.0
0.0
0.0
0.0
0.0
0.0
0.0
0.0
0.0
0.0
0.0
0.0
0.0
0.0
0.0
0.0
0.0
0.0
0.0
0.0
0.0
0.0
0.0
0.0
0.0
0.0
0.0
1.0
0.0
0.0
0.0
0.0
0.0
0.0
0.0
0.0
0.0
0.0
-1.0
0.0
1.0
0.0
0.0
0.0
0.0
0.0
0.0
0.0
0.0
0.0
0.0
0.0
0.0
0.0
0.0
0.0
0.0
0.0
0.0
0.0
0.0
0.0
0.0
0.0
0.0
0.0
0.0
0.0
0.0
1.0
0.0
0.0
0.0
0.0
0.0
0.0
0.0
0.0
0.0
0.0
0.0
0.0
0.0
0.0
0.0
0.0
0.0
0.0
0.0
0.0
0.0
0.0
0.0
0.0
0.0
0.0
0.0
0.0
0.0
0.0
0.0
0.0
0.0
0.0
0.0
0.0
0.0
0.0
-1.0
0.0
0.0
0.0
0.0
0.0
0.0
0.0
0.0
0.0
0.0
0.0
0.0
0.0
0.0
0.0
0.0
0.0
0.0
-1.0
0.0
0.0
0.0
0.0
0.0
0.0
0.0
0.0
0.0
0.0
0.0
0.0
0.0
0.0
0.0
0.0
0.0
0.0
0.0
0.0
0.0
0.0
0.0
0.0
0.0
0.0
0.0
0.0
0.0
0.0
0.0
0.0
0.0
0.0
0.0
0.0
0.0
0.0
0.0
0.0
0.0
0.0
0.0
0.0
0.0
0.0
0.0
0.0
0.0
0.0
0.0
0.0
1.0
0.0
0.0
0.0
0.0
0.0
0.0
0.0
0.0
0.0
0.0
0.0
0.0
0.0
0.0
0.0
1.0
0.0
0.0
-2.0
0.0
0.0
0.0
0.0
0.0
0.0
0.0
0.0
0.0
0.0
1.0
0.0
0.0
0.0
1.0
0.0
0.0
1.0
-1.0
0.0
0.0
0.0
0.0
0.0
0.0
0.0
0.0
0.0
0.0
0.0
-1.0
-1.0
0.0
0.0
0.0
0.0
0.0
1.0
0.0
0.0
0.0
0.0
0.0
0.0
0.0
0.0
0.0
0.0
0.0
0.0
0.0
0.0
0.0
0.0
0.0
1.0
0.0
1.0
0.0
0.0
0.0
0.0
0.0
0.0
0.0
0.0
0.0
0.0
0.0
0.0
0.0
0.0
-1.0
0.0
0.0
0.0
0.0
0.0
0.0
0.0
0.0
0.0
0.0
0.0
0.0
0.0
0.0
1.0
0.0
0.0
0.0
0.0
0.0
0.0
0.0
0.0
0.0
1.0
0.0
0.0
0.0
0.0
0.0
0.0
0.0
0.0
0.0
0.0
0.0
0.0
0.0
0.0
0.0
0.0
0.0
0.0
0.0
0.0
0.0
0.0
0.0
0.0
0.0
0.0
0.0
0.0
0.0
0.0
0.0
0.0
0.0
0.0
0.0
-1.0
0.0
0.0
-1.0
0.0
0.0
0.0
0.0
0.0
0.0
0.0
0.0
0.0
0.0
0.0
0.0
0.0
0.0
0.0
0.0
0.0
0.0
-1.0
0.0
0.0
0.0
0.0
1.0
0.0
0.0
0.0
0.0
0.0
0.0
1.0
0.0
0.0
0.0
0.0
0.0
0.0
0.0
0.0
0.0
0.0
0.0
0.0
0.0
0.0
0.0
0.0
0.0
0.0
0.0
0.0
-1.0
0.0
0.0
0.0
0.0
0.0
0.0
0.0
0.0
0.0
0.0
0.0
0.0
0.0
-1.0
-1.0
0.0
0.0
0.0
0.0
0.0
0.0
0.0
0.0
0.0
-1.0
0.0
0.0
0.0
0.0
0.0
0.0
0.0
0.0
0.0
0.0
0.0
-1.0
0.0
0.0
1.0
0.0
0.0
0.0
0.0
0.0
0.0
0.0
0.0
0.0
0.0
0.0
0.0
0.0
0.0
0.0
0.0
-1.0
0.0
-1.0
1.0
0.0
0.0
0.0
0.0
1.0
0.0
0.0
0.0
0.0
0.0
0.0
0.0
0.0
0.0
0.0
0.0
0.0
1.0
0.0
0.0
0.0
-1.0
0.0
0.0
0.0
0.0
0.0
0.0
0.0
0.0
1.0
0.0
0.0
0.0
0.0
0.0
0.0
0.0
0.0
0.0
0.0
0.0
0.0
0.0
0.0
0.0
0.0
0.0
1.0
0.0
0.0
0.0
0.0
0.0
0.0
-1.0
0.0
0.0
0.0
0.0
0.0
0.0
0.0
0.0
0.0
0.0
0.0
0.0
0.0
0.0
0.0
0.0
0.0
0.0
0.0
0.0
0.0
0.0
-1.0
0.0
0.0
0.0
0.0
0.0
0.0
0.0
0.0
0.0
0.0
0.0
0.0
0.0
0.0
0.0
0.0
0.0
0.0
0.0
0.0
0.0
0.0
0.0
-1.0
0.0
0.0
0.0
0.0
0.0
0.0
0.0
0.0
0.0
0.0
0.0
0.0
0.0
0.0
0.0
0.0
0.0
0.0
0.0
0.0
0.0
0.0
0.0
0.0
0.0
-1.0
-1.0
0.0
0.0
0.0
0.0
0.0
0.0
0.0
0.0
0.0
0.0
0.0
0.0
0.0
0.0
0.0
0.0
0.0
0.0
0.0
0.0
0.0
0.0
0.0
0.0
-1.0
0.0
0.0
0.0
0.0
0.0
0.0
0.0
0.0
0.0
0.0
0.0
0.0
0.0
0.0
0.0
0.0
0.0
0.0
0.0
0.0
0.0
0.0
0.0
0.0
0.0
0.0
0.0
0.0
0.0
0.0
0.0
0.0
0.0
0.0
0.0
0.0
0.0
0.0
0.0
0.0
0.0
0.0
0.0
0.0
0.0
0.0
0.0
0.0
0.0
0.0
0.0
0.0
0.0
0.0
0.0
0.0
0.0
0.0
0.0
0.0
0.0
0.0
0.0
0.0
0.0
0.0
0.0
0.0
0.0
0.0
0.0
0.0
0.0
0.0
0.0
0.0
0.0
0.0
0.0
0.0
0.0
0.0
0.0
0.0
0.0
0.0
0.0
0.0
0.0
0.0
0.0
0.0
0.0
0.0
0.0
0.0
0.0
0.0
0.0
0.0
0.0
0.0
0.0
0.0
0.0
0.0
0.0
0.0
0.0
0.0
0.0
0.0
0.0
0.0
0.0
0.0
0.0
0.0
0.0
0.0
0.0
0.0
0.0
0.0
0.0
0.0
0.0
0.0
0.0
0.0
0.0
0.0
0.0
0.0
0.0
0.0
0.0
0.0
0.0
0.0
0.0
0.0
0.0
0.0
0.0
0.0
0.0
0.0
0.0
0.0
0.0
0.0
0.0
0.0
0.0
0.0
0.0
0.0
0.0
0.0
0.0
0.0
0.0
0.0
0.0
0.0
0.0
0.0
100.0
249856.0
9065.0
253952.0
0.0
0.0
0.0
0.0
0.0
0.0
28.0
159744.0
0.0
0.0
0.0
0.0
0.0
0.0
0.0
0.0
0.0
0.0
484.0
250440.0
0.0
0.0
0.0
0.0
