0.0034056583
7.807933e-05
3.6093275e-05
3.8303067e-05
5.9296093e-05
2.8481767e-05
1.6696209e-05
2.1484091e-05
7.046782e-05
1.8537701e-05
2.087026e-05
1.46091825e-05
4.640564e-05
2.2466222e-05
1.20310915e-05
3.388348e-05
4.3704782e-05
1.141726e-05
7.979806e-06
8.839169e-06
1.731004e-05
2.2220689e-05
7.857039e-06
8.3481045e-06
1.5959611e-05
6.5066106e-06
4.296818e-06
9.4530005e-06
1.0803429e-05
6.138312e-06
7.857039e-06
6.874909e-06
6.752143e-05
8.3481045e-06
6.9976754e-06
9.821299e-06
3.228752e-05
8.593636e-06
6.138312e-06
5.4017146e-06
1.043513e-05
8.102572e-06
3.069156e-06
1.09261955e-05
7.243208e-06
6.5066106e-06
2.0624728e-05
6.261078e-06
1.8783234e-05
6.7521432e-06
1.05578965e-05
3.1182626e-05
1.1048962e-05
1.2644922e-05
1.09261955e-05
6.138312e-06
1.38725845e-05
1.1171727e-05
8.593636e-06
2.1852391e-05
1.0680663e-05
8.593636e-06
6.629377e-06
7.243208e-06
0.000111471745
2.4307716e-05
1.239939e-05
1.8660468e-05
3.7812002e-05
5.610417e-05
2.7376871e-05
2.2097924e-05
2.1115793e-05
1.5468546e-05
7.979806e-06
5.8927794e-06
1.5591313e-05
3.7320937e-05
8.961935e-06
1.0312364e-05
4.3213717e-05
1.632791e-05
1.9397066e-05
3.0446026e-05
1.4118117e-05
2.6271975e-05
2.5658144e-05
2.4184948e-05
1.16627925e-05
2.1238558e-05
5.524481e-06
1.05578965e-05
9.698533e-06
1.35042865e-05
1.632791e-05
1.42408835e-05
1.0312364e-05
4.542351e-05
8.593636e-06
1.9519832e-05
2.578091e-05
8.213061e-05
1.9028766e-05
1.46091825e-05
3.0568794e-05
4.174052e-05
2.578091e-05
1.0803429e-05
3.5356676e-05
1.7187273e-05
3.85486e-05
4.542351e-05
3.695264e-05
3.9285196e-06
4.9352027e-05
3.5479443e-05
9.6739794e-05
7.52557e-05
1.6082377e-05
1.4977481e-05
2.0624728e-05
1.1540026e-05
3.6829872e-06
9.4530005e-06
1.0312364e-05
1.8292169e-05
7.979806e-06
7.1204418e-06
3.5111145e-05
1.42408835e-05
7.243208e-06
9.219744e-05
1.7187273e-05
4.3459248e-05
3.4374546e-06
4.4195845e-06
2.2957287e-05
5.0334158e-05
1.7555572e-05
0.00012485326
5.8927794e-06
4.8124366e-05
6.874909e-06
1.0066831e-05
0.9921523
3.069156e-06
2.578091e-06
4.4195845e-06
4.542351e-06
1.3258754e-05
8.3481045e-06
5.4017146e-06
4.296818e-06
2.578091e-06
3.3146885e-06
3.8057533e-06
3.069156e-06
1.5959611e-06
3.9285196e-06
1.6573442e-05
1.2644922e-05
1.09261955e-05
4.665117e-06
8.961935e-06
4.296818e-06
4.4195845e-06
3.6829872e-06
2.4553246e-06
6.629377e-06
2.7008573e-06
3.3146885e-06
2.4553246e-06
3.8057533e-06
2.2097922e-06
2.9463897e-06
1.9642598e-06
6.874909e-06
3.9285196e-06
2.7008573e-06
7.1204418e-06
1.46091825e-05
3.3146885e-06
8.839169e-06
9.575767e-06
8.593636e-06
2.9463897e-06
5.524481e-06
4.7878834e-06
3.6829872e-06
5.4017146e-06
9.084702e-06
5.524481e-06
3.7443704e-05
2.3693883e-05
1.141726e-05
3.228752e-05
2.2711754e-05
3.8057533e-06
1.1785559e-05
2.6271975e-05
1.16627925e-05
1.1048962e-05
3.4374546e-06
4.1740523e-06
1.1908325e-05
3.5602209e-06
4.1740523e-06
5.647247e-06
8.225338e-06
7.3659744e-06
9.207468e-06
6.0155458e-06
4.296818e-06
3.8057533e-06
4.665117e-06
3.6829872e-06
1.1785559e-05
4.665117e-06
5.770013e-06
9.944065e-06
7.979806e-06
4.296818e-06
3.8057533e-06
5.0334156e-06
1.38725845e-05
6.874909e-06
3.4374546e-06
2.578091e-06
9.821299e-06
4.542351e-06
5.0334156e-06
3.069156e-06
5.278948e-05
1.5836844e-05
4.542351e-06
3.8303067e-05
2.2711754e-05
3.4374546e-06
5.4017146e-06
6.138312e-06
2.3080052e-05
5.647247e-06
1.8414936e-06
8.593636e-06
1.8783234e-05
3.1919221e-06
2.0010897e-05
2.6271975e-05
3.523391e-05
1.1294494e-05
5.8927794e-06
8.593636e-06
3.916243e-05
7.3659744e-06
1.2644922e-05
0.0001731004
0.0015088646
0.0
0.0
0.0
0.0
0.0
0.0
0.0
0.0
0.9920785
0.0
0.0
0.0
0.0
0.0
0.0
0.0
0.0
0.0
0.0
0.0
0.0
0.0
0.0
0.0
0.0
0.0
0.0
0.0
0.0
0.0
0.0
0.00011579259
2.0260634e-06
2.148855e-06
1.2279172e-07
3.0697927e-07
3.0697927e-07
1.2279172e-07
2.4558344e-07
1.9032716e-06
6.139586e-08
8.59542e-07
1.2279172e-07
1.8418757e-07
6.1395855e-07
3.0697927e-07
6.1395855e-07
0.0002209023
3.1925845e-06
3.867939e-06
6.7535444e-07
2.2716467e-06
1.289313e-06
4.4818976e-06
6.446565e-06
2.4558342e-06
6.1395855e-07
1.3507089e-06
3.6837514e-07
3.6837514e-07
9.823337e-07
5.525627e-07
1.6576881e-06
0.0
0.0
0.0
0.0
0.0
0.0
0.0
0.0
0.0
0.0
0.0
0.0
0.0
0.0
0.0
0.0
6.6307525e-06
0.0
0.0
0.0
4.113522e-06
1.9646675e-06
1.2279172e-05
6.446565e-06
0.0
9.4304036e-05
0.0
0.0
0.0
0.0
0.0
0.0
0.00033816838
1.5348965e-06
1.6576882e-05
6.937732e-06
2.3760196e-05
1.30159215e-05
6.649171e-05
3.174166e-05
7.981461e-07
6.7535444e-07
4.29771e-07
5.525627e-07
4.911669e-07
5.525627e-07
4.29771e-07
7.981461e-07
0.0003037253
2.7014178e-06
2.148855e-05
8.656816e-06
1.9094112e-05
1.0375899e-05
8.718212e-05
4.1749183e-05
1.289313e-06
1.0437295e-06
9.823337e-07
6.1395855e-07
1.289313e-06
8.59542e-07
4.29771e-07
1.4735006e-06
0.0001526301
2.7014178e-06
8.841003e-06
5.955398e-06
6.2009817e-06
6.876336e-06
2.2962051e-05
1.9094112e-05
6.323773e-06
1.1051254e-06
1.289313e-06
9.2093785e-07
4.9116684e-06
1.4121047e-06
3.008397e-06
7.244711e-06
0.00022507721
3.3153763e-06
1.8295965e-05
1.3261505e-05
3.2908178e-05
1.7006652e-05
7.791134e-05
4.5739915e-05
1.2586151e-05
3.2417014e-05
4.29771e-07
3.069793e-06
3.5609596e-06
1.4121047e-06
2.578626e-06
1.3384297e-05
6.471123e-05
7.981461e-07
2.4558342e-06
6.6307525e-06
6.323773e-06
1.5962922e-06
1.362988e-05
9.516358e-06
7.0605233e-06
6.139586e-08
2.4558344e-07
9.2093785e-07
1.2279171e-06
2.4558344e-07
7.981461e-07
9.516358e-06
0.0
0.0
0.0
0.0
0.0
0.0
0.0
0.0
0.0
0.0
0.0
0.0
0.0
0.0
0.0
0.0
0.00017104886
1.7804798e-05
1.1726609e-05
1.0682879e-05
2.830349e-05
2.5233698e-05
1.8357361e-05
1.9953653e-05
5.7589314e-05
1.1603817e-05
6.2623776e-06
1.0682879e-05
2.2041113e-05
8.718212e-06
2.578626e-05
5.715954e-05
0.0003780143
5.2616248e-05
3.689891e-05
4.5310142e-05
0.00014311374
9.3076116e-05
5.5194876e-05
9.1848204e-05
0.0002105264
2.7382552e-05
1.7436423e-05
2.3698802e-05
8.251603e-05
2.1672737e-05
7.060524e-05
0.00015895387
0.0002873326
5.7343732e-05
4.279291e-05
5.126554e-05
0.0001036976
8.085834e-05
3.186445e-05
8.8532826e-05
0.00016202367
1.9892257e-05
2.3944383e-05
2.6461614e-05
7.7113196e-05
2.682999e-05
6.164144e-05
0.00011579259
0.000103267834
5.052879e-05
5.1940893e-05
4.6906436e-05
6.145726e-05
4.89325e-05
7.7849945e-05
5.556325e-05
4.1258016e-05
2.6338823e-05
2.4374156e-05
3.481145e-05
3.1066305e-05
3.7144495e-05
3.143468e-05
3.155747e-05
440.0
13.263637
5836.0
0.054660726
0.0029129542
0.0010281014
0.0011994516
0.0013708019
0.0017135025
0.0005140507
0.0013708019
0.005140507
0.0044551063
0.0011994516
0.0018848527
0.0011994516
0.003427005
0.019876627
0.0015421521
0.008738862
0.0030843043
0.0066826595
0.012165867
0.0032556546
0.0039410554
0.0053118574
0.0023989032
0.004283756
0.0011994516
0.0017135025
0.0008567512
0.0008567512
0.00068540097
0.00068540097
0.0013708019
0.0030843043
0.016106922
0.005140507
0.010795065
0.012679918
0.010109664
0.009938314
0.010109664
0.007710761
0.0047978065
0.0015421521
0.0029129542
0.0061686086
0.008224811
0.0029129542
0.004283756
0.0119945165
0.0005140507
0.009081563
0.014050719
0.006339959
0.0037697053
0.0058259084
0.009938314
0.0022275532
0.0013708019
0.0010281014
0.0018848527
0.003598355
0.0013708019
0.00068540097
0.0017135025
0.0020562029
0.047806717
0.005140507
0.018505827
0.020733379
0.09784099
0.008738862
0.011823166
0.012679918
0.046778616
0.0017135025
0.0058259084
0.03598355
0.014050719
0.04215216
0.049006168
0.019362576
0.0005140507
0.047464017
0.03461275
0.05106237
0.02141878
0.0073680603
0.008053461
0.017649075
0.00685401
0.0020562029
0.0070253597
0.00034270048
0.00068540097
0.00068540097
0.0013708019
5.5259943
1.0
0.0
0.0
1.0
8145562.0
69632.0
0.0
0.0
3.0
0.0
1.0
0.0
0.0
0.0
1083884500.0
0.0
0.0
0.0
0.0
0.0
1.0
0.0
0.0
0.0
0.0
0.0
0.0
-1.0
0.0
-1.0
-1.0
0.0
0.0
0.0
0.0
0.0
0.0
0.0
0.0
0.0
0.0
0.0
0.0
-1.0
0.0
0.0
0.0
0.0
0.0
0.0
0.0
0.0
0.0
0.0
0.0
0.0
-1.0
0.0
0.0
0.0
0.0
0.0
0.0
0.0
0.0
0.0
0.0
6.0
0.0
4.0
0.0
4.0
0.0
20480.0
4096.0
4096.0
4.0
0.0
0.0
4.0
4.0
0.0
0.0
0.0
0.0
0.0
0.0
0.0
0.0
0.0
0.0
0.0
0.0
0.0
0.0
0.0
0.0
0.0
0.0
0.0
1024.0
0.0
0.0
0.0
0.0
0.0
0.0
0.0
0.0
0.0
0.0
0.0
0.0
0.0
-36864.0
0.0
0.0
0.0
0.0
0.0
-18944.0
0.0
0.0
0.0
3072.0
0.0
0.0
0.0
0.0
0.0
0.0
0.0
0.0
0.0
0.0
0.0
0.0
0.0
0.0
0.0
0.0
0.0
0.0
0.0
0.0
0.0
0.0
0.0
0.0
0.0
4.409516
0.0
0.0
0.0
0.0
0.0
0.0
0.0
0.0
0.0
0.0
0.0
0.0
0.0
-5.6700864
0.0
0.0
0.0
0.0
0.0
-3.2757804
0.0
0.0
0.0
3.533309
0.0
0.0
0.0
0.0
0.0
0.0
0.0
0.0
0.0
0.0
0.0
0.0
0.0
0.0
0.0
0.0
0.0
0.0
0.0
0.0
0.0
0.0
0.0
0.0
0.0
1194.0
0.0
0.0
0.0
0.0
0.0
0.0
0.0
0.0
0.0
0.0
0.0
0.0
0.0
-36864.0
0.0
0.0
0.0
0.0
0.0
-20480.0
0.0
0.0
0.0
4096.0
0.0
0.0
0.0
0.0
0.0
0.0
0.0
0.0
1.0
0.0
0.0
0.0
0.0
0.0
-1.0
1.0
0.0
0.0
0.0
1.0
0.0
0.0
0.0
0.0
0.0
0.0
0.0
0.0
0.0
0.0
0.0
0.0
0.0
0.0
0.0
1.0
0.0
-2.0
0.0
0.0
0.0
0.0
0.0
0.0
0.0
0.0
0.0
0.0
1.0
0.0
0.0
0.0
0.0
0.0
0.0
0.0
0.0
0.0
0.0
0.0
0.0
0.0
0.0
0.0
0.0
0.0
0.0
0.0
0.0
-1.0
0.0
0.0
0.0
0.0
0.0
0.0
0.0
0.0
0.0
1.0
0.0
0.0
0.0
0.0
1.0
0.0
0.0
0.0
0.0
0.0
0.0
0.0
0.0
1.0
0.0
0.0
0.0
0.0
0.0
0.0
0.0
0.0
0.0
0.0
0.0
0.0
0.0
0.0
0.0
0.0
0.0
0.0
0.0
0.0
0.0
0.0
0.0
0.0
0.0
0.0
0.0
0.0
0.0
0.0
0.0
0.0
0.0
0.0
0.0
0.0
0.0
0.0
0.0
0.0
0.0
0.0
-1.0
0.0
0.0
0.0
0.0
0.0
0.0
0.0
0.0
0.0
0.0
0.0
0.0
0.0
0.0
0.0
0.0
0.0
0.0
0.0
0.0
0.0
0.0
0.0
0.0
0.0
0.0
0.0
0.0
0.0
0.0
0.0
0.0
0.0
0.0
0.0
0.0
0.0
0.0
0.0
0.0
0.0
0.0
0.0
0.0
0.0
0.0
0.0
0.0
0.0
0.0
0.0
0.0
0.0
0.0
0.0
0.0
0.0
0.0
0.0
0.0
0.0
0.0
0.0
0.0
0.0
0.0
0.0
0.0
0.0
-1.0
0.0
0.0
0.0
0.0
0.0
0.0
0.0
0.0
0.0
0.0
0.0
0.0
0.0
0.0
0.0
0.0
1.0
0.0
0.0
0.0
0.0
0.0
0.0
0.0
0.0
0.0
0.0
0.0
0.0
0.0
0.0
0.0
0.0
0.0
0.0
0.0
0.0
0.0
0.0
0.0
0.0
0.0
0.0
0.0
0.0
0.0
0.0
0.0
0.0
0.0
0.0
0.0
0.0
0.0
0.0
0.0
0.0
0.0
0.0
0.0
0.0
0.0
0.0
0.0
0.0
0.0
0.0
0.0
0.0
0.0
0.0
0.0
0.0
0.0
0.0
0.0
0.0
0.0
0.0
0.0
0.0
0.0
0.0
0.0
0.0
0.0
0.0
0.0
0.0
0.0
0.0
0.0
0.0
0.0
0.0
0.0
0.0
0.0
0.0
0.0
0.0
0.0
0.0
0.0
0.0
0.0
0.0
0.0
0.0
0.0
0.0
0.0
0.0
0.0
0.0
0.0
0.0
0.0
0.0
0.0
0.0
0.0
0.0
0.0
0.0
0.0
0.0
0.0
0.0
0.0
0.0
0.0
0.0
0.0
0.0
0.0
0.0
0.0
0.0
0.0
0.0
0.0
0.0
0.0
0.0
0.0
0.0
0.0
0.0
0.0
0.0
0.0
0.0
0.0
0.0
0.0
0.0
0.0
0.0
0.0
0.0
0.0
0.0
0.0
0.0
0.0
0.0
0.0
0.0
0.0
0.0
0.0
0.0
0.0
0.0
0.0
0.0
0.0
0.0
0.0
0.0
0.0
0.0
0.0
0.0
0.0
0.0
0.0
0.0
0.0
0.0
0.0
0.0
0.0
0.0
0.0
0.0
-1.0
0.0
0.0
0.0
0.0
0.0
0.0
0.0
0.0
0.0
0.0
0.0
0.0
0.0
0.0
0.0
0.0
0.0
0.0
0.0
0.0
0.0
0.0
0.0
0.0
0.0
0.0
0.0
0.0
0.0
0.0
0.0
0.0
0.0
0.0
0.0
0.0
0.0
0.0
0.0
0.0
0.0
1.0
0.0
0.0
0.0
0.0
0.0
0.0
0.0
0.0
0.0
0.0
0.0
0.0
0.0
0.0
0.0
0.0
0.0
0.0
0.0
0.0
0.0
0.0
0.0
0.0
0.0
0.0
0.0
0.0
0.0
0.0
0.0
0.0
0.0
0.0
0.0
0.0
0.0
0.0
0.0
0.0
0.0
0.0
0.0
0.0
0.0
0.0
0.0
0.0
0.0
0.0
0.0
0.0
0.0
0.0
0.0
0.0
0.0
0.0
0.0
0.0
0.0
0.0
0.0
0.0
0.0
0.0
0.0
0.0
0.0
0.0
0.0
0.0
0.0
0.0
0.0
0.0
0.0
0.0
0.0
0.0
0.0
0.0
0.0
0.0
0.0
0.0
0.0
0.0
0.0
0.0
0.0
0.0
0.0
0.0
0.0
0.0
0.0
0.0
0.0
0.0
0.0
0.0
0.0
0.0
0.0
0.0
0.0
0.0
0.0
0.0
0.0
0.0
0.0
0.0
0.0
0.0
0.0
0.0
0.0
0.0
0.0
0.0
0.0
0.0
0.0
0.0
0.0
0.0
0.0
0.0
0.0
0.0
0.0
0.0
0.0
0.0
0.0
0.0
0.0
0.0
0.0
0.0
0.0
0.0
0.0
0.0
0.0
0.0
0.0
0.0
0.0
0.0
0.0
0.0
0.0
0.0
0.0
0.0
0.0
0.0
0.0
0.0
0.0
0.0
0.0
0.0
0.0
0.0
0.0
0.0
0.0
0.0
0.0
0.0
0.0
0.0
0.0
0.0
0.0
0.0
0.0
0.0
0.0
0.0
0.0
0.0
0.0
0.0
0.0
0.0
0.0
0.0
0.0
0.0
0.0
0.0
0.0
0.0
0.0
0.0
0.0
0.0
0.0
0.0
0.0
0.0
0.0
0.0
0.0
0.0
0.0
0.0
0.0
0.0
0.0
0.0
0.0
0.0
0.0
0.0
0.0
0.0
0.0
0.0
0.0
0.0
0.0
0.0
0.0
0.0
0.0
0.0
0.0
0.0
0.0
0.0
0.0
0.0
0.0
0.0
0.0
0.0
0.0
0.0
0.0
0.0
0.0
0.0
0.0
0.0
0.0
0.0
0.0
0.0
0.0
0.0
0.0
0.0
0.0
0.0
0.0
0.0
0.0
0.0
0.0
0.0
0.0
0.0
0.0
0.0
0.0
0.0
0.0
0.0
0.0
0.0
0.0
0.0
0.0
0.0
0.0
0.0
0.0
0.0
0.0
0.0
0.0
0.0
0.0
0.0
0.0
0.0
0.0
0.0
0.0
0.0
0.0
0.0
0.0
0.0
0.0
0.0
0.0
0.0
0.0
0.0
0.0
0.0
0.0
0.0
0.0
0.0
0.0
0.0
0.0
0.0
0.0
0.0
0.0
0.0
0.0
0.0
0.0
0.0
1.0
0.0
0.0
0.0
0.0
0.0
0.0
0.0
0.0
0.0
0.0
0.0
0.0
0.0
0.0
0.0
0.0
0.0
0.0
0.0
0.0
0.0
0.0
0.0
0.0
0.0
0.0
0.0
0.0
0.0
0.0
0.0
0.0
0.0
0.0
0.0
0.0
0.0
0.0
0.0
0.0
0.0
0.0
0.0
0.0
0.0
0.0
0.0
0.0
0.0
0.0
0.0
0.0
0.0
0.0
0.0
0.0
0.0
0.0
0.0
0.0
0.0
0.0
0.0
0.0
0.0
0.0
0.0
0.0
0.0
0.0
0.0
0.0
0.0
0.0
0.0
0.0
0.0
0.0
0.0
0.0
0.0
0.0
0.0
0.0
0.0
0.0
0.0
0.0
0.0
0.0
0.0
0.0
0.0
0.0
0.0
0.0
0.0
0.0
0.0
0.0
0.0
0.0
0.0
0.0
0.0
0.0
0.0
0.0
0.0
0.0
0.0
0.0
0.0
0.0
0.0
0.0
0.0
0.0
0.0
0.0
0.0
0.0
0.0
0.0
0.0
0.0
0.0
0.0
0.0
0.0
0.0
0.0
0.0
0.0
0.0
0.0
0.0
0.0
0.0
0.0
0.0
0.0
0.0
0.0
0.0
0.0
0.0
0.0
0.0
0.0
0.0
0.0
0.0
0.0
0.0
0.0
0.0
0.0
0.0
0.0
0.0
0.0
0.0
0.0
0.0
0.0
0.0
0.0
0.0
0.0
0.0
0.0
0.0
0.0
0.0
0.0
0.0
0.0
0.0
0.0
0.0
0.0
0.0
0.0
0.0
0.0
0.0
0.0
0.0
0.0
0.0
0.0
0.0
0.0
0.0
0.0
0.0
0.0
0.0
0.0
0.0
0.0
0.0
0.0
0.0
0.0
0.0
0.0
0.0
0.0
0.0
0.0
0.0
0.0
0.0
0.0
0.0
0.0
0.0
0.0
0.0
0.0
0.0
0.0
0.0
0.0
0.0
0.0
0.0
0.0
0.0
0.0
0.0
0.0
0.0
0.0
0.0
0.0
0.0
0.0
0.0
0.0
0.0
0.0
0.0
0.0
0.0
0.0
0.0
0.0
0.0
0.0
0.0
0.0
0.0
0.0
0.0
0.0
0.0
0.0
0.0
0.0
0.0
0.0
0.0
0.0
0.0
0.0
0.0
0.0
0.0
0.0
0.0
0.0
0.0
0.0
0.0
0.0
0.0
0.0
0.0
0.0
0.0
0.0
0.0
0.0
0.0
0.0
0.0
0.0
0.0
0.0
0.0
0.0
0.0
0.0
0.0
0.0
0.0
0.0
0.0
0.0
0.0
0.0
0.0
0.0
0.0
0.0
0.0
0.0
0.0
0.0
0.0
0.0
0.0
0.0
0.0
0.0
0.0
0.0
0.0
0.0
0.0
0.0
0.0
0.0
0.0
0.0
0.0
0.0
0.0
0.0
0.0
0.0
0.0
0.0
0.0
0.0
0.0
0.0
0.0
0.0
0.0
0.0
0.0
0.0
0.0
0.0
0.0
0.0
0.0
0.0
0.0
0.0
0.0
0.0
0.0
0.0
0.0
0.0
0.0
0.0
0.0
0.0
0.0
0.0
0.0
0.0
0.0
0.0
0.0
0.0
0.0
0.0
0.0
0.0
0.0
0.0
0.0
0.0
0.0
0.0
0.0
0.0
0.0
0.0
0.0
0.0
0.0
0.0
0.0
0.0
0.0
0.0
0.0
0.0
0.0
0.0
0.0
0.0
0.0
0.0
0.0
0.0
0.0
0.0
0.0
0.0
0.0
0.0
0.0
0.0
0.0
0.0
0.0
0.0
0.0
0.0
0.0
0.0
0.0
0.0
0.0
0.0
0.0
0.0
0.0
0.0
0.0
0.0
0.0
0.0
0.0
0.0
0.0
0.0
0.0
0.0
0.0
0.0
0.0
0.0
0.0
0.0
0.0
0.0
0.0
0.0
0.0
0.0
0.0
0.0
0.0
0.0
0.0
0.0
0.0
0.0
0.0
0.0
0.0
0.0
0.0
0.0
0.0
0.0
0.0
0.0
0.0
0.0
0.0
0.0
0.0
0.0
0.0
0.0
0.0
0.0
0.0
0.0
0.0
0.0
0.0
0.0
0.0
0.0
0.0
0.0
0.0
0.0
0.0
0.0
0.0
0.0
0.0
0.0
0.0
0.0
0.0
0.0
0.0
0.0
0.0
0.0
0.0
0.0
0.0
0.0
0.0
0.0
0.0
0.0
0.0
0.0
0.0
0.0
0.0
0.0
0.0
0.0
0.0
0.0
0.0
0.0
0.0
0.0
0.0
0.0
0.0
0.0
0.0
0.0
0.0
0.0
0.0
0.0
0.0
0.0
0.0
0.0
0.0
0.0
0.0
0.0
0.0
0.0
0.0
0.0
0.0
0.0
0.0
0.0
0.0
0.0
0.0
0.0
0.0
0.0
0.0
0.0
0.0
0.0
0.0
0.0
0.0
0.0
0.0
0.0
0.0
0.0
0.0
0.0
0.0
0.0
0.0
0.0
0.0
0.0
0.0
0.0
0.0
0.0
0.0
0.0
0.0
0.0
0.0
0.0
0.0
0.0
0.0
0.0
0.0
0.0
0.0
0.0
0.0
0.0
0.0
0.0
0.0
0.0
0.0
0.0
0.0
0.0
0.0
0.0
0.0
0.0
0.0
0.0
0.0
0.0
0.0
0.0
0.0
0.0
0.0
0.0
0.0
0.0
0.0
0.0
0.0
0.0
0.0
0.0
0.0
0.0
0.0
0.0
0.0
0.0
0.0
0.0
0.0
0.0
0.0
0.0
0.0
0.0
0.0
0.0
0.0
0.0
0.0
0.0
0.0
0.0
0.0
0.0
0.0
0.0
0.0
0.0
0.0
0.0
0.0
0.0
0.0
0.0
0.0
0.0
0.0
0.0
0.0
0.0
0.0
0.0
0.0
0.0
0.0
0.0
0.0
0.0
0.0
0.0
0.0
0.0
0.0
0.0
0.0
0.0
0.0
0.0
0.0
0.0
0.0
0.0
0.0
0.0
0.0
0.0
0.0
0.0
0.0
0.0
0.0
0.0
0.0
0.0
0.0
0.0
0.0
0.0
0.0
0.0
0.0
0.0
0.0
0.0
0.0
0.0
0.0
0.0
0.0
0.0
0.0
0.0
0.0
0.0
0.0
0.0
0.0
0.0
0.0
0.0
0.0
0.0
0.0
0.0
0.0
0.0
0.0
0.0
0.0
0.0
0.0
0.0
0.0
0.0
0.0
0.0
80.0
65536.0
2392.0
61440.0
0.0
0.0
0.0
0.0
0.0
0.0
0.0
0.0
0.0
0.0
0.0
0.0
0.0
0.0
0.0
0.0
0.0
0.0
0.0
0.0
0.0
0.0
0.0
0.0
