0.03414262
0.007298964
0.0065951687
0.006234726
0.006753639
0.0064133937
0.0063761063
0.006194331
0.0073176073
0.0061259717
0.006226958
0.0061446154
0.006820445
0.0061632586
0.0061011133
0.006820445
0.0066324556
0.006262691
0.006034307
0.006192778
0.0065035042
0.0063931965
0.005981484
0.005900695
0.006226958
0.005989252
0.005967501
0.005900695
0.006146169
0.006226958
0.0060513974
0.005981484
0.006020325
0.005892927
0.005899141
0.0059302137
0.006512826
0.0062020994
0.006102667
0.0060032345
0.0059706084
0.006127525
0.0059861448
0.006129079
0.0062518157
0.0058525326
0.006121311
0.0058975876
0.0062191896
0.0065438985
0.00637766
0.006136847
0.006293764
0.006085577
0.0063310512
0.0062160823
0.006174134
0.0065438985
0.0061570443
0.0061228643
0.005993913
0.0059768227
0.0059581795
0.0060622725
0.0065982756
0.005156505
0.0027934306
0.0032222332
0.002892863
0.0055775396
0.002843147
0.00270332
0.0027545898
0.0027639116
0.0026784618
0.0026846763
0.002813628
0.0028245032
0.0028819877
0.0027545898
0.0041202325
0.0026178702
0.0028586832
0.0033698282
0.0029674375
0.003421098
0.0030808526
0.0028571296
0.0027110882
0.002914614
0.0027980916
0.0028819877
0.0027297316
0.0030622089
0.002762358
0.0027639116
0.0025666002
0.004642253
0.003209804
0.0034956723
0.0034832433
0.005217097
0.0033682745
0.0033356482
0.0035096551
0.004121786
0.0032408766
0.003045119
0.0037830942
0.0033729353
0.004129554
0.0041466444
0.003243984
0.0026458355
0.004472907
0.0041124644
0.0044061006
0.0040441044
0.0028866485
0.002897524
0.002863344
0.0031461052
0.0026893374
0.0026411747
0.0027110882
0.0029037385
0.0026660329
0.002745268
0.0031119252
0.0026644792
0.0025230986
0.004311329
0.0027592508
0.0035329596
0.0025308668
0.0025899047
0.0027343926
0.0051347543
0.00270332
0.005574432
0.002673801
0.0034708143
0.0025774757
0.0026178702
0.0049700695
0.0025603857
0.002526206
0.0025836902
0.0025774757
0.002673801
0.0024764896
0.0026504965
0.0025961194
0.0026536037
0.002512223
0.0026287455
0.0026536037
0.0025836902
0.0025619394
0.0025697076
0.0025976729
0.0028291643
0.002619424
0.0026427284
0.002622531
0.0025339741
0.002605441
0.002610102
0.0026116557
0.002492026
0.002568154
0.002610102
0.002622531
0.002575922
0.0025339741
0.0025495104
0.0026473892
0.0025572786
0.002602334
0.0026334065
0.0025821365
0.002572815
0.0028617904
0.0026846763
0.0027110882
0.0026116557
0.0026349602
0.0026302992
0.0027561435
0.002593012
0.0026256384
0.0027141953
0.0034412951
0.0028229496
0.0028726659
0.00308396
0.0030062783
0.0025976729
0.0028229496
0.0032035895
0.0028011987
0.0025417423
0.002745268
0.0025697076
0.0028120743
0.0026147629
0.0025572786
0.0026318529
0.0028897559
0.0026971055
0.0027017663
0.0026955518
0.0027297316
0.0026536037
0.0026458355
0.0026815692
0.002956562
0.0026893374
0.0028074132
0.002791877
0.0027592508
0.0027903235
0.0026116557
0.0026302992
0.003337202
0.002619424
0.0027841087
0.0026287455
0.0027825553
0.0028151814
0.0026815692
0.0026660329
0.0035640323
0.0029285967
0.0027359463
0.0033356482
0.0031274615
0.0025976729
0.0026240847
0.0026660329
0.0029922954
0.0026908908
0.0026644792
0.0027390535
0.0028182887
0.002627192
0.0027406071
0.0029363649
0.0033263264
0.0028291643
0.0027545898
0.0027297316
0.0033403093
0.002791877
0.002808967
0.0053072073
0.0
0.0
0.0
0.0
0.0
0.0
0.0
0.0
0.0
0.0
0.0
0.0
0.0
0.0
0.0
0.0
0.0
0.0
0.0
0.0
0.0
0.0
0.0
0.0
0.0
0.0
0.0
0.0
0.0
0.0
0.0
0.0
0.0
0.0
0.0
0.0
0.0
0.0
0.0
0.0
0.0
0.0
0.0
0.0
0.0
0.0
0.0
0.0
0.0014266846
3.5044108e-05
1.5575159e-06
6.2300637e-06
5.6070574e-05
3.037156e-05
7.787579e-06
2.3362738e-06
7.7875796e-07
7.7875796e-07
0.0
1.869019e-05
0.0
1.5575159e-06
7.0088217e-06
0.0
0.0013768441
5.4513057e-06
1.3238886e-05
6.2300637e-06
3.037156e-05
2.2583981e-05
6.074312e-05
2.0247708e-05
7.0088217e-06
9.345095e-06
2.3362738e-06
5.4513057e-06
1.2460127e-05
4.6725477e-06
4.6725477e-06
1.3238886e-05
0.0010887036
0.0
0.0
5.8406848e-05
4.594672e-05
1.6353917e-05
0.004843096
0.0019219747
0.0
0.0
0.0
0.0
0.0
0.0
0.0
0.0
0.0033953849
7.7875796e-07
7.0088216e-05
0.00018145061
0.00023985746
0.00018690192
0.0045899996
0.0024671052
1.5575159e-06
2.3362738e-06
7.7875796e-07
7.7875796e-07
2.4920255e-05
7.7875796e-07
7.7875796e-07
7.7875796e-07
0.00081769587
0.0
0.0
0.00059419236
2.336274e-05
1.0902611e-05
0.002290327
0.0010482082
0.0
0.0
0.0
0.0
0.0
0.0
0.0
0.0
0.0034966234
8.2548344e-05
7.865456e-05
0.0002795741
0.0018145061
0.0009672174
0.0004166355
0.00017522054
5.8406848e-05
4.2052932e-05
3.5044108e-05
5.8406848e-05
0.00014251271
0.00022895484
4.4389206e-05
5.37343e-05
0.0029102184
0.00024453
8.722089e-05
0.00052877667
0.0013114284
0.00031461823
0.0023767694
0.0010832524
6.619443e-05
6.152188e-05
5.4513057e-05
5.9185608e-05
0.00017755682
0.00012538003
5.4513057e-05
0.00011369866
0.0015139055
0.00010123854
8.9557165e-05
8.021207e-05
0.00092049193
8.722089e-05
0.00054746686
0.0002593264
7.631828e-05
6.541567e-05
6.619443e-05
6.541567e-05
6.3079395e-05
6.3079395e-05
0.0004618035
0.00032396332
0.004910069
0.00027490157
0.00035121985
0.00038860022
0.0025597773
0.0003169545
0.0009641024
0.0006409178
0.00037536136
0.00022661858
0.00018845942
0.00023284863
0.00025543262
0.0010482082
0.00078498805
0.0008356073
0.0010217305
7.553952e-05
0.000116813695
0.00013083134
0.00029203424
0.00013784016
0.00014484898
0.00010435357
0.000341096
6.930946e-05
4.672548e-05
6.619443e-05
9.6565986e-05
2.5699013e-05
0.0003037156
0.00021649472
0.006962875
0.0013270036
0.0005575907
0.00073436875
0.00280898
0.002287212
0.0007927756
0.0011323141
0.004839981
0.0010411994
0.00023985746
0.0005241041
0.0017257277
0.00074449263
0.0018557803
0.002728768
0.007972924
0.001612029
0.0010645621
0.0009360671
0.0032793498
0.0028300064
0.0012086324
0.0015520647
0.0051468113
0.0017763469
0.0004189718
0.00081769587
0.0020894078
0.0008729877
0.0018409839
0.0032637746
0.094572365
0.0946814
0.094490595
0.09534334
0.040595874
0.040714245
0.040458813
0.040701006
0.04058497
0.04048685
0.040577184
0.040577963
0.040553823
0.040638708
0.040532794
0.040518776
5904.0
6.223577
36744.0
0.009579795
0.00955258
0.008572828
0.009362073
0.009498149
0.009879164
0.009715872
0.0093076425
0.008981058
0.009253211
0.00914435
0.010124102
0.008545613
0.008844982
0.010341825
0.009117135
0.012110821
0.01200196
0.012491835
0.010341825
0.010396255
0.010069671
0.010858916
0.009770303
0.01036904
0.010886131
0.01036904
0.0096070105
0.009062704
0.008844982
0.008736121
0.008028521
0.0045993906
0.009579795
0.0050348355
0.008246244
0.00664054
0.009225996
0.005633573
0.005715219
0.0051709125
0.0065316786
0.0048715435
0.0048443284
0.005905726
0.0067494013
0.008600043
0.007212062
0.008082952
0.0046538212
0.007946876
0.009525364
0.008627259
0.0063683866
0.006803832
0.0064228172
0.00454496
0.0046538212
0.0046266057
0.0038645766
0.0048715435
0.004163945
0.004898759
0.0041911607
0.0042728065
0.03606031
0.013607664
0.017472241
0.016846288
0.046374917
0.0090082735
0.01287285
0.0146418465
0.027460266
0.006041803
0.009661442
0.020955803
0.0155127365
0.02860331
0.026589375
0.012682343
0.0050348355
0.033692576
0.02707925
0.025500761
0.014233616
0.0077563683
0.008409536
0.007157631
0.012546266
0.0051709125
0.0042728065
0.0046810363
0.004000653
0.004381668
0.0048443284
6.316043
2.0
0.0
0.0
4.0
643653.0
98304.0
0.0
0.0
6.0
0.0
0.0
0.0
0.0
0.0
1141321900.0
0.0
0.0
0.0
0.0
0.0
1.0
0.0
0.0
0.0
0.0
0.0
0.0
-1.0
0.0
-1.0
-1.0
0.0
0.0
0.0
0.0
0.0
0.0
0.0
0.0
0.0
0.0
0.0
0.0
-1.0
0.0
0.0
0.0
0.0
0.0
0.0
0.0
0.0
0.0
0.0
0.0
0.0
-1.0
0.0
0.0
0.0
0.0
0.0
0.0
0.0
0.0
0.0
0.0
2.0
50.0
4.0
0.0
4.0
0.0
42496.0
4096.0
4096.0
3.0
0.0
0.0
1.0
1.0
0.0
0.0
0.0
0.0
0.0
0.0
0.0
0.0
0.0
0.0
0.0
0.0
0.0
0.0
26112.0
0.0
0.0
0.0
0.0
0.0
0.0
0.0
0.0
0.0
0.0
0.0
0.0
0.0
0.0
0.0
0.0
0.0
-16384.0
0.0
0.0
0.0
0.0
0.0
0.0
0.0
0.0
-42496.0
0.0
0.0
0.0
0.0
0.0
0.0
0.0
0.0
0.0
0.0
0.0
0.0
0.0
0.0
0.0
0.0
0.0
0.0
0.0
0.0
0.0
0.0
5.2029037
0.0
0.0
0.0
0.0
0.0
0.0
0.0
0.0
0.0
0.0
0.0
0.0
0.0
0.0
0.0
0.0
0.0
-4.861479
0.0
0.0
0.0
0.0
0.0
0.0
0.0
0.0
-6.4578476
0.0
0.0
0.0
0.0
0.0
0.0
0.0
0.0
0.0
0.0
0.0
0.0
0.0
0.0
0.0
0.0
0.0
0.0
0.0
0.0
0.0
0.0
25860.0
0.0
0.0
0.0
0.0
0.0
0.0
0.0
0.0
0.0
0.0
0.0
0.0
0.0
0.0
0.0
0.0
0.0
-16832.0
0.0
0.0
0.0
0.0
0.0
0.0
0.0
0.0
-42342.0
0.0
0.0
0.0
0.0
0.0
0.0
0.0
0.0
0.0
0.0
0.0
-1.0
0.0
0.0
0.0
0.0
0.0
1.0
0.0
0.0
0.0
0.0
0.0
0.0
0.0
0.0
0.0
0.0
0.0
0.0
0.0
0.0
0.0
0.0
0.0
0.0
0.0
0.0
0.0
0.0
0.0
0.0
0.0
0.0
0.0
0.0
0.0
-2.0
0.0
0.0
0.0
1.0
0.0
0.0
0.0
0.0
0.0
0.0
0.0
0.0
0.0
0.0
0.0
0.0
0.0
0.0
0.0
0.0
0.0
0.0
0.0
-1.0
0.0
0.0
0.0
0.0
0.0
0.0
0.0
0.0
0.0
1.0
0.0
0.0
0.0
0.0
1.0
0.0
0.0
0.0
0.0
0.0
0.0
0.0
0.0
0.0
0.0
0.0
0.0
0.0
0.0
0.0
0.0
0.0
0.0
0.0
0.0
0.0
0.0
0.0
0.0
0.0
0.0
0.0
0.0
0.0
0.0
0.0
0.0
0.0
0.0
0.0
0.0
0.0
0.0
0.0
0.0
0.0
0.0
0.0
0.0
0.0
0.0
0.0
0.0
0.0
0.0
0.0
-1.0
0.0
0.0
0.0
0.0
0.0
0.0
0.0
0.0
0.0
0.0
0.0
0.0
0.0
0.0
0.0
0.0
0.0
0.0
0.0
0.0
-1.0
0.0
0.0
0.0
0.0
0.0
0.0
0.0
0.0
0.0
0.0
0.0
0.0
0.0
0.0
0.0
0.0
0.0
0.0
0.0
0.0
0.0
0.0
0.0
0.0
0.0
0.0
0.0
0.0
0.0
0.0
0.0
0.0
0.0
0.0
0.0
0.0
0.0
0.0
0.0
0.0
0.0
0.0
0.0
0.0
0.0
0.0
0.0
0.0
-1.0
0.0
0.0
0.0
0.0
0.0
0.0
0.0
0.0
0.0
0.0
0.0
0.0
0.0
0.0
0.0
0.0
1.0
0.0
0.0
0.0
0.0
0.0
0.0
0.0
0.0
0.0
0.0
0.0
0.0
0.0
0.0
0.0
0.0
0.0
0.0
0.0
0.0
0.0
0.0
0.0
0.0
0.0
0.0
0.0
0.0
0.0
0.0
0.0
0.0
0.0
0.0
0.0
0.0
0.0
0.0
0.0
0.0
0.0
0.0
0.0
0.0
0.0
0.0
0.0
0.0
0.0
0.0
0.0
0.0
0.0
0.0
0.0
0.0
0.0
0.0
0.0
0.0
0.0
0.0
0.0
0.0
0.0
0.0
0.0
0.0
0.0
0.0
0.0
0.0
0.0
0.0
0.0
0.0
0.0
0.0
0.0
0.0
0.0
0.0
0.0
0.0
0.0
0.0
0.0
0.0
0.0
0.0
0.0
0.0
0.0
0.0
0.0
0.0
0.0
0.0
0.0
0.0
1.0
0.0
0.0
0.0
0.0
0.0
0.0
0.0
0.0
0.0
0.0
0.0
0.0
-1.0
0.0
0.0
0.0
0.0
0.0
0.0
0.0
0.0
0.0
0.0
0.0
0.0
0.0
0.0
0.0
0.0
0.0
0.0
0.0
0.0
0.0
0.0
0.0
0.0
0.0
0.0
0.0
0.0
0.0
0.0
0.0
0.0
0.0
0.0
0.0
0.0
0.0
0.0
0.0
0.0
0.0
0.0
0.0
0.0
0.0
0.0
0.0
0.0
0.0
0.0
0.0
0.0
0.0
0.0
0.0
0.0
0.0
0.0
0.0
0.0
0.0
0.0
0.0
0.0
0.0
0.0
0.0
0.0
0.0
0.0
0.0
0.0
0.0
0.0
0.0
0.0
0.0
0.0
0.0
0.0
0.0
0.0
0.0
0.0
0.0
0.0
0.0
0.0
0.0
0.0
0.0
0.0
0.0
0.0
0.0
0.0
0.0
0.0
0.0
0.0
0.0
0.0
0.0
0.0
0.0
0.0
0.0
0.0
0.0
0.0
0.0
0.0
0.0
0.0
0.0
0.0
0.0
0.0
0.0
0.0
0.0
0.0
0.0
0.0
0.0
0.0
0.0
0.0
0.0
0.0
0.0
0.0
0.0
0.0
0.0
0.0
0.0
0.0
0.0
0.0
0.0
0.0
0.0
0.0
0.0
0.0
0.0
0.0
0.0
0.0
0.0
0.0
0.0
0.0
0.0
0.0
0.0
0.0
0.0
0.0
0.0
0.0
0.0
0.0
0.0
0.0
0.0
0.0
0.0
0.0
0.0
0.0
0.0
0.0
0.0
0.0
0.0
0.0
0.0
0.0
0.0
0.0
0.0
0.0
0.0
0.0
0.0
0.0
0.0
0.0
0.0
0.0
0.0
0.0
0.0
0.0
0.0
0.0
0.0
0.0
0.0
0.0
0.0
0.0
0.0
0.0
0.0
0.0
0.0
0.0
0.0
0.0
0.0
0.0
0.0
0.0
1.0
0.0
0.0
0.0
0.0
0.0
0.0
0.0
0.0
0.0
0.0
0.0
0.0
0.0
0.0
0.0
0.0
0.0
0.0
0.0
0.0
0.0
0.0
0.0
0.0
0.0
0.0
0.0
0.0
0.0
0.0
0.0
0.0
0.0
0.0
0.0
0.0
0.0
0.0
0.0
0.0
0.0
0.0
0.0
0.0
0.0
0.0
0.0
0.0
0.0
0.0
0.0
0.0
0.0
0.0
0.0
0.0
0.0
0.0
0.0
0.0
0.0
0.0
0.0
0.0
0.0
0.0
0.0
0.0
0.0
0.0
0.0
0.0
0.0
0.0
0.0
0.0
0.0
0.0
0.0
0.0
0.0
0.0
0.0
0.0
0.0
0.0
0.0
0.0
0.0
0.0
0.0
0.0
0.0
0.0
0.0
0.0
0.0
0.0
0.0
0.0
0.0
0.0
0.0
0.0
0.0
0.0
0.0
0.0
0.0
0.0
0.0
0.0
0.0
0.0
0.0
0.0
0.0
0.0
0.0
0.0
0.0
0.0
0.0
0.0
0.0
0.0
0.0
0.0
0.0
0.0
0.0
0.0
0.0
0.0
0.0
0.0
0.0
0.0
0.0
0.0
0.0
0.0
0.0
0.0
0.0
0.0
0.0
0.0
0.0
0.0
0.0
0.0
0.0
0.0
0.0
0.0
0.0
0.0
0.0
0.0
0.0
0.0
0.0
0.0
0.0
0.0
0.0
0.0
0.0
0.0
0.0
0.0
0.0
0.0
0.0
0.0
0.0
0.0
0.0
0.0
0.0
0.0
0.0
0.0
0.0
0.0
0.0
0.0
0.0
0.0
0.0
0.0
0.0
0.0
0.0
0.0
0.0
0.0
0.0
0.0
0.0
0.0
0.0
0.0
0.0
0.0
0.0
0.0
0.0
0.0
0.0
0.0
0.0
0.0
0.0
0.0
0.0
0.0
0.0
0.0
0.0
0.0
0.0
0.0
0.0
0.0
0.0
0.0
0.0
0.0
0.0
0.0
0.0
0.0
0.0
0.0
0.0
0.0
0.0
0.0
0.0
0.0
0.0
0.0
0.0
0.0
0.0
0.0
0.0
0.0
0.0
0.0
0.0
0.0
0.0
0.0
0.0
0.0
0.0
0.0
0.0
0.0
0.0
0.0
0.0
0.0
0.0
0.0
0.0
1.0
0.0
0.0
0.0
0.0
0.0
0.0
0.0
0.0
0.0
0.0
0.0
0.0
0.0
0.0
0.0
0.0
0.0
0.0
0.0
0.0
0.0
0.0
0.0
0.0
0.0
0.0
0.0
0.0
0.0
0.0
0.0
0.0
0.0
0.0
0.0
0.0
0.0
0.0
0.0
0.0
0.0
0.0
0.0
0.0
0.0
0.0
0.0
0.0
0.0
0.0
0.0
0.0
0.0
0.0
0.0
0.0
0.0
0.0
0.0
0.0
0.0
0.0
1.0
0.0
0.0
0.0
0.0
0.0
0.0
0.0
0.0
0.0
0.0
0.0
0.0
0.0
0.0
0.0
0.0
0.0
0.0
0.0
0.0
0.0
0.0
0.0
0.0
0.0
0.0
0.0
0.0
0.0
0.0
0.0
0.0
0.0
0.0
0.0
0.0
0.0
0.0
0.0
0.0
0.0
0.0
0.0
0.0
0.0
0.0
0.0
0.0
0.0
0.0
0.0
0.0
0.0
0.0
0.0
0.0
0.0
0.0
0.0
0.0
0.0
0.0
0.0
-1.0
0.0
0.0
0.0
0.0
0.0
0.0
0.0
0.0
0.0
0.0
0.0
0.0
0.0
0.0
0.0
0.0
0.0
0.0
0.0
0.0
1.0
0.0
0.0
0.0
0.0
0.0
0.0
0.0
0.0
0.0
0.0
0.0
0.0
0.0
0.0
0.0
0.0
0.0
0.0
0.0
0.0
0.0
0.0
0.0
0.0
0.0
0.0
0.0
0.0
0.0
0.0
0.0
0.0
0.0
0.0
0.0
0.0
0.0
0.0
0.0
0.0
0.0
0.0
0.0
0.0
0.0
0.0
0.0
0.0
0.0
0.0
0.0
0.0
0.0
0.0
0.0
0.0
0.0
0.0
0.0
0.0
0.0
0.0
0.0
0.0
0.0
0.0
0.0
0.0
0.0
0.0
0.0
0.0
0.0
0.0
0.0
0.0
0.0
0.0
0.0
0.0
0.0
0.0
0.0
0.0
0.0
0.0
0.0
0.0
0.0
0.0
0.0
0.0
0.0
0.0
0.0
0.0
0.0
0.0
0.0
0.0
0.0
0.0
0.0
0.0
0.0
0.0
0.0
0.0
0.0
0.0
0.0
0.0
0.0
0.0
0.0
0.0
0.0
0.0
0.0
0.0
0.0
0.0
0.0
0.0
0.0
0.0
0.0
0.0
0.0
0.0
0.0
0.0
0.0
0.0
0.0
0.0
0.0
0.0
0.0
0.0
0.0
0.0
0.0
0.0
0.0
0.0
0.0
0.0
0.0
0.0
0.0
0.0
0.0
0.0
0.0
0.0
0.0
0.0
0.0
0.0
0.0
0.0
0.0
0.0
0.0
0.0
0.0
0.0
0.0
0.0
0.0
0.0
0.0
0.0
0.0
0.0
0.0
0.0
0.0
0.0
0.0
0.0
0.0
0.0
0.0
0.0
0.0
0.0
0.0
0.0
0.0
0.0
0.0
0.0
0.0
0.0
0.0
0.0
0.0
0.0
0.0
0.0
0.0
0.0
0.0
0.0
0.0
0.0
0.0
0.0
0.0
0.0
0.0
0.0
0.0
0.0
0.0
0.0
0.0
0.0
0.0
0.0
0.0
0.0
0.0
0.0
0.0
0.0
0.0
0.0
0.0
0.0
0.0
0.0
0.0
0.0
0.0
0.0
0.0
0.0
0.0
0.0
0.0
0.0
0.0
0.0
0.0
0.0
0.0
0.0
0.0
0.0
0.0
0.0
0.0
0.0
0.0
0.0
0.0
0.0
0.0
0.0
0.0
0.0
0.0
0.0
0.0
0.0
0.0
0.0
0.0
0.0
0.0
0.0
0.0
0.0
0.0
0.0
0.0
0.0
0.0
0.0
0.0
0.0
0.0
0.0
0.0
0.0
0.0
0.0
0.0
0.0
0.0
0.0
0.0
0.0
0.0
0.0
0.0
0.0
0.0
0.0
0.0
0.0
0.0
0.0
0.0
0.0
0.0
0.0
0.0
0.0
0.0
0.0
0.0
0.0
0.0
0.0
0.0
0.0
0.0
0.0
0.0
0.0
0.0
0.0
0.0
0.0
0.0
0.0
0.0
0.0
0.0
0.0
0.0
0.0
0.0
0.0
0.0
0.0
0.0
0.0
0.0
0.0
0.0
0.0
0.0
0.0
0.0
-1.0
0.0
0.0
0.0
0.0
0.0
0.0
0.0
0.0
0.0
0.0
0.0
0.0
0.0
0.0
0.0
0.0
0.0
0.0
0.0
0.0
0.0
0.0
0.0
0.0
0.0
0.0
0.0
0.0
0.0
0.0
0.0
0.0
0.0
0.0
0.0
0.0
0.0
0.0
0.0
0.0
0.0
0.0
0.0
0.0
0.0
0.0
0.0
0.0
0.0
0.0
0.0
0.0
0.0
0.0
0.0
0.0
0.0
0.0
0.0
0.0
0.0
0.0
0.0
0.0
0.0
0.0
0.0
0.0
0.0
0.0
0.0
0.0
0.0
0.0
0.0
0.0
0.0
0.0
0.0
0.0
0.0
0.0
0.0
0.0
0.0
0.0
0.0
0.0
0.0
0.0
0.0
0.0
0.0
0.0
0.0
0.0
0.0
0.0
0.0
0.0
0.0
0.0
0.0
0.0
0.0
0.0
0.0
0.0
0.0
0.0
0.0
0.0
0.0
0.0
0.0
0.0
0.0
0.0
0.0
0.0
0.0
0.0
0.0
0.0
0.0
0.0
0.0
0.0
0.0
0.0
0.0
0.0
0.0
0.0
0.0
0.0
0.0
0.0
0.0
0.0
0.0
0.0
0.0
0.0
0.0
0.0
0.0
0.0
0.0
0.0
0.0
0.0
0.0
0.0
0.0
0.0
0.0
0.0
0.0
0.0
0.0
0.0
0.0
0.0
0.0
0.0
0.0
0.0
0.0
0.0
0.0
0.0
0.0
0.0
0.0
0.0
0.0
0.0
0.0
0.0
0.0
0.0
0.0
0.0
0.0
0.0
0.0
0.0
0.0
0.0
0.0
0.0
0.0
140.0
91260.0
0.0
0.0
0.0
0.0
0.0
0.0
0.0
0.0
0.0
0.0
0.0
0.0
0.0
0.0
0.0
0.0
0.0
0.0
0.0
0.0
0.0
0.0
0.0
0.0
0.0
0.0
