0.08253578
0.008419555
0.006212278
0.0053716158
0.0070270738
0.00586308
0.0055052596
0.005186239
0.007639248
0.0051517505
0.005298327
0.00475513
0.0066132094
0.004888774
0.0046042423
0.0068632523
0.0065356097
0.0046559754
0.0047723744
0.004893085
0.005690636
0.0054923263
0.004643042
0.0045266426
0.00499224
0.004806863
0.004599931
0.0045611314
0.0048672184
0.004505087
0.0044188653
0.0049534403
0.0052724606
0.0043240213
0.0043800655
0.0046042423
0.005578548
0.004949129
0.0045309537
0.004500776
0.0046602865
0.0047292635
0.0044705984
0.0047378857
0.0048585963
0.0045611314
0.0046732198
0.00459562
0.0057208138
0.00606139
0.005117262
0.005246594
0.0049189515
0.004699086
0.0048672184
0.0045266426
0.0049275737
0.0055957926
0.0048197964
0.0046128645
0.0048327297
0.004712019
0.0046257977
0.004349888
0.013131575
0.009169685
0.0024831868
0.0037420245
0.0027935852
0.0104155885
0.002690119
0.002202966
0.002543542
0.0025607864
0.0021426107
0.0021382996
0.0025650975
0.0027677186
0.002780652
0.002444387
0.0061519225
0.0021943438
0.0026642524
0.004142956
0.0030565616
0.0041170893
0.0032031385
0.002780652
0.0024055871
0.002888429
0.002647008
0.0027590964
0.0025090533
0.003035006
0.00249612
0.0023279877
0.0018839455
0.007574582
0.0036859803
0.004543887
0.004505087
0.009333506
0.0041688224
0.0040351786
0.0045137093
0.0061562336
0.003811002
0.0032979825
0.0053198826
0.0041774446
0.006272633
0.006358855
0.0039877566
0.0021339885
0.0071003623
0.0061864113
0.0071176067
0.0060786344
0.00269443
0.0027978963
0.0026513191
0.0035350923
0.0024055871
0.0021900327
0.002207277
0.002884118
0.002159855
0.0024314537
0.0033928263
0.0024055871
0.0018322124
0.007001207
0.0024831868
0.004539576
0.0018020348
0.0019787895
0.0024702535
0.008889464
0.002151233
0.010087946
0.0023366099
0.0042981547
0.001957234
0.002000345
0.008630798
0.0019443007
0.0019227453
0.0018623901
0.002000345
0.0021210553
0.001957234
0.0020219004
0.002103811
0.0019787895
0.0018451457
0.002008967
0.0019399896
0.0019011899
0.0018839455
0.0019313674
0.002052078
0.002444387
0.0019658562
0.002108122
0.0022158993
0.0019399896
0.001957234
0.0017934126
0.001961545
0.001909812
0.001810657
0.0019270563
0.002000345
0.0019184342
0.0019529229
0.001957234
0.002103811
0.0018839455
0.0019270563
0.0019443007
0.002052078
0.0021210553
0.00269443
0.0022805657
0.0023667873
0.002396965
0.002159855
0.0021296775
0.0022719435
0.0020132782
0.002056389
0.0024702535
0.0042895325
0.002582342
0.0025306088
0.0034876703
0.0032807381
0.0019443007
0.0026297637
0.0035695808
0.002599586
0.0020132782
0.002207277
0.002202966
0.0023840317
0.0020305226
0.002052078
0.002103811
0.0030005174
0.0024745646
0.002293499
0.0022762546
0.0023624762
0.0022158993
0.002155544
0.0023150544
0.00289274
0.0021684773
0.0025004311
0.0025521643
0.0024314537
0.0024055871
0.0022805657
0.002159855
0.0041860663
0.002112433
0.0023710984
0.002353854
0.0025694086
0.0026125193
0.0020262115
0.0021167442
0.004496465
0.0030393172
0.0025564753
0.0041300226
0.0035135369
0.002155544
0.0022762546
0.0021426107
0.0030220728
0.0021641662
0.0021296775
0.00229781
0.0027763408
0.002151233
0.0025047422
0.0029530954
0.0040438008
0.0024831868
0.0023322988
0.0024788757
0.0040308675
0.0025564753
0.002884118
0.009609415
0.0
0.0
0.0
0.0
0.0
0.0
0.0
0.0
0.0
0.0
0.0
0.0
0.0
0.0
0.0
0.0
0.0
0.0
0.0
0.0
0.0
0.0
0.0
0.0
0.0
0.0
0.0
0.0
0.0
0.0
0.0
0.0
0.0
0.0
0.0
0.0
0.0
0.0
0.0
0.0
0.0
0.0
0.0
0.0
0.0
0.0
0.0
0.0
0.0039756945
9.765625e-05
4.340278e-06
1.7361112e-05
0.00015625
8.4635416e-05
2.170139e-05
6.510417e-06
2.170139e-06
2.170139e-06
0.0
5.2083335e-05
0.0
4.340278e-06
1.953125e-05
0.0
0.0038368055
1.5190973e-05
3.689236e-05
1.7361112e-05
8.4635416e-05
6.293403e-05
0.00016927083
5.642361e-05
1.953125e-05
2.6041667e-05
6.510417e-06
1.5190973e-05
3.4722223e-05
1.3020834e-05
1.3020834e-05
3.689236e-05
0.003033854
0.0
0.0
0.00016276042
0.0001280382
4.5572917e-05
0.013496093
0.005355903
0.0
0.0
0.0
0.0
0.0
0.0
0.0
0.0
0.009461805
2.170139e-06
0.0001953125
0.0005056424
0.00066840276
0.00052083336
0.012790798
0.006875
4.340278e-06
6.510417e-06
2.170139e-06
2.170139e-06
6.9444446e-05
2.170139e-06
2.170139e-06
2.170139e-06
0.0022786458
0.0
0.0
0.001655816
6.510417e-05
3.0381945e-05
0.0063823783
0.0029210069
0.0
0.0
0.0
0.0
0.0
0.0
0.0
0.0
0.009743923
0.00023003473
0.00021918403
0.00077907986
0.0050564236
0.0026953125
0.0011610243
0.00048828125
0.00016276042
0.0001171875
9.765625e-05
0.00016276042
0.00039713542
0.0006380208
0.00012369792
0.00014973959
0.008109809
0.0006814236
0.00024305556
0.0014735243
0.003654514
0.0008767361
0.006623264
0.0030186633
0.00018446181
0.00017144097
0.00015190973
0.00016493055
0.00049479166
0.00034939236
0.00015190973
0.00031684028
0.00421875
0.00028211807
0.000249566
0.0002235243
0.0025651043
0.00024305556
0.0015256077
0.00072265626
0.0002126736
0.00018229167
0.00018446181
0.00018229167
0.00017578126
0.00017578126
0.0012868923
0.00090277777
0.013684896
0.00075086806
0.0009787326
0.0011002604
0.0071440972
0.0009092882
0.0026779515
0.001781684
0.0010568576
0.0006228299
0.00052083336
0.0006358507
0.0006922743
0.002918837
0.0022135417
0.0023111978
0.0028472221
0.00021050347
0.00032552084
0.00036458333
0.00081380206
0.0003841146
0.00040364583
0.0002907986
0.00095052086
0.00019314236
0.00013020834
0.00018446181
0.00026909722
7.161458e-05
0.0008463542
0.0006032986
0.019403212
0.0036979166
0.0015538194
0.002046441
0.007827691
0.006373698
0.0022092015
0.003155382
0.0134874135
0.0029014756
0.00066840276
0.0014605034
0.004809028
0.0020746528
0.005171441
0.007604167
0.022213541
0.0044769966
0.0029492187
0.0026215278
0.009144966
0.007916667
0.0033463542
0.0043142363
0.014366319
0.0049696183
0.001156684
0.0022786458
0.00578342
0.0024500869
0.005136719
0.009097222
0.06873481
0.06843099
0.06858073
0.068689235
0.029416233
0.029290365
0.029027779
0.029728733
0.029233942
0.028841145
0.028980035
0.029696181
0.029108074
0.02983073
0.029765625
0.029312067
3249.0
6.683287
21714.0
0.0075987843
0.0051579624
0.0029934605
0.004282951
0.004282951
0.0061250804
0.0041447915
0.0039145253
0.0043750578
0.0038224186
0.004236898
0.0046053235
0.0041447915
0.004789537
0.0066777193
0.0046053235
0.0087961685
0.009118541
0.009947499
0.0078290505
0.005848761
0.0059408676
0.0057106013
0.006171134
0.0055263885
0.0056645484
0.0069079855
0.0035460992
0.004052685
0.0037303122
0.004467164
0.0034539928
0.0018421295
0.01096067
0.0034079396
0.008243529
0.004651377
0.010500138
0.005065856
0.004236898
0.003500046
0.0068619326
0.0021645022
0.003085567
0.0057106013
0.006447453
0.010085659
0.0074606244
0.0087501155
0.0022566086
0.008381689
0.010315925
0.010269872
0.005250069
0.0064935065
0.005250069
0.0025789812
0.0030395137
0.0023947684
0.0021645022
0.0031776733
0.0014737037
0.0020723958
0.0023026618
0.0018421295
0.054849405
0.017684443
0.02403979
0.02403979
0.074007556
0.009901446
0.015704153
0.018973934
0.041770287
0.0052961223
0.010914617
0.031454362
0.021230543
0.04241503
0.04038869
0.01621074
0.003868472
0.051119093
0.04038869
0.037211016
0.019158147
0.008289583
0.0087501155
0.006815879
0.01593442
0.0043750578
0.0020263426
0.0022566086
0.0022105554
0.0015658101
0.0024408216
5.8573675
2.0
0.0
0.0
1.0
231960.0
98304.0
0.0
0.0
6.0
0.0
0.0
0.0
0.0
0.0
1141321900.0
0.0
0.0
0.0
0.0
0.0
1.0
0.0
0.0
0.0
0.0
0.0
0.0
-1.0
0.0
-1.0
-1.0
0.0
0.0
0.0
0.0
0.0
0.0
0.0
0.0
0.0
0.0
0.0
0.0
-1.0
0.0
0.0
0.0
0.0
0.0
0.0
0.0
0.0
0.0
0.0
0.0
0.0
-1.0
0.0
0.0
0.0
0.0
0.0
0.0
0.0
0.0
0.0
0.0
2.0
50.0
4.0
0.0
4.0
0.0
42496.0
4096.0
4096.0
3.0
0.0
0.0
1.0
1.0
0.0
0.0
0.0
0.0
0.0
0.0
0.0
0.0
0.0
0.0
0.0
0.0
0.0
0.0
26112.0
0.0
0.0
0.0
0.0
0.0
0.0
0.0
0.0
0.0
0.0
0.0
0.0
0.0
0.0
0.0
0.0
0.0
-16384.0
0.0
0.0
0.0
0.0
0.0
0.0
0.0
0.0
-42496.0
0.0
0.0
0.0
0.0
0.0
0.0
0.0
0.0
0.0
0.0
0.0
0.0
0.0
0.0
0.0
0.0
0.0
0.0
0.0
0.0
0.0
0.0
5.2029037
0.0
0.0
0.0
0.0
0.0
0.0
0.0
0.0
0.0
0.0
0.0
0.0
0.0
0.0
0.0
0.0
0.0
-4.8618016
0.0
0.0
0.0
0.0
0.0
0.0
0.0
0.0
-6.4578476
0.0
0.0
0.0
0.0
0.0
0.0
0.0
0.0
0.0
0.0
0.0
0.0
0.0
0.0
0.0
0.0
0.0
0.0
0.0
0.0
0.0
0.0
25860.0
0.0
0.0
0.0
0.0
0.0
0.0
0.0
0.0
0.0
0.0
0.0
0.0
0.0
0.0
0.0
0.0
0.0
-16832.0
0.0
0.0
0.0
0.0
0.0
0.0
0.0
0.0
-42342.0
0.0
0.0
0.0
0.0
0.0
0.0
0.0
0.0
0.0
0.0
0.0
-1.0
0.0
0.0
0.0
0.0
0.0
1.0
0.0
0.0
0.0
0.0
0.0
0.0
0.0
0.0
0.0
0.0
0.0
0.0
0.0
0.0
0.0
0.0
0.0
0.0
0.0
0.0
0.0
0.0
0.0
0.0
0.0
0.0
0.0
0.0
0.0
-2.0
0.0
0.0
0.0
1.0
0.0
0.0
0.0
0.0
0.0
0.0
0.0
0.0
0.0
0.0
0.0
0.0
0.0
0.0
0.0
0.0
0.0
0.0
0.0
-1.0
0.0
0.0
0.0
0.0
0.0
0.0
0.0
0.0
0.0
1.0
0.0
0.0
0.0
0.0
1.0
0.0
0.0
0.0
0.0
0.0
0.0
0.0
0.0
0.0
0.0
0.0
0.0
0.0
0.0
0.0
0.0
0.0
0.0
0.0
0.0
0.0
0.0
0.0
0.0
0.0
0.0
0.0
0.0
0.0
0.0
0.0
0.0
0.0
0.0
0.0
0.0
0.0
0.0
0.0
0.0
0.0
0.0
0.0
0.0
0.0
0.0
0.0
0.0
0.0
0.0
0.0
-1.0
0.0
0.0
0.0
0.0
0.0
0.0
0.0
0.0
0.0
0.0
0.0
0.0
0.0
0.0
0.0
0.0
0.0
0.0
0.0
0.0
-1.0
0.0
0.0
0.0
0.0
0.0
0.0
0.0
0.0
0.0
0.0
0.0
0.0
0.0
0.0
0.0
0.0
0.0
0.0
0.0
0.0
0.0
0.0
0.0
0.0
0.0
0.0
0.0
0.0
0.0
0.0
0.0
0.0
0.0
0.0
0.0
0.0
0.0
0.0
0.0
0.0
0.0
0.0
0.0
0.0
0.0
0.0
0.0
0.0
-1.0
0.0
0.0
0.0
0.0
0.0
0.0
0.0
0.0
0.0
0.0
0.0
0.0
0.0
0.0
0.0
0.0
1.0
0.0
0.0
0.0
0.0
0.0
0.0
0.0
0.0
0.0
0.0
0.0
0.0
0.0
0.0
0.0
0.0
0.0
0.0
0.0
0.0
0.0
0.0
0.0
0.0
0.0
0.0
0.0
0.0
0.0
0.0
0.0
0.0
0.0
0.0
0.0
0.0
0.0
0.0
0.0
0.0
0.0
0.0
0.0
0.0
0.0
0.0
0.0
0.0
0.0
0.0
0.0
0.0
0.0
0.0
0.0
0.0
0.0
0.0
0.0
0.0
0.0
0.0
0.0
0.0
0.0
0.0
0.0
0.0
0.0
0.0
0.0
0.0
0.0
0.0
0.0
0.0
0.0
0.0
0.0
0.0
0.0
0.0
0.0
0.0
0.0
0.0
0.0
0.0
0.0
0.0
0.0
0.0
0.0
0.0
0.0
0.0
0.0
0.0
0.0
0.0
1.0
0.0
0.0
0.0
0.0
0.0
0.0
0.0
0.0
0.0
0.0
0.0
0.0
-1.0
0.0
0.0
0.0
0.0
0.0
0.0
0.0
0.0
0.0
0.0
0.0
0.0
0.0
0.0
0.0
0.0
0.0
0.0
0.0
0.0
0.0
0.0
0.0
0.0
0.0
0.0
0.0
0.0
0.0
0.0
0.0
0.0
0.0
0.0
0.0
0.0
0.0
0.0
0.0
0.0
0.0
0.0
0.0
0.0
0.0
0.0
0.0
0.0
0.0
0.0
0.0
0.0
0.0
0.0
0.0
0.0
0.0
0.0
0.0
0.0
0.0
0.0
0.0
0.0
0.0
0.0
0.0
0.0
0.0
0.0
0.0
0.0
0.0
0.0
0.0
0.0
0.0
0.0
0.0
0.0
0.0
0.0
0.0
0.0
0.0
0.0
0.0
0.0
0.0
0.0
0.0
0.0
0.0
0.0
0.0
0.0
0.0
0.0
0.0
0.0
0.0
0.0
0.0
0.0
0.0
0.0
0.0
0.0
0.0
0.0
0.0
0.0
0.0
0.0
0.0
0.0
0.0
0.0
0.0
0.0
0.0
0.0
0.0
0.0
0.0
0.0
0.0
0.0
0.0
0.0
0.0
0.0
0.0
0.0
0.0
0.0
0.0
0.0
0.0
0.0
0.0
0.0
0.0
0.0
0.0
0.0
0.0
0.0
0.0
0.0
0.0
0.0
0.0
0.0
0.0
0.0
0.0
0.0
0.0
0.0
0.0
0.0
0.0
0.0
0.0
0.0
0.0
0.0
0.0
0.0
0.0
0.0
0.0
0.0
0.0
0.0
0.0
0.0
0.0
0.0
0.0
0.0
0.0
0.0
0.0
0.0
0.0
0.0
0.0
0.0
0.0
0.0
0.0
0.0
0.0
0.0
0.0
0.0
0.0
0.0
0.0
0.0
0.0
0.0
0.0
0.0
0.0
0.0
0.0
0.0
0.0
0.0
0.0
0.0
0.0
0.0
1.0
0.0
0.0
0.0
0.0
0.0
0.0
0.0
0.0
0.0
0.0
0.0
0.0
0.0
0.0
0.0
0.0
0.0
0.0
0.0
0.0
0.0
0.0
0.0
0.0
0.0
0.0
0.0
0.0
0.0
0.0
0.0
0.0
0.0
0.0
0.0
0.0
0.0
0.0
0.0
0.0
0.0
0.0
0.0
0.0
0.0
0.0
0.0
0.0
0.0
0.0
0.0
0.0
0.0
0.0
0.0
0.0
0.0
0.0
0.0
0.0
0.0
0.0
0.0
0.0
0.0
0.0
0.0
0.0
0.0
0.0
0.0
0.0
0.0
0.0
0.0
0.0
0.0
0.0
0.0
0.0
0.0
0.0
0.0
0.0
0.0
0.0
0.0
0.0
0.0
0.0
0.0
0.0
0.0
0.0
0.0
0.0
0.0
0.0
0.0
0.0
0.0
0.0
0.0
0.0
0.0
0.0
0.0
0.0
0.0
0.0
0.0
0.0
0.0
0.0
0.0
0.0
0.0
0.0
0.0
0.0
0.0
0.0
0.0
0.0
0.0
0.0
0.0
0.0
0.0
0.0
0.0
0.0
0.0
0.0
0.0
0.0
0.0
0.0
0.0
0.0
0.0
0.0
0.0
0.0
0.0
0.0
0.0
0.0
0.0
0.0
0.0
0.0
0.0
0.0
0.0
0.0
0.0
0.0
0.0
0.0
0.0
0.0
0.0
0.0
0.0
0.0
0.0
0.0
0.0
0.0
0.0
0.0
0.0
0.0
0.0
0.0
0.0
0.0
0.0
0.0
0.0
0.0
0.0
0.0
0.0
0.0
0.0
0.0
0.0
0.0
0.0
0.0
0.0
0.0
0.0
0.0
0.0
0.0
0.0
0.0
0.0
0.0
0.0
0.0
0.0
0.0
0.0
0.0
0.0
0.0
0.0
0.0
0.0
0.0
0.0
0.0
0.0
0.0
0.0
0.0
0.0
0.0
0.0
0.0
0.0
0.0
0.0
0.0
0.0
0.0
0.0
0.0
0.0
0.0
0.0
0.0
0.0
0.0
0.0
0.0
0.0
0.0
0.0
0.0
0.0
0.0
0.0
0.0
0.0
0.0
0.0
0.0
0.0
0.0
0.0
0.0
0.0
0.0
0.0
0.0
0.0
0.0
0.0
0.0
0.0
0.0
0.0
0.0
0.0
1.0
0.0
0.0
0.0
0.0
0.0
0.0
0.0
0.0
0.0
0.0
0.0
0.0
0.0
0.0
0.0
0.0
0.0
0.0
0.0
0.0
0.0
0.0
0.0
0.0
0.0
0.0
0.0
0.0
0.0
0.0
0.0
0.0
0.0
0.0
0.0
0.0
0.0
0.0
0.0
0.0
0.0
0.0
0.0
0.0
0.0
0.0
0.0
0.0
0.0
0.0
0.0
0.0
0.0
0.0
0.0
0.0
0.0
0.0
0.0
0.0
0.0
0.0
1.0
0.0
0.0
0.0
0.0
0.0
0.0
0.0
0.0
0.0
0.0
0.0
0.0
0.0
0.0
0.0
0.0
0.0
0.0
0.0
0.0
0.0
0.0
0.0
0.0
0.0
0.0
0.0
0.0
0.0
0.0
0.0
0.0
0.0
0.0
0.0
0.0
0.0
0.0
0.0
0.0
0.0
0.0
0.0
0.0
0.0
0.0
0.0
0.0
0.0
0.0
0.0
0.0
0.0
0.0
0.0
0.0
0.0
0.0
0.0
0.0
0.0
0.0
0.0
-1.0
0.0
0.0
0.0
0.0
0.0
0.0
0.0
0.0
0.0
0.0
0.0
0.0
0.0
0.0
0.0
0.0
0.0
0.0
0.0
0.0
1.0
0.0
0.0
0.0
0.0
0.0
0.0
0.0
0.0
0.0
0.0
0.0
0.0
0.0
0.0
0.0
0.0
0.0
0.0
0.0
0.0
0.0
0.0
0.0
0.0
0.0
0.0
0.0
0.0
0.0
0.0
0.0
0.0
0.0
0.0
0.0
0.0
0.0
0.0
0.0
0.0
0.0
0.0
0.0
0.0
0.0
0.0
0.0
0.0
0.0
0.0
0.0
0.0
0.0
0.0
0.0
0.0
0.0
0.0
0.0
0.0
0.0
0.0
0.0
0.0
0.0
0.0
0.0
0.0
0.0
0.0
0.0
0.0
0.0
0.0
0.0
0.0
0.0
0.0
0.0
0.0
0.0
0.0
0.0
0.0
0.0
0.0
0.0
0.0
0.0
0.0
0.0
0.0
0.0
0.0
0.0
0.0
0.0
0.0
0.0
0.0
0.0
0.0
0.0
0.0
0.0
0.0
0.0
0.0
0.0
0.0
0.0
0.0
0.0
0.0
0.0
0.0
0.0
0.0
0.0
0.0
0.0
0.0
0.0
0.0
0.0
0.0
0.0
0.0
0.0
0.0
0.0
0.0
0.0
0.0
0.0
0.0
0.0
0.0
0.0
0.0
0.0
0.0
0.0
0.0
0.0
0.0
0.0
0.0
0.0
0.0
0.0
0.0
0.0
0.0
0.0
0.0
0.0
0.0
0.0
0.0
0.0
0.0
0.0
0.0
0.0
0.0
0.0
0.0
0.0
0.0
0.0
0.0
0.0
0.0
0.0
0.0
0.0
0.0
0.0
0.0
0.0
0.0
0.0
0.0
0.0
0.0
0.0
0.0
0.0
0.0
0.0
0.0
0.0
0.0
0.0
0.0
0.0
0.0
0.0
0.0
0.0
0.0
0.0
0.0
0.0
0.0
0.0
0.0
0.0
0.0
0.0
0.0
0.0
0.0
0.0
0.0
0.0
0.0
0.0
0.0
0.0
0.0
0.0
0.0
0.0
0.0
0.0
0.0
0.0
0.0
0.0
0.0
0.0
0.0
0.0
0.0
0.0
0.0
0.0
0.0
0.0
0.0
0.0
0.0
0.0
0.0
0.0
0.0
0.0
0.0
0.0
0.0
0.0
0.0
0.0
0.0
0.0
0.0
0.0
0.0
0.0
0.0
0.0
0.0
0.0
0.0
0.0
0.0
0.0
0.0
0.0
0.0
0.0
0.0
0.0
0.0
0.0
0.0
0.0
0.0
0.0
0.0
0.0
0.0
0.0
0.0
0.0
0.0
0.0
0.0
0.0
0.0
0.0
0.0
0.0
0.0
0.0
0.0
0.0
0.0
0.0
0.0
0.0
0.0
0.0
0.0
0.0
0.0
0.0
0.0
0.0
0.0
0.0
0.0
0.0
0.0
0.0
0.0
0.0
0.0
0.0
0.0
0.0
0.0
0.0
0.0
0.0
0.0
0.0
0.0
0.0
0.0
0.0
0.0
0.0
0.0
0.0
0.0
0.0
0.0
0.0
0.0
0.0
0.0
0.0
0.0
0.0
0.0
0.0
-1.0
0.0
0.0
0.0
0.0
0.0
0.0
0.0
0.0
0.0
0.0
0.0
0.0
0.0
0.0
0.0
0.0
0.0
0.0
0.0
0.0
0.0
0.0
0.0
0.0
0.0
0.0
0.0
0.0
0.0
0.0
0.0
0.0
0.0
0.0
0.0
0.0
0.0
0.0
0.0
0.0
0.0
0.0
0.0
0.0
0.0
0.0
0.0
0.0
0.0
0.0
0.0
0.0
0.0
0.0
0.0
0.0
0.0
0.0
0.0
0.0
0.0
0.0
0.0
0.0
0.0
0.0
0.0
0.0
0.0
0.0
0.0
0.0
0.0
0.0
0.0
0.0
0.0
0.0
0.0
0.0
0.0
0.0
0.0
0.0
0.0
0.0
0.0
0.0
0.0
0.0
0.0
0.0
0.0
0.0
0.0
0.0
0.0
0.0
0.0
0.0
0.0
0.0
0.0
0.0
0.0
0.0
0.0
0.0
0.0
0.0
0.0
0.0
0.0
0.0
0.0
0.0
0.0
0.0
0.0
0.0
0.0
0.0
0.0
0.0
0.0
0.0
0.0
0.0
0.0
0.0
0.0
0.0
0.0
0.0
0.0
0.0
0.0
0.0
0.0
0.0
0.0
0.0
0.0
0.0
0.0
0.0
0.0
0.0
0.0
0.0
0.0
0.0
0.0
0.0
0.0
0.0
0.0
0.0
0.0
0.0
0.0
0.0
0.0
0.0
0.0
0.0
0.0
0.0
0.0
0.0
0.0
0.0
0.0
0.0
0.0
0.0
0.0
0.0
0.0
0.0
0.0
0.0
0.0
0.0
0.0
0.0
0.0
0.0
0.0
0.0
0.0
0.0
0.0
140.0
91260.0
0.0
0.0
0.0
0.0
0.0
0.0
0.0
0.0
0.0
0.0
0.0
0.0
0.0
0.0
0.0
0.0
0.0
0.0
0.0
0.0
0.0
0.0
0.0
0.0
0.0
0.0
