0.03694316
0.0007887732
0.00046974086
0.0004129805
0.0008005167
0.00036013467
0.00017811007
0.00018202458
0.0009786268
0.00018398184
0.00019963986
0.000131136
0.0005950051
0.00025835747
0.000113520706
0.00043646756
0.00055586
8.4161904e-05
7.046113e-05
6.8503876e-05
0.0002152979
0.00029358803
5.8717607e-05
6.263211e-05
0.00018202458
5.2845848e-05
4.1102325e-05
4.1102325e-05
0.000117435215
5.0888593e-05
4.893134e-05
6.263211e-05
0.0008220465
6.8503876e-05
5.0888593e-05
7.829014e-05
0.00046582636
9.199092e-05
4.6974084e-05
2.5444297e-05
0.00010177719
9.003367e-05
2.3487042e-05
0.000113520706
5.8717607e-05
4.893134e-05
0.00023878494
3.327331e-05
0.00018593909
5.8717607e-05
8.611916e-05
0.0003072888
8.807641e-05
0.00014092226
7.829014e-05
5.4803102e-05
0.00015266577
0.000138965
8.611916e-05
0.0002955453
8.220465e-05
9.199092e-05
6.263211e-05
3.718782e-05
0.0016029907
0.0002231269
9.786268e-05
0.00015462303
0.00038949345
0.0007926877
0.0003170751
0.00022508416
0.00018398184
0.00015853754
7.046113e-05
4.6974084e-05
0.00015070853
0.0004521256
8.611916e-05
8.0247395e-05
0.00054020196
0.0002152979
0.0002231269
0.00035426288
0.00013700775
0.0003503484
0.0003170751
0.00028771628
0.00010177719
0.00029163077
4.5016834e-05
9.786268e-05
9.786268e-05
0.0001644093
0.00020551162
0.00015853754
7.6332886e-05
0.00048735616
7.046113e-05
0.00018006733
0.00023487043
0.00091208017
0.0001898536
0.00012134972
0.0003405621
0.00043646756
0.00034251937
8.4161904e-05
0.00033469035
0.000131136
0.00038557895
0.0004521256
0.00043255303
3.1316056e-05
0.00051671494
0.00037383544
0.0012154544
0.0010275581
0.00025444297
0.000117435215
0.00024661396
0.00010177719
3.914507e-05
1.37007755e-05
0.00010764895
0.00023291318
6.458937e-05
3.5230565e-05
0.00035230565
0.000138965
6.263211e-05
0.0013172317
0.00022899867
0.0006067486
2.152979e-05
5.8717605e-06
0.0002446567
0.00075354264
0.00023487043
0.0018672199
4.6974084e-05
0.0006693807
7.437564e-05
8.807641e-05
0.9119001
1.7615283e-05
2.152979e-05
3.5230565e-05
5.0888593e-05
0.00016049479
8.0247395e-05
3.327331e-05
2.7401551e-05
2.9358804e-05
7.829014e-06
2.3487042e-05
3.718782e-05
1.5658028e-05
0.00011547796
0.00012917873
0.00015070853
0.00015070853
5.0888593e-05
7.046113e-05
4.1102325e-05
4.305958e-05
1.7615283e-05
1.37007755e-05
5.6760353e-05
2.5444297e-05
1.9572535e-05
2.3487042e-05
1.7615283e-05
1.9572535e-06
7.829014e-06
9.786268e-06
4.5016834e-05
1.1743521e-05
3.1316056e-05
6.654662e-05
0.00018398184
1.5658028e-05
4.893134e-05
1.7615283e-05
9.590542e-05
2.5444297e-05
4.305958e-05
2.9358804e-05
3.914507e-05
4.305958e-05
9.394817e-05
5.8717607e-05
0.0005128004
0.00031316056
9.003367e-05
0.00043646756
0.00033664762
2.5444297e-05
0.00014679402
0.00037774994
0.00017419556
0.000131136
0.00010764895
3.914507e-05
0.00017419556
1.7615283e-05
4.305958e-05
5.0888593e-05
8.0247395e-05
9.394817e-05
0.000109606204
6.263211e-05
3.5230565e-05
1.9572535e-05
2.5444297e-05
2.5444297e-05
0.00012330698
1.9572535e-05
3.718782e-05
5.6760353e-05
6.067486e-05
3.914507e-06
2.5444297e-05
2.3487042e-05
0.00016049479
4.893134e-05
2.152979e-05
2.3487042e-05
9.981993e-05
4.1102325e-05
5.4803102e-05
2.152979e-05
0.0007926877
0.00021921241
3.718782e-05
0.0005030142
0.00028380178
1.7615283e-05
3.327331e-05
5.4803102e-05
0.00024661396
5.0888593e-05
1.1743521e-05
9.394817e-05
0.00025444297
1.7615283e-05
0.00023878494
0.00033077586
0.00050888595
0.00013505049
6.8503876e-05
8.4161904e-05
0.0005362875
8.611916e-05
0.00014875128
0.0024915838
0.0100603625
0.0
0.0
0.0
0.0
0.0
0.0
0.0
0.0
0.9114688
0.0
0.0
0.0
0.0
0.0
0.0
0.0
0.0
0.0
0.0
0.0
0.0
0.0
0.0
0.0
0.0
0.0
0.0
0.0
0.0
0.0
0.0
0.0
0.0
0.0
0.0
0.0
0.0
0.0
0.0
0.0
0.0
0.0
0.0
0.0
0.0
0.0
0.0
0.0035781092
4.617549e-05
2.6526346e-05
3.8315833e-05
2.161406e-05
3.8315833e-05
8.74387e-05
3.242109e-05
3.8315833e-05
3.929829e-06
1.6701773e-05
8.842115e-06
1.4736858e-05
1.1789487e-05
1.4736858e-05
4.617549e-05
0.0026634417
9.824572e-07
1.9649144e-06
2.9473717e-06
5.796498e-05
3.3403547e-05
0.00015915808
8.9403606e-05
0.0
0.0010060362
9.824572e-07
3.929829e-06
1.9649144e-06
9.824572e-07
9.824572e-07
0.0
0.0016711598
4.9122864e-05
4.1263203e-05
3.536846e-05
1.8666688e-05
1.4736858e-05
5.010532e-05
1.3754401e-05
3.8315833e-05
5.8947435e-06
1.8666688e-05
5.8947435e-06
9.824573e-06
1.080703e-05
6.8772006e-06
2.161406e-05
0.0027793716
1.080703e-05
0.00017094756
5.2070234e-05
0.00023185991
0.00012771944
0.000425404
0.00019256162
6.8772006e-06
5.8947435e-06
2.9473717e-06
5.8947435e-06
1.9649144e-06
2.9473717e-06
2.9473717e-06
3.929829e-06
0.0023991605
1.1789487e-05
0.00024463184
6.680709e-05
0.00010217555
7.564921e-05
0.0007555096
0.00032322842
6.8772006e-06
5.8947435e-06
3.929829e-06
5.8947435e-06
5.8947435e-06
5.8947435e-06
4.9122864e-06
5.8947435e-06
0.005102883
0.00013459664
0.00022596517
0.00013263173
0.0002387371
0.00020631602
0.000573755
0.00043915838
0.00024659676
5.992989e-05
3.6350917e-05
2.5543888e-05
0.00018077213
3.8315833e-05
0.00012575452
0.0002809828
0.0027764242
3.6350917e-05
0.00029571963
0.0001149475
0.00047354438
0.00025347396
0.001241826
0.0007014745
1.768423e-05
2.2596516e-05
9.824573e-06
1.8666688e-05
1.9649146e-05
1.4736858e-05
9.824573e-06
2.9473716e-05
0.0
0.0
0.0
0.0
0.0
0.0
0.0
0.0
0.0
0.0
0.0
0.0
0.0
0.0
0.0
0.0
0.0005098953
3.3403547e-05
0.00012575452
7.368429e-05
0.00012280715
6.778955e-05
0.00054624624
0.00038315833
7.859658e-06
1.6701773e-05
6.8772006e-06
1.2771944e-05
5.796498e-05
1.5719315e-05
8.842115e-06
2.2596516e-05
0.0015228087
0.00014343875
5.4035147e-05
4.9122864e-05
0.00040477238
0.00034778987
0.00012084224
0.00017094756
0.0009932643
0.00016898265
4.224566e-05
7.466675e-05
0.00033010563
6.484218e-05
0.0004529128
0.0010954398
0.0056108134
0.00080070266
0.00059438666
0.0007378254
0.0020867393
0.0013607033
0.0004548777
0.0012978261
0.0033128457
0.000356632
0.00024659676
0.00038021096
0.0012624576
0.00031635124
0.0010188081
0.00229502
0.00373825
0.00073193066
0.00056687783
0.00064743933
0.0012771944
0.0010472995
0.0003379653
0.0011651943
0.0020661075
0.00022596517
0.0003153688
0.00030456175
0.0010974047
0.0003212635
0.00076631666
0.0014874403
0.0
0.0
0.0
0.0
0.0
0.0
0.0
0.0
0.0
0.0
0.0
0.0
0.0
0.0
0.0
0.0
227.0
17.920706
4068.0
0.07079646
0.0022123894
0.0007374631
0.00024582105
0.0009832842
0.0014749262
0.0
0.00024582105
0.005162242
0.0046706
0.0
0.0004916421
0.0
0.0031956735
0.024336284
0.0012291052
0.009095378
0.0044247787
0.0068829893
0.006145526
0.0031956735
0.0034414947
0.006637168
0.0034414947
0.0036873156
0.0017207473
0.0022123894
0.0004916421
0.00024582105
0.00024582105
0.00024582105
0.0004916421
0.0019665684
0.010324484
0.0034414947
0.0088495575
0.005899705
0.008603737
0.0076204524
0.00712881
0.006145526
0.0036873156
0.0009832842
0.0014749262
0.0036873156
0.00712881
0.0024582103
0.0031956735
0.009095378
0.0007374631
0.008603737
0.013520157
0.0044247787
0.0034414947
0.005408063
0.010078663
0.0009832842
0.0007374631
0.0007374631
0.0004916421
0.0044247787
0.0004916421
0.0004916421
0.0007374631
0.0017207473
0.05653884
0.006145526
0.021878073
0.020894788
0.1074238
0.009095378
0.011553589
0.0130285155
0.05186824
0.0012291052
0.006637168
0.036873158
0.015732547
0.045968536
0.055555556
0.019174041
0.0
0.050147492
0.03785644
0.052359883
0.023353
0.00712881
0.0034414947
0.021140609
0.0049164207
0.0024582103
0.0
0.0
0.0
0.0
0.0004916421
5.256298
2.0
0.0
0.0
1.0
510920.0
53248.0
0.0
0.0
54.0
0.0
1.0
0.0
0.0
0.0
1076624400.0
0.0
0.0
0.0
0.0
0.0
1.0
0.0
0.0
0.0
0.0
0.0
0.0
-1.0
0.0
-1.0
-1.0
0.0
0.0
0.0
0.0
0.0
0.0
0.0
0.0
0.0
0.0
0.0
0.0
-1.0
0.0
0.0
0.0
0.0
0.0
0.0
0.0
0.0
0.0
0.0
0.0
0.0
-1.0
0.0
0.0
0.0
0.0
0.0
0.0
0.0
0.0
0.0
0.0
6.0
0.0
4.0
0.0
4.0
0.0
24576.0
4096.0
4096.0
4.0
0.0
0.0
1.0
1.0
0.0
0.0
0.0
0.0
0.0
0.0
0.0
0.0
0.0
0.0
0.0
0.0
0.0
0.0
4096.0
0.0
0.0
0.0
0.0
0.0
0.0
0.0
0.0
0.0
0.0
0.0
0.0
0.0
0.0
0.0
0.0
0.0
-8192.0
0.0
0.0
0.0
0.0
0.0
0.0
0.0
0.0
-24576.0
0.0
4096.0
0.0
0.0
0.0
0.0
0.0
0.0
0.0
0.0
0.0
0.0
0.0
0.0
0.0
0.0
0.0
0.0
0.0
0.0
0.0
0.0
5.5895786
0.0
0.0
0.0
0.0
0.0
0.0
0.0
0.0
0.0
0.0
0.0
0.0
0.0
0.0
0.0
0.0
0.0
-3.5282388
0.0
0.0
0.0
0.0
0.0
0.0
0.0
0.0
-6.547547
0.0
0.0
0.0
0.0
0.0
0.0
0.0
0.0
0.0
0.0
0.0
0.0
0.0
0.0
0.0
0.0
0.0
0.0
0.0
0.0
0.0
0.0
2476.0
0.0
0.0
0.0
0.0
0.0
0.0
0.0
0.0
0.0
0.0
0.0
0.0
0.0
0.0
0.0
0.0
0.0
-13368.0
0.0
0.0
0.0
0.0
0.0
0.0
0.0
0.0
-23376.0
0.0
2736.0
0.0
0.0
0.0
0.0
0.0
0.0
0.0
0.0
0.0
-1.0
0.0
0.0
0.0
0.0
0.0
1.0
0.0
0.0
0.0
0.0
0.0
0.0
0.0
0.0
0.0
0.0
0.0
0.0
0.0
0.0
0.0
0.0
0.0
0.0
0.0
0.0
0.0
0.0
0.0
0.0
0.0
0.0
0.0
0.0
0.0
-2.0
0.0
0.0
0.0
1.0
0.0
0.0
0.0
0.0
0.0
0.0
0.0
0.0
0.0
0.0
0.0
0.0
0.0
0.0
0.0
0.0
0.0
0.0
0.0
-1.0
0.0
0.0
0.0
0.0
0.0
0.0
0.0
0.0
0.0
1.0
0.0
0.0
0.0
0.0
1.0
0.0
0.0
0.0
0.0
0.0
0.0
0.0
0.0
0.0
0.0
0.0
0.0
0.0
0.0
0.0
0.0
0.0
0.0
0.0
0.0
0.0
0.0
0.0
0.0
0.0
0.0
0.0
0.0
0.0
0.0
0.0
0.0
0.0
0.0
0.0
0.0
0.0
0.0
0.0
0.0
0.0
0.0
0.0
0.0
0.0
0.0
0.0
0.0
0.0
0.0
0.0
-1.0
0.0
0.0
0.0
0.0
0.0
0.0
0.0
0.0
0.0
0.0
0.0
0.0
0.0
0.0
0.0
0.0
0.0
0.0
0.0
0.0
0.0
0.0
0.0
0.0
0.0
0.0
0.0
0.0
0.0
0.0
0.0
0.0
0.0
0.0
0.0
0.0
0.0
0.0
0.0
0.0
0.0
0.0
0.0
0.0
0.0
0.0
0.0
0.0
0.0
0.0
0.0
0.0
0.0
0.0
0.0
0.0
0.0
0.0
0.0
0.0
0.0
0.0
0.0
0.0
0.0
0.0
0.0
0.0
0.0
-1.0
0.0
0.0
0.0
0.0
0.0
0.0
0.0
0.0
0.0
0.0
0.0
0.0
0.0
0.0
0.0
0.0
1.0
0.0
0.0
0.0
0.0
0.0
0.0
0.0
0.0
0.0
0.0
0.0
0.0
0.0
0.0
0.0
0.0
0.0
0.0
0.0
0.0
0.0
0.0
0.0
0.0
0.0
0.0
0.0
0.0
0.0
0.0
0.0
0.0
0.0
0.0
0.0
0.0
0.0
0.0
0.0
0.0
0.0
0.0
0.0
0.0
0.0
0.0
0.0
0.0
0.0
0.0
0.0
0.0
0.0
0.0
0.0
0.0
0.0
0.0
0.0
0.0
0.0
0.0
0.0
0.0
0.0
0.0
0.0
0.0
0.0
0.0
0.0
0.0
0.0
0.0
0.0
0.0
0.0
0.0
0.0
0.0
0.0
0.0
0.0
0.0
0.0
0.0
0.0
0.0
0.0
0.0
0.0
0.0
0.0
0.0
0.0
0.0
0.0
0.0
0.0
0.0
0.0
0.0
0.0
0.0
0.0
0.0
0.0
0.0
0.0
0.0
0.0
0.0
0.0
0.0
0.0
0.0
0.0
0.0
0.0
0.0
0.0
0.0
0.0
0.0
0.0
0.0
0.0
0.0
0.0
0.0
0.0
0.0
0.0
0.0
0.0
0.0
0.0
0.0
0.0
0.0
0.0
0.0
0.0
0.0
0.0
0.0
0.0
0.0
0.0
0.0
0.0
0.0
0.0
0.0
0.0
0.0
0.0
0.0
0.0
0.0
0.0
0.0
0.0
0.0
0.0
0.0
0.0
0.0
0.0
0.0
0.0
0.0
0.0
0.0
0.0
0.0
0.0
0.0
0.0
0.0
0.0
0.0
0.0
0.0
0.0
-1.0
0.0
0.0
0.0
0.0
0.0
0.0
0.0
0.0
0.0
0.0
0.0
0.0
0.0
0.0
0.0
0.0
0.0
0.0
0.0
0.0
0.0
0.0
0.0
0.0
0.0
0.0
0.0
0.0
0.0
0.0
0.0
0.0
0.0
0.0
0.0
0.0
1.0
0.0
0.0
0.0
0.0
0.0
0.0
0.0
0.0
0.0
0.0
0.0
0.0
0.0
0.0
0.0
0.0
0.0
0.0
0.0
0.0
0.0
1.0
0.0
0.0
0.0
0.0
1.0
0.0
0.0
0.0
0.0
0.0
0.0
0.0
0.0
0.0
0.0
0.0
0.0
0.0
0.0
0.0
0.0
1.0
0.0
0.0
0.0
0.0
0.0
0.0
0.0
0.0
0.0
0.0
0.0
0.0
0.0
0.0
0.0
0.0
0.0
0.0
0.0
0.0
0.0
0.0
0.0
0.0
0.0
0.0
0.0
0.0
0.0
0.0
0.0
0.0
0.0
0.0
0.0
0.0
0.0
0.0
0.0
0.0
0.0
0.0
0.0
0.0
-1.0
0.0
0.0
0.0
0.0
0.0
0.0
0.0
0.0
0.0
0.0
0.0
0.0
0.0
0.0
0.0
0.0
0.0
0.0
0.0
0.0
0.0
0.0
0.0
0.0
0.0
0.0
0.0
0.0
0.0
0.0
0.0
0.0
0.0
0.0
0.0
0.0
0.0
0.0
0.0
0.0
0.0
0.0
0.0
0.0
0.0
0.0
0.0
-1.0
0.0
0.0
0.0
0.0
0.0
0.0
0.0
0.0
0.0
0.0
0.0
0.0
0.0
0.0
0.0
0.0
0.0
0.0
0.0
0.0
0.0
0.0
0.0
0.0
0.0
0.0
0.0
0.0
0.0
0.0
1.0
0.0
0.0
0.0
0.0
0.0
0.0
0.0
0.0
0.0
0.0
0.0
0.0
0.0
0.0
0.0
0.0
0.0
0.0
0.0
0.0
0.0
0.0
0.0
0.0
0.0
0.0
0.0
-1.0
0.0
0.0
0.0
0.0
0.0
0.0
0.0
0.0
0.0
0.0
0.0
0.0
0.0
0.0
0.0
0.0
0.0
0.0
0.0
0.0
0.0
0.0
0.0
0.0
0.0
0.0
0.0
0.0
0.0
0.0
0.0
0.0
0.0
0.0
0.0
0.0
0.0
0.0
0.0
0.0
0.0
0.0
-1.0
0.0
0.0
1.0
0.0
0.0
0.0
0.0
0.0
0.0
0.0
0.0
0.0
0.0
0.0
0.0
0.0
0.0
0.0
0.0
0.0
0.0
0.0
0.0
0.0
0.0
0.0
0.0
0.0
0.0
0.0
0.0
0.0
0.0
0.0
0.0
0.0
0.0
0.0
0.0
0.0
0.0
0.0
0.0
0.0
0.0
0.0
-1.0
0.0
0.0
0.0
-1.0
0.0
0.0
0.0
0.0
0.0
0.0
0.0
0.0
0.0
0.0
0.0
0.0
0.0
0.0
0.0
0.0
0.0
0.0
0.0
0.0
0.0
0.0
0.0
0.0
0.0
0.0
0.0
0.0
0.0
0.0
0.0
0.0
0.0
0.0
1.0
0.0
0.0
0.0
0.0
0.0
0.0
0.0
0.0
0.0
0.0
-1.0
0.0
0.0
0.0
0.0
0.0
0.0
0.0
0.0
0.0
0.0
0.0
0.0
0.0
0.0
0.0
0.0
0.0
0.0
0.0
0.0
0.0
0.0
0.0
0.0
0.0
0.0
0.0
0.0
0.0
0.0
1.0
0.0
0.0
0.0
0.0
0.0
0.0
0.0
0.0
0.0
0.0
0.0
0.0
0.0
0.0
0.0
0.0
0.0
0.0
0.0
0.0
0.0
0.0
0.0
0.0
0.0
0.0
0.0
0.0
0.0
0.0
0.0
0.0
0.0
0.0
0.0
0.0
0.0
0.0
-1.0
0.0
0.0
0.0
0.0
0.0
0.0
0.0
0.0
0.0
0.0
0.0
0.0
0.0
0.0
0.0
0.0
0.0
0.0
-1.0
0.0
0.0
0.0
0.0
0.0
0.0
0.0
0.0
0.0
0.0
0.0
0.0
0.0
0.0
0.0
0.0
0.0
0.0
0.0
0.0
0.0
0.0
0.0
0.0
0.0
0.0
0.0
0.0
0.0
0.0
0.0
0.0
0.0
0.0
0.0
0.0
0.0
0.0
0.0
0.0
0.0
0.0
0.0
0.0
0.0
0.0
0.0
0.0
0.0
0.0
0.0
0.0
0.0
0.0
0.0
0.0
0.0
0.0
0.0
0.0
0.0
0.0
0.0
0.0
0.0
0.0
0.0
0.0
1.0
0.0
0.0
-2.0
0.0
0.0
0.0
0.0
0.0
0.0
0.0
0.0
0.0
0.0
0.0
0.0
0.0
0.0
1.0
0.0
0.0
0.0
-1.0
0.0
0.0
0.0
0.0
0.0
0.0
0.0
0.0
0.0
0.0
0.0
-1.0
0.0
0.0
0.0
0.0
0.0
0.0
1.0
0.0
0.0
0.0
0.0
0.0
0.0
0.0
0.0
0.0
0.0
0.0
0.0
0.0
0.0
0.0
0.0
0.0
1.0
0.0
1.0
0.0
0.0
0.0
0.0
0.0
1.0
0.0
0.0
0.0
0.0
0.0
0.0
0.0
0.0
-1.0
0.0
0.0
0.0
0.0
0.0
0.0
0.0
0.0
0.0
0.0
0.0
0.0
0.0
0.0
1.0
0.0
0.0
0.0
0.0
0.0
0.0
0.0
0.0
0.0
0.0
0.0
0.0
0.0
0.0
0.0
0.0
0.0
0.0
0.0
0.0
0.0
0.0
0.0
0.0
0.0
0.0
0.0
0.0
0.0
0.0
0.0
0.0
0.0
0.0
0.0
0.0
0.0
0.0
0.0
0.0
0.0
0.0
0.0
0.0
0.0
0.0
0.0
0.0
-1.0
0.0
0.0
0.0
0.0
0.0
0.0
0.0
0.0
0.0
0.0
0.0
0.0
0.0
0.0
0.0
0.0
0.0
0.0
0.0
0.0
0.0
0.0
0.0
1.0
0.0
0.0
0.0
0.0
0.0
0.0
1.0
0.0
0.0
0.0
0.0
0.0
0.0
0.0
0.0
0.0
0.0
0.0
0.0
0.0
0.0
0.0
0.0
0.0
0.0
0.0
0.0
0.0
0.0
0.0
0.0
1.0
0.0
0.0
0.0
0.0
0.0
0.0
0.0
0.0
0.0
0.0
-1.0
0.0
0.0
0.0
0.0
0.0
0.0
0.0
0.0
0.0
-1.0
0.0
0.0
0.0
0.0
0.0
0.0
0.0
0.0
0.0
0.0
0.0
0.0
0.0
0.0
1.0
0.0
0.0
0.0
0.0
0.0
0.0
0.0
0.0
0.0
0.0
0.0
0.0
0.0
0.0
0.0
0.0
0.0
0.0
-1.0
1.0
0.0
0.0
0.0
0.0
0.0
0.0
0.0
0.0
0.0
0.0
0.0
0.0
0.0
0.0
0.0
0.0
0.0
1.0
0.0
0.0
0.0
-1.0
0.0
0.0
0.0
0.0
0.0
0.0
0.0
0.0
1.0
0.0
0.0
0.0
0.0
0.0
0.0
0.0
0.0
0.0
0.0
0.0
0.0
0.0
0.0
0.0
0.0
0.0
0.0
0.0
0.0
0.0
0.0
0.0
0.0
-1.0
0.0
0.0
0.0
0.0
0.0
0.0
0.0
0.0
0.0
0.0
0.0
0.0
0.0
0.0
0.0
0.0
0.0
0.0
0.0
0.0
0.0
0.0
-1.0
0.0
0.0
0.0
0.0
0.0
0.0
0.0
0.0
0.0
0.0
0.0
0.0
0.0
0.0
0.0
0.0
0.0
0.0
0.0
0.0
0.0
0.0
0.0
-1.0
0.0
0.0
0.0
0.0
0.0
0.0
0.0
0.0
0.0
0.0
0.0
0.0
0.0
0.0
0.0
0.0
0.0
0.0
0.0
0.0
0.0
0.0
0.0
0.0
0.0
-1.0
-1.0
0.0
0.0
0.0
0.0
0.0
0.0
0.0
0.0
0.0
0.0
0.0
0.0
0.0
0.0
0.0
0.0
0.0
0.0
0.0
0.0
0.0
0.0
0.0
0.0
-1.0
0.0
0.0
0.0
0.0
0.0
0.0
0.0
0.0
0.0
0.0
0.0
0.0
0.0
0.0
0.0
0.0
0.0
0.0
0.0
0.0
0.0
0.0
0.0
0.0
0.0
0.0
0.0
0.0
0.0
0.0
0.0
0.0
0.0
0.0
0.0
0.0
0.0
0.0
0.0
0.0
0.0
0.0
0.0
0.0
0.0
0.0
0.0
0.0
0.0
0.0
0.0
0.0
0.0
0.0
0.0
0.0
0.0
0.0
0.0
0.0
0.0
0.0
0.0
0.0
0.0
0.0
0.0
0.0
0.0
0.0
0.0
0.0
0.0
0.0
0.0
0.0
0.0
0.0
0.0
0.0
0.0
0.0
0.0
0.0
0.0
0.0
0.0
0.0
0.0
0.0
0.0
0.0
0.0
0.0
0.0
0.0
0.0
0.0
0.0
0.0
0.0
0.0
0.0
0.0
0.0
0.0
0.0
0.0
0.0
0.0
0.0
0.0
0.0
0.0
0.0
0.0
0.0
0.0
0.0
0.0
0.0
0.0
0.0
0.0
0.0
0.0
0.0
0.0
0.0
0.0
0.0
0.0
0.0
0.0
0.0
0.0
0.0
0.0
0.0
0.0
0.0
0.0
0.0
0.0
0.0
0.0
0.0
0.0
0.0
0.0
0.0
0.0
0.0
0.0
0.0
0.0
0.0
0.0
0.0
0.0
0.0
0.0
0.0
0.0
0.0
0.0
0.0
0.0
80.0
29892.0
2736.0
49152.0
0.0
0.0
0.0
0.0
0.0
0.0
0.0
0.0
0.0
0.0
0.0
0.0
0.0
0.0
0.0
0.0
0.0
0.0
228.0
28672.0
0.0
0.0
0.0
0.0
