0.10170243
0.009493338
0.0043093627
0.0042995634
0.007462376
0.0019770642
0.001266595
0.0018055715
0.004304463
0.0008721621
0.00093340944
0.0008770619
0.0030035696
0.0015262837
0.0007962154
0.0029839703
0.0037507871
0.0006835203
0.000644322
0.0005193774
0.0022171536
0.0024302944
0.0005781749
0.0005267271
0.0016977763
0.0007251685
0.00058797444
0.00059042434
0.0024229446
0.0007839659
0.0017712731
0.0013155928
0.0025895375
0.00056592544
0.000666371
0.00073251815
0.034296058
0.0006418721
0.0005193774
0.00062227296
0.0012420961
0.0004532303
0.000529177
0.00079376553
0.0012469959
0.0007545672
0.0005536759
0.00037238383
0.0012763946
0.00050467806
0.00088196166
0.0024302944
0.0014821856
0.00079131563
0.00043608106
0.00032828574
0.0014723861
0.0008084649
0.0004630299
0.001932966
0.00096770795
0.00073251815
0.0004997783
0.00090891053
0.002320049
0.0010951024
0.003770386
0.0046596974
0.0151256425
0.0032951068
0.001727175
0.0010853028
0.0013204926
0.00073741795
0.00048262902
0.00044343073
0.0033539042
0.0014062389
0.0009138103
0.00059042434
0.003868382
0.0016634777
0.0013939894
0.0015924308
0.0027046825
0.0012126974
0.002163256
0.0018031216
0.0007496674
0.0014062389
0.00046058
0.001220047
0.0016585779
0.0012935438
0.0019133668
0.001496885
0.0008770619
0.0010338551
0.0004189318
0.0007251685
0.0016536781
0.0019550151
0.0012935438
0.00050222815
0.0018374202
0.0010093561
0.0029839703
0.00038218338
0.001266595
0.00088196166
0.0010632538
0.0010436546
0.0017712731
0.00039933264
0.0017859724
0.0010314052
0.0042187166
0.004110921
0.00076681667
0.0005536759
0.00093830924
0.00055612583
0.0004948785
0.00039688277
0.0016316291
0.0009530086
0.0006933199
0.000759467
0.0023151494
0.0010755033
0.00036993393
0.0056690536
0.01310938
0.0024964416
0.00042628148
0.0003870832
0.0055882074
0.005389766
0.0038806314
0.012604702
0.0019868636
0.0054191644
0.00031113648
0.00040913222
0.00081826444
0.00023273988
0.0003013369
0.0003429851
0.0015238338
0.0003013369
0.00021314074
0.00020334116
0.00039933264
0.00028418764
0.00019109169
0.000345435
0.0009236099
0.00026703838
0.0003037868
0.0002719382
0.0007276184
0.0008648124
0.00048507893
0.0004973284
0.0006957698
0.00035523457
0.0002645885
0.00028908745
0.00053652667
0.00032583583
0.00050467806
0.00039688277
0.0004581301
0.00024008956
0.00026703838
0.0003478849
0.0010265054
0.0006394222
0.0004581301
0.00048507893
0.00050467806
0.00024743925
0.0005806248
0.0003037868
0.00088931137
0.00047527935
0.00036993393
0.0003331855
0.0005732751
0.00035033477
0.00053407677
0.00055612583
0.0040349746
0.0019942133
0.0013278424
0.0020383114
0.0018594692
0.00040913222
0.02348713
0.0017810726
0.00088931137
0.00097260776
0.00053652667
0.0006345224
0.0064064716
0.00031113648
0.000666371
0.00058307464
0.0007790662
0.00073251815
0.00085991266
0.00074231776
0.00048752883
0.00031603625
0.0006124734
0.0005414265
0.001104902
0.0004556802
0.0004581301
0.000644322
0.000644322
0.00027683796
0.00033808532
0.00033808532
0.001634079
0.0013719404
0.00046547977
0.00067372073
0.0008648124
0.00046058
0.00036503415
0.00036258425
0.0054632626
0.0011343007
0.0004899787
0.0019305161
0.001197998
0.0004483305
0.00043363115
0.0005242772
0.0014552368
0.0009236099
0.0006639212
0.00071291905
0.0006394222
0.0004213817
0.0011367506
0.0007276184
0.001979514
0.00085501286
0.0005242772
0.00048017912
0.0016977763
0.0007472175
0.0011416504
0.4865905
0.007556675
0.0
0.0
0.0
0.0
0.0
0.0
0.0
0.0
0.0
0.0
0.0
0.0
0.0
0.0
0.44584382
3.074819e-05
4.91971e-06
3.6897827e-06
2.9518262e-05
3.6897827e-06
1.2299275e-06
2.459855e-06
9.83942e-06
6.149638e-06
1.2299275e-06
3.6897827e-06
8.609493e-06
1.2299276e-05
1.2299275e-06
2.459855e-06
0.0023971288
7.7485434e-05
6.149638e-06
8.609493e-06
4.7967176e-05
7.3795654e-06
7.3795654e-06
4.91971e-06
8.609493e-06
4.91971e-06
8.609493e-06
2.459855e-06
1.4759131e-05
1.1069348e-05
4.91971e-06
3.6897827e-06
0.0022999647
0.004656506
9.716428e-05
7.256573e-05
9.224457e-05
0.000119302975
5.534674e-05
0.0001562008
0.0003874272
6.149638e-05
3.689783e-05
2.0908768e-05
4.3047465e-05
5.9036523e-05
6.026645e-05
5.7806596e-05
0.0066182404
0.0021536031
3.935768e-05
4.3047465e-05
0.00015374094
2.7058406e-05
2.0908768e-05
1.8448914e-05
7.6255514e-05
3.935768e-05
9.83942e-06
2.7058406e-05
6.149638e-05
4.3047465e-05
1.8448914e-05
2.0908768e-05
0.004804097
0.004178064
5.6576668e-05
4.7967176e-05
0.00011561319
0.00018079935
4.550732e-05
2.9518262e-05
8.8554785e-05
8.3635074e-05
3.074819e-05
4.1817537e-05
5.534674e-05
0.00017710957
4.4277393e-05
0.00012176283
0.002259377
0.0039357683
5.2886888e-05
7.871536e-05
4.7967176e-05
0.00020662784
7.871536e-05
0.00014636139
0.00011438326
4.1817537e-05
2.4598552e-05
5.0427032e-05
1.8448914e-05
4.058761e-05
2.582848e-05
9.839421e-05
7.6255514e-05
0.007489029
0.00028411328
0.00026566436
5.7806596e-05
0.00058913534
0.00015866065
0.0005928251
0.00039849654
0.00015251103
0.00011192341
0.000105773775
5.7806596e-05
5.7806596e-05
0.00018448914
7.256573e-05
0.0020158512
0.0020502892
0.0002004782
0.00011684312
3.8127757e-05
0.00020785777
6.641609e-05
7.7485434e-05
5.534674e-05
8.117522e-05
5.165696e-05
3.8127757e-05
3.689783e-05
0.000113153335
0.00010208399
3.4437973e-05
0.0017674059
0.004178064
0.000271814
0.00045261334
0.0003025622
0.00087693834
0.00046983233
0.0025545596
0.0016850008
0.00026197458
6.887595e-05
8.2405146e-05
0.00011069348
0.00063218275
9.4704425e-05
0.00012176283
0.0029493663
0.0022187894
4.3047465e-05
0.00019432856
6.887595e-05
0.00036282864
0.00015743072
0.0009864019
0.0005350185
2.582848e-05
4.3047465e-05
4.058761e-05
3.8127757e-05
3.689783e-05
5.2886888e-05
6.026645e-05
0.00017341979
0.023636749
0.00095196394
0.007386945
0.0012348472
0.0015410993
0.0010466684
0.0023528514
0.0019900228
0.008766924
0.0013320115
0.0009015369
0.00089907704
0.0069896784
0.0012348472
0.0014242561
0.0038017062
0.0075837336
0.0008461902
0.0025939173
0.00044769363
0.00075148576
0.00056330685
0.0005829857
0.00043908413
0.003313425
0.0006014346
0.0002755038
0.000356679
0.001885479
0.0006100441
0.00063218275
0.0011868802
0.04383216
0.008631632
0.020778397
0.0064927875
0.02003306
0.012525583
0.005694565
0.0077337846
0.027973473
0.002667713
0.0029124685
0.003347863
0.022112869
0.003615987
0.007386945
0.010809833
0.033660658
0.009818512
0.014695175
0.006849467
0.017569516
0.011502283
0.005737612
0.0075849635
0.02087433
0.0019592745
0.0027808663
0.0033072752
0.01594847
0.0032888264
0.007827259
0.012917929
0.0
0.0
0.0
0.0
0.0
0.0
0.0
0.0
0.0
0.0
0.0
0.0
0.0
0.0
0.0
0.0
532.0
11.545113
6142.0
0.035981763
0.0009768805
0.0022793878
0.0013025074
0.031422988
0.0022793878
0.0008140671
0.0017909476
0.0048844023
0.0008140671
0.0013025074
0.0016281342
0.003093455
0.0032562683
0.0048844023
0.0016281342
0.006024096
0.0013025074
0.0037447086
0.007489417
0.003093455
0.0006512537
0.002767828
0.0011396939
0.005047216
0.0040703355
0.0021165744
0.007489417
0.0037447086
0.0014653207
0.0029306414
0.0014653207
0.0063497233
0.013839141
0.0022793878
0.007977857
0.015141647
0.0065125367
0.008791924
0.007815044
0.005372843
0.0040703355
0.0011396939
0.0014653207
0.012211006
0.0056984695
0.003093455
0.003907522
0.017421035
0.0063497233
0.012536633
0.017746663
0.012048192
0.0052100294
0.009443178
0.009280365
0.0014653207
0.0026050147
0.0013025074
0.001953761
0.0021165744
0.0034190817
0.005372843
0.0052100294
0.0022793878
0.03484207
0.0052100294
0.022956692
0.022793878
0.082872026
0.0076522306
0.009443178
0.012699447
0.03956366
0.008629111
0.0026050147
0.029794855
0.011722566
0.0400521
0.039889287
0.06138066
0.0016281342
0.04623901
0.02718984
0.061217844
0.023607945
0.0063497233
0.003907522
0.0068381634
0.008954738
0.0021165744
0.00032562684
0.0022793878
0.00032562684
0.00032562684
0.0022793878
5.6063232
0.0
0.0
0.0
4.0
408181.0
413696.0
0.0
0.0
144.0
0.0
1.0
0.0
0.0
0.0
1158758100.0
0.0
0.0
0.0
0.0
0.0
1.0
0.0
0.0
0.0
0.0
0.0
0.0
-1.0
0.0
-1.0
-1.0
0.0
0.0
0.0
0.0
0.0
0.0
0.0
0.0
0.0
0.0
0.0
0.0
-1.0
0.0
0.0
0.0
0.0
0.0
0.0
0.0
0.0
0.0
0.0
0.0
0.0
-1.0
0.0
0.0
0.0
0.0
0.0
0.0
0.0
0.0
0.0
0.0
7.0
10.0
4.0
0.0
4.0
0.0
184320.0
4096.0
4096.0
4.0
0.0
0.0
1.0
1.0
0.0
0.0
0.0
0.0
0.0
0.0
0.0
0.0
0.0
0.0
0.0
0.0
0.0
0.0
12288.0
0.0
0.0
0.0
0.0
0.0
0.0
0.0
0.0
0.0
0.0
0.0
0.0
0.0
0.0
0.0
0.0
0.0
-4096.0
0.0
0.0
0.0
0.0
0.0
0.0
0.0
0.0
-184320.0
0.0
200704.0
0.0
0.0
0.0
0.0
0.0
0.0
0.0
0.0
0.0
0.0
0.0
0.0
0.0
0.0
0.0
0.0
0.0
0.0
0.0
0.0
5.029084
0.0
0.0
0.0
0.0
0.0
0.0
0.0
0.0
0.0
0.0
0.0
0.0
0.0
0.0
0.0
0.0
0.0
-1.9793888
0.0
0.0
0.0
0.0
0.0
0.0
0.0
0.0
-6.405959
0.0
0.64771485
0.0
0.0
0.0
0.0
0.0
0.0
0.0
0.0
0.0
0.0
0.0
0.0
0.0
0.0
0.0
0.0
0.0
0.0
0.0
0.0
12028.0
0.0
0.0
0.0
0.0
0.0
0.0
0.0
0.0
0.0
0.0
0.0
0.0
0.0
0.0
0.0
0.0
0.0
-10432.0
0.0
0.0
0.0
0.0
0.0
0.0
0.0
0.0
-181668.0
0.0
196888.0
0.0
0.0
0.0
0.0
0.0
0.0
0.0
0.0
0.0
-1.0
0.0
0.0
0.0
0.0
0.0
1.0
0.0
0.0
0.0
0.0
0.0
0.0
0.0
0.0
0.0
0.0
0.0
0.0
0.0
0.0
0.0
0.0
0.0
0.0
0.0
0.0
0.0
0.0
0.0
0.0
0.0
0.0
0.0
0.0
0.0
-2.0
0.0
0.0
0.0
1.0
0.0
0.0
0.0
0.0
0.0
0.0
0.0
0.0
0.0
0.0
0.0
0.0
0.0
0.0
0.0
0.0
0.0
0.0
0.0
-1.0
0.0
0.0
0.0
0.0
0.0
0.0
0.0
0.0
0.0
1.0
0.0
0.0
0.0
0.0
1.0
0.0
0.0
0.0
0.0
0.0
0.0
0.0
0.0
0.0
0.0
0.0
0.0
0.0
0.0
0.0
0.0
0.0
0.0
0.0
0.0
0.0
0.0
0.0
0.0
0.0
0.0
0.0
0.0
0.0
0.0
0.0
0.0
0.0
0.0
0.0
0.0
0.0
0.0
0.0
0.0
0.0
0.0
0.0
0.0
0.0
0.0
0.0
0.0
0.0
0.0
0.0
-1.0
0.0
0.0
0.0
0.0
0.0
0.0
0.0
0.0
0.0
0.0
0.0
0.0
0.0
0.0
0.0
0.0
0.0
0.0
0.0
0.0
0.0
0.0
0.0
0.0
0.0
0.0
0.0
0.0
0.0
0.0
0.0
0.0
0.0
0.0
0.0
0.0
0.0
0.0
0.0
0.0
0.0
0.0
0.0
0.0
0.0
0.0
0.0
0.0
0.0
0.0
0.0
0.0
0.0
0.0
0.0
0.0
0.0
0.0
0.0
0.0
0.0
0.0
0.0
0.0
0.0
0.0
0.0
0.0
0.0
-1.0
0.0
0.0
0.0
0.0
0.0
0.0
0.0
0.0
0.0
0.0
0.0
0.0
0.0
0.0
0.0
0.0
1.0
0.0
0.0
0.0
0.0
0.0
0.0
0.0
0.0
0.0
0.0
0.0
0.0
0.0
0.0
0.0
0.0
0.0
0.0
0.0
0.0
0.0
0.0
0.0
0.0
0.0
0.0
0.0
0.0
0.0
0.0
0.0
0.0
0.0
0.0
0.0
0.0
0.0
0.0
0.0
0.0
0.0
0.0
0.0
0.0
0.0
0.0
0.0
0.0
0.0
0.0
0.0
0.0
0.0
0.0
0.0
0.0
0.0
0.0
0.0
0.0
0.0
0.0
0.0
0.0
0.0
0.0
0.0
0.0
0.0
0.0
0.0
0.0
0.0
0.0
0.0
0.0
0.0
0.0
0.0
0.0
0.0
0.0
0.0
0.0
0.0
0.0
0.0
0.0
0.0
0.0
0.0
0.0
0.0
0.0
0.0
0.0
0.0
0.0
0.0
0.0
0.0
0.0
0.0
0.0
0.0
0.0
0.0
0.0
0.0
0.0
0.0
0.0
0.0
0.0
0.0
0.0
0.0
0.0
0.0
0.0
0.0
0.0
0.0
0.0
0.0
0.0
0.0
0.0
0.0
0.0
0.0
0.0
0.0
0.0
0.0
0.0
0.0
0.0
0.0
-2.0
0.0
0.0
0.0
0.0
0.0
0.0
0.0
0.0
0.0
0.0
0.0
0.0
0.0
0.0
0.0
0.0
0.0
0.0
0.0
0.0
0.0
0.0
1.0
-1.0
0.0
0.0
0.0
0.0
0.0
0.0
0.0
0.0
0.0
0.0
0.0
0.0
0.0
0.0
0.0
0.0
0.0
0.0
0.0
0.0
0.0
0.0
0.0
0.0
0.0
0.0
-1.0
-1.0
0.0
0.0
0.0
0.0
0.0
0.0
0.0
0.0
0.0
0.0
0.0
0.0
0.0
0.0
0.0
0.0
0.0
0.0
-1.0
0.0
0.0
0.0
0.0
0.0
0.0
0.0
0.0
0.0
0.0
0.0
1.0
0.0
0.0
0.0
0.0
0.0
0.0
1.0
0.0
0.0
0.0
0.0
0.0
0.0
0.0
1.0
0.0
0.0
0.0
1.0
0.0
0.0
1.0
0.0
0.0
0.0
0.0
0.0
0.0
0.0
0.0
0.0
0.0
1.0
0.0
0.0
0.0
0.0
0.0
0.0
0.0
0.0
0.0
1.0
1.0
0.0
0.0
0.0
0.0
0.0
0.0
0.0
0.0
0.0
0.0
0.0
0.0
0.0
0.0
0.0
0.0
0.0
0.0
0.0
-1.0
0.0
0.0
0.0
0.0
0.0
0.0
0.0
0.0
0.0
0.0
0.0
0.0
0.0
1.0
0.0
0.0
0.0
0.0
1.0
0.0
0.0
0.0
0.0
0.0
-1.0
0.0
0.0
0.0
0.0
0.0
0.0
0.0
1.0
0.0
0.0
0.0
-1.0
0.0
0.0
0.0
0.0
0.0
0.0
-1.0
0.0
0.0
0.0
0.0
0.0
0.0
0.0
0.0
0.0
0.0
0.0
0.0
0.0
0.0
0.0
0.0
0.0
0.0
0.0
0.0
0.0
0.0
0.0
0.0
-1.0
0.0
0.0
0.0
-1.0
0.0
0.0
0.0
0.0
0.0
0.0
1.0
0.0
0.0
0.0
0.0
0.0
0.0
0.0
0.0
0.0
0.0
0.0
0.0
0.0
0.0
0.0
0.0
0.0
0.0
0.0
-1.0
0.0
0.0
0.0
1.0
0.0
0.0
0.0
0.0
0.0
0.0
0.0
0.0
0.0
0.0
0.0
0.0
0.0
0.0
0.0
0.0
0.0
0.0
0.0
0.0
0.0
0.0
0.0
0.0
0.0
0.0
0.0
-2.0
0.0
0.0
0.0
0.0
0.0
0.0
-1.0
0.0
0.0
0.0
0.0
0.0
0.0
0.0
0.0
0.0
0.0
0.0
0.0
0.0
0.0
0.0
0.0
0.0
0.0
0.0
0.0
1.0
0.0
0.0
0.0
0.0
0.0
0.0
1.0
0.0
0.0
0.0
0.0
0.0
0.0
0.0
-1.0
0.0
0.0
1.0
0.0
0.0
0.0
0.0
0.0
0.0
0.0
0.0
0.0
0.0
0.0
0.0
0.0
0.0
0.0
0.0
0.0
0.0
0.0
0.0
0.0
0.0
0.0
0.0
0.0
0.0
0.0
0.0
0.0
0.0
0.0
0.0
0.0
0.0
0.0
0.0
0.0
0.0
0.0
0.0
0.0
0.0
0.0
-1.0
0.0
0.0
0.0
-1.0
0.0
0.0
0.0
0.0
-1.0
0.0
0.0
0.0
0.0
0.0
1.0
0.0
1.0
-1.0
0.0
0.0
0.0
0.0
0.0
0.0
0.0
0.0
0.0
-1.0
0.0
1.0
0.0
0.0
0.0
0.0
0.0
1.0
0.0
0.0
1.0
0.0
0.0
0.0
0.0
-1.0
1.0
0.0
0.0
0.0
0.0
-1.0
0.0
0.0
0.0
0.0
0.0
0.0
0.0
0.0
0.0
0.0
0.0
0.0
-1.0
0.0
-2.0
0.0
0.0
0.0
0.0
0.0
0.0
0.0
0.0
0.0
0.0
0.0
0.0
0.0
0.0
0.0
1.0
0.0
0.0
0.0
0.0
0.0
-1.0
0.0
0.0
0.0
0.0
1.0
0.0
0.0
0.0
0.0
0.0
0.0
0.0
0.0
0.0
0.0
1.0
0.0
0.0
0.0
0.0
0.0
0.0
0.0
0.0
0.0
0.0
0.0
0.0
0.0
0.0
0.0
0.0
-2.0
1.0
0.0
0.0
0.0
0.0
0.0
1.0
0.0
0.0
0.0
0.0
0.0
0.0
0.0
0.0
0.0
0.0
0.0
-1.0
0.0
0.0
0.0
0.0
0.0
0.0
-1.0
0.0
0.0
0.0
0.0
0.0
-1.0
1.0
0.0
0.0
0.0
0.0
0.0
0.0
0.0
0.0
0.0
0.0
0.0
0.0
0.0
0.0
0.0
0.0
0.0
0.0
0.0
0.0
0.0
0.0
0.0
0.0
0.0
0.0
0.0
-1.0
0.0
0.0
0.0
0.0
0.0
0.0
0.0
0.0
0.0
0.0
0.0
0.0
0.0
0.0
-1.0
0.0
0.0
0.0
0.0
-1.0
0.0
0.0
0.0
0.0
0.0
0.0
1.0
0.0
0.0
-2.0
0.0
0.0
0.0
0.0
0.0
0.0
0.0
0.0
0.0
0.0
1.0
-1.0
0.0
0.0
2.0
0.0
0.0
1.0
-1.0
0.0
0.0
0.0
0.0
0.0
0.0
-1.0
0.0
0.0
0.0
0.0
-1.0
0.0
0.0
0.0
-1.0
0.0
0.0
0.0
0.0
-1.0
0.0
0.0
0.0
0.0
0.0
0.0
0.0
0.0
0.0
0.0
0.0
1.0
0.0
0.0
0.0
1.0
0.0
1.0
0.0
0.0
0.0
0.0
0.0
1.0
0.0
0.0
0.0
0.0
1.0
0.0
0.0
0.0
-1.0
0.0
0.0
0.0
0.0
0.0
0.0
0.0
0.0
0.0
0.0
0.0
0.0
0.0
0.0
1.0
0.0
0.0
0.0
0.0
0.0
0.0
0.0
0.0
0.0
1.0
0.0
0.0
0.0
0.0
0.0
0.0
0.0
0.0
0.0
0.0
1.0
0.0
0.0
0.0
0.0
0.0
0.0
0.0
0.0
0.0
1.0
0.0
1.0
0.0
-1.0
0.0
0.0
0.0
0.0
0.0
0.0
0.0
0.0
0.0
0.0
0.0
0.0
0.0
-1.0
-1.0
0.0
0.0
0.0
0.0
0.0
0.0
0.0
0.0
1.0
1.0
0.0
1.0
0.0
0.0
0.0
0.0
0.0
0.0
0.0
0.0
0.0
0.0
1.0
0.0
0.0
0.0
0.0
0.0
0.0
1.0
0.0
0.0
0.0
0.0
0.0
0.0
0.0
0.0
0.0
0.0
0.0
0.0
0.0
0.0
0.0
0.0
0.0
0.0
0.0
0.0
1.0
0.0
0.0
0.0
2.0
0.0
0.0
0.0
0.0
0.0
0.0
0.0
0.0
0.0
0.0
-1.0
0.0
0.0
0.0
0.0
0.0
0.0
0.0
0.0
0.0
-1.0
-1.0
0.0
0.0
0.0
0.0
0.0
0.0
0.0
0.0
0.0
0.0
0.0
0.0
0.0
1.0
0.0
0.0
-1.0
0.0
0.0
0.0
0.0
-1.0
0.0
0.0
0.0
0.0
0.0
0.0
0.0
0.0
0.0
0.0
-1.0
1.0
0.0
0.0
0.0
0.0
0.0
0.0
0.0
0.0
0.0
0.0
0.0
0.0
0.0
0.0
0.0
0.0
0.0
1.0
0.0
0.0
0.0
-1.0
0.0
0.0
0.0
0.0
0.0
0.0
0.0
0.0
1.0
0.0
0.0
0.0
0.0
0.0
0.0
0.0
0.0
0.0
0.0
0.0
0.0
-1.0
0.0
0.0
0.0
0.0
0.0
0.0
1.0
0.0
0.0
0.0
0.0
-1.0
0.0
0.0
0.0
0.0
0.0
0.0
-2.0
1.0
0.0
0.0
0.0
0.0
0.0
0.0
0.0
1.0
0.0
0.0
0.0
0.0
0.0
0.0
-1.0
0.0
0.0
0.0
0.0
0.0
0.0
0.0
0.0
-1.0
0.0
0.0
-1.0
0.0
0.0
0.0
0.0
0.0
0.0
0.0
0.0
0.0
0.0
0.0
-1.0
1.0
0.0
0.0
0.0
0.0
0.0
0.0
0.0
0.0
0.0
0.0
0.0
0.0
0.0
0.0
0.0
0.0
0.0
0.0
0.0
0.0
1.0
0.0
0.0
0.0
-1.0
-1.0
1.0
0.0
1.0
0.0
0.0
0.0
0.0
0.0
1.0
0.0
0.0
0.0
0.0
0.0
0.0
0.0
0.0
0.0
-1.0
0.0
0.0
0.0
0.0
0.0
-1.0
0.0
0.0
0.0
0.0
0.0
1.0
0.0
0.0
0.0
0.0
0.0
0.0
0.0
0.0
0.0
1.0
-1.0
0.0
0.0
0.0
0.0
0.0
0.0
0.0
0.0
0.0
0.0
0.0
0.0
0.0
0.0
0.0
0.0
0.0
0.0
0.0
0.0
0.0
0.0
0.0
0.0
0.0
0.0
0.0
0.0
0.0
0.0
0.0
0.0
0.0
0.0
0.0
0.0
0.0
0.0
0.0
0.0
0.0
0.0
0.0
0.0
0.0
0.0
0.0
0.0
0.0
0.0
0.0
0.0
0.0
0.0
0.0
0.0
0.0
0.0
0.0
0.0
0.0
0.0
0.0
0.0
0.0
0.0
0.0
0.0
0.0
0.0
0.0
0.0
0.0
0.0
0.0
0.0
0.0
0.0
0.0
0.0
0.0
0.0
0.0
0.0
0.0
0.0
0.0
0.0
0.0
0.0
0.0
0.0
0.0
0.0
0.0
0.0
0.0
0.0
0.0
0.0
0.0
0.0
0.0
0.0
0.0
0.0
0.0
0.0
0.0
0.0
0.0
0.0
0.0
0.0
0.0
0.0
0.0
0.0
0.0
0.0
0.0
0.0
0.0
0.0
0.0
0.0
0.0
0.0
0.0
0.0
0.0
0.0
0.0
0.0
0.0
0.0
0.0
0.0
0.0
0.0
0.0
0.0
0.0
0.0
0.0
0.0
0.0
0.0
0.0
0.0
0.0
80.0
197124.0
196888.0
212992.0
0.0
0.0
0.0
0.0
0.0
0.0
0.0
0.0
0.0
0.0
0.0
0.0
0.0
0.0
72.0
194256.0
0.0
0.0
588.0
188416.0
0.0
0.0
0.0
0.0
