0.17923088
0.00492904
0.003921868
0.0028841752
0.0040439493
0.002136426
0.0008698306
0.001800702
0.002701053
0.0006867084
0.00057988707
0.0005493667
0.0020143446
0.0008850908
0.00083931023
0.0035861437
0.0016023195
0.00073248893
0.00039676484
0.00013734167
0.001480238
0.003952388
0.00045780558
0.00059514726
0.00057988707
0.00025942316
0.00019838242
0.00028994353
0.0005341065
0.00061040744
0.0003204639
0.0006409278
0.00071722874
0.00025942316
0.00025942316
0.00028994353
0.001724401
0.00028994353
0.00039676484
0.0016328399
0.0007630093
0.000656188
0.00018312223
0.00012208149
0.00073248893
0.00030520372
0.00080878986
0.0006867084
0.0006409278
0.0025026705
0.0017396612
0.0022432473
0.003036777
0.0037082252
0.0034945826
0.0039981687
0.0039981687
0.006394018
0.0038760873
0.00492904
0.005020601
0.0057073096
0.004440714
0.0052037234
0.014405616
0.0076758736
0.004822219
0.005432626
0.00491378
0.009583397
0.005020601
0.005508927
0.0036624447
0.0047001373
0.0041507706
0.004822219
0.0041507706
0.0053868457
0.006241416
0.0051121623
0.010407447
0.0050511216
0.0043033725
0.00654662
0.004166031
0.0057836105
0.0058751716
0.0056920494
0.0037997863
0.0050358614
0.003845567
0.005432626
0.0047916984
0.0056920494
0.0049443003
0.0053105447
0.0037082252
0.0068518235
0.0048985197
0.0066076606
0.0066992217
0.009903861
0.0065924004
0.006745002
0.008622006
0.0065313596
0.0081642
0.004349153
0.006729742
0.004608576
0.0055547077
0.0055547077
0.008316802
0.0044864947
0.0060430337
0.006302457
0.008454143
0.0074317106
0.004410194
0.0059667327
0.0049443003
0.0045322753
0.004669617
0.003601404
0.0057988707
0.004669617
0.00412025
0.0044559743
0.0065160994
0.004440714
0.004028689
0.008118419
0.0056004883
0.00982756
0.0043033725
0.00410499
0.005173203
0.010560049
0.005325805
0.0093544945
0.0052189836
0.012772776
0.004028689
0.0047001373
0.005081642
0.0037845261
0.0043949336
0.0034182817
0.004669617
0.0041355104
0.0030978178
0.0028994353
0.0032962002
0.003845567
0.0021516862
0.0015412788
0.0021974668
0.0013886769
0.001312376
0.0012818556
0.0018464825
0.0024721501
0.002060125
0.002044865
0.001968564
0.0015412788
0.0012360751
0.0010834732
0.0015870593
0.0012513353
0.0017701816
0.0010834732
0.0023653288
0.0012208149
0.0013428964
0.0010987334
0.0016938807
0.0012665954
0.0016938807
0.0012055547
0.0017091408
0.0016633603
0.0017549214
0.0011292538
0.0024263696
0.001556539
0.0019533038
0.0012513353
0.0024263696
0.0016023195
0.0021516862
0.0019380436
0.0043949336
0.0019227834
0.0025637113
0.0026857927
0.002533191
0.0011750343
0.0024416298
0.0019533038
0.0011139936
0.00030520372
0.0010071723
0.00022890279
0.0009766519
0.00015260186
0.0014497177
0.0006256676
0.0007477491
0.0010224325
0.00045780558
0.0003357241
0.00041202502
0.00012208149
0.0002136426
0.0003204639
0.0009613917
0.00080878986
0.00059514726
0.0007782695
0.0006867084
0.0004272852
0.00028994353
0.0002136426
0.00080878986
0.00061040744
0.00094613153
0.00070196856
0.00035098428
0.00071722874
0.0011292538
0.0004272852
0.00410499
0.0012360751
0.0003204639
0.0024263696
0.002060125
0.00030520372
0.00025942316
0.0007782695
0.00094613153
0.00028994353
0.002044865
0.0007782695
0.0008545704
0.0013276362
0.0013428964
0.00094613153
0.0029146955
0.0007935297
0.0012818556
0.00091561116
0.003372501
0.0010224325
0.002289028
0.054005798
0.0
0.0
0.0
0.0
0.0
0.0
0.0
0.0
0.0
0.0
0.0
0.0
0.0
0.0
0.0
0.0
0.014758695
1.5751008e-05
1.5751008e-05
3.937752e-05
0.0
0.0
0.0
4.7253023e-05
0.0
0.0
7.875504e-06
0.0
7.875504e-06
0.0
0.0
0.0012364541
0.0
0.0
0.0
0.0
0.0
0.0
0.0
0.0
0.0
0.0
0.0
0.0
0.0
0.0
0.0
0.0
0.014152281
0.00014175907
0.00013388357
7.0879534e-05
0.00011813256
7.0879534e-05
0.0001968876
8.663054e-05
0.00011025705
0.00011813256
0.00015751008
6.300403e-05
0.00010238155
0.00014963458
0.00011813256
0.00033864667
0.026650706
5.5128527e-05
0.00018901209
0.0001968876
0.00026776714
0.00023626511
0.00047253023
0.0003701487
0.00029926916
0.00046465473
0.0002047631
0.00029139366
0.0005197833
0.00027564264
0.00033864667
0.0014254663
0.011978642
3.937752e-05
5.5128527e-05
4.7253023e-05
0.0005670363
0.00022838962
0.0016932334
0.0012915827
3.937752e-05
3.1502015e-05
3.1502015e-05
3.1502015e-05
3.1502015e-05
3.1502015e-05
1.5751008e-05
1.5751008e-05
0.01171875
6.300403e-05
7.875504e-05
6.300403e-05
0.0005906628
0.00022838962
0.0017326109
0.0013073337
6.300403e-05
3.1502015e-05
8.663054e-05
3.1502015e-05
3.1502015e-05
3.1502015e-05
5.5128527e-05
1.5751008e-05
0.0
0.0
0.0
0.0
0.0
0.0
0.0
0.0
0.0
0.0
0.0
0.0
0.0
0.0
0.0
0.0
0.009962512
0.0001811366
0.00016538559
0.00015751008
0.00014963458
0.00011025705
0.00021263861
0.00084267894
0.00014963458
0.00023626511
0.00017326108
0.00013388357
0.00029139366
0.0005906628
0.00057491177
0.0021972656
0.02117723
0.0002205141
0.00033077117
0.00033864667
0.0004095262
0.00031502015
0.00057491177
0.00030714466
0.001921623
0.00359123
0.0013152092
0.0015435988
0.002063382
0.0014727192
0.0025989164
0.026335685
0.022319179
0.0007087954
0.0009765625
0.000984438
0.0020791332
0.0009923135
0.004016507
0.003252583
0.0025122857
0.00048828125
0.0003622732
0.0005512853
0.001000189
0.000889932
0.0018034904
0.0054498487
0.006749307
5.5128527e-05
4.7253023e-05
0.0007245464
0.00094506046
0.00092930946
0.0014490928
0.001157699
0.0010474421
0.0007087954
0.00044890374
0.0004410282
0.00018901209
0.0
0.0
0.0012364541
0.003575479
0.00092930946
0.0012049521
0.04477224
0.060349986
0.059790827
0.07436051
0.057727445
0.055482928
0.03564453
0.016845703
0.0168142
0.0074581024
6.300403e-05
0.00013388357
0.00033077117
0.05553018
0.008206275
0.0055443547
0.0103247855
0.022114415
0.01779864
0.012396043
0.016837828
0.035424016
0.0059460057
0.005245086
0.006654801
0.01124622
0.0043157763
0.009387601
0.03109249
0.012750441
0.0023784023
0.0011183216
0.0025044102
0.0073478455
0.0051190774
0.004111013
0.0046465476
0.007284841
0.0007717994
0.0012049521
0.00094506046
0.0029611895
0.00084267894
0.0026855469
0.007844002
0.0
0.0
0.0
0.0
0.0
0.0
0.0
0.0
0.0
0.0
0.0
0.0
0.0
0.0
0.0
0.0
945.0
18.180952
17181.0
0.0005238345
0.00017461149
0.00011640766
0.00011640766
0.00023281532
5.820383e-05
0.00011640766
0.0005238345
5.820383e-05
5.820383e-05
0.00011640766
5.820383e-05
0.00023281532
0.00017461149
0.0017461149
0.0009894652
0.0006402421
0.0039578606
0.006111402
0.008032128
0.009021593
0.010534893
0.01245562
0.014201734
0.011931785
0.017752169
0.01414353
0.017228333
0.014259938
0.017461149
0.016006052
0.018043187
0.012339212
0.019381875
0.014550958
0.018567022
0.015307607
0.018450614
0.017228333
0.018916246
0.012804843
0.017286537
0.014318142
0.017286537
0.014667365
0.016937314
0.014841977
0.015249403
0.0107677085
0.012106396
0.010069262
0.011407951
0.0076247016
0.009603632
0.0077411095
0.0067516444
0.004481695
0.0063442173
0.0046563065
0.0056457715
0.005005529
0.0069844597
0.0056457715
0.006053198
0.004132472
0.015598627
0.009429021
0.012804843
0.015365811
0.026948374
0.014841977
0.015947849
0.016006052
0.017402945
0.013619696
0.010302078
0.020138524
0.012804843
0.015191199
0.014609161
0.013736104
0.011058727
0.016588092
0.011116931
0.019672895
0.011873581
0.011407951
0.011116931
0.012106396
0.0107677085
0.011524359
0.008264944
0.012979454
0.008905186
0.009138001
0.008497759
6.2408667
0.0
0.0
0.0
3.0
65530.0
98304.0
0.0
0.0
28.0
0.0
1.0
0.0
0.0
0.0
1299095800.0
0.0
0.0
0.0
0.0
0.0
1.0
0.0
0.0
0.0
0.0
0.0
0.0
-1.0
0.0
-1.0
-1.0
0.0
0.0
0.0
0.0
0.0
0.0
0.0
0.0
0.0
0.0
0.0
0.0
-1.0
0.0
0.0
0.0
0.0
0.0
0.0
0.0
0.0
0.0
0.0
0.0
0.0
-1.0
0.0
0.0
0.0
0.0
0.0
0.0
0.0
0.0
0.0
0.0
2.0
50.0
4.0
0.0
4.0
0.0
18944.0
1024.0
4096.0
4.0
0.0
0.0
1.0
1.0
0.0
0.0
0.0
0.0
0.0
0.0
0.0
0.0
0.0
0.0
0.0
0.0
0.0
0.0
2048.0
0.0
0.0
0.0
0.0
0.0
0.0
0.0
0.0
0.0
0.0
0.0
0.0
0.0
0.0
0.0
0.0
0.0
-2560.0
0.0
0.0
0.0
0.0
0.0
0.0
0.0
0.0
-18944.0
0.0
10240.0
0.0
0.0
0.0
0.0
0.0
0.0
0.0
0.0
0.0
0.0
0.0
0.0
0.0
0.0
0.0
0.0
0.0
0.0
0.0
0.0
5.7255936
0.0
0.0
0.0
0.0
0.0
0.0
0.0
0.0
0.0
0.0
0.0
0.0
0.0
0.0
0.0
0.0
0.0
-2.3341854
0.0
0.0
0.0
0.0
0.0
0.0
0.0
0.0
-6.3390293
0.0
3.322594
0.0
0.0
0.0
0.0
0.0
0.0
0.0
0.0
0.0
0.0
0.0
0.0
0.0
0.0
0.0
0.0
0.0
0.0
0.0
0.0
1960.0
0.0
0.0
0.0
0.0
0.0
0.0
0.0
0.0
0.0
0.0
0.0
0.0
0.0
0.0
0.0
0.0
0.0
-57344.0
0.0
0.0
0.0
0.0
0.0
0.0
0.0
0.0
-18886.0
0.0
9820.0
0.0
0.0
0.0
0.0
0.0
0.0
0.0
0.0
0.0
-1.0
0.0
0.0
0.0
0.0
0.0
1.0
0.0
0.0
0.0
0.0
0.0
0.0
0.0
0.0
0.0
0.0
0.0
0.0
0.0
0.0
0.0
0.0
0.0
0.0
0.0
0.0
0.0
0.0
0.0
0.0
0.0
0.0
0.0
0.0
0.0
-2.0
0.0
0.0
0.0
1.0
0.0
0.0
0.0
0.0
0.0
0.0
0.0
0.0
0.0
0.0
0.0
0.0
0.0
0.0
0.0
0.0
0.0
0.0
0.0
-1.0
0.0
0.0
0.0
0.0
0.0
0.0
0.0
0.0
0.0
1.0
0.0
0.0
0.0
0.0
1.0
0.0
0.0
0.0
0.0
0.0
0.0
0.0
0.0
0.0
0.0
0.0
0.0
0.0
0.0
0.0
0.0
0.0
0.0
0.0
0.0
0.0
0.0
0.0
0.0
0.0
0.0
0.0
0.0
0.0
0.0
0.0
0.0
0.0
0.0
0.0
0.0
0.0
0.0
0.0
0.0
0.0
0.0
0.0
0.0
0.0
0.0
0.0
0.0
0.0
0.0
0.0
0.0
0.0
0.0
0.0
0.0
0.0
0.0
0.0
0.0
0.0
0.0
0.0
0.0
0.0
0.0
0.0
0.0
0.0
0.0
0.0
0.0
0.0
0.0
0.0
0.0
0.0
0.0
0.0
0.0
0.0
0.0
0.0
0.0
0.0
0.0
0.0
0.0
0.0
0.0
0.0
0.0
0.0
0.0
0.0
0.0
0.0
0.0
0.0
0.0
0.0
0.0
0.0
0.0
0.0
0.0
0.0
0.0
0.0
0.0
0.0
0.0
0.0
0.0
0.0
0.0
0.0
0.0
0.0
0.0
0.0
0.0
0.0
0.0
0.0
0.0
0.0
0.0
0.0
0.0
0.0
0.0
0.0
0.0
0.0
0.0
0.0
0.0
1.0
0.0
0.0
0.0
0.0
0.0
0.0
0.0
0.0
0.0
0.0
0.0
0.0
0.0
0.0
0.0
0.0
0.0
0.0
0.0
0.0
0.0
0.0
0.0
0.0
0.0
0.0
0.0
0.0
0.0
0.0
0.0
0.0
0.0
0.0
0.0
0.0
0.0
0.0
0.0
0.0
0.0
0.0
0.0
0.0
0.0
0.0
0.0
0.0
0.0
0.0
0.0
0.0
0.0
0.0
0.0
0.0
0.0
0.0
0.0
0.0
0.0
0.0
0.0
0.0
0.0
0.0
0.0
0.0
0.0
0.0
0.0
0.0
0.0
0.0
0.0
0.0
0.0
0.0
0.0
0.0
0.0
0.0
0.0
0.0
0.0
0.0
0.0
0.0
0.0
0.0
0.0
0.0
0.0
0.0
0.0
0.0
0.0
0.0
0.0
0.0
0.0
0.0
0.0
0.0
0.0
0.0
0.0
0.0
0.0
0.0
0.0
0.0
0.0
0.0
0.0
0.0
0.0
0.0
0.0
0.0
0.0
0.0
0.0
0.0
0.0
0.0
0.0
0.0
0.0
0.0
0.0
0.0
0.0
0.0
0.0
0.0
0.0
0.0
0.0
0.0
0.0
0.0
0.0
0.0
0.0
0.0
0.0
0.0
0.0
0.0
0.0
0.0
0.0
0.0
0.0
0.0
0.0
0.0
0.0
0.0
0.0
0.0
0.0
0.0
0.0
0.0
0.0
0.0
0.0
0.0
0.0
0.0
0.0
0.0
0.0
0.0
0.0
0.0
0.0
0.0
0.0
0.0
0.0
0.0
0.0
0.0
0.0
0.0
0.0
0.0
0.0
0.0
0.0
0.0
0.0
0.0
0.0
0.0
0.0
0.0
0.0
0.0
0.0
0.0
0.0
0.0
0.0
0.0
0.0
0.0
0.0
0.0
0.0
0.0
0.0
0.0
0.0
0.0
0.0
0.0
0.0
0.0
0.0
0.0
0.0
0.0
0.0
0.0
0.0
0.0
0.0
0.0
0.0
0.0
0.0
0.0
0.0
0.0
0.0
0.0
0.0
0.0
0.0
0.0
1.0
0.0
0.0
0.0
0.0
0.0
0.0
0.0
0.0
0.0
0.0
0.0
0.0
0.0
0.0
0.0
0.0
0.0
0.0
0.0
0.0
0.0
0.0
0.0
0.0
0.0
0.0
0.0
0.0
0.0
0.0
0.0
0.0
0.0
0.0
0.0
0.0
0.0
0.0
0.0
0.0
0.0
0.0
0.0
0.0
0.0
0.0
0.0
0.0
0.0
0.0
0.0
0.0
0.0
0.0
0.0
0.0
0.0
0.0
0.0
0.0
0.0
0.0
0.0
0.0
0.0
-1.0
0.0
0.0
0.0
0.0
0.0
0.0
0.0
0.0
0.0
0.0
0.0
0.0
0.0
0.0
0.0
0.0
0.0
0.0
0.0
0.0
0.0
0.0
0.0
0.0
0.0
0.0
0.0
0.0
0.0
0.0
0.0
0.0
0.0
0.0
0.0
0.0
0.0
0.0
0.0
0.0
0.0
0.0
0.0
0.0
0.0
0.0
0.0
0.0
0.0
0.0
0.0
0.0
0.0
0.0
0.0
0.0
0.0
0.0
0.0
0.0
0.0
0.0
0.0
0.0
0.0
0.0
0.0
0.0
0.0
0.0
0.0
0.0
0.0
0.0
0.0
0.0
0.0
0.0
0.0
0.0
0.0
0.0
0.0
0.0
0.0
0.0
0.0
0.0
0.0
0.0
0.0
0.0
0.0
0.0
0.0
-1.0
0.0
0.0
0.0
0.0
0.0
0.0
0.0
0.0
0.0
0.0
0.0
-1.0
0.0
0.0
0.0
0.0
0.0
0.0
0.0
0.0
0.0
0.0
0.0
0.0
0.0
0.0
0.0
0.0
0.0
0.0
0.0
0.0
0.0
0.0
0.0
0.0
0.0
0.0
0.0
0.0
0.0
0.0
0.0
0.0
0.0
0.0
1.0
0.0
0.0
0.0
0.0
0.0
0.0
0.0
0.0
0.0
0.0
1.0
0.0
0.0
0.0
0.0
0.0
0.0
0.0
0.0
0.0
0.0
0.0
0.0
0.0
0.0
0.0
0.0
0.0
0.0
0.0
-1.0
0.0
0.0
0.0
0.0
0.0
0.0
0.0
0.0
0.0
0.0
0.0
0.0
0.0
0.0
0.0
0.0
0.0
0.0
0.0
0.0
0.0
0.0
0.0
-1.0
0.0
0.0
0.0
0.0
0.0
0.0
0.0
0.0
0.0
0.0
0.0
0.0
0.0
0.0
0.0
0.0
0.0
0.0
0.0
0.0
0.0
0.0
0.0
0.0
0.0
0.0
0.0
0.0
0.0
0.0
0.0
0.0
0.0
0.0
0.0
0.0
0.0
0.0
0.0
0.0
0.0
0.0
0.0
0.0
0.0
0.0
0.0
0.0
0.0
-1.0
0.0
0.0
0.0
0.0
0.0
0.0
0.0
0.0
0.0
0.0
0.0
0.0
0.0
0.0
0.0
0.0
0.0
0.0
0.0
0.0
0.0
0.0
0.0
0.0
0.0
0.0
0.0
0.0
0.0
0.0
0.0
0.0
0.0
0.0
0.0
0.0
0.0
0.0
0.0
0.0
0.0
0.0
0.0
0.0
0.0
0.0
0.0
0.0
0.0
0.0
0.0
0.0
0.0
0.0
0.0
0.0
0.0
0.0
0.0
0.0
0.0
0.0
0.0
0.0
0.0
0.0
0.0
0.0
0.0
-1.0
0.0
0.0
0.0
0.0
0.0
0.0
0.0
0.0
0.0
0.0
0.0
0.0
0.0
0.0
0.0
0.0
0.0
0.0
0.0
0.0
0.0
0.0
0.0
0.0
0.0
0.0
0.0
0.0
0.0
0.0
0.0
0.0
0.0
0.0
0.0
0.0
0.0
0.0
0.0
0.0
0.0
0.0
0.0
0.0
0.0
0.0
0.0
0.0
0.0
0.0
0.0
0.0
0.0
0.0
0.0
0.0
0.0
0.0
0.0
0.0
0.0
0.0
0.0
0.0
0.0
0.0
0.0
0.0
0.0
0.0
0.0
0.0
0.0
0.0
0.0
0.0
0.0
0.0
0.0
0.0
0.0
0.0
0.0
0.0
0.0
0.0
0.0
0.0
0.0
0.0
-1.0
0.0
0.0
0.0
0.0
0.0
0.0
0.0
0.0
0.0
0.0
1.0
0.0
0.0
0.0
1.0
0.0
0.0
0.0
-1.0
0.0
0.0
0.0
0.0
0.0
0.0
0.0
0.0
0.0
0.0
0.0
-1.0
0.0
0.0
0.0
0.0
0.0
0.0
0.0
0.0
0.0
0.0
0.0
0.0
0.0
0.0
0.0
0.0
0.0
0.0
0.0
0.0
0.0
0.0
0.0
0.0
0.0
0.0
0.0
0.0
0.0
0.0
0.0
0.0
0.0
0.0
0.0
0.0
0.0
0.0
0.0
0.0
0.0
-1.0
0.0
0.0
0.0
0.0
0.0
0.0
0.0
0.0
0.0
0.0
0.0
0.0
0.0
0.0
1.0
0.0
0.0
0.0
0.0
0.0
0.0
0.0
0.0
0.0
0.0
0.0
0.0
0.0
0.0
0.0
0.0
0.0
0.0
0.0
0.0
0.0
0.0
0.0
0.0
0.0
0.0
0.0
0.0
0.0
0.0
0.0
0.0
0.0
0.0
-1.0
0.0
0.0
0.0
0.0
0.0
0.0
0.0
0.0
0.0
0.0
0.0
0.0
0.0
-1.0
0.0
0.0
0.0
0.0
0.0
0.0
0.0
0.0
0.0
0.0
0.0
0.0
0.0
0.0
0.0
0.0
0.0
0.0
0.0
0.0
0.0
0.0
0.0
0.0
0.0
0.0
0.0
0.0
0.0
0.0
1.0
0.0
0.0
0.0
0.0
0.0
0.0
0.0
0.0
0.0
0.0
0.0
0.0
0.0
0.0
0.0
0.0
0.0
0.0
0.0
0.0
0.0
0.0
0.0
0.0
0.0
0.0
0.0
0.0
0.0
0.0
0.0
0.0
0.0
0.0
0.0
0.0
0.0
0.0
0.0
0.0
0.0
0.0
0.0
0.0
0.0
-1.0
0.0
0.0
0.0
0.0
0.0
0.0
0.0
0.0
0.0
0.0
0.0
-1.0
0.0
0.0
1.0
0.0
0.0
0.0
0.0
0.0
0.0
0.0
0.0
0.0
0.0
0.0
0.0
0.0
0.0
0.0
0.0
0.0
0.0
0.0
0.0
0.0
0.0
0.0
0.0
0.0
0.0
0.0
0.0
0.0
0.0
0.0
0.0
0.0
0.0
0.0
0.0
0.0
1.0
0.0
0.0
0.0
0.0
0.0
0.0
0.0
0.0
0.0
0.0
0.0
0.0
0.0
0.0
0.0
0.0
0.0
0.0
0.0
0.0
0.0
0.0
0.0
0.0
0.0
0.0
0.0
0.0
0.0
0.0
0.0
0.0
0.0
0.0
0.0
0.0
0.0
0.0
0.0
0.0
0.0
0.0
0.0
0.0
0.0
0.0
0.0
0.0
0.0
0.0
0.0
0.0
0.0
0.0
0.0
0.0
0.0
0.0
0.0
0.0
0.0
0.0
0.0
0.0
0.0
0.0
0.0
0.0
0.0
0.0
0.0
0.0
0.0
0.0
0.0
0.0
0.0
0.0
0.0
0.0
0.0
0.0
0.0
0.0
-1.0
0.0
0.0
0.0
0.0
0.0
0.0
0.0
0.0
0.0
0.0
0.0
0.0
0.0
0.0
0.0
0.0
0.0
0.0
0.0
0.0
0.0
0.0
0.0
0.0
0.0
0.0
-1.0
0.0
0.0
0.0
0.0
0.0
0.0
0.0
0.0
0.0
0.0
0.0
0.0
0.0
0.0
0.0
0.0
0.0
0.0
0.0
0.0
0.0
0.0
0.0
0.0
-1.0
0.0
0.0
0.0
0.0
0.0
0.0
0.0
0.0
0.0
0.0
0.0
0.0
0.0
0.0
0.0
1.0
0.0
0.0
0.0
0.0
0.0
0.0
0.0
0.0
0.0
0.0
0.0
0.0
0.0
0.0
0.0
0.0
0.0
0.0
0.0
0.0
0.0
0.0
0.0
0.0
0.0
0.0
0.0
0.0
0.0
0.0
0.0
0.0
0.0
0.0
0.0
0.0
0.0
0.0
0.0
0.0
0.0
0.0
0.0
0.0
0.0
0.0
0.0
0.0
0.0
0.0
0.0
0.0
0.0
0.0
0.0
0.0
0.0
0.0
0.0
0.0
0.0
0.0
0.0
0.0
0.0
0.0
0.0
0.0
0.0
0.0
0.0
0.0
0.0
0.0
0.0
0.0
0.0
0.0
0.0
0.0
0.0
0.0
0.0
0.0
0.0
0.0
0.0
0.0
0.0
0.0
0.0
0.0
0.0
0.0
0.0
0.0
0.0
0.0
0.0
0.0
0.0
0.0
0.0
0.0
0.0
0.0
0.0
0.0
0.0
0.0
0.0
0.0
0.0
0.0
0.0
0.0
0.0
0.0
0.0
0.0
0.0
0.0
0.0
0.0
0.0
0.0
0.0
0.0
0.0
0.0
0.0
0.0
0.0
0.0
0.0
0.0
0.0
0.0
0.0
0.0
0.0
0.0
0.0
0.0
0.0
0.0
0.0
0.0
0.0
0.0
0.0
0.0
40.0
30452.0
9820.0
86016.0
0.0
0.0
0.0
0.0
0.0
0.0
0.0
0.0
0.0
0.0
0.0
0.0
0.0
0.0
0.0
0.0
0.0
0.0
116.0
30608.0
0.0
0.0
0.0
0.0
