0.14610885
0.0042074863
0.0032517116
0.003864654
0.0057762032
0.0034075445
0.0022439926
0.0021193265
0.0036984324
0.0018284385
0.0023478812
0.0017453276
0.0034179331
0.001714161
0.0020569933
0.003012768
0.005298316
0.001786883
0.0019219382
0.0018076608
0.0029608237
0.0023478812
0.0019634936
0.0017037722
0.00235827
0.001859605
0.0018284385
0.0017661053
0.0022751591
0.0016933833
0.001714161
0.0019427158
0.02440342
0.0017245499
0.001651828
0.0017972719
0.004654207
0.0028361573
0.0015894948
0.0019842712
0.0022128262
0.0022024373
0.0019946601
0.0020985487
0.0021193265
0.0022232148
0.010025245
0.0017453276
0.002514103
0.0023478812
0.0026179915
0.0038750428
0.003428322
0.0017557165
0.0017972719
0.0017764942
0.0017764942
0.0019842712
0.0015998837
0.0028153798
0.0022751591
0.0021816595
0.0016622167
0.0017557165
0.022398371
0.0020258266
0.0019115492
0.002649158
0.004290597
0.0046334295
0.0022128262
0.0017972719
0.0023271034
0.0020362155
0.002005049
0.001641439
0.0024621587
0.0024102144
0.002295937
0.002420603
0.0048308177
0.002420603
0.0022751591
0.003937376
0.0026803245
0.0032517116
0.0030231567
0.0028984905
0.0024829363
0.002919268
0.0021816595
0.0031997673
0.0021920484
0.0025452694
0.0026699356
0.0024725473
0.0018907716
0.010534299
0.005298316
0.0064203124
0.007853975
0.016372835
0.0077396967
0.010201856
0.008612361
0.0147833405
0.0033867666
0.0042594303
0.0074176425
0.0075007533
0.0118848495
0.010305744
0.011936794
0.001651828
0.009121414
0.011043353
0.01468984
0.009111025
0.0024413809
0.004228264
0.0033348224
0.0047580954
0.0017661053
0.0014959951
0.002077771
0.0017453276
0.0019011605
0.0020362155
0.003428322
0.0024517698
0.0015271617
0.004508763
0.002649158
0.0043321527
0.0014856062
0.0015583283
0.002077771
0.006513812
0.0023478812
0.01615467
0.0015375505
0.004820429
0.0018388273
0.0015271617
0.002420603
0.0018907716
0.0016622167
0.0014856062
0.0016102724
0.0015687171
0.001651828
0.0016310503
0.0017661053
0.0015167728
0.001506384
0.0015998837
0.001859605
0.0015687171
0.0017764942
0.0014959951
0.0019427158
0.002368659
0.0015167728
0.0019946601
0.0016829945
0.0015271617
0.0015167728
0.0016829945
0.0016829945
0.0015375505
0.001786883
0.001433662
0.002077771
0.001579106
0.0016933833
0.0015998837
0.0025348805
0.0018492162
0.0017557165
0.0015479394
0.002005049
0.0011843295
0.0017453276
0.0017764942
0.0032309338
0.0024933252
0.0022232148
0.0015998837
0.0018180496
0.0013505511
0.0014544397
0.0017972719
0.006939755
0.0020258266
0.0023998255
0.006295646
0.002794602
0.0016622167
0.0029504348
0.0030231567
0.0020673822
0.0020258266
0.0021712705
0.001786883
0.0024725473
0.0018076608
0.0018388273
0.001714161
0.0024413809
0.002368659
0.0028361573
0.0020362155
0.0021193265
0.0015479394
0.0019219382
0.0021712705
0.003075101
0.0017972719
0.001859605
0.0023478812
0.0023374923
0.0016310503
0.001859605
0.0019115492
0.0033140448
0.00235827
0.0021712705
0.0017557165
0.0019842712
0.001714161
0.0019531047
0.001641439
0.010056412
0.0031686006
0.0024517698
0.0041035977
0.0026699356
0.0014232731
0.0019946601
0.001714161
0.0035322106
0.0017037722
0.0019115492
0.0021816595
0.0024933252
0.00235827
0.002659547
0.0036776545
0.004228264
0.0021920484
0.002430992
0.0021816595
0.0039062095
0.0023167147
0.0028465462
0.042147584
0.032258064
0.0
0.0
0.0
0.0
0.0
0.0
0.0
0.0
0.0
0.0
0.0
0.0
0.0
0.0
0.0
0.0
0.0
0.0
0.0
0.0
0.0
0.0
0.0
0.0
0.0
0.0
0.0
0.0
0.0
0.0
0.0
0.0
0.0
0.0
0.0
0.0
0.0
0.0
0.0
0.0
0.0
0.0
0.0
0.0
0.0
0.0
0.0
0.0
0.0
0.0
0.0
0.0
0.0
0.0
0.0
0.0
0.0
0.0
0.0
0.0
0.0
0.0
0.0
0.0
0.0
0.0
0.0
0.0
0.0
0.0
0.0
0.0
0.0
0.0
0.0
0.0
0.0
0.0
0.0
0.0
0.0
0.0
0.0
0.0
0.0
0.0
0.0
0.0
0.0
0.0
0.0
0.0
0.0
0.0
0.0
0.016160535
0.00026776714
0.0002467658
0.00019426244
0.0016013525
0.00028351814
0.00016801075
0.0002782678
0.0002205141
0.00018901209
0.00021001344
0.00021001344
0.0004410282
0.00046202957
0.00029926916
0.00027301747
0.0
0.0
0.0
0.0
0.0
0.0
0.0
0.0
0.0
0.0
0.0
0.0
0.0
0.0
0.0
0.0
0.017268356
0.00017326108
0.02544313
0.0011235719
1.0500672e-05
0.0
0.07866053
0.036678847
0.0
0.0
0.0
0.0
0.0
0.0
0.0
0.012684812
0.0027249244
0.0002047631
0.002798429
0.00028876847
0.0005355343
0.00023626511
0.008962324
0.0038012434
0.0
0.0
0.0
0.0
0.0
0.0
0.0
0.001953125
0.01421266
0.0011760753
0.003171203
0.0013808383
0.002782678
0.0012600806
0.009240591
0.0040427586
0.00092930946
9.9756384e-05
4.7253023e-05
0.00015225974
0.00062479
0.0004935316
0.0002782678
0.0031186996
0.0039902553
0.00019951277
0.00014700941
0.00011550739
0.0028719339
0.00016276042
0.00010500672
0.00015225974
0.00012600806
0.0004987819
0.0005145329
0.00056178594
0.0005565356
0.00039902554
0.00018376176
0.00016801075
0.02062332
0.0018691196
0.002751176
0.0020371303
0.008521295
0.0021473875
0.0075079803
0.0038957493
0.002420405
0.0007665491
0.00091355847
0.0013493364
0.0018953714
0.0010868196
0.0020896338
0.0046412973
0.017242104
0.0026934224
0.0023679016
0.0020581316
0.0063476562
0.0039115003
0.0033339635
0.0030976983
0.007886005
0.0004672799
0.0010500673
0.0018848706
0.00453104
0.0019636257
0.005082325
0.011351227
0.042427965
0.0067729335
0.0070774527
0.007875504
0.015383485
0.015745757
0.006531418
0.01031166
0.026225429
0.0028771842
0.003454721
0.0048040575
0.014511929
0.008148521
0.014963457
0.027942289
0.020996094
0.021846648
0.021547379
0.02108535
0.02173639
0.022266675
0.020891087
0.021515878
0.021190356
0.022082914
0.02141087
0.021342617
0.021542128
0.021762643
0.02171539
0.021153605
722.0
26.998615
19493.0
0.10819268
0.0005643051
0.0007182065
0.0007182065
0.0015903144
0.0006156056
0.0005643051
0.0013851126
0.0009747089
0.0008721079
0.0015903144
0.00051300466
0.0011799107
0.0020007181
0.041348178
0.0009234084
0.001436413
0.0013338121
0.0012312112
0.0012825116
0.0005643051
0.0009234084
0.0005643051
0.0003078028
0.000769507
0.00066690607
0.00041040374
0.000769507
0.0011286102
0.0008721079
0.0006156056
0.00051300466
0.002872826
0.0021546197
0.001436413
0.001539014
0.0011799107
0.0030267276
0.0013851126
0.0010773098
0.0013851126
0.0013338121
0.0009747089
0.0008721079
0.0012825116
0.001539014
0.0009747089
0.0012312112
0.0020520187
0.0017442158
0.0013851126
0.0022059202
0.0015903144
0.0020007181
0.001436413
0.0013338121
0.0010260093
0.0020520187
0.0011286102
0.0015903144
0.0009747089
0.0012825116
0.0014877135
0.001436413
0.00051300466
0.04617042
0.019340277
0.02416252
0.023906017
0.07428308
0.02842046
0.0436054
0.027650952
0.06684451
0.002411122
0.014928436
0.028882163
0.02965167
0.051249165
0.043759298
0.050787464
0.0004617042
0.03652593
0.045708716
0.04745293
0.024521623
0.0036423332
0.011953008
0.008669779
0.014979736
0.0012312112
0.0005643051
0.00020520187
0.00035910326
0.0003078028
0.0007182065
4.931116
0.0
0.0
0.0
2.0
96257.0
425984.0
0.0
0.0
0.0
0.0
0.0
0.0
0.0
0.0
708992500.0
0.0
0.0
0.0
0.0
0.0
1.0
0.0
0.0
0.0
0.0
0.0
0.0
-1.0
1.0
-1.0
-1.0
1.0
1.0
0.0
0.0
0.0
0.0
0.0
0.0
0.0
0.0
0.0
0.0
-1.0
0.0
0.0
0.0
0.0
0.0
0.0
0.0
0.0
0.0
0.0
0.0
0.0
-1.0
0.0
0.0
0.0
0.0
0.0
0.0
0.0
0.0
0.0
0.0
2.0
25.0
4.0
0.0
4.0
0.0
61440.0
1024.0
4096.0
4.0
0.0
0.0
2.0
4.0
0.0
0.0
0.0
0.0
0.0
0.0
0.0
0.0
0.0
0.0
0.0
0.0
0.0
0.0
0.0
0.0
0.0
-2048.0
0.0
0.0
0.0
0.0
0.0
0.0
0.0
0.0
0.0
0.0
-60416.0
0.0
0.0
0.0
0.0
0.0
352256.0
0.0
0.0
0.0
0.0
0.0
0.0
0.0
0.0
1024.0
0.0
0.0
0.0
0.0
0.0
0.0
0.0
0.0
0.0
0.0
0.0
0.0
0.0
0.0
0.0
0.0
0.0
0.0
0.0
0.0
0.0
0.0
0.0
0.0
0.0
0.0
0.0
0.0
0.0
0.0
0.0
0.0
0.0
0.0
0.0
0.0
0.0
0.0
0.0
0.0
7.0297728
0.0
0.0
0.0
0.0
0.0
0.0
0.0
0.0
0.0
0.0
0.0
0.0
0.0
0.0
0.0
0.0
0.0
0.0
0.0
0.0
0.0
0.0
0.0
0.0
0.0
0.0
0.0
0.0
0.0
0.0
0.0
0.0
-4096.0
0.0
0.0
0.0
0.0
0.0
0.0
0.0
0.0
0.0
0.0
-61440.0
0.0
0.0
0.0
0.0
0.0
352256.0
0.0
0.0
0.0
0.0
0.0
0.0
0.0
0.0
4096.0
0.0
0.0
0.0
0.0
0.0
0.0
0.0
0.0
0.0
0.0
0.0
0.0
0.0
0.0
0.0
0.0
0.0
0.0
1.0
0.0
0.0
0.0
0.0
0.0
0.0
0.0
-1.0
0.0
0.0
0.0
0.0
0.0
0.0
0.0
0.0
0.0
0.0
-1.0
0.0
0.0
0.0
0.0
0.0
0.0
0.0
-1.0
0.0
0.0
0.0
0.0
0.0
0.0
0.0
0.0
0.0
0.0
0.0
0.0
0.0
0.0
0.0
0.0
0.0
0.0
0.0
0.0
0.0
0.0
0.0
-1.0
0.0
0.0
0.0
0.0
0.0
0.0
0.0
0.0
0.0
1.0
0.0
0.0
0.0
0.0
1.0
0.0
0.0
0.0
0.0
0.0
0.0
0.0
0.0
1.0
0.0
0.0
0.0
0.0
0.0
0.0
0.0
0.0
0.0
-1.0
0.0
0.0
0.0
0.0
0.0
0.0
0.0
0.0
0.0
0.0
0.0
0.0
0.0
0.0
0.0
0.0
0.0
0.0
0.0
0.0
0.0
0.0
0.0
0.0
0.0
0.0
0.0
0.0
0.0
0.0
0.0
0.0
0.0
0.0
0.0
0.0
0.0
0.0
0.0
0.0
0.0
0.0
0.0
0.0
0.0
0.0
0.0
0.0
0.0
0.0
0.0
0.0
0.0
0.0
0.0
0.0
0.0
0.0
0.0
0.0
0.0
0.0
0.0
0.0
0.0
0.0
0.0
0.0
0.0
0.0
0.0
0.0
0.0
0.0
0.0
0.0
0.0
0.0
0.0
0.0
0.0
0.0
0.0
0.0
0.0
0.0
0.0
0.0
0.0
0.0
0.0
0.0
0.0
0.0
0.0
0.0
0.0
0.0
0.0
0.0
0.0
0.0
0.0
0.0
0.0
0.0
0.0
0.0
0.0
0.0
0.0
0.0
0.0
0.0
0.0
0.0
0.0
0.0
0.0
0.0
0.0
0.0
0.0
0.0
0.0
0.0
0.0
0.0
0.0
0.0
0.0
0.0
0.0
0.0
0.0
0.0
0.0
0.0
0.0
0.0
0.0
0.0
0.0
0.0
0.0
0.0
0.0
0.0
0.0
0.0
0.0
0.0
0.0
0.0
0.0
0.0
0.0
0.0
0.0
0.0
0.0
0.0
0.0
0.0
0.0
0.0
0.0
0.0
0.0
0.0
0.0
0.0
0.0
0.0
0.0
0.0
0.0
0.0
0.0
0.0
0.0
0.0
0.0
0.0
0.0
0.0
0.0
0.0
0.0
0.0
0.0
0.0
0.0
0.0
0.0
0.0
0.0
0.0
0.0
0.0
0.0
0.0
0.0
0.0
0.0
0.0
0.0
0.0
0.0
0.0
0.0
0.0
0.0
0.0
0.0
0.0
0.0
0.0
0.0
0.0
0.0
0.0
0.0
0.0
0.0
0.0
0.0
0.0
0.0
0.0
0.0
0.0
0.0
0.0
0.0
0.0
0.0
0.0
0.0
0.0
0.0
0.0
0.0
0.0
0.0
0.0
0.0
0.0
0.0
0.0
0.0
0.0
0.0
0.0
0.0
0.0
0.0
0.0
0.0
0.0
0.0
0.0
0.0
0.0
0.0
0.0
0.0
0.0
0.0
0.0
0.0
0.0
0.0
0.0
0.0
0.0
0.0
0.0
0.0
0.0
0.0
0.0
0.0
0.0
0.0
0.0
0.0
0.0
0.0
0.0
0.0
0.0
0.0
0.0
0.0
0.0
0.0
0.0
0.0
0.0
0.0
0.0
0.0
0.0
0.0
0.0
0.0
0.0
0.0
0.0
0.0
0.0
0.0
0.0
0.0
0.0
0.0
0.0
0.0
0.0
0.0
0.0
0.0
0.0
0.0
0.0
0.0
0.0
0.0
0.0
0.0
0.0
0.0
0.0
0.0
0.0
0.0
0.0
0.0
0.0
0.0
0.0
0.0
0.0
0.0
0.0
0.0
0.0
0.0
0.0
0.0
0.0
0.0
0.0
0.0
0.0
0.0
0.0
0.0
0.0
0.0
0.0
0.0
0.0
0.0
0.0
0.0
0.0
0.0
0.0
0.0
0.0
0.0
0.0
0.0
0.0
0.0
0.0
0.0
0.0
0.0
0.0
0.0
0.0
0.0
0.0
0.0
0.0
0.0
0.0
0.0
0.0
0.0
0.0
0.0
0.0
0.0
0.0
0.0
0.0
0.0
0.0
0.0
0.0
0.0
0.0
0.0
0.0
0.0
0.0
0.0
0.0
0.0
0.0
0.0
0.0
0.0
0.0
0.0
0.0
0.0
0.0
0.0
0.0
0.0
0.0
0.0
0.0
0.0
0.0
0.0
0.0
0.0
0.0
0.0
0.0
0.0
0.0
0.0
0.0
0.0
0.0
0.0
0.0
0.0
0.0
0.0
0.0
0.0
0.0
0.0
0.0
0.0
0.0
0.0
0.0
0.0
0.0
0.0
0.0
0.0
0.0
0.0
0.0
0.0
0.0
0.0
0.0
0.0
0.0
0.0
0.0
0.0
0.0
0.0
0.0
0.0
0.0
0.0
0.0
0.0
0.0
0.0
0.0
0.0
0.0
0.0
0.0
0.0
0.0
0.0
0.0
0.0
0.0
0.0
0.0
0.0
0.0
0.0
0.0
0.0
0.0
0.0
0.0
0.0
0.0
0.0
0.0
0.0
0.0
0.0
0.0
0.0
0.0
0.0
0.0
0.0
0.0
0.0
0.0
0.0
0.0
0.0
0.0
0.0
0.0
0.0
0.0
0.0
0.0
0.0
0.0
0.0
0.0
0.0
0.0
0.0
0.0
0.0
0.0
0.0
0.0
0.0
0.0
0.0
0.0
0.0
0.0
0.0
0.0
0.0
0.0
0.0
0.0
0.0
0.0
0.0
0.0
0.0
0.0
0.0
0.0
0.0
0.0
0.0
0.0
0.0
0.0
0.0
0.0
0.0
0.0
0.0
0.0
0.0
0.0
0.0
0.0
0.0
0.0
0.0
0.0
0.0
0.0
0.0
0.0
0.0
0.0
0.0
0.0
0.0
0.0
0.0
0.0
0.0
0.0
0.0
0.0
0.0
0.0
0.0
0.0
0.0
0.0
0.0
0.0
0.0
0.0
0.0
0.0
0.0
0.0
0.0
0.0
0.0
0.0
0.0
0.0
0.0
0.0
0.0
0.0
0.0
0.0
0.0
0.0
0.0
0.0
0.0
0.0
0.0
0.0
0.0
0.0
0.0
0.0
0.0
0.0
0.0
0.0
0.0
0.0
0.0
0.0
0.0
0.0
0.0
0.0
0.0
0.0
0.0
0.0
0.0
0.0
0.0
0.0
0.0
0.0
0.0
0.0
0.0
0.0
0.0
0.0
0.0
0.0
0.0
0.0
0.0
0.0
0.0
0.0
0.0
0.0
0.0
0.0
0.0
0.0
0.0
0.0
0.0
0.0
0.0
0.0
0.0
0.0
0.0
0.0
0.0
0.0
0.0
0.0
0.0
0.0
0.0
0.0
0.0
0.0
0.0
0.0
0.0
0.0
0.0
0.0
0.0
0.0
0.0
0.0
0.0
0.0
0.0
0.0
0.0
0.0
0.0
0.0
0.0
0.0
0.0
0.0
0.0
0.0
0.0
0.0
0.0
0.0
0.0
0.0
0.0
0.0
0.0
0.0
0.0
0.0
0.0
0.0
0.0
0.0
0.0
0.0
0.0
0.0
0.0
0.0
0.0
0.0
0.0
0.0
0.0
0.0
0.0
0.0
0.0
0.0
0.0
0.0
0.0
0.0
0.0
0.0
0.0
0.0
0.0
0.0
0.0
0.0
0.0
0.0
0.0
0.0
0.0
0.0
0.0
0.0
0.0
0.0
0.0
0.0
0.0
0.0
0.0
0.0
0.0
0.0
0.0
0.0
0.0
0.0
0.0
0.0
0.0
0.0
0.0
0.0
0.0
0.0
0.0
0.0
0.0
0.0
0.0
0.0
0.0
0.0
0.0
0.0
0.0
0.0
0.0
0.0
0.0
0.0
0.0
0.0
0.0
0.0
0.0
0.0
0.0
0.0
0.0
0.0
0.0
0.0
0.0
0.0
0.0
0.0
0.0
0.0
0.0
0.0
0.0
0.0
0.0
0.0
0.0
0.0
0.0
0.0
0.0
0.0
0.0
0.0
0.0
0.0
0.0
0.0
0.0
0.0
0.0
0.0
0.0
0.0
0.0
0.0
0.0
0.0
0.0
0.0
0.0
0.0
0.0
0.0
0.0
0.0
0.0
0.0
0.0
0.0
0.0
0.0
0.0
0.0
0.0
0.0
0.0
0.0
0.0
0.0
0.0
0.0
0.0
0.0
0.0
0.0
0.0
0.0
0.0
0.0
0.0
0.0
0.0
0.0
0.0
0.0
0.0
0.0
0.0
0.0
0.0
0.0
0.0
0.0
0.0
0.0
0.0
0.0
0.0
0.0
0.0
0.0
0.0
0.0
0.0
0.0
0.0
0.0
0.0
0.0
0.0
0.0
0.0
0.0
0.0
0.0
0.0
0.0
0.0
0.0
0.0
0.0
0.0
0.0
0.0
0.0
0.0
0.0
0.0
0.0
0.0
0.0
0.0
0.0
0.0
0.0
0.0
0.0
0.0
0.0
0.0
0.0
0.0
0.0
0.0
0.0
0.0
0.0
0.0
0.0
0.0
0.0
0.0
0.0
0.0
0.0
0.0
0.0
0.0
0.0
0.0
0.0
0.0
0.0
0.0
0.0
0.0
0.0
0.0
0.0
0.0
0.0
0.0
0.0
0.0
0.0
0.0
0.0
0.0
0.0
0.0
0.0
0.0
0.0
0.0
0.0
0.0
0.0
0.0
0.0
0.0
0.0
0.0
0.0
0.0
0.0
0.0
0.0
0.0
0.0
0.0
0.0
0.0
0.0
0.0
0.0
0.0
0.0
0.0
0.0
0.0
0.0
0.0
0.0
0.0
0.0
0.0
0.0
0.0
0.0
0.0
0.0
0.0
0.0
0.0
0.0
0.0
0.0
0.0
0.0
0.0
0.0
0.0
0.0
0.0
0.0
0.0
0.0
0.0
0.0
0.0
0.0
0.0
0.0
0.0
0.0
0.0
0.0
0.0
0.0
0.0
0.0
0.0
0.0
0.0
0.0
0.0
0.0
0.0
0.0
0.0
0.0
0.0
0.0
0.0
0.0
0.0
0.0
0.0
0.0
0.0
0.0
0.0
0.0
0.0
0.0
0.0
0.0
0.0
0.0
0.0
0.0
0.0
0.0
0.0
0.0
0.0
0.0
0.0
0.0
0.0
0.0
0.0
0.0
0.0
0.0
0.0
0.0
0.0
0.0
0.0
0.0
0.0
0.0
0.0
0.0
0.0
0.0
0.0
0.0
0.0
0.0
0.0
0.0
0.0
0.0
0.0
0.0
0.0
0.0
0.0
0.0
0.0
0.0
0.0
0.0
0.0
0.0
0.0
0.0
0.0
0.0
0.0
0.0
0.0
0.0
0.0
0.0
0.0
0.0
0.0
0.0
0.0
0.0
0.0
0.0
0.0
0.0
0.0
0.0
0.0
0.0
0.0
0.0
0.0
0.0
0.0
0.0
0.0
0.0
0.0
0.0
0.0
0.0
0.0
0.0
0.0
0.0
0.0
0.0
0.0
0.0
0.0
0.0
0.0
0.0
0.0
0.0
0.0
0.0
0.0
0.0
0.0
0.0
0.0
0.0
0.0
0.0
0.0
0.0
0.0
0.0
0.0
0.0
0.0
0.0
0.0
0.0
0.0
0.0
0.0
0.0
0.0
0.0
0.0
0.0
0.0
0.0
0.0
0.0
0.0
0.0
0.0
0.0
0.0
0.0
0.0
0.0
0.0
0.0
0.0
0.0
0.0
0.0
0.0
0.0
0.0
0.0
0.0
0.0
0.0
0.0
0.0
0.0
0.0
0.0
0.0
0.0
0.0
0.0
0.0
0.0
0.0
0.0
0.0
0.0
0.0
0.0
0.0
0.0
0.0
0.0
0.0
0.0
0.0
0.0
0.0
0.0
0.0
0.0
0.0
0.0
0.0
0.0
0.0
0.0
0.0
0.0
0.0
0.0
0.0
0.0
0.0
0.0
0.0
0.0
0.0
0.0
0.0
0.0
0.0
0.0
0.0
0.0
0.0
0.0
0.0
0.0
0.0
0.0
0.0
0.0
0.0
0.0
0.0
0.0
0.0
0.0
0.0
0.0
0.0
0.0
0.0
0.0
0.0
0.0
0.0
0.0
0.0
0.0
0.0
0.0
0.0
0.0
0.0
0.0
0.0
0.0
0.0
0.0
0.0
0.0
0.0
0.0
0.0
0.0
0.0
0.0
0.0
0.0
0.0
0.0
0.0
0.0
0.0
0.0
0.0
0.0
0.0
0.0
0.0
0.0
0.0
0.0
0.0
0.0
0.0
0.0
0.0
0.0
0.0
0.0
0.0
0.0
0.0
0.0
0.0
0.0
0.0
0.0
0.0
0.0
0.0
0.0
0.0
0.0
0.0
0.0
0.0
0.0
0.0
0.0
0.0
0.0
0.0
0.0
0.0
0.0
0.0
0.0
0.0
0.0
0.0
0.0
0.0
0.0
0.0
0.0
0.0
0.0
0.0
0.0
0.0
0.0
0.0
0.0
0.0
0.0
0.0
0.0
0.0
0.0
180.0
421888.0
496.0
417792.0
0.0
0.0
0.0
0.0
0.0
0.0
0.0
0.0
0.0
0.0
0.0
0.0
24.0
416500.0
0.0
0.0
0.0
0.0
0.0
0.0
0.0
0.0
0.0
0.0
