0.015005224
0.006946599
0.0066675586
0.006651469
0.006783404
0.0066969795
0.0066271042
0.006682729
0.0069723427
0.006612394
0.006729159
0.0066533075
0.006763177
0.0066758334
0.0065944656
0.006854199
0.0068183416
0.006691003
0.006526889
0.006654227
0.0067300783
0.006685487
0.0065963045
0.006599522
0.006616991
0.0065181544
0.006637218
0.006577916
0.0066988184
0.0065415995
0.0065627457
0.0065737786
0.006620669
0.0066119344
0.0065117185
0.0066064177
0.0066477912
0.0066128536
0.0065940055
0.006615152
0.0067935176
0.006620669
0.0065963045
0.006651469
0.0066317017
0.006628024
0.0065926267
0.0065958444
0.006729159
0.0067530638
0.006628024
0.0066546868
0.0066183703
0.006594925
0.0065880297
0.0065691816
0.006662502
0.006714908
0.006579755
0.006604579
0.006586191
0.00664963
0.0066519286
0.0065181544
0.0040260945
0.0035925931
0.0029209643
0.003022559
0.0029163673
0.003732803
0.0028943014
0.002860743
0.0028988984
0.0028561458
0.0028487907
0.0028198294
0.002899818
0.0028975194
0.0028966
0.002884188
0.0032243696
0.0028561458
0.0029080927
0.0030781834
0.002929239
0.00306807
0.00292786
0.0029283196
0.0028814296
0.002947627
0.0029039553
0.0029283196
0.0028474117
0.002965096
0.002879591
0.002860743
0.0028028202
0.0034238815
0.0030326727
0.0031259926
0.0030947328
0.003606844
0.0030657714
0.0030657714
0.003133348
0.00325471
0.003011986
0.0029536034
0.0031733422
0.003063473
0.0033057372
0.0033158509
0.003033592
0.002840516
0.0033604421
0.0032744773
0.0033494092
0.003242298
0.0029007373
0.0028952209
0.0029053343
0.0030271562
0.002860743
0.0028552266
0.0028644206
0.0029342957
0.002817071
0.0028598236
0.0029471675
0.0028382174
0.0028299429
0.003366878
0.0028561458
0.0030791028
0.002824886
0.0028409758
0.0028906239
0.0035976497
0.0028441937
0.00367534
0.0028943014
0.003049222
0.0028069576
0.0028175307
0.0035282343
0.0028455728
0.0028074172
0.002809256
0.0028566057
0.0028331608
0.002821668
0.0028258055
0.0028349995
0.0027807544
0.0028423548
0.00281891
0.0028331608
0.0028437339
0.00281891
0.0028460324
0.002804659
0.0028961403
0.0028198294
0.0028529281
0.0028492503
0.0028667192
0.0028069576
0.0027927067
0.0028409758
0.002815692
0.0028106351
0.002781214
0.0028579847
0.0028037396
0.0028529281
0.002820289
0.0028317815
0.002822128
0.0028161516
0.0028041992
0.0028285636
0.0028363788
0.002884188
0.002882349
0.0028800506
0.0028906239
0.0028722356
0.0028239666
0.002829483
0.0028129336
0.0028345399
0.0028800506
0.003070828
0.0029108508
0.002924642
0.002993138
0.0029687737
0.0028336204
0.002929239
0.0030110665
0.0029200448
0.0028552266
0.0028635012
0.0028713162
0.002871776
0.0028115546
0.0028363788
0.002829483
0.002924642
0.002879591
0.0028694775
0.0028423548
0.002879591
0.0028680982
0.0028754536
0.0028446533
0.0029457884
0.0028322414
0.0028740745
0.002904415
0.002882349
0.0028726952
0.0028883254
0.0028179905
0.0030593355
0.0028198294
0.0028533877
0.002876373
0.0028768326
0.0028947613
0.0028708566
0.0028423548
0.0030915148
0.0029315376
0.0028924625
0.0030551981
0.0029669348
0.002874994
0.0028625818
0.002882349
0.002947627
0.0028524683
0.0028423548
0.0028910835
0.0029425705
0.0028625818
0.0028864865
0.0029099314
0.0030400278
0.0029030358
0.0028345399
0.002899818
0.0031002492
0.0029039553
0.0029365942
0.0036514353
0.0
0.0
0.0
0.0
0.0
0.0
0.0
0.0
0.0
0.0
0.0
0.0
0.0
0.0
0.0
0.0
0.0
0.0
0.0
0.0
0.0
0.0
0.0
0.0
0.0
0.0
0.0
0.0
0.0
0.0
0.0
0.0
0.0
0.0
0.0
0.0
0.0
0.0
0.0
0.0
0.0
0.0
0.0
0.0
0.0
0.0
0.0
0.0
0.00042135245
1.0349814e-05
4.5999175e-07
1.839967e-06
1.6559703e-05
8.96984e-06
2.2999589e-06
6.8998764e-07
2.2999588e-07
2.2999588e-07
0.0
5.519901e-06
0.0
4.5999175e-07
2.0699629e-06
0.0
0.00040663272
1.6099712e-06
3.90993e-06
1.839967e-06
8.96984e-06
6.6698803e-06
1.793968e-05
5.9798926e-06
2.0699629e-06
2.7599506e-06
6.8998764e-07
1.6099712e-06
3.679934e-06
1.3799753e-06
1.3799753e-06
3.90993e-06
0.00032153423
0.0
0.0
1.7249691e-05
1.3569756e-05
4.8299135e-06
0.0014303444
0.0005676298
0.0
0.0
0.0
0.0
0.0
0.0
0.0
0.0
0.001002782
2.2999588e-07
2.0699628e-05
5.358904e-05
7.083873e-05
5.5199012e-05
0.0013555957
0.00072862697
4.5999175e-07
6.8998764e-07
2.2999588e-07
2.2999588e-07
7.359868e-06
2.2999588e-07
2.2999588e-07
2.2999588e-07
0.00024149567
0.0
0.0
0.00017548686
6.8998766e-06
3.2199423e-06
0.0006764179
0.00030957445
0.0
0.0
0.0
0.0
0.0
0.0
0.0
0.0
0.0010326814
2.4379564e-05
2.3229584e-05
8.256852e-05
0.0005358904
0.00028565488
0.0001230478
5.1749073e-05
1.7249691e-05
1.2419778e-05
1.0349814e-05
1.7249691e-05
4.2089247e-05
6.7618785e-05
1.3109765e-05
1.5869715e-05
0.0008594946
7.22187e-05
2.5759538e-05
0.0001561672
0.00038731305
9.291834e-05
0.0007019474
0.00031992426
1.954965e-05
1.8169674e-05
1.6099712e-05
1.7479686e-05
5.243906e-05
3.7029335e-05
1.6099712e-05
3.35794e-05
0.000447112
2.9899464e-05
2.6449527e-05
2.3689576e-05
0.00027185513
2.5759538e-05
0.0001616871
7.658863e-05
2.2539596e-05
1.9319654e-05
1.954965e-05
1.9319654e-05
1.8629666e-05
1.8629666e-05
0.00013638755
9.567828e-05
0.001448514
8.348851e-05
0.00010487812
0.00011545793
0.00075668644
9.4988296e-05
0.00028197494
0.0001895166
0.00011108801
6.531883e-05
5.5659002e-05
7.060874e-05
7.313869e-05
0.00030911446
0.00023298583
0.00024586558
0.0003017546
2.23096e-05
3.4499382e-05
3.8639308e-05
8.624845e-05
4.070927e-05
4.2779233e-05
3.0819447e-05
0.000100738194
2.0469633e-05
1.3799753e-05
1.954965e-05
2.851949e-05
7.589864e-06
8.969839e-05
6.393885e-05
0.002056393
0.00039191297
0.00016467705
0.00021688611
0.00082959514
0.00067549787
0.0002341358
0.000334414
0.0014294244
0.0003075045
7.083873e-05
0.00015478722
0.0005096709
0.00021987606
0.0005480802
0.00080590555
0.002349868
0.00047770143
0.00031670433
0.00028312491
0.0009664427
0.000838565
0.00035511365
0.0004565418
0.0015179728
0.0005241606
0.00012373779
0.00024448562
0.000613859
0.00025828538
0.0005416403
0.0009655227
0.10493769
0.1049347
0.105223805
0.10496276
0.045019854
0.045006283
0.045046534
0.044959363
0.044929694
0.044981215
0.044966266
0.044977304
0.045157623
0.045093223
0.04507574
0.0451613
15853.0
5.8769317
93167.0
0.013846104
0.013287967
0.013277234
0.013363101
0.013116232
0.013470435
0.013159166
0.0132665
0.0131699
0.012933764
0.0136636365
0.013363101
0.012987431
0.013180633
0.014103706
0.013255767
0.014264707
0.01414664
0.01461891
0.014597443
0.013803171
0.012933764
0.013212833
0.013910505
0.01367437
0.013953438
0.0137709705
0.013652903
0.01282643
0.013481168
0.013019632
0.01245076
0.0062146466
0.008543798
0.0066976505
0.008307663
0.0070625865
0.008200329
0.0073738554
0.0066976505
0.006407848
0.0075777904
0.006246847
0.0065903165
0.0071699205
0.0071699205
0.00842573
0.007148454
0.0072665215
0.006654717
0.007234321
0.008168128
0.007878326
0.0070625865
0.0070303865
0.0074275224
0.0064185816
0.0067727845
0.006397115
0.005989245
0.006300514
0.0063112476
0.006450782
0.0063434476
0.0059570447
0.01889081
0.009992809
0.011516954
0.011420352
0.023184175
0.008125194
0.009606406
0.010604613
0.015670784
0.0069874525
0.0088336
0.012944497
0.010830015
0.01621819
0.015284382
0.009595673
0.007051853
0.01794627
0.014812112
0.014586709
0.010100143
0.008404263
0.007964193
0.007330922
0.009670806
0.007019653
0.0062897806
0.006321981
0.0061073126
0.0065473826
0.0068801185
6.4989195
2.0
0.0
0.0
14.0
2175309.0
98304.0
0.0
0.0
6.0
0.0
0.0
0.0
0.0
0.0
1141321900.0
0.0
0.0
0.0
0.0
0.0
1.0
0.0
0.0
0.0
0.0
0.0
0.0
-1.0
0.0
-1.0
-1.0
0.0
0.0
0.0
0.0
0.0
0.0
0.0
0.0
0.0
0.0
0.0
0.0
-1.0
0.0
0.0
0.0
0.0
0.0
0.0
0.0
0.0
0.0
0.0
0.0
0.0
-1.0
0.0
0.0
0.0
0.0
0.0
0.0
0.0
0.0
0.0
0.0
2.0
50.0
4.0
0.0
4.0
0.0
42496.0
4096.0
4096.0
3.0
0.0
0.0
1.0
1.0
0.0
0.0
0.0
0.0
0.0
0.0
0.0
0.0
0.0
0.0
0.0
0.0
0.0
0.0
26112.0
0.0
0.0
0.0
0.0
0.0
0.0
0.0
0.0
0.0
0.0
0.0
0.0
0.0
0.0
0.0
0.0
0.0
-16384.0
0.0
0.0
0.0
0.0
0.0
0.0
0.0
0.0
-42496.0
0.0
0.0
0.0
0.0
0.0
0.0
0.0
0.0
0.0
0.0
0.0
0.0
0.0
0.0
0.0
0.0
0.0
0.0
0.0
0.0
0.0
0.0
5.2029037
0.0
0.0
0.0
0.0
0.0
0.0
0.0
0.0
0.0
0.0
0.0
0.0
0.0
0.0
0.0
0.0
0.0
-4.8616734
0.0
0.0
0.0
0.0
0.0
0.0
0.0
0.0
-6.4578476
0.0
0.0
0.0
0.0
0.0
0.0
0.0
0.0
0.0
0.0
0.0
0.0
0.0
0.0
0.0
0.0
0.0
0.0
0.0
0.0
0.0
0.0
25860.0
0.0
0.0
0.0
0.0
0.0
0.0
0.0
0.0
0.0
0.0
0.0
0.0
0.0
0.0
0.0
0.0
0.0
-16832.0
0.0
0.0
0.0
0.0
0.0
0.0
0.0
0.0
-42342.0
0.0
0.0
0.0
0.0
0.0
0.0
0.0
0.0
0.0
0.0
0.0
-1.0
0.0
0.0
0.0
0.0
0.0
1.0
0.0
0.0
0.0
0.0
0.0
0.0
0.0
0.0
0.0
0.0
0.0
0.0
0.0
0.0
0.0
0.0
0.0
0.0
0.0
0.0
0.0
0.0
0.0
0.0
0.0
0.0
0.0
0.0
0.0
-2.0
0.0
0.0
0.0
1.0
0.0
0.0
0.0
0.0
0.0
0.0
0.0
0.0
0.0
0.0
0.0
0.0
0.0
0.0
0.0
0.0
0.0
0.0
0.0
-1.0
0.0
0.0
0.0
0.0
0.0
0.0
0.0
0.0
0.0
1.0
0.0
0.0
0.0
0.0
1.0
0.0
0.0
0.0
0.0
0.0
0.0
0.0
0.0
0.0
0.0
0.0
0.0
0.0
0.0
0.0
0.0
0.0
0.0
0.0
0.0
0.0
0.0
0.0
0.0
0.0
0.0
0.0
0.0
0.0
0.0
0.0
0.0
0.0
0.0
0.0
0.0
0.0
0.0
0.0
0.0
0.0
0.0
0.0
0.0
0.0
0.0
0.0
0.0
0.0
0.0
0.0
-1.0
0.0
0.0
0.0
0.0
0.0
0.0
0.0
0.0
0.0
0.0
0.0
0.0
0.0
0.0
0.0
0.0
0.0
0.0
0.0
0.0
-1.0
0.0
0.0
0.0
0.0
0.0
0.0
0.0
0.0
0.0
0.0
0.0
0.0
0.0
0.0
0.0
0.0
0.0
0.0
0.0
0.0
0.0
0.0
0.0
0.0
0.0
0.0
0.0
0.0
0.0
0.0
0.0
0.0
0.0
0.0
0.0
0.0
0.0
0.0
0.0
0.0
0.0
0.0
0.0
0.0
0.0
0.0
0.0
0.0
-1.0
0.0
0.0
0.0
0.0
0.0
0.0
0.0
0.0
0.0
0.0
0.0
0.0
0.0
0.0
0.0
0.0
1.0
0.0
0.0
0.0
0.0
0.0
0.0
0.0
0.0
0.0
0.0
0.0
0.0
0.0
0.0
0.0
0.0
0.0
0.0
0.0
0.0
0.0
0.0
0.0
0.0
0.0
0.0
0.0
0.0
0.0
0.0
0.0
0.0
0.0
0.0
0.0
0.0
0.0
0.0
0.0
0.0
0.0
0.0
0.0
0.0
0.0
0.0
0.0
0.0
0.0
0.0
0.0
0.0
0.0
0.0
0.0
0.0
0.0
0.0
0.0
0.0
0.0
0.0
0.0
0.0
0.0
0.0
0.0
0.0
0.0
0.0
0.0
0.0
0.0
0.0
0.0
0.0
0.0
0.0
0.0
0.0
0.0
0.0
0.0
0.0
0.0
0.0
0.0
0.0
0.0
0.0
0.0
0.0
0.0
0.0
0.0
0.0
0.0
0.0
0.0
0.0
1.0
0.0
0.0
0.0
0.0
0.0
0.0
0.0
0.0
0.0
0.0
0.0
0.0
-1.0
0.0
0.0
0.0
0.0
0.0
0.0
0.0
0.0
0.0
0.0
0.0
0.0
0.0
0.0
0.0
0.0
0.0
0.0
0.0
0.0
0.0
0.0
0.0
0.0
0.0
0.0
0.0
0.0
0.0
0.0
0.0
0.0
0.0
0.0
0.0
0.0
0.0
0.0
0.0
0.0
0.0
0.0
0.0
0.0
0.0
0.0
0.0
0.0
0.0
0.0
0.0
0.0
0.0
0.0
0.0
0.0
0.0
0.0
0.0
0.0
0.0
0.0
0.0
0.0
0.0
0.0
0.0
0.0
0.0
0.0
0.0
0.0
0.0
0.0
0.0
0.0
0.0
0.0
0.0
0.0
0.0
0.0
0.0
0.0
0.0
0.0
0.0
0.0
0.0
0.0
0.0
0.0
0.0
0.0
0.0
0.0
0.0
0.0
0.0
0.0
0.0
0.0
0.0
0.0
0.0
0.0
0.0
0.0
0.0
0.0
0.0
0.0
0.0
0.0
0.0
0.0
0.0
0.0
0.0
0.0
0.0
0.0
0.0
0.0
0.0
0.0
0.0
0.0
0.0
0.0
0.0
0.0
0.0
0.0
0.0
0.0
0.0
0.0
0.0
0.0
0.0
0.0
0.0
0.0
0.0
0.0
0.0
0.0
0.0
0.0
0.0
0.0
0.0
0.0
0.0
0.0
0.0
0.0
0.0
0.0
0.0
0.0
0.0
0.0
0.0
0.0
0.0
0.0
0.0
0.0
0.0
0.0
0.0
0.0
0.0
0.0
0.0
0.0
0.0
0.0
0.0
0.0
0.0
0.0
0.0
0.0
0.0
0.0
0.0
0.0
0.0
0.0
0.0
0.0
0.0
0.0
0.0
0.0
0.0
0.0
0.0
0.0
0.0
0.0
0.0
0.0
0.0
0.0
0.0
0.0
0.0
0.0
0.0
0.0
0.0
0.0
1.0
0.0
0.0
0.0
0.0
0.0
0.0
0.0
0.0
0.0
0.0
0.0
0.0
0.0
0.0
0.0
0.0
0.0
0.0
0.0
0.0
0.0
0.0
0.0
0.0
0.0
0.0
0.0
0.0
0.0
0.0
0.0
0.0
0.0
0.0
0.0
0.0
0.0
0.0
0.0
0.0
0.0
0.0
0.0
0.0
0.0
0.0
0.0
0.0
0.0
0.0
0.0
0.0
0.0
0.0
0.0
0.0
0.0
0.0
0.0
0.0
0.0
0.0
0.0
0.0
0.0
0.0
0.0
0.0
0.0
0.0
0.0
0.0
0.0
0.0
0.0
0.0
0.0
0.0
0.0
0.0
0.0
0.0
0.0
0.0
0.0
0.0
0.0
0.0
0.0
0.0
0.0
0.0
0.0
0.0
0.0
0.0
0.0
0.0
0.0
0.0
0.0
0.0
0.0
0.0
0.0
0.0
0.0
0.0
0.0
0.0
0.0
0.0
0.0
0.0
0.0
0.0
0.0
0.0
0.0
0.0
0.0
0.0
0.0
0.0
0.0
0.0
0.0
0.0
0.0
0.0
0.0
0.0
0.0
0.0
0.0
0.0
0.0
0.0
0.0
0.0
0.0
0.0
0.0
0.0
0.0
0.0
0.0
0.0
0.0
0.0
0.0
0.0
0.0
0.0
0.0
0.0
0.0
0.0
0.0
0.0
0.0
0.0
0.0
0.0
0.0
0.0
0.0
0.0
0.0
0.0
0.0
0.0
0.0
0.0
0.0
0.0
0.0
0.0
0.0
0.0
0.0
0.0
0.0
0.0
0.0
0.0
0.0
0.0
0.0
0.0
0.0
0.0
0.0
0.0
0.0
0.0
0.0
0.0
0.0
0.0
0.0
0.0
0.0
0.0
0.0
0.0
0.0
0.0
0.0
0.0
0.0
0.0
0.0
0.0
0.0
0.0
0.0
0.0
0.0
0.0
0.0
0.0
0.0
0.0
0.0
0.0
0.0
0.0
0.0
0.0
0.0
0.0
0.0
0.0
0.0
0.0
0.0
0.0
0.0
0.0
0.0
0.0
0.0
0.0
0.0
0.0
0.0
0.0
0.0
0.0
0.0
0.0
0.0
0.0
0.0
0.0
0.0
0.0
0.0
0.0
0.0
0.0
0.0
0.0
0.0
0.0
0.0
0.0
0.0
1.0
0.0
0.0
0.0
0.0
0.0
0.0
0.0
0.0
0.0
0.0
0.0
0.0
0.0
0.0
0.0
0.0
0.0
0.0
0.0
0.0
0.0
0.0
0.0
0.0
0.0
0.0
0.0
0.0
0.0
0.0
0.0
0.0
0.0
0.0
0.0
0.0
0.0
0.0
0.0
0.0
0.0
0.0
0.0
0.0
0.0
0.0
0.0
0.0
0.0
0.0
0.0
0.0
0.0
0.0
0.0
0.0
0.0
0.0
0.0
0.0
0.0
0.0
1.0
0.0
0.0
0.0
0.0
0.0
0.0
0.0
0.0
0.0
0.0
0.0
0.0
0.0
0.0
0.0
0.0
0.0
0.0
0.0
0.0
0.0
0.0
0.0
0.0
0.0
0.0
0.0
0.0
0.0
0.0
0.0
0.0
0.0
0.0
0.0
0.0
0.0
0.0
0.0
0.0
0.0
0.0
0.0
0.0
0.0
0.0
0.0
0.0
0.0
0.0
0.0
0.0
0.0
0.0
0.0
0.0
0.0
0.0
0.0
0.0
0.0
0.0
0.0
-1.0
0.0
0.0
0.0
0.0
0.0
0.0
0.0
0.0
0.0
0.0
0.0
0.0
0.0
0.0
0.0
0.0
0.0
0.0
0.0
0.0
1.0
0.0
0.0
0.0
0.0
0.0
0.0
0.0
0.0
0.0
0.0
0.0
0.0
0.0
0.0
0.0
0.0
0.0
0.0
0.0
0.0
0.0
0.0
0.0
0.0
0.0
0.0
0.0
0.0
0.0
0.0
0.0
0.0
0.0
0.0
0.0
0.0
0.0
0.0
0.0
0.0
0.0
0.0
0.0
0.0
0.0
0.0
0.0
0.0
0.0
0.0
0.0
0.0
0.0
0.0
0.0
0.0
0.0
0.0
0.0
0.0
0.0
0.0
0.0
0.0
0.0
0.0
0.0
0.0
0.0
0.0
0.0
0.0
0.0
0.0
0.0
0.0
0.0
0.0
0.0
0.0
0.0
0.0
0.0
0.0
0.0
0.0
0.0
0.0
0.0
0.0
0.0
0.0
0.0
0.0
0.0
0.0
0.0
0.0
0.0
0.0
0.0
0.0
0.0
0.0
0.0
0.0
0.0
0.0
0.0
0.0
0.0
0.0
0.0
0.0
0.0
0.0
0.0
0.0
0.0
0.0
0.0
0.0
0.0
0.0
0.0
0.0
0.0
0.0
0.0
0.0
0.0
0.0
0.0
0.0
0.0
0.0
0.0
0.0
0.0
0.0
0.0
0.0
0.0
0.0
0.0
0.0
0.0
0.0
0.0
0.0
0.0
0.0
0.0
0.0
0.0
0.0
0.0
0.0
0.0
0.0
0.0
0.0
0.0
0.0
0.0
0.0
0.0
0.0
0.0
0.0
0.0
0.0
0.0
0.0
0.0
0.0
0.0
0.0
0.0
0.0
0.0
0.0
0.0
0.0
0.0
0.0
0.0
0.0
0.0
0.0
0.0
0.0
0.0
0.0
0.0
0.0
0.0
0.0
0.0
0.0
0.0
0.0
0.0
0.0
0.0
0.0
0.0
0.0
0.0
0.0
0.0
0.0
0.0
0.0
0.0
0.0
0.0
0.0
0.0
0.0
0.0
0.0
0.0
0.0
0.0
0.0
0.0
0.0
0.0
0.0
0.0
0.0
0.0
0.0
0.0
0.0
0.0
0.0
0.0
0.0
0.0
0.0
0.0
0.0
0.0
0.0
0.0
0.0
0.0
0.0
0.0
0.0
0.0
0.0
0.0
0.0
0.0
0.0
0.0
0.0
0.0
0.0
0.0
0.0
0.0
0.0
0.0
0.0
0.0
0.0
0.0
0.0
0.0
0.0
0.0
0.0
0.0
0.0
0.0
0.0
0.0
0.0
0.0
0.0
0.0
0.0
0.0
0.0
0.0
0.0
0.0
0.0
0.0
0.0
0.0
0.0
0.0
0.0
0.0
0.0
0.0
0.0
0.0
0.0
0.0
0.0
0.0
0.0
0.0
0.0
0.0
0.0
0.0
0.0
0.0
0.0
0.0
0.0
0.0
0.0
0.0
0.0
0.0
0.0
0.0
0.0
0.0
0.0
0.0
0.0
0.0
0.0
0.0
0.0
0.0
0.0
0.0
0.0
0.0
0.0
0.0
0.0
0.0
0.0
0.0
0.0
0.0
0.0
0.0
-1.0
0.0
0.0
0.0
0.0
0.0
0.0
0.0
0.0
0.0
0.0
0.0
0.0
0.0
0.0
0.0
0.0
0.0
0.0
0.0
0.0
0.0
0.0
0.0
0.0
0.0
0.0
0.0
0.0
0.0
0.0
0.0
0.0
0.0
0.0
0.0
0.0
0.0
0.0
0.0
0.0
0.0
0.0
0.0
0.0
0.0
0.0
0.0
0.0
0.0
0.0
0.0
0.0
0.0
0.0
0.0
0.0
0.0
0.0
0.0
0.0
0.0
0.0
0.0
0.0
0.0
0.0
0.0
0.0
0.0
0.0
0.0
0.0
0.0
0.0
0.0
0.0
0.0
0.0
0.0
0.0
0.0
0.0
0.0
0.0
0.0
0.0
0.0
0.0
0.0
0.0
0.0
0.0
0.0
0.0
0.0
0.0
0.0
0.0
0.0
0.0
0.0
0.0
0.0
0.0
0.0
0.0
0.0
0.0
0.0
0.0
0.0
0.0
0.0
0.0
0.0
0.0
0.0
0.0
0.0
0.0
0.0
0.0
0.0
0.0
0.0
0.0
0.0
0.0
0.0
0.0
0.0
0.0
0.0
0.0
0.0
0.0
0.0
0.0
0.0
0.0
0.0
0.0
0.0
0.0
0.0
0.0
0.0
0.0
0.0
0.0
0.0
0.0
0.0
0.0
0.0
0.0
0.0
0.0
0.0
0.0
0.0
0.0
0.0
0.0
0.0
0.0
0.0
0.0
0.0
0.0
0.0
0.0
0.0
0.0
0.0
0.0
0.0
0.0
0.0
0.0
0.0
0.0
0.0
0.0
0.0
0.0
0.0
0.0
0.0
0.0
0.0
0.0
0.0
140.0
91260.0
0.0
0.0
0.0
0.0
0.0
0.0
0.0
0.0
0.0
0.0
0.0
0.0
0.0
0.0
0.0
0.0
0.0
0.0
0.0
0.0
0.0
0.0
0.0
0.0
0.0
0.0
