0.37868366
0.022410674
0.011790556
0.0037267348
0.025010053
0.0028866038
0.004947438
0.0026640052
0.021448473
0.00094784005
0.012084961
0.0026137407
0.0059599034
0.009930779
0.0016802619
0.0010699104
0.0064697266
0.0017807904
0.0015366498
0.0011488971
0.003267176
0.0004451976
0.0006318934
0.0005529067
0.0029153263
0.0006606158
0.00081140856
0.009069107
0.0033892463
0.0005026425
0.0020464729
0.000674977
0.0021829044
0.00068933825
0.0005313649
0.007776597
0.0024485867
0.00088321464
0.0003374885
0.00082576973
0.0030517578
0.00023696001
0.008264878
0.0018382353
0.0018454159
0.0006677964
0.0013068704
0.0013571347
0.0026640052
0.001242245
0.0017664293
0.0010483685
0.0025132124
0.0008616728
0.0009334789
0.0004092946
0.0027286306
0.0005600873
0.00092629826
0.0005529067
0.01160386
0.001077091
0.0005529067
0.0012207031
0.015344956
0.004990522
0.0007611443
0.0012853285
0.008860868
0.0006462546
0.0020392924
0.0036692899
0.0019674862
0.003927792
0.0006175322
0.00084013096
0.0018095128
0.0014648438
0.003920611
0.00048110064
0.005895278
0.0005170037
0.0027214498
0.0006677964
0.0036621094
0.00039493336
0.0005529067
0.00068933825
0.0056008734
0.0012637868
0.0015581916
0.0005098231
0.0023121554
0.0017664293
0.001716165
0.0019028607
0.0032958984
0.0013786765
0.0008616728
0.0015366498
0.0037769992
0.0020033892
0.00201057
0.00094784005
0.0045884075
0.0021326402
0.0008975758
0.0012709674
0.016149184
0.0011632582
0.0014935662
0.0013858571
0.005026425
0.004329906
0.0020823758
0.0013284122
0.005335191
0.0011345359
0.0010483685
0.00079704734
0.006369198
0.0008473116
0.0007683249
0.0003303079
0.00082576973
0.0003374885
0.00030158547
0.00060317095
0.0053710938
0.00028004366
0.00039493336
0.0007467831
0.0011273553
0.0019818475
0.00035903032
0.0003374885
0.00083295035
0.00039493336
0.0032384535
0.00028722428
0.0017592487
0.00024414062
0.0014863856
0.0016515395
0.0013571347
0.0008185892
0.0005098231
0.00049546186
0.003705193
0.00028722428
0.00026568244
0.0002154182
0.00080422795
0.0005816291
0.00034466913
0.00017233456
0.00084013096
0.000639074
0.0018884996
0.00041647517
0.001716165
0.0005026425
0.0015222887
0.0006677964
0.0008903952
0.0003518497
0.00047392002
0.00082576973
0.0010196462
0.0004236558
0.0017018038
0.0007467831
0.00082576973
0.00036621094
0.0013571347
0.00047392002
0.0012566062
0.00048828125
0.0007755055
0.0006534352
0.00092629826
0.0004308364
0.00046673944
0.0007396025
0.0017089844
0.0010627297
0.0014002183
0.00048110064
0.0008473116
0.0007036994
0.0004451976
0.00030158547
0.0017664293
0.0004523782
0.00047392002
0.00068215764
0.0014145795
0.00061035156
0.00060317095
0.0010483685
0.0012709674
0.0003303079
0.0003518497
0.000438017
0.0016587201
0.00038057216
0.00030158547
0.00036621094
0.0013355928
0.0006247128
0.00052418426
0.0006534352
0.0014145795
0.0003374885
0.00059599034
0.00061035156
0.0011417165
0.0003518497
0.000438017
0.0008473116
0.001005285
0.00040211398
0.00071088003
0.00024414062
0.0028507009
0.00083295035
0.00048110064
0.00028004366
0.0015007468
0.0005457261
0.00038057216
0.0011560777
0.0029081458
0.0004451976
0.00047392002
0.0007683249
0.0015294692
0.0005816291
0.0003231273
0.0011991613
0.0016587201
0.00041647517
0.00095502066
0.0009406595
0.0054428997
0.02414838
0.003374885
0.0021900851
0.0028363396
0.0009909237
0.0009622013
0.0014648438
0.0058306525
0.003920611
0.015991211
0.059462603
0.014814815
0.0
0.0
0.0
0.0
0.0
0.0
0.0
0.0
0.0
0.0
0.0
0.0
0.0
0.0
0.0
0.0
0.0
0.0
0.0
0.0
0.0
0.0
0.0
0.0
0.0
0.0
0.0
0.0
0.0
0.0
0.0
0.006778067
5.787037e-05
7.233796e-05
1.0850695e-05
6.510417e-05
4.340278e-05
0.00013744213
5.4253473e-05
6.510417e-05
1.0850695e-05
1.0850695e-05
2.8935185e-05
2.8935185e-05
1.808449e-05
1.0850695e-05
1.4467592e-05
0.0
0.0
0.0
0.0
0.011111111
0.0037037036
0.0
0.0
0.0
0.0
0.0
0.0
0.0
0.0
0.0
0.0
0.017299624
3.616898e-05
7.233796e-05
0.000104890045
1.4467592e-05
1.4467592e-05
0.0024992765
0.0020399306
1.4467592e-05
1.4467592e-05
1.808449e-05
2.8935185e-05
1.4467592e-05
1.4467592e-05
1.0850695e-05
2.5318286e-05
0.016507523
6.510417e-05
0.000104890045
0.00014105903
0.00021701389
0.0001880787
0.0026801215
0.0019784432
7.233796e-06
2.8935185e-05
7.957176e-05
4.340278e-05
2.170139e-05
2.8935185e-05
3.2552085e-05
9.765625e-05
0.011082176
0.00047019677
0.00035807292
0.0001880787
0.000390625
9.765625e-05
0.00071614585
0.0003833912
0.00017361112
7.233796e-05
9.042245e-05
7.233796e-05
0.000108506945
7.233796e-05
8.680556e-05
0.00045211226
0.016793258
0.000817419
0.0005497685
0.0003616898
0.0049515334
0.001631221
0.0005280671
0.0007595486
0.00046296295
0.00013382523
0.00030743633
6.148727e-05
0.00022786458
7.233796e-05
0.00016276042
0.001808449
0.026645688
0.0013816551
0.001208044
0.0017361111
0.000853588
0.0009693287
0.0012369792
0.0011501736
0.00086443865
0.0006510417
0.00023509839
0.00018446181
0.00022786458
7.233796e-05
0.00033998842
0.006687645
0.1703559
0.0114438655
0.011237702
0.011017072
0.009740307
0.00901331
0.012901476
0.008311632
0.0052119503
0.0033564814
0.003917101
0.0014973958
0.0025390624
0.0023365163
0.003414352
0.044816986
0.14995298
0.0138563365
0.013650173
0.010123698
0.011017072
0.007769097
0.013574218
0.008774595
0.0063331886
0.0040653935
0.0032226562
0.0022858796
0.0036060475
0.002307581
0.0046332465
0.04853154
0.04375
0.003725405
0.0042390046
0.002799479
0.003262442
0.0029911748
0.0055519384
0.0036458333
0.0028320313
0.0019784432
0.0025824653
0.002907986
0.0019314236
0.002557147
0.0026331018
0.016315827
0.02103588
0.0021050347
0.0015010127
0.0025607639
0.006828704
0.0025643809
0.002737992
0.0023111978
0.0021629052
0.0011971933
0.0014684607
0.0024811921
0.0012948496
0.001175492
0.0015625
0.0062717013
0.008742043
0.0011103877
0.00046296295
0.000745081
0.00047743056
0.0011320891
0.0009801794
0.00094039354
0.0013816551
0.000922309
0.0010525173
0.0019820603
0.0011935764
0.0014178241
0.0022063078
0.0048828125
0.00380136
0.00064019096
0.0005931713
0.0006546586
0.00063295715
0.0005244502
0.0011393229
0.00070891203
0.00050998264
0.0006727431
0.0006257234
0.0007667824
0.0006184896
0.0007848669
0.00087167247
0.0012695312
0.0009837963
0.0004014757
0.0003761574
0.00043402778
0.00061125576
0.00035445602
0.00040509258
0.0005859375
0.0005606192
0.00032552084
0.00034722223
0.0004123264
0.0003978588
0.00044487847
0.0004014757
0.0003653067
190.0
28.68421
5450.0
0.0033027523
0.00055045873
0.0014678899
0.0012844037
0.00073394494
0.0012844037
0.00073394494
0.0009174312
0.0012844037
0.00018348623
0.0009174312
0.0012844037
0.00073394494
0.0018348624
0.0036697248
0.0011009175
0.006055046
0.0011009175
0.002201835
0.002385321
0.0
0.0016513761
0.0025688075
0.00073394494
0.0020183485
0.00036697247
0.0020183485
0.00018348623
0.0014678899
0.0
0.00073394494
0.00018348623
0.0009174312
0.08348624
0.0058715595
0.008440367
0.16917431
0.0033027523
0.0031192661
0.08330275
0.0027522936
0.084220186
0.0014678899
0.0018348624
0.0031192661
0.0062385323
0.08440367
0.002385321
0.08477064
0.0029357797
0.0034862384
0.006972477
0.0031192661
0.0011009175
0.0056880736
0.002385321
0.082752295
0.0031192661
0.0012844037
0.0018348624
0.005504587
0.00073394494
0.00018348623
0.0031192661
0.00073394494
0.0124770645
0.0036697248
0.007522936
0.0066055045
0.023302753
0.002201835
0.0027522936
0.0034862384
0.011192661
0.0016513761
0.00440367
0.0133944955
0.007522936
0.011376147
0.014862386
0.00440367
0.008073394
0.009357798
0.009908257
0.020366972
0.0056880736
0.0029357797
0.0025688075
0.0034862384
0.0029357797
0.0
0.0009174312
0.00055045873
0.0025688075
0.0009174312
0.00018348623
4.6448755
4.0
0.0
0.0
1.0
139264.0
167936.0
0.0
0.0
7.0
0.0
1.0
0.0
0.0
0.0
1334817900.0
0.0
0.0
0.0
0.0
0.0
1.0
0.0
0.0
0.0
0.0
0.0
0.0
-1.0
0.0
-1.0
-1.0
0.0
0.0
0.0
0.0
0.0
0.0
0.0
0.0
0.0
0.0
0.0
0.0
-1.0
0.0
0.0
0.0
0.0
0.0
0.0
0.0
0.0
0.0
0.0
0.0
0.0
-1.0
0.0
0.0
0.0
0.0
0.0
0.0
0.0
0.0
1.0
0.0
6.0
0.0
4.0
0.0
4.0
0.0
114688.0
4096.0
4096.0
3.0
1.0
0.0
2.0
2.0
0.0
0.0
0.0
0.0
0.0
0.0
0.0
0.0
0.0
0.0
0.0
0.0
0.0
0.0
0.0
0.0
0.0
0.0
0.0
0.0
0.0
0.0
0.0
0.0
0.0
0.0
0.0
0.0
0.0
0.0
0.0
0.0
0.0
0.0
0.0
0.0
0.0
0.0
0.0
0.0
0.0
-114688.0
0.0
20480.0
0.0
0.0
0.0
0.0
0.0
0.0
0.0
0.0
0.0
0.0
0.0
0.0
0.0
0.0
0.0
0.0
0.0
0.0
0.0
0.0
0.0
0.0
0.0
0.0
0.0
0.0
0.0
0.0
0.0
0.0
0.0
0.0
0.0
0.0
0.0
0.0
0.0
0.0
0.0
0.0
0.0
0.0
0.0
0.0
0.0
0.0
0.0
-5.0406933
0.0
5.598493
0.0
0.0
0.0
0.0
0.0
0.0
0.0
0.0
0.0
0.0
0.0
0.0
0.0
0.0
0.0
0.0
0.0
0.0
0.0
0.0
0.0
0.0
0.0
0.0
0.0
0.0
0.0
0.0
0.0
0.0
0.0
0.0
0.0
0.0
0.0
0.0
0.0
0.0
-4192.0
0.0
0.0
0.0
0.0
0.0
0.0
0.0
0.0
-114468.0
0.0
40960.0
0.0
0.0
0.0
0.0
0.0
0.0
0.0
0.0
0.0
-1.0
0.0
0.0
0.0
0.0
0.0
1.0
0.0
0.0
0.0
0.0
0.0
0.0
0.0
0.0
0.0
0.0
0.0
0.0
0.0
0.0
0.0
0.0
0.0
0.0
0.0
0.0
0.0
0.0
0.0
0.0
0.0
0.0
0.0
0.0
0.0
-2.0
0.0
0.0
0.0
1.0
0.0
0.0
0.0
0.0
0.0
0.0
0.0
0.0
0.0
0.0
0.0
0.0
0.0
0.0
0.0
0.0
0.0
0.0
0.0
-1.0
0.0
0.0
0.0
0.0
0.0
0.0
0.0
0.0
0.0
1.0
0.0
0.0
0.0
0.0
1.0
0.0
0.0
0.0
0.0
0.0
0.0
0.0
0.0
0.0
0.0
0.0
0.0
0.0
0.0
0.0
0.0
0.0
0.0
0.0
0.0
0.0
0.0
0.0
0.0
0.0
0.0
0.0
0.0
0.0
0.0
0.0
0.0
-1.0
0.0
0.0
0.0
0.0
0.0
0.0
0.0
0.0
0.0
0.0
0.0
0.0
0.0
0.0
0.0
0.0
0.0
0.0
0.0
0.0
0.0
0.0
0.0
0.0
0.0
0.0
0.0
0.0
0.0
0.0
0.0
0.0
0.0
0.0
0.0
0.0
0.0
0.0
0.0
0.0
0.0
0.0
0.0
0.0
0.0
0.0
0.0
0.0
0.0
0.0
0.0
0.0
0.0
0.0
0.0
0.0
0.0
0.0
0.0
0.0
0.0
0.0
0.0
0.0
0.0
0.0
0.0
0.0
0.0
0.0
0.0
0.0
0.0
0.0
0.0
0.0
0.0
0.0
0.0
0.0
0.0
0.0
0.0
0.0
0.0
0.0
0.0
0.0
0.0
0.0
0.0
0.0
0.0
0.0
0.0
0.0
0.0
0.0
0.0
0.0
0.0
0.0
0.0
0.0
0.0
0.0
0.0
0.0
0.0
0.0
0.0
0.0
0.0
0.0
0.0
0.0
0.0
0.0
0.0
0.0
0.0
0.0
0.0
0.0
0.0
0.0
0.0
0.0
0.0
0.0
0.0
0.0
0.0
0.0
0.0
0.0
0.0
0.0
0.0
0.0
0.0
0.0
0.0
0.0
0.0
0.0
0.0
0.0
0.0
0.0
0.0
0.0
0.0
0.0
0.0
0.0
0.0
0.0
0.0
0.0
0.0
0.0
0.0
0.0
0.0
0.0
0.0
0.0
0.0
0.0
0.0
0.0
0.0
0.0
0.0
0.0
0.0
0.0
0.0
0.0
0.0
0.0
0.0
0.0
0.0
0.0
0.0
0.0
0.0
0.0
0.0
0.0
0.0
0.0
0.0
0.0
0.0
0.0
0.0
0.0
0.0
0.0
0.0
0.0
0.0
0.0
0.0
0.0
0.0
0.0
0.0
0.0
0.0
0.0
0.0
0.0
0.0
0.0
0.0
0.0
0.0
0.0
0.0
0.0
0.0
0.0
0.0
0.0
0.0
0.0
0.0
0.0
0.0
0.0
0.0
0.0
0.0
0.0
0.0
0.0
0.0
0.0
0.0
0.0
-1.0
0.0
0.0
0.0
0.0
0.0
0.0
0.0
0.0
0.0
0.0
0.0
0.0
0.0
0.0
0.0
0.0
0.0
0.0
0.0
0.0
0.0
0.0
1.0
0.0
0.0
0.0
0.0
0.0
0.0
0.0
0.0
0.0
0.0
0.0
0.0
0.0
0.0
0.0
0.0
0.0
0.0
0.0
0.0
0.0
0.0
0.0
0.0
0.0
0.0
-1.0
0.0
0.0
0.0
0.0
0.0
0.0
0.0
0.0
0.0
0.0
0.0
0.0
0.0
0.0
0.0
0.0
0.0
0.0
0.0
0.0
0.0
0.0
0.0
0.0
0.0
0.0
0.0
0.0
0.0
0.0
0.0
0.0
0.0
0.0
0.0
0.0
0.0
0.0
0.0
0.0
0.0
0.0
0.0
0.0
0.0
0.0
0.0
0.0
0.0
0.0
1.0
0.0
0.0
0.0
0.0
0.0
0.0
0.0
0.0
0.0
0.0
0.0
0.0
0.0
0.0
0.0
0.0
0.0
0.0
0.0
0.0
0.0
0.0
1.0
0.0
0.0
0.0
0.0
0.0
0.0
0.0
0.0
0.0
0.0
0.0
0.0
0.0
1.0
0.0
0.0
0.0
0.0
0.0
0.0
0.0
0.0
0.0
0.0
0.0
0.0
0.0
0.0
0.0
0.0
0.0
0.0
0.0
0.0
0.0
0.0
0.0
0.0
0.0
0.0
0.0
0.0
0.0
0.0
0.0
0.0
0.0
0.0
0.0
0.0
0.0
0.0
0.0
1.0
0.0
0.0
0.0
0.0
0.0
0.0
0.0
0.0
0.0
0.0
0.0
0.0
0.0
0.0
0.0
0.0
0.0
0.0
0.0
0.0
0.0
0.0
0.0
0.0
0.0
0.0
0.0
0.0
0.0
0.0
0.0
0.0
0.0
0.0
0.0
0.0
0.0
0.0
0.0
0.0
0.0
0.0
0.0
0.0
0.0
-1.0
0.0
0.0
0.0
0.0
0.0
0.0
0.0
0.0
0.0
0.0
0.0
0.0
0.0
0.0
0.0
0.0
0.0
0.0
0.0
0.0
-1.0
0.0
0.0
0.0
0.0
0.0
0.0
0.0
0.0
0.0
0.0
0.0
0.0
0.0
0.0
0.0
0.0
0.0
0.0
0.0
-1.0
0.0
-1.0
0.0
0.0
0.0
0.0
0.0
0.0
0.0
0.0
0.0
0.0
0.0
0.0
0.0
0.0
0.0
0.0
0.0
0.0
0.0
0.0
0.0
0.0
0.0
0.0
0.0
0.0
0.0
0.0
0.0
0.0
0.0
0.0
0.0
1.0
0.0
0.0
0.0
0.0
1.0
0.0
0.0
0.0
0.0
0.0
0.0
0.0
1.0
0.0
0.0
0.0
0.0
0.0
0.0
0.0
0.0
0.0
0.0
0.0
0.0
0.0
0.0
0.0
0.0
0.0
0.0
0.0
0.0
0.0
0.0
0.0
0.0
0.0
0.0
0.0
0.0
0.0
0.0
0.0
0.0
0.0
0.0
0.0
0.0
0.0
0.0
0.0
0.0
0.0
0.0
0.0
0.0
0.0
0.0
0.0
0.0
0.0
0.0
1.0
0.0
0.0
0.0
0.0
0.0
0.0
0.0
0.0
0.0
0.0
0.0
0.0
0.0
0.0
0.0
0.0
0.0
0.0
0.0
0.0
0.0
0.0
0.0
0.0
0.0
0.0
0.0
0.0
0.0
0.0
0.0
0.0
0.0
0.0
0.0
0.0
0.0
0.0
0.0
0.0
0.0
0.0
0.0
0.0
0.0
1.0
0.0
0.0
0.0
0.0
0.0
0.0
0.0
0.0
0.0
0.0
0.0
0.0
0.0
0.0
0.0
0.0
0.0
0.0
0.0
0.0
0.0
0.0
0.0
0.0
0.0
0.0
-1.0
0.0
0.0
0.0
0.0
0.0
0.0
0.0
0.0
0.0
0.0
0.0
0.0
0.0
0.0
0.0
0.0
0.0
0.0
0.0
0.0
0.0
0.0
0.0
0.0
0.0
0.0
0.0
0.0
0.0
0.0
0.0
0.0
0.0
0.0
0.0
0.0
0.0
0.0
0.0
0.0
0.0
0.0
0.0
1.0
0.0
0.0
0.0
0.0
0.0
0.0
0.0
0.0
0.0
0.0
0.0
0.0
0.0
0.0
0.0
-1.0
0.0
0.0
0.0
0.0
0.0
0.0
0.0
0.0
0.0
0.0
0.0
0.0
0.0
0.0
0.0
0.0
0.0
0.0
0.0
0.0
0.0
0.0
0.0
0.0
0.0
0.0
0.0
0.0
0.0
0.0
0.0
0.0
0.0
0.0
0.0
0.0
0.0
0.0
-1.0
0.0
0.0
0.0
0.0
0.0
0.0
0.0
0.0
0.0
0.0
0.0
0.0
0.0
0.0
0.0
0.0
0.0
0.0
0.0
0.0
0.0
0.0
0.0
0.0
0.0
0.0
0.0
0.0
0.0
0.0
0.0
0.0
0.0
0.0
0.0
0.0
1.0
0.0
0.0
0.0
0.0
1.0
0.0
0.0
0.0
0.0
0.0
0.0
0.0
0.0
0.0
0.0
0.0
0.0
0.0
0.0
0.0
0.0
0.0
0.0
0.0
0.0
0.0
0.0
0.0
0.0
0.0
0.0
0.0
-1.0
0.0
0.0
0.0
0.0
0.0
0.0
0.0
0.0
0.0
0.0
0.0
0.0
0.0
0.0
0.0
0.0
0.0
0.0
0.0
0.0
0.0
0.0
0.0
0.0
0.0
0.0
0.0
0.0
0.0
0.0
0.0
0.0
0.0
1.0
0.0
0.0
0.0
0.0
0.0
0.0
0.0
0.0
0.0
0.0
0.0
0.0
0.0
0.0
0.0
0.0
0.0
0.0
0.0
0.0
-1.0
0.0
0.0
0.0
0.0
0.0
1.0
0.0
0.0
0.0
0.0
0.0
0.0
0.0
0.0
0.0
0.0
0.0
0.0
0.0
0.0
0.0
0.0
0.0
0.0
0.0
0.0
0.0
0.0
0.0
0.0
0.0
0.0
0.0
0.0
0.0
0.0
0.0
0.0
0.0
0.0
0.0
0.0
0.0
0.0
0.0
0.0
0.0
0.0
0.0
0.0
0.0
0.0
0.0
0.0
0.0
0.0
0.0
0.0
0.0
-1.0
0.0
0.0
0.0
0.0
0.0
0.0
0.0
0.0
0.0
0.0
0.0
0.0
1.0
0.0
0.0
0.0
0.0
0.0
0.0
0.0
0.0
0.0
0.0
0.0
0.0
0.0
0.0
0.0
0.0
0.0
0.0
0.0
0.0
0.0
0.0
0.0
0.0
0.0
0.0
0.0
0.0
0.0
0.0
0.0
0.0
0.0
0.0
0.0
0.0
0.0
0.0
0.0
0.0
0.0
0.0
0.0
0.0
1.0
0.0
0.0
0.0
0.0
0.0
0.0
0.0
0.0
0.0
0.0
1.0
0.0
0.0
0.0
0.0
0.0
0.0
0.0
0.0
0.0
0.0
0.0
0.0
0.0
0.0
0.0
0.0
-1.0
0.0
0.0
0.0
0.0
0.0
0.0
0.0
0.0
0.0
0.0
0.0
0.0
0.0
0.0
0.0
0.0
0.0
1.0
0.0
0.0
0.0
0.0
0.0
0.0
0.0
0.0
1.0
0.0
0.0
0.0
0.0
0.0
0.0
0.0
0.0
0.0
0.0
0.0
1.0
0.0
0.0
0.0
0.0
0.0
0.0
0.0
0.0
0.0
0.0
0.0
0.0
0.0
0.0
0.0
0.0
0.0
0.0
0.0
0.0
0.0
0.0
0.0
0.0
0.0
0.0
0.0
0.0
0.0
0.0
0.0
0.0
0.0
0.0
0.0
0.0
0.0
0.0
0.0
0.0
0.0
0.0
0.0
0.0
0.0
0.0
0.0
0.0
0.0
0.0
0.0
0.0
0.0
0.0
0.0
0.0
0.0
0.0
0.0
0.0
0.0
0.0
0.0
0.0
0.0
0.0
0.0
0.0
0.0
0.0
0.0
0.0
0.0
0.0
0.0
0.0
0.0
0.0
0.0
0.0
0.0
0.0
0.0
0.0
0.0
0.0
0.0
0.0
0.0
0.0
0.0
0.0
0.0
0.0
0.0
0.0
0.0
0.0
0.0
0.0
0.0
0.0
0.0
0.0
0.0
0.0
0.0
0.0
0.0
0.0
0.0
0.0
0.0
0.0
0.0
0.0
0.0
0.0
0.0
0.0
0.0
0.0
0.0
0.0
0.0
0.0
0.0
1.0
0.0
0.0
0.0
0.0
0.0
0.0
0.0
0.0
0.0
0.0
0.0
0.0
-1.0
0.0
0.0
0.0
0.0
0.0
0.0
0.0
0.0
0.0
0.0
0.0
0.0
0.0
0.0
0.0
0.0
0.0
0.0
0.0
0.0
0.0
0.0
0.0
0.0
-1.0
0.0
0.0
0.0
0.0
0.0
0.0
0.0
0.0
0.0
0.0
0.0
0.0
0.0
0.0
0.0
0.0
0.0
0.0
0.0
0.0
0.0
0.0
0.0
0.0
0.0
0.0
0.0
0.0
0.0
0.0
0.0
0.0
0.0
0.0
0.0
0.0
0.0
0.0
0.0
0.0
0.0
0.0
0.0
0.0
0.0
0.0
0.0
0.0
0.0
0.0
0.0
0.0
0.0
0.0
0.0
0.0
0.0
0.0
0.0
0.0
0.0
0.0
0.0
0.0
0.0
0.0
0.0
0.0
0.0
0.0
0.0
0.0
0.0
0.0
0.0
0.0
0.0
0.0
0.0
0.0
0.0
0.0
0.0
0.0
0.0
0.0
0.0
0.0
0.0
0.0
0.0
0.0
0.0
0.0
0.0
0.0
0.0
0.0
0.0
0.0
0.0
0.0
0.0
0.0
0.0
0.0
0.0
0.0
0.0
0.0
0.0
0.0
0.0
0.0
0.0
0.0
0.0
0.0
0.0
0.0
0.0
0.0
0.0
0.0
0.0
0.0
0.0
0.0
0.0
0.0
0.0
0.0
0.0
0.0
0.0
0.0
0.0
0.0
0.0
0.0
40.0
118212.0
40960.0
126976.0
0.0
0.0
0.0
0.0
0.0
0.0
0.0
0.0
0.0
0.0
0.0
0.0
0.0
0.0
0.0
0.0
32.0
544.0
152.0
4096.0
0.0
0.0
0.0
0.0
