0.016222227
0.0017769504
0.0024357517
0.0011584427
0.0013901313
0.0030804502
0.0016097317
0.0020187125
0.0022705477
0.0022826358
0.00097309187
0.0024196343
0.0023047973
0.007893528
0.0035639743
0.0020690795
0.0017064365
0.001843435
0.0013659551
0.0013417789
0.0009932388
0.0022262246
0.0013357349
0.0009912241
0.0011201637
0.0047747986
0.0015734674
0.0010395765
0.011411165
0.0049259
0.009144646
0.001468704
0.0015956289
0.002179887
0.023479115
0.00085019623
0.015329723
0.0010758407
0.008790062
0.0010577086
0.0009287689
0.005260337
0.0006185077
0.0005661259
0.0012128392
0.0011926923
0.0011987364
0.00067290413
0.00074543274
0.0009368276
0.00061044894
0.00059634616
0.00074946205
0.0008562403
0.0009529451
0.00068096287
0.0008763871
0.001436469
0.00090862205
0.00057216996
0.00076155015
0.0008884752
0.0007111831
0.00076155015
0.00086228433
0.004454464
0.00067290413
0.0042852308
0.0012591769
0.0009247395
0.004073689
0.003972955
0.0073374757
0.001017415
0.0038863234
0.0037775307
0.00069506565
0.0046861526
0.00086228433
0.0064147506
0.0012752943
0.002218166
0.0014948947
0.011364827
0.0043114214
0.0048513566
0.004410141
0.007583267
0.0014727333
0.006598087
0.0057035675
0.002179887
0.0034733135
0.002218166
0.0015492912
0.003177155
0.007947925
0.0045531834
0.011640838
0.003981014
0.016701723
0.0133049665
0.0037614133
0.007639678
0.0105730565
0.011330578
0.0044887136
0.0052462346
0.01083698
0.004283216
0.010073415
0.0042630695
0.007448283
0.005248249
0.010617379
0.004136144
0.008326685
0.001271265
0.004055557
0.0010355471
0.004504831
0.004887621
0.00091063674
0.0009972681
0.0009549598
0.0010939728
0.0010073415
0.00075953547
0.000940857
0.008894825
0.0042731427
0.0013417789
0.0029797163
0.002421649
0.0011987364
0.000864299
0.0010476352
0.0020388593
0.0011241931
0.0013377495
0.001639952
0.0012047804
0.00069708034
0.0020590061
0.002345091
0.0019139489
0.0015271297
0.0019421544
0.0017547889
0.0015835408
0.0016641282
0.00330408
0.030097349
0.1184956
0.012754958
0.005993682
0.0033846674
0.014100767
0.0024921629
0.0013055146
0.0022463715
0.008584565
0.0028024241
0.0029918042
0.0023652378
0.008141334
0.0016701722
0.0041522617
0.010361515
0.005117295
0.002598941
0.0011987364
0.00092272484
0.0040213075
0.0020771383
0.0034269758
0.0009146661
0.0031288026
0.0009932388
0.0009247395
0.0011282224
0.0045672865
0.0010637527
0.002504251
0.0010577086
0.005669318
0.0007252859
0.0007353593
0.0008320641
0.024548912
0.0010012975
0.0017910532
0.0015573499
0.0017064365
0.0018514937
0.00077565294
0.0008038585
0.002256445
0.0014102781
0.0013901313
0.00064671325
0.0029092024
0.005028649
0.0015553352
0.0019602866
0.0029857603
0.0013679698
0.0017648623
0.0014525865
0.0024095608
0.0026553522
0.0022020484
0.0016480107
0.0027701892
0.0016762163
0.0012551475
0.0016862897
0.0038278978
0.004404097
0.0018555231
0.0035377834
0.01103039
0.0035861358
0.0022020484
0.0019804335
0.0018192588
0.0014646746
0.00088243117
0.0011665014
0.003094553
0.0016701722
0.0011241931
0.0015573499
0.003241625
0.0012370154
0.0014868361
0.0027641451
0.004003175
0.0025123097
0.002185931
0.0026009558
0.0016097317
0.0009831653
0.001150384
0.0022967386
0.0026352054
0.002117432
0.002052962
0.0025264125
0.0013840873
0.0024881335
0.002560662
0.010891376
0.0031368614
0.0048392685
0.012646166
0.0
0.0
0.0
0.0
0.0
0.0
0.0
0.0
0.0
0.0
0.0
0.0
0.0
0.0
0.0
0.0
0.0
0.0
0.0
0.0
0.0
0.0
0.0
0.0
0.0
0.0
0.0
0.0
0.0
0.0
0.0
0.0
8.795128e-05
7.07654e-06
0.0
0.0
0.0
0.0
0.0
0.0
0.0
0.0018560754
0.0
9.098409e-06
1.415308e-05
9.098409e-06
4.245924e-05
4.448111e-05
0.00042863612
2.2240554e-05
0.0
0.0
0.0
0.0
0.0
0.0
0.0
0.0072322236
0.0
2.0218686e-05
0.00015265108
7.177633e-05
0.00014051986
0.00021330712
0.0
0.0
0.0
0.0
0.0
0.0
0.0
0.0
0.0
0.0
0.0
0.0
0.0
0.0
0.0
0.0
0.0032572302
0.00012737772
4.3470172e-05
2.6284291e-05
5.3579515e-05
0.00013041052
0.00036191446
0.00028306158
3.0328029e-05
0.004659396
0.0008067255
0.00011120277
0.00012030118
0.00012333399
0.00028306158
0.0020046826
0.0001829791
0.00013041052
6.0656057e-06
4.1448304e-05
0.0060201134
0.0054357937
0.020945547
0.0073110764
2.6284291e-05
0.0043166894
0.000769321
0.00033765205
0.000112213704
0.00022442741
0.00021431806
0.0015447076
0.0029711358
0.00010210436
0.0001091809
3.9426435e-05
0.025620107
0.022611566
0.08198879
0.0309912
4.6502977e-05
0.0013880128
0.0003366411
4.3470172e-05
4.751391e-05
0.00010008249
5.1557647e-05
0.0012545694
0.0047807083
0.00090984086
0.000522653
0.0005246749
0.0003184443
0.00038213315
0.0004842375
0.00048625938
0.00015770574
0.0038213315
0.0027446866
0.0019480704
0.0007935834
0.001230307
0.0010533935
0.010897871
0.0032552083
0.0005165874
0.00028306158
0.00013647613
0.00013445425
0.00017286975
0.00030226936
0.00030631307
0.00012737772
0.005800741
0.0014213736
0.0006378995
0.0004336908
0.00080369273
0.0006429542
0.003658571
0.0077427453
0.002736599
0.001059459
0.00038819876
0.00041246117
0.00222911
0.00085727224
0.00036090353
0.000522653
0.024235127
0.008469608
0.0020623058
0.0031126665
0.006085824
0.003537259
0.0045107887
0.002859933
0.0017246539
0.001291974
0.000106148094
0.00030833494
0.0008845675
0.0003427067
0.00019308845
0.00036393633
0.00946841
0.002598101
0.0017276866
0.0012414273
0.001598287
0.0013152255
0.0029610265
0.0034644718
0.0037647192
0.005644046
0.00070361025
0.0011575198
0.0026112432
0.0015083139
0.0009876827
0.0023868158
0.019126877
0.0045239306
0.0039022062
0.0026547133
0.003259252
0.0019056111
0.0024403953
0.010373197
0.017945094
0.029700238
0.002861955
0.004899998
0.012592197
0.009116605
0.005307405
0.014436142
0.06998799
0.020273276
0.01865376
0.010010271
0.017116128
0.009354175
0.010311529
0.007259519
0.013480809
0.021806862
0.0022655036
0.0036494727
0.010180108
0.0070512667
0.0046866913
0.010013304
0.045017913
0.014613055
0.016649077
0.006120196
0.011596427
0.007643674
0.010512705
0.006166699
0.0059432825
0.005758282
0.005982709
0.006349678
0.006490198
0.0067752814
0.0060797585
0.0060706604
0.008477694
0.0063395686
0.005661232
0.0052518034
0.006152546
0.006118174
0.005761314
563.0
185.33925
104346.0
0.00051750906
0.00018208651
0.0023287907
0.00013416901
0.00053667603
0.00011500201
0.00044084105
9.5835014e-05
0.00014375252
0.012151879
0.00016291952
0.00012458551
0.00015333602
0.00018208651
0.00055584306
9.5835014e-05
0.00016291952
0.00023000402
0.00022042052
0.00015333602
0.00018208651
8.625151e-05
0.00015333602
9.5835014e-05
0.00016291952
0.00021083702
0.00016291952
0.00010541851
0.00015333602
0.00011500201
8.625151e-05
5.7501005e-05
0.00017250302
0.015812777
0.00012458551
0.015678607
0.00015333602
0.00021083702
0.014720257
0.014768175
0.030322198
0.00023958752
0.015678607
0.0153431855
0.00015333602
0.015621107
0.00024917102
0.015324018
0.00014375252
0.00029708853
0.00024917102
0.04541621
0.015324018
0.014749008
0.014998179
0.02967052
0.00016291952
0.00037375654
0.015247351
0.00039292354
0.00066126155
0.00030667204
0.00033542255
0.00049834204
0.00027792153
0.015592356
0.045617465
0.015458187
0.07606425
0.059513543
0.014634006
0.030149695
0.04625956
0.045857053
0.015036513
0.015036513
0.04437161
0.015448604
0.044515364
0.015755275
0.030734288
0.0156019395
0.046307478
0.015496521
0.030494701
0.00022042052
0.015736109
0.00023000402
0.015544439
0.015419853
0.00014375252
0.00018208651
0.00018208651
0.00012458551
0.00017250302
0.00016291952
5.1694636
0.0
0.0
0.0
28.0
496356.0
425984.0
0.0
0.0
39.0
0.0
1.0
0.0
1.0
0.0
327680.0
0.0
0.0
0.0
0.0
0.0
1.0
0.0
0.0
0.0
0.0
0.0
0.0
-1.0
0.0
-1.0
-1.0
1.0
0.0
0.0
0.0
0.0
0.0
0.0
0.0
0.0
0.0
0.0
0.0
-1.0
0.0
0.0
0.0
0.0
0.0
0.0
0.0
0.0
0.0
0.0
0.0
0.0
-1.0
0.0
0.0
0.0
0.0
0.0
0.0
0.0
0.0
1.0
0.0
2.0
24.0
4.0
0.0
4.0
0.0
5632.0
1024.0
4096.0
9.0
1.0
0.0
1.0
6.0
0.0
0.0
-512.0
0.0
0.0
0.0
0.0
0.0
-512.0
0.0
0.0
0.0
0.0
0.0
512.0
0.0
0.0
0.0
0.0
0.0
0.0
0.0
0.0
0.0
0.0
0.0
0.0
0.0
0.0
0.0
0.0
0.0
-369152.0
0.0
0.0
0.0
0.0
0.0
0.0
0.0
0.0
-5632.0
-2560.0
16384.0
0.0
0.0
0.0
0.0
0.0
0.0
0.0
0.0
-1.8050417
0.0
0.0
0.0
0.0
0.0
-1.3741854
0.0
0.0
0.0
0.0
0.0
4.7489166
0.0
0.0
0.0
0.0
0.0
0.0
0.0
0.0
0.0
0.0
0.0
0.0
0.0
0.0
0.0
0.0
0.0
-6.7421894
0.0
0.0
0.0
0.0
0.0
0.0
0.0
0.0
-5.9819613
-5.454756
5.1615973
0.0
0.0
0.0
0.0
0.0
0.0
0.0
0.0
-32.0
0.0
0.0
0.0
0.0
0.0
-24.0
0.0
0.0
0.0
0.0
0.0
416.0
0.0
0.0
0.0
0.0
0.0
0.0
0.0
0.0
0.0
0.0
0.0
0.0
0.0
0.0
100.0
0.0
0.0
-368656.0
0.0
0.0
0.0
0.0
0.0
0.0
0.0
0.0
-5252.0
-2068.0
16176.0
0.0
0.0
0.0
0.0
0.0
0.0
0.0
0.0
0.0
-1.0
0.0
0.0
0.0
0.0
0.0
1.0
0.0
0.0
0.0
0.0
0.0
0.0
0.0
0.0
0.0
0.0
0.0
0.0
0.0
0.0
0.0
0.0
0.0
0.0
0.0
0.0
0.0
0.0
0.0
0.0
0.0
0.0
0.0
0.0
0.0
-2.0
0.0
0.0
0.0
1.0
0.0
0.0
0.0
0.0
0.0
0.0
1.0
0.0
-1.0
0.0
0.0
0.0
0.0
0.0
1.0
0.0
0.0
0.0
0.0
-1.0
0.0
0.0
0.0
0.0
0.0
0.0
0.0
1.0
1.0
0.0
0.0
0.0
0.0
0.0
1.0
0.0
0.0
0.0
0.0
0.0
0.0
0.0
1.0
0.0
0.0
0.0
0.0
0.0
0.0
0.0
0.0
1.0
0.0
0.0
-1.0
1.0
0.0
0.0
0.0
0.0
0.0
0.0
0.0
0.0
0.0
0.0
0.0
0.0
0.0
0.0
0.0
0.0
0.0
0.0
0.0
0.0
0.0
0.0
0.0
0.0
0.0
0.0
0.0
0.0
0.0
0.0
0.0
0.0
0.0
0.0
0.0
0.0
0.0
0.0
0.0
0.0
0.0
0.0
0.0
0.0
0.0
0.0
0.0
0.0
0.0
0.0
0.0
0.0
0.0
0.0
0.0
0.0
0.0
0.0
0.0
0.0
0.0
0.0
0.0
0.0
0.0
0.0
0.0
0.0
0.0
0.0
0.0
0.0
0.0
0.0
0.0
0.0
0.0
0.0
0.0
0.0
0.0
0.0
0.0
0.0
0.0
0.0
0.0
0.0
0.0
0.0
0.0
0.0
0.0
0.0
0.0
0.0
0.0
0.0
0.0
0.0
0.0
0.0
0.0
0.0
0.0
0.0
0.0
0.0
0.0
0.0
0.0
0.0
0.0
0.0
0.0
0.0
0.0
1.0
0.0
0.0
0.0
0.0
0.0
0.0
0.0
0.0
0.0
0.0
0.0
0.0
0.0
0.0
0.0
0.0
0.0
0.0
0.0
0.0
0.0
0.0
0.0
0.0
0.0
0.0
0.0
0.0
0.0
0.0
0.0
0.0
0.0
0.0
0.0
0.0
0.0
0.0
0.0
0.0
0.0
0.0
0.0
0.0
0.0
0.0
0.0
0.0
0.0
0.0
0.0
0.0
0.0
0.0
0.0
0.0
0.0
0.0
0.0
0.0
0.0
0.0
0.0
0.0
0.0
0.0
0.0
0.0
0.0
0.0
0.0
0.0
0.0
0.0
0.0
0.0
0.0
0.0
0.0
0.0
0.0
0.0
0.0
1.0
0.0
0.0
0.0
0.0
0.0
0.0
0.0
0.0
0.0
0.0
0.0
0.0
0.0
0.0
0.0
0.0
0.0
0.0
0.0
0.0
0.0
0.0
0.0
0.0
0.0
0.0
0.0
0.0
0.0
0.0
0.0
0.0
0.0
0.0
0.0
0.0
0.0
0.0
0.0
0.0
0.0
0.0
0.0
0.0
0.0
0.0
0.0
0.0
0.0
0.0
0.0
0.0
0.0
0.0
0.0
0.0
0.0
0.0
0.0
0.0
0.0
0.0
0.0
0.0
0.0
0.0
0.0
0.0
0.0
0.0
0.0
0.0
0.0
0.0
0.0
0.0
0.0
0.0
0.0
-1.0
0.0
0.0
0.0
0.0
0.0
0.0
0.0
0.0
0.0
0.0
0.0
0.0
0.0
0.0
0.0
0.0
0.0
0.0
0.0
0.0
0.0
0.0
0.0
0.0
0.0
0.0
-2.0
0.0
0.0
0.0
0.0
0.0
0.0
0.0
0.0
0.0
0.0
1.0
0.0
0.0
0.0
0.0
0.0
0.0
0.0
0.0
0.0
0.0
0.0
0.0
0.0
0.0
0.0
0.0
0.0
0.0
0.0
0.0
0.0
0.0
0.0
0.0
0.0
0.0
0.0
1.0
0.0
0.0
0.0
0.0
-1.0
0.0
0.0
1.0
0.0
0.0
0.0
0.0
0.0
0.0
0.0
0.0
0.0
0.0
0.0
0.0
0.0
0.0
0.0
0.0
0.0
0.0
0.0
0.0
0.0
0.0
0.0
0.0
0.0
0.0
0.0
0.0
0.0
0.0
0.0
0.0
0.0
0.0
0.0
0.0
0.0
0.0
0.0
0.0
0.0
0.0
0.0
0.0
0.0
0.0
0.0
0.0
0.0
0.0
0.0
0.0
0.0
0.0
0.0
0.0
0.0
0.0
0.0
0.0
0.0
0.0
0.0
0.0
0.0
0.0
0.0
0.0
0.0
0.0
0.0
0.0
0.0
0.0
0.0
0.0
0.0
0.0
0.0
0.0
0.0
0.0
0.0
0.0
0.0
0.0
0.0
0.0
0.0
0.0
0.0
0.0
0.0
0.0
0.0
0.0
0.0
0.0
0.0
0.0
0.0
0.0
0.0
0.0
0.0
0.0
0.0
0.0
0.0
0.0
0.0
0.0
0.0
0.0
0.0
0.0
0.0
0.0
0.0
0.0
0.0
0.0
0.0
0.0
0.0
0.0
0.0
0.0
0.0
0.0
0.0
0.0
0.0
0.0
0.0
0.0
0.0
0.0
0.0
0.0
0.0
0.0
0.0
0.0
0.0
0.0
0.0
0.0
0.0
0.0
0.0
0.0
0.0
0.0
0.0
0.0
0.0
0.0
0.0
0.0
0.0
0.0
0.0
0.0
0.0
0.0
0.0
0.0
0.0
0.0
0.0
0.0
0.0
0.0
0.0
0.0
0.0
0.0
0.0
0.0
-1.0
0.0
0.0
0.0
0.0
1.0
0.0
0.0
0.0
0.0
0.0
0.0
0.0
0.0
0.0
0.0
0.0
0.0
0.0
0.0
0.0
0.0
0.0
0.0
0.0
0.0
0.0
0.0
0.0
0.0
0.0
0.0
0.0
0.0
0.0
1.0
0.0
0.0
0.0
0.0
0.0
0.0
0.0
0.0
0.0
0.0
0.0
0.0
0.0
0.0
0.0
0.0
0.0
0.0
0.0
0.0
0.0
0.0
0.0
0.0
0.0
0.0
0.0
0.0
0.0
0.0
0.0
0.0
0.0
0.0
0.0
0.0
0.0
0.0
0.0
0.0
0.0
0.0
0.0
0.0
0.0
0.0
0.0
0.0
0.0
0.0
0.0
0.0
0.0
0.0
0.0
0.0
0.0
0.0
0.0
0.0
0.0
0.0
0.0
0.0
0.0
0.0
0.0
0.0
0.0
0.0
0.0
0.0
-1.0
0.0
0.0
0.0
0.0
0.0
0.0
0.0
0.0
0.0
0.0
0.0
0.0
0.0
0.0
0.0
0.0
0.0
0.0
0.0
0.0
0.0
0.0
0.0
0.0
0.0
0.0
0.0
0.0
0.0
0.0
0.0
0.0
0.0
1.0
0.0
0.0
0.0
0.0
0.0
0.0
0.0
0.0
0.0
0.0
0.0
0.0
-1.0
0.0
0.0
0.0
0.0
0.0
0.0
0.0
0.0
0.0
0.0
0.0
0.0
0.0
0.0
0.0
0.0
0.0
0.0
0.0
0.0
0.0
0.0
0.0
0.0
-1.0
0.0
0.0
0.0
0.0
0.0
0.0
0.0
0.0
0.0
0.0
0.0
0.0
0.0
0.0
0.0
0.0
1.0
0.0
0.0
0.0
0.0
0.0
0.0
0.0
0.0
0.0
0.0
0.0
0.0
0.0
0.0
0.0
0.0
0.0
0.0
0.0
0.0
0.0
0.0
0.0
0.0
0.0
0.0
0.0
0.0
0.0
0.0
0.0
0.0
0.0
0.0
0.0
0.0
0.0
0.0
-1.0
0.0
0.0
0.0
0.0
0.0
0.0
0.0
0.0
0.0
0.0
0.0
-1.0
0.0
0.0
0.0
0.0
0.0
0.0
0.0
0.0
0.0
0.0
0.0
0.0
0.0
0.0
0.0
0.0
0.0
0.0
0.0
0.0
0.0
0.0
0.0
0.0
0.0
0.0
0.0
0.0
0.0
0.0
0.0
0.0
0.0
0.0
0.0
0.0
0.0
0.0
0.0
0.0
0.0
0.0
0.0
0.0
0.0
0.0
0.0
0.0
0.0
0.0
0.0
0.0
-1.0
0.0
0.0
0.0
0.0
0.0
0.0
0.0
0.0
0.0
0.0
0.0
0.0
0.0
0.0
0.0
0.0
0.0
0.0
0.0
0.0
0.0
0.0
0.0
0.0
1.0
0.0
0.0
0.0
-1.0
0.0
0.0
0.0
0.0
0.0
0.0
0.0
0.0
0.0
0.0
0.0
0.0
0.0
0.0
0.0
0.0
0.0
0.0
0.0
0.0
0.0
0.0
0.0
0.0
0.0
0.0
1.0
-1.0
1.0
0.0
0.0
0.0
0.0
0.0
0.0
0.0
0.0
0.0
0.0
0.0
0.0
0.0
0.0
0.0
0.0
0.0
0.0
0.0
0.0
0.0
0.0
0.0
0.0
0.0
0.0
0.0
0.0
0.0
0.0
0.0
0.0
0.0
0.0
0.0
0.0
0.0
0.0
0.0
0.0
0.0
0.0
0.0
0.0
0.0
0.0
0.0
0.0
0.0
0.0
0.0
0.0
0.0
0.0
0.0
0.0
0.0
0.0
0.0
0.0
0.0
0.0
0.0
0.0
0.0
0.0
0.0
0.0
0.0
0.0
0.0
0.0
0.0
0.0
0.0
-1.0
0.0
0.0
0.0
0.0
0.0
0.0
0.0
0.0
0.0
0.0
0.0
0.0
0.0
0.0
0.0
0.0
0.0
0.0
0.0
0.0
0.0
1.0
0.0
0.0
0.0
0.0
1.0
0.0
0.0
0.0
0.0
0.0
0.0
0.0
0.0
0.0
0.0
0.0
0.0
-1.0
0.0
0.0
0.0
0.0
0.0
0.0
0.0
0.0
0.0
0.0
0.0
0.0
0.0
0.0
1.0
1.0
0.0
0.0
0.0
0.0
0.0
0.0
0.0
0.0
0.0
0.0
0.0
0.0
0.0
0.0
0.0
0.0
0.0
0.0
0.0
0.0
0.0
0.0
0.0
-1.0
0.0
0.0
0.0
0.0
0.0
0.0
0.0
0.0
0.0
0.0
0.0
0.0
0.0
0.0
2.0
0.0
0.0
0.0
0.0
0.0
0.0
0.0
0.0
0.0
0.0
0.0
0.0
0.0
0.0
0.0
0.0
0.0
0.0
0.0
0.0
0.0
0.0
0.0
0.0
0.0
0.0
0.0
0.0
0.0
0.0
0.0
0.0
0.0
0.0
0.0
0.0
0.0
0.0
0.0
0.0
0.0
0.0
0.0
0.0
1.0
0.0
0.0
0.0
0.0
0.0
0.0
0.0
0.0
0.0
0.0
0.0
0.0
0.0
0.0
0.0
0.0
0.0
0.0
0.0
0.0
0.0
0.0
0.0
0.0
1.0
0.0
0.0
0.0
0.0
0.0
0.0
0.0
0.0
0.0
0.0
0.0
0.0
0.0
0.0
0.0
0.0
0.0
0.0
0.0
0.0
0.0
0.0
0.0
0.0
0.0
0.0
0.0
0.0
0.0
0.0
0.0
0.0
0.0
0.0
0.0
0.0
0.0
0.0
0.0
1.0
0.0
0.0
0.0
0.0
0.0
0.0
0.0
0.0
0.0
0.0
0.0
0.0
0.0
0.0
0.0
0.0
0.0
0.0
0.0
0.0
0.0
0.0
0.0
0.0
0.0
0.0
0.0
0.0
0.0
0.0
0.0
0.0
0.0
0.0
0.0
0.0
0.0
0.0
0.0
-1.0
0.0
0.0
1.0
0.0
0.0
0.0
0.0
0.0
0.0
0.0
0.0
0.0
1.0
0.0
0.0
0.0
0.0
0.0
0.0
0.0
0.0
0.0
0.0
0.0
0.0
0.0
0.0
0.0
0.0
0.0
0.0
0.0
0.0
0.0
0.0
0.0
0.0
0.0
0.0
0.0
0.0
0.0
0.0
0.0
0.0
0.0
0.0
0.0
0.0
0.0
0.0
0.0
0.0
0.0
0.0
0.0
0.0
0.0
0.0
1.0
0.0
0.0
0.0
0.0
0.0
0.0
0.0
0.0
0.0
0.0
0.0
0.0
0.0
0.0
0.0
0.0
0.0
0.0
0.0
0.0
0.0
0.0
0.0
0.0
0.0
0.0
0.0
0.0
0.0
0.0
0.0
0.0
0.0
0.0
0.0
0.0
0.0
0.0
0.0
0.0
0.0
0.0
0.0
0.0
0.0
0.0
0.0
0.0
0.0
0.0
0.0
0.0
0.0
0.0
0.0
0.0
0.0
0.0
0.0
0.0
0.0
0.0
0.0
0.0
0.0
0.0
0.0
0.0
0.0
0.0
0.0
0.0
0.0
0.0
0.0
0.0
0.0
0.0
0.0
0.0
0.0
0.0
0.0
0.0
0.0
0.0
0.0
0.0
0.0
0.0
0.0
0.0
0.0
0.0
0.0
0.0
0.0
0.0
0.0
0.0
0.0
0.0
0.0
0.0
0.0
0.0
0.0
0.0
0.0
0.0
0.0
0.0
0.0
0.0
0.0
0.0
0.0
0.0
0.0
0.0
0.0
0.0
0.0
0.0
0.0
0.0
0.0
0.0
0.0
0.0
0.0
0.0
0.0
1140.0
397312.0
16176.0
409600.0
0.0
0.0
0.0
0.0
0.0
0.0
0.0
0.0
0.0
0.0
0.0
0.0
24.0
405508.0
0.0
0.0
0.0
0.0
164.0
397536.0
0.0
0.0
1750753900.0
0.0
