0.009423499
0.00016962216
9.798561e-05
8.68696e-05
0.00016056465
7.74004e-05
3.664168e-05
3.87002e-05
0.00019967656
3.9111903e-05
4.158213e-05
2.799589e-05
0.0001255698
5.4756667e-05
2.3878847e-05
9.263346e-05
0.0001161006
1.7703283e-05
1.358624e-05
1.4409649e-05
4.364065e-05
6.134393e-05
1.2762832e-05
1.1527719e-05
3.9111903e-05
1.1116015e-05
9.057494e-06
9.057494e-06
2.3467142e-05
1.0704311e-05
1.0704311e-05
1.2762832e-05
0.00017909135
1.4409649e-05
1.0292606e-05
1.6879874e-05
9.551539e-05
1.93501e-05
9.057494e-06
4.940451e-06
2.017351e-05
2.017351e-05
5.3521553e-06
2.4290552e-05
9.880902e-06
9.880902e-06
5.0639625e-05
6.587268e-06
3.705338e-05
1.2351128e-05
1.93501e-05
6.504927e-05
1.8114988e-05
3.0877818e-05
1.7703283e-05
9.880902e-06
3.4171455e-05
3.005441e-05
1.8114988e-05
6.257905e-05
2.3055438e-05
1.9761805e-05
1.2351128e-05
8.234085e-06
0.0003565359
4.734599e-05
2.0585212e-05
3.3348046e-05
9.1398346e-05
0.00016591682
6.5460976e-05
4.734599e-05
4.8581103e-05
3.293634e-05
1.4409649e-05
9.880902e-06
3.1701227e-05
9.5103685e-05
1.852669e-05
1.6879874e-05
0.000114865485
4.3228945e-05
4.6934285e-05
7.4930176e-05
2.9642706e-05
7.410676e-05
6.628439e-05
6.1755636e-05
2.4290552e-05
6.1755636e-05
9.469198e-06
2.0585212e-05
2.3467142e-05
3.4583158e-05
4.3228945e-05
3.375975e-05
1.6056467e-05
0.00010251436
1.4821353e-05
3.8288497e-05
5.1463034e-05
0.00019020737
4.034702e-05
2.5525664e-05
7.4930176e-05
9.263346e-05
7.204824e-05
1.852669e-05
7.2871655e-05
2.799589e-05
8.028233e-05
9.6750504e-05
9.428027e-05
6.587268e-06
0.00010827822
7.945892e-05
0.00025690347
0.00021614473
3.375975e-05
2.3878847e-05
5.1463034e-05
2.223203e-05
8.234085e-06
2.8819297e-06
4.364065e-05
4.8992806e-05
1.358624e-05
7.4106765e-06
8.275256e-05
3.705338e-05
1.3174536e-05
0.00027831207
4.8581103e-05
0.00012762831
4.940451e-06
1.2351128e-06
5.1463034e-05
0.00015809444
4.9816215e-05
0.00039276585
1.1527719e-05
0.00014121456
1.5644762e-05
1.852669e-05
0.9797845
5.3521553e-06
3.293634e-06
6.175564e-06
9.880902e-06
3.4171455e-05
1.358624e-05
1.2351128e-05
6.9989724e-06
6.587268e-06
2.4702256e-06
5.3521553e-06
6.175564e-06
1.2351128e-06
6.587268e-06
4.6934285e-05
3.0877818e-05
2.6349073e-05
9.469198e-06
2.2643735e-05
7.4106765e-06
9.057494e-06
4.1170424e-06
2.8819297e-06
1.358624e-05
5.7638595e-06
4.1170424e-06
5.3521553e-06
5.7638595e-06
8.234085e-07
1.646817e-06
2.0585212e-06
8.645789e-06
1.646817e-06
3.293634e-06
1.6879874e-05
3.952361e-05
3.7053383e-06
1.0292606e-05
3.293634e-06
2.1408621e-05
5.3521553e-06
7.822381e-06
6.175564e-06
6.175564e-06
9.057494e-06
1.9761805e-05
1.2351128e-05
0.00010333777
6.093223e-05
1.8938395e-05
9.181005e-05
7.040143e-05
4.1170424e-06
3.0877818e-05
7.9870624e-05
3.1701227e-05
2.717248e-05
7.822381e-06
6.9989724e-06
3.293634e-05
4.1170424e-06
8.645789e-06
1.1116015e-05
1.5233058e-05
1.852669e-05
2.2643735e-05
1.2762832e-05
9.469198e-06
3.293634e-06
5.3521553e-06
5.3521553e-06
2.223203e-05
4.1170424e-06
7.822381e-06
1.19394235e-05
1.3997945e-05
1.646817e-06
5.3521553e-06
5.3521553e-06
2.8819299e-05
1.0292606e-05
4.1170424e-06
3.7053383e-06
2.1408621e-05
8.645789e-06
1.19394235e-05
4.940451e-06
0.00016550512
4.6110876e-05
7.822381e-06
0.0001062197
5.887371e-05
3.7053383e-06
7.4106765e-06
1.19394235e-05
5.1874737e-05
1.0704311e-05
2.4702256e-06
1.9761805e-05
5.1874737e-05
3.7053383e-06
5.0227918e-05
6.998972e-05
0.0001062197
2.8407594e-05
1.5644762e-05
1.7703283e-05
0.00010868992
1.8114988e-05
3.1289524e-05
0.0005236878
0.0037958666
0.0
0.0
0.0
0.0
0.0
0.0
0.0
0.0
0.9797554
0.0
0.0
0.0
0.0
0.0
0.0
0.0
0.0
0.0
0.0
0.0
0.0
0.0
0.0
0.0
0.0
0.0
0.0
0.0
0.0
0.0
0.0
0.0
0.0
0.0
0.0
0.0
0.0
0.0
0.0
0.0
0.0
0.0
0.0
0.0
0.0
0.0
0.0
0.00037295543
3.2950231e-06
4.118779e-06
4.118779e-07
3.706901e-06
7.2078633e-06
1.0296947e-05
4.7365957e-06
1.0296948e-06
6.1781685e-07
6.1781685e-07
1.0296948e-06
1.4415726e-06
4.118779e-07
2.2653285e-06
7.619741e-06
0.0009256956
7.001924e-06
8.0316195e-06
9.679131e-06
1.4415727e-05
9.267253e-06
3.9746217e-05
2.0593894e-05
7.619741e-06
0.0002114993
3.0890842e-06
1.2356337e-06
1.4415726e-06
2.2653285e-06
1.4415726e-06
2.2653285e-06
0.0003500962
1.0296947e-05
9.267253e-06
9.267253e-06
4.7365957e-06
3.2950231e-06
8.0316195e-06
2.2653285e-06
8.649436e-06
1.4415726e-06
3.91284e-06
6.1781685e-07
1.2356337e-06
2.2653285e-06
1.2356337e-06
5.1484735e-06
0.00058033597
2.2653285e-06
3.6451194e-05
1.1120704e-05
4.880753e-05
2.7183942e-05
8.999532e-05
4.0569972e-05
1.4415726e-06
1.2356337e-06
4.118779e-07
1.2356337e-06
4.118779e-07
6.1781685e-07
6.1781685e-07
8.237558e-07
0.0005061979
2.4712674e-06
5.107286e-05
1.25622755e-05
2.1005773e-05
1.5857298e-05
0.00015774924
6.71361e-05
1.4415726e-06
1.2356337e-06
8.237558e-07
1.2356337e-06
1.2356337e-06
1.2356337e-06
1.0296948e-06
1.2356337e-06
0.00106594
2.6978003e-05
4.510063e-05
3.0273026e-05
4.9631286e-05
4.3453118e-05
0.00012335743
9.473192e-05
6.095793e-05
1.4003848e-05
8.0316195e-06
4.324718e-06
2.8625514e-05
7.001924e-06
2.5948308e-05
5.86926e-05
0.0005774528
7.413802e-06
6.23995e-05
2.4300796e-05
9.926257e-05
5.3338186e-05
0.00026236623
0.00014868792
3.706901e-06
4.7365957e-06
2.2653285e-06
3.91284e-06
4.118779e-06
3.0890842e-06
2.0593895e-06
6.1781684e-06
0.0
0.0
0.0
0.0
0.0
0.0
0.0
0.0
0.0
0.0
0.0
0.0
0.0
0.0
0.0
0.0
0.000107294196
5.1484735e-06
2.7183942e-05
1.5239482e-05
2.4094858e-05
1.379791e-05
0.00011409018
8.052213e-05
1.1326642e-05
5.3544127e-06
2.6772063e-06
2.0593895e-06
2.6772063e-06
3.0890842e-06
2.2653285e-06
4.942535e-06
0.00021335275
2.2035467e-05
9.473191e-06
8.443497e-06
6.281138e-05
4.901347e-05
1.5033544e-05
2.4712674e-05
0.0001427157
2.162359e-05
5.560352e-06
1.0502887e-05
4.7777838e-05
4.530657e-06
5.7662906e-05
0.00014827604
0.0011586125
0.00016166207
0.00011285454
0.00014230382
0.00044132717
0.0002887264
9.6997246e-05
0.00025618804
0.00069298455
8.5258725e-05
5.107286e-05
6.960736e-05
0.00026524937
6.23995e-05
0.0002273566
0.00052679185
0.0008851256
0.00016536898
0.00012665245
0.0001548661
0.00032291227
0.0002448614
8.772999e-05
0.00027328098
0.00050043163
5.107286e-05
7.290239e-05
7.866868e-05
0.00023538822
7.7844925e-05
0.00017751938
0.00034124084
0.0
0.0
0.0
0.0
0.0
0.0
0.0
0.0
0.0
0.0
0.0
0.0
0.0
0.0
0.0
0.0
229.0
17.943232
4109.0
0.07106352
0.002190314
0.0007301046
0.00024336821
0.00097347284
0.0014602093
0.0
0.00024336821
0.0051107327
0.004623996
0.0
0.00048673642
0.0
0.0031637868
0.02458019
0.001216841
0.009004624
0.004380628
0.0075444146
0.0063275737
0.002433682
0.004380628
0.0073010465
0.0026770504
0.004623996
0.002190314
0.002190314
0.00048673642
0.00024336821
0.00024336821
0.00024336821
0.00048673642
0.002190314
0.010464833
0.003407155
0.009004624
0.0060842056
0.008517887
0.0075444146
0.0070576784
0.0060842056
0.0038938913
0.00097347284
0.0014602093
0.0036505233
0.0070576784
0.0026770504
0.003407155
0.009491361
0.0007301046
0.008517887
0.013871988
0.004623996
0.0031637868
0.005354101
0.010464833
0.001216841
0.0007301046
0.0007301046
0.00048673642
0.004380628
0.00048673642
0.00048673642
0.0007301046
0.0017035775
0.056218058
0.005840837
0.021903139
0.019469457
0.10562181
0.009247992
0.011681674
0.01362862
0.051594064
0.001216841
0.00681431
0.0367486
0.015818935
0.045509856
0.05597469
0.019469457
0.0
0.04916038
0.037722073
0.052324165
0.02311998
0.0070576784
0.0031637868
0.021173036
0.0051107327
0.002433682
0.0
0.0
0.0
0.0
0.00048673642
5.2687016
2.0
0.0
0.0
1.0
2428928.0
57344.0
0.0
0.0
54.0
0.0
1.0
0.0
0.0
0.0
1083884500.0
0.0
0.0
0.0
0.0
0.0
1.0
0.0
0.0
0.0
0.0
0.0
0.0
-1.0
0.0
-1.0
-1.0
0.0
0.0
0.0
0.0
0.0
0.0
0.0
0.0
0.0
0.0
0.0
0.0
-1.0
0.0
0.0
0.0
0.0
0.0
0.0
0.0
0.0
0.0
0.0
0.0
0.0
-1.0
0.0
0.0
0.0
0.0
0.0
0.0
0.0
0.0
0.0
0.0
6.0
0.0
4.0
0.0
4.0
0.0
24576.0
4096.0
4096.0
5.0
0.0
0.0
1.0
1.0
0.0
0.0
4096.0
0.0
0.0
0.0
0.0
0.0
0.0
0.0
0.0
0.0
0.0
0.0
4096.0
0.0
0.0
0.0
0.0
0.0
0.0
0.0
0.0
0.0
0.0
0.0
0.0
0.0
0.0
0.0
0.0
0.0
-8192.0
0.0
0.0
0.0
0.0
0.0
0.0
0.0
0.0
-24576.0
0.0
4096.0
0.0
0.0
0.0
0.0
0.0
0.0
0.0
0.0
0.0
0.0
0.0
0.0
0.0
0.0
0.0
0.0
0.0
0.0
0.0
0.0
5.6636963
0.0
0.0
0.0
0.0
0.0
0.0
0.0
0.0
0.0
0.0
0.0
0.0
0.0
0.0
0.0
0.0
0.0
-3.5541914
0.0
0.0
0.0
0.0
0.0
0.0
0.0
0.0
-6.5496798
0.0
0.0
0.0
0.0
0.0
0.0
0.0
0.0
0.0
0.0
3942.0
0.0
0.0
0.0
0.0
0.0
0.0
0.0
0.0
0.0
0.0
0.0
2476.0
0.0
0.0
0.0
0.0
0.0
0.0
0.0
0.0
0.0
0.0
0.0
0.0
0.0
0.0
0.0
0.0
0.0
-13432.0
0.0
0.0
0.0
0.0
0.0
0.0
0.0
0.0
-23376.0
0.0
2392.0
0.0
0.0
0.0
0.0
0.0
0.0
0.0
0.0
0.0
-1.0
0.0
0.0
0.0
0.0
0.0
1.0
0.0
0.0
0.0
0.0
0.0
0.0
0.0
0.0
0.0
0.0
0.0
0.0
0.0
0.0
0.0
0.0
0.0
0.0
0.0
0.0
0.0
0.0
0.0
0.0
0.0
0.0
0.0
0.0
0.0
-2.0
0.0
0.0
0.0
1.0
0.0
0.0
0.0
0.0
0.0
0.0
0.0
0.0
0.0
0.0
0.0
0.0
0.0
0.0
0.0
0.0
0.0
0.0
0.0
-1.0
0.0
0.0
0.0
0.0
0.0
0.0
0.0
0.0
0.0
1.0
0.0
0.0
0.0
0.0
1.0
0.0
0.0
0.0
0.0
0.0
0.0
0.0
0.0
0.0
0.0
0.0
0.0
0.0
0.0
0.0
0.0
0.0
0.0
0.0
0.0
0.0
0.0
0.0
0.0
0.0
0.0
0.0
0.0
0.0
0.0
0.0
0.0
0.0
0.0
0.0
0.0
0.0
0.0
0.0
0.0
0.0
0.0
0.0
0.0
0.0
0.0
0.0
0.0
0.0
0.0
0.0
-1.0
0.0
0.0
0.0
0.0
0.0
0.0
0.0
0.0
0.0
0.0
0.0
0.0
0.0
0.0
0.0
0.0
0.0
0.0
0.0
0.0
0.0
0.0
0.0
0.0
0.0
0.0
0.0
0.0
0.0
0.0
0.0
0.0
0.0
0.0
0.0
0.0
0.0
0.0
0.0
0.0
0.0
0.0
0.0
0.0
0.0
0.0
0.0
0.0
0.0
0.0
0.0
0.0
0.0
0.0
0.0
0.0
0.0
0.0
0.0
0.0
0.0
0.0
0.0
0.0
0.0
0.0
0.0
0.0
0.0
-1.0
0.0
0.0
0.0
0.0
0.0
0.0
0.0
0.0
0.0
0.0
0.0
0.0
0.0
0.0
0.0
0.0
1.0
0.0
0.0
0.0
0.0
0.0
0.0
0.0
0.0
0.0
0.0
0.0
0.0
0.0
0.0
0.0
0.0
0.0
0.0
0.0
0.0
0.0
0.0
0.0
0.0
0.0
0.0
0.0
0.0
0.0
0.0
0.0
0.0
0.0
0.0
0.0
0.0
0.0
0.0
0.0
0.0
0.0
0.0
0.0
0.0
0.0
0.0
0.0
0.0
0.0
0.0
0.0
0.0
0.0
0.0
0.0
0.0
0.0
0.0
0.0
0.0
0.0
0.0
0.0
0.0
0.0
0.0
0.0
0.0
0.0
0.0
0.0
0.0
0.0
0.0
0.0
0.0
0.0
0.0
0.0
0.0
0.0
0.0
0.0
0.0
0.0
0.0
0.0
0.0
0.0
0.0
0.0
0.0
0.0
0.0
0.0
0.0
0.0
0.0
0.0
0.0
0.0
0.0
0.0
0.0
0.0
0.0
0.0
0.0
0.0
0.0
0.0
0.0
0.0
0.0
0.0
0.0
0.0
0.0
0.0
0.0
0.0
0.0
0.0
0.0
0.0
0.0
0.0
0.0
0.0
0.0
0.0
0.0
0.0
0.0
0.0
0.0
0.0
0.0
0.0
0.0
0.0
0.0
0.0
0.0
0.0
0.0
0.0
0.0
0.0
0.0
0.0
0.0
0.0
0.0
0.0
0.0
0.0
0.0
0.0
0.0
0.0
0.0
0.0
0.0
0.0
0.0
0.0
0.0
0.0
0.0
0.0
0.0
0.0
0.0
0.0
0.0
0.0
0.0
0.0
0.0
0.0
0.0
0.0
0.0
0.0
-1.0
0.0
0.0
0.0
0.0
0.0
0.0
0.0
0.0
0.0
0.0
0.0
0.0
0.0
0.0
0.0
0.0
0.0
0.0
0.0
0.0
0.0
0.0
0.0
0.0
0.0
0.0
0.0
0.0
0.0
0.0
0.0
0.0
0.0
0.0
0.0
0.0
1.0
0.0
0.0
0.0
0.0
0.0
0.0
0.0
0.0
0.0
0.0
0.0
0.0
0.0
0.0
0.0
0.0
0.0
0.0
0.0
0.0
0.0
1.0
0.0
0.0
0.0
0.0
1.0
0.0
0.0
0.0
0.0
0.0
0.0
0.0
0.0
0.0
0.0
0.0
0.0
0.0
0.0
0.0
0.0
1.0
0.0
0.0
0.0
0.0
0.0
0.0
0.0
0.0
0.0
0.0
0.0
0.0
0.0
0.0
0.0
0.0
0.0
0.0
0.0
0.0
0.0
0.0
0.0
0.0
0.0
0.0
0.0
0.0
0.0
0.0
0.0
0.0
0.0
0.0
0.0
0.0
0.0
0.0
0.0
0.0
0.0
0.0
0.0
0.0
-1.0
0.0
0.0
0.0
0.0
0.0
0.0
0.0
0.0
0.0
0.0
0.0
0.0
0.0
0.0
0.0
0.0
0.0
0.0
0.0
0.0
0.0
0.0
0.0
0.0
0.0
0.0
0.0
0.0
0.0
0.0
0.0
0.0
0.0
0.0
0.0
0.0
0.0
0.0
0.0
0.0
0.0
0.0
0.0
0.0
0.0
0.0
0.0
-1.0
0.0
0.0
0.0
0.0
0.0
0.0
0.0
0.0
0.0
0.0
0.0
0.0
0.0
0.0
0.0
0.0
0.0
0.0
0.0
0.0
0.0
0.0
0.0
0.0
0.0
0.0
0.0
0.0
0.0
0.0
1.0
0.0
0.0
0.0
0.0
0.0
0.0
0.0
0.0
0.0
0.0
0.0
0.0
0.0
0.0
0.0
0.0
0.0
0.0
0.0
0.0
0.0
0.0
0.0
0.0
0.0
0.0
0.0
-1.0
0.0
0.0
0.0
0.0
0.0
0.0
0.0
0.0
0.0
0.0
0.0
0.0
0.0
0.0
0.0
0.0
0.0
0.0
0.0
0.0
0.0
0.0
0.0
0.0
0.0
0.0
0.0
0.0
0.0
0.0
0.0
0.0
0.0
0.0
0.0
0.0
0.0
0.0
0.0
0.0
0.0
0.0
-1.0
0.0
0.0
1.0
0.0
0.0
0.0
0.0
0.0
0.0
0.0
0.0
0.0
0.0
0.0
0.0
0.0
0.0
0.0
0.0
0.0
0.0
0.0
0.0
0.0
0.0
0.0
0.0
0.0
0.0
0.0
0.0
0.0
0.0
0.0
0.0
0.0
0.0
0.0
0.0
0.0
0.0
0.0
0.0
0.0
0.0
0.0
-1.0
0.0
0.0
0.0
-1.0
0.0
0.0
0.0
0.0
0.0
0.0
0.0
0.0
0.0
0.0
0.0
0.0
0.0
0.0
0.0
0.0
0.0
0.0
0.0
0.0
0.0
0.0
0.0
0.0
0.0
0.0
0.0
0.0
0.0
0.0
0.0
0.0
0.0
0.0
1.0
0.0
0.0
0.0
0.0
0.0
0.0
0.0
0.0
0.0
0.0
-1.0
0.0
0.0
0.0
0.0
0.0
0.0
0.0
0.0
0.0
0.0
0.0
0.0
0.0
0.0
0.0
0.0
0.0
0.0
0.0
0.0
0.0
0.0
0.0
0.0
0.0
0.0
0.0
0.0
0.0
0.0
1.0
0.0
0.0
0.0
0.0
0.0
0.0
0.0
0.0
0.0
0.0
0.0
0.0
0.0
0.0
0.0
0.0
0.0
0.0
0.0
0.0
0.0
0.0
0.0
0.0
0.0
0.0
0.0
0.0
0.0
0.0
0.0
0.0
0.0
0.0
0.0
0.0
0.0
0.0
-1.0
0.0
0.0
0.0
0.0
0.0
0.0
0.0
0.0
0.0
0.0
0.0
0.0
0.0
0.0
0.0
0.0
0.0
0.0
-1.0
0.0
0.0
0.0
0.0
0.0
0.0
0.0
0.0
0.0
0.0
0.0
0.0
0.0
0.0
0.0
0.0
0.0
0.0
0.0
0.0
0.0
0.0
0.0
0.0
0.0
0.0
0.0
0.0
0.0
0.0
0.0
0.0
0.0
0.0
0.0
0.0
0.0
0.0
0.0
0.0
0.0
0.0
0.0
0.0
0.0
0.0
0.0
0.0
0.0
0.0
0.0
0.0
0.0
0.0
0.0
0.0
0.0
0.0
0.0
0.0
0.0
0.0
0.0
0.0
0.0
0.0
0.0
0.0
1.0
0.0
0.0
-2.0
0.0
0.0
0.0
0.0
0.0
0.0
0.0
0.0
0.0
0.0
0.0
0.0
0.0
0.0
1.0
0.0
0.0
0.0
-1.0
0.0
0.0
0.0
0.0
0.0
0.0
0.0
0.0
0.0
0.0
0.0
-1.0
0.0
0.0
0.0
0.0
0.0
0.0
1.0
0.0
0.0
0.0
0.0
0.0
0.0
0.0
0.0
0.0
0.0
0.0
0.0
0.0
0.0
0.0
0.0
0.0
1.0
0.0
1.0
0.0
0.0
0.0
0.0
0.0
1.0
0.0
0.0
0.0
0.0
0.0
0.0
0.0
0.0
-1.0
0.0
0.0
0.0
0.0
0.0
0.0
0.0
0.0
0.0
0.0
0.0
0.0
0.0
0.0
1.0
0.0
0.0
0.0
0.0
0.0
0.0
0.0
0.0
0.0
0.0
0.0
0.0
0.0
0.0
0.0
0.0
0.0
0.0
0.0
0.0
0.0
0.0
0.0
0.0
0.0
0.0
0.0
0.0
0.0
0.0
0.0
0.0
0.0
0.0
0.0
0.0
0.0
0.0
0.0
0.0
0.0
0.0
0.0
0.0
0.0
0.0
0.0
0.0
-1.0
0.0
0.0
0.0
0.0
0.0
0.0
0.0
0.0
0.0
0.0
0.0
0.0
0.0
0.0
0.0
0.0
0.0
0.0
0.0
0.0
0.0
0.0
0.0
1.0
0.0
0.0
0.0
0.0
0.0
0.0
1.0
0.0
0.0
0.0
0.0
0.0
0.0
0.0
0.0
0.0
0.0
0.0
0.0
0.0
0.0
0.0
0.0
0.0
0.0
0.0
0.0
0.0
0.0
0.0
0.0
1.0
0.0
0.0
0.0
0.0
0.0
0.0
0.0
0.0
0.0
0.0
-1.0
0.0
0.0
0.0
0.0
0.0
0.0
0.0
0.0
0.0
-1.0
0.0
0.0
0.0
0.0
0.0
0.0
0.0
0.0
0.0
0.0
0.0
0.0
0.0
0.0
1.0
0.0
0.0
0.0
0.0
0.0
0.0
0.0
0.0
0.0
0.0
0.0
0.0
0.0
0.0
0.0
0.0
0.0
0.0
-1.0
1.0
0.0
0.0
0.0
0.0
0.0
0.0
0.0
0.0
0.0
0.0
0.0
0.0
0.0
0.0
0.0
0.0
0.0
1.0
0.0
0.0
0.0
-1.0
0.0
0.0
0.0
0.0
0.0
0.0
0.0
0.0
1.0
0.0
0.0
0.0
0.0
0.0
0.0
0.0
0.0
0.0
0.0
0.0
0.0
0.0
0.0
0.0
0.0
0.0
0.0
0.0
0.0
0.0
0.0
0.0
0.0
-1.0
0.0
0.0
0.0
0.0
0.0
0.0
0.0
0.0
0.0
0.0
0.0
0.0
0.0
0.0
0.0
0.0
0.0
0.0
0.0
0.0
0.0
0.0
-1.0
0.0
0.0
0.0
0.0
0.0
0.0
0.0
0.0
0.0
0.0
0.0
0.0
0.0
0.0
0.0
0.0
0.0
0.0
0.0
0.0
0.0
0.0
0.0
-1.0
0.0
0.0
0.0
0.0
0.0
0.0
0.0
0.0
0.0
0.0
0.0
0.0
0.0
0.0
0.0
0.0
0.0
0.0
0.0
0.0
0.0
0.0
0.0
0.0
0.0
-1.0
-1.0
0.0
0.0
0.0
0.0
0.0
0.0
0.0
0.0
0.0
0.0
0.0
0.0
0.0
0.0
0.0
0.0
0.0
0.0
0.0
0.0
0.0
0.0
0.0
0.0
-1.0
0.0
0.0
0.0
0.0
0.0
0.0
0.0
0.0
0.0
0.0
0.0
0.0
0.0
0.0
0.0
0.0
0.0
0.0
0.0
0.0
0.0
0.0
0.0
0.0
0.0
0.0
0.0
0.0
0.0
0.0
0.0
0.0
0.0
0.0
0.0
0.0
0.0
0.0
0.0
0.0
0.0
0.0
0.0
0.0
0.0
0.0
0.0
0.0
0.0
0.0
0.0
0.0
0.0
0.0
0.0
0.0
0.0
0.0
0.0
0.0
0.0
0.0
0.0
0.0
0.0
0.0
0.0
0.0
0.0
0.0
0.0
0.0
0.0
0.0
0.0
0.0
0.0
0.0
0.0
0.0
0.0
0.0
0.0
0.0
0.0
0.0
0.0
0.0
0.0
0.0
0.0
0.0
0.0
0.0
0.0
0.0
0.0
0.0
0.0
0.0
0.0
0.0
0.0
0.0
0.0
0.0
0.0
0.0
0.0
0.0
0.0
0.0
0.0
0.0
0.0
0.0
0.0
0.0
0.0
0.0
0.0
0.0
0.0
0.0
0.0
0.0
0.0
0.0
0.0
0.0
0.0
0.0
0.0
0.0
0.0
0.0
0.0
0.0
0.0
0.0
0.0
0.0
0.0
0.0
0.0
0.0
0.0
0.0
0.0
0.0
0.0
0.0
0.0
0.0
0.0
0.0
0.0
0.0
0.0
0.0
0.0
0.0
0.0
0.0
0.0
0.0
0.0
0.0
80.0
29892.0
2392.0
49152.0
0.0
0.0
0.0
0.0
0.0
0.0
0.0
0.0
0.0
0.0
0.0
0.0
0.0
0.0
0.0
0.0
0.0
0.0
228.0
28672.0
0.0
0.0
0.0
0.0
