0.7187376
0.003394114
0.0026944045
0.0019738078
0.0027675084
0.0014620799
0.0005639451
0.0009816822
0.0018589302
0.00046995425
0.00039685026
0.0003759634
0.0013785325
0.0006057188
0.00054305827
0.0022035632
0.0010965599
0.00050128455
0.00027152913
9.399085e-05
0.0010130125
0.0026944045
0.00028197255
0.00015665143
0.00039685026
0.00017753827
0.00013576457
0.00019842513
0.00036551998
0.00041773712
0.0001879817
0.0001879817
0.0004908411
0.00017753827
0.00017753827
0.00019842513
0.0011801074
0.00019842513
0.00021931199
0.0008668045
0.000511728
0.0004490674
0.00012532114
8.354742e-05
0.00050128455
0.00020886856
0.0005221714
0.00021931199
0.00043862397
0.0012532114
0.00034463312
0.00038640684
0.00066837936
0.0010547863
0.0004908411
0.0006057188
0.00083547423
0.0017962696
0.00054305827
0.0007519268
0.0012323245
0.0011801074
0.00066837936
0.00080414396
0.007916118
0.002663074
0.0012009942
0.0010965599
0.0011592205
0.0038327381
0.0010652296
0.0010130125
0.000584832
0.0006266057
0.00073103997
0.0006788228
0.0006370491
0.00095035194
0.0019007039
0.0007414834
0.005200827
0.0008668045
0.00083547423
0.0018589302
0.00064749253
0.0012323245
0.0016500616
0.0011383337
0.00068926625
0.0008563611
0.0005221714
0.0010965599
0.0010547863
0.001169664
0.0010130125
0.00087724795
0.0006266057
0.0018276
0.00076237024
0.0013680891
0.0015456274
0.0029241599
0.0010443428
0.0010130125
0.0026526307
0.0013994194
0.0027152912
0.00061616226
0.0016813918
0.00068926625
0.0013576456
0.0014934102
0.0032792364
0.00073103997
0.0017649393
0.0022557804
0.003174802
0.002882386
0.0007101531
0.0018276
0.0009712388
0.0009607954
0.0008250308
0.0004072937
0.0013576456
0.0009921256
0.000511728
0.0007937005
0.0020364684
0.0008981348
0.00038640684
0.0034985484
0.001221881
0.004522004
0.0006370491
0.00055350165
0.0011278902
0.0050859493
0.0012740982
0.004344466
0.0009607954
0.006537586
0.0004490674
0.0009607954
0.0010652296
0.0004490674
0.0007519268
0.00039685026
0.0007937005
0.0010025691
0.0004908411
0.00043862397
0.0007205965
0.0012532114
0.00027152913
0.00017753827
0.00041773712
0.00028197255
0.00020886856
0.00027152913
0.00043862397
0.00095035194
0.00046995425
0.0007937005
0.0004490674
0.00041773712
0.00016709484
0.00013576457
0.00027152913
0.00011487771
0.00027152913
0.00013576457
0.0007205965
0.00019842513
0.00024019885
0.000146208
0.00034463312
0.00012532114
0.00021931199
0.00021931199
0.00028197255
0.00050128455
0.0005221714
0.00016709484
0.0008459177
0.00032374627
0.00039685026
0.00025064228
0.00076237024
0.00045951083
0.0007937005
0.0007205965
0.0022035632
0.00057438854
0.00083547423
0.0012949851
0.0009294651
0.00031330285
0.0012532114
0.0011278902
0.0006057188
0.000146208
0.000657936
0.000146208
0.00066837936
0.00010443428
0.0009921256
0.00042818056
0.000511728
0.0006997097
0.00031330285
0.00022975542
0.00028197255
8.354742e-05
0.000146208
0.00021931199
0.000657936
0.00055350165
0.0004072937
0.0005326148
0.00046995425
0.000292416
0.00019842513
0.000146208
0.0005639451
0.00041773712
0.00064749253
0.00046995425
0.00024019885
0.0004908411
0.00078325707
0.000292416
0.0028092822
0.0008459177
0.00021931199
0.0016605051
0.0014098628
0.00020886856
0.00017753827
0.0005326148
0.00064749253
0.00019842513
0.0013994194
0.0005326148
0.000584832
0.0009085782
0.00091902167
0.00064749253
0.0019946948
0.00054305827
0.00087724795
0.0006266057
0.002318441
0.0006997097
0.0015665141
0.03695929
0.58639395
0.0
0.0
6.368886e-05
8.491848e-05
8.491848e-05
0.000106148094
8.491848e-05
8.491848e-05
5.3074047e-05
0.0
0.0
0.0
0.0
0.0
0.0
0.009946077
1.061481e-05
1.061481e-05
2.6537024e-05
0.0
0.0
0.0
3.184443e-05
0.0
0.0
5.307405e-06
0.0
5.307405e-06
0.0
0.0
0.0008332626
0.0
0.0
0.0
0.0
0.0
0.0
0.0
0.0
0.0
0.0
0.0
0.0
0.0
0.0
0.0
0.0
0.019303031
0.000106148094
0.00010084069
0.00019106657
0.00024944803
0.0002176036
0.0003184443
0.00020168138
0.00021229619
0.00016452956
0.00012737772
6.368886e-05
7.4303665e-05
0.00010084069
7.9611076e-05
0.00022821841
0.026802395
5.8381454e-05
0.00014860733
0.00030252206
0.00035028873
0.0003290591
0.0005042035
0.00042459238
0.00033967392
0.00039805536
0.00016452956
0.0002176036
0.00036090353
0.00018575917
0.00022821841
0.0017939028
0.0080725625
2.6537024e-05
3.7151833e-05
3.184443e-05
0.00038213315
0.00015391475
0.001141092
0.0008704144
2.6537024e-05
2.122962e-05
2.122962e-05
2.122962e-05
2.122962e-05
2.122962e-05
1.061481e-05
1.061481e-05
0.007897419
4.245924e-05
5.3074047e-05
4.245924e-05
0.00039805536
0.00015391475
0.001167629
0.00088102923
4.245924e-05
2.122962e-05
5.8381454e-05
2.122962e-05
2.122962e-05
2.122962e-05
3.7151833e-05
1.061481e-05
0.0
0.0
0.0
0.0
0.0
0.0
0.0
0.0
0.0
0.0
0.0
0.0
0.0
0.0
0.0
0.0
0.006713867
0.00012207031
0.000111455505
0.00010084069
0.00010084069
7.4303665e-05
0.00014860733
0.00056789233
0.00010084069
0.00015922215
0.00011676291
9.022588e-05
0.00019637398
0.00039805536
0.00038744055
0.001480766
0.020603346
0.00046174423
0.0005042035
0.00046705164
0.0008332626
0.00049889606
0.0005838145
0.00059973676
0.0021123472
0.002478558
0.0009341033
0.0012260105
0.0017408289
0.0011357847
0.001953125
0.018215014
0.014160156
0.00016452956
0.00036090353
0.0009977921
0.0015975289
0.001141092
0.0034232761
0.0025104026
0.0015816067
0.0007324219
0.00041397757
0.00041397757
0.00042459238
0.00045643683
0.0010190217
0.00321098
0.0
0.0
0.0
0.0
0.0
0.0
0.0
0.0
0.0
0.0
0.0
0.0
0.0
0.0
0.0
0.0
0.0019743547
0.00019106657
0.00037682574
0.0030252207
0.0040973164
0.0036939539
0.0068677817
0.0046492866
0.0033595874
0.0018947435
0.00081734033
0.00083856995
0.00046705164
4.245924e-05
9.022588e-05
0.00022291101
0.037332285
0.0054507046
0.0036621094
0.005111031
0.012334409
0.009436565
0.0048721978
0.008465311
0.020980172
0.0018947435
0.0022397249
0.0031950579
0.007011082
0.0029084578
0.0063264268
0.020953635
0.0085926885
0.0016028363
0.0007536515
0.0016877548
0.0049518086
0.0034498132
0.0027704653
0.003131369
0.0049093496
0.0005201257
0.00081203296
0.0006368886
0.0019955842
0.00056789233
0.0018098251
0.0052861753
0.0
0.0
0.0
0.0
0.0
0.0
0.0
0.0
0.0
0.0
0.0
0.0
0.0
0.0
0.0
0.0
227.0
16.845816
3824.0
0.0023535565
0.00078451884
0.00052301254
0.00052301254
0.0010460251
0.00026150627
0.00026150627
0.00078451884
0.00026150627
0.00026150627
0.00052301254
0.00026150627
0.0010460251
0.00078451884
0.007583682
0.0026150628
0.002876569
0.0062761507
0.0062761507
0.007322176
0.0052301255
0.010198745
0.008629707
0.0130753135
0.006014644
0.015167364
0.010721757
0.011767782
0.008891214
0.010198745
0.012813807
0.014644352
0.007322176
0.022228034
0.012552301
0.017782427
0.013598327
0.014644352
0.01830544
0.018566946
0.009414226
0.0130753135
0.011767782
0.012290795
0.01124477
0.010721757
0.012029288
0.010983263
0.008106695
0.0070606694
0.010460251
0.016997907
0.006014644
0.008106695
0.007583682
0.004707113
0.002876569
0.002876569
0.004445607
0.002876569
0.0041841003
0.0049686194
0.002876569
0.003661088
0.001830544
0.03294979
0.008106695
0.01542887
0.025627615
0.0625
0.009675732
0.015690377
0.014121339
0.025889121
0.008891214
0.0067991633
0.033995815
0.011506276
0.025627615
0.024843097
0.015951883
0.0065376568
0.027981171
0.017520921
0.036087867
0.012552301
0.01124477
0.010460251
0.008629707
0.010198745
0.0062761507
0.0054916316
0.007583682
0.004707113
0.0049686194
0.006014644
6.0827055
0.0
0.0
0.0
3.0
95754.0
180224.0
0.0
0.0
28.0
0.0
1.0
0.0
0.0
0.0
3019957800.0
0.0
0.0
0.0
0.0
0.0
1.0
0.0
0.0
0.0
0.0
0.0
0.0
-1.0
0.0
-1.0
-1.0
0.0
0.0
0.0
0.0
0.0
0.0
0.0
0.0
0.0
0.0
0.0
0.0
-1.0
0.0
0.0
0.0
0.0
0.0
0.0
0.0
0.0
0.0
0.0
0.0
0.0
-1.0
0.0
0.0
0.0
0.0
0.0
0.0
0.0
0.0
0.0
0.0
2.0
50.0
4.0
0.0
4.0
0.0
18944.0
1024.0
4096.0
4.0
0.0
0.0
2.0
2.0
0.0
0.0
0.0
0.0
0.0
0.0
0.0
0.0
0.0
0.0
0.0
0.0
0.0
0.0
2048.0
0.0
0.0
0.0
0.0
0.0
0.0
0.0
0.0
0.0
0.0
0.0
0.0
0.0
0.0
0.0
0.0
0.0
-2560.0
0.0
0.0
0.0
0.0
0.0
0.0
0.0
0.0
-18944.0
0.0
67584.0
0.0
0.0
0.0
0.0
0.0
0.0
0.0
0.0
0.0
0.0
0.0
0.0
0.0
0.0
0.0
0.0
0.0
0.0
0.0
0.0
5.7255936
0.0
0.0
0.0
0.0
0.0
0.0
0.0
0.0
0.0
0.0
0.0
0.0
0.0
0.0
0.0
0.0
0.0
-2.3341854
0.0
0.0
0.0
0.0
0.0
0.0
0.0
0.0
-6.3390293
0.0
0.75137115
0.0
0.0
0.0
0.0
0.0
0.0
0.0
0.0
0.0
0.0
0.0
0.0
0.0
0.0
0.0
0.0
0.0
0.0
0.0
0.0
1960.0
0.0
0.0
0.0
0.0
0.0
0.0
0.0
0.0
0.0
0.0
0.0
0.0
0.0
0.0
0.0
0.0
0.0
-57344.0
0.0
0.0
0.0
0.0
0.0
0.0
0.0
0.0
-18886.0
0.0
94204.0
0.0
0.0
0.0
0.0
0.0
0.0
0.0
0.0
0.0
-1.0
0.0
0.0
0.0
0.0
0.0
1.0
0.0
0.0
0.0
0.0
0.0
0.0
0.0
0.0
0.0
0.0
0.0
0.0
0.0
0.0
0.0
0.0
0.0
0.0
0.0
0.0
0.0
0.0
0.0
0.0
0.0
0.0
0.0
0.0
0.0
-2.0
0.0
0.0
0.0
1.0
0.0
0.0
0.0
0.0
0.0
0.0
0.0
0.0
0.0
0.0
0.0
0.0
0.0
0.0
0.0
0.0
0.0
0.0
0.0
-1.0
0.0
0.0
0.0
0.0
0.0
0.0
0.0
0.0
0.0
1.0
0.0
0.0
0.0
0.0
1.0
0.0
0.0
0.0
0.0
0.0
0.0
0.0
0.0
0.0
0.0
0.0
0.0
0.0
0.0
0.0
0.0
0.0
0.0
0.0
0.0
0.0
0.0
0.0
0.0
0.0
0.0
0.0
0.0
0.0
0.0
0.0
0.0
0.0
0.0
0.0
0.0
0.0
0.0
0.0
0.0
0.0
0.0
0.0
0.0
0.0
0.0
0.0
0.0
0.0
0.0
0.0
0.0
0.0
0.0
0.0
0.0
0.0
0.0
0.0
0.0
0.0
0.0
0.0
0.0
0.0
0.0
0.0
0.0
0.0
0.0
0.0
0.0
0.0
0.0
0.0
0.0
0.0
0.0
0.0
0.0
0.0
0.0
0.0
0.0
0.0
0.0
0.0
0.0
0.0
0.0
0.0
0.0
0.0
0.0
0.0
0.0
0.0
0.0
0.0
0.0
0.0
0.0
0.0
0.0
0.0
0.0
0.0
0.0
0.0
0.0
0.0
0.0
0.0
0.0
0.0
0.0
0.0
0.0
0.0
0.0
0.0
0.0
0.0
0.0
0.0
0.0
0.0
0.0
0.0
0.0
0.0
0.0
0.0
0.0
0.0
0.0
0.0
0.0
1.0
0.0
0.0
0.0
0.0
0.0
0.0
0.0
0.0
0.0
0.0
0.0
0.0
0.0
0.0
0.0
0.0
0.0
0.0
0.0
0.0
0.0
0.0
0.0
0.0
0.0
0.0
0.0
0.0
0.0
0.0
0.0
0.0
0.0
0.0
0.0
0.0
0.0
0.0
0.0
0.0
0.0
0.0
0.0
0.0
0.0
0.0
0.0
0.0
0.0
0.0
0.0
0.0
0.0
0.0
0.0
0.0
0.0
0.0
0.0
0.0
0.0
0.0
0.0
0.0
0.0
0.0
0.0
0.0
0.0
0.0
0.0
0.0
0.0
0.0
0.0
0.0
0.0
0.0
0.0
0.0
0.0
0.0
0.0
0.0
0.0
0.0
0.0
0.0
0.0
0.0
0.0
0.0
0.0
0.0
0.0
0.0
0.0
0.0
0.0
0.0
0.0
0.0
0.0
0.0
0.0
0.0
0.0
0.0
0.0
0.0
0.0
0.0
0.0
0.0
0.0
0.0
0.0
0.0
0.0
0.0
0.0
0.0
0.0
0.0
0.0
0.0
0.0
0.0
0.0
0.0
0.0
0.0
0.0
0.0
0.0
0.0
0.0
0.0
0.0
0.0
0.0
0.0
0.0
0.0
0.0
0.0
0.0
0.0
0.0
0.0
0.0
0.0
0.0
0.0
0.0
0.0
0.0
0.0
0.0
0.0
0.0
0.0
0.0
0.0
0.0
0.0
0.0
0.0
0.0
0.0
0.0
0.0
0.0
0.0
0.0
0.0
0.0
0.0
0.0
0.0
0.0
0.0
0.0
0.0
0.0
0.0
0.0
0.0
0.0
0.0
0.0
0.0
0.0
0.0
0.0
0.0
0.0
0.0
0.0
0.0
0.0
0.0
0.0
0.0
0.0
0.0
0.0
0.0
0.0
0.0
0.0
0.0
0.0
0.0
0.0
0.0
0.0
0.0
0.0
0.0
0.0
0.0
0.0
0.0
0.0
0.0
0.0
0.0
0.0
0.0
0.0
0.0
0.0
0.0
0.0
0.0
0.0
0.0
0.0
0.0
0.0
0.0
0.0
0.0
1.0
0.0
0.0
0.0
0.0
0.0
0.0
0.0
0.0
0.0
0.0
0.0
0.0
0.0
0.0
0.0
0.0
0.0
0.0
0.0
0.0
0.0
0.0
0.0
0.0
0.0
0.0
0.0
0.0
0.0
0.0
0.0
0.0
0.0
0.0
0.0
0.0
0.0
0.0
0.0
0.0
0.0
0.0
0.0
0.0
0.0
0.0
0.0
0.0
0.0
0.0
0.0
0.0
0.0
0.0
0.0
0.0
0.0
0.0
0.0
0.0
0.0
0.0
0.0
0.0
0.0
-1.0
0.0
0.0
0.0
0.0
0.0
0.0
0.0
0.0
0.0
0.0
0.0
0.0
0.0
0.0
0.0
0.0
0.0
0.0
0.0
0.0
0.0
0.0
0.0
0.0
0.0
0.0
0.0
0.0
0.0
0.0
0.0
0.0
0.0
0.0
0.0
0.0
0.0
0.0
0.0
0.0
0.0
0.0
0.0
0.0
0.0
0.0
0.0
0.0
0.0
0.0
0.0
0.0
0.0
0.0
0.0
0.0
0.0
0.0
0.0
0.0
0.0
0.0
0.0
0.0
0.0
0.0
0.0
0.0
0.0
0.0
0.0
0.0
0.0
0.0
0.0
0.0
0.0
0.0
0.0
0.0
0.0
0.0
0.0
0.0
0.0
0.0
0.0
0.0
0.0
0.0
0.0
0.0
0.0
0.0
0.0
-1.0
0.0
0.0
0.0
0.0
0.0
0.0
0.0
0.0
0.0
0.0
0.0
-1.0
0.0
0.0
0.0
0.0
0.0
0.0
0.0
0.0
0.0
0.0
0.0
0.0
0.0
0.0
0.0
0.0
0.0
0.0
0.0
0.0
0.0
0.0
0.0
0.0
0.0
0.0
0.0
0.0
0.0
0.0
0.0
0.0
0.0
0.0
1.0
0.0
0.0
0.0
0.0
0.0
0.0
0.0
0.0
0.0
0.0
1.0
0.0
0.0
0.0
0.0
0.0
0.0
0.0
0.0
0.0
0.0
0.0
0.0
0.0
0.0
0.0
0.0
0.0
0.0
0.0
-1.0
0.0
0.0
0.0
0.0
0.0
0.0
0.0
0.0
0.0
0.0
0.0
0.0
0.0
0.0
0.0
0.0
0.0
0.0
0.0
0.0
0.0
0.0
0.0
-1.0
0.0
0.0
0.0
0.0
0.0
0.0
0.0
0.0
0.0
0.0
0.0
0.0
0.0
0.0
0.0
0.0
0.0
0.0
0.0
0.0
0.0
0.0
0.0
0.0
0.0
0.0
0.0
0.0
0.0
0.0
0.0
0.0
0.0
0.0
0.0
0.0
0.0
0.0
0.0
0.0
0.0
0.0
0.0
0.0
0.0
0.0
0.0
0.0
0.0
-1.0
0.0
0.0
0.0
0.0
0.0
0.0
0.0
0.0
0.0
0.0
0.0
0.0
0.0
0.0
0.0
0.0
0.0
0.0
0.0
0.0
0.0
0.0
0.0
0.0
0.0
0.0
0.0
0.0
0.0
0.0
0.0
0.0
0.0
0.0
0.0
0.0
0.0
0.0
0.0
0.0
0.0
0.0
0.0
0.0
0.0
0.0
0.0
0.0
0.0
0.0
0.0
0.0
0.0
0.0
0.0
0.0
0.0
0.0
0.0
0.0
0.0
0.0
0.0
0.0
0.0
0.0
0.0
0.0
0.0
-1.0
0.0
0.0
0.0
0.0
0.0
0.0
0.0
0.0
0.0
0.0
0.0
0.0
0.0
0.0
0.0
0.0
0.0
0.0
0.0
0.0
0.0
0.0
0.0
0.0
0.0
0.0
0.0
0.0
0.0
0.0
0.0
0.0
0.0
0.0
0.0
0.0
0.0
0.0
0.0
0.0
0.0
0.0
0.0
0.0
0.0
0.0
0.0
0.0
0.0
0.0
0.0
0.0
0.0
0.0
0.0
0.0
0.0
0.0
0.0
0.0
0.0
0.0
0.0
0.0
0.0
0.0
0.0
0.0
0.0
0.0
0.0
0.0
0.0
0.0
0.0
0.0
0.0
0.0
0.0
0.0
0.0
0.0
0.0
0.0
0.0
0.0
0.0
0.0
0.0
0.0
-1.0
0.0
0.0
0.0
0.0
0.0
0.0
0.0
0.0
0.0
0.0
1.0
0.0
0.0
0.0
1.0
0.0
0.0
0.0
-1.0
0.0
0.0
0.0
0.0
0.0
0.0
0.0
0.0
0.0
0.0
0.0
-1.0
0.0
0.0
0.0
0.0
0.0
0.0
0.0
0.0
0.0
0.0
0.0
0.0
0.0
0.0
0.0
0.0
0.0
0.0
0.0
0.0
0.0
0.0
0.0
0.0
0.0
0.0
0.0
0.0
0.0
0.0
0.0
0.0
0.0
0.0
0.0
0.0
0.0
0.0
0.0
0.0
0.0
-1.0
0.0
0.0
0.0
0.0
0.0
0.0
0.0
0.0
0.0
0.0
0.0
0.0
0.0
0.0
1.0
0.0
0.0
0.0
0.0
0.0
0.0
0.0
0.0
0.0
0.0
0.0
0.0
0.0
0.0
0.0
0.0
0.0
0.0
0.0
0.0
0.0
0.0
0.0
0.0
0.0
0.0
0.0
0.0
0.0
0.0
0.0
0.0
0.0
0.0
-1.0
0.0
0.0
0.0
0.0
0.0
0.0
0.0
0.0
0.0
0.0
0.0
0.0
0.0
-1.0
0.0
0.0
0.0
0.0
0.0
0.0
0.0
0.0
0.0
0.0
0.0
0.0
0.0
0.0
0.0
0.0
0.0
0.0
0.0
0.0
0.0
0.0
0.0
0.0
0.0
0.0
0.0
0.0
0.0
0.0
1.0
0.0
0.0
0.0
0.0
0.0
0.0
0.0
0.0
0.0
0.0
0.0
0.0
0.0
0.0
0.0
0.0
0.0
0.0
0.0
0.0
0.0
0.0
0.0
0.0
0.0
0.0
0.0
0.0
0.0
0.0
0.0
0.0
0.0
0.0
0.0
0.0
0.0
0.0
0.0
0.0
0.0
0.0
0.0
0.0
0.0
-1.0
0.0
0.0
0.0
0.0
0.0
0.0
0.0
0.0
0.0
0.0
0.0
-1.0
0.0
0.0
1.0
0.0
0.0
0.0
0.0
0.0
0.0
0.0
0.0
0.0
0.0
0.0
0.0
0.0
0.0
0.0
0.0
0.0
0.0
0.0
0.0
0.0
0.0
0.0
0.0
0.0
0.0
0.0
0.0
0.0
0.0
0.0
0.0
0.0
0.0
0.0
0.0
0.0
1.0
0.0
0.0
0.0
0.0
0.0
0.0
0.0
0.0
0.0
0.0
0.0
0.0
0.0
0.0
0.0
0.0
0.0
0.0
0.0
0.0
0.0
0.0
0.0
0.0
0.0
0.0
0.0
0.0
0.0
0.0
0.0
0.0
0.0
0.0
0.0
0.0
0.0
0.0
0.0
0.0
0.0
0.0
0.0
0.0
0.0
0.0
0.0
0.0
0.0
0.0
0.0
0.0
0.0
0.0
0.0
0.0
0.0
0.0
0.0
0.0
0.0
0.0
0.0
0.0
0.0
0.0
0.0
0.0
0.0
0.0
0.0
0.0
0.0
0.0
0.0
0.0
0.0
0.0
0.0
0.0
0.0
0.0
0.0
0.0
-1.0
0.0
0.0
0.0
0.0
0.0
0.0
0.0
0.0
0.0
0.0
0.0
0.0
0.0
0.0
0.0
0.0
0.0
0.0
0.0
0.0
0.0
0.0
0.0
0.0
0.0
0.0
-1.0
0.0
0.0
0.0
0.0
0.0
0.0
0.0
0.0
0.0
0.0
0.0
0.0
0.0
0.0
0.0
0.0
0.0
0.0
0.0
0.0
0.0
0.0
0.0
0.0
-1.0
0.0
0.0
0.0
0.0
0.0
0.0
0.0
0.0
0.0
0.0
0.0
0.0
0.0
0.0
0.0
1.0
0.0
0.0
0.0
0.0
0.0
0.0
0.0
0.0
0.0
0.0
0.0
0.0
0.0
0.0
0.0
0.0
0.0
0.0
0.0
0.0
0.0
0.0
0.0
0.0
0.0
0.0
0.0
0.0
0.0
0.0
0.0
0.0
0.0
0.0
0.0
0.0
0.0
0.0
0.0
0.0
0.0
0.0
0.0
0.0
0.0
0.0
0.0
0.0
0.0
0.0
0.0
0.0
0.0
0.0
0.0
0.0
0.0
0.0
0.0
0.0
0.0
0.0
0.0
0.0
0.0
0.0
0.0
0.0
0.0
0.0
0.0
0.0
0.0
0.0
0.0
0.0
0.0
0.0
0.0
0.0
0.0
0.0
0.0
0.0
0.0
0.0
0.0
0.0
0.0
0.0
0.0
0.0
0.0
0.0
0.0
0.0
0.0
0.0
0.0
0.0
0.0
0.0
0.0
0.0
0.0
0.0
0.0
0.0
0.0
0.0
0.0
0.0
0.0
0.0
0.0
0.0
0.0
0.0
0.0
0.0
0.0
0.0
0.0
0.0
0.0
0.0
0.0
0.0
0.0
0.0
0.0
0.0
0.0
0.0
0.0
0.0
0.0
0.0
0.0
0.0
0.0
0.0
0.0
0.0
0.0
0.0
0.0
0.0
0.0
0.0
0.0
0.0
40.0
30452.0
88064.0
86016.0
0.0
0.0
0.0
0.0
0.0
0.0
0.0
0.0
0.0
0.0
0.0
0.0
0.0
0.0
0.0
0.0
0.0
0.0
116.0
30608.0
0.0
0.0
0.0
0.0
