0.29572436
0.0051409816
0.0032932246
0.0034680124
0.004250396
0.0025552316
0.0019171173
0.002064161
0.0051548537
0.0020280937
0.0022583697
0.0020391913
0.0035623424
0.0023832181
0.0019198917
0.0033625849
0.0030851439
0.0020586122
0.0017839456
0.0016285786
0.0027688611
0.002816026
0.0017589759
0.0017922688
0.0023832181
0.0017229086
0.0015453463
0.0016230298
0.002111326
0.0018172385
0.0014898581
0.0019642822
0.003431945
0.001772848
0.0018061409
0.0019642822
0.0023970902
0.002144619
0.0016341275
0.001631353
0.0020225449
0.0017007133
0.001617481
0.0018144641
0.0020835819
0.00178672
0.0020280937
0.0018449826
0.0023360532
0.0022250768
0.0021057772
0.0031988947
0.002125198
0.0021779118
0.0022888882
0.0021168748
0.0022167535
0.0025052922
0.0023305044
0.0034624636
0.0025191642
0.0026301406
0.002313858
0.0022139791
0.0025829757
0.002558006
0.0041976823
0.0051548537
0.0026745312
0.0069748666
0.0023832181
0.0022555953
0.002430383
0.0020197704
0.0019004708
0.0018533058
0.0020697098
0.005351837
0.002064161
0.0020475145
0.0038092649
0.0035567936
0.0030629486
0.0021695886
0.0021557165
0.005698638
0.0023110835
0.0019642822
0.002097454
0.0018699523
0.0018921476
0.0019975752
0.0020086728
0.0025136154
0.002374895
0.0021529421
0.002091905
0.0025552316
0.0020225449
0.0023804437
0.0027910564
0.0035484703
0.0026689824
0.0020558378
0.003898046
0.002849319
0.0039424365
0.0022972114
0.0031073391
0.0022306256
0.0027022753
0.00277441
0.0023526996
0.0017839456
0.0026884032
0.0025996221
0.0044834465
0.0039812783
0.0020253193
0.002030868
0.0022694673
0.0021362957
0.0018505314
0.002111326
0.0030130092
0.003207218
0.0019920263
0.001942087
0.0028853863
0.0028409958
0.0019864775
0.00787655
0.002760538
0.00465546
0.001908794
0.0020058984
0.0026717568
0.0054766852
0.0025219386
0.014443578
0.0027216962
0.004580551
0.0018422082
0.0016701948
0.0022417232
0.001800592
0.0016618716
0.001664646
0.0028298981
0.0027327938
0.0019004708
0.0017312318
0.002064161
0.0017451039
0.0021362957
0.0018311106
0.0025607804
0.0017783968
0.0015037302
0.0017894944
0.0019504102
0.0021002283
0.0015980601
0.002111326
0.0020891307
0.0019143429
0.0016812924
0.0019143429
0.0023499252
0.0017894944
0.0018976964
0.001800592
0.0018227873
0.001678518
0.0016341275
0.0019226661
0.0018505314
0.00178672
0.0017617503
0.0015897369
0.0020447401
0.0018588547
0.0016535483
0.0015925113
0.0022639185
0.0016840668
0.0017229086
0.0017756224
0.0020003496
0.0019975752
0.0022500465
0.0018588547
0.0042143287
0.0025940733
0.002266693
0.0025302619
0.00420878
0.001942087
0.0023305044
0.0034125242
0.0022861138
0.0021335213
0.0017700735
0.0017950432
0.06472976
0.0019920263
0.0020613866
0.0018671779
0.002430383
0.0018200129
0.0026412383
0.002003124
0.0021418445
0.0017562015
0.00188105
0.0018727267
0.002280565
0.0018255617
0.0017034877
0.0017451039
0.0022112047
0.0015314743
0.0018976964
0.0017284574
0.0024886457
0.0018311106
0.0018588547
0.0019476358
0.0021890095
0.0021917839
0.0015009558
0.0017534271
0.005096591
0.002707824
0.0020114472
0.0034596892
0.0035651168
0.0017201342
0.0017506527
0.0020253193
0.00268008
0.0017756224
0.00178672
0.0019726055
0.0040894803
0.0017284574
0.0018893732
0.0023637973
0.0038897227
0.0018588547
0.0019309893
0.0022250768
0.0050993655
0.002416511
0.0031628273
0.016202554
0.21995814
5.580357e-06
1.3950893e-06
0.0
9.765625e-06
0.0
0.0
1.3950893e-06
6.9754465e-06
2.7901785e-06
4.1852677e-06
1.3950893e-06
0.040001396
1.3950893e-06
5.580357e-06
0.0
0.005330636
3.6272322e-05
5.580357e-06
1.8136161e-05
1.8136161e-05
1.3950893e-05
4.1852677e-06
1.953125e-05
1.3950893e-05
4.1852677e-06
1.3950893e-05
1.3950893e-06
1.3950893e-05
1.1160714e-05
4.1852677e-06
0.00020507812
0.008240792
2.6506696e-05
1.1160714e-05
2.2321428e-05
7.672991e-05
3.0691965e-05
0.00013253349
9.9051336e-05
2.9296874e-05
2.7901786e-05
6.9754465e-06
6.9754465e-06
0.0024483816
1.1160714e-05
6.9754465e-06
0.0002511161
0.009405692
5.4408483e-05
6.8359375e-05
9.765625e-05
7.952009e-05
3.90625e-05
0.00021623884
9.347098e-05
2.2321428e-05
4.6037945e-05
1.674107e-05
1.953125e-05
0.0010114397
0.00021484375
2.5111607e-05
1.8136161e-05
0.0047739954
9.4866075e-05
9.4866075e-05
5.4408483e-05
9.9051336e-05
5.719866e-05
0.00021902901
0.000103236605
6.55692e-05
1.3950893e-05
2.9296874e-05
1.1160714e-05
1.674107e-05
1.953125e-05
1.1160714e-05
5.0223214e-05
0.004638672
8.370536e-05
0.00011858259
2.6506696e-05
8.231027e-05
3.348214e-05
0.00015206473
0.00012695312
7.533482e-05
6.4174106e-05
3.4877234e-05
1.8136161e-05
4.8828126e-05
6.277902e-05
1.3950893e-05
0.00013392857
0.00017020089
1.2555804e-05
8.649554e-05
2.092634e-05
0.00010184152
4.8828126e-05
5.580357e-06
2.5111607e-05
6.138393e-05
4.1852677e-06
6.9754465e-06
6.9754465e-06
0.002077288
9.347098e-05
2.5111607e-05
0.00011021205
0.0036788504
1.2555804e-05
0.00015764509
8.231027e-05
9.0680805e-05
5.301339e-05
0.0004268973
0.00025390624
1.3950893e-05
0.00016601563
1.5345982e-05
3.4877234e-05
0.00010044643
5.1618303e-05
8.5100444e-05
0.00049107143
0.0065890066
9.4866075e-05
0.00017159598
0.00072544644
0.0005022322
0.0002734375
0.0011579241
0.0005998884
0.00018136161
5.859375e-05
7.952009e-05
0.000103236605
0.00053571427
6.696428e-05
0.0001422991
0.00014648438
0.0050041853
6.696428e-05
0.0010518973
0.00101423
0.0007617187
0.00040039062
0.0029157365
0.0014732142
0.0001422991
0.00015345983
9.0680805e-05
9.347098e-05
0.00010881697
0.00038643973
0.0002594866
0.00036272322
0.004421038
6.975447e-05
0.00078543526
0.0003655134
0.00045898437
0.0003780692
0.0019628906
0.0011272321
0.0003515625
0.00046316965
0.0002469308
0.0002734375
0.00047154017
0.0002999442
0.00031529018
0.0022949218
0.002654855
0.00029436385
0.0005566406
0.0045200894
0.000765904
0.00064034597
0.0011118861
0.00094029016
0.0007784598
0.0004924665
0.00033621653
0.00033482144
0.0015039062
0.0004185268
0.0005719866
0.0012220982
0.0058356584
0.00083844864
0.00037109375
0.0021888951
0.0047223773
0.0039732144
0.0037486048
0.003141741
0.0072614397
0.0018010603
0.0007798549
0.00109375
0.005839844
0.0008663504
0.0016908483
0.004418248
0.030129744
0.0048367744
0.002234933
0.0031389508
0.012857143
0.008599331
0.004015067
0.005968192
0.023867188
0.001967076
0.0021637834
0.0018066406
0.0190053
0.0030594307
0.0080329245
0.01688895
0.00484375
0.0009137835
0.00062779017
0.0009249442
0.0017801339
0.0012625558
0.0010114397
0.0009667969
0.0034598215
0.0005719866
0.0008468192
0.0008244978
0.0027315847
0.0010351562
0.0012876674
0.002625558
0.026305804
0.025048828
0.02546038
0.025260882
0.025719866
0.025417132
0.026160715
0.025160436
0.026316965
0.025975168
0.025673829
0.025139509
0.026757812
0.025041852
0.025828684
0.026160715
1338.0
11.6801195
15628.0
0.028730484
0.003583312
0.0031993857
0.0072945994
0.0042231893
0.00671871
0.0037112874
0.0035193244
0.004031226
0.0041592014
0.0034553367
0.0027514717
0.0035193244
0.004031226
0.007934476
0.0042231893
0.009022268
0.008254415
0.0085743535
0.007998465
0.009918096
0.010493985
0.013309444
0.010813924
0.009406194
0.014461223
0.011645764
0.012989506
0.010238035
0.012989506
0.014013309
0.009278218
0.0072306115
0.014269261
0.010046071
0.011709752
0.007870489
0.010046071
0.014973125
0.010302022
0.00838239
0.012349629
0.007934476
0.00838239
0.009662145
0.008638341
0.011965702
0.0081264395
0.010110059
0.0085743535
0.0085743535
0.009022268
0.0067826975
0.007614538
0.009726132
0.0055029434
0.0072306115
0.0063987714
0.002879447
0.005758894
0.0055029434
0.004031226
0.0049910415
0.006974661
0.0055029434
0.020540057
0.007998465
0.016828768
0.017148707
0.040120296
0.012349629
0.01036601
0.014653186
0.021371897
0.0060148453
0.009406194
0.028538521
0.013565395
0.02546711
0.024443306
0.014333248
0.005374968
0.02297159
0.01708472
0.03218582
0.015421039
0.009534169
0.009150243
0.009598157
0.008254415
0.004735091
0.006526747
0.010877911
0.0074865627
0.0068466854
0.0052469927
6.343956
0.0
0.0
0.0
3.0
360437.0
274432.0
1.0
0.0
65.0
1.0
1.0
0.0
0.0
0.0
1329399600.0
0.0
0.0
0.0
0.0
0.0
1.0
0.0
0.0
0.0
0.0
0.0
0.0
-1.0
1.0
-1.0
-1.0
0.0
0.0
0.0
0.0
0.0
0.0
0.0
0.0
0.0
0.0
0.0
0.0
-1.0
0.0
0.0
0.0
0.0
0.0
0.0
0.0
0.0
0.0
0.0
0.0
0.0
-1.0
0.0
0.0
0.0
0.0
0.0
0.0
0.0
0.0
0.0
0.0
6.0
0.0
4.0
0.0
4.0
0.0
155648.0
4096.0
4096.0
6.0
0.0
0.0
1.0
2.0
0.0
0.0
0.0
0.0
0.0
-8192.0
0.0
0.0
0.0
0.0
0.0
0.0
0.0
0.0
8192.0
0.0
0.0
0.0
0.0
0.0
0.0
0.0
0.0
0.0
0.0
0.0
0.0
0.0
0.0
0.0
0.0
0.0
-8192.0
0.0
0.0
0.0
0.0
0.0
0.0
0.0
0.0
-155648.0
-4096.0
12288.0
0.0
0.0
0.0
0.0
0.0
0.0
0.0
0.0
0.0
0.0
0.0
-5.9692855
0.0
0.0
0.0
0.0
0.0
0.0
0.0
0.0
5.06178
0.0
0.0
0.0
0.0
0.0
0.0
0.0
0.0
0.0
0.0
0.0
0.0
0.0
0.0
0.0
0.0
0.0
-0.8712558
0.0
0.0
0.0
0.0
0.0
0.0
0.0
0.0
-3.8905249
-4.2082253
2.6595054
0.0
0.0
0.0
0.0
0.0
0.0
0.0
0.0
0.0
0.0
0.0
-5041.0
0.0
0.0
0.0
0.0
0.0
0.0
0.0
0.0
7190.0
0.0
0.0
0.0
0.0
0.0
0.0
0.0
0.0
0.0
0.0
0.0
0.0
0.0
0.0
0.0
0.0
0.0
-78372.0
0.0
0.0
0.0
0.0
0.0
0.0
0.0
0.0
-153280.0
-2633.0
10640.0
0.0
0.0
0.0
0.0
0.0
0.0
0.0
0.0
0.0
-1.0
0.0
0.0
0.0
0.0
0.0
1.0
0.0
0.0
0.0
0.0
0.0
0.0
0.0
0.0
0.0
0.0
0.0
0.0
0.0
0.0
0.0
0.0
0.0
0.0
0.0
0.0
0.0
0.0
0.0
0.0
0.0
0.0
0.0
0.0
0.0
-2.0
0.0
0.0
0.0
1.0
0.0
0.0
0.0
0.0
0.0
0.0
0.0
0.0
0.0
0.0
0.0
0.0
0.0
0.0
0.0
0.0
0.0
0.0
0.0
-1.0
0.0
0.0
0.0
0.0
0.0
0.0
0.0
0.0
0.0
1.0
0.0
0.0
0.0
0.0
1.0
0.0
0.0
0.0
0.0
0.0
0.0
0.0
0.0
0.0
0.0
0.0
0.0
0.0
0.0
0.0
0.0
0.0
0.0
0.0
0.0
0.0
0.0
0.0
0.0
0.0
0.0
0.0
0.0
0.0
0.0
0.0
0.0
0.0
0.0
0.0
0.0
0.0
0.0
0.0
0.0
0.0
0.0
0.0
0.0
0.0
0.0
0.0
0.0
0.0
0.0
0.0
-1.0
0.0
0.0
0.0
0.0
0.0
0.0
0.0
0.0
0.0
0.0
0.0
0.0
-1.0
0.0
0.0
0.0
0.0
0.0
0.0
0.0
0.0
0.0
0.0
0.0
0.0
0.0
0.0
0.0
0.0
0.0
0.0
0.0
0.0
0.0
0.0
0.0
0.0
0.0
0.0
0.0
0.0
0.0
0.0
0.0
0.0
0.0
0.0
0.0
0.0
0.0
0.0
0.0
0.0
0.0
0.0
0.0
0.0
0.0
0.0
0.0
0.0
0.0
0.0
0.0
0.0
0.0
0.0
0.0
0.0
-1.0
0.0
0.0
0.0
0.0
0.0
0.0
0.0
0.0
0.0
0.0
0.0
0.0
0.0
0.0
0.0
0.0
1.0
0.0
0.0
0.0
0.0
0.0
0.0
0.0
0.0
0.0
0.0
0.0
0.0
0.0
0.0
0.0
0.0
0.0
0.0
0.0
0.0
0.0
0.0
0.0
0.0
0.0
0.0
0.0
0.0
0.0
0.0
0.0
0.0
0.0
0.0
0.0
0.0
0.0
0.0
0.0
0.0
0.0
0.0
0.0
0.0
0.0
0.0
0.0
0.0
0.0
0.0
0.0
0.0
0.0
0.0
0.0
0.0
0.0
0.0
0.0
0.0
0.0
0.0
0.0
0.0
0.0
0.0
0.0
0.0
0.0
0.0
0.0
0.0
0.0
0.0
0.0
0.0
0.0
0.0
0.0
0.0
0.0
0.0
0.0
0.0
0.0
0.0
0.0
0.0
0.0
0.0
0.0
0.0
0.0
0.0
0.0
0.0
0.0
0.0
0.0
0.0
0.0
0.0
0.0
0.0
0.0
0.0
0.0
0.0
0.0
0.0
0.0
0.0
0.0
0.0
0.0
0.0
0.0
0.0
0.0
0.0
0.0
0.0
0.0
0.0
0.0
0.0
0.0
0.0
0.0
0.0
0.0
0.0
0.0
0.0
0.0
0.0
0.0
0.0
0.0
-1.0
0.0
0.0
0.0
0.0
0.0
0.0
0.0
0.0
0.0
0.0
0.0
1.0
0.0
0.0
0.0
0.0
0.0
0.0
0.0
0.0
0.0
0.0
0.0
0.0
0.0
0.0
0.0
0.0
0.0
0.0
0.0
0.0
0.0
0.0
0.0
0.0
0.0
0.0
0.0
0.0
-1.0
0.0
0.0
0.0
0.0
0.0
0.0
0.0
0.0
0.0
0.0
0.0
0.0
0.0
0.0
0.0
0.0
0.0
0.0
0.0
0.0
0.0
0.0
0.0
0.0
0.0
0.0
0.0
0.0
0.0
0.0
0.0
0.0
0.0
0.0
0.0
0.0
0.0
0.0
0.0
0.0
0.0
0.0
0.0
0.0
0.0
0.0
0.0
0.0
0.0
0.0
0.0
0.0
0.0
0.0
0.0
0.0
0.0
0.0
0.0
0.0
0.0
0.0
0.0
1.0
0.0
0.0
0.0
0.0
0.0
0.0
0.0
0.0
0.0
0.0
0.0
0.0
0.0
0.0
0.0
0.0
0.0
0.0
0.0
0.0
0.0
0.0
0.0
0.0
-1.0
0.0
0.0
0.0
0.0
0.0
0.0
0.0
0.0
0.0
0.0
0.0
0.0
0.0
0.0
0.0
0.0
0.0
0.0
0.0
0.0
0.0
0.0
0.0
0.0
0.0
0.0
0.0
0.0
0.0
0.0
0.0
0.0
0.0
0.0
0.0
0.0
0.0
0.0
0.0
0.0
0.0
0.0
0.0
0.0
0.0
0.0
0.0
0.0
0.0
0.0
0.0
0.0
0.0
0.0
0.0
0.0
0.0
0.0
0.0
0.0
0.0
0.0
0.0
0.0
0.0
0.0
0.0
0.0
0.0
0.0
0.0
0.0
0.0
0.0
0.0
0.0
0.0
0.0
0.0
0.0
0.0
0.0
0.0
0.0
0.0
0.0
0.0
0.0
0.0
-1.0
0.0
0.0
0.0
0.0
0.0
0.0
0.0
0.0
0.0
0.0
0.0
0.0
0.0
0.0
0.0
0.0
0.0
0.0
0.0
0.0
0.0
0.0
0.0
0.0
0.0
0.0
0.0
0.0
0.0
0.0
1.0
0.0
0.0
0.0
0.0
0.0
0.0
0.0
0.0
0.0
0.0
0.0
0.0
0.0
0.0
0.0
-1.0
0.0
0.0
0.0
0.0
0.0
0.0
0.0
0.0
0.0
0.0
0.0
-1.0
0.0
0.0
0.0
0.0
0.0
0.0
-1.0
0.0
0.0
0.0
0.0
0.0
0.0
0.0
0.0
0.0
0.0
0.0
0.0
0.0
0.0
0.0
0.0
0.0
0.0
0.0
0.0
0.0
0.0
0.0
0.0
0.0
0.0
0.0
0.0
0.0
0.0
0.0
0.0
0.0
0.0
0.0
-1.0
0.0
0.0
1.0
0.0
0.0
0.0
0.0
0.0
0.0
0.0
0.0
0.0
0.0
0.0
0.0
0.0
0.0
0.0
0.0
0.0
0.0
0.0
0.0
0.0
0.0
0.0
0.0
0.0
0.0
0.0
0.0
0.0
0.0
0.0
0.0
0.0
0.0
0.0
0.0
0.0
0.0
0.0
0.0
0.0
0.0
0.0
-1.0
0.0
0.0
0.0
-1.0
0.0
0.0
0.0
0.0
0.0
0.0
0.0
0.0
0.0
0.0
0.0
0.0
0.0
0.0
0.0
0.0
0.0
0.0
0.0
0.0
0.0
0.0
0.0
0.0
0.0
0.0
0.0
0.0
0.0
0.0
0.0
0.0
0.0
0.0
1.0
0.0
0.0
0.0
0.0
0.0
0.0
0.0
0.0
0.0
0.0
-1.0
0.0
1.0
0.0
0.0
0.0
0.0
0.0
0.0
0.0
0.0
0.0
0.0
0.0
0.0
0.0
0.0
0.0
0.0
0.0
0.0
0.0
0.0
0.0
0.0
0.0
0.0
0.0
0.0
0.0
0.0
1.0
0.0
0.0
0.0
0.0
0.0
0.0
0.0
0.0
0.0
0.0
0.0
0.0
0.0
0.0
0.0
0.0
0.0
0.0
0.0
0.0
0.0
0.0
0.0
0.0
0.0
0.0
0.0
0.0
0.0
0.0
0.0
0.0
0.0
0.0
0.0
0.0
0.0
0.0
-1.0
0.0
0.0
0.0
0.0
0.0
0.0
0.0
0.0
0.0
0.0
0.0
0.0
0.0
0.0
0.0
0.0
0.0
0.0
-1.0
0.0
0.0
0.0
0.0
0.0
0.0
0.0
0.0
0.0
0.0
0.0
0.0
0.0
0.0
0.0
0.0
0.0
0.0
0.0
0.0
0.0
0.0
0.0
0.0
0.0
0.0
0.0
0.0
0.0
0.0
0.0
0.0
0.0
0.0
0.0
0.0
0.0
0.0
0.0
0.0
0.0
0.0
0.0
0.0
0.0
0.0
0.0
0.0
0.0
0.0
0.0
0.0
1.0
0.0
0.0
0.0
0.0
0.0
0.0
0.0
0.0
0.0
0.0
0.0
0.0
0.0
0.0
0.0
1.0
0.0
0.0
-2.0
0.0
0.0
0.0
0.0
0.0
0.0
0.0
0.0
0.0
0.0
1.0
0.0
0.0
0.0
1.0
0.0
0.0
1.0
-1.0
0.0
0.0
0.0
0.0
0.0
0.0
0.0
0.0
0.0
0.0
0.0
-1.0
-1.0
0.0
0.0
0.0
0.0
0.0
1.0
0.0
0.0
0.0
0.0
0.0
0.0
0.0
0.0
0.0
0.0
0.0
0.0
0.0
0.0
0.0
0.0
0.0
1.0
0.0
1.0
0.0
0.0
0.0
0.0
0.0
0.0
0.0
0.0
0.0
0.0
0.0
0.0
0.0
0.0
-1.0
0.0
0.0
0.0
0.0
0.0
0.0
0.0
0.0
0.0
0.0
0.0
0.0
0.0
0.0
1.0
0.0
0.0
0.0
0.0
0.0
0.0
0.0
0.0
0.0
1.0
0.0
0.0
0.0
0.0
0.0
0.0
0.0
0.0
0.0
0.0
0.0
0.0
0.0
0.0
0.0
0.0
0.0
0.0
0.0
0.0
0.0
0.0
0.0
0.0
0.0
0.0
0.0
0.0
0.0
0.0
0.0
0.0
0.0
0.0
0.0
-1.0
0.0
0.0
-1.0
0.0
0.0
0.0
0.0
0.0
0.0
0.0
0.0
0.0
0.0
0.0
0.0
0.0
0.0
0.0
0.0
0.0
0.0
-1.0
0.0
0.0
0.0
0.0
1.0
0.0
0.0
0.0
0.0
0.0
0.0
1.0
0.0
0.0
0.0
0.0
0.0
0.0
0.0
0.0
0.0
0.0
0.0
0.0
0.0
0.0
0.0
0.0
0.0
0.0
0.0
0.0
-1.0
0.0
0.0
0.0
0.0
0.0
0.0
0.0
0.0
0.0
0.0
0.0
0.0
0.0
-1.0
-1.0
0.0
0.0
0.0
0.0
0.0
0.0
0.0
0.0
0.0
-1.0
0.0
0.0
0.0
0.0
0.0
0.0
0.0
0.0
0.0
0.0
0.0
-1.0
0.0
0.0
1.0
0.0
0.0
0.0
0.0
0.0
0.0
0.0
0.0
0.0
0.0
0.0
0.0
0.0
0.0
0.0
0.0
-1.0
0.0
-1.0
1.0
0.0
0.0
0.0
0.0
1.0
0.0
0.0
0.0
0.0
0.0
0.0
0.0
0.0
0.0
0.0
0.0
0.0
1.0
0.0
0.0
0.0
-1.0
0.0
0.0
0.0
0.0
0.0
0.0
0.0
0.0
1.0
0.0
0.0
0.0
0.0
0.0
0.0
0.0
0.0
0.0
0.0
0.0
0.0
0.0
0.0
0.0
0.0
0.0
1.0
0.0
0.0
0.0
0.0
0.0
0.0
-1.0
0.0
0.0
0.0
0.0
0.0
0.0
0.0
0.0
0.0
0.0
0.0
0.0
0.0
0.0
0.0
0.0
0.0
0.0
0.0
0.0
0.0
0.0
-1.0
0.0
0.0
0.0
0.0
0.0
0.0
0.0
0.0
0.0
0.0
0.0
0.0
0.0
0.0
0.0
0.0
0.0
0.0
0.0
0.0
0.0
0.0
0.0
-1.0
0.0
0.0
0.0
0.0
0.0
0.0
0.0
0.0
0.0
0.0
0.0
0.0
0.0
0.0
0.0
0.0
0.0
0.0
0.0
0.0
0.0
0.0
0.0
0.0
0.0
-1.0
-1.0
0.0
0.0
0.0
0.0
0.0
0.0
0.0
0.0
0.0
0.0
0.0
0.0
0.0
0.0
0.0
0.0
0.0
0.0
0.0
0.0
0.0
0.0
0.0
0.0
-1.0
0.0
0.0
0.0
0.0
0.0
0.0
0.0
0.0
0.0
0.0
0.0
0.0
0.0
0.0
0.0
0.0
0.0
0.0
0.0
0.0
0.0
0.0
0.0
0.0
0.0
0.0
0.0
0.0
0.0
0.0
0.0
0.0
0.0
0.0
0.0
0.0
0.0
0.0
0.0
0.0
0.0
0.0
0.0
0.0
0.0
0.0
0.0
0.0
0.0
0.0
0.0
0.0
0.0
0.0
0.0
0.0
0.0
0.0
0.0
0.0
0.0
0.0
0.0
0.0
0.0
0.0
0.0
0.0
0.0
0.0
0.0
0.0
0.0
0.0
0.0
0.0
0.0
0.0
0.0
0.0
0.0
0.0
0.0
0.0
0.0
0.0
0.0
0.0
0.0
0.0
0.0
0.0
0.0
0.0
0.0
0.0
0.0
0.0
0.0
0.0
0.0
0.0
0.0
0.0
0.0
0.0
0.0
0.0
0.0
0.0
0.0
0.0
0.0
0.0
0.0
0.0
0.0
0.0
0.0
0.0
0.0
0.0
0.0
0.0
0.0
0.0
0.0
0.0
0.0
0.0
0.0
0.0
0.0
0.0
0.0
0.0
0.0
0.0
0.0
0.0
0.0
0.0
0.0
0.0
0.0
0.0
0.0
0.0
0.0
0.0
0.0
0.0
0.0
0.0
0.0
0.0
0.0
0.0
0.0
0.0
0.0
0.0
0.0
0.0
0.0
0.0
0.0
0.0
100.0
249856.0
10640.0
253952.0
0.0
0.0
0.0
0.0
4028.0
266240.0
28.0
159744.0
0.0
0.0
0.0
0.0
0.0
0.0
0.0
0.0
0.0
0.0
484.0
250440.0
0.0
0.0
0.0
0.0
