0.26474813
0.011721227
0.009026237
0.0051125553
0.017180564
0.004285233
0.0034727727
0.004106888
0.0101508
0.0022937143
0.0060141883
0.0041663363
0.007500396
0.0034727727
0.0016051047
0.0027148067
0.0038591868
0.0026900365
0.003329106
0.0021847258
0.005508878
0.0018329899
0.0019518865
0.0018973922
0.0034182784
0.0023036224
0.0025315075
0.004468532
0.0045577046
0.0010700697
0.0021005073
0.0027048986
0.0035569912
0.0017240013
0.0025463698
0.0037898305
0.0030665426
0.002036105
0.0014118976
0.0020707832
0.005756579
0.0013425412
0.0034480025
0.0017339094
0.003918635
0.0013128171
0.0021995879
0.0030269104
0.0034480025
0.0028832436
0.002997186
0.0020063808
0.0037799224
0.0019766567
0.0027296687
0.0016051047
0.002412611
0.0013574034
0.003730382
0.0014763
0.0046171527
0.0015109781
0.0019568405
0.003750198
0.014698597
0.0038889109
0.0025067374
0.004300095
0.0032052551
0.0034083703
0.0025513237
0.0022986683
0.0033786462
0.0018131738
0.0016298748
0.0018775761
0.0030269104
0.0022045418
0.0024869214
0.0026107721
0.0034826808
0.002982324
0.002947646
0.0021995879
0.0029179216
0.001664553
0.0017685875
0.0019617944
0.0031408528
0.0022194039
0.0018032657
0.0017685875
0.0033340598
0.001684369
0.0023878408
0.0025215996
0.003339014
0.0025959099
0.0013722654
0.002031151
0.004889624
0.0045230263
0.0021153693
0.0020261968
0.00478559
0.003373692
0.0015506103
0.0025959099
0.012662492
0.002586002
0.0030566345
0.00407221
0.0040424857
0.0023680248
0.0030269104
0.0030021402
0.0073765456
0.0024423352
0.001481254
0.002016289
0.0051373257
0.0017933577
0.0010502536
0.0010700697
0.0016199667
0.00185776
0.0015803345
0.0060686828
0.0032300253
0.0011641963
0.0012236446
0.00093135703
0.0015605184
0.0017537255
0.0012533687
0.0016249208
0.0012087825
0.0013128171
0.0034826808
0.0014663918
0.0012186905
0.001496116
0.0010304375
0.0019865646
0.0011840124
0.0010799778
0.0011443802
0.0013375871
0.0013375871
0.0010205295
0.0012385066
0.0014168516
0.0011542882
0.0011641963
0.0013772195
0.0010651157
0.0011245641
0.0013920815
0.0018775761
0.0028981057
0.0017983117
0.0017537255
0.00262068
0.0015852886
0.001288047
0.001129518
0.00093631103
0.0015555643
0.0014713459
0.0011741043
0.0014218056
0.0012682308
0.0017091392
0.0017983117
0.0016150126
0.001867668
0.0013821734
0.0011840124
0.0011443802
0.0012731849
0.0014317137
0.0018478519
0.0012484147
0.0019568405
0.002036105
0.0015010701
0.0021550015
0.0011344721
0.0023383005
0.0008719087
0.0013425412
0.003353876
0.0025810478
0.0012285986
0.0019568405
0.0017289553
0.0021599557
0.0011939204
0.0015506103
0.002031151
0.0012632768
0.0010849318
0.0008075063
0.001496116
0.0016893231
0.0011245641
0.0009660352
0.0021252774
0.0025265536
0.0017041852
0.0011840124
0.0012583227
0.0021252774
0.0010997939
0.0018428979
0.0017041852
0.001307863
0.0009858513
0.0015704264
0.0019816107
0.0016397828
0.0012186905
0.0013326332
0.0022491282
0.0032845198
0.0031160829
0.0018924382
0.0014614379
0.0018280358
0.0008867708
0.0010948399
0.0023383005
0.0025463698
0.0010304375
0.0013574034
0.0016447369
0.0020955533
0.001496116
0.001104748
0.0029129677
0.0040028533
0.002377933
0.0012533687
0.0021054614
0.004225785
0.010403456
0.0017041852
0.0016298748
0.005067969
0.0018478519
0.0024423352
0.004676601
0.0069901315
0.006301522
0.018493382
0.05937401
0.035714287
0.0
0.0
0.0
0.0
0.0
0.0
0.0
0.0
0.0
0.0
0.0
0.0
0.0
0.0
0.0
0.0
0.0
0.0
0.0
0.0
0.0
0.0
0.0
0.0
0.0
0.0
0.0
0.0
0.0
0.0
0.0
0.009304747
4.4842156e-05
4.4842156e-05
9.964923e-06
0.00018435108
0.00011210539
0.0003064214
0.00011708785
1.4947385e-05
2.4912308e-06
0.0
1.4947385e-05
9.964923e-06
4.9824616e-06
7.4736927e-06
2.491231e-05
0.0
0.0
0.0
0.0
0.0
0.0
0.0
0.0
0.0
0.0
0.0
0.0
0.0
0.0
0.0
0.0
0.0
0.0
0.0
0.0
0.0
0.0
0.0
0.0
0.0
0.0
0.0
0.0
0.0
0.0
0.0
0.0
0.0
0.0
0.0
0.0
0.0
0.0
0.0
0.0
0.0
0.0
0.0
0.0
0.0
0.0
0.0
0.0
0.0035375478
0.0004185268
5.480708e-05
0.0002017897
0.00023666694
0.0
0.0
0.0
0.000194316
2.491231e-05
0.0
0.0
0.0
0.0
0.0
0.00043347417
0.030211156
0.0007573342
0.0014548788
0.002989477
0.0030442842
0.002232143
0.0055928132
0.0034927058
0.00019680723
5.729831e-05
3.9859693e-05
3.9859693e-05
0.00011210539
4.2350926e-05
4.2350926e-05
0.00071498327
0.012109873
0.0006402463
0.00071249204
0.00097407127
0.0006651586
0.00040607064
0.0018385284
0.001230668
0.00021673708
6.4772e-05
6.228077e-05
2.740354e-05
0.00010961416
3.9859693e-05
8.470185e-05
0.0012256856
0.034097478
0.0025086694
0.002017897
0.0016267737
0.0033855827
0.0013751595
0.002947126
0.0025410554
0.0007498605
0.00054557953
0.0004359654
0.0004110531
0.0006551937
0.00040108818
0.0005804568
0.006945552
0.0958526
0.010154257
0.00930973
0.009404397
0.011776049
0.0052365675
0.013529874
0.0068982183
0.0019182478
0.0018534758
0.0015644929
0.0016491949
0.0025261082
0.0016242826
0.0032485651
0.037739657
0.08844866
0.0106226085
0.01074717
0.00848015
0.015291175
0.007550921
0.015487982
0.008487623
0.0029695472
0.0020702127
0.0021773358
0.002276985
0.0026257574
0.0020976164
0.0041080397
0.03594597
0.002017897
0.00028400033
0.0002017897
0.0001768774
0.00095663266
9.7158e-05
0.00014947385
9.7158e-05
0.00018185985
0.00024414062
8.968431e-05
0.00018684231
7.9719386e-05
6.4772e-05
8.2210616e-05
0.00019182477
0.0055853394
0.00096410635
0.00042350925
0.0005082111
0.0015221421
0.00053063215
0.0006028779
0.0005256497
0.0005082111
0.00046586018
0.0004583865
0.00070501835
0.00046336895
0.00058294804
0.00061035156
0.0008495097
0.007466219
0.0015894054
0.0012456154
0.0013228436
0.0013602121
0.0012481067
0.0013577208
0.0016865632
0.0013627033
0.0010662468
0.0012481067
0.0014150192
0.0015644929
0.001370177
0.0015869141
0.003721899
0.03309102
0.018646862
0.016932895
0.015896544
0.01641472
0.019234793
0.016001176
0.02107083
0.017764967
0.015540298
0.019060407
0.01961097
0.016975246
0.019645847
0.019904934
0.04584114
409.0
14.207824
5811.0
0.003613836
0.0018929617
0.0034417484
0.0015487868
0.002925486
0.0022371365
0.004130098
0.002925486
0.004474273
0.0037859234
0.003613836
0.0022371365
0.003269661
0.0010325245
0.004474273
0.002065049
0.0075718467
0.007916021
0.011185682
0.007227672
0.008432284
0.009120633
0.009808983
0.008776458
0.0106694205
0.011529857
0.0039580106
0.0010325245
0.0015487868
0.002065049
0.0013766993
0.00068834965
0.0008604371
0.01600413
0.0106694205
0.018241266
0.0147995185
0.020134227
0.016864568
0.015143693
0.011013594
0.015487867
0.009464808
0.010153158
0.011529857
0.013422819
0.010325246
0.012218207
0.01669248
0.0077439337
0.014283256
0.020134227
0.017036654
0.011529857
0.011701944
0.016864568
0.011357769
0.010841507
0.011701944
0.0034417484
0.0037859234
0.0018929617
0.0015487868
0.008432284
0.002409224
0.023231803
0.0067114094
0.017036654
0.019617965
0.062295645
0.008088109
0.012906557
0.0077439337
0.029771123
0.004130098
0.008432284
0.022715539
0.022543453
0.024092238
0.032352436
0.008948546
0.0017208742
0.030803649
0.025641026
0.03889176
0.014455344
0.008088109
0.010325246
0.008776458
0.008088109
0.003613836
0.0017208742
0.0013766993
0.003613836
0.0008604371
0.0030975735
6.082301
3.0
0.0
0.0
3.0
201856.0
212992.0
0.0
0.0
1.0
0.0
1.0
0.0
0.0
0.0
1309306000.0
0.0
0.0
0.0
0.0
0.0
1.0
0.0
0.0
0.0
0.0
0.0
0.0
-1.0
0.0
-1.0
-1.0
0.0
0.0
0.0
0.0
0.0
0.0
0.0
0.0
0.0
0.0
0.0
0.0
-1.0
0.0
0.0
0.0
0.0
0.0
0.0
0.0
0.0
0.0
0.0
0.0
0.0
-1.0
0.0
0.0
0.0
0.0
0.0
0.0
0.0
0.0
1.0
0.0
6.0
0.0
4.0
0.0
4.0
0.0
192512.0
4096.0
4096.0
3.0
1.0
0.0
1.0
1.0
0.0
0.0
0.0
0.0
0.0
0.0
0.0
0.0
0.0
0.0
0.0
0.0
0.0
0.0
0.0
0.0
0.0
0.0
0.0
0.0
0.0
0.0
0.0
0.0
0.0
0.0
0.0
0.0
0.0
0.0
0.0
0.0
0.0
0.0
0.0
0.0
0.0
0.0
0.0
0.0
0.0
-192512.0
0.0
4096.0
0.0
0.0
0.0
0.0
0.0
0.0
0.0
0.0
0.0
0.0
0.0
0.0
0.0
0.0
0.0
0.0
0.0
0.0
0.0
0.0
0.0
0.0
0.0
0.0
0.0
0.0
0.0
0.0
0.0
0.0
0.0
0.0
0.0
0.0
0.0
0.0
0.0
0.0
0.0
0.0
0.0
0.0
0.0
0.0
0.0
0.0
0.0
-6.517805
0.0
0.0
0.0
0.0
0.0
0.0
0.0
0.0
0.0
0.0
0.0
0.0
0.0
0.0
0.0
0.0
0.0
0.0
0.0
0.0
0.0
0.0
0.0
0.0
0.0
0.0
0.0
0.0
0.0
0.0
0.0
0.0
0.0
0.0
0.0
0.0
0.0
0.0
0.0
0.0
-9180.0
0.0
0.0
0.0
0.0
0.0
0.0
0.0
0.0
-189928.0
0.0
16.0
0.0
0.0
0.0
0.0
0.0
0.0
0.0
0.0
0.0
-1.0
0.0
0.0
0.0
0.0
0.0
1.0
0.0
0.0
0.0
0.0
0.0
0.0
0.0
0.0
0.0
0.0
0.0
0.0
0.0
0.0
0.0
0.0
0.0
0.0
0.0
0.0
0.0
0.0
0.0
0.0
0.0
0.0
0.0
0.0
0.0
-2.0
0.0
0.0
0.0
1.0
0.0
0.0
0.0
0.0
0.0
0.0
0.0
0.0
0.0
0.0
0.0
0.0
0.0
0.0
0.0
0.0
0.0
0.0
0.0
-1.0
0.0
0.0
0.0
0.0
0.0
0.0
0.0
0.0
0.0
1.0
0.0
0.0
0.0
0.0
1.0
0.0
0.0
0.0
0.0
0.0
0.0
0.0
0.0
0.0
0.0
0.0
0.0
0.0
0.0
0.0
0.0
0.0
0.0
0.0
0.0
0.0
0.0
0.0
0.0
0.0
0.0
0.0
0.0
0.0
0.0
0.0
0.0
-1.0
0.0
0.0
0.0
0.0
0.0
0.0
0.0
0.0
0.0
0.0
0.0
0.0
0.0
0.0
0.0
0.0
0.0
0.0
0.0
0.0
0.0
0.0
0.0
0.0
0.0
0.0
0.0
0.0
0.0
0.0
0.0
0.0
0.0
0.0
0.0
0.0
0.0
0.0
0.0
0.0
0.0
0.0
0.0
0.0
0.0
0.0
0.0
0.0
0.0
0.0
0.0
0.0
0.0
0.0
0.0
0.0
0.0
0.0
0.0
0.0
0.0
0.0
0.0
0.0
0.0
0.0
0.0
0.0
0.0
0.0
0.0
0.0
0.0
0.0
0.0
0.0
0.0
0.0
0.0
0.0
0.0
0.0
0.0
0.0
0.0
0.0
0.0
0.0
0.0
0.0
0.0
0.0
0.0
0.0
0.0
0.0
0.0
0.0
0.0
0.0
0.0
0.0
0.0
0.0
0.0
0.0
0.0
0.0
0.0
0.0
0.0
0.0
0.0
0.0
0.0
0.0
0.0
0.0
0.0
0.0
0.0
0.0
0.0
0.0
0.0
0.0
0.0
0.0
0.0
0.0
0.0
0.0
0.0
0.0
0.0
0.0
0.0
0.0
0.0
0.0
0.0
0.0
0.0
0.0
0.0
0.0
0.0
0.0
0.0
0.0
0.0
0.0
0.0
0.0
0.0
0.0
0.0
0.0
0.0
0.0
0.0
0.0
0.0
0.0
0.0
0.0
0.0
0.0
0.0
0.0
0.0
0.0
0.0
0.0
0.0
0.0
0.0
0.0
0.0
0.0
0.0
0.0
0.0
0.0
0.0
0.0
0.0
0.0
0.0
0.0
0.0
0.0
0.0
0.0
0.0
0.0
0.0
0.0
0.0
0.0
0.0
0.0
0.0
0.0
0.0
0.0
0.0
0.0
0.0
0.0
0.0
0.0
0.0
0.0
0.0
0.0
0.0
0.0
0.0
0.0
0.0
0.0
0.0
0.0
0.0
0.0
0.0
0.0
0.0
0.0
0.0
0.0
0.0
0.0
0.0
0.0
0.0
0.0
0.0
0.0
0.0
0.0
0.0
0.0
0.0
0.0
0.0
0.0
0.0
0.0
0.0
0.0
0.0
0.0
0.0
0.0
0.0
0.0
0.0
0.0
0.0
0.0
0.0
0.0
0.0
0.0
0.0
0.0
0.0
0.0
0.0
0.0
0.0
0.0
0.0
0.0
0.0
0.0
0.0
0.0
0.0
0.0
0.0
0.0
0.0
0.0
0.0
0.0
0.0
0.0
0.0
0.0
0.0
0.0
0.0
0.0
0.0
0.0
0.0
0.0
0.0
0.0
0.0
0.0
0.0
0.0
0.0
0.0
0.0
0.0
0.0
0.0
0.0
0.0
0.0
0.0
0.0
0.0
0.0
0.0
0.0
0.0
0.0
0.0
0.0
0.0
0.0
0.0
0.0
0.0
0.0
0.0
0.0
0.0
0.0
0.0
0.0
0.0
0.0
0.0
0.0
0.0
0.0
0.0
0.0
0.0
0.0
0.0
0.0
0.0
0.0
0.0
0.0
0.0
0.0
0.0
0.0
0.0
0.0
0.0
0.0
0.0
0.0
0.0
0.0
0.0
0.0
0.0
0.0
0.0
0.0
0.0
0.0
0.0
0.0
0.0
0.0
0.0
0.0
0.0
0.0
0.0
0.0
0.0
0.0
0.0
0.0
0.0
0.0
0.0
0.0
0.0
0.0
0.0
0.0
0.0
0.0
0.0
0.0
0.0
0.0
0.0
0.0
0.0
0.0
0.0
0.0
0.0
0.0
0.0
0.0
0.0
0.0
0.0
0.0
0.0
0.0
0.0
0.0
0.0
0.0
0.0
0.0
0.0
0.0
0.0
0.0
0.0
0.0
0.0
0.0
0.0
0.0
0.0
0.0
0.0
0.0
0.0
0.0
0.0
0.0
0.0
0.0
0.0
0.0
0.0
0.0
0.0
0.0
0.0
0.0
0.0
0.0
0.0
0.0
0.0
0.0
0.0
0.0
0.0
0.0
0.0
0.0
0.0
0.0
0.0
0.0
0.0
0.0
0.0
0.0
0.0
0.0
0.0
0.0
0.0
0.0
0.0
0.0
0.0
0.0
0.0
0.0
0.0
0.0
0.0
0.0
0.0
0.0
0.0
0.0
0.0
0.0
0.0
0.0
0.0
0.0
0.0
0.0
0.0
0.0
0.0
0.0
0.0
0.0
0.0
0.0
0.0
0.0
0.0
0.0
0.0
0.0
0.0
0.0
0.0
0.0
0.0
0.0
0.0
0.0
0.0
0.0
0.0
0.0
0.0
0.0
0.0
0.0
0.0
0.0
0.0
0.0
0.0
0.0
0.0
0.0
0.0
0.0
0.0
0.0
0.0
0.0
0.0
0.0
0.0
0.0
0.0
0.0
0.0
0.0
0.0
0.0
0.0
0.0
0.0
0.0
0.0
0.0
0.0
0.0
0.0
0.0
0.0
0.0
0.0
0.0
0.0
0.0
0.0
0.0
0.0
0.0
0.0
0.0
0.0
0.0
0.0
0.0
0.0
0.0
0.0
0.0
0.0
0.0
0.0
0.0
0.0
0.0
0.0
0.0
0.0
0.0
0.0
0.0
0.0
0.0
0.0
0.0
0.0
0.0
0.0
0.0
0.0
0.0
0.0
0.0
0.0
0.0
0.0
0.0
0.0
0.0
0.0
0.0
0.0
0.0
0.0
0.0
0.0
0.0
0.0
0.0
0.0
0.0
0.0
0.0
0.0
0.0
0.0
0.0
0.0
0.0
0.0
0.0
0.0
0.0
0.0
0.0
0.0
0.0
0.0
0.0
0.0
0.0
0.0
0.0
0.0
0.0
0.0
0.0
0.0
0.0
0.0
0.0
0.0
0.0
0.0
0.0
0.0
0.0
0.0
0.0
0.0
0.0
0.0
0.0
0.0
0.0
0.0
0.0
0.0
0.0
0.0
0.0
0.0
0.0
0.0
0.0
0.0
0.0
0.0
0.0
0.0
0.0
0.0
0.0
0.0
0.0
0.0
0.0
0.0
0.0
0.0
0.0
0.0
0.0
0.0
0.0
0.0
0.0
0.0
0.0
0.0
0.0
0.0
0.0
0.0
0.0
0.0
0.0
0.0
0.0
0.0
0.0
0.0
0.0
0.0
0.0
0.0
0.0
0.0
0.0
0.0
0.0
0.0
0.0
0.0
0.0
0.0
0.0
1.0
0.0
0.0
0.0
0.0
0.0
0.0
0.0
0.0
0.0
0.0
0.0
0.0
0.0
0.0
0.0
0.0
0.0
0.0
0.0
0.0
0.0
0.0
0.0
0.0
0.0
0.0
0.0
0.0
0.0
0.0
0.0
0.0
0.0
0.0
0.0
0.0
0.0
0.0
0.0
0.0
0.0
0.0
0.0
0.0
0.0
0.0
0.0
0.0
0.0
0.0
0.0
0.0
0.0
0.0
0.0
0.0
0.0
0.0
0.0
0.0
0.0
0.0
0.0
0.0
0.0
0.0
0.0
0.0
0.0
0.0
0.0
0.0
0.0
0.0
0.0
0.0
0.0
0.0
0.0
0.0
0.0
0.0
0.0
0.0
0.0
0.0
0.0
0.0
0.0
0.0
0.0
0.0
0.0
0.0
0.0
0.0
0.0
0.0
0.0
0.0
0.0
0.0
0.0
0.0
0.0
0.0
0.0
0.0
0.0
0.0
0.0
0.0
0.0
0.0
0.0
0.0
0.0
0.0
0.0
0.0
0.0
0.0
0.0
0.0
0.0
0.0
0.0
0.0
0.0
0.0
0.0
0.0
0.0
0.0
0.0
0.0
0.0
0.0
0.0
0.0
0.0
0.0
0.0
0.0
0.0
0.0
0.0
0.0
0.0
0.0
0.0
0.0
0.0
0.0
0.0
0.0
0.0
0.0
0.0
0.0
0.0
0.0
0.0
0.0
0.0
0.0
0.0
0.0
0.0
0.0
0.0
0.0
0.0
0.0
0.0
0.0
0.0
0.0
0.0
0.0
0.0
0.0
0.0
0.0
0.0
0.0
0.0
0.0
0.0
0.0
0.0
0.0
0.0
0.0
0.0
0.0
0.0
0.0
0.0
0.0
0.0
0.0
0.0
0.0
0.0
0.0
0.0
0.0
0.0
0.0
0.0
0.0
0.0
0.0
0.0
0.0
0.0
0.0
0.0
0.0
0.0
0.0
0.0
0.0
0.0
0.0
0.0
0.0
0.0
0.0
0.0
0.0
0.0
0.0
0.0
0.0
0.0
0.0
0.0
0.0
0.0
0.0
0.0
0.0
0.0
0.0
0.0
0.0
0.0
0.0
0.0
0.0
0.0
0.0
0.0
0.0
0.0
0.0
0.0
0.0
0.0
0.0
0.0
0.0
0.0
0.0
0.0
0.0
0.0
0.0
0.0
0.0
0.0
0.0
0.0
0.0
0.0
0.0
0.0
0.0
0.0
0.0
0.0
0.0
0.0
0.0
0.0
0.0
0.0
0.0
0.0
0.0
0.0
0.0
0.0
0.0
0.0
0.0
0.0
0.0
0.0
0.0
0.0
0.0
0.0
0.0
0.0
0.0
0.0
0.0
0.0
0.0
0.0
0.0
0.0
0.0
0.0
0.0
0.0
0.0
0.0
0.0
0.0
0.0
0.0
0.0
0.0
0.0
0.0
0.0
0.0
0.0
0.0
0.0
0.0
0.0
0.0
0.0
0.0
0.0
0.0
0.0
0.0
0.0
0.0
0.0
0.0
0.0
0.0
0.0
0.0
0.0
0.0
0.0
0.0
0.0
0.0
0.0
0.0
0.0
0.0
0.0
0.0
0.0
0.0
0.0
0.0
0.0
0.0
0.0
0.0
0.0
0.0
0.0
0.0
0.0
0.0
0.0
0.0
0.0
0.0
0.0
0.0
0.0
0.0
0.0
0.0
0.0
0.0
0.0
0.0
0.0
0.0
0.0
0.0
0.0
0.0
0.0
0.0
0.0
0.0
0.0
0.0
0.0
0.0
0.0
0.0
0.0
0.0
0.0
0.0
0.0
0.0
0.0
0.0
0.0
0.0
0.0
0.0
0.0
0.0
0.0
0.0
0.0
0.0
0.0
0.0
0.0
0.0
0.0
0.0
0.0
0.0
0.0
0.0
0.0
0.0
0.0
0.0
0.0
0.0
0.0
0.0
0.0
0.0
0.0
0.0
0.0
0.0
0.0
0.0
0.0
0.0
0.0
0.0
0.0
0.0
0.0
0.0
0.0
0.0
0.0
0.0
0.0
0.0
0.0
0.0
0.0
0.0
0.0
0.0
0.0
0.0
0.0
0.0
0.0
0.0
0.0
0.0
0.0
0.0
0.0
0.0
0.0
0.0
0.0
0.0
0.0
0.0
0.0
0.0
0.0
0.0
0.0
0.0
0.0
0.0
0.0
0.0
0.0
0.0
0.0
0.0
0.0
0.0
0.0
0.0
0.0
0.0
0.0
0.0
0.0
0.0
0.0
0.0
0.0
0.0
0.0
0.0
0.0
0.0
0.0
0.0
0.0
0.0
0.0
0.0
0.0
0.0
0.0
0.0
0.0
0.0
0.0
0.0
0.0
0.0
0.0
0.0
0.0
0.0
0.0
0.0
0.0
0.0
0.0
0.0
0.0
0.0
0.0
0.0
0.0
0.0
0.0
0.0
0.0
0.0
0.0
0.0
0.0
0.0
0.0
0.0
0.0
0.0
0.0
0.0
0.0
0.0
0.0
0.0
0.0
0.0
0.0
0.0
0.0
0.0
0.0
0.0
0.0
0.0
0.0
0.0
0.0
0.0
0.0
0.0
0.0
0.0
0.0
0.0
0.0
0.0
0.0
0.0
0.0
0.0
0.0
0.0
0.0
0.0
0.0
0.0
0.0
0.0
0.0
0.0
0.0
0.0
0.0
0.0
0.0
0.0
0.0
0.0
0.0
0.0
0.0
0.0
0.0
0.0
0.0
0.0
0.0
0.0
0.0
0.0
0.0
0.0
0.0
0.0
0.0
0.0
0.0
0.0
0.0
0.0
0.0
0.0
0.0
0.0
0.0
0.0
0.0
0.0
0.0
0.0
0.0
0.0
0.0
0.0
0.0
0.0
0.0
0.0
0.0
0.0
0.0
0.0
0.0
0.0
0.0
0.0
0.0
0.0
0.0
40.0
193476.0
16.0
208896.0
0.0
0.0
0.0
0.0
0.0
0.0
0.0
0.0
0.0
0.0
0.0
0.0
0.0
0.0
0.0
0.0
0.0
0.0
0.0
0.0
0.0
0.0
0.0
0.0
