0.24416725
0.009338349
0.005450908
0.005007429
0.007986235
0.0036291215
0.0031910618
0.0034611234
0.009409703
0.0018967534
0.0022354594
0.001518306
0.005785098
0.0023321034
0.0012879858
0.004810528
0.0050598155
0.0025904232
0.0014821773
0.001438823
0.0032208678
0.003723056
0.0010901816
0.0008137975
0.0026211326
0.001548112
0.0010450208
0.0010694077
0.0022273303
0.0010070858
0.0009908278
0.0012066965
0.0056450996
0.00094747345
0.0014045007
0.0009050223
0.0035957026
0.0010856655
0.0007505724
0.00084811973
0.0020891384
0.0008679905
0.0007117341
0.0015246285
0.0014243715
0.000941151
0.0013421788
0.00082012004
0.0030862887
0.0017666903
0.0015995954
0.00620419
0.0021451379
0.0020629452
0.0015435959
0.0016176597
0.00240978
0.0026951963
0.0017115942
0.0039452473
0.0020900415
0.0021812664
0.0014478551
0.0015137899
0.0061509004
0.0023944254
0.0021993308
0.0056866473
0.0052449745
0.013848106
0.0049595586
0.0042568566
0.002530811
0.0015435959
0.0012897924
0.0008336683
0.0018100446
0.009050223
0.0017079812
0.0012274705
0.009686087
0.003342802
0.0029679674
0.0045693694
0.0024612634
0.004312856
0.0037926035
0.0034873167
0.001627595
0.0033039637
0.0007117341
0.0011786968
0.001958172
0.0032904155
0.001878689
0.0016926266
0.0015598539
0.0031440945
0.000920377
0.0021433313
0.0029020326
0.006317995
0.0039804727
0.0013701785
0.005606261
0.0035875735
0.006129223
0.0009881182
0.0034168658
0.0014677258
0.0036616372
0.0039018926
0.0025217787
0.000702702
0.0043950486
0.0036878304
0.009715893
0.00895087
0.0016465626
0.0023022974
0.0018859148
0.0012852763
0.0008065718
0.0009917311
0.0015174027
0.0028460333
0.0011868257
0.0014026943
0.0037826682
0.0016447562
0.0009393445
0.011385037
0.0028930006
0.008286103
0.0011994707
0.0012726312
0.0026446162
0.009070997
0.0015246285
0.022948006
0.0015670796
0.018392185
0.0008815387
0.0009799893
0.0014866934
0.0006783151
0.00066657335
0.0013286306
0.0015526281
0.0029092585
0.0007559917
0.0007957332
0.0014045007
0.0015011448
0.0006132836
0.0006792184
0.0013530174
0.0010278597
0.0007036052
0.00066115404
0.0013015341
0.0014532744
0.0006250254
0.001045924
0.001184116
0.0011886321
0.0007379274
0.0007171534
0.0013250178
0.0007126373
0.0008381844
0.000761411
0.0013864364
0.0006864441
0.00079212035
0.0006747023
0.0019717203
0.00078579783
0.0009691507
0.00094566704
0.0018561087
0.0015598539
0.0011768903
0.0013250178
0.0029300323
0.0010260532
0.0007316049
0.00075418525
0.0013602432
0.0010242468
0.0010305693
0.00089418376
0.00681928
0.0023167487
0.002120751
0.003368092
0.0037293783
0.00095560245
0.005950386
0.0037682168
0.0027493893
0.0016980459
0.0009438606
0.00088515156
0.016135952
0.00079031393
0.001196761
0.0010359887
0.001840754
0.0010694077
0.0011615356
0.001133536
0.001957269
0.0006394769
0.00097456994
0.0008797323
0.0027638406
0.0008634744
0.0007370242
0.0013376628
0.001799206
0.0008797323
0.00078579783
0.0008734098
0.002807195
0.00089328055
0.0008327651
0.00069728267
0.0025064242
0.001133536
0.0008968934
0.0009592153
0.018207027
0.0050941375
0.0012310833
0.0038766027
0.004610917
0.0008300554
0.0008625712
0.0011940515
0.003773636
0.0012075996
0.0010007633
0.001363856
0.0021912018
0.0008128943
0.0018064318
0.0019003663
0.0035234452
0.0018931405
0.0022950715
0.0029769996
0.010377951
0.004922527
0.0065392833
0.07181379
0.06933955
2.2605614e-06
9.042245e-07
2.2605614e-06
1.1754919e-05
2.7126737e-06
1.808449e-06
1.3563368e-06
1.3563368e-06
0.0
0.0
0.0
0.0
0.0
0.0
8.0475984e-05
0.0
0.0
0.0
0.0
0.0
0.0
0.0
0.0
0.0
0.0
0.0
0.0
0.0
0.0
0.0
0.0
0.0033289026
7.459852e-05
8.6353444e-05
9.042245e-06
2.4866174e-05
6.3295715e-06
8.138021e-06
5.8774594e-06
4.973235e-06
4.973235e-06
5.4253474e-06
3.616898e-06
6.3295715e-06
3.1647858e-06
3.616898e-06
0.00012749566
0.0032633464
0.000116644966
3.3004195e-05
5.741826e-05
3.0291521e-05
2.4414063e-05
2.2153501e-05
2.2605613e-05
4.385489e-05
6.781684e-06
1.763238e-05
9.042245e-06
1.1754919e-05
1.0398582e-05
2.6222511e-05
8.138021e-06
0.0031082719
0.000113028065
3.571687e-05
1.3111256e-05
7.640697e-05
8.138021e-05
5.15408e-05
4.7019676e-05
5.6966146e-05
1.4015481e-05
1.5823929e-05
1.4015481e-05
2.6222511e-05
1.3563368e-05
1.3111256e-05
2.3509838e-05
0.005183467
0.00011845341
0.00012387877
3.752532e-05
0.0001546224
6.148727e-05
0.00018446181
0.00011980975
3.7073205e-05
4.9280236e-05
5.2445022e-05
2.7578848e-05
6.3295716e-05
4.1142215e-05
8.816189e-05
0.00013879847
0.0068960683
0.00016818577
0.00013563369
0.00021791812
0.0003535518
0.00011483652
0.00013608579
0.0001473886
0.000257704
9.403935e-05
7.776331e-05
7.640697e-05
0.00011257595
6.465206e-05
8.816189e-05
0.00031828703
0.026595505
0.00069941767
0.0012880679
0.00041729963
0.0027967666
0.000998716
0.0033976238
0.0017948857
0.0003282335
0.00051812065
0.00035988138
0.00033727576
0.00029342086
0.00018988716
0.00029884622
0.0022786458
0.031912345
0.00087257667
0.0022180628
0.000998264
0.0040735314
0.0022008824
0.0070746527
0.004348416
0.0009806316
0.0013875326
0.00022650824
0.00022786458
0.00041729963
0.0005081742
0.00028257017
0.0024558739
0.019832809
0.001236075
0.0017003942
0.0009833442
0.0037172672
0.0023550529
0.00837131
0.0050677266
0.0008712203
0.00035988138
0.00044352215
0.00047336155
0.00043402778
0.00031421802
0.0005203812
0.0023934823
0.013935004
0.0005755389
0.0012518988
0.0011266638
0.0023184316
0.0016113281
0.0045970776
0.0027190032
0.0007554796
0.0010828088
0.0005334925
0.00049551507
0.0008404767
0.00040011934
0.00049189816
0.0015245226
0.011401819
0.0012817383
0.0013233327
0.0111056855
0.0015353733
0.0012030707
0.0019119828
0.0015851057
0.0017686632
0.0016746238
0.0012582284
0.0013102214
0.0015643084
0.0012500904
0.0015317564
0.00366437
0.012051052
0.0012907805
0.0010498047
0.0015358254
0.0030395507
0.0017786097
0.0013075087
0.0015127676
0.007146991
0.0016411676
0.001349103
0.0015498409
0.0030910915
0.0014815719
0.00412462
0.013457121
0.060657192
0.011858905
0.006109393
0.008787254
0.026971662
0.021323875
0.011398203
0.011892813
0.047460034
0.0048172562
0.004289189
0.0077419705
0.02652588
0.006559697
0.022226743
0.06119475
0.038741954
0.008617712
0.005213759
0.008421043
0.015335648
0.01437491
0.008088289
0.0123074
0.025495967
0.0024739583
0.0027375398
0.0040224427
0.0170591
0.0048380536
0.01299235
0.026687283
0.0050867153
0.0041002063
0.0043149595
0.004309082
0.004300492
0.004146774
0.0044903792
0.0042579933
0.0042751734
0.0039962204
0.004059516
0.004050926
0.0040450483
0.0040247035
0.003977684
0.0041567204
4115.0
14.253949
58655.0
0.031949535
0.0013468588
0.0027278152
0.0017560311
0.0059500467
0.002523229
0.0014491518
0.0030687922
0.008183446
0.0024379848
0.0014491518
0.0020629102
0.0039894297
0.0028471572
0.0075867358
0.003631404
0.014900691
0.010382746
0.009018839
0.010297502
0.010058818
0.008115251
0.00855852
0.007245759
0.008439179
0.007808371
0.007296906
0.007569687
0.0080470545
0.00855852
0.0067683915
0.007262808
0.005182849
0.0130935125
0.003085841
0.011763703
0.014644958
0.007160515
0.006597903
0.008149348
0.0052510444
0.009121132
0.0016878357
0.0020288127
0.006154633
0.0075867358
0.0065297075
0.0048759696
0.0138095645
0.002864206
0.0070923194
0.023118233
0.008507374
0.004927116
0.012513852
0.014065297
0.005489728
0.0026255222
0.0016707868
0.001653738
0.014440372
0.011132896
0.0037677947
0.00427926
0.0035632085
0.028284034
0.005302191
0.020185832
0.01875373
0.058494586
0.010655528
0.009410962
0.010808968
0.035069473
0.003750746
0.0029494502
0.026817834
0.011286335
0.033995397
0.04458273
0.0138095645
0.0016366891
0.04194016
0.03147217
0.049407553
0.01698065
0.0056602163
0.015275765
0.0070241243
0.0074503454
0.0017901288
0.0034779643
0.0027107664
0.0016878357
0.0015684938
0.006035291
5.997617
35.0
24.0
6.0
9.0
1107155.0
217088.0
0.0
0.0
2.0
1.0
1.0
0.0
0.0
0.0
1155406700.0
0.0
0.0
0.0
0.0
0.0
1.0
0.0
0.0
0.0
0.0
0.0
0.0
-1.0
0.0
-1.0
-1.0
0.0
0.0
0.0
0.0
0.0
0.0
0.0
0.0
0.0
0.0
0.0
0.0
-1.0
0.0
0.0
0.0
0.0
0.0
0.0
0.0
0.0
0.0
0.0
0.0
0.0
-1.0
0.0
0.0
0.0
0.0
0.0
0.0
0.0
0.0
0.0
0.0
6.0
0.0
4.0
0.0
4.0
0.0
0.0
4096.0
4096.0
5.0
0.0
0.0
0.0
5.0
0.0
0.0
0.0
0.0
0.0
0.0
0.0
0.0
0.0
0.0
0.0
0.0
0.0
0.0
0.0
0.0
0.0
-80384.0
0.0
0.0
0.0
0.0
0.0
0.0
0.0
0.0
0.0
0.0
0.0
0.0
0.0
0.0
0.0
0.0
0.0
0.0
0.0
0.0
0.0
0.0
0.0
0.0
0.0
512.0
0.0
0.0
0.0
0.0
0.0
0.0
0.0
0.0
0.0
0.0
0.0
0.0
0.0
0.0
0.0
0.0
0.0
0.0
0.0
0.0
0.0
0.0
0.0
-30.829527
0.0
0.0
0.0
0.0
0.0
0.0
0.0
0.0
0.0
0.0
0.0
0.0
0.0
0.0
0.0
0.0
0.0
0.0
0.0
0.0
0.0
0.0
0.0
0.0
0.0
4.674848
0.0
0.0
0.0
0.0
0.0
0.0
0.0
0.0
0.0
0.0
0.0
0.0
0.0
0.0
0.0
0.0
0.0
0.0
0.0
0.0
0.0
0.0
0.0
-200704.0
0.0
0.0
0.0
0.0
0.0
0.0
0.0
0.0
0.0
0.0
0.0
0.0
0.0
0.0
0.0
0.0
0.0
0.0
0.0
0.0
0.0
0.0
0.0
0.0
0.0
12288.0
0.0
0.0
0.0
0.0
0.0
0.0
0.0
0.0
0.0
0.0
0.0
0.0
0.0
0.0
0.0
0.0
0.0
0.0
0.0
0.0
0.0
0.0
0.0
0.0
0.0
0.0
0.0
0.0
0.0
0.0
0.0
0.0
0.0
0.0
0.0
0.0
0.0
0.0
0.0
0.0
0.0
0.0
0.0
0.0
0.0
0.0
0.0
0.0
0.0
0.0
0.0
0.0
0.0
0.0
0.0
0.0
0.0
0.0
0.0
0.0
0.0
0.0
0.0
0.0
0.0
0.0
0.0
0.0
0.0
0.0
0.0
0.0
0.0
0.0
0.0
0.0
0.0
0.0
0.0
0.0
0.0
0.0
0.0
0.0
0.0
0.0
0.0
0.0
0.0
0.0
0.0
0.0
0.0
0.0
0.0
0.0
0.0
0.0
0.0
0.0
0.0
0.0
0.0
0.0
0.0
0.0
0.0
0.0
0.0
0.0
0.0
0.0
0.0
0.0
0.0
0.0
0.0
0.0
0.0
0.0
0.0
0.0
0.0
0.0
0.0
0.0
0.0
0.0
0.0
0.0
0.0
0.0
0.0
0.0
0.0
0.0
-1.0
0.0
0.0
0.0
0.0
0.0
0.0
0.0
0.0
0.0
0.0
0.0
0.0
0.0
0.0
0.0
0.0
0.0
0.0
0.0
0.0
0.0
0.0
0.0
0.0
0.0
0.0
0.0
0.0
0.0
0.0
0.0
0.0
0.0
0.0
0.0
0.0
0.0
0.0
0.0
0.0
0.0
0.0
0.0
0.0
0.0
0.0
0.0
0.0
0.0
0.0
0.0
0.0
0.0
0.0
0.0
0.0
0.0
0.0
0.0
0.0
0.0
0.0
0.0
0.0
0.0
0.0
0.0
0.0
0.0
0.0
0.0
0.0
0.0
0.0
0.0
0.0
0.0
0.0
0.0
0.0
0.0
0.0
0.0
0.0
0.0
0.0
1.0
0.0
0.0
0.0
0.0
0.0
0.0
0.0
0.0
0.0
0.0
0.0
0.0
0.0
0.0
0.0
0.0
0.0
0.0
0.0
0.0
0.0
0.0
0.0
0.0
0.0
0.0
0.0
0.0
0.0
0.0
0.0
0.0
0.0
0.0
0.0
0.0
0.0
0.0
0.0
0.0
0.0
0.0
0.0
0.0
0.0
0.0
0.0
0.0
0.0
0.0
0.0
0.0
0.0
0.0
0.0
0.0
0.0
0.0
0.0
0.0
0.0
0.0
0.0
0.0
0.0
0.0
0.0
0.0
0.0
0.0
0.0
0.0
0.0
0.0
0.0
0.0
0.0
0.0
0.0
0.0
0.0
0.0
0.0
0.0
0.0
0.0
0.0
0.0
0.0
0.0
0.0
0.0
0.0
0.0
0.0
0.0
0.0
0.0
0.0
0.0
0.0
0.0
0.0
0.0
0.0
0.0
0.0
0.0
0.0
0.0
0.0
0.0
0.0
0.0
0.0
0.0
0.0
0.0
0.0
0.0
0.0
0.0
0.0
0.0
0.0
0.0
0.0
0.0
0.0
0.0
0.0
0.0
0.0
0.0
0.0
0.0
0.0
0.0
0.0
0.0
0.0
0.0
0.0
0.0
0.0
0.0
0.0
0.0
0.0
0.0
0.0
0.0
0.0
0.0
0.0
0.0
0.0
0.0
0.0
0.0
0.0
0.0
0.0
0.0
0.0
0.0
0.0
0.0
0.0
0.0
0.0
0.0
0.0
0.0
0.0
0.0
0.0
0.0
0.0
0.0
0.0
0.0
0.0
0.0
0.0
0.0
0.0
0.0
0.0
0.0
0.0
0.0
0.0
0.0
0.0
0.0
0.0
0.0
0.0
0.0
0.0
0.0
0.0
0.0
0.0
0.0
0.0
0.0
0.0
0.0
0.0
0.0
0.0
0.0
0.0
0.0
0.0
0.0
0.0
0.0
0.0
0.0
0.0
0.0
0.0
0.0
0.0
0.0
0.0
0.0
0.0
0.0
0.0
0.0
0.0
0.0
0.0
0.0
0.0
0.0
0.0
0.0
0.0
0.0
0.0
0.0
0.0
0.0
0.0
0.0
0.0
0.0
0.0
0.0
0.0
0.0
0.0
0.0
0.0
0.0
0.0
0.0
0.0
0.0
0.0
0.0
0.0
0.0
0.0
0.0
0.0
0.0
0.0
0.0
0.0
0.0
0.0
0.0
0.0
0.0
0.0
0.0
0.0
0.0
0.0
0.0
0.0
0.0
0.0
0.0
0.0
0.0
0.0
0.0
0.0
0.0
0.0
0.0
0.0
0.0
0.0
0.0
0.0
0.0
0.0
0.0
0.0
0.0
0.0
0.0
0.0
0.0
0.0
0.0
0.0
0.0
0.0
0.0
0.0
0.0
0.0
0.0
0.0
0.0
0.0
0.0
0.0
0.0
0.0
0.0
0.0
0.0
0.0
0.0
0.0
0.0
0.0
0.0
0.0
0.0
0.0
0.0
0.0
0.0
0.0
0.0
0.0
0.0
0.0
0.0
0.0
0.0
0.0
0.0
0.0
0.0
0.0
0.0
0.0
0.0
0.0
0.0
0.0
0.0
0.0
0.0
0.0
0.0
0.0
0.0
0.0
0.0
0.0
0.0
0.0
0.0
0.0
0.0
0.0
0.0
0.0
0.0
0.0
0.0
0.0
0.0
0.0
0.0
0.0
0.0
0.0
0.0
0.0
0.0
0.0
0.0
0.0
0.0
0.0
0.0
0.0
0.0
0.0
0.0
0.0
0.0
0.0
0.0
0.0
0.0
0.0
0.0
0.0
0.0
0.0
0.0
0.0
0.0
-1.0
0.0
0.0
0.0
0.0
0.0
0.0
0.0
0.0
0.0
0.0
0.0
0.0
0.0
0.0
0.0
0.0
0.0
0.0
0.0
0.0
0.0
0.0
0.0
0.0
0.0
0.0
0.0
0.0
0.0
0.0
0.0
0.0
0.0
0.0
0.0
0.0
0.0
0.0
0.0
0.0
0.0
0.0
0.0
0.0
0.0
0.0
0.0
0.0
0.0
0.0
0.0
0.0
0.0
0.0
0.0
0.0
0.0
0.0
0.0
0.0
0.0
0.0
0.0
0.0
0.0
0.0
0.0
0.0
0.0
0.0
0.0
0.0
0.0
0.0
0.0
0.0
0.0
0.0
0.0
0.0
0.0
0.0
0.0
0.0
0.0
0.0
0.0
0.0
0.0
0.0
0.0
0.0
0.0
0.0
0.0
0.0
0.0
0.0
0.0
0.0
0.0
0.0
0.0
0.0
0.0
0.0
0.0
0.0
0.0
0.0
0.0
0.0
0.0
0.0
0.0
0.0
0.0
0.0
0.0
0.0
0.0
0.0
0.0
0.0
0.0
0.0
0.0
0.0
1.0
0.0
0.0
0.0
0.0
0.0
0.0
0.0
0.0
0.0
0.0
0.0
0.0
0.0
0.0
0.0
0.0
0.0
0.0
0.0
0.0
0.0
0.0
0.0
0.0
0.0
0.0
0.0
0.0
0.0
0.0
0.0
0.0
0.0
0.0
0.0
0.0
0.0
0.0
0.0
0.0
0.0
0.0
0.0
0.0
0.0
0.0
0.0
0.0
0.0
0.0
0.0
0.0
0.0
0.0
0.0
0.0
0.0
0.0
0.0
0.0
0.0
0.0
0.0
0.0
0.0
0.0
0.0
0.0
0.0
0.0
0.0
0.0
0.0
0.0
0.0
0.0
0.0
0.0
0.0
0.0
0.0
0.0
0.0
0.0
0.0
0.0
0.0
0.0
0.0
0.0
0.0
0.0
0.0
0.0
0.0
0.0
0.0
0.0
0.0
0.0
0.0
0.0
0.0
0.0
0.0
0.0
0.0
0.0
0.0
0.0
0.0
0.0
0.0
0.0
0.0
0.0
0.0
0.0
0.0
0.0
0.0
0.0
0.0
0.0
0.0
0.0
0.0
0.0
0.0
0.0
0.0
0.0
0.0
0.0
0.0
0.0
0.0
0.0
0.0
0.0
0.0
0.0
0.0
0.0
0.0
0.0
0.0
0.0
0.0
0.0
0.0
0.0
0.0
0.0
0.0
0.0
0.0
0.0
0.0
0.0
0.0
0.0
0.0
0.0
0.0
0.0
0.0
0.0
0.0
0.0
0.0
0.0
0.0
0.0
0.0
0.0
0.0
0.0
0.0
0.0
0.0
0.0
0.0
0.0
0.0
0.0
0.0
0.0
0.0
0.0
0.0
0.0
0.0
0.0
0.0
0.0
0.0
0.0
0.0
0.0
0.0
0.0
0.0
0.0
0.0
0.0
0.0
0.0
0.0
0.0
0.0
0.0
0.0
0.0
0.0
0.0
0.0
0.0
0.0
0.0
0.0
0.0
0.0
0.0
0.0
0.0
0.0
0.0
0.0
0.0
0.0
0.0
0.0
0.0
0.0
0.0
0.0
0.0
0.0
0.0
0.0
0.0
0.0
0.0
0.0
0.0
0.0
0.0
0.0
0.0
0.0
0.0
0.0
0.0
0.0
0.0
0.0
0.0
0.0
0.0
0.0
0.0
0.0
0.0
0.0
0.0
0.0
0.0
0.0
0.0
0.0
0.0
0.0
0.0
0.0
0.0
0.0
0.0
0.0
0.0
0.0
0.0
0.0
0.0
0.0
0.0
0.0
0.0
0.0
0.0
0.0
0.0
0.0
0.0
0.0
0.0
0.0
0.0
0.0
0.0
0.0
0.0
0.0
0.0
0.0
0.0
0.0
0.0
0.0
0.0
0.0
0.0
0.0
0.0
0.0
0.0
0.0
0.0
0.0
0.0
0.0
0.0
0.0
0.0
0.0
0.0
0.0
0.0
0.0
0.0
0.0
0.0
0.0
0.0
0.0
0.0
0.0
0.0
0.0
0.0
0.0
0.0
0.0
0.0
0.0
0.0
0.0
0.0
0.0
0.0
0.0
0.0
0.0
0.0
0.0
0.0
0.0
0.0
0.0
0.0
0.0
0.0
0.0
0.0
0.0
0.0
0.0
0.0
0.0
0.0
0.0
0.0
0.0
0.0
0.0
0.0
0.0
0.0
0.0
0.0
0.0
0.0
0.0
0.0
0.0
0.0
0.0
0.0
0.0
0.0
0.0
0.0
0.0
0.0
0.0
0.0
0.0
0.0
0.0
0.0
0.0
0.0
0.0
0.0
0.0
0.0
0.0
0.0
0.0
0.0
0.0
0.0
0.0
0.0
0.0
0.0
0.0
0.0
0.0
0.0
0.0
0.0
0.0
0.0
0.0
0.0
0.0
0.0
0.0
0.0
0.0
0.0
0.0
0.0
0.0
0.0
0.0
0.0
0.0
0.0
0.0
0.0
0.0
0.0
0.0
0.0
0.0
0.0
0.0
0.0
0.0
0.0
0.0
0.0
0.0
0.0
0.0
0.0
0.0
0.0
0.0
0.0
0.0
0.0
0.0
0.0
0.0
0.0
0.0
0.0
0.0
0.0
0.0
0.0
0.0
0.0
0.0
0.0
0.0
0.0
0.0
0.0
0.0
0.0
0.0
0.0
0.0
0.0
0.0
0.0
0.0
0.0
0.0
0.0
0.0
0.0
0.0
0.0
0.0
0.0
0.0
0.0
0.0
0.0
0.0
0.0
0.0
0.0
0.0
0.0
0.0
0.0
0.0
0.0
0.0
0.0
0.0
0.0
0.0
0.0
0.0
0.0
0.0
0.0
0.0
0.0
0.0
0.0
0.0
0.0
0.0
0.0
0.0
0.0
0.0
0.0
0.0
0.0
0.0
0.0
0.0
0.0
0.0
0.0
0.0
0.0
0.0
0.0
0.0
0.0
0.0
0.0
0.0
0.0
0.0
0.0
0.0
0.0
0.0
0.0
0.0
0.0
0.0
0.0
0.0
0.0
0.0
0.0
0.0
0.0
0.0
0.0
0.0
0.0
0.0
0.0
0.0
0.0
0.0
0.0
0.0
0.0
0.0
0.0
0.0
0.0
0.0
0.0
0.0
0.0
0.0
0.0
0.0
0.0
0.0
0.0
0.0
0.0
0.0
0.0
0.0
0.0
0.0
0.0
0.0
0.0
0.0
0.0
0.0
0.0
0.0
0.0
0.0
0.0
0.0
0.0
0.0
0.0
0.0
0.0
0.0
0.0
0.0
0.0
0.0
0.0
0.0
0.0
0.0
0.0
0.0
0.0
0.0
0.0
0.0
0.0
0.0
0.0
0.0
0.0
0.0
0.0
0.0
0.0
0.0
0.0
0.0
0.0
0.0
0.0
0.0
0.0
0.0
0.0
0.0
0.0
0.0
0.0
0.0
0.0
0.0
0.0
0.0
0.0
0.0
0.0
0.0
0.0
0.0
0.0
0.0
0.0
0.0
0.0
0.0
0.0
0.0
0.0
0.0
0.0
0.0
0.0
0.0
0.0
0.0
0.0
0.0
0.0
0.0
0.0
0.0
0.0
0.0
0.0
0.0
0.0
0.0
0.0
0.0
0.0
0.0
0.0
0.0
0.0
0.0
0.0
0.0
0.0
0.0
0.0
0.0
0.0
0.0
0.0
0.0
0.0
0.0
0.0
0.0
0.0
0.0
0.0
0.0
0.0
0.0
0.0
0.0
0.0
0.0
0.0
0.0
0.0
0.0
0.0
0.0
0.0
0.0
0.0
0.0
0.0
0.0
0.0
0.0
0.0
156.0
203746.0
9358.0
184320.0
0.0
0.0
0.0
0.0
8.0
203902.0
0.0
0.0
0.0
0.0
0.0
0.0
0.0
0.0
0.0
0.0
0.0
0.0
0.0
0.0
0.0
0.0
0.0
0.0
