0.19036087
0.010449179
0.0050523505
0.003382152
0.0069313236
0.0045617293
0.0035282942
0.0029541636
0.009342672
0.0024426652
0.0029541636
0.001972922
0.0057726232
0.0020773094
0.001565811
0.0071818535
0.005950082
0.0019102895
0.0017119534
0.0021086256
0.0042381287
0.0034239069
0.001367475
0.0013987912
0.00248442
0.0015971273
0.0012526489
0.0013570362
0.0023069617
0.0012735263
0.0011482615
0.0020251155
0.0029124084
0.0012839651
0.0011795777
0.0012630876
0.0035804878
0.0024217877
0.0011378226
0.0010543128
0.001691076
0.0021399418
0.0010334353
0.0016180048
0.001931167
0.0012839651
0.0016493209
0.0009812416
0.0038310178
0.0050836666
0.0029541636
0.0022547678
0.0020877481
0.0018372183
0.0017954634
0.0016597597
0.0024948588
0.004154619
0.0018998507
0.001889412
0.0017015147
0.0014509849
0.0013152813
0.0009916803
0.027714856
0.018006828
0.0019416057
0.005104544
0.0027245113
0.0210445
0.0021608192
0.0012526489
0.0019833606
0.0017641471
0.0009812416
0.0010438741
0.0021190643
0.0025157365
0.0022860842
0.001931167
0.010793657
0.001002119
0.0023800328
0.006064908
0.0031629384
0.0056786747
0.003622243
0.0025470527
0.0015971273
0.0030272347
0.002171258
0.0025574914
0.0016806371
0.003496978
0.0019102895
0.0014927399
0.0006993956
0.014457655
0.004812259
0.00687913
0.0066390387
0.018403498
0.005950082
0.005668236
0.0069626397
0.0108145345
0.005177615
0.0037997013
0.0086223995
0.0060962243
0.011002433
0.011117258
0.005438584
0.0010125578
0.012902283
0.0109084835
0.012975354
0.010417863
0.002369594
0.0027245113
0.002213013
0.0043111998
0.0013987912
0.00094992534
0.0011795777
0.0027662662
0.0011795777
0.0012944038
0.0038727727
0.0015971273
0.0007515893
0.01243254
0.0018685345
0.007035711
0.00052193704
0.0005532532
0.001691076
0.017276116
0.0011378226
0.020365981
0.0013570362
0.0062736827
0.00058456947
0.00058456947
0.016754178
0.00058456947
0.00045930457
0.00072027306
0.00065764063
0.0011795777
0.00048018206
0.000845538
0.0006054469
0.0009081704
0.00048018206
0.00057413074
0.000803783
0.0006889569
0.0005428145
0.00058456947
0.0008350992
0.001931167
0.00058456947
0.00097080285
0.0010334353
0.00082466047
0.00056369195
0.00065764063
0.0007829055
0.00037579465
0.00051149825
0.0005428145
0.00070983433
0.00045930457
0.00048018206
0.00052193704
0.0010647515
0.00061588566
0.00044886585
0.00065764063
0.0007829055
0.00094992534
0.0023174004
0.0013987912
0.0012735263
0.0013152813
0.0008559767
0.00094992534
0.0011795777
0.00066807936
0.001002119
0.001691076
0.0063467543
0.002411349
0.002213013
0.0040815473
0.0036848753
0.00048018206
0.002244329
0.0044677807
0.002129503
0.0006889569
0.0012944038
0.001085629
0.0015031786
0.00082466047
0.0008559767
0.0008872929
0.0030794283
0.001565811
0.0013152813
0.0013779138
0.0015240561
0.0010543128
0.0010334353
0.0011065064
0.0029019697
0.00124221
0.0017537083
0.001889412
0.0017641471
0.0013987912
0.0009916803
0.0011169452
0.0060962243
0.0010334353
0.0015971273
0.0011587002
0.001931167
0.0022234516
0.00097080285
0.001002119
0.006920885
0.0030272347
0.0018267796
0.0056056036
0.00414418
0.00097080285
0.0012526489
0.0011378226
0.0032360095
0.0011169452
0.0011482615
0.0014823012
0.0025783689
0.0009812416
0.0017432696
0.0031420607
0.005960521
0.0017745858
0.0017537083
0.0017119534
0.00555341
0.0019207282
0.0024217877
0.018977629
0.0
0.0
0.0
0.0
0.0
0.0
0.0
0.0
0.0
0.0
0.0
0.0
0.0
0.0
0.0
0.0
0.0
0.0
0.0
0.0
0.0
0.0
0.0
0.0
0.0
0.0
0.0
0.0
0.0
0.0
0.0
0.0
0.0
0.0
0.0
0.0
0.0
0.0
0.0
0.0
0.0
0.0
0.0
0.0
0.0
0.0
0.0
0.0
0.009723166
0.00023883322
1.061481e-05
4.245924e-05
0.00038213315
0.00020698879
5.3074047e-05
1.5922215e-05
5.307405e-06
5.307405e-06
0.0
0.00012737772
0.0
1.061481e-05
4.7766644e-05
0.0
0.009383492
3.7151833e-05
9.022588e-05
4.245924e-05
0.00020698879
0.00015391475
0.00041397757
0.00013799252
4.7766644e-05
6.368886e-05
1.5922215e-05
3.7151833e-05
8.491848e-05
3.184443e-05
3.184443e-05
9.022588e-05
0.007419752
0.0
0.0
0.00039805536
0.0003131369
0.000111455505
0.03300675
0.013098675
0.0
0.0
0.0
0.0
0.0
0.0
0.0
0.0
0.023140285
5.307405e-06
0.00047766644
0.0012366254
0.0016346807
0.0012737772
0.031281844
0.01681386
1.061481e-05
1.5922215e-05
5.307405e-06
5.307405e-06
0.00016983696
5.307405e-06
5.307405e-06
5.307405e-06
0.005572775
0.0
0.0
0.00404955
0.00015922215
7.4303665e-05
0.015609078
0.007143767
0.0
0.0
0.0
0.0
0.0
0.0
0.0
0.0
0.023830248
0.0005625849
0.0005360479
0.0019053584
0.012366253
0.006591797
0.0028394617
0.0011941661
0.00039805536
0.00028659985
0.00023883322
0.00039805536
0.00097125507
0.0015603771
0.00030252206
0.00036621094
0.019833772
0.0016665251
0.0005944293
0.003603728
0.00893767
0.0021441916
0.0161982
0.0073826
0.00045112942
0.00041928497
0.00037151834
0.00040336276
0.0012100883
0.0008544922
0.00037151834
0.0007748811
0.010317595
0.00068996265
0.00061035156
0.0005466627
0.0062733525
0.0005944293
0.0037311057
0.0017673658
0.0005201257
0.00044582202
0.00045112942
0.00044582202
0.0004298998
0.0004298998
0.003147291
0.0022078804
0.033447266
0.0018894362
0.0023564878
0.002712084
0.017487898
0.0021972656
0.0065493374
0.004399839
0.0025900137
0.0014966882
0.0012260105
0.0015762992
0.0017142917
0.007149074
0.005365786
0.0056683086
0.0069633154
0.0005148183
0.0007961107
0.00089164404
0.0019902769
0.00093941065
0.0009871774
0.00071119226
0.0023246433
0.00047235904
0.0003184443
0.00045112942
0.0006581182
0.00017514436
0.002069888
0.0014754586
0.047453508
0.009043818
0.0038001018
0.005004883
0.019143809
0.015587849
0.005402938
0.007716967
0.03298552
0.0070960005
0.0016346807
0.0035718835
0.011761209
0.005073879
0.012647546
0.018597146
0.054204527
0.011007558
0.0072021484
0.0065440303
0.022317637
0.01928711
0.008226478
0.010567043
0.035071332
0.012084961
0.0028553838
0.005620542
0.014154849
0.0060451343
0.01257855
0.022232719
0.009648862
0.009139352
0.009585173
0.00975501
0.00419285
0.004235309
0.004129161
0.0036621094
0.0039487095
0.004235309
0.004245924
0.0041503906
0.0039115576
0.0037151834
0.0044263755
0.003975246
2385.0
7.036059
16781.0
0.0047672964
0.0010726417
0.00035754722
0.00041713842
0.00035754722
0.003515881
0.00047672965
0.00035754722
0.00065550325
0.00065550325
0.00083427684
0.00089386804
0.00041713842
0.0014897801
0.0040522018
0.00053632085
0.007031762
0.007329718
0.007806448
0.0048268875
0.0030391514
0.0033966987
0.0025028305
0.0028603778
0.0026816041
0.0029795603
0.004409749
0.00089386804
0.00077468564
0.00035754722
0.00047672965
0.00011918241
0.00029795602
0.012037423
0.0025624218
0.008640724
0.004588523
0.01138192
0.0048268875
0.0033966987
0.0028603778
0.0066146236
0.0012514152
0.0016089625
0.00494607
0.005184435
0.0100709135
0.0075084916
0.008521542
0.00035754722
0.008342769
0.011322329
0.011083964
0.004409749
0.006078303
0.00494607
0.0015493713
0.0013705977
0.00071509444
0.00041713842
0.0013110065
0.00035754722
0.00017877361
0.00047672965
0.00047672965
0.06924498
0.020499375
0.02919969
0.028305823
0.09284309
0.010488052
0.018711638
0.023121387
0.05196353
0.0045289313
0.012156606
0.038019188
0.024849532
0.05291699
0.049639475
0.018950002
0.0025028305
0.06394136
0.04999702
0.046064
0.022167929
0.008461951
0.009177046
0.006078303
0.019247958
0.003158334
0.00017877361
0.00035754722
5.9591206e-05
0.00023836482
0.00089386804
5.301679
2.0
0.0
0.0
1.0
95797.0
98304.0
0.0
0.0
6.0
0.0
0.0
0.0
0.0
0.0
1141321900.0
0.0
0.0
0.0
0.0
0.0
1.0
0.0
0.0
0.0
0.0
0.0
0.0
-1.0
0.0
-1.0
-1.0
0.0
0.0
0.0
0.0
0.0
0.0
0.0
0.0
0.0
0.0
0.0
0.0
-1.0
0.0
0.0
0.0
0.0
0.0
0.0
0.0
0.0
0.0
0.0
0.0
0.0
-1.0
0.0
0.0
0.0
0.0
0.0
0.0
0.0
0.0
0.0
0.0
2.0
50.0
4.0
0.0
4.0
0.0
42496.0
4096.0
4096.0
3.0
0.0
0.0
1.0
1.0
0.0
0.0
0.0
0.0
0.0
0.0
0.0
0.0
0.0
0.0
0.0
0.0
0.0
0.0
26112.0
0.0
0.0
0.0
0.0
0.0
0.0
0.0
0.0
0.0
0.0
0.0
0.0
0.0
0.0
0.0
0.0
0.0
-16384.0
0.0
0.0
0.0
0.0
0.0
0.0
0.0
0.0
-42496.0
0.0
0.0
0.0
0.0
0.0
0.0
0.0
0.0
0.0
0.0
0.0
0.0
0.0
0.0
0.0
0.0
0.0
0.0
0.0
0.0
0.0
0.0
5.2029037
0.0
0.0
0.0
0.0
0.0
0.0
0.0
0.0
0.0
0.0
0.0
0.0
0.0
0.0
0.0
0.0
0.0
-4.8615947
0.0
0.0
0.0
0.0
0.0
0.0
0.0
0.0
-6.4578476
0.0
0.0
0.0
0.0
0.0
0.0
0.0
0.0
0.0
0.0
0.0
0.0
0.0
0.0
0.0
0.0
0.0
0.0
0.0
0.0
0.0
0.0
25860.0
0.0
0.0
0.0
0.0
0.0
0.0
0.0
0.0
0.0
0.0
0.0
0.0
0.0
0.0
0.0
0.0
0.0
-16832.0
0.0
0.0
0.0
0.0
0.0
0.0
0.0
0.0
-42342.0
0.0
0.0
0.0
0.0
0.0
0.0
0.0
0.0
0.0
0.0
0.0
-1.0
0.0
0.0
0.0
0.0
0.0
1.0
0.0
0.0
0.0
0.0
0.0
0.0
0.0
0.0
0.0
0.0
0.0
0.0
0.0
0.0
0.0
0.0
0.0
0.0
0.0
0.0
0.0
0.0
0.0
0.0
0.0
0.0
0.0
0.0
0.0
-2.0
0.0
0.0
0.0
1.0
0.0
0.0
0.0
0.0
0.0
0.0
0.0
0.0
0.0
0.0
0.0
0.0
0.0
0.0
0.0
0.0
0.0
0.0
0.0
-1.0
0.0
0.0
0.0
0.0
0.0
0.0
0.0
0.0
0.0
1.0
0.0
0.0
0.0
0.0
1.0
0.0
0.0
0.0
0.0
0.0
0.0
0.0
0.0
0.0
0.0
0.0
0.0
0.0
0.0
0.0
0.0
0.0
0.0
0.0
0.0
0.0
0.0
0.0
0.0
0.0
0.0
0.0
0.0
0.0
0.0
0.0
0.0
0.0
0.0
0.0
0.0
0.0
0.0
0.0
0.0
0.0
0.0
0.0
0.0
0.0
0.0
0.0
0.0
0.0
0.0
0.0
-1.0
0.0
0.0
0.0
0.0
0.0
0.0
0.0
0.0
0.0
0.0
0.0
0.0
0.0
0.0
0.0
0.0
0.0
0.0
0.0
0.0
-1.0
0.0
0.0
0.0
0.0
0.0
0.0
0.0
0.0
0.0
0.0
0.0
0.0
0.0
0.0
0.0
0.0
0.0
0.0
0.0
0.0
0.0
0.0
0.0
0.0
0.0
0.0
0.0
0.0
0.0
0.0
0.0
0.0
0.0
0.0
0.0
0.0
0.0
0.0
0.0
0.0
0.0
0.0
0.0
0.0
0.0
0.0
0.0
0.0
-1.0
0.0
0.0
0.0
0.0
0.0
0.0
0.0
0.0
0.0
0.0
0.0
0.0
0.0
0.0
0.0
0.0
1.0
0.0
0.0
0.0
0.0
0.0
0.0
0.0
0.0
0.0
0.0
0.0
0.0
0.0
0.0
0.0
0.0
0.0
0.0
0.0
0.0
0.0
0.0
0.0
0.0
0.0
0.0
0.0
0.0
0.0
0.0
0.0
0.0
0.0
0.0
0.0
0.0
0.0
0.0
0.0
0.0
0.0
0.0
0.0
0.0
0.0
0.0
0.0
0.0
0.0
0.0
0.0
0.0
0.0
0.0
0.0
0.0
0.0
0.0
0.0
0.0
0.0
0.0
0.0
0.0
0.0
0.0
0.0
0.0
0.0
0.0
0.0
0.0
0.0
0.0
0.0
0.0
0.0
0.0
0.0
0.0
0.0
0.0
0.0
0.0
0.0
0.0
0.0
0.0
0.0
0.0
0.0
0.0
0.0
0.0
0.0
0.0
0.0
0.0
0.0
0.0
1.0
0.0
0.0
0.0
0.0
0.0
0.0
0.0
0.0
0.0
0.0
0.0
0.0
-1.0
0.0
0.0
0.0
0.0
0.0
0.0
0.0
0.0
0.0
0.0
0.0
0.0
0.0
0.0
0.0
0.0
0.0
0.0
0.0
0.0
0.0
0.0
0.0
0.0
0.0
0.0
0.0
0.0
0.0
0.0
0.0
0.0
0.0
0.0
0.0
0.0
0.0
0.0
0.0
0.0
0.0
0.0
0.0
0.0
0.0
0.0
0.0
0.0
0.0
0.0
0.0
0.0
0.0
0.0
0.0
0.0
0.0
0.0
0.0
0.0
0.0
0.0
0.0
0.0
0.0
0.0
0.0
0.0
0.0
0.0
0.0
0.0
0.0
0.0
0.0
0.0
0.0
0.0
0.0
0.0
0.0
0.0
0.0
0.0
0.0
0.0
0.0
0.0
0.0
0.0
0.0
0.0
0.0
0.0
0.0
0.0
0.0
0.0
0.0
0.0
0.0
0.0
0.0
0.0
0.0
0.0
0.0
0.0
0.0
0.0
0.0
0.0
0.0
0.0
0.0
0.0
0.0
0.0
0.0
0.0
0.0
0.0
0.0
0.0
0.0
0.0
0.0
0.0
0.0
0.0
0.0
0.0
0.0
0.0
0.0
0.0
0.0
0.0
0.0
0.0
0.0
0.0
0.0
0.0
0.0
0.0
0.0
0.0
0.0
0.0
0.0
0.0
0.0
0.0
0.0
0.0
0.0
0.0
0.0
0.0
0.0
0.0
0.0
0.0
0.0
0.0
0.0
0.0
0.0
0.0
0.0
0.0
0.0
0.0
0.0
0.0
0.0
0.0
0.0
0.0
0.0
0.0
0.0
0.0
0.0
0.0
0.0
0.0
0.0
0.0
0.0
0.0
0.0
0.0
0.0
0.0
0.0
0.0
0.0
0.0
0.0
0.0
0.0
0.0
0.0
0.0
0.0
0.0
0.0
0.0
0.0
0.0
0.0
0.0
0.0
0.0
1.0
0.0
0.0
0.0
0.0
0.0
0.0
0.0
0.0
0.0
0.0
0.0
0.0
0.0
0.0
0.0
0.0
0.0
0.0
0.0
0.0
0.0
0.0
0.0
0.0
0.0
0.0
0.0
0.0
0.0
0.0
0.0
0.0
0.0
0.0
0.0
0.0
0.0
0.0
0.0
0.0
0.0
0.0
0.0
0.0
0.0
0.0
0.0
0.0
0.0
0.0
0.0
0.0
0.0
0.0
0.0
0.0
0.0
0.0
0.0
0.0
0.0
0.0
0.0
0.0
0.0
0.0
0.0
0.0
0.0
0.0
0.0
0.0
0.0
0.0
0.0
0.0
0.0
0.0
0.0
0.0
0.0
0.0
0.0
0.0
0.0
0.0
0.0
0.0
0.0
0.0
0.0
0.0
0.0
0.0
0.0
0.0
0.0
0.0
0.0
0.0
0.0
0.0
0.0
0.0
0.0
0.0
0.0
0.0
0.0
0.0
0.0
0.0
0.0
0.0
0.0
0.0
0.0
0.0
0.0
0.0
0.0
0.0
0.0
0.0
0.0
0.0
0.0
0.0
0.0
0.0
0.0
0.0
0.0
0.0
0.0
0.0
0.0
0.0
0.0
0.0
0.0
0.0
0.0
0.0
0.0
0.0
0.0
0.0
0.0
0.0
0.0
0.0
0.0
0.0
0.0
0.0
0.0
0.0
0.0
0.0
0.0
0.0
0.0
0.0
0.0
0.0
0.0
0.0
0.0
0.0
0.0
0.0
0.0
0.0
0.0
0.0
0.0
0.0
0.0
0.0
0.0
0.0
0.0
0.0
0.0
0.0
0.0
0.0
0.0
0.0
0.0
0.0
0.0
0.0
0.0
0.0
0.0
0.0
0.0
0.0
0.0
0.0
0.0
0.0
0.0
0.0
0.0
0.0
0.0
0.0
0.0
0.0
0.0
0.0
0.0
0.0
0.0
0.0
0.0
0.0
0.0
0.0
0.0
0.0
0.0
0.0
0.0
0.0
0.0
0.0
0.0
0.0
0.0
0.0
0.0
0.0
0.0
0.0
0.0
0.0
0.0
0.0
0.0
0.0
0.0
0.0
0.0
0.0
0.0
0.0
0.0
0.0
0.0
0.0
0.0
0.0
0.0
0.0
0.0
0.0
0.0
0.0
0.0
0.0
0.0
0.0
0.0
0.0
0.0
1.0
0.0
0.0
0.0
0.0
0.0
0.0
0.0
0.0
0.0
0.0
0.0
0.0
0.0
0.0
0.0
0.0
0.0
0.0
0.0
0.0
0.0
0.0
0.0
0.0
0.0
0.0
0.0
0.0
0.0
0.0
0.0
0.0
0.0
0.0
0.0
0.0
0.0
0.0
0.0
0.0
0.0
0.0
0.0
0.0
0.0
0.0
0.0
0.0
0.0
0.0
0.0
0.0
0.0
0.0
0.0
0.0
0.0
0.0
0.0
0.0
0.0
0.0
1.0
0.0
0.0
0.0
0.0
0.0
0.0
0.0
0.0
0.0
0.0
0.0
0.0
0.0
0.0
0.0
0.0
0.0
0.0
0.0
0.0
0.0
0.0
0.0
0.0
0.0
0.0
0.0
0.0
0.0
0.0
0.0
0.0
0.0
0.0
0.0
0.0
0.0
0.0
0.0
0.0
0.0
0.0
0.0
0.0
0.0
0.0
0.0
0.0
0.0
0.0
0.0
0.0
0.0
0.0
0.0
0.0
0.0
0.0
0.0
0.0
0.0
0.0
0.0
-1.0
0.0
0.0
0.0
0.0
0.0
0.0
0.0
0.0
0.0
0.0
0.0
0.0
0.0
0.0
0.0
0.0
0.0
0.0
0.0
0.0
1.0
0.0
0.0
0.0
0.0
0.0
0.0
0.0
0.0
0.0
0.0
0.0
0.0
0.0
0.0
0.0
0.0
0.0
0.0
0.0
0.0
0.0
0.0
0.0
0.0
0.0
0.0
0.0
0.0
0.0
0.0
0.0
0.0
0.0
0.0
0.0
0.0
0.0
0.0
0.0
0.0
0.0
0.0
0.0
0.0
0.0
0.0
0.0
0.0
0.0
0.0
0.0
0.0
0.0
0.0
0.0
0.0
0.0
0.0
0.0
0.0
0.0
0.0
0.0
0.0
0.0
0.0
0.0
0.0
0.0
0.0
0.0
0.0
0.0
0.0
0.0
0.0
0.0
0.0
0.0
0.0
0.0
0.0
0.0
0.0
0.0
0.0
0.0
0.0
0.0
0.0
0.0
0.0
0.0
0.0
0.0
0.0
0.0
0.0
0.0
0.0
0.0
0.0
0.0
0.0
0.0
0.0
0.0
0.0
0.0
0.0
0.0
0.0
0.0
0.0
0.0
0.0
0.0
0.0
0.0
0.0
0.0
0.0
0.0
0.0
0.0
0.0
0.0
0.0
0.0
0.0
0.0
0.0
0.0
0.0
0.0
0.0
0.0
0.0
0.0
0.0
0.0
0.0
0.0
0.0
0.0
0.0
0.0
0.0
0.0
0.0
0.0
0.0
0.0
0.0
0.0
0.0
0.0
0.0
0.0
0.0
0.0
0.0
0.0
0.0
0.0
0.0
0.0
0.0
0.0
0.0
0.0
0.0
0.0
0.0
0.0
0.0
0.0
0.0
0.0
0.0
0.0
0.0
0.0
0.0
0.0
0.0
0.0
0.0
0.0
0.0
0.0
0.0
0.0
0.0
0.0
0.0
0.0
0.0
0.0
0.0
0.0
0.0
0.0
0.0
0.0
0.0
0.0
0.0
0.0
0.0
0.0
0.0
0.0
0.0
0.0
0.0
0.0
0.0
0.0
0.0
0.0
0.0
0.0
0.0
0.0
0.0
0.0
0.0
0.0
0.0
0.0
0.0
0.0
0.0
0.0
0.0
0.0
0.0
0.0
0.0
0.0
0.0
0.0
0.0
0.0
0.0
0.0
0.0
0.0
0.0
0.0
0.0
0.0
0.0
0.0
0.0
0.0
0.0
0.0
0.0
0.0
0.0
0.0
0.0
0.0
0.0
0.0
0.0
0.0
0.0
0.0
0.0
0.0
0.0
0.0
0.0
0.0
0.0
0.0
0.0
0.0
0.0
0.0
0.0
0.0
0.0
0.0
0.0
0.0
0.0
0.0
0.0
0.0
0.0
0.0
0.0
0.0
0.0
0.0
0.0
0.0
0.0
0.0
0.0
0.0
0.0
0.0
0.0
0.0
0.0
0.0
0.0
0.0
0.0
0.0
0.0
0.0
0.0
0.0
0.0
0.0
0.0
0.0
0.0
0.0
0.0
0.0
0.0
0.0
0.0
0.0
0.0
0.0
0.0
0.0
0.0
0.0
0.0
0.0
0.0
0.0
0.0
0.0
0.0
0.0
0.0
0.0
0.0
0.0
-1.0
0.0
0.0
0.0
0.0
0.0
0.0
0.0
0.0
0.0
0.0
0.0
0.0
0.0
0.0
0.0
0.0
0.0
0.0
0.0
0.0
0.0
0.0
0.0
0.0
0.0
0.0
0.0
0.0
0.0
0.0
0.0
0.0
0.0
0.0
0.0
0.0
0.0
0.0
0.0
0.0
0.0
0.0
0.0
0.0
0.0
0.0
0.0
0.0
0.0
0.0
0.0
0.0
0.0
0.0
0.0
0.0
0.0
0.0
0.0
0.0
0.0
0.0
0.0
0.0
0.0
0.0
0.0
0.0
0.0
0.0
0.0
0.0
0.0
0.0
0.0
0.0
0.0
0.0
0.0
0.0
0.0
0.0
0.0
0.0
0.0
0.0
0.0
0.0
0.0
0.0
0.0
0.0
0.0
0.0
0.0
0.0
0.0
0.0
0.0
0.0
0.0
0.0
0.0
0.0
0.0
0.0
0.0
0.0
0.0
0.0
0.0
0.0
0.0
0.0
0.0
0.0
0.0
0.0
0.0
0.0
0.0
0.0
0.0
0.0
0.0
0.0
0.0
0.0
0.0
0.0
0.0
0.0
0.0
0.0
0.0
0.0
0.0
0.0
0.0
0.0
0.0
0.0
0.0
0.0
0.0
0.0
0.0
0.0
0.0
0.0
0.0
0.0
0.0
0.0
0.0
0.0
0.0
0.0
0.0
0.0
0.0
0.0
0.0
0.0
0.0
0.0
0.0
0.0
0.0
0.0
0.0
0.0
0.0
0.0
0.0
0.0
0.0
0.0
0.0
0.0
0.0
0.0
0.0
0.0
0.0
0.0
0.0
0.0
0.0
0.0
0.0
0.0
0.0
140.0
91260.0
0.0
0.0
0.0
0.0
0.0
0.0
0.0
0.0
0.0
0.0
0.0
0.0
0.0
0.0
0.0
0.0
0.0
0.0
0.0
0.0
0.0
0.0
0.0
0.0
0.0
0.0
