0.60263187
0.0036020854
0.0021327836
0.0022177275
0.002585053
0.0013614
0.0007713835
0.0010170324
0.003661776
0.0010331029
0.0013108928
0.00089306006
0.0024610807
0.001276456
0.0008471444
0.0017287255
0.0020983468
0.0011616668
0.0008471444
0.0008104118
0.0014853724
0.0018779516
0.0008012287
0.00072776363
0.0011685542
0.00072776363
0.00082877814
0.00074842566
0.00084025704
0.00079204555
0.0008333697
0.0008264823
0.0022108404
0.00084484863
0.0007690877
0.00073924253
0.0011134554
0.0011961036
0.0007782709
0.0007736793
0.0009206095
0.0006979184
0.00073235517
0.0008310739
0.00086780643
0.0008058203
0.0008792854
0.0007622004
0.0012121741
0.0010101451
0.0010836101
0.0017700497
0.0010399902
0.0011731457
0.00117085
0.0011157511
0.0013614
0.001276456
0.0011433006
0.0020156985
0.0011616668
0.0013476254
0.0013545128
0.0011226385
0.0013040055
0.0014027242
0.0025896446
0.00351255
0.0012695687
0.0055029946
0.0011410047
0.0010147366
0.0012649772
0.0008792854
0.0008838769
0.00085403176
0.001042286
0.004022214
0.0009757083
0.0008632149
0.0022337981
0.0023600662
0.0017746412
0.0011318217
0.0009642294
0.0041415947
0.0011639626
0.00097111677
0.00087698956
0.0008310739
0.0008035245
0.00094127154
0.0008999474
0.0013774706
0.0011433006
0.0011088637
0.0008884685
0.0015060345
0.00093667995
0.0011823289
0.0013476254
0.0021304877
0.0012626813
0.0009802999
0.0022728264
0.0015404712
0.0023279253
0.0009917788
0.0015863869
0.0010193283
0.0015152176
0.0013315548
0.0011869204
0.0007989329
0.0014853724
0.001489964
0.002872026
0.0026309688
0.00097111677
0.0009114263
0.0010629481
0.0010078492
0.0008746938
0.0007828624
0.0010445819
0.0022223191
0.00084944017
0.00074842566
0.0013751747
0.0013889495
0.00079204555
0.005989701
0.0012741602
0.002947787
0.00084944017
0.00082877814
0.0013246675
0.003778861
0.0013682874
0.011359541
0.0011961036
0.0029523785
0.00083796127
0.0009274968
0.0011455964
0.0007828624
0.00083566544
0.00079204555
0.0010193283
0.001574908
0.000819595
0.00072317204
0.00095734204
0.0009481589
0.00089765165
0.000787454
0.00088158116
0.00069103105
0.0007002142
0.0007254678
0.0009435673
0.0014922598
0.00087698956
0.00087698956
0.0008953559
0.0006841437
0.0007048058
0.00071858044
0.00084025704
0.0007897498
0.0007736793
0.0008333697
0.0008632149
0.00075301726
0.0007989329
0.0007415383
0.0009274968
0.0006772564
0.00066348165
0.0007828624
0.000819595
0.0007713835
0.00071858044
0.0007782709
0.0011226385
0.00083566544
0.0008172992
0.000755313
0.00087010226
0.0008861727
0.0012259488
0.000755313
0.0021786992
0.0013774706
0.0010790186
0.001308597
0.0024174608
0.00073924253
0.00094586314
0.001894022
0.001053765
0.0011157511
0.00079204555
0.00069103105
0.054256268
0.0009619336
0.00084484863
0.0007943413
0.0011754415
0.00075301726
0.0011501879
0.0008172992
0.0009068348
0.00067496055
0.00072776363
0.00071858044
0.0011111596
0.00079663715
0.000755313
0.0007415383
0.0011938078
0.0007415383
0.00071169314
0.00061986176
0.0014922598
0.0009642294
0.0010193283
0.0008310739
0.0015129218
0.00117085
0.00089765165
0.00069103105
0.0033908733
0.0015450628
0.0008104118
0.0021052342
0.0021121216
0.00074383407
0.00082418654
0.0008333697
0.0015175134
0.0006290449
0.0013682874
0.0010032577
0.0026654056
0.0009504547
0.0007690877
0.0010606523
0.002945491
0.0009917788
0.0009550463
0.000904539
0.00346893
0.0013843579
0.0013774706
0.014155806
0.5257856
1.0364461e-05
2.5335348e-05
6.9096404e-06
3.569981e-05
4.606427e-06
2.3032135e-06
4.606427e-06
2.7638562e-05
9.212854e-06
5.7580337e-06
5.7580337e-06
0.035331294
9.212854e-06
9.212854e-06
4.7215875e-05
0.0045350273
1.8425708e-05
1.0364461e-05
1.1516067e-06
2.6486954e-05
1.72741e-05
5.4125518e-05
2.8790168e-05
5.7580337e-06
2.3032135e-06
4.606427e-06
2.3032135e-06
2.3032135e-06
1.1516067e-06
6.9096404e-06
0.0
0.00863705
7.8309255e-05
6.90964e-05
3.1093383e-05
7.024801e-05
2.6486954e-05
2.9941775e-05
3.9154627e-05
7.8309255e-05
2.5335348e-05
2.8790168e-05
1.4970888e-05
3.224499e-05
2.418374e-05
1.6122494e-05
0.00023262456
0.01701499
0.00011285746
0.0001381928
0.00013473799
0.00021765367
0.00013934441
0.00038348505
0.0002061376
0.00014510244
5.2973908e-05
3.800302e-05
3.1093383e-05
0.0023009102
4.0306237e-05
3.569981e-05
0.00023492778
0.0
0.0
0.0
0.0
0.0
0.0
0.0
0.0
0.0
0.0
0.0
0.0
0.0
0.0
0.0
0.0
0.0036402289
1.6122494e-05
0.000104796214
6.79448e-05
8.52189e-05
5.5277123e-05
0.00034893682
0.00018540869
1.1516067e-06
3.4548202e-06
6.9096404e-06
2.3032135e-06
0.0
0.0
3.4548202e-06
0.00019577314
0.0035630711
6.564158e-05
5.8731945e-05
5.988355e-05
4.7215875e-05
4.836748e-05
6.564158e-05
0.000102492995
5.1822302e-05
6.679319e-05
6.448998e-05
5.7580335e-05
6.90964e-05
0.0001209187
6.2186766e-05
0.00021304724
0.0028513782
1.0364461e-05
2.1880527e-05
2.3032135e-05
0.00019346992
8.6370506e-05
0.00054010353
0.00026602115
2.418374e-05
8.867372e-05
2.7638562e-05
4.951909e-05
6.333837e-05
4.836748e-05
4.836748e-05
0.00037427217
0.0043450124
8.406729e-05
8.406729e-05
0.00054125517
0.0002395342
0.00014049602
0.00036505933
0.00021995688
0.00014855727
3.569981e-05
6.1035156e-05
6.90964e-05
0.00042609448
6.333837e-05
0.00012207031
0.00013013156
0.0058110077
8.752211e-05
0.0010882684
0.0009777141
0.00077733456
0.00043991377
0.0030091484
0.0014314471
0.00019116672
0.00044912662
0.0002234117
0.00025220186
0.00030978222
0.00022801814
0.00026256632
0.003329295
0.003923524
8.2915685e-05
0.00043185253
0.00038693985
0.00069787365
0.0004088204
0.0011734873
0.0007669701
0.0007577572
0.00026717276
0.00011631228
9.212854e-05
0.0025369895
0.0001543153
0.00049979734
0.0018540869
0.007814803
0.0006184128
0.00074163475
0.004078991
0.0008729179
0.00073933153
0.0013312574
0.0009420143
0.00079000223
0.0006656287
0.00063453533
0.00064605137
0.0014302955
0.0006598706
0.0006368385
0.0009823205
0.0067161703
0.0010329912
0.0003627561
0.0014475697
0.0044141086
0.0031058833
0.0020521632
0.0021120468
0.00691655
0.0012322192
0.00064720295
0.00078194094
0.0050348244
0.00059538067
0.0019197284
0.0040812944
0.025747623
0.0043738023
0.0020130086
0.0026429375
0.011054273
0.007366828
0.0033845722
0.0049622734
0.020095536
0.0015063016
0.0018137806
0.0017331681
0.015561662
0.002262907
0.0076167267
0.01522309
0.0007209058
0.00011400907
0.00010940264
0.0001197671
9.212854e-05
0.00010018978
9.328014e-05
0.00011170585
0.00011285746
0.00011055425
0.00012322192
0.00010940264
0.00011516067
0.00010134139
0.00012322192
0.00010134139
0.009571004
0.009893454
0.00966198
0.009693074
0.009468511
0.009799021
0.009569852
0.009323408
0.009696528
0.009632039
0.009795567
0.009559487
0.009425901
0.009314195
0.009643555
0.009254311
945.0
12.756614
12055.0
0.033596016
0.0037328908
0.0027374534
0.0019908752
0.0034840314
0.007963501
0.003235172
0.0029863128
0.0039817505
0.0026545003
0.0022397346
0.0023226878
0.0033181251
0.004811282
0.008461219
0.003069266
0.010037329
0.008129407
0.009871422
0.009041891
0.008710079
0.011447532
0.010949814
0.009207797
0.012940688
0.014267938
0.011530485
0.011364579
0.009788469
0.012857735
0.017088344
0.010618001
0.007051016
0.012940688
0.010949814
0.012111157
0.010618001
0.011530485
0.013189548
0.009622564
0.009041891
0.009788469
0.006221485
0.0073828287
0.00953961
0.008461219
0.011447532
0.006470344
0.008295313
0.006470344
0.008295313
0.0097055165
0.0060555786
0.006968063
0.008378266
0.004562422
0.004396516
0.0046453755
0.0031522189
0.0034840314
0.0042306096
0.0053090006
0.0044794693
0.0072998754
0.0039817505
0.026462048
0.009207797
0.01667358
0.017420158
0.04736624
0.011530485
0.010535047
0.014931563
0.025632517
0.004811282
0.008710079
0.030360846
0.012857735
0.027872251
0.027374534
0.015512235
0.0053919535
0.024968892
0.020904189
0.035420988
0.015180423
0.008046454
0.0067192037
0.010120282
0.007548735
0.0046453755
0.0051430943
0.009290751
0.0060555786
0.0044794693
0.004313563
6.2513494
0.0
0.0
0.0
4.0
435581.0
503808.0
1.0
0.0
62.0
0.0
1.0
0.0
0.0
0.0
3109615900.0
0.0
0.0
0.0
0.0
0.0
1.0
0.0
0.0
0.0
0.0
0.0
0.0
-1.0
1.0
-1.0
-1.0
0.0
0.0
0.0
0.0
0.0
0.0
0.0
0.0
0.0
0.0
0.0
0.0
-1.0
0.0
0.0
0.0
0.0
0.0
0.0
0.0
0.0
0.0
0.0
0.0
0.0
-1.0
0.0
0.0
0.0
0.0
0.0
0.0
0.0
0.0
0.0
0.0
6.0
0.0
4.0
0.0
4.0
0.0
155648.0
4096.0
4096.0
6.0
0.0
0.0
2.0
4.0
0.0
0.0
0.0
0.0
0.0
-225280.0
0.0
0.0
0.0
0.0
0.0
0.0
0.0
0.0
8192.0
0.0
0.0
0.0
0.0
0.0
0.0
0.0
0.0
0.0
0.0
0.0
0.0
0.0
0.0
0.0
0.0
0.0
-16384.0
0.0
0.0
0.0
0.0
0.0
0.0
0.0
0.0
-155648.0
-4096.0
16384.0
0.0
0.0
0.0
0.0
0.0
0.0
0.0
0.0
0.0
0.0
0.0
-3.5301883
0.0
0.0
0.0
0.0
0.0
0.0
0.0
0.0
4.965391
0.0
0.0
0.0
0.0
0.0
0.0
0.0
0.0
0.0
0.0
0.0
0.0
0.0
0.0
0.0
0.0
0.0
-0.4438243
0.0
0.0
0.0
0.0
0.0
0.0
0.0
0.0
-3.9016533
-4.1785336
2.9164298
0.0
0.0
0.0
0.0
0.0
0.0
0.0
0.0
0.0
0.0
0.0
-225280.0
0.0
0.0
0.0
0.0
0.0
0.0
0.0
0.0
6805.0
0.0
0.0
0.0
0.0
0.0
0.0
0.0
0.0
0.0
0.0
0.0
0.0
0.0
0.0
0.0
0.0
0.0
-87716.0
0.0
0.0
0.0
0.0
0.0
0.0
0.0
0.0
-155648.0
-2532.0
13404.0
0.0
0.0
0.0
0.0
0.0
0.0
0.0
0.0
0.0
-1.0
0.0
0.0
0.0
0.0
0.0
1.0
0.0
0.0
0.0
0.0
0.0
0.0
0.0
0.0
0.0
0.0
0.0
0.0
0.0
0.0
0.0
0.0
0.0
0.0
0.0
0.0
0.0
0.0
0.0
0.0
0.0
0.0
0.0
0.0
0.0
-2.0
0.0
0.0
0.0
1.0
0.0
0.0
0.0
0.0
0.0
0.0
1.0
0.0
0.0
0.0
0.0
0.0
0.0
0.0
0.0
0.0
0.0
0.0
0.0
-1.0
0.0
0.0
0.0
0.0
0.0
0.0
0.0
0.0
0.0
1.0
0.0
0.0
0.0
0.0
1.0
0.0
0.0
0.0
0.0
0.0
0.0
0.0
0.0
1.0
0.0
0.0
0.0
0.0
0.0
0.0
0.0
0.0
0.0
0.0
0.0
0.0
0.0
0.0
0.0
0.0
0.0
0.0
0.0
0.0
0.0
0.0
0.0
0.0
0.0
0.0
0.0
0.0
0.0
0.0
0.0
0.0
0.0
0.0
0.0
0.0
0.0
0.0
0.0
0.0
0.0
0.0
-1.0
0.0
0.0
0.0
0.0
0.0
0.0
0.0
0.0
0.0
0.0
0.0
0.0
-1.0
0.0
0.0
0.0
0.0
0.0
0.0
0.0
0.0
0.0
0.0
0.0
0.0
0.0
0.0
0.0
0.0
0.0
0.0
0.0
0.0
0.0
0.0
0.0
0.0
0.0
0.0
0.0
0.0
0.0
0.0
0.0
0.0
0.0
0.0
0.0
0.0
0.0
0.0
0.0
0.0
0.0
0.0
0.0
0.0
0.0
0.0
0.0
0.0
0.0
0.0
0.0
0.0
0.0
0.0
0.0
0.0
-1.0
0.0
0.0
0.0
0.0
0.0
0.0
0.0
0.0
0.0
0.0
0.0
0.0
0.0
0.0
0.0
0.0
1.0
0.0
0.0
0.0
0.0
0.0
0.0
0.0
0.0
0.0
0.0
0.0
0.0
0.0
0.0
0.0
0.0
0.0
0.0
0.0
0.0
0.0
0.0
0.0
0.0
0.0
0.0
0.0
0.0
0.0
0.0
0.0
0.0
0.0
0.0
0.0
0.0
0.0
0.0
0.0
0.0
0.0
0.0
0.0
0.0
0.0
0.0
0.0
0.0
0.0
0.0
0.0
0.0
0.0
0.0
0.0
0.0
0.0
0.0
0.0
0.0
0.0
0.0
0.0
0.0
0.0
0.0
0.0
0.0
0.0
0.0
0.0
0.0
0.0
0.0
0.0
0.0
0.0
0.0
0.0
0.0
0.0
0.0
0.0
0.0
0.0
0.0
0.0
0.0
0.0
0.0
0.0
0.0
0.0
0.0
0.0
0.0
0.0
0.0
0.0
0.0
0.0
0.0
0.0
0.0
0.0
0.0
0.0
0.0
0.0
0.0
0.0
0.0
0.0
0.0
0.0
0.0
0.0
0.0
0.0
0.0
0.0
0.0
0.0
0.0
0.0
0.0
0.0
0.0
0.0
0.0
0.0
0.0
0.0
0.0
0.0
0.0
0.0
0.0
0.0
0.0
0.0
0.0
0.0
0.0
0.0
0.0
0.0
0.0
0.0
0.0
0.0
1.0
0.0
0.0
0.0
0.0
0.0
0.0
0.0
0.0
0.0
0.0
0.0
0.0
0.0
0.0
0.0
0.0
0.0
0.0
0.0
0.0
0.0
0.0
0.0
0.0
0.0
0.0
0.0
0.0
-1.0
0.0
0.0
0.0
0.0
0.0
0.0
0.0
0.0
0.0
0.0
0.0
0.0
0.0
0.0
0.0
0.0
0.0
0.0
0.0
0.0
0.0
0.0
0.0
0.0
0.0
0.0
0.0
0.0
0.0
0.0
0.0
0.0
0.0
0.0
0.0
0.0
0.0
0.0
0.0
0.0
0.0
0.0
0.0
0.0
0.0
0.0
0.0
0.0
0.0
0.0
0.0
0.0
0.0
0.0
0.0
0.0
0.0
0.0
0.0
0.0
1.0
0.0
0.0
1.0
0.0
0.0
0.0
0.0
0.0
0.0
0.0
0.0
0.0
0.0
0.0
0.0
0.0
0.0
0.0
0.0
0.0
0.0
0.0
0.0
0.0
0.0
0.0
0.0
-1.0
0.0
0.0
0.0
0.0
0.0
0.0
0.0
0.0
0.0
0.0
0.0
0.0
0.0
0.0
0.0
0.0
0.0
0.0
0.0
0.0
0.0
0.0
0.0
0.0
0.0
0.0
0.0
0.0
0.0
0.0
0.0
0.0
0.0
0.0
0.0
0.0
0.0
0.0
0.0
0.0
0.0
0.0
0.0
0.0
0.0
0.0
0.0
0.0
0.0
0.0
0.0
0.0
0.0
0.0
0.0
0.0
0.0
0.0
0.0
0.0
0.0
0.0
0.0
0.0
0.0
0.0
0.0
0.0
0.0
0.0
0.0
0.0
0.0
0.0
0.0
0.0
0.0
0.0
0.0
0.0
0.0
0.0
0.0
0.0
0.0
0.0
0.0
0.0
0.0
-1.0
0.0
0.0
0.0
0.0
0.0
0.0
0.0
0.0
0.0
0.0
0.0
0.0
0.0
0.0
0.0
0.0
0.0
0.0
0.0
0.0
0.0
0.0
0.0
0.0
0.0
0.0
0.0
0.0
0.0
0.0
1.0
0.0
0.0
0.0
0.0
0.0
0.0
0.0
0.0
0.0
0.0
0.0
0.0
0.0
0.0
0.0
-1.0
0.0
0.0
0.0
0.0
0.0
0.0
0.0
0.0
0.0
0.0
0.0
-1.0
0.0
-1.0
0.0
0.0
0.0
0.0
0.0
0.0
0.0
0.0
0.0
0.0
0.0
0.0
0.0
0.0
0.0
0.0
0.0
0.0
0.0
0.0
0.0
0.0
0.0
0.0
0.0
0.0
0.0
0.0
0.0
0.0
0.0
0.0
0.0
0.0
0.0
0.0
0.0
0.0
0.0
0.0
-1.0
0.0
0.0
1.0
0.0
0.0
0.0
0.0
0.0
0.0
0.0
0.0
0.0
0.0
0.0
0.0
0.0
0.0
0.0
0.0
0.0
0.0
0.0
0.0
0.0
0.0
0.0
0.0
0.0
0.0
0.0
0.0
0.0
0.0
0.0
0.0
0.0
0.0
0.0
0.0
0.0
0.0
0.0
0.0
0.0
0.0
0.0
-1.0
0.0
0.0
0.0
-1.0
0.0
0.0
0.0
0.0
0.0
0.0
0.0
0.0
0.0
0.0
0.0
0.0
0.0
0.0
0.0
0.0
0.0
0.0
0.0
0.0
0.0
0.0
0.0
0.0
0.0
0.0
0.0
0.0
0.0
0.0
0.0
0.0
0.0
0.0
1.0
0.0
0.0
0.0
0.0
0.0
0.0
0.0
0.0
0.0
0.0
-1.0
0.0
1.0
0.0
0.0
0.0
0.0
0.0
0.0
0.0
0.0
0.0
0.0
0.0
0.0
0.0
0.0
0.0
0.0
0.0
0.0
0.0
0.0
0.0
0.0
0.0
0.0
0.0
0.0
0.0
0.0
1.0
0.0
0.0
0.0
0.0
0.0
0.0
0.0
0.0
0.0
0.0
0.0
0.0
0.0
0.0
0.0
0.0
0.0
0.0
0.0
0.0
0.0
0.0
0.0
0.0
0.0
0.0
0.0
0.0
0.0
0.0
0.0
0.0
0.0
0.0
0.0
0.0
0.0
0.0
-1.0
0.0
0.0
0.0
0.0
0.0
0.0
0.0
0.0
0.0
0.0
0.0
0.0
0.0
0.0
0.0
0.0
0.0
0.0
-1.0
0.0
0.0
0.0
0.0
0.0
0.0
0.0
0.0
0.0
0.0
0.0
0.0
0.0
0.0
0.0
0.0
0.0
0.0
0.0
0.0
0.0
0.0
0.0
0.0
0.0
0.0
0.0
0.0
0.0
0.0
0.0
0.0
0.0
0.0
0.0
0.0
0.0
0.0
0.0
0.0
0.0
0.0
0.0
0.0
0.0
0.0
0.0
0.0
0.0
0.0
0.0
0.0
1.0
0.0
0.0
0.0
0.0
0.0
0.0
0.0
0.0
0.0
0.0
0.0
0.0
0.0
0.0
0.0
1.0
0.0
0.0
-2.0
0.0
0.0
0.0
0.0
0.0
0.0
0.0
0.0
0.0
0.0
1.0
0.0
0.0
0.0
1.0
0.0
0.0
1.0
-1.0
0.0
0.0
0.0
0.0
0.0
0.0
0.0
0.0
0.0
0.0
0.0
-1.0
-1.0
0.0
0.0
0.0
0.0
0.0
1.0
0.0
0.0
0.0
0.0
0.0
0.0
0.0
0.0
0.0
0.0
0.0
0.0
0.0
0.0
0.0
0.0
0.0
1.0
0.0
1.0
0.0
0.0
0.0
0.0
0.0
1.0
0.0
0.0
0.0
0.0
0.0
0.0
0.0
0.0
-1.0
0.0
0.0
0.0
0.0
0.0
0.0
0.0
0.0
0.0
0.0
0.0
0.0
0.0
0.0
1.0
0.0
0.0
0.0
0.0
0.0
0.0
0.0
0.0
0.0
1.0
0.0
0.0
0.0
0.0
0.0
0.0
0.0
0.0
0.0
0.0
0.0
0.0
0.0
0.0
0.0
0.0
0.0
0.0
0.0
0.0
0.0
0.0
0.0
0.0
0.0
0.0
0.0
0.0
0.0
0.0
0.0
0.0
0.0
0.0
0.0
0.0
0.0
0.0
-1.0
0.0
0.0
0.0
0.0
0.0
0.0
0.0
0.0
0.0
0.0
0.0
0.0
0.0
0.0
0.0
0.0
0.0
0.0
-1.0
0.0
0.0
0.0
0.0
1.0
0.0
0.0
0.0
0.0
0.0
0.0
1.0
0.0
0.0
0.0
0.0
0.0
0.0
0.0
0.0
0.0
0.0
0.0
0.0
0.0
0.0
0.0
0.0
0.0
0.0
0.0
0.0
-1.0
0.0
0.0
0.0
0.0
0.0
0.0
0.0
0.0
0.0
0.0
0.0
0.0
0.0
-1.0
-1.0
0.0
0.0
0.0
0.0
0.0
0.0
0.0
0.0
0.0
-1.0
0.0
0.0
0.0
0.0
0.0
0.0
0.0
0.0
0.0
0.0
0.0
-1.0
0.0
0.0
1.0
0.0
0.0
0.0
0.0
0.0
0.0
0.0
0.0
0.0
0.0
0.0
0.0
0.0
0.0
0.0
0.0
-1.0
0.0
-1.0
1.0
0.0
0.0
0.0
0.0
1.0
0.0
0.0
0.0
0.0
0.0
0.0
0.0
0.0
0.0
0.0
0.0
0.0
1.0
0.0
0.0
0.0
-1.0
0.0
0.0
0.0
0.0
0.0
0.0
0.0
0.0
1.0
0.0
0.0
0.0
0.0
0.0
0.0
0.0
0.0
0.0
0.0
0.0
0.0
0.0
0.0
0.0
0.0
0.0
0.0
0.0
0.0
0.0
0.0
0.0
0.0
-1.0
0.0
0.0
0.0
0.0
0.0
0.0
0.0
0.0
0.0
0.0
0.0
0.0
0.0
0.0
0.0
0.0
0.0
0.0
0.0
0.0
0.0
0.0
-1.0
0.0
0.0
0.0
0.0
0.0
0.0
0.0
0.0
0.0
0.0
0.0
0.0
0.0
0.0
0.0
0.0
0.0
0.0
0.0
0.0
0.0
0.0
0.0
-1.0
0.0
0.0
0.0
0.0
0.0
0.0
0.0
0.0
0.0
0.0
0.0
0.0
0.0
0.0
0.0
0.0
0.0
0.0
0.0
0.0
0.0
0.0
0.0
0.0
0.0
-1.0
-1.0
0.0
0.0
0.0
0.0
0.0
0.0
0.0
0.0
0.0
0.0
0.0
0.0
0.0
0.0
0.0
0.0
0.0
0.0
0.0
0.0
0.0
0.0
0.0
0.0
-1.0
0.0
0.0
0.0
0.0
0.0
0.0
0.0
0.0
0.0
0.0
0.0
0.0
0.0
0.0
0.0
0.0
0.0
0.0
0.0
0.0
0.0
0.0
0.0
0.0
0.0
0.0
0.0
0.0
0.0
0.0
0.0
0.0
0.0
0.0
0.0
0.0
0.0
0.0
0.0
0.0
0.0
0.0
0.0
0.0
0.0
0.0
0.0
0.0
0.0
0.0
0.0
0.0
0.0
0.0
0.0
0.0
0.0
0.0
0.0
0.0
0.0
0.0
0.0
0.0
0.0
0.0
0.0
0.0
0.0
0.0
0.0
0.0
0.0
0.0
0.0
0.0
0.0
0.0
0.0
0.0
0.0
0.0
0.0
0.0
0.0
0.0
0.0
0.0
0.0
0.0
0.0
0.0
0.0
0.0
0.0
0.0
0.0
0.0
0.0
0.0
0.0
0.0
0.0
0.0
0.0
0.0
0.0
0.0
0.0
0.0
0.0
0.0
0.0
0.0
0.0
0.0
0.0
0.0
0.0
0.0
0.0
0.0
0.0
0.0
0.0
0.0
0.0
0.0
0.0
0.0
0.0
0.0
0.0
0.0
0.0
0.0
0.0
0.0
0.0
0.0
0.0
0.0
0.0
0.0
0.0
0.0
0.0
0.0
0.0
0.0
0.0
0.0
0.0
0.0
0.0
0.0
0.0
0.0
0.0
0.0
0.0
0.0
0.0
0.0
0.0
0.0
0.0
0.0
100.0
258048.0
13404.0
262144.0
0.0
0.0
0.0
0.0
0.0
0.0
28.0
159744.0
0.0
0.0
0.0
0.0
0.0
0.0
0.0
0.0
0.0
0.0
468.0
258616.0
0.0
0.0
0.0
0.0
