0.23042506
0.005113455
0.0047050887
0.004172437
0.0035510103
0.0028408081
0.0034977451
0.002450197
0.0028940733
0.0023081566
0.0028230532
0.0029473386
0.0033201945
0.0024857072
0.0028940733
0.0026632578
0.0035332553
0.0021838713
0.0028052982
0.002752033
0.0032314193
0.0028763183
0.0025922374
0.002716523
0.003053869
0.002769788
0.002769788
0.0022904016
0.0020595859
0.0028052982
0.002361422
0.0019885658
0.0036575405
0.0029295834
0.0023436667
0.0022193815
0.0033557047
0.0022193815
0.0026810127
0.0022193815
0.0029650936
0.0022904016
0.0026632578
0.002450197
0.0028940733
0.002112851
0.0025922374
0.0023969319
0.0033201945
0.0028585633
0.0028763183
0.0023436667
0.003124889
0.0026099926
0.0030716239
0.0025212173
0.0022726466
0.0033201945
0.0024679522
0.0026455026
0.0029828486
0.0028763183
0.0031959093
0.0026987677
0.0031426442
0.0047938637
0.0028052982
0.00347999
0.0029295834
0.00344448
0.003781826
0.002716523
0.0028940733
0.0040303967
0.0031426442
0.002769788
0.0029295834
0.0030893788
0.003462235
0.0026099926
0.0032136643
0.0036220304
0.0029118285
0.0031959093
0.0030183587
0.0042612124
0.0039948868
0.0033379497
0.0030893788
0.0035687652
0.0026987677
0.0029473386
0.0025922374
0.0033912149
0.0035510103
0.0027342779
0.0033557047
0.004563048
0.0029828486
0.0036220304
0.0039771316
0.004421008
0.004580803
0.0030893788
0.0035155
0.0038706013
0.0023969319
0.0030893788
0.004243457
0.0032491744
0.0039948868
0.0028585633
0.0032136643
0.0032136643
0.0032669294
0.0026277476
0.0039061112
0.0035155
0.0026987677
0.0028230532
0.0029295834
0.003053869
0.0031781541
0.0018642804
0.0031781541
0.0033557047
0.0026632578
0.0025034621
0.0043677427
0.0030716239
0.0036930507
0.0035687652
0.0037108057
0.0033734597
0.004154682
0.0028408081
0.0033024396
0.0036397856
0.0032491744
0.0025567275
0.004136927
0.0030006038
0.0028230532
0.0030361137
0.0039238664
0.0029650936
0.0036752955
0.0025389723
0.0033557047
0.0037285609
0.002752033
0.0023969319
0.0037108057
0.004900394
0.0028230532
0.00175775
0.0018820354
0.0019530556
0.0022726466
0.0021483612
0.0030716239
0.002414687
0.0028763183
0.002379177
0.002432442
0.0026277476
0.002769788
0.002024076
0.0032314193
0.0022726466
0.0030893788
0.0029828486
0.0029295834
0.002077341
0.0028585633
0.002450197
0.0034267248
0.002769788
0.0023081566
0.0025922374
0.0021483612
0.002787543
0.0021483612
0.0023969319
0.0025212173
0.0023969319
0.002414687
0.0026455026
0.0021661161
0.0019885658
0.0028052982
0.0025922374
0.0026455026
0.0028940733
0.0029295834
0.002716523
0.0032846844
0.0030006038
0.003124889
0.002432442
0.0022548914
0.0022904016
0.0022193815
0.0023969319
0.0034267248
0.0023081566
0.0022016263
0.0025922374
0.002361422
0.0022193815
0.0020063207
0.0026099926
0.0025744825
0.0026099926
0.0023081566
0.002361422
0.0028940733
0.002716523
0.0025389723
0.0017932602
0.0022193815
0.002769788
0.0018287703
0.0023436667
0.0029118285
0.0022548914
0.002769788
0.002361422
0.0022371365
0.002379177
0.0029650936
0.0021483612
0.0020595859
0.0025922374
0.002414687
0.0026987677
0.002787543
0.0020595859
0.0022371365
0.0025744825
0.002450197
0.0024679522
0.003107134
0.002379177
0.0020595859
0.0029295834
0.0022016263
0.002095096
0.003107134
0.002414687
0.0022016263
0.0028585633
0.002787543
0.0022016263
0.0033557047
0.03813785
0.055555556
0.0
0.0
0.0
0.0
0.0
0.0
0.0
0.0
0.0
0.0
0.0
0.0
0.0
0.0
0.0
0.03516529
9.94647e-05
0.00021701389
0.00011754919
0.00012659143
0.0001808449
0.00047019677
0.00025318286
9.94647e-05
9.042245e-06
2.7126736e-05
1.808449e-05
7.233796e-05
3.616898e-05
6.3295716e-05
8.138021e-05
0.0
0.0
0.0
0.0
0.0
0.0
0.0
0.0
0.0
0.0
0.0
0.0
0.0
0.0
0.0
0.0
0.016013816
3.616898e-05
4.5211225e-05
3.616898e-05
8.138021e-05
1.808449e-05
6.3295716e-05
3.616898e-05
0.00011754919
0.00028935185
7.233796e-05
0.00013563369
0.00030743633
0.00012659143
0.00015371817
0.0009856047
0.046648946
0.00022605613
0.00030743633
0.0005787037
0.00081380206
0.00042498554
0.0021520543
0.0010850695
0.00025318286
0.00023509839
0.00016276042
0.0002622251
0.00013563369
0.00022605613
0.000108506945
0.0019350405
0.0139341
5.4253473e-05
0.00022605613
0.00033456308
0.00034360532
0.00020797165
0.0013292101
0.0005787037
9.042245e-06
1.808449e-05
2.7126736e-05
1.808449e-05
0.0
0.0
9.042245e-06
0.0014286748
0.0
0.0
0.0
0.0
0.0
0.0
0.0
0.0
0.0
0.0
0.0
0.0
0.0
0.0
0.0
0.0
0.0
0.0
0.0
0.0
0.0
0.0
0.0
0.0
0.0
0.0
0.0
0.0
0.0
0.0
0.0
0.0
0.009295428
6.3295716e-05
0.000108506945
0.00011754919
0.0001808449
4.5211225e-05
0.00012659143
9.042245e-05
0.0001989294
0.00096752023
0.00018988716
0.00032552084
0.0005967882
0.0004611545
0.0005787037
0.005172164
0.026331019
0.0003978588
0.00047019677
0.00042498554
0.00045211226
0.00044307002
0.0007776331
0.0012568721
0.0020797164
0.0035264757
0.0015643084
0.0016818576
0.0021520543
0.0019712094
0.0029296875
0.027615018
0.006438079
0.00013563369
0.00014467593
9.94647e-05
0.00011754919
9.94647e-05
0.00014467593
0.0008770978
0.0015281395
0.00025318286
0.0001808449
0.0001808449
0.00033456308
0.0005967882
0.0015733507
0.005814164
0.016194662
0.0006962529
0.00076859083
0.0016547309
0.0023600261
0.0022334347
0.0035536024
0.0024414062
0.0022696035
0.0012478299
0.00068721065
0.0007957176
0.000587746
0.00038881655
0.00048828125
0.00066912617
0.008083767
0.00063295715
0.0009313513
0.005976924
0.0083550345
0.008264612
0.011483652
0.008445458
0.00869864
0.0054343897
0.0020978008
0.002242477
0.0016366465
0.0007957176
0.0004973235
0.0004973235
0.0
0.0
0.0
0.0
0.0
0.0
0.0
0.0
0.0
0.0
0.0
0.0
0.0
0.0
0.0
0.0
0.0
0.0
0.0
0.0
0.0
0.0
0.0
0.0
0.0
0.0
0.0
0.0
0.0
0.0
0.0
0.0
0.043230977
0.04115126
0.039216217
0.03599718
0.03901729
0.04010236
0.036702473
0.032226562
0.03878219
0.03464084
0.03782371
0.03466797
0.03725405
0.03410735
0.033754703
0.03391746
315.0
11.479365
3616.0
0.006084071
0.005807522
0.0022123894
0.0038716814
0.0035951328
0.0035951328
0.006084071
0.0044247787
0.005807522
0.0038716814
0.0038716814
0.003318584
0.0049778763
0.0035951328
0.00414823
0.0027654867
0.0049778763
0.008019911
0.006637168
0.0052544246
0.0049778763
0.007743363
0.017975664
0.013550885
0.006084071
0.02074115
0.0088495575
0.014103983
0.009402655
0.015486726
0.02488938
0.00829646
0.008573009
0.026272124
0.009679204
0.014933628
0.009402655
0.015210177
0.027378319
0.014380531
0.0102323005
0.022123894
0.011338496
0.012168142
0.0071902657
0.014657079
0.022123894
0.009402655
0.009955753
0.017422566
0.007743363
0.013274336
0.0055309734
0.010785398
0.012721239
0.0063606193
0.0063606193
0.0052544246
0.0038716814
0.0030420355
0.0049778763
0.0052544246
0.006084071
0.006084071
0.005807522
0.009955753
0.0052544246
0.0088495575
0.017422566
0.019911505
0.011061947
0.010508849
0.015763273
0.009955753
0.0071902657
0.0071902657
0.026272124
0.018252213
0.020464601
0.011615044
0.014103983
0.007466814
0.013550885
0.009402655
0.02488938
0.017146017
0.009955753
0.009679204
0.013274336
0.005807522
0.0088495575
0.00414823
0.020464601
0.014103983
0.008573009
0.00829646
6.353842
0.0
0.0
0.0
2.0
56322.0
311296.0
0.0
0.0
4.0
0.0
1.0
0.0
0.0
0.0
1005528260.0
0.0
0.0
0.0
0.0
0.0
1.0
0.0
0.0
0.0
0.0
0.0
0.0
-1.0
0.0
-1.0
-1.0
0.0
0.0
0.0
0.0
0.0
0.0
0.0
0.0
0.0
0.0
0.0
0.0
-1.0
0.0
0.0
0.0
0.0
0.0
0.0
0.0
0.0
0.0
0.0
0.0
0.0
-1.0
0.0
0.0
0.0
0.0
0.0
0.0
0.0
0.0
13.0
18.0
8.0
0.0
4.0
0.0
4.0
0.0
50688.0
1024.0
4096.0
3.0
0.0
1.0
2.0
1.0
34304.0
0.0
0.0
0.0
0.0
385.0
0.0
0.0
0.0
0.0
0.0
0.0
0.0
0.0
0.0
0.0
0.0
0.0
0.0
0.0
0.0
0.0
0.0
0.0
0.0
0.0
0.0
0.0
0.0
0.0
0.0
0.0
0.0
0.0
0.0
0.0
0.0
0.0
0.0
0.0
0.0
0.0
0.0
16384.0
0.0
0.0
0.0
0.0
0.0
0.0
7.9596086
0.0
0.0
0.0
0.0
4.039924
0.0
0.0
0.0
0.0
0.0
0.0
0.0
0.0
0.0
0.0
0.0
0.0
0.0
0.0
0.0
0.0
0.0
0.0
0.0
0.0
0.0
0.0
0.0
0.0
0.0
0.0
0.0
0.0
0.0
0.0
0.0
0.0
0.0
0.0
0.0
0.0
0.0
2.4906147
0.0
0.0
0.0
0.0
0.0
0.0
258048.0
0.0
0.0
0.0
0.0
385.0
0.0
0.0
0.0
0.0
0.0
0.0
0.0
0.0
0.0
0.0
0.0
0.0
0.0
0.0
0.0
0.0
0.0
0.0
0.0
0.0
0.0
0.0
0.0
0.0
0.0
0.0
0.0
0.0
0.0
0.0
0.0
0.0
0.0
0.0
0.0
0.0
0.0
45056.0
0.0
0.0
0.0
0.0
0.0
0.0
0.0
0.0
0.0
0.0
0.0
0.0
0.0
0.0
0.0
0.0
0.0
0.0
0.0
0.0
0.0
0.0
0.0
0.0
0.0
0.0
0.0
0.0
0.0
0.0
0.0
0.0
0.0
0.0
0.0
0.0
0.0
0.0
0.0
0.0
0.0
0.0
0.0
0.0
0.0
0.0
0.0
0.0
0.0
0.0
0.0
0.0
0.0
0.0
0.0
0.0
1.0
0.0
0.0
0.0
0.0
0.0
0.0
0.0
0.0
0.0
0.0
0.0
0.0
-1.0
0.0
0.0
0.0
0.0
0.0
0.0
0.0
0.0
0.0
1.0
0.0
0.0
0.0
0.0
1.0
0.0
0.0
0.0
0.0
0.0
0.0
0.0
0.0
0.0
0.0
0.0
0.0
0.0
0.0
0.0
0.0
0.0
0.0
0.0
0.0
0.0
0.0
0.0
0.0
0.0
0.0
0.0
0.0
0.0
0.0
0.0
0.0
0.0
0.0
0.0
0.0
0.0
0.0
0.0
0.0
0.0
0.0
0.0
0.0
0.0
0.0
0.0
0.0
0.0
0.0
0.0
-1.0
0.0
0.0
0.0
0.0
0.0
0.0
0.0
0.0
0.0
0.0
0.0
0.0
-1.0
0.0
0.0
0.0
0.0
0.0
0.0
0.0
0.0
0.0
0.0
0.0
0.0
0.0
0.0
0.0
0.0
0.0
0.0
0.0
0.0
0.0
0.0
0.0
0.0
0.0
0.0
0.0
0.0
0.0
0.0
0.0
0.0
0.0
0.0
0.0
0.0
0.0
0.0
0.0
0.0
0.0
0.0
0.0
0.0
0.0
0.0
0.0
0.0
0.0
0.0
0.0
0.0
0.0
0.0
0.0
0.0
-1.0
0.0
0.0
0.0
0.0
0.0
0.0
0.0
0.0
0.0
0.0
0.0
0.0
0.0
0.0
0.0
0.0
1.0
0.0
0.0
0.0
0.0
0.0
0.0
0.0
0.0
0.0
0.0
0.0
0.0
0.0
0.0
0.0
0.0
0.0
0.0
0.0
0.0
0.0
0.0
0.0
0.0
0.0
0.0
0.0
0.0
0.0
0.0
0.0
0.0
0.0
0.0
0.0
0.0
0.0
0.0
0.0
0.0
0.0
0.0
0.0
0.0
0.0
0.0
0.0
0.0
0.0
0.0
0.0
0.0
0.0
0.0
0.0
0.0
0.0
0.0
0.0
0.0
0.0
0.0
0.0
0.0
0.0
0.0
0.0
0.0
0.0
0.0
0.0
0.0
0.0
0.0
0.0
0.0
0.0
0.0
0.0
0.0
0.0
0.0
0.0
0.0
0.0
0.0
0.0
0.0
0.0
0.0
0.0
0.0
0.0
0.0
0.0
0.0
0.0
0.0
0.0
0.0
0.0
0.0
0.0
0.0
0.0
0.0
0.0
0.0
0.0
0.0
0.0
0.0
0.0
0.0
0.0
0.0
0.0
0.0
0.0
0.0
0.0
0.0
0.0
0.0
0.0
0.0
0.0
0.0
0.0
0.0
0.0
0.0
0.0
0.0
0.0
0.0
0.0
0.0
0.0
0.0
0.0
0.0
0.0
0.0
0.0
0.0
0.0
0.0
0.0
0.0
0.0
0.0
0.0
0.0
0.0
0.0
0.0
0.0
0.0
0.0
0.0
0.0
0.0
0.0
0.0
0.0
0.0
0.0
0.0
0.0
0.0
0.0
0.0
0.0
0.0
0.0
0.0
0.0
0.0
0.0
0.0
0.0
0.0
0.0
0.0
0.0
0.0
0.0
0.0
0.0
0.0
0.0
0.0
0.0
0.0
0.0
0.0
0.0
0.0
0.0
0.0
0.0
0.0
0.0
0.0
0.0
0.0
0.0
0.0
0.0
0.0
0.0
0.0
0.0
0.0
0.0
0.0
0.0
0.0
0.0
0.0
0.0
0.0
0.0
0.0
0.0
0.0
0.0
0.0
0.0
0.0
0.0
0.0
0.0
0.0
0.0
0.0
0.0
0.0
0.0
0.0
0.0
0.0
0.0
0.0
0.0
0.0
0.0
0.0
0.0
0.0
0.0
0.0
0.0
0.0
0.0
0.0
0.0
0.0
0.0
0.0
0.0
0.0
0.0
0.0
0.0
0.0
0.0
0.0
0.0
0.0
0.0
0.0
0.0
0.0
0.0
0.0
0.0
0.0
0.0
0.0
0.0
0.0
0.0
0.0
0.0
0.0
0.0
0.0
0.0
0.0
0.0
0.0
0.0
0.0
0.0
0.0
0.0
0.0
0.0
0.0
0.0
0.0
0.0
0.0
0.0
0.0
0.0
0.0
0.0
0.0
0.0
0.0
0.0
0.0
0.0
0.0
0.0
0.0
0.0
0.0
0.0
0.0
0.0
0.0
0.0
0.0
0.0
0.0
0.0
0.0
0.0
0.0
0.0
0.0
0.0
0.0
0.0
0.0
0.0
0.0
0.0
0.0
0.0
0.0
0.0
0.0
0.0
0.0
0.0
0.0
0.0
0.0
0.0
0.0
0.0
0.0
0.0
0.0
0.0
0.0
0.0
0.0
0.0
0.0
0.0
0.0
0.0
0.0
0.0
0.0
0.0
0.0
0.0
0.0
0.0
0.0
0.0
0.0
0.0
0.0
0.0
0.0
0.0
0.0
0.0
0.0
0.0
0.0
0.0
0.0
0.0
0.0
0.0
0.0
0.0
0.0
0.0
0.0
0.0
0.0
0.0
0.0
0.0
0.0
0.0
0.0
0.0
0.0
0.0
0.0
0.0
0.0
0.0
0.0
0.0
0.0
0.0
0.0
0.0
0.0
0.0
0.0
0.0
0.0
0.0
0.0
0.0
0.0
0.0
0.0
0.0
0.0
0.0
0.0
0.0
0.0
0.0
0.0
0.0
0.0
0.0
0.0
0.0
0.0
0.0
0.0
0.0
0.0
0.0
0.0
0.0
0.0
0.0
0.0
0.0
0.0
0.0
0.0
0.0
0.0
0.0
0.0
0.0
0.0
0.0
0.0
0.0
0.0
0.0
0.0
0.0
0.0
0.0
0.0
0.0
0.0
0.0
0.0
0.0
0.0
0.0
0.0
0.0
0.0
0.0
0.0
0.0
0.0
0.0
0.0
0.0
0.0
0.0
0.0
0.0
0.0
0.0
0.0
0.0
0.0
0.0
0.0
0.0
0.0
0.0
0.0
0.0
0.0
0.0
0.0
0.0
0.0
0.0
0.0
0.0
0.0
0.0
0.0
0.0
0.0
0.0
0.0
0.0
0.0
0.0
0.0
0.0
0.0
0.0
0.0
0.0
0.0
0.0
0.0
0.0
0.0
0.0
0.0
0.0
0.0
0.0
0.0
0.0
0.0
0.0
0.0
1.0
0.0
0.0
0.0
0.0
0.0
0.0
0.0
0.0
0.0
0.0
0.0
0.0
1.0
0.0
0.0
0.0
0.0
0.0
0.0
0.0
0.0
0.0
0.0
0.0
0.0
0.0
0.0
0.0
0.0
0.0
0.0
0.0
0.0
0.0
0.0
0.0
0.0
0.0
0.0
0.0
0.0
0.0
0.0
0.0
0.0
0.0
0.0
0.0
0.0
0.0
0.0
0.0
0.0
0.0
0.0
0.0
0.0
0.0
0.0
0.0
0.0
0.0
0.0
0.0
0.0
0.0
0.0
0.0
0.0
0.0
0.0
0.0
0.0
0.0
0.0
0.0
0.0
0.0
0.0
0.0
0.0
0.0
0.0
0.0
0.0
0.0
0.0
0.0
0.0
0.0
0.0
0.0
0.0
0.0
0.0
0.0
0.0
0.0
0.0
0.0
0.0
0.0
0.0
0.0
0.0
0.0
0.0
0.0
0.0
0.0
0.0
0.0
0.0
0.0
0.0
0.0
0.0
0.0
0.0
0.0
0.0
0.0
0.0
0.0
0.0
0.0
0.0
0.0
0.0
0.0
0.0
0.0
0.0
0.0
0.0
0.0
0.0
0.0
0.0
0.0
0.0
0.0
0.0
0.0
0.0
0.0
0.0
0.0
0.0
0.0
0.0
0.0
0.0
0.0
0.0
0.0
0.0
0.0
0.0
0.0
0.0
0.0
0.0
0.0
0.0
0.0
0.0
0.0
0.0
0.0
0.0
0.0
0.0
0.0
0.0
0.0
0.0
0.0
0.0
0.0
0.0
0.0
0.0
0.0
0.0
0.0
0.0
0.0
0.0
0.0
0.0
0.0
0.0
0.0
0.0
0.0
0.0
0.0
0.0
0.0
0.0
0.0
0.0
0.0
0.0
0.0
0.0
0.0
0.0
0.0
0.0
0.0
0.0
0.0
0.0
0.0
0.0
0.0
0.0
0.0
0.0
0.0
0.0
0.0
0.0
0.0
0.0
0.0
0.0
0.0
0.0
0.0
0.0
0.0
0.0
0.0
0.0
0.0
0.0
0.0
0.0
0.0
0.0
0.0
0.0
0.0
0.0
0.0
0.0
0.0
0.0
0.0
0.0
0.0
0.0
0.0
0.0
0.0
0.0
0.0
0.0
0.0
0.0
0.0
0.0
0.0
0.0
0.0
0.0
0.0
0.0
0.0
0.0
0.0
0.0
0.0
0.0
0.0
0.0
0.0
0.0
0.0
0.0
0.0
0.0
0.0
0.0
0.0
0.0
0.0
0.0
0.0
0.0
0.0
0.0
0.0
0.0
0.0
0.0
0.0
0.0
0.0
0.0
0.0
0.0
0.0
0.0
0.0
0.0
0.0
0.0
0.0
0.0
0.0
0.0
0.0
0.0
0.0
0.0
0.0
0.0
0.0
0.0
0.0
0.0
0.0
0.0
-1.0
0.0
0.0
0.0
0.0
0.0
0.0
0.0
0.0
0.0
0.0
0.0
0.0
0.0
0.0
0.0
0.0
0.0
0.0
0.0
0.0
0.0
0.0
0.0
0.0
0.0
0.0
0.0
0.0
0.0
0.0
0.0
0.0
0.0
0.0
0.0
0.0
0.0
0.0
0.0
0.0
0.0
0.0
0.0
0.0
0.0
0.0
0.0
0.0
0.0
0.0
0.0
0.0
0.0
0.0
0.0
0.0
0.0
0.0
0.0
0.0
0.0
0.0
0.0
0.0
0.0
0.0
0.0
0.0
0.0
0.0
0.0
0.0
0.0
0.0
0.0
0.0
0.0
0.0
0.0
0.0
0.0
0.0
0.0
0.0
0.0
0.0
0.0
0.0
0.0
0.0
0.0
0.0
0.0
0.0
0.0
0.0
0.0
0.0
0.0
0.0
0.0
0.0
0.0
0.0
0.0
0.0
0.0
0.0
0.0
0.0
0.0
0.0
0.0
0.0
0.0
0.0
0.0
0.0
0.0
0.0
0.0
0.0
0.0
0.0
0.0
0.0
0.0
0.0
0.0
0.0
0.0
0.0
0.0
0.0
0.0
0.0
0.0
0.0
0.0
0.0
0.0
0.0
0.0
0.0
0.0
0.0
0.0
0.0
0.0
0.0
0.0
0.0
0.0
0.0
0.0
0.0
0.0
0.0
0.0
0.0
0.0
0.0
0.0
0.0
0.0
0.0
0.0
0.0
0.0
0.0
0.0
0.0
0.0
0.0
0.0
0.0
0.0
0.0
0.0
0.0
0.0
0.0
0.0
0.0
0.0
0.0
0.0
0.0
0.0
0.0
0.0
0.0
0.0
0.0
0.0
0.0
0.0
0.0
0.0
0.0
0.0
0.0
0.0
0.0
0.0
0.0
0.0
0.0
0.0
0.0
0.0
0.0
0.0
0.0
0.0
0.0
0.0
0.0
0.0
0.0
0.0
0.0
-1.0
0.0
0.0
0.0
0.0
0.0
0.0
0.0
0.0
0.0
0.0
0.0
0.0
0.0
0.0
0.0
0.0
0.0
0.0
0.0
0.0
0.0
0.0
0.0
0.0
0.0
0.0
0.0
0.0
0.0
0.0
0.0
0.0
0.0
0.0
0.0
0.0
0.0
0.0
0.0
0.0
0.0
0.0
0.0
0.0
0.0
0.0
0.0
0.0
0.0
0.0
0.0
0.0
0.0
0.0
0.0
0.0
0.0
0.0
0.0
0.0
0.0
0.0
0.0
0.0
0.0
0.0
0.0
0.0
0.0
0.0
0.0
0.0
0.0
0.0
0.0
0.0
0.0
0.0
0.0
0.0
0.0
0.0
0.0
0.0
0.0
0.0
0.0
0.0
0.0
0.0
0.0
0.0
0.0
0.0
0.0
0.0
0.0
0.0
0.0
0.0
0.0
0.0
0.0
0.0
0.0
0.0
0.0
0.0
0.0
0.0
0.0
0.0
0.0
0.0
0.0
0.0
0.0
0.0
0.0
0.0
0.0
0.0
0.0
0.0
0.0
0.0
0.0
0.0
0.0
0.0
0.0
0.0
0.0
0.0
0.0
0.0
0.0
0.0
0.0
0.0
0.0
0.0
0.0
0.0
0.0
0.0
0.0
0.0
0.0
0.0
0.0
0.0
0.0
0.0
0.0
0.0
0.0
0.0
0.0
0.0
0.0
0.0
0.0
0.0
0.0
0.0
0.0
0.0
0.0
0.0
0.0
0.0
0.0
0.0
0.0
0.0
0.0
0.0
0.0
0.0
0.0
0.0
0.0
0.0
0.0
0.0
0.0
0.0
0.0
0.0
0.0
0.0
0.0
100.0
307378.0
45056.0
262144.0
0.0
0.0
0.0
0.0
0.0
0.0
0.0
0.0
0.0
0.0
0.0
0.0
0.0
0.0
0.0
0.0
0.0
0.0
60.0
307478.0
0.0
0.0
0.0
0.0
