0.19452177
0.020078586
0.012575077
0.0073594684
0.01971681
0.0011590242
0.0013667105
0.0011489748
0.012142955
0.0013332127
0.0010451316
0.0011389254
0.010424518
0.0011121272
0.0005795121
0.012303744
0.0061635966
0.0011724232
0.001008284
0.00089774124
0.007547056
0.0007972478
0.0005158662
0.0005091667
0.0030784486
0.0005527138
0.00043882127
0.0005560636
0.003376579
0.00070345396
0.0005694627
0.0004354715
0.0048471326
0.00047901864
0.0003483772
0.0014605044
0.02688534
0.0008675932
0.00183233
0.0013030648
0.0017318367
0.0012561678
0.0004924178
0.000596261
0.0008876919
0.00032827852
0.0008843421
0.00034167763
0.001467204
0.004173827
0.0005460143
0.00042207236
0.0011791228
0.0004321217
0.00031822917
0.00042542216
0.0014102577
0.0016313433
0.000519216
0.0016983389
0.0011824726
0.0005527138
0.00032157896
0.00035842654
0.008183515
0.0031856415
0.005423295
0.006220543
0.011097823
0.030372461
0.000901091
0.0007771491
0.0013935087
0.0007871985
0.00094128837
0.0004924178
0.0018457292
0.004394912
0.00041202304
0.00047901864
0.00290091
0.0005728125
0.0005627632
0.0022108553
0.00305835
0.0124712335
0.0010049342
0.00097143644
0.0018490789
0.00033162828
0.0003986239
0.0017452358
0.002050066
0.008454846
0.001085329
0.0017854332
0.0012494682
0.0017753838
0.0010149835
0.0017787336
0.0012896656
0.0028071164
0.0017586349
0.0005527138
0.0010886787
0.0010953783
0.00022778509
0.0002780318
0.0014571546
0.0005761623
0.0008005976
0.0008307456
0.0020969626
0.00028473136
0.0019529222
0.0016480922
0.008645784
0.0074901097
0.001450455
0.0008206963
0.0019797203
0.0007302522
0.00046226973
0.00044552085
0.0019160745
0.0042944187
0.0005426645
0.0011288761
0.0029679057
0.0013834594
0.0005426645
0.013402473
0.0047734375
0.010635554
0.00042207236
0.0005326151
0.0029679057
0.048069354
0.00022778509
0.045727856
0.0011858224
0.013586711
0.00027133225
0.00032157896
0.025461683
0.00035172698
0.00031487938
0.0002646327
0.0020366667
0.003527319
0.00018423794
0.0003986239
0.0023414968
0.00028473136
0.00020433663
0.00023783444
0.0012461185
0.00086089363
0.00041202304
0.00023783444
0.0020232676
0.0010920286
0.00032157896
0.0007302522
0.0012327193
0.00028808115
0.00044552085
0.00023448466
0.0032057401
0.00026798245
0.000274682
0.0002813816
0.0011958717
0.00022108553
0.00018758772
0.0002813816
0.0016849397
0.00018423794
0.00031487938
0.00030817982
0.0018155811
0.0005761623
0.0035675166
0.00089439144
0.0045456523
0.00072355266
0.00094128837
0.0007670998
0.004599249
0.0011121272
0.0015208005
0.0008541941
0.008907067
0.0012126206
0.0016514419
0.004525554
0.004595899
0.0013332127
0.0020132181
0.016772352
0.0027535197
0.0016715406
0.00064985745
0.0002780318
0.0009814857
0.00025458334
0.00023783444
0.00033497807
0.0031353948
0.0005225658
0.0028674123
0.0005158662
0.00048236843
0.00023113487
0.00026798245
0.0004321217
0.003741705
0.00031487938
0.0005359649
0.0010585308
0.0015509485
0.00033162828
0.00037182568
0.0003483772
0.0030181524
0.00058286183
0.00087764254
0.0003483772
0.001269567
0.0038421985
0.0002579331
0.00028808115
0.014698838
0.0045322534
0.0002981305
0.0017921327
0.005450093
0.00023113487
0.0002646327
0.0002947807
0.0019428729
0.000489068
0.0005694627
0.00070010417
0.0056778784
0.00037517544
0.001956272
0.0007503509
0.0061970945
0.00073695177
0.0012963652
0.0009747862
0.004264271
0.0047030924
0.0075437063
0.07647549
0.0
0.0
0.0
0.0
0.0
0.0
0.0
0.0
0.0
0.0
0.0
0.0
0.0
0.0
0.0
0.0
0.0
0.0
0.0
0.0
0.0
0.0
0.0
0.0
0.0
0.0
0.0
0.0
0.0
0.0
0.0
0.0
0.0
0.0
0.0
0.0
0.0
0.0
0.0
0.0
0.0
0.0
0.0
0.0
0.0
0.0
0.0
0.0
0.008578597
8.587015e-05
1.0102371e-05
6.7349138e-06
4.5460667e-05
0.0
1.1786099e-05
0.00037883891
0.0
0.0
0.0
0.0
3.3674569e-06
0.0
1.6837284e-06
0.0012223868
0.03471006
0.0008132408
0.0011600889
0.00034179687
0.0003316945
0.00052027206
0.00054721173
0.0006010911
0.00029296876
0.00027613147
0.00039735992
0.00035021553
0.00024414062
0.00022056843
0.00026097792
0.00031148977
0.061706964
0.0009967672
0.0024515085
0.0011752425
0.00095130655
0.0006398168
0.0015978583
0.0010068696
0.0007980873
0.00074925914
0.00092773436
0.0006701239
0.00047144396
0.0005017511
0.00043440194
0.0007829337
0.0052481815
0.00012627963
0.0003552667
4.0409483e-05
3.367457e-05
6.566541e-05
0.00034011315
0.00020036369
0.0001414332
2.188847e-05
8.4186424e-05
8.0818965e-05
3.53583e-05
3.367457e-05
3.0307112e-05
5.8930495e-05
0.0041200835
7.07166e-05
0.00017342404
0.00019867996
0.0001245959
0.000136382
0.0011264143
0.00075767783
1.6837284e-05
3.0307112e-05
1.34698275e-05
1.1786099e-05
1.0102371e-05
1.6837284e-06
8.418642e-06
9.597252e-05
0.0
0.0
0.0
0.0
0.0
0.0
0.0
0.0
0.0
0.0
0.0
0.0
0.0
0.0
0.0
0.0
0.0051555764
0.00014816811
0.00013974946
0.0001953125
0.0008469154
0.00031654094
0.0012291218
0.0014564251
9.765625e-05
0.00015658674
0.00013301455
0.00013133082
9.933998e-05
7.4084055e-05
7.576778e-05
8.9237605e-05
0.0075279498
0.00014985182
0.00034011315
0.00059435616
0.0020743534
0.0007105334
0.002101293
0.0014581089
0.00042766702
0.00019194504
0.00017679148
0.00019362877
0.00039230872
7.745151e-05
0.00020878232
0.0006162446
0.005135372
0.00014480065
0.00055563037
0.0004192484
0.0014614763
0.00052027206
0.001798222
0.0011516702
0.00048996496
0.00058930495
0.00010439116
0.00011954472
0.00021214978
0.00015490301
0.00016500539
0.0007711476
0.019982489
0.0019766972
0.0034735317
0.0017830684
0.0052246093
0.0019548088
0.0013250943
0.0026569236
0.012717201
0.0026956492
0.0005674165
0.0022292566
0.0028101427
0.0015759699
0.0018739897
0.016463498
0.10505792
0.016828867
0.02587217
0.008058324
0.046073545
0.024447737
0.0051235855
0.018563107
0.096194774
0.021176253
0.0066305227
0.014715787
0.029748114
0.009967673
0.023420664
0.07225889
0.038224004
0.007085129
0.010065328
0.0038978313
0.02010035
0.012297953
0.0031468885
0.0076929554
0.03655206
0.012665005
0.0032950565
0.0059435614
0.01437399
0.0041756467
0.011747373
0.02252997
0.0
0.0
0.0
0.0
0.0
0.0
0.0
0.0
0.0
0.0
0.0
0.0
0.0
0.0
0.0
0.0
468.0
11.775641
5511.0
0.011794592
0.00072582107
0.0
0.0
0.0012701869
0.0030847397
0.0
0.00018145527
0.00072582107
0.00090727635
0.0
0.00036291053
0.0005443658
0.0036291054
0.024677917
0.002721829
0.0030847397
0.01723825
0.003992016
0.0034476502
0.0023589185
0.0032661948
0.0018145527
0.0023589185
0.0029032843
0.0036291054
0.01342769
0.0014516421
0.0012701869
0.00072582107
0.00036291053
0.0
0.0018145527
0.0061694793
0.0014516421
0.005443658
0.0030847397
0.016330974
0.0023589185
0.004173471
0.0025403737
0.012883324
0.00072582107
0.0005443658
0.005443658
0.003992016
0.0043549263
0.0016330974
0.0016330974
0.0
0.0018145527
0.020141535
0.0023589185
0.0018145527
0.00090727635
0.0012701869
0.00072582107
0.0005443658
0.00072582107
0.01651243
0.0058065685
0.017601162
0.01651243
0.06024315
0.0005443658
0.061331883
0.018871348
0.05371076
0.021956088
0.07330793
0.020141535
0.010161495
0.008528397
0.04445654
0.00036291053
0.0005443658
0.030121574
0.020504445
0.030303031
0.030484486
0.014153511
0.00036291053
0.045908183
0.04028307
0.08691707
0.015423698
0.005988024
0.0036291054
0.010524406
0.009617129
0.00090727635
0.0
0.006713845
0.0
0.0
0.00072582107
5.2829022
0.0
0.0
0.0
2.0
298527.0
294912.0
0.0
0.0
81.0
0.0
0.0
0.0
0.0
1347.0
1393481600.0
0.0
0.0
0.0
0.0
0.0
1.0
0.0
0.0
0.0
0.0
0.0
0.0
-1.0
0.0
0.0
-1.0
1.0
0.0
0.0
0.0
0.0
0.0
0.0
0.0
0.0
0.0
0.0
0.0
-1.0
0.0
0.0
0.0
0.0
0.0
0.0
0.0
0.0
0.0
0.0
0.0
0.0
-1.0
0.0
0.0
0.0
0.0
0.0
0.0
0.0
0.0
1.0
0.0
2.0
56.0
4.0
0.0
4.0
0.0
246784.0
1024.0
4096.0
5.0
1.0
0.0
1.0
3.0
0.0
0.0
0.0
0.0
0.0
0.0
0.0
0.0
0.0
0.0
0.0
0.0
0.0
0.0
9728.0
0.0
0.0
0.0
0.0
0.0
0.0
0.0
0.0
0.0
0.0
0.0
0.0
0.0
0.0
0.0
0.0
0.0
-1024.0
0.0
0.0
0.0
0.0
0.0
0.0
0.0
0.0
-246784.0
-2560.0
0.0
0.0
0.0
0.0
0.0
0.0
0.0
0.0
0.0
0.0
0.0
0.0
0.0
0.0
0.0
0.0
0.0
0.0
0.0
0.0
0.0
5.110897
0.0
0.0
0.0
0.0
0.0
0.0
0.0
0.0
0.0
0.0
0.0
0.0
0.0
0.0
0.0
0.0
0.0
-1.1830682
0.0
0.0
0.0
0.0
0.0
0.0
0.0
0.0
-6.096468
-4.794765
0.0
0.0
0.0
0.0
0.0
0.0
0.0
0.0
0.0
0.0
0.0
0.0
0.0
0.0
0.0
0.0
0.0
0.0
0.0
0.0
0.0
9512.0
0.0
0.0
0.0
0.0
0.0
0.0
0.0
0.0
0.0
0.0
0.0
0.0
0.0
0.0
18176.0
0.0
0.0
-576.0
0.0
0.0
0.0
0.0
0.0
0.0
0.0
0.0
-246632.0
-2400.0
0.0
0.0
0.0
0.0
0.0
0.0
0.0
0.0
0.0
0.0
-1.0
0.0
0.0
0.0
0.0
0.0
1.0
0.0
0.0
0.0
0.0
0.0
0.0
0.0
0.0
0.0
0.0
0.0
0.0
0.0
0.0
0.0
0.0
0.0
0.0
0.0
0.0
0.0
0.0
0.0
0.0
0.0
0.0
0.0
0.0
0.0
-2.0
0.0
0.0
0.0
1.0
0.0
0.0
0.0
0.0
0.0
0.0
1.0
0.0
0.0
0.0
0.0
0.0
0.0
0.0
0.0
0.0
0.0
0.0
0.0
-1.0
0.0
0.0
0.0
0.0
0.0
0.0
0.0
0.0
0.0
1.0
0.0
0.0
0.0
0.0
1.0
0.0
0.0
0.0
0.0
0.0
0.0
0.0
0.0
0.0
0.0
0.0
0.0
0.0
0.0
0.0
0.0
0.0
0.0
0.0
0.0
0.0
0.0
0.0
0.0
0.0
0.0
0.0
0.0
0.0
0.0
0.0
0.0
0.0
0.0
0.0
0.0
0.0
0.0
0.0
0.0
0.0
0.0
0.0
0.0
0.0
0.0
0.0
0.0
0.0
0.0
0.0
0.0
0.0
0.0
0.0
0.0
0.0
0.0
0.0
0.0
0.0
0.0
0.0
0.0
0.0
0.0
0.0
0.0
0.0
0.0
0.0
0.0
0.0
0.0
0.0
0.0
0.0
0.0
0.0
0.0
0.0
0.0
0.0
0.0
0.0
0.0
0.0
0.0
0.0
0.0
0.0
0.0
0.0
0.0
0.0
0.0
0.0
0.0
0.0
0.0
0.0
0.0
0.0
0.0
0.0
0.0
0.0
0.0
0.0
0.0
0.0
0.0
0.0
0.0
0.0
0.0
0.0
0.0
0.0
0.0
0.0
-1.0
0.0
0.0
0.0
0.0
0.0
0.0
0.0
0.0
0.0
0.0
0.0
0.0
0.0
0.0
0.0
0.0
1.0
0.0
0.0
0.0
0.0
0.0
0.0
0.0
0.0
0.0
0.0
0.0
0.0
0.0
0.0
0.0
0.0
0.0
0.0
0.0
0.0
0.0
0.0
0.0
0.0
0.0
0.0
0.0
0.0
0.0
0.0
0.0
0.0
0.0
0.0
0.0
0.0
0.0
0.0
0.0
0.0
0.0
0.0
0.0
0.0
0.0
0.0
0.0
0.0
0.0
0.0
0.0
0.0
0.0
0.0
0.0
0.0
0.0
0.0
0.0
0.0
0.0
0.0
0.0
0.0
0.0
0.0
0.0
0.0
0.0
0.0
0.0
0.0
0.0
0.0
0.0
0.0
0.0
0.0
0.0
0.0
0.0
0.0
0.0
1.0
0.0
0.0
0.0
0.0
0.0
0.0
0.0
0.0
0.0
0.0
0.0
0.0
0.0
0.0
0.0
0.0
0.0
0.0
0.0
0.0
0.0
0.0
0.0
0.0
0.0
0.0
0.0
0.0
0.0
-1.0
0.0
0.0
0.0
0.0
0.0
0.0
0.0
0.0
0.0
0.0
0.0
0.0
0.0
0.0
0.0
0.0
0.0
0.0
0.0
0.0
0.0
0.0
0.0
0.0
0.0
1.0
0.0
0.0
0.0
0.0
0.0
0.0
0.0
0.0
0.0
0.0
0.0
0.0
0.0
0.0
-1.0
0.0
0.0
0.0
0.0
0.0
0.0
0.0
0.0
-1.0
0.0
0.0
0.0
0.0
0.0
0.0
0.0
0.0
0.0
0.0
0.0
0.0
0.0
0.0
0.0
0.0
0.0
0.0
0.0
0.0
0.0
0.0
0.0
1.0
0.0
-1.0
-2.0
-1.0
0.0
0.0
0.0
0.0
0.0
0.0
0.0
0.0
0.0
1.0
0.0
0.0
0.0
0.0
0.0
0.0
0.0
0.0
0.0
0.0
0.0
0.0
0.0
0.0
0.0
0.0
0.0
0.0
0.0
0.0
1.0
0.0
0.0
0.0
0.0
0.0
0.0
0.0
0.0
0.0
0.0
0.0
0.0
0.0
0.0
0.0
0.0
0.0
0.0
0.0
0.0
0.0
0.0
0.0
0.0
0.0
0.0
1.0
0.0
0.0
0.0
0.0
0.0
0.0
0.0
0.0
0.0
0.0
0.0
0.0
0.0
0.0
0.0
0.0
0.0
0.0
0.0
0.0
0.0
0.0
0.0
0.0
0.0
0.0
0.0
0.0
0.0
0.0
0.0
0.0
0.0
0.0
0.0
0.0
0.0
0.0
0.0
0.0
0.0
0.0
0.0
0.0
-1.0
0.0
0.0
0.0
0.0
-1.0
0.0
0.0
0.0
0.0
0.0
0.0
0.0
0.0
0.0
0.0
0.0
-1.0
0.0
0.0
0.0
0.0
0.0
0.0
0.0
0.0
0.0
0.0
0.0
0.0
0.0
0.0
0.0
0.0
0.0
0.0
0.0
0.0
0.0
0.0
0.0
0.0
0.0
0.0
0.0
0.0
0.0
0.0
0.0
0.0
0.0
0.0
0.0
0.0
0.0
0.0
0.0
0.0
0.0
0.0
0.0
0.0
0.0
0.0
0.0
0.0
0.0
0.0
0.0
0.0
0.0
0.0
0.0
0.0
0.0
0.0
0.0
0.0
0.0
0.0
0.0
0.0
1.0
0.0
0.0
0.0
0.0
0.0
0.0
0.0
0.0
0.0
0.0
0.0
0.0
0.0
0.0
0.0
0.0
-1.0
0.0
0.0
0.0
0.0
0.0
0.0
0.0
0.0
0.0
0.0
0.0
0.0
0.0
0.0
0.0
0.0
0.0
-1.0
0.0
0.0
-1.0
0.0
0.0
0.0
-1.0
0.0
0.0
0.0
0.0
1.0
0.0
0.0
0.0
0.0
0.0
0.0
0.0
0.0
0.0
0.0
0.0
0.0
0.0
0.0
0.0
0.0
0.0
0.0
0.0
0.0
0.0
0.0
0.0
0.0
0.0
0.0
0.0
0.0
0.0
0.0
0.0
0.0
0.0
0.0
0.0
0.0
0.0
0.0
0.0
0.0
1.0
0.0
0.0
0.0
0.0
0.0
0.0
0.0
0.0
1.0
0.0
0.0
0.0
0.0
0.0
0.0
0.0
0.0
0.0
0.0
0.0
0.0
0.0
0.0
0.0
0.0
0.0
0.0
0.0
0.0
0.0
0.0
0.0
0.0
1.0
0.0
0.0
0.0
0.0
0.0
0.0
0.0
0.0
0.0
0.0
0.0
0.0
0.0
0.0
0.0
0.0
0.0
0.0
0.0
0.0
0.0
0.0
0.0
0.0
0.0
0.0
0.0
0.0
0.0
0.0
0.0
0.0
0.0
0.0
0.0
0.0
0.0
0.0
0.0
0.0
0.0
0.0
0.0
0.0
0.0
0.0
0.0
0.0
0.0
0.0
0.0
0.0
0.0
0.0
0.0
0.0
0.0
0.0
0.0
0.0
0.0
0.0
0.0
0.0
0.0
0.0
0.0
0.0
0.0
0.0
0.0
0.0
-1.0
0.0
0.0
0.0
0.0
-1.0
0.0
0.0
0.0
0.0
0.0
0.0
0.0
1.0
0.0
0.0
0.0
0.0
0.0
0.0
0.0
0.0
0.0
0.0
0.0
0.0
0.0
0.0
0.0
0.0
0.0
0.0
0.0
0.0
0.0
-1.0
-1.0
0.0
0.0
0.0
0.0
0.0
0.0
0.0
0.0
0.0
0.0
-1.0
0.0
0.0
0.0
0.0
0.0
0.0
0.0
0.0
0.0
0.0
0.0
0.0
0.0
0.0
0.0
0.0
0.0
1.0
0.0
0.0
0.0
0.0
0.0
0.0
0.0
-1.0
0.0
0.0
0.0
0.0
0.0
0.0
0.0
0.0
0.0
0.0
0.0
0.0
0.0
0.0
0.0
0.0
0.0
0.0
0.0
0.0
0.0
0.0
0.0
0.0
0.0
0.0
0.0
0.0
0.0
0.0
0.0
0.0
0.0
0.0
0.0
0.0
0.0
0.0
0.0
0.0
0.0
0.0
0.0
0.0
-1.0
0.0
0.0
0.0
0.0
0.0
0.0
0.0
0.0
0.0
0.0
0.0
0.0
0.0
0.0
0.0
0.0
0.0
0.0
0.0
-1.0
0.0
0.0
0.0
-1.0
0.0
0.0
0.0
0.0
0.0
0.0
0.0
-1.0
0.0
0.0
0.0
0.0
0.0
0.0
0.0
0.0
0.0
-1.0
0.0
0.0
0.0
0.0
0.0
0.0
0.0
0.0
0.0
0.0
0.0
0.0
1.0
0.0
0.0
0.0
-1.0
0.0
0.0
-1.0
-1.0
0.0
0.0
0.0
0.0
0.0
0.0
0.0
0.0
0.0
0.0
0.0
0.0
0.0
0.0
0.0
0.0
-1.0
0.0
1.0
0.0
0.0
0.0
0.0
0.0
0.0
0.0
0.0
0.0
0.0
0.0
0.0
0.0
0.0
0.0
0.0
0.0
0.0
0.0
0.0
-1.0
0.0
0.0
0.0
0.0
0.0
0.0
0.0
0.0
0.0
0.0
0.0
0.0
-1.0
0.0
0.0
0.0
0.0
0.0
1.0
0.0
0.0
0.0
0.0
0.0
0.0
0.0
0.0
0.0
0.0
0.0
0.0
0.0
0.0
0.0
0.0
0.0
0.0
0.0
0.0
0.0
0.0
0.0
0.0
0.0
0.0
0.0
1.0
0.0
0.0
0.0
0.0
0.0
0.0
0.0
0.0
0.0
0.0
0.0
0.0
0.0
-1.0
0.0
0.0
0.0
-1.0
0.0
1.0
0.0
0.0
1.0
1.0
0.0
0.0
0.0
0.0
0.0
0.0
0.0
0.0
0.0
0.0
0.0
1.0
0.0
0.0
0.0
0.0
0.0
0.0
0.0
1.0
0.0
0.0
0.0
1.0
0.0
0.0
0.0
0.0
0.0
-1.0
0.0
0.0
0.0
0.0
0.0
0.0
0.0
0.0
0.0
0.0
0.0
0.0
0.0
0.0
0.0
1.0
0.0
0.0
2.0
0.0
0.0
0.0
0.0
0.0
0.0
0.0
0.0
0.0
0.0
0.0
0.0
0.0
0.0
0.0
0.0
0.0
0.0
0.0
0.0
-1.0
0.0
0.0
0.0
0.0
0.0
0.0
0.0
0.0
0.0
1.0
0.0
0.0
0.0
0.0
2.0
0.0
0.0
0.0
0.0
0.0
0.0
0.0
0.0
0.0
0.0
0.0
0.0
0.0
0.0
0.0
0.0
0.0
0.0
0.0
0.0
0.0
0.0
0.0
0.0
1.0
0.0
0.0
0.0
0.0
0.0
0.0
0.0
1.0
0.0
0.0
0.0
0.0
0.0
0.0
0.0
0.0
0.0
-1.0
0.0
0.0
0.0
0.0
0.0
0.0
0.0
0.0
0.0
0.0
0.0
0.0
0.0
0.0
0.0
-1.0
0.0
-1.0
0.0
0.0
0.0
0.0
0.0
0.0
0.0
0.0
1.0
0.0
0.0
0.0
0.0
0.0
0.0
0.0
0.0
0.0
0.0
0.0
0.0
1.0
0.0
0.0
0.0
0.0
0.0
0.0
0.0
0.0
0.0
0.0
0.0
0.0
0.0
0.0
0.0
0.0
0.0
0.0
0.0
0.0
0.0
0.0
0.0
0.0
-1.0
0.0
0.0
0.0
0.0
0.0
0.0
0.0
0.0
0.0
0.0
0.0
0.0
0.0
0.0
0.0
0.0
0.0
0.0
0.0
0.0
0.0
0.0
0.0
0.0
0.0
0.0
0.0
1.0
0.0
0.0
0.0
0.0
0.0
0.0
0.0
0.0
0.0
0.0
0.0
0.0
0.0
-2.0
0.0
0.0
0.0
0.0
0.0
0.0
0.0
0.0
0.0
-1.0
0.0
0.0
1.0
0.0
0.0
0.0
0.0
0.0
0.0
0.0
0.0
0.0
0.0
0.0
-1.0
0.0
0.0
0.0
1.0
0.0
0.0
0.0
0.0
0.0
0.0
0.0
0.0
0.0
0.0
0.0
0.0
0.0
0.0
0.0
1.0
0.0
0.0
0.0
0.0
0.0
0.0
0.0
0.0
0.0
0.0
0.0
0.0
0.0
0.0
1.0
0.0
0.0
0.0
0.0
0.0
0.0
0.0
0.0
0.0
0.0
0.0
0.0
0.0
0.0
0.0
0.0
0.0
0.0
0.0
0.0
0.0
0.0
0.0
0.0
0.0
0.0
0.0
0.0
0.0
0.0
0.0
0.0
0.0
0.0
0.0
0.0
0.0
0.0
0.0
0.0
0.0
0.0
0.0
0.0
0.0
0.0
0.0
0.0
0.0
0.0
0.0
0.0
0.0
0.0
0.0
0.0
0.0
0.0
0.0
0.0
0.0
0.0
0.0
0.0
0.0
0.0
0.0
0.0
0.0
0.0
0.0
0.0
0.0
0.0
0.0
0.0
0.0
0.0
0.0
0.0
0.0
0.0
0.0
0.0
0.0
0.0
0.0
0.0
0.0
0.0
0.0
0.0
0.0
0.0
0.0
0.0
0.0
0.0
0.0
0.0
0.0
0.0
0.0
0.0
0.0
0.0
0.0
0.0
0.0
0.0
0.0
0.0
0.0
0.0
0.0
0.0
0.0
0.0
0.0
0.0
0.0
0.0
0.0
0.0
0.0
0.0
0.0
0.0
0.0
0.0
0.0
0.0
0.0
2400.0
290816.0
0.0
0.0
0.0
0.0
0.0
0.0
0.0
0.0
0.0
0.0
0.0
0.0
0.0
0.0
0.0
0.0
0.0
0.0
0.0
0.0
0.0
0.0
0.0
0.0
0.0
0.0
