0.005288816
0.003982185
0.004083037
0.0039080284
0.003706324
0.003958455
0.0038813325
0.003854636
0.0040518916
0.003805693
0.0035594946
0.0038798493
0.00394659
0.0073948503
0.003646999
0.0038724337
0.0040148133
0.0040266784
0.0038012438
0.004192788
0.0039317585
0.004212069
0.003973286
0.004020746
0.0038739168
0.0039213765
0.0037107733
0.003817558
0.004149778
0.0037404357
0.0039080284
0.003770098
0.0038472204
0.004010364
0.0041038007
0.0037997607
0.003863535
0.00408452
0.0038220074
0.0039198934
0.0038605686
0.0039525223
0.003755267
0.004023712
0.0038309062
0.0037137396
0.0036544146
0.0039095115
0.0038694674
0.0038709505
0.003913961
0.003670729
0.0036158534
0.003925826
0.0038071761
0.0038323894
0.003900613
0.004020746
0.0037374694
0.0037864125
0.0038561192
0.0040993514
0.0038368388
0.0039406572
0.004803835
0.0038220074
0.003718189
0.0037211552
0.003913961
0.0042372816
0.00408452
0.0038813325
0.0038694674
0.003731537
0.0037226381
0.003959938
0.0038857819
0.004115666
0.003718189
0.0040533748
0.004001465
0.003928792
0.0039554886
0.0037953113
0.004068206
0.0042817756
0.004072655
0.0039065457
0.0038739168
0.004115666
0.004023712
0.0037226381
0.003936208
0.0041868556
0.0038739168
0.0038101424
0.003936208
0.00401333
0.0037997607
0.003998499
0.004127531
0.0040993514
0.0039109946
0.0042446973
0.004262495
0.003863535
0.004215035
0.0039955326
0.0038501867
0.0039317585
0.0042298664
0.003839805
0.0041260477
0.004157193
0.0041468116
0.003902096
0.0042610117
0.00373302
0.003961421
0.0038605686
0.0037775137
0.0037597164
0.0039050623
0.003658864
0.003915444
0.0038205243
0.0038961635
0.0040385434
0.004169058
0.003876883
0.0038368388
0.004034094
0.003913961
0.0041349465
0.003925826
0.003575809
0.0037537839
0.0039792187
0.0040533748
0.004149778
0.004023712
0.003982185
0.0040370603
0.0036573808
0.004074138
0.0034675412
0.0038798493
0.0038665012
0.0037033577
0.0036825938
0.003985151
0.003924343
0.003939174
0.003951039
0.0038338725
0.0037893788
0.0036277184
0.0038590855
0.003971803
0.0039866343
0.0038101424
0.0039436235
0.003958455
0.003937691
0.0036900095
0.0039540054
0.0037656487
0.0038457373
0.0039406572
0.0038338725
0.003915444
0.0036870432
0.003890231
0.0037092902
0.003983668
0.0037834463
0.003718189
0.004152744
0.0036410664
0.0040415097
0.003958455
0.0039658705
0.0038205243
0.0038353556
0.003937691
0.004008881
0.003983668
0.0036781447
0.0035906404
0.0039406572
0.0036751784
0.0038813325
0.003915444
0.0038264568
0.003985151
0.0042387648
0.0039302753
0.0037285706
0.0042091026
0.0036677627
0.0036381003
0.0036306847
0.0036781447
0.0037493345
0.0038190412
0.003718189
0.003790862
0.003865018
0.0037834463
0.0038783662
0.0038220074
0.004020746
0.0035713597
0.0038323894
0.0037953113
0.0040489254
0.0037997607
0.0037300538
0.003853153
0.003707807
0.0039554886
0.0038131087
0.0038991298
0.003706324
0.0037374694
0.0035802585
0.0036974251
0.004127531
0.0037508176
0.0037048408
0.003927309
0.0039228597
0.0039896
0.0038872648
0.0036811107
0.0037107733
0.0040889694
0.00415571
0.003890231
0.003902096
0.0039436235
0.0037508176
0.0034452942
0.0038131087
0.004096385
0.003999982
0.004068206
0.0040370603
0.0038991298
0.003817558
0.0040162965
0.0036692459
0.0041319802
0.0038961635
0.0038991298
0.0012754856
0.0
0.0
0.0
0.0
0.0
0.0
0.0
0.0
0.0
0.0
0.0
0.0
0.0
0.0
0.0
0.0
0.0
0.0
0.0
0.0
0.0
0.0
0.0
0.0
0.0
0.0
0.0
0.0
0.0
0.0
0.0
0.0
0.0
0.0
0.0
0.0
0.0
0.0
0.0
0.0
0.0
0.0
0.0
0.0
0.0
0.0
0.0
0.0
0.0
0.0
0.0
0.0
0.0
0.0
0.0
0.0
0.0
0.0
0.0
0.0
0.0
0.0
0.0
0.0
0.0
0.0
0.0
0.0
0.0
0.0
0.0
0.0
0.0
0.0
0.0
0.0
0.0
0.0
0.0
0.0
0.0
0.0
0.0
0.0
0.0
0.0
0.0
0.0
0.0
0.0
0.0
0.0
0.0
0.0
0.0
0.0
0.0
0.0
0.0
0.0
0.0
0.0
0.0
0.0
0.0
0.0
0.0
0.0
0.0
0.0
0.0
0.0
0.0
0.0
0.0
0.0
0.0
0.0
0.0
0.0
0.0
0.0
0.0
0.0
0.0
0.0
0.0
0.0
0.0
0.0
0.0
0.0
0.0
0.0
0.0
0.0
0.0
0.0
0.0
0.0
0.0
0.0
0.0
0.0
0.00085913716
1.709356e-05
5.3510274e-05
2.4525541e-05
7.209023e-05
4.0132705e-05
0.00015086925
9.364298e-05
5.7226265e-05
2.2295948e-05
5.5739867e-05
9.661578e-06
2.1552749e-05
1.41207665e-05
2.2295948e-05
8.1751805e-06
0.0007075247
2.8241533e-05
2.972793e-05
3.344392e-05
7.060383e-05
6.5401444e-05
0.00024897142
0.0001709356
1.6350361e-05
1.263437e-05
2.526874e-05
2.3039145e-05
2.8984732e-05
2.2295948e-05
1.41207665e-05
2.4525541e-05
0.0009096747
3.9389506e-05
0.00010553415
6.5401444e-05
0.000258633
0.00019992032
0.00064732565
0.00041173183
0.00014046447
2.0809552e-05
6.837424e-05
8.918379e-06
4.607829e-05
1.6350361e-05
3.0471128e-05
7.506302e-05
0.0002965361
1.263437e-05
5.3510274e-05
2.601194e-05
0.00014641005
0.00017762439
0.00034558718
0.00019694754
6.614465e-05
6.688784e-06
1.9323155e-05
2.972793e-06
4.5335095e-05
2.2295947e-06
6.317185e-05
6.0942257e-05
0.0022771594
0.00049942924
0.00017613798
0.00017762439
0.0009215658
0.0009208226
0.0005633443
0.0003820039
0.0014700461
4.756469e-05
0.00017613798
0.00015086925
0.0005410483
0.00011965492
0.00066962163
0.0015614595
0.0007409687
0.00020512272
0.0001285733
0.000116682124
0.00022741867
0.0001694492
0.00018505637
0.00014418046
0.0002125547
6.763104e-05
8.1008606e-05
9.289978e-05
0.00012262771
8.2495004e-05
0.00012485731
0.0003426144
0.060462892
0.062303796
0.061634917
0.06129156
0.06157472
0.06201841
0.062208667
0.061547965
0.061167445
0.06138743
0.06127298
0.06157026
0.060608562
0.061019547
0.06087834
0.05774353
3441.0
5.997675
20638.0
0.011871305
0.010078496
0.012065123
0.010805311
0.007946506
0.010950673
0.010708402
0.010369222
0.007946506
0.008043415
0.008043415
0.010272313
0.007558872
0.008673321
0.006444423
0.0117743965
0.0099815875
0.010611493
0.0112414
0.009739316
0.007994961
0.007849597
0.008285686
0.008915593
0.009206318
0.008382595
0.009739316
0.008818684
0.0076557808
0.01012695
0.009739316
0.009206318
0.008721775
0.010369222
0.010514584
0.011047582
0.010659948
0.010320768
0.0113383075
0.009884679
0.010175404
0.008624867
0.008673321
0.010175404
0.009933133
0.008721775
0.00809187
0.010805311
0.010805311
0.008382595
0.011047582
0.010369222
0.0112414
0.010563039
0.010999128
0.011871305
0.010659948
0.011435216
0.009739316
0.008673321
0.01046613
0.0095454985
0.008188778
0.011435216
0.010223859
0.012355848
0.008818684
0.011968214
0.013228026
0.01327648
0.012501211
0.014827018
0.01259812
0.013518752
0.010805311
0.010950673
0.014487838
0.014197112
0.012113577
0.011386762
0.015020835
0.011725943
0.012695028
0.012113577
0.014051749
0.009351681
0.013712569
0.010175404
0.010999128
0.007558872
0.009497045
0.0112414
0.011629034
0.008818684
0.0091094095
0.010514584
6.564
1.0
0.0
0.0
17.0
674253.0
49152.0
0.0
0.0
3.0
0.0
0.0
0.0
0.0
0.0
1207138000.0
0.0
0.0
0.0
0.0
0.0
1.0
0.0
0.0
0.0
0.0
0.0
0.0
-1.0
0.0
-1.0
-1.0
0.0
0.0
0.0
0.0
0.0
0.0
0.0
0.0
0.0
0.0
0.0
0.0
-1.0
0.0
0.0
0.0
0.0
0.0
0.0
0.0
0.0
0.0
0.0
0.0
0.0
-1.0
0.0
0.0
0.0
0.0
0.0
0.0
0.0
0.0
0.0
0.0
6.0
0.0
4.0
0.0
4.0
0.0
0.0
4096.0
4096.0
2.0
1.0
0.0
1.0
2.0
0.0
0.0
0.0
0.0
0.0
0.0
0.0
0.0
0.0
0.0
0.0
0.0
0.0
0.0
0.0
0.0
0.0
0.0
0.0
0.0
0.0
0.0
0.0
0.0
0.0
0.0
0.0
0.0
0.0
0.0
0.0
0.0
-12800.0
0.0
0.0
0.0
0.0
0.0
0.0
0.0
0.0
0.0
0.0
0.0
0.0
0.0
0.0
0.0
0.0
0.0
0.0
0.0
0.0
0.0
0.0
0.0
0.0
0.0
0.0
0.0
0.0
0.0
0.0
0.0
0.0
0.0
0.0
0.0
0.0
0.0
0.0
0.0
0.0
0.0
0.0
0.0
0.0
0.0
0.0
0.0
0.0
0.0
-6.117443
0.0
0.0
0.0
0.0
0.0
0.0
0.0
0.0
0.0
0.0
0.0
0.0
0.0
0.0
0.0
0.0
0.0
0.0
0.0
0.0
0.0
0.0
0.0
0.0
0.0
0.0
0.0
0.0
0.0
0.0
0.0
0.0
0.0
0.0
0.0
0.0
0.0
0.0
0.0
0.0
0.0
0.0
0.0
0.0
0.0
0.0
27464.0
0.0
0.0
-12320.0
0.0
0.0
0.0
0.0
0.0
0.0
0.0
0.0
0.0
0.0
0.0
0.0
0.0
0.0
0.0
0.0
0.0
2.0
0.0
0.0
-1.0
0.0
0.0
0.0
0.0
0.0
1.0
0.0
0.0
0.0
0.0
0.0
0.0
0.0
0.0
0.0
0.0
0.0
0.0
0.0
0.0
0.0
0.0
0.0
0.0
0.0
0.0
0.0
0.0
0.0
0.0
0.0
0.0
0.0
0.0
0.0
-1.0
0.0
0.0
0.0
0.0
0.0
0.0
0.0
0.0
0.0
0.0
1.0
0.0
0.0
0.0
0.0
0.0
0.0
0.0
0.0
0.0
0.0
0.0
0.0
-1.0
0.0
0.0
0.0
0.0
0.0
0.0
0.0
0.0
0.0
1.0
0.0
0.0
0.0
0.0
0.0
0.0
0.0
0.0
0.0
0.0
1.0
0.0
0.0
1.0
0.0
0.0
0.0
0.0
0.0
0.0
0.0
0.0
0.0
0.0
0.0
0.0
0.0
0.0
0.0
0.0
0.0
0.0
0.0
0.0
0.0
0.0
0.0
0.0
0.0
0.0
0.0
0.0
0.0
0.0
0.0
0.0
0.0
0.0
0.0
0.0
0.0
0.0
0.0
0.0
0.0
0.0
0.0
0.0
0.0
0.0
0.0
0.0
0.0
0.0
0.0
0.0
0.0
0.0
0.0
0.0
0.0
0.0
0.0
0.0
0.0
0.0
0.0
-1.0
0.0
0.0
0.0
0.0
0.0
0.0
0.0
0.0
0.0
0.0
0.0
0.0
0.0
0.0
0.0
0.0
0.0
0.0
0.0
0.0
0.0
0.0
0.0
0.0
0.0
0.0
0.0
0.0
0.0
0.0
0.0
0.0
0.0
0.0
0.0
0.0
0.0
0.0
0.0
0.0
0.0
0.0
0.0
0.0
0.0
0.0
0.0
0.0
0.0
0.0
0.0
0.0
0.0
0.0
0.0
0.0
0.0
0.0
0.0
0.0
0.0
0.0
0.0
0.0
0.0
1.0
0.0
0.0
0.0
0.0
0.0
0.0
0.0
0.0
0.0
0.0
0.0
0.0
0.0
0.0
0.0
0.0
0.0
0.0
0.0
0.0
0.0
0.0
0.0
0.0
0.0
0.0
0.0
0.0
0.0
0.0
0.0
0.0
0.0
0.0
0.0
0.0
0.0
0.0
0.0
0.0
0.0
0.0
0.0
0.0
0.0
0.0
0.0
0.0
0.0
0.0
0.0
0.0
0.0
0.0
0.0
0.0
0.0
0.0
0.0
0.0
0.0
0.0
0.0
0.0
0.0
0.0
0.0
0.0
0.0
0.0
0.0
0.0
0.0
0.0
0.0
0.0
0.0
0.0
0.0
0.0
0.0
0.0
0.0
1.0
0.0
0.0
0.0
0.0
0.0
0.0
0.0
0.0
0.0
0.0
0.0
0.0
0.0
0.0
0.0
0.0
0.0
0.0
0.0
0.0
0.0
0.0
0.0
0.0
0.0
0.0
0.0
0.0
0.0
0.0
0.0
0.0
0.0
0.0
0.0
0.0
0.0
0.0
0.0
0.0
0.0
0.0
0.0
0.0
0.0
0.0
0.0
0.0
0.0
0.0
0.0
0.0
0.0
0.0
0.0
0.0
0.0
0.0
0.0
0.0
0.0
0.0
0.0
0.0
0.0
0.0
0.0
0.0
0.0
0.0
0.0
0.0
0.0
0.0
0.0
0.0
0.0
0.0
0.0
0.0
0.0
0.0
0.0
0.0
0.0
0.0
0.0
0.0
0.0
0.0
0.0
0.0
0.0
0.0
0.0
0.0
0.0
0.0
0.0
0.0
0.0
0.0
0.0
0.0
0.0
0.0
0.0
0.0
0.0
0.0
0.0
0.0
0.0
0.0
0.0
0.0
0.0
0.0
0.0
0.0
0.0
0.0
0.0
0.0
0.0
0.0
0.0
0.0
0.0
0.0
0.0
0.0
0.0
0.0
0.0
0.0
0.0
0.0
0.0
0.0
0.0
0.0
0.0
0.0
0.0
0.0
0.0
0.0
0.0
0.0
0.0
0.0
0.0
0.0
0.0
0.0
0.0
0.0
0.0
0.0
0.0
0.0
0.0
0.0
0.0
0.0
0.0
0.0
0.0
0.0
0.0
0.0
0.0
0.0
0.0
0.0
0.0
0.0
0.0
0.0
0.0
0.0
0.0
0.0
0.0
0.0
0.0
0.0
0.0
0.0
0.0
0.0
0.0
0.0
0.0
0.0
0.0
0.0
0.0
0.0
0.0
0.0
0.0
0.0
0.0
0.0
0.0
0.0
0.0
0.0
0.0
0.0
0.0
0.0
0.0
0.0
1.0
0.0
0.0
0.0
0.0
0.0
0.0
0.0
0.0
0.0
0.0
0.0
0.0
0.0
0.0
0.0
0.0
0.0
0.0
0.0
0.0
0.0
0.0
0.0
0.0
0.0
0.0
0.0
0.0
0.0
0.0
0.0
0.0
0.0
0.0
0.0
0.0
0.0
0.0
0.0
0.0
0.0
0.0
0.0
0.0
0.0
0.0
0.0
0.0
0.0
0.0
0.0
0.0
0.0
0.0
0.0
0.0
0.0
0.0
0.0
0.0
0.0
0.0
0.0
0.0
0.0
0.0
0.0
0.0
0.0
0.0
0.0
0.0
0.0
0.0
0.0
0.0
0.0
0.0
0.0
0.0
0.0
0.0
0.0
0.0
0.0
0.0
0.0
0.0
0.0
0.0
0.0
0.0
0.0
0.0
0.0
0.0
0.0
0.0
0.0
0.0
0.0
0.0
0.0
0.0
0.0
0.0
0.0
0.0
0.0
0.0
0.0
0.0
0.0
0.0
0.0
0.0
0.0
0.0
0.0
0.0
0.0
0.0
0.0
0.0
0.0
0.0
0.0
0.0
0.0
0.0
0.0
0.0
0.0
0.0
0.0
0.0
0.0
0.0
0.0
0.0
0.0
0.0
0.0
0.0
0.0
0.0
0.0
0.0
0.0
0.0
0.0
0.0
0.0
0.0
0.0
0.0
0.0
0.0
0.0
0.0
0.0
0.0
0.0
0.0
0.0
0.0
0.0
0.0
0.0
0.0
0.0
0.0
0.0
0.0
0.0
0.0
0.0
0.0
0.0
0.0
0.0
0.0
0.0
0.0
0.0
0.0
0.0
0.0
0.0
0.0
0.0
0.0
0.0
0.0
0.0
0.0
0.0
0.0
0.0
0.0
0.0
0.0
0.0
0.0
0.0
0.0
0.0
0.0
0.0
0.0
0.0
0.0
0.0
0.0
0.0
0.0
0.0
0.0
0.0
0.0
0.0
0.0
0.0
0.0
0.0
0.0
0.0
0.0
0.0
0.0
0.0
0.0
0.0
0.0
0.0
0.0
0.0
0.0
0.0
0.0
0.0
0.0
0.0
0.0
0.0
0.0
0.0
0.0
0.0
0.0
0.0
0.0
0.0
0.0
0.0
0.0
0.0
0.0
0.0
0.0
0.0
0.0
0.0
0.0
0.0
0.0
0.0
0.0
0.0
0.0
0.0
0.0
-1.0
0.0
0.0
0.0
0.0
0.0
0.0
0.0
0.0
0.0
0.0
0.0
0.0
0.0
0.0
0.0
0.0
0.0
0.0
0.0
0.0
0.0
0.0
0.0
0.0
0.0
0.0
0.0
0.0
0.0
0.0
0.0
0.0
0.0
0.0
0.0
0.0
0.0
0.0
0.0
0.0
0.0
0.0
0.0
0.0
0.0
0.0
0.0
0.0
0.0
0.0
0.0
0.0
0.0
0.0
0.0
0.0
0.0
0.0
0.0
0.0
0.0
0.0
0.0
0.0
0.0
0.0
0.0
0.0
0.0
0.0
0.0
0.0
0.0
0.0
0.0
0.0
0.0
0.0
0.0
0.0
0.0
0.0
0.0
0.0
0.0
0.0
0.0
0.0
0.0
0.0
0.0
0.0
0.0
0.0
0.0
0.0
0.0
0.0
0.0
0.0
0.0
0.0
0.0
0.0
0.0
0.0
0.0
0.0
0.0
0.0
0.0
0.0
0.0
0.0
0.0
0.0
0.0
0.0
0.0
0.0
0.0
0.0
0.0
0.0
0.0
0.0
0.0
0.0
0.0
0.0
0.0
0.0
0.0
0.0
0.0
0.0
0.0
0.0
0.0
0.0
0.0
0.0
0.0
0.0
0.0
0.0
0.0
0.0
0.0
0.0
0.0
0.0
0.0
0.0
0.0
0.0
0.0
0.0
0.0
0.0
0.0
0.0
0.0
0.0
-1.0
0.0
0.0
0.0
0.0
0.0
0.0
0.0
0.0
0.0
0.0
0.0
0.0
0.0
0.0
0.0
0.0
0.0
0.0
0.0
0.0
0.0
0.0
0.0
0.0
0.0
0.0
0.0
0.0
0.0
0.0
0.0
0.0
0.0
0.0
0.0
0.0
0.0
0.0
0.0
0.0
0.0
0.0
0.0
0.0
0.0
0.0
0.0
0.0
0.0
0.0
0.0
0.0
0.0
0.0
0.0
0.0
0.0
0.0
0.0
0.0
0.0
0.0
0.0
0.0
0.0
0.0
0.0
0.0
0.0
0.0
0.0
0.0
0.0
0.0
0.0
0.0
0.0
0.0
0.0
0.0
0.0
0.0
0.0
0.0
0.0
0.0
0.0
0.0
0.0
0.0
0.0
0.0
0.0
0.0
0.0
0.0
0.0
0.0
0.0
0.0
0.0
0.0
0.0
0.0
0.0
0.0
0.0
0.0
0.0
0.0
0.0
0.0
0.0
0.0
0.0
0.0
0.0
0.0
0.0
0.0
0.0
0.0
0.0
0.0
0.0
0.0
0.0
0.0
0.0
0.0
0.0
0.0
0.0
0.0
0.0
0.0
0.0
0.0
0.0
0.0
0.0
0.0
0.0
0.0
0.0
0.0
0.0
0.0
0.0
0.0
0.0
0.0
0.0
0.0
0.0
0.0
0.0
0.0
0.0
0.0
0.0
0.0
0.0
0.0
0.0
0.0
0.0
0.0
0.0
0.0
0.0
0.0
0.0
0.0
0.0
0.0
0.0
0.0
0.0
0.0
0.0
0.0
0.0
0.0
0.0
0.0
0.0
0.0
0.0
0.0
0.0
0.0
0.0
0.0
0.0
0.0
0.0
0.0
0.0
0.0
0.0
0.0
0.0
0.0
0.0
0.0
0.0
0.0
0.0
0.0
0.0
0.0
0.0
0.0
0.0
0.0
0.0
0.0
0.0
0.0
0.0
0.0
0.0
0.0
0.0
0.0
0.0
0.0
0.0
0.0
0.0
0.0
0.0
0.0
0.0
0.0
0.0
0.0
0.0
0.0
0.0
0.0
0.0
0.0
0.0
0.0
0.0
0.0
0.0
0.0
0.0
0.0
0.0
0.0
0.0
0.0
0.0
0.0
0.0
0.0
0.0
0.0
0.0
0.0
0.0
0.0
0.0
0.0
0.0
0.0
0.0
0.0
0.0
0.0
0.0
0.0
0.0
0.0
0.0
0.0
0.0
0.0
0.0
0.0
0.0
0.0
0.0
0.0
0.0
0.0
0.0
0.0
0.0
0.0
0.0
0.0
0.0
0.0
0.0
0.0
0.0
0.0
0.0
0.0
0.0
0.0
0.0
0.0
0.0
0.0
0.0
0.0
0.0
0.0
0.0
0.0
0.0
0.0
0.0
0.0
0.0
0.0
0.0
0.0
0.0
0.0
0.0
0.0
0.0
0.0
0.0
0.0
0.0
0.0
0.0
0.0
0.0
0.0
0.0
0.0
0.0
0.0
0.0
0.0
0.0
0.0
0.0
0.0
0.0
0.0
0.0
0.0
0.0
0.0
0.0
0.0
0.0
0.0
0.0
0.0
0.0
0.0
0.0
0.0
0.0
0.0
0.0
0.0
0.0
0.0
0.0
0.0
0.0
0.0
0.0
0.0
0.0
0.0
0.0
0.0
0.0
0.0
0.0
0.0
0.0
0.0
0.0
0.0
0.0
0.0
0.0
0.0
0.0
0.0
0.0
0.0
0.0
0.0
0.0
0.0
0.0
0.0
0.0
0.0
0.0
0.0
0.0
0.0
0.0
0.0
0.0
0.0
0.0
0.0
0.0
0.0
0.0
0.0
0.0
0.0
0.0
0.0
0.0
0.0
0.0
0.0
0.0
0.0
0.0
0.0
0.0
0.0
0.0
0.0
0.0
0.0
0.0
0.0
0.0
0.0
0.0
0.0
0.0
0.0
0.0
0.0
0.0
0.0
0.0
0.0
0.0
0.0
0.0
0.0
0.0
0.0
0.0
0.0
0.0
0.0
0.0
0.0
0.0
0.0
0.0
0.0
0.0
0.0
0.0
0.0
0.0
0.0
0.0
0.0
0.0
0.0
0.0
0.0
0.0
0.0
0.0
0.0
0.0
0.0
0.0
0.0
0.0
0.0
0.0
0.0
0.0
0.0
0.0
0.0
0.0
0.0
0.0
0.0
0.0
0.0
0.0
0.0
0.0
0.0
0.0
0.0
0.0
0.0
0.0
0.0
0.0
0.0
0.0
0.0
0.0
0.0
0.0
0.0
0.0
0.0
0.0
0.0
0.0
0.0
0.0
0.0
0.0
0.0
0.0
0.0
0.0
0.0
0.0
0.0
0.0
0.0
0.0
0.0
0.0
0.0
0.0
0.0
0.0
0.0
0.0
0.0
0.0
0.0
0.0
0.0
0.0
0.0
0.0
80.0
43856.0
0.0
0.0
0.0
0.0
0.0
0.0
0.0
0.0
0.0
0.0
0.0
0.0
0.0
0.0
0.0
0.0
0.0
0.0
0.0
0.0
0.0
0.0
0.0
0.0
0.0
0.0
