0.5336007
0.005830338
0.0031045857
0.0031646446
0.003950031
0.0016123519
0.00046199193
0.0009008843
0.006162972
0.0009332237
0.0011919391
0.0005451505
0.0034695594
0.001312057
0.00042503257
0.0021621222
0.0027211325
0.0009563233
0.00039269312
0.00031877443
0.0017370896
0.0025871547
0.00036959353
0.00025871547
0.0009563233
0.00020327645
0.00024947565
0.00024947565
0.00053591066
0.0002448557
0.00032801426
0.0003095346
0.0032200837
0.00034187402
0.00022637604
0.0004296525
0.0009794228
0.0009886627
0.0002448557
0.00021251629
0.00047123176
0.00021251629
0.0001940366
0.00048047162
0.0004989513
0.00031415452
0.0005682501
0.0001940366
0.0011595997
0.0007669066
0.000914744
0.002346919
0.00082696555
0.00090550416
0.0009332237
0.000914744
0.0012981973
0.0012704778
0.0009332237
0.0027211325
0.00097480294
0.0013952156
0.0011272603
0.0010071424
0.001196559
0.0014737543
0.0040239496
0.0057056
0.001372116
0.009821949
0.0008362054
0.00072994723
0.0012196586
0.0005682501
0.00048047162
0.0003372541
0.00078538625
0.0067312224
0.0005081911
0.00042503257
0.003155405
0.0032940025
0.0023238193
0.00085006515
0.0006421688
0.0069760783
0.0008177257
0.00066064845
0.00031415452
0.00027719515
0.00031877443
0.0006514086
0.00044813217
0.0013490164
0.0007761464
0.0009424635
0.00041579272
0.0015800124
0.0005913497
0.0009794228
0.0013490164
0.0027811914
0.0010625814
0.0007345672
0.003081486
0.0017232299
0.0033956408
0.0006560285
0.001884927
0.0006745082
0.0015569128
0.0015245733
0.0010210022
0.00029105492
0.0017001303
0.0015476729
0.0044305027
0.00399623
0.0006329289
0.00063754886
0.0006791281
0.0006005895
0.00056363014
0.0003326342
0.00079462613
0.0029706082
0.00036959353
0.00030029475
0.0012057989
0.001427555
0.0003095346
0.010750552
0.0011411201
0.004393543
0.00034187402
0.00023561588
0.0014367949
0.0062230313
0.0014552745
0.021390226
0.0010672014
0.00457372
0.0003557338
0.0005266708
0.00073918706
0.0003326342
0.0003372541
0.00019865653
0.0007253273
0.0016955103
0.00030029475
0.00013397766
0.0005682501
0.0006190692
0.00054977037
0.0002633354
0.0004342724
0.00012473782
0.00016169717
0.00014321749
0.00049433135
0.0017324698
0.00047123176
0.0005543903
0.00049433135
0.00017555692
0.00014321749
0.00012473782
0.0004342724
0.00014783742
0.00020327645
0.00034187402
0.000457372
0.00014783742
0.00017093701
0.00012935774
0.0006236891
0.00015245733
0.00011087806
0.00017093701
0.0005035712
0.00026795533
0.00017555692
0.00010163822
0.0010579615
0.0003326342
0.00031415452
0.00013397766
0.0005451505
0.000457372
0.0011734595
0.00021251629
0.003196984
0.0015476729
0.00092860375
0.0012797177
0.003598917
0.00021251629
0.00062830903
0.002582535
0.0008685448
0.0010256221
0.00034649394
9.70183e-05
0.107755
0.0006929879
0.00056363014
0.00036497362
0.0011642197
0.00030029475
0.0011041607
0.0004065529
0.00072994723
0.00018017685
0.00018017685
0.0001663171
0.0010071424
0.00031877443
0.00029567484
0.000115497984
0.0011087806
0.00020327645
0.00017093701
0.0001663171
0.0016862706
0.00062830903
0.00077152654
0.00032801426
0.0017509494
0.0011272603
0.00051743095
0.00014783742
0.0055300435
0.001884927
0.00039731307
0.0030075675
0.0029937078
0.00022175613
0.0003880732
0.00028643498
0.0019634657
0.00017093701
0.0015060937
0.00088240457
0.0040285694
0.00060520944
0.00024947565
0.0008546851
0.004744657
0.00075766677
0.00077152654
0.00053591066
0.005904257
0.0014598945
0.0015707725
0.027109686
0.40457588
1.6276043e-05
4.417783e-05
4.650298e-06
6.742932e-05
2.325149e-06
2.325149e-06
9.300596e-06
2.7901786e-05
1.6276043e-05
1.1625744e-05
6.9754465e-06
0.07132394
9.300596e-06
2.325149e-06
6.975447e-05
0.009156436
3.7202382e-05
2.092634e-05
2.325149e-06
5.3478423e-05
3.4877234e-05
0.000109281995
5.812872e-05
1.1625744e-05
4.650298e-06
9.300596e-06
4.650298e-06
4.650298e-06
2.325149e-06
1.3950893e-05
0.0
0.017438617
0.00015811012
0.00013950893
6.510417e-05
0.00014183408
5.3478423e-05
5.812872e-05
7.905506e-05
0.00015811012
5.1153274e-05
5.812872e-05
3.0226935e-05
6.510417e-05
4.8828126e-05
3.2552085e-05
0.00046968006
0.02578125
0.00022088914
0.0002952939
0.00013485864
0.0002766927
0.00011625744
0.0005766369
0.00026971727
0.00016276042
6.742932e-05
7.905506e-05
5.812872e-05
0.0046502976
9.53311e-05
7.2079616e-05
0.0004766555
0.0
0.0
0.0
0.0
0.0
0.0
0.0
0.0
0.0
0.0
0.0
0.0
0.0
0.0
0.0
0.0
0.007349795
3.2552085e-05
0.00021158854
0.00013718379
0.00017206102
0.00011160714
0.0007045201
0.00037434895
2.325149e-06
6.9754465e-06
1.3950893e-05
4.650298e-06
0.0
0.0
6.9754465e-06
0.0003952753
0.0034923735
6.045387e-05
4.6502977e-05
4.6502977e-05
4.185268e-05
3.2552085e-05
6.277902e-05
0.00013253349
3.7202382e-05
5.812872e-05
5.1153274e-05
3.7202382e-05
6.742932e-05
0.00017206102
4.6502977e-05
0.0003766741
0.008812314
6.742932e-05
0.000109281995
0.000106956846
0.0006533668
0.00027436757
0.0017787388
0.00087425596
6.975447e-05
0.00018136161
0.0001046317
0.0001232329
0.00015345983
0.00011858259
9.99814e-05
0.0007579985
0.0058361236
0.00011858259
9.99814e-05
0.0010300409
0.00021623884
0.00017903646
4.6502977e-05
0.000106956846
0.00025344122
6.742932e-05
7.4404765e-05
0.00011160714
0.00082310266
9.765625e-05
0.00022786458
0.00023484003
0.011732701
0.00017671131
0.0021972656
0.0019740514
0.0015694754
0.0008882068
0.0060756137
0.00289016
0.0003859747
0.000906808
0.00045107887
0.0005092076
0.000625465
0.00046037947
0.00053013396
0.006722005
0.007921782
0.00016741072
0.0008719308
0.0007859003
0.001422991
0.0008463542
0.0023577008
0.0015276228
0.0015276228
0.0005185082
0.00024414062
0.0001953125
0.0051199775
0.00031156995
0.0010091146
0.0037434895
0.0031691778
0.0004929316
0.00070917036
0.007447452
0.0010904948
0.00076962425
0.0019019718
0.0011602492
0.00085100444
0.00059291295
0.0005812872
0.0005975632
0.0021902903
0.0005347842
0.0005022322
0.001218378
0.013550967
0.0020763578
0.0007231213
0.0020903088
0.007747396
0.0051037017
0.002580915
0.0029087611
0.0125790555
0.0015369233
0.00085565477
0.0011276972
0.009991164
0.0012021019
0.003876023
0.008240327
0.051985677
0.008830915
0.00406436
0.0053362167
0.022319103
0.014873977
0.0068336125
0.010019066
0.040573847
0.0030412946
0.0036621094
0.0034993489
0.031419735
0.004568917
0.015378534
0.030736143
0.0
0.0
0.0
0.0
0.0
0.0
0.0
0.0
0.0
0.0
0.0
0.0
0.0
0.0
0.0
0.0
0.0
0.0
0.0
0.0
0.0
0.0
0.0
0.0
0.0
0.0
0.0
0.0
0.0
0.0
0.0
0.0
536.0
16.725746
8965.0
0.043614056
0.003123257
0.001003904
0.001003904
0.002230898
0.007808143
0.002007808
0.0012269939
0.0026770774
0.0023424427
0.001003904
0.0015616285
0.0026770774
0.0046848855
0.008923592
0.0017847184
0.01115449
0.009592861
0.0109314
0.010039041
0.009369771
0.010819855
0.010373675
0.008812047
0.013162298
0.015170106
0.011823759
0.011266035
0.009704406
0.013273843
0.015727831
0.01070831
0.004127161
0.0137200225
0.012158394
0.012381484
0.010150585
0.011712214
0.011712214
0.009704406
0.0072504184
0.008812047
0.0052426104
0.006134969
0.009146682
0.007696598
0.009146682
0.006581149
0.0070273285
0.0046848855
0.008142778
0.008588957
0.0046848855
0.006246514
0.006358059
0.0029001674
0.0027886224
0.002119353
0.0013385387
0.002119353
0.0026770774
0.0025655327
0.0018962632
0.0073619634
0.0016731735
0.031232571
0.008588957
0.017735638
0.02074735
0.058003347
0.010819855
0.011042945
0.015058561
0.029782487
0.0025655327
0.008142778
0.037144452
0.012493028
0.03212493
0.033351924
0.016285555
0.0029001674
0.030674847
0.023647519
0.04305633
0.015281651
0.006358059
0.005577245
0.008812047
0.006358059
0.0027886224
0.0024539877
0.008477412
0.004461796
0.0027886224
0.0027886224
6.0441437
0.0
0.0
0.0
4.0
216454.0
319488.0
1.0
0.0
62.0
0.0
1.0
0.0
0.0
0.0
1219445200.0
0.0
0.0
0.0
0.0
0.0
1.0
0.0
0.0
0.0
0.0
0.0
0.0
-1.0
1.0
-1.0
-1.0
0.0
0.0
0.0
0.0
0.0
0.0
0.0
0.0
0.0
0.0
0.0
0.0
-1.0
0.0
0.0
0.0
0.0
0.0
0.0
0.0
0.0
0.0
0.0
0.0
0.0
-1.0
0.0
0.0
0.0
0.0
0.0
0.0
0.0
0.0
0.0
0.0
6.0
0.0
4.0
0.0
4.0
0.0
155648.0
4096.0
4096.0
7.0
1.0
0.0
2.0
4.0
0.0
0.0
0.0
0.0
0.0
-8192.0
0.0
0.0
0.0
0.0
0.0
0.0
0.0
0.0
8192.0
0.0
0.0
0.0
0.0
0.0
0.0
0.0
0.0
0.0
0.0
0.0
0.0
0.0
0.0
0.0
0.0
0.0
-16384.0
0.0
0.0
0.0
0.0
0.0
0.0
0.0
0.0
-155648.0
-4096.0
16384.0
0.0
0.0
0.0
0.0
0.0
0.0
0.0
0.0
0.0
0.0
0.0
-4.148177
0.0
0.0
0.0
0.0
0.0
0.0
0.0
0.0
4.965816
0.0
0.0
0.0
0.0
0.0
0.0
0.0
0.0
0.0
0.0
0.0
0.0
0.0
0.0
0.0
0.0
0.0
-0.4438243
0.0
0.0
0.0
0.0
0.0
0.0
0.0
0.0
-3.90905
-4.1785336
2.9167492
0.0
0.0
0.0
0.0
0.0
0.0
0.0
0.0
0.0
0.0
0.0
-36864.0
0.0
0.0
0.0
0.0
0.0
0.0
0.0
0.0
6805.0
0.0
-4096.0
0.0
0.0
0.0
0.0
0.0
0.0
0.0
0.0
0.0
0.0
0.0
0.0
0.0
0.0
0.0
-87716.0
0.0
0.0
0.0
0.0
0.0
0.0
0.0
0.0
-155088.0
-2532.0
13404.0
0.0
0.0
0.0
0.0
0.0
0.0
0.0
0.0
0.0
-1.0
0.0
0.0
0.0
0.0
0.0
1.0
0.0
0.0
0.0
0.0
0.0
0.0
0.0
0.0
0.0
0.0
0.0
0.0
0.0
0.0
0.0
0.0
0.0
0.0
0.0
0.0
0.0
0.0
0.0
0.0
0.0
0.0
0.0
0.0
0.0
-2.0
0.0
0.0
0.0
1.0
0.0
0.0
0.0
0.0
0.0
0.0
0.0
0.0
0.0
0.0
0.0
0.0
0.0
0.0
0.0
0.0
0.0
0.0
0.0
-1.0
0.0
0.0
0.0
0.0
0.0
0.0
0.0
0.0
0.0
1.0
0.0
0.0
0.0
0.0
1.0
0.0
0.0
0.0
0.0
0.0
0.0
0.0
0.0
0.0
0.0
0.0
0.0
0.0
0.0
0.0
0.0
0.0
0.0
0.0
0.0
0.0
0.0
0.0
0.0
0.0
0.0
0.0
0.0
0.0
0.0
0.0
0.0
0.0
0.0
0.0
0.0
0.0
0.0
0.0
0.0
0.0
0.0
0.0
0.0
0.0
0.0
0.0
0.0
0.0
0.0
0.0
-1.0
0.0
0.0
0.0
0.0
0.0
0.0
0.0
0.0
0.0
0.0
0.0
0.0
-1.0
0.0
0.0
0.0
0.0
0.0
0.0
0.0
0.0
0.0
0.0
0.0
0.0
0.0
0.0
0.0
0.0
0.0
0.0
0.0
0.0
0.0
0.0
0.0
0.0
0.0
0.0
0.0
0.0
0.0
0.0
0.0
0.0
0.0
0.0
0.0
0.0
0.0
0.0
0.0
0.0
0.0
0.0
0.0
0.0
0.0
0.0
0.0
0.0
0.0
0.0
0.0
0.0
0.0
0.0
0.0
0.0
-1.0
0.0
0.0
0.0
0.0
0.0
0.0
0.0
0.0
0.0
0.0
0.0
0.0
0.0
0.0
0.0
0.0
1.0
0.0
0.0
0.0
0.0
0.0
0.0
0.0
0.0
0.0
0.0
0.0
0.0
0.0
0.0
0.0
0.0
0.0
0.0
0.0
0.0
0.0
0.0
0.0
0.0
0.0
0.0
0.0
0.0
0.0
0.0
0.0
0.0
0.0
0.0
0.0
0.0
0.0
0.0
0.0
0.0
0.0
0.0
0.0
0.0
0.0
0.0
0.0
0.0
0.0
0.0
0.0
0.0
0.0
0.0
0.0
0.0
0.0
0.0
0.0
0.0
0.0
0.0
0.0
0.0
0.0
0.0
0.0
0.0
0.0
0.0
0.0
0.0
0.0
0.0
0.0
0.0
0.0
0.0
0.0
0.0
0.0
0.0
0.0
0.0
0.0
0.0
0.0
0.0
0.0
0.0
0.0
0.0
0.0
0.0
0.0
0.0
0.0
0.0
0.0
0.0
0.0
0.0
0.0
0.0
0.0
0.0
0.0
0.0
0.0
0.0
0.0
0.0
0.0
0.0
0.0
0.0
0.0
0.0
0.0
0.0
0.0
0.0
0.0
0.0
0.0
0.0
0.0
0.0
0.0
0.0
0.0
0.0
0.0
0.0
0.0
0.0
0.0
0.0
0.0
0.0
0.0
0.0
0.0
0.0
0.0
0.0
0.0
0.0
0.0
0.0
0.0
1.0
0.0
0.0
0.0
0.0
0.0
0.0
0.0
0.0
0.0
0.0
0.0
0.0
0.0
0.0
0.0
0.0
0.0
0.0
0.0
0.0
0.0
0.0
0.0
0.0
0.0
0.0
0.0
0.0
-1.0
0.0
0.0
0.0
0.0
0.0
0.0
0.0
0.0
0.0
0.0
0.0
0.0
0.0
0.0
0.0
0.0
0.0
0.0
0.0
0.0
0.0
0.0
0.0
0.0
0.0
0.0
0.0
0.0
0.0
0.0
0.0
0.0
0.0
0.0
0.0
0.0
0.0
0.0
0.0
0.0
0.0
0.0
0.0
0.0
0.0
0.0
0.0
0.0
0.0
0.0
0.0
0.0
0.0
0.0
0.0
0.0
0.0
0.0
0.0
0.0
1.0
0.0
0.0
1.0
0.0
0.0
0.0
0.0
0.0
0.0
0.0
0.0
0.0
0.0
0.0
0.0
0.0
0.0
0.0
0.0
0.0
0.0
0.0
0.0
0.0
0.0
0.0
0.0
-1.0
0.0
0.0
0.0
0.0
0.0
0.0
0.0
0.0
0.0
0.0
0.0
0.0
0.0
0.0
0.0
0.0
0.0
0.0
0.0
0.0
0.0
0.0
0.0
0.0
0.0
0.0
0.0
0.0
0.0
0.0
0.0
0.0
0.0
0.0
0.0
0.0
0.0
0.0
0.0
0.0
0.0
0.0
0.0
0.0
0.0
0.0
0.0
0.0
0.0
0.0
0.0
0.0
0.0
0.0
0.0
0.0
0.0
0.0
0.0
0.0
0.0
0.0
0.0
0.0
0.0
0.0
0.0
0.0
0.0
0.0
0.0
0.0
0.0
0.0
0.0
0.0
0.0
0.0
0.0
0.0
0.0
0.0
0.0
0.0
0.0
0.0
0.0
0.0
0.0
-1.0
0.0
0.0
0.0
0.0
0.0
0.0
0.0
0.0
0.0
0.0
0.0
0.0
0.0
0.0
0.0
0.0
0.0
0.0
0.0
0.0
0.0
0.0
0.0
0.0
0.0
0.0
0.0
0.0
0.0
0.0
1.0
0.0
0.0
0.0
0.0
0.0
0.0
0.0
0.0
0.0
0.0
0.0
0.0
0.0
0.0
0.0
-1.0
0.0
0.0
0.0
0.0
0.0
0.0
0.0
0.0
0.0
0.0
0.0
-1.0
0.0
-1.0
0.0
0.0
0.0
0.0
0.0
0.0
0.0
0.0
0.0
0.0
0.0
0.0
0.0
0.0
0.0
0.0
0.0
0.0
0.0
0.0
0.0
0.0
0.0
0.0
0.0
0.0
0.0
0.0
0.0
0.0
0.0
0.0
0.0
0.0
0.0
0.0
0.0
0.0
0.0
0.0
-1.0
0.0
0.0
1.0
0.0
0.0
0.0
0.0
0.0
0.0
0.0
0.0
0.0
0.0
0.0
0.0
0.0
0.0
0.0
0.0
0.0
0.0
0.0
0.0
0.0
0.0
0.0
0.0
0.0
0.0
0.0
0.0
0.0
0.0
0.0
0.0
0.0
0.0
0.0
0.0
0.0
0.0
0.0
0.0
0.0
0.0
0.0
-1.0
0.0
0.0
0.0
-1.0
0.0
0.0
0.0
0.0
0.0
0.0
0.0
0.0
0.0
0.0
0.0
0.0
0.0
0.0
0.0
0.0
0.0
0.0
0.0
0.0
0.0
0.0
0.0
0.0
0.0
0.0
0.0
0.0
0.0
0.0
0.0
0.0
0.0
0.0
1.0
0.0
0.0
0.0
0.0
0.0
0.0
0.0
0.0
0.0
0.0
-1.0
0.0
1.0
0.0
0.0
0.0
0.0
0.0
0.0
0.0
0.0
0.0
0.0
0.0
0.0
0.0
0.0
0.0
0.0
0.0
0.0
0.0
0.0
0.0
0.0
0.0
0.0
0.0
0.0
0.0
0.0
1.0
0.0
0.0
0.0
0.0
0.0
0.0
0.0
0.0
0.0
0.0
0.0
0.0
0.0
0.0
0.0
0.0
0.0
0.0
0.0
0.0
0.0
0.0
0.0
0.0
0.0
0.0
0.0
0.0
0.0
0.0
0.0
0.0
0.0
0.0
0.0
0.0
0.0
0.0
-1.0
0.0
0.0
0.0
0.0
0.0
0.0
0.0
0.0
0.0
0.0
0.0
0.0
0.0
0.0
0.0
0.0
0.0
0.0
-1.0
0.0
0.0
0.0
0.0
0.0
0.0
0.0
0.0
0.0
0.0
0.0
0.0
0.0
0.0
0.0
0.0
0.0
0.0
0.0
0.0
0.0
0.0
0.0
0.0
0.0
0.0
0.0
0.0
0.0
0.0
0.0
0.0
0.0
0.0
0.0
0.0
0.0
0.0
0.0
0.0
0.0
0.0
0.0
0.0
0.0
0.0
0.0
0.0
0.0
0.0
0.0
0.0
1.0
0.0
0.0
0.0
0.0
0.0
0.0
0.0
0.0
0.0
0.0
0.0
0.0
0.0
0.0
0.0
1.0
0.0
0.0
-2.0
0.0
0.0
0.0
0.0
0.0
0.0
0.0
0.0
0.0
0.0
1.0
0.0
0.0
0.0
1.0
0.0
0.0
1.0
-1.0
0.0
0.0
0.0
0.0
0.0
0.0
0.0
0.0
0.0
0.0
0.0
-1.0
-1.0
0.0
0.0
0.0
0.0
0.0
1.0
0.0
0.0
0.0
0.0
0.0
0.0
0.0
0.0
0.0
0.0
0.0
0.0
0.0
0.0
0.0
0.0
0.0
1.0
0.0
1.0
0.0
0.0
0.0
0.0
0.0
1.0
0.0
0.0
0.0
0.0
0.0
0.0
0.0
0.0
-1.0
0.0
0.0
0.0
0.0
0.0
0.0
0.0
0.0
0.0
0.0
0.0
0.0
0.0
0.0
1.0
0.0
0.0
0.0
0.0
0.0
0.0
0.0
0.0
0.0
1.0
0.0
0.0
0.0
0.0
0.0
0.0
0.0
0.0
0.0
0.0
0.0
0.0
0.0
0.0
0.0
0.0
0.0
0.0
0.0
0.0
0.0
0.0
0.0
0.0
0.0
0.0
0.0
0.0
0.0
0.0
0.0
0.0
0.0
0.0
0.0
0.0
0.0
0.0
-1.0
0.0
0.0
0.0
0.0
0.0
0.0
0.0
0.0
0.0
0.0
0.0
0.0
0.0
0.0
0.0
0.0
0.0
0.0
-1.0
0.0
0.0
0.0
0.0
1.0
0.0
0.0
0.0
0.0
0.0
0.0
1.0
0.0
0.0
0.0
0.0
0.0
0.0
0.0
0.0
0.0
0.0
0.0
0.0
0.0
0.0
0.0
0.0
0.0
0.0
0.0
0.0
-1.0
0.0
0.0
0.0
0.0
0.0
0.0
0.0
0.0
0.0
0.0
0.0
0.0
0.0
-1.0
-1.0
0.0
0.0
0.0
0.0
0.0
0.0
0.0
0.0
0.0
-1.0
0.0
0.0
0.0
0.0
0.0
0.0
0.0
0.0
0.0
0.0
0.0
-1.0
0.0
0.0
1.0
0.0
0.0
0.0
0.0
0.0
0.0
0.0
0.0
0.0
0.0
0.0
0.0
0.0
0.0
0.0
0.0
-1.0
0.0
-1.0
1.0
0.0
0.0
0.0
0.0
1.0
0.0
0.0
0.0
0.0
0.0
0.0
0.0
0.0
0.0
0.0
0.0
0.0
1.0
0.0
0.0
0.0
-1.0
0.0
0.0
0.0
0.0
0.0
0.0
0.0
0.0
1.0
0.0
0.0
0.0
0.0
0.0
0.0
0.0
0.0
0.0
0.0
0.0
0.0
0.0
0.0
0.0
0.0
0.0
0.0
0.0
0.0
0.0
0.0
0.0
0.0
-1.0
0.0
0.0
0.0
0.0
0.0
0.0
0.0
0.0
0.0
0.0
0.0
0.0
0.0
0.0
0.0
0.0
0.0
0.0
0.0
0.0
0.0
0.0
-1.0
0.0
0.0
0.0
0.0
0.0
0.0
0.0
0.0
0.0
0.0
0.0
0.0
0.0
0.0
0.0
0.0
0.0
0.0
0.0
0.0
0.0
0.0
0.0
-1.0
0.0
0.0
0.0
0.0
0.0
0.0
0.0
0.0
0.0
0.0
0.0
0.0
0.0
0.0
0.0
0.0
0.0
0.0
0.0
0.0
0.0
0.0
0.0
0.0
0.0
-1.0
-1.0
0.0
0.0
0.0
0.0
0.0
0.0
0.0
0.0
0.0
0.0
0.0
0.0
0.0
0.0
0.0
0.0
0.0
0.0
0.0
0.0
0.0
0.0
0.0
0.0
-1.0
0.0
0.0
0.0
0.0
0.0
0.0
0.0
0.0
0.0
0.0
0.0
0.0
0.0
0.0
0.0
0.0
0.0
0.0
0.0
0.0
0.0
0.0
0.0
0.0
0.0
0.0
0.0
0.0
0.0
0.0
0.0
0.0
0.0
0.0
0.0
0.0
0.0
0.0
0.0
0.0
0.0
0.0
0.0
0.0
0.0
0.0
0.0
0.0
0.0
0.0
0.0
0.0
0.0
0.0
0.0
0.0
0.0
0.0
0.0
0.0
0.0
0.0
0.0
0.0
0.0
0.0
0.0
0.0
0.0
0.0
0.0
0.0
0.0
0.0
0.0
0.0
0.0
0.0
0.0
0.0
0.0
0.0
0.0
0.0
0.0
0.0
0.0
0.0
0.0
0.0
0.0
0.0
0.0
0.0
0.0
0.0
0.0
0.0
0.0
0.0
0.0
0.0
0.0
0.0
0.0
0.0
0.0
0.0
0.0
0.0
0.0
0.0
0.0
0.0
0.0
0.0
0.0
0.0
0.0
0.0
0.0
0.0
0.0
0.0
0.0
0.0
0.0
0.0
0.0
0.0
0.0
0.0
0.0
0.0
0.0
0.0
0.0
0.0
0.0
0.0
0.0
0.0
0.0
0.0
0.0
0.0
0.0
0.0
0.0
0.0
0.0
0.0
0.0
0.0
0.0
0.0
0.0
0.0
0.0
0.0
0.0
0.0
0.0
0.0
0.0
0.0
0.0
0.0
100.0
258048.0
13404.0
262144.0
0.0
0.0
0.0
0.0
0.0
0.0
28.0
159744.0
0.0
0.0
0.0
0.0
0.0
0.0
0.0
0.0
0.0
0.0
468.0
258616.0
0.0
0.0
0.0
0.0
