0.7174285
0.002865658
0.0022748916
0.0016664903
0.002266074
0.0012256198
0.0004849575
0.0008993757
0.0015783162
0.0003967834
0.00034387896
0.00031742672
0.001163898
0.0005114097
0.00046732268
0.0019221952
0.00092582795
0.00042323564
0.00022925263
8.817409e-05
0.0008552887
0.0022748916
0.00025570486
0.00020280041
0.00033506154
0.00014989596
0.00011462632
0.00017634819
0.00029979192
0.00034387896
0.00016753077
0.00022925263
0.00041441823
0.00014989596
0.00014989596
0.00016753077
0.0009875498
0.00016753077
0.00020280041
0.0007935668
0.00043205306
0.00037914858
0.00010580891
7.0539274e-05
0.00042323564
0.00012344372
0.00044968785
0.00025570486
0.00035269637
0.0010757239
0.00040560082
0.0005114097
0.0008464713
0.001119811
0.00074947975
0.00063485344
0.0010845413
0.0019927344
0.0008817409
0.001014002
0.0015077769
0.0013402462
0.0009875498
0.0008729235
0.0070891967
0.0027245793
0.0014284203
0.0012697069
0.0014372377
0.0036327725
0.0013402462
0.0010492717
0.0008729235
0.0010051846
0.0010404543
0.00093464536
0.0010051846
0.0011727154
0.0020368216
0.00082001905
0.0047790357
0.0012168024
0.0011286284
0.0019221952
0.001014002
0.0013755158
0.0017987514
0.0011462632
0.0009434628
0.0012432546
0.0008641061
0.0012873417
0.0013666984
0.0013314288
0.0012785243
0.00093464536
0.0008905583
0.002028004
0.0011550806
0.0016400381
0.0019221952
0.0030155538
0.0015342291
0.001119811
0.0027422141
0.001745847
0.0027422141
0.0008993757
0.0019310126
0.0009610976
0.0016047684
0.0014725074
0.0031125455
0.0010845413
0.0018869255
0.0022219871
0.0031742672
0.0028744754
0.0009610976
0.0017370296
0.001163898
0.0012344372
0.0010933587
0.0006613057
0.0016224033
0.0012256198
0.0007935668
0.0008729235
0.0020632737
0.0011903503
0.00072302757
0.0032800762
0.0015165943
0.004223539
0.0008993757
0.0006701231
0.0012961591
0.0047084964
0.0014725074
0.004011921
0.0012961591
0.005898847
0.0007406624
0.001014002
0.001252072
0.0008023842
0.001014002
0.00063485344
0.0010757239
0.0011815329
0.0006965753
0.00054667937
0.0008552887
0.0012697069
0.0003703312
0.00024688744
0.0005643142
0.00029979192
0.00037914858
0.00035269637
0.0004849575
0.0009610976
0.0004849575
0.00074947975
0.00053786195
0.00043205306
0.00034387896
0.00023807005
0.00033506154
0.00024688744
0.00031742672
0.0001851656
0.000775932
0.00024688744
0.00040560082
0.00024688744
0.0003967834
0.00025570486
0.00027333968
0.00025570486
0.0003967834
0.0005025923
0.00064367085
0.00026452227
0.00082001905
0.00042323564
0.00042323564
0.0002821571
0.00081120164
0.00046732268
0.0008729235
0.000731845
0.0019927344
0.00065248826
0.0007935668
0.001163898
0.00092582795
0.00032624413
0.0011991677
0.0010492717
0.00052904454
0.00015871336
0.00054667937
0.00011462632
0.0005643142
8.817409e-05
0.0008376539
0.00036151378
0.00043205306
0.00059076643
0.00026452227
0.000193983
0.00023807005
7.0539274e-05
0.00012344372
0.0001851656
0.0005554968
0.00046732268
0.00034387896
0.00044968785
0.0003967834
0.00024688744
0.00016753077
0.00012344372
0.0004849575
0.00035269637
0.00054667937
0.00040560082
0.00020280041
0.00040560082
0.00065248826
0.00024688744
0.0023895178
0.00071421015
0.0001851656
0.0014019681
0.0011991677
0.00017634819
0.00014989596
0.00044968785
0.0005643142
0.00016753077
0.0011815329
0.00044968785
0.0005025923
0.0007671146
0.000775932
0.00053786195
0.0016753078
0.00045850527
0.0007406624
0.00052904454
0.0019310126
0.00059076643
0.0013226114
0.031178359
0.6146789
0.0
0.0
0.0
0.0
0.0
0.0
0.0
0.0
0.0
0.0
0.0
0.0
0.0
0.0
0.0
0.016789708
1.7918577e-05
1.7918577e-05
4.4796445e-05
0.0
0.0
0.0
5.3755735e-05
0.0
0.0
8.959289e-06
0.0
8.959289e-06
0.0
0.0
0.0014066084
0.0
0.0
0.0
0.0
0.0
0.0
0.0
0.0
0.0
0.0
0.0
0.0
0.0
0.0
0.0
0.0
0.008049921
8.06336e-05
7.6153956e-05
4.03168e-05
6.719467e-05
4.03168e-05
0.00011199111
4.927609e-05
6.271502e-05
6.719467e-05
8.959289e-05
3.5837154e-05
5.823538e-05
8.511324e-05
6.719467e-05
0.00019262472
0.015159117
3.135751e-05
0.00010751147
0.00011199111
0.00015230791
0.00013438934
0.00026877868
0.0002105433
0.00017022649
0.00026429901
0.00011647076
0.00016574685
0.00029565653
0.00015678756
0.00019262472
0.00081081566
0.006813539
2.2398222e-05
3.135751e-05
2.6877868e-05
0.0003225344
0.00012990969
0.0009631236
0.0007346617
2.2398222e-05
1.7918577e-05
1.7918577e-05
1.7918577e-05
1.7918577e-05
1.7918577e-05
8.959289e-06
8.959289e-06
0.006665711
3.5837154e-05
4.4796445e-05
3.5837154e-05
0.00033597334
0.00012990969
0.0009855218
0.00074362097
3.5837154e-05
1.7918577e-05
4.927609e-05
1.7918577e-05
1.7918577e-05
1.7918577e-05
3.135751e-05
8.959289e-06
0.0
0.0
0.0
0.0
0.0
0.0
0.0
0.0
0.0
0.0
0.0
0.0
0.0
0.0
0.0
0.0
0.0056667505
0.00010303182
9.407254e-05
8.511324e-05
8.511324e-05
6.271502e-05
0.00012543004
0.00047932196
8.511324e-05
0.00013438934
9.855218e-05
7.6153956e-05
0.00016574685
0.00033597334
0.00032701404
0.0012498208
0.012045764
0.00012543004
0.00018814507
0.00019262472
0.00023294151
0.00017918578
0.00032701404
0.00017470613
0.0010930332
0.002042718
0.00074810063
0.0008780103
0.0011736669
0.0008376935
0.0014782827
0.0149799315
0.017295908
0.00041660693
0.00055547594
0.0011199111
0.0019172878
0.0012946173
0.0030416786
0.0024100489
0.001980003
0.00060923165
0.00034493263
0.00044796444
0.0006226706
0.00050619984
0.0010347979
0.003099914
0.0
0.0
0.0
0.0
0.0
0.0
0.0
0.0
0.0
0.0
0.0
0.0
0.0
0.0
0.0
0.0
0.0018411339
0.00032701404
0.00047932196
0.0070151235
0.009635716
0.009254945
0.013286626
0.0099582495
0.008829379
0.0056667505
0.002732583
0.0027505017
0.0013170155
3.5837154e-05
7.6153956e-05
0.00018814507
0.03138439
0.0046005948
0.0030192805
0.0043049385
0.010491327
0.007973767
0.0041123135
0.0071898294
0.017752832
0.0015992331
0.00189041
0.002696746
0.0059624068
0.0024548452
0.0053576548
0.0176498
0.0072525446
0.0013528527
0.0006361095
0.0014245269
0.0041795084
0.0029117689
0.0023383745
0.0026429903
0.004143671
0.00043900515
0.0006853856
0.00053755735
0.0016843464
0.00047932196
0.0015275588
0.0044617257
0.0
0.0
0.0
0.0
0.0
0.0
0.0
0.0
0.0
0.0
0.0
0.0
0.0
0.0
0.0
0.0
376.0
17.101065
6430.0
0.001399689
0.00046656298
0.00031104198
0.00031104198
0.00062208396
0.00015552099
0.00031104198
0.0010886469
0.00015552099
0.00015552099
0.00031104198
0.00015552099
0.00062208396
0.00046656298
0.00466563
0.0021772939
0.0012441679
0.004043546
0.0057542766
0.007620529
0.008087092
0.009953343
0.0110419905
0.009642302
0.010108865
0.017418351
0.013841368
0.013374805
0.013530327
0.012130638
0.015085537
0.0118195955
0.0110419905
0.021617418
0.014930015
0.016640747
0.016329704
0.014774495
0.018351477
0.01415241
0.012286158
0.016174184
0.01415241
0.013219285
0.014774495
0.012130638
0.013530327
0.00933126
0.009953343
0.010730948
0.0110419905
0.013841368
0.008398133
0.008242613
0.008553655
0.004510109
0.00466563
0.00466563
0.0043545878
0.003888025
0.0066874027
0.006842924
0.004510109
0.003888025
0.0041990667
0.023639191
0.008242613
0.014618973
0.022706065
0.045878693
0.013841368
0.013219285
0.014774495
0.021928461
0.010419907
0.008242613
0.027527217
0.013063763
0.022083981
0.018351477
0.013374805
0.010108865
0.021306377
0.013841368
0.028460342
0.013530327
0.011975117
0.0094867805
0.009020218
0.011508553
0.008087092
0.0065318816
0.01088647
0.008242613
0.008087092
0.0065318816
6.1977887
0.0
0.0
0.0
3.0
113412.0
167936.0
0.0
0.0
28.0
0.0
1.0
0.0
0.0
0.0
1299095800.0
0.0
0.0
0.0
0.0
0.0
1.0
0.0
0.0
0.0
0.0
0.0
0.0
-1.0
0.0
-1.0
-1.0
0.0
0.0
0.0
0.0
0.0
0.0
0.0
0.0
0.0
0.0
0.0
0.0
-1.0
0.0
0.0
0.0
0.0
0.0
0.0
0.0
0.0
0.0
0.0
0.0
0.0
-1.0
0.0
0.0
0.0
0.0
0.0
0.0
0.0
0.0
0.0
0.0
2.0
50.0
4.0
0.0
4.0
0.0
18944.0
1024.0
4096.0
4.0
0.0
0.0
2.0
3.0
0.0
0.0
0.0
0.0
0.0
0.0
0.0
0.0
0.0
0.0
0.0
0.0
0.0
0.0
2048.0
0.0
0.0
0.0
0.0
0.0
0.0
0.0
0.0
0.0
0.0
0.0
0.0
0.0
0.0
0.0
0.0
0.0
-2560.0
0.0
0.0
0.0
0.0
0.0
0.0
0.0
0.0
-18944.0
0.0
79872.0
0.0
0.0
0.0
0.0
0.0
0.0
0.0
0.0
0.0
0.0
0.0
0.0
0.0
0.0
0.0
0.0
0.0
0.0
0.0
0.0
5.7255936
0.0
0.0
0.0
0.0
0.0
0.0
0.0
0.0
0.0
0.0
0.0
0.0
0.0
0.0
0.0
0.0
0.0
-2.3341854
0.0
0.0
0.0
0.0
0.0
0.0
0.0
0.0
-6.3397145
0.0
0.6058989
0.0
0.0
0.0
0.0
0.0
0.0
0.0
0.0
0.0
0.0
0.0
0.0
0.0
0.0
0.0
0.0
0.0
0.0
0.0
0.0
1960.0
0.0
0.0
0.0
0.0
0.0
0.0
0.0
0.0
0.0
0.0
0.0
0.0
0.0
0.0
0.0
0.0
0.0
-57344.0
0.0
0.0
0.0
0.0
0.0
0.0
0.0
0.0
-18886.0
0.0
81920.0
0.0
0.0
0.0
0.0
0.0
0.0
0.0
0.0
0.0
-1.0
0.0
0.0
0.0
0.0
0.0
1.0
0.0
0.0
0.0
0.0
0.0
0.0
0.0
0.0
0.0
0.0
0.0
0.0
0.0
0.0
0.0
0.0
0.0
0.0
0.0
0.0
0.0
0.0
0.0
0.0
0.0
0.0
0.0
0.0
0.0
-2.0
0.0
0.0
0.0
1.0
0.0
0.0
0.0
0.0
0.0
0.0
0.0
0.0
0.0
0.0
0.0
0.0
0.0
0.0
0.0
0.0
0.0
0.0
0.0
-1.0
0.0
0.0
0.0
0.0
0.0
0.0
0.0
0.0
0.0
1.0
0.0
0.0
0.0
0.0
1.0
0.0
0.0
0.0
0.0
0.0
0.0
0.0
0.0
1.0
0.0
0.0
0.0
0.0
0.0
0.0
0.0
0.0
0.0
0.0
0.0
0.0
0.0
0.0
0.0
0.0
0.0
0.0
0.0
0.0
0.0
0.0
0.0
0.0
0.0
0.0
0.0
0.0
0.0
0.0
0.0
0.0
0.0
0.0
0.0
0.0
0.0
0.0
0.0
0.0
0.0
0.0
0.0
0.0
0.0
0.0
0.0
0.0
0.0
0.0
0.0
0.0
0.0
0.0
0.0
0.0
0.0
0.0
0.0
0.0
0.0
0.0
0.0
0.0
0.0
0.0
0.0
0.0
0.0
0.0
0.0
0.0
0.0
0.0
0.0
0.0
0.0
0.0
0.0
0.0
0.0
0.0
0.0
0.0
0.0
0.0
0.0
0.0
0.0
0.0
0.0
0.0
0.0
0.0
0.0
0.0
0.0
0.0
0.0
0.0
0.0
0.0
0.0
0.0
0.0
0.0
0.0
0.0
0.0
0.0
0.0
0.0
0.0
0.0
0.0
0.0
0.0
0.0
0.0
0.0
0.0
0.0
0.0
0.0
0.0
0.0
0.0
0.0
0.0
1.0
0.0
0.0
0.0
0.0
0.0
0.0
0.0
0.0
0.0
0.0
0.0
0.0
0.0
0.0
0.0
0.0
0.0
0.0
0.0
0.0
0.0
0.0
0.0
0.0
0.0
0.0
0.0
0.0
0.0
0.0
0.0
0.0
0.0
0.0
0.0
0.0
0.0
0.0
0.0
0.0
0.0
0.0
0.0
0.0
0.0
0.0
0.0
0.0
0.0
0.0
0.0
0.0
0.0
0.0
0.0
0.0
0.0
0.0
0.0
0.0
0.0
0.0
0.0
0.0
0.0
0.0
0.0
0.0
0.0
0.0
0.0
0.0
0.0
0.0
0.0
0.0
0.0
0.0
0.0
0.0
0.0
0.0
0.0
0.0
0.0
0.0
0.0
0.0
0.0
0.0
0.0
0.0
0.0
0.0
0.0
0.0
0.0
0.0
0.0
0.0
0.0
0.0
0.0
0.0
0.0
0.0
0.0
0.0
0.0
0.0
0.0
0.0
0.0
0.0
0.0
0.0
0.0
0.0
0.0
0.0
0.0
0.0
0.0
0.0
0.0
0.0
0.0
0.0
0.0
0.0
0.0
0.0
0.0
0.0
0.0
0.0
0.0
0.0
0.0
0.0
0.0
0.0
0.0
0.0
0.0
0.0
0.0
0.0
0.0
0.0
0.0
0.0
0.0
0.0
0.0
0.0
0.0
0.0
0.0
0.0
0.0
0.0
0.0
0.0
0.0
0.0
0.0
0.0
0.0
0.0
0.0
0.0
0.0
0.0
0.0
0.0
0.0
0.0
0.0
0.0
0.0
0.0
0.0
0.0
0.0
0.0
0.0
0.0
0.0
0.0
0.0
0.0
0.0
0.0
0.0
0.0
0.0
0.0
0.0
0.0
0.0
0.0
0.0
0.0
0.0
0.0
0.0
0.0
0.0
0.0
0.0
0.0
0.0
0.0
0.0
0.0
0.0
0.0
0.0
0.0
0.0
0.0
0.0
0.0
0.0
0.0
0.0
0.0
0.0
0.0
0.0
0.0
0.0
0.0
0.0
0.0
0.0
0.0
0.0
0.0
0.0
0.0
0.0
0.0
1.0
0.0
0.0
0.0
0.0
0.0
0.0
0.0
0.0
0.0
0.0
0.0
0.0
0.0
0.0
0.0
0.0
0.0
0.0
0.0
0.0
0.0
0.0
0.0
0.0
0.0
0.0
0.0
0.0
0.0
0.0
0.0
0.0
0.0
0.0
0.0
0.0
0.0
0.0
0.0
0.0
0.0
0.0
0.0
0.0
0.0
0.0
0.0
0.0
0.0
0.0
0.0
0.0
0.0
0.0
0.0
0.0
0.0
0.0
0.0
0.0
0.0
0.0
0.0
0.0
0.0
-1.0
0.0
0.0
0.0
0.0
0.0
0.0
0.0
0.0
0.0
0.0
0.0
0.0
0.0
0.0
0.0
0.0
0.0
0.0
0.0
0.0
0.0
0.0
0.0
0.0
0.0
0.0
0.0
0.0
0.0
0.0
0.0
0.0
0.0
0.0
0.0
0.0
0.0
0.0
0.0
0.0
0.0
0.0
0.0
0.0
0.0
0.0
0.0
0.0
0.0
0.0
0.0
0.0
0.0
0.0
0.0
0.0
0.0
0.0
0.0
0.0
0.0
0.0
0.0
0.0
0.0
0.0
0.0
0.0
0.0
0.0
0.0
0.0
0.0
0.0
0.0
0.0
0.0
0.0
0.0
0.0
0.0
0.0
0.0
0.0
0.0
0.0
0.0
0.0
0.0
0.0
0.0
0.0
0.0
0.0
0.0
-1.0
0.0
0.0
0.0
0.0
0.0
0.0
0.0
0.0
0.0
0.0
0.0
-1.0
0.0
0.0
0.0
0.0
0.0
0.0
0.0
0.0
0.0
0.0
0.0
0.0
0.0
0.0
0.0
0.0
0.0
0.0
0.0
0.0
0.0
0.0
0.0
0.0
0.0
0.0
0.0
0.0
0.0
0.0
0.0
0.0
0.0
0.0
1.0
0.0
0.0
0.0
0.0
0.0
0.0
0.0
0.0
0.0
0.0
1.0
0.0
0.0
0.0
0.0
0.0
0.0
0.0
0.0
0.0
0.0
0.0
0.0
0.0
0.0
0.0
0.0
0.0
0.0
0.0
-1.0
0.0
0.0
0.0
0.0
0.0
0.0
0.0
0.0
0.0
0.0
0.0
0.0
0.0
0.0
0.0
0.0
0.0
0.0
0.0
0.0
0.0
0.0
0.0
-1.0
0.0
0.0
0.0
0.0
0.0
0.0
0.0
0.0
0.0
0.0
0.0
0.0
0.0
0.0
0.0
0.0
0.0
0.0
0.0
0.0
0.0
0.0
0.0
0.0
0.0
0.0
0.0
0.0
0.0
0.0
0.0
0.0
0.0
0.0
0.0
0.0
0.0
0.0
0.0
0.0
0.0
0.0
0.0
0.0
0.0
0.0
0.0
0.0
0.0
-1.0
0.0
0.0
0.0
0.0
0.0
0.0
0.0
0.0
0.0
0.0
0.0
0.0
0.0
0.0
0.0
0.0
0.0
0.0
0.0
0.0
0.0
0.0
0.0
0.0
0.0
0.0
0.0
0.0
0.0
0.0
0.0
0.0
0.0
0.0
0.0
0.0
0.0
0.0
0.0
0.0
0.0
0.0
0.0
0.0
0.0
0.0
0.0
0.0
0.0
0.0
0.0
0.0
0.0
0.0
0.0
0.0
0.0
0.0
0.0
0.0
0.0
0.0
0.0
0.0
0.0
0.0
0.0
0.0
0.0
-1.0
0.0
0.0
0.0
0.0
0.0
0.0
0.0
0.0
0.0
0.0
0.0
0.0
0.0
0.0
0.0
0.0
0.0
0.0
0.0
0.0
0.0
0.0
0.0
0.0
0.0
0.0
0.0
0.0
0.0
0.0
0.0
0.0
0.0
0.0
0.0
0.0
0.0
0.0
0.0
0.0
0.0
0.0
0.0
0.0
0.0
0.0
0.0
0.0
0.0
0.0
0.0
0.0
0.0
0.0
0.0
0.0
0.0
0.0
0.0
0.0
0.0
0.0
0.0
0.0
0.0
0.0
0.0
0.0
0.0
0.0
0.0
0.0
0.0
0.0
0.0
0.0
0.0
0.0
0.0
0.0
0.0
0.0
0.0
0.0
0.0
0.0
0.0
0.0
0.0
0.0
-1.0
0.0
0.0
0.0
0.0
0.0
0.0
0.0
0.0
0.0
0.0
1.0
0.0
0.0
0.0
1.0
0.0
0.0
0.0
-1.0
0.0
0.0
0.0
0.0
0.0
0.0
0.0
0.0
0.0
0.0
0.0
-1.0
0.0
0.0
0.0
0.0
0.0
0.0
0.0
0.0
0.0
0.0
0.0
0.0
0.0
0.0
0.0
0.0
0.0
0.0
0.0
0.0
0.0
0.0
0.0
0.0
0.0
0.0
0.0
0.0
0.0
0.0
0.0
0.0
0.0
0.0
0.0
0.0
0.0
0.0
0.0
0.0
0.0
-1.0
0.0
0.0
0.0
0.0
0.0
0.0
0.0
0.0
0.0
0.0
0.0
0.0
0.0
0.0
1.0
0.0
0.0
0.0
0.0
0.0
0.0
0.0
0.0
0.0
0.0
0.0
0.0
0.0
0.0
0.0
0.0
0.0
0.0
0.0
0.0
0.0
0.0
0.0
0.0
0.0
0.0
0.0
0.0
0.0
0.0
0.0
0.0
0.0
0.0
-1.0
0.0
0.0
0.0
0.0
0.0
0.0
0.0
0.0
0.0
0.0
0.0
0.0
0.0
-1.0
0.0
0.0
0.0
0.0
0.0
0.0
0.0
0.0
0.0
0.0
0.0
0.0
0.0
0.0
0.0
0.0
0.0
0.0
0.0
0.0
0.0
0.0
0.0
0.0
0.0
0.0
0.0
0.0
0.0
0.0
1.0
0.0
0.0
0.0
0.0
0.0
0.0
0.0
0.0
0.0
0.0
0.0
0.0
0.0
0.0
0.0
0.0
0.0
0.0
0.0
0.0
0.0
0.0
0.0
0.0
0.0
0.0
0.0
0.0
0.0
0.0
0.0
0.0
0.0
0.0
0.0
0.0
0.0
0.0
0.0
0.0
0.0
0.0
0.0
0.0
0.0
-1.0
0.0
0.0
0.0
0.0
0.0
0.0
0.0
0.0
0.0
0.0
0.0
-1.0
0.0
0.0
1.0
0.0
0.0
0.0
0.0
0.0
0.0
0.0
0.0
0.0
0.0
0.0
0.0
0.0
0.0
0.0
0.0
0.0
0.0
0.0
0.0
0.0
0.0
0.0
0.0
0.0
0.0
0.0
0.0
0.0
0.0
0.0
0.0
0.0
0.0
0.0
0.0
0.0
1.0
0.0
0.0
0.0
0.0
0.0
0.0
0.0
0.0
0.0
0.0
0.0
0.0
0.0
0.0
0.0
0.0
0.0
0.0
0.0
0.0
0.0
0.0
0.0
0.0
0.0
0.0
0.0
0.0
0.0
0.0
0.0
0.0
0.0
0.0
0.0
0.0
0.0
0.0
0.0
0.0
0.0
0.0
0.0
0.0
0.0
0.0
0.0
0.0
0.0
0.0
0.0
0.0
0.0
0.0
0.0
0.0
0.0
0.0
0.0
0.0
0.0
0.0
0.0
0.0
0.0
0.0
0.0
0.0
0.0
0.0
0.0
0.0
0.0
0.0
0.0
0.0
0.0
0.0
0.0
0.0
0.0
0.0
0.0
0.0
-1.0
0.0
0.0
0.0
0.0
0.0
0.0
0.0
0.0
0.0
0.0
0.0
0.0
0.0
0.0
0.0
0.0
0.0
0.0
0.0
0.0
0.0
0.0
0.0
0.0
0.0
0.0
-1.0
0.0
0.0
0.0
0.0
0.0
0.0
0.0
0.0
0.0
0.0
0.0
0.0
0.0
0.0
0.0
0.0
0.0
0.0
0.0
0.0
0.0
0.0
0.0
0.0
-1.0
0.0
0.0
0.0
0.0
0.0
0.0
0.0
0.0
0.0
0.0
0.0
0.0
0.0
0.0
0.0
1.0
0.0
0.0
0.0
0.0
0.0
0.0
0.0
0.0
0.0
0.0
0.0
0.0
0.0
0.0
0.0
0.0
0.0
0.0
0.0
0.0
0.0
0.0
0.0
0.0
0.0
0.0
0.0
0.0
0.0
0.0
0.0
0.0
0.0
0.0
0.0
0.0
0.0
0.0
0.0
0.0
0.0
0.0
0.0
0.0
0.0
0.0
0.0
0.0
0.0
0.0
0.0
0.0
0.0
0.0
0.0
0.0
0.0
0.0
0.0
0.0
0.0
0.0
0.0
0.0
0.0
0.0
0.0
0.0
0.0
0.0
0.0
0.0
0.0
0.0
0.0
0.0
0.0
0.0
0.0
0.0
0.0
0.0
0.0
0.0
0.0
0.0
0.0
0.0
0.0
0.0
0.0
0.0
0.0
0.0
0.0
0.0
0.0
0.0
0.0
0.0
0.0
0.0
0.0
0.0
0.0
0.0
0.0
0.0
0.0
0.0
0.0
0.0
0.0
0.0
0.0
0.0
0.0
0.0
0.0
0.0
0.0
0.0
0.0
0.0
0.0
0.0
0.0
0.0
0.0
0.0
0.0
0.0
0.0
0.0
0.0
0.0
0.0
0.0
0.0
0.0
0.0
0.0
0.0
0.0
0.0
0.0
0.0
0.0
0.0
0.0
0.0
0.0
40.0
30452.0
9820.0
86016.0
0.0
0.0
0.0
0.0
0.0
0.0
0.0
0.0
0.0
0.0
0.0
0.0
0.0
0.0
0.0
0.0
0.0
0.0
116.0
30608.0
0.0
0.0
0.0
0.0
