0.0042596436
8.8375156e-05
4.800868e-05
4.3893648e-05
7.798961e-05
3.6839312e-05
1.7439887e-05
1.9399426e-05
9.758499e-05
1.861561e-05
2.2338732e-05
1.3716765e-05
6.0745675e-05
2.6061854e-05
1.1561274e-05
4.4873417e-05
5.6434692e-05
9.013875e-06
6.466475e-06
6.8583827e-06
2.0771102e-05
2.9197116e-05
6.0745674e-06
5.486706e-06
1.861561e-05
5.290752e-06
4.3109835e-06
4.3109835e-06
1.1169366e-05
5.0947983e-06
5.0947983e-06
6.662429e-06
9.013875e-05
6.8583827e-06
5.0947983e-06
8.034105e-06
4.5657234e-05
9.209828e-06
4.3109835e-06
2.3514456e-06
1.0777459e-05
9.601736e-06
2.5473992e-06
1.1561274e-05
6.270521e-06
4.702891e-06
2.429827e-05
3.1352606e-06
2.3906363e-05
6.270521e-06
9.797689e-06
4.2913878e-05
1.0973412e-05
1.4500581e-05
7.838152e-06
5.486706e-06
1.5676304e-05
1.5088442e-05
8.81792e-06
2.9784977e-05
1.136532e-05
9.405782e-06
5.8786136e-06
6.270521e-06
0.00017028385
2.2534687e-05
1.0189597e-05
1.6852026e-05
5.1535848e-05
7.916533e-05
3.252833e-05
2.3122548e-05
2.33185e-05
1.6852026e-05
6.8583827e-06
4.702891e-06
1.548035e-05
4.6832956e-05
9.797689e-06
9.209828e-06
5.525897e-05
2.0575148e-05
2.2534687e-05
3.6447404e-05
1.4500581e-05
3.527168e-05
3.252833e-05
2.9393068e-05
1.1757227e-05
2.9393068e-05
4.5069373e-06
9.797689e-06
1.136532e-05
1.6460119e-05
2.0575148e-05
1.6460119e-05
7.838152e-06
5.1927753e-05
7.446244e-06
2.1163009e-05
2.6061854e-05
9.660522e-05
2.1946824e-05
1.3324858e-05
3.60555e-05
4.957631e-05
3.4879773e-05
9.013875e-06
3.762313e-05
1.4892488e-05
4.2130065e-05
5.3495383e-05
4.7224865e-05
3.3312144e-06
5.7022553e-05
4.1150295e-05
0.00012619424
0.00010463932
1.6264165e-05
1.6656071e-05
2.4690178e-05
1.1169366e-05
3.919076e-06
9.405782e-06
2.0771102e-05
2.33185e-05
6.466475e-06
5.0947983e-06
5.1927753e-05
1.763584e-05
6.270521e-06
0.00013383644
2.3122548e-05
6.0745675e-05
2.3514456e-06
3.3312144e-06
3.0764746e-05
7.524626e-05
2.3710409e-05
0.00018693991
5.486706e-06
6.721215e-05
7.446244e-06
1.293295e-05
0.9903785
2.743353e-06
1.5676303e-06
2.9393068e-06
4.702891e-06
1.6264165e-05
6.466475e-06
5.8786136e-06
3.3312144e-06
3.1352606e-06
1.1757228e-06
2.5473992e-06
2.9393068e-06
5.878614e-07
3.1352606e-06
2.2338732e-05
1.4696534e-05
1.2541042e-05
4.5069373e-06
1.0777459e-05
3.5271682e-06
4.3109835e-06
1.959538e-06
1.3716765e-06
6.662429e-06
2.9393068e-06
1.959538e-06
2.5473992e-06
2.743353e-06
3.9190758e-07
7.8381515e-07
9.79769e-07
4.3109835e-06
9.79769e-07
1.5676303e-06
8.034105e-06
1.8811565e-05
1.7635841e-06
4.8988445e-06
7.6421975e-06
1.0189597e-05
2.5473992e-06
3.919076e-06
2.9393068e-06
2.9393068e-06
4.5069373e-06
9.405782e-06
5.8786136e-06
5.2515614e-05
2.9197116e-05
9.013875e-06
4.3697695e-05
3.3900007e-05
2.3514456e-06
1.4696534e-05
3.8015034e-05
1.5088442e-05
1.293295e-05
3.723122e-06
3.3312144e-06
1.5676304e-05
1.959538e-06
4.1150297e-06
5.290752e-06
7.2502903e-06
8.81792e-06
1.0777459e-05
6.0745674e-06
4.5069373e-06
1.5676303e-06
2.5473992e-06
2.5473992e-06
1.0777459e-05
1.959538e-06
3.723122e-06
5.68266e-06
6.662429e-06
7.8381515e-07
2.5473992e-06
2.5473992e-06
1.5284395e-05
4.8988445e-06
1.959538e-06
1.7635841e-06
1.0385551e-05
4.1150297e-06
5.8786136e-06
2.3514456e-06
7.9361285e-05
2.1946824e-05
3.723122e-06
5.055608e-05
2.8021392e-05
1.7635841e-06
3.5271682e-06
5.8786136e-06
2.8021392e-05
5.290752e-06
1.1757228e-06
1.0973412e-05
2.5082085e-05
1.7635841e-06
2.4102315e-05
3.6839312e-05
5.0947987e-05
1.4108673e-05
7.446244e-06
8.426013e-06
5.5063014e-05
8.621967e-06
1.5088442e-05
0.00026728096
0.0012043356
0.0
0.0
0.0
0.0
0.0
0.0
0.0
0.0
0.9903653
0.0
0.0
0.0
0.0
0.0
0.0
0.00018700134
0.0
6.860636e-07
7.8407265e-07
1.176109e-06
6.860636e-07
7.2526723e-06
3.0382816e-06
0.0
0.0
0.0
9.800908e-08
0.0
0.0
0.0
0.0
0.0
0.0
0.0
0.0
0.0
0.0
0.0
0.0
0.0
0.0
0.0
0.0
0.0
0.0
0.0
0.0
0.00017749445
1.5681453e-06
1.9601816e-06
1.9601816e-07
1.7641635e-06
3.430318e-06
4.9004543e-06
2.254209e-06
4.900454e-07
2.9402725e-07
2.9402725e-07
4.900454e-07
6.860636e-07
1.9601816e-07
1.0780999e-06
3.6263361e-06
0.00026570263
9.800908e-08
1.9601816e-07
2.9402725e-07
5.782536e-06
3.3323088e-06
1.5877471e-05
8.918826e-06
0.0
0.0001003613
9.800908e-08
3.9203633e-07
1.9601816e-07
9.800908e-08
9.800908e-08
0.0
0.00016661544
4.9004543e-06
4.4104086e-06
4.704436e-06
2.254209e-06
1.5681453e-06
3.528327e-06
1.0780999e-06
4.1163817e-06
6.860636e-07
1.8621726e-06
2.9402725e-07
5.880545e-07
1.0780999e-06
5.880545e-07
2.4502272e-06
0.00042212513
1.9601816e-06
2.0875934e-05
1.02909535e-05
2.8226616e-05
1.47013625e-05
6.282382e-05
2.871666e-05
3.724345e-06
5.880545e-07
2.9402725e-07
1.176109e-06
1.2741181e-06
2.9402725e-07
1.176109e-06
3.9203633e-06
0.00024090633
1.176109e-06
2.4306253e-05
5.978554e-06
9.996927e-06
7.546699e-06
7.507496e-05
3.195096e-05
6.860636e-07
5.880545e-07
3.9203633e-07
5.880545e-07
5.880545e-07
5.880545e-07
4.900454e-07
5.880545e-07
0.00063490286
1.6367518e-05
2.567838e-05
2.6070416e-05
2.8520642e-05
2.1856025e-05
6.2137755e-05
5.3022915e-05
4.3123997e-05
7.154663e-06
5.2924906e-06
5.0964723e-06
1.5191408e-05
4.4104086e-06
1.3427244e-05
4.135983e-05
0.0003872339
4.704436e-06
3.312707e-05
2.2836117e-05
5.4885088e-05
2.6560461e-05
0.00013829081
8.41898e-05
1.5289417e-05
2.4502272e-06
1.2741181e-06
5.194481e-06
4.1163817e-06
1.5681453e-06
2.352218e-06
1.8817744e-05
0.0
0.0
0.0
0.0
0.0
0.0
0.0
0.0
0.0
0.0
0.0
0.0
0.0
0.0
0.0
0.0
5.1062732e-05
2.4502272e-06
1.2937199e-05
7.2526723e-06
1.1467063e-05
6.5666086e-06
5.429703e-05
3.8321552e-05
5.3904996e-06
2.5482361e-06
1.2741181e-06
9.800908e-07
1.2741181e-06
1.4701362e-06
1.0780999e-06
2.352218e-06
0.00010153741
1.0486971e-05
4.508418e-06
4.0183722e-06
2.989277e-05
2.3326162e-05
7.154663e-06
1.176109e-05
6.792029e-05
1.02909535e-05
2.6462453e-06
4.9984633e-06
2.2738108e-05
2.1561998e-06
2.7442544e-05
7.056654e-05
0.0005513991
7.693713e-05
5.3708976e-05
6.772428e-05
0.00021003347
0.00013740873
4.6162277e-05
0.0001219233
0.00032980056
4.057576e-05
2.4306253e-05
3.312707e-05
0.0001262357
2.9696752e-05
0.000108202024
0.00025070723
0.00042124305
7.870129e-05
6.0275586e-05
7.370283e-05
0.00015367824
0.0001165328
4.1751868e-05
0.00013005805
0.00023816207
2.4306253e-05
3.4695215e-05
3.743947e-05
0.00011202438
3.7047434e-05
8.448383e-05
0.00016240105
0.0
0.0
0.0
0.0
0.0
0.0
0.0
0.0
0.0
0.0
0.0
0.0
0.0
0.0
0.0
0.0
244.0
17.40164
4246.0
0.06877061
0.002119642
0.00070654735
0.00023551578
0.0009420631
0.0014130947
0.0
0.00023551578
0.0049458314
0.0044747996
0.0
0.00047103156
0.0
0.003061705
0.023787094
0.0011775789
0.009891663
0.0037682524
0.0077720205
0.013659915
0.003297221
0.0040037683
0.00612341
0.003061705
0.0035327368
0.003061705
0.002119642
0.00047103156
0.00023551578
0.00023551578
0.00023551578
0.00047103156
0.0025906735
0.010127178
0.003297221
0.008714084
0.013424399
0.008243052
0.0073009892
0.0073009892
0.0058878944
0.0037682524
0.0009420631
0.0014130947
0.0035327368
0.0068299575
0.0025906735
0.003297221
0.009185116
0.00070654735
0.008243052
0.013424399
0.0044747996
0.003061705
0.005181347
0.010127178
0.0011775789
0.00070654735
0.00070654735
0.00047103156
0.004239284
0.00047103156
0.00047103156
0.00070654735
0.0016486105
0.053226568
0.005652379
0.02119642
0.019076778
0.102213845
0.009185116
0.011304758
0.013188884
0.049929347
0.0011775789
0.006594442
0.035562884
0.015308525
0.04404145
0.05416863
0.019783325
0.0
0.04757419
0.036504947
0.050635893
0.022373999
0.0068299575
0.008714084
0.020489873
0.0049458314
0.0023551579
0.008243052
0.0
0.0
0.0
0.0011775789
5.3398066
2.0
0.0
0.0
1.0
5103244.0
57344.0
0.0
0.0
54.0
0.0
1.0
0.0
0.0
0.0
1083884500.0
0.0
0.0
0.0
0.0
0.0
1.0
0.0
0.0
0.0
0.0
0.0
0.0
-1.0
0.0
-1.0
-1.0
0.0
0.0
0.0
0.0
0.0
0.0
0.0
0.0
0.0
0.0
0.0
0.0
-1.0
0.0
0.0
0.0
0.0
0.0
0.0
0.0
0.0
0.0
0.0
0.0
0.0
-1.0
0.0
0.0
0.0
0.0
0.0
0.0
0.0
0.0
0.0
0.0
6.0
0.0
4.0
0.0
4.0
0.0
24576.0
4096.0
4096.0
5.0
0.0
0.0
1.0
1.0
0.0
0.0
4096.0
0.0
0.0
0.0
0.0
0.0
0.0
0.0
0.0
0.0
0.0
0.0
4096.0
0.0
0.0
0.0
0.0
0.0
0.0
0.0
0.0
0.0
0.0
0.0
0.0
0.0
0.0
0.0
0.0
0.0
-8192.0
0.0
0.0
0.0
0.0
0.0
0.0
0.0
0.0
-24576.0
0.0
4096.0
0.0
0.0
0.0
0.0
0.0
0.0
0.0
0.0
0.0
0.0
0.0
0.0
0.0
0.0
0.0
0.0
0.0
0.0
0.0
0.0
5.6636963
0.0
0.0
0.0
0.0
0.0
0.0
0.0
0.0
0.0
0.0
0.0
0.0
0.0
0.0
0.0
0.0
0.0
-3.55594
0.0
0.0
0.0
0.0
0.0
0.0
0.0
0.0
-6.5496798
0.0
3.7997313
0.0
0.0
0.0
0.0
0.0
0.0
0.0
0.0
3942.0
0.0
0.0
0.0
0.0
0.0
0.0
0.0
0.0
0.0
0.0
0.0
2476.0
0.0
0.0
0.0
0.0
0.0
0.0
0.0
0.0
0.0
0.0
0.0
0.0
0.0
0.0
0.0
0.0
0.0
-13432.0
0.0
0.0
0.0
0.0
0.0
0.0
0.0
0.0
-23376.0
0.0
2392.0
0.0
0.0
0.0
0.0
0.0
0.0
0.0
0.0
0.0
-1.0
0.0
0.0
0.0
0.0
0.0
1.0
0.0
0.0
0.0
0.0
0.0
0.0
0.0
0.0
0.0
0.0
0.0
0.0
0.0
0.0
0.0
0.0
0.0
0.0
0.0
0.0
0.0
0.0
0.0
0.0
0.0
0.0
0.0
0.0
0.0
-2.0
0.0
0.0
0.0
1.0
0.0
0.0
0.0
0.0
0.0
0.0
0.0
0.0
0.0
0.0
0.0
0.0
0.0
0.0
0.0
0.0
0.0
0.0
0.0
-1.0
0.0
0.0
0.0
0.0
0.0
0.0
0.0
0.0
0.0
1.0
0.0
0.0
0.0
0.0
1.0
0.0
0.0
0.0
0.0
0.0
0.0
0.0
0.0
0.0
0.0
0.0
0.0
0.0
0.0
0.0
0.0
0.0
0.0
0.0
0.0
0.0
0.0
0.0
0.0
0.0
0.0
0.0
0.0
0.0
0.0
0.0
0.0
0.0
0.0
0.0
0.0
0.0
0.0
0.0
0.0
0.0
0.0
0.0
0.0
0.0
0.0
0.0
0.0
0.0
0.0
0.0
-1.0
0.0
0.0
0.0
0.0
0.0
0.0
0.0
0.0
0.0
0.0
0.0
0.0
0.0
0.0
0.0
0.0
0.0
0.0
0.0
0.0
0.0
0.0
0.0
0.0
0.0
0.0
0.0
0.0
0.0
0.0
0.0
0.0
0.0
0.0
0.0
0.0
0.0
0.0
0.0
0.0
0.0
0.0
0.0
0.0
0.0
0.0
0.0
0.0
0.0
0.0
0.0
0.0
0.0
0.0
0.0
0.0
0.0
0.0
0.0
0.0
0.0
0.0
0.0
0.0
0.0
0.0
0.0
0.0
0.0
-1.0
0.0
0.0
0.0
0.0
0.0
0.0
0.0
0.0
0.0
0.0
0.0
0.0
0.0
0.0
0.0
0.0
1.0
0.0
0.0
0.0
0.0
0.0
0.0
0.0
0.0
0.0
0.0
0.0
0.0
0.0
0.0
0.0
0.0
0.0
0.0
0.0
0.0
0.0
0.0
0.0
0.0
0.0
0.0
0.0
0.0
0.0
0.0
0.0
0.0
0.0
0.0
0.0
0.0
0.0
0.0
0.0
0.0
0.0
0.0
0.0
0.0
0.0
0.0
0.0
0.0
0.0
0.0
0.0
0.0
0.0
0.0
0.0
0.0
0.0
0.0
0.0
0.0
0.0
0.0
0.0
0.0
0.0
0.0
0.0
0.0
0.0
0.0
0.0
0.0
0.0
0.0
0.0
0.0
0.0
0.0
0.0
0.0
0.0
0.0
0.0
0.0
0.0
0.0
0.0
0.0
0.0
0.0
0.0
0.0
0.0
0.0
0.0
0.0
0.0
0.0
0.0
0.0
0.0
0.0
0.0
0.0
0.0
0.0
0.0
0.0
0.0
0.0
0.0
0.0
0.0
0.0
0.0
0.0
0.0
0.0
0.0
0.0
0.0
0.0
0.0
0.0
0.0
0.0
0.0
0.0
0.0
0.0
0.0
0.0
0.0
0.0
0.0
0.0
0.0
0.0
0.0
0.0
0.0
0.0
0.0
0.0
0.0
0.0
0.0
0.0
0.0
0.0
0.0
0.0
0.0
0.0
0.0
0.0
0.0
0.0
0.0
0.0
0.0
0.0
0.0
0.0
0.0
0.0
0.0
0.0
0.0
0.0
0.0
0.0
0.0
0.0
0.0
0.0
0.0
0.0
0.0
0.0
0.0
0.0
0.0
0.0
0.0
-1.0
0.0
0.0
0.0
0.0
0.0
0.0
0.0
0.0
0.0
0.0
0.0
0.0
0.0
0.0
0.0
0.0
0.0
0.0
0.0
0.0
0.0
0.0
0.0
0.0
0.0
0.0
0.0
0.0
0.0
0.0
0.0
0.0
0.0
0.0
0.0
0.0
1.0
0.0
0.0
0.0
0.0
0.0
0.0
0.0
0.0
0.0
0.0
0.0
0.0
0.0
0.0
0.0
0.0
0.0
0.0
0.0
0.0
0.0
1.0
0.0
0.0
0.0
0.0
1.0
0.0
0.0
0.0
0.0
0.0
0.0
0.0
0.0
0.0
0.0
0.0
0.0
0.0
0.0
0.0
0.0
1.0
0.0
0.0
0.0
0.0
0.0
0.0
0.0
0.0
0.0
0.0
0.0
0.0
0.0
0.0
0.0
0.0
0.0
0.0
0.0
0.0
0.0
0.0
0.0
0.0
0.0
0.0
0.0
0.0
0.0
0.0
0.0
0.0
0.0
0.0
0.0
0.0
0.0
0.0
0.0
0.0
0.0
0.0
0.0
0.0
-1.0
0.0
0.0
0.0
0.0
0.0
0.0
0.0
0.0
0.0
0.0
0.0
0.0
0.0
0.0
0.0
0.0
0.0
0.0
0.0
0.0
0.0
0.0
0.0
0.0
0.0
0.0
0.0
0.0
0.0
0.0
0.0
0.0
0.0
0.0
0.0
0.0
0.0
0.0
0.0
0.0
0.0
0.0
0.0
0.0
0.0
0.0
0.0
-1.0
0.0
0.0
0.0
0.0
0.0
0.0
0.0
0.0
0.0
0.0
0.0
0.0
0.0
0.0
0.0
0.0
0.0
0.0
0.0
0.0
0.0
0.0
0.0
0.0
0.0
0.0
0.0
0.0
0.0
0.0
1.0
0.0
0.0
0.0
0.0
0.0
0.0
0.0
0.0
0.0
0.0
0.0
0.0
0.0
0.0
0.0
0.0
0.0
0.0
0.0
0.0
0.0
0.0
0.0
0.0
0.0
0.0
0.0
-1.0
0.0
0.0
0.0
0.0
0.0
0.0
0.0
0.0
0.0
0.0
0.0
0.0
0.0
0.0
0.0
0.0
0.0
0.0
0.0
0.0
0.0
0.0
0.0
0.0
0.0
0.0
0.0
0.0
0.0
0.0
0.0
0.0
0.0
0.0
0.0
0.0
0.0
0.0
0.0
0.0
0.0
0.0
-1.0
0.0
0.0
1.0
0.0
0.0
0.0
0.0
0.0
0.0
0.0
0.0
0.0
0.0
0.0
0.0
0.0
0.0
0.0
0.0
0.0
0.0
0.0
0.0
0.0
0.0
0.0
0.0
0.0
0.0
0.0
0.0
0.0
0.0
0.0
0.0
0.0
0.0
0.0
0.0
0.0
0.0
0.0
0.0
0.0
0.0
0.0
-1.0
0.0
0.0
0.0
-1.0
0.0
0.0
0.0
0.0
0.0
0.0
0.0
0.0
0.0
0.0
0.0
0.0
0.0
0.0
0.0
0.0
0.0
0.0
0.0
0.0
0.0
0.0
0.0
0.0
0.0
0.0
0.0
0.0
0.0
0.0
0.0
0.0
0.0
0.0
1.0
0.0
0.0
0.0
0.0
0.0
0.0
0.0
0.0
0.0
0.0
-1.0
0.0
0.0
0.0
0.0
0.0
0.0
0.0
0.0
0.0
0.0
0.0
0.0
0.0
0.0
0.0
0.0
0.0
0.0
0.0
0.0
0.0
0.0
0.0
0.0
0.0
0.0
0.0
0.0
0.0
0.0
1.0
0.0
0.0
0.0
0.0
0.0
0.0
0.0
0.0
0.0
0.0
0.0
0.0
0.0
0.0
0.0
0.0
0.0
0.0
0.0
0.0
0.0
0.0
0.0
0.0
0.0
0.0
0.0
0.0
0.0
0.0
0.0
0.0
0.0
0.0
0.0
0.0
0.0
0.0
-1.0
0.0
0.0
0.0
0.0
0.0
0.0
0.0
0.0
0.0
0.0
0.0
0.0
0.0
0.0
0.0
0.0
0.0
0.0
-1.0
0.0
0.0
0.0
0.0
0.0
0.0
0.0
0.0
0.0
0.0
0.0
0.0
0.0
0.0
0.0
0.0
0.0
0.0
0.0
0.0
0.0
0.0
0.0
0.0
0.0
0.0
0.0
0.0
0.0
0.0
0.0
0.0
0.0
0.0
0.0
0.0
0.0
0.0
0.0
0.0
0.0
0.0
0.0
0.0
0.0
0.0
0.0
0.0
0.0
0.0
0.0
0.0
0.0
0.0
0.0
0.0
0.0
0.0
0.0
0.0
0.0
0.0
0.0
0.0
0.0
0.0
0.0
0.0
1.0
0.0
0.0
-2.0
0.0
0.0
0.0
0.0
0.0
0.0
0.0
0.0
0.0
0.0
0.0
0.0
0.0
0.0
1.0
0.0
0.0
0.0
-1.0
0.0
0.0
0.0
0.0
0.0
0.0
0.0
0.0
0.0
0.0
0.0
-1.0
0.0
0.0
0.0
0.0
0.0
0.0
1.0
0.0
0.0
0.0
0.0
0.0
0.0
0.0
0.0
0.0
0.0
0.0
0.0
0.0
0.0
0.0
0.0
0.0
1.0
0.0
1.0
0.0
0.0
0.0
0.0
0.0
1.0
0.0
0.0
0.0
0.0
0.0
0.0
0.0
0.0
-1.0
0.0
0.0
0.0
0.0
0.0
0.0
0.0
0.0
0.0
0.0
0.0
0.0
0.0
0.0
1.0
0.0
0.0
0.0
0.0
0.0
0.0
0.0
0.0
0.0
0.0
0.0
0.0
0.0
0.0
0.0
0.0
0.0
0.0
0.0
0.0
0.0
0.0
0.0
0.0
0.0
0.0
0.0
0.0
0.0
0.0
0.0
0.0
0.0
0.0
0.0
0.0
0.0
0.0
0.0
0.0
0.0
0.0
0.0
0.0
0.0
0.0
0.0
0.0
-1.0
0.0
0.0
0.0
0.0
0.0
0.0
0.0
0.0
0.0
0.0
0.0
0.0
0.0
0.0
0.0
0.0
0.0
0.0
0.0
0.0
0.0
0.0
0.0
1.0
0.0
0.0
0.0
0.0
0.0
0.0
1.0
0.0
0.0
0.0
0.0
0.0
0.0
0.0
0.0
0.0
0.0
0.0
0.0
0.0
0.0
0.0
0.0
0.0
0.0
0.0
0.0
0.0
0.0
0.0
0.0
1.0
0.0
0.0
0.0
0.0
0.0
0.0
0.0
0.0
0.0
0.0
-1.0
0.0
0.0
0.0
0.0
0.0
0.0
0.0
0.0
0.0
-1.0
0.0
0.0
0.0
0.0
0.0
0.0
0.0
0.0
0.0
0.0
0.0
0.0
0.0
0.0
1.0
0.0
0.0
0.0
0.0
0.0
0.0
0.0
0.0
0.0
0.0
0.0
0.0
0.0
0.0
0.0
0.0
0.0
0.0
-1.0
1.0
0.0
0.0
0.0
0.0
0.0
0.0
0.0
0.0
0.0
0.0
0.0
0.0
0.0
0.0
0.0
0.0
0.0
1.0
0.0
0.0
0.0
-1.0
0.0
0.0
0.0
0.0
0.0
0.0
0.0
0.0
1.0
0.0
0.0
0.0
0.0
0.0
0.0
0.0
0.0
0.0
0.0
0.0
0.0
0.0
0.0
0.0
0.0
0.0
0.0
0.0
0.0
0.0
0.0
0.0
0.0
-1.0
0.0
0.0
0.0
0.0
0.0
0.0
0.0
0.0
0.0
0.0
0.0
0.0
0.0
0.0
0.0
0.0
0.0
0.0
0.0
0.0
0.0
0.0
-1.0
0.0
0.0
0.0
0.0
0.0
0.0
0.0
0.0
0.0
0.0
0.0
0.0
0.0
0.0
0.0
0.0
0.0
0.0
0.0
0.0
0.0
0.0
0.0
-1.0
0.0
0.0
0.0
0.0
0.0
0.0
0.0
0.0
0.0
0.0
0.0
0.0
0.0
0.0
0.0
0.0
0.0
0.0
0.0
0.0
0.0
0.0
0.0
0.0
0.0
-1.0
-1.0
0.0
0.0
0.0
0.0
0.0
0.0
0.0
0.0
0.0
0.0
0.0
0.0
0.0
0.0
0.0
0.0
0.0
0.0
0.0
0.0
0.0
0.0
0.0
0.0
-1.0
0.0
0.0
0.0
0.0
0.0
0.0
0.0
0.0
0.0
0.0
0.0
0.0
0.0
0.0
0.0
0.0
0.0
0.0
0.0
0.0
0.0
0.0
0.0
0.0
0.0
0.0
0.0
0.0
0.0
0.0
0.0
0.0
0.0
0.0
0.0
0.0
0.0
0.0
0.0
0.0
0.0
0.0
0.0
0.0
0.0
0.0
0.0
0.0
0.0
0.0
0.0
0.0
0.0
0.0
0.0
0.0
0.0
0.0
0.0
0.0
0.0
0.0
0.0
0.0
0.0
0.0
0.0
0.0
0.0
0.0
0.0
0.0
0.0
0.0
0.0
0.0
0.0
0.0
0.0
0.0
0.0
0.0
0.0
0.0
0.0
0.0
0.0
0.0
0.0
0.0
0.0
0.0
0.0
0.0
0.0
0.0
0.0
0.0
0.0
0.0
0.0
0.0
0.0
0.0
0.0
0.0
0.0
0.0
0.0
0.0
0.0
0.0
0.0
0.0
0.0
0.0
0.0
0.0
0.0
0.0
0.0
0.0
0.0
0.0
0.0
0.0
0.0
0.0
0.0
0.0
0.0
0.0
0.0
0.0
0.0
0.0
0.0
0.0
0.0
0.0
0.0
0.0
0.0
0.0
0.0
0.0
0.0
0.0
0.0
0.0
0.0
0.0
0.0
0.0
0.0
0.0
0.0
0.0
0.0
0.0
0.0
0.0
0.0
0.0
0.0
0.0
0.0
0.0
80.0
29892.0
2392.0
49152.0
0.0
0.0
0.0
0.0
0.0
0.0
0.0
0.0
0.0
0.0
0.0
0.0
0.0
0.0
0.0
0.0
0.0
0.0
228.0
28672.0
0.0
0.0
0.0
0.0
