0.11077446
0.010458901
0.0065196576
0.005641709
0.0069240583
0.0012938739
0.0017632305
0.0011430092
0.00448508
0.00078156264
0.003214255
0.0020890562
0.0037831406
0.001319018
0.0005709808
0.004294404
0.0025783186
0.0039130514
0.00066631887
0.0041267765
0.0028423318
0.0015924601
0.00058669585
0.0019738125
0.002950242
0.00055107503
0.0007920394
0.0027438507
0.0015201708
0.0010361468
0.0010089073
0.0006422224
0.0029010014
0.00041487778
0.00063279335
0.00040754408
0.010464139
0.00078889634
0.0017454202
0.0010015736
0.0027868052
0.0012813018
0.0021812513
0.0042682122
0.0010015736
0.0009020448
0.002812997
0.0013672109
0.0021582025
0.0075097065
0.0016060799
0.001720276
0.0016877982
0.0008863298
0.0012278706
0.0015610299
0.0020000043
0.0032697816
0.0014059746
0.0022860183
0.0044924137
0.00046202296
0.0006851769
0.00036458956
0.004823478
0.0013829259
0.0026904196
0.0038533343
0.0042996425
0.01843587
0.00069879665
0.00270823
0.0021236294
0.005858577
0.002809854
0.0039109564
0.002567842
0.0021414398
0.0028999536
0.003941339
0.0022378254
0.0011513906
0.0030497706
0.0074971346
0.0033902638
0.0051524467
0.0044746036
0.00052069256
0.004421172
0.0023530694
0.008711386
0.0022388732
0.0030235788
0.0034615055
0.0016354147
0.013128367
0.0023122102
0.007865915
0.0033818823
0.008138309
0.0030749147
0.008039828
0.0033871208
0.002182299
0.0026076534
0.0132258
0.02313153
0.007743337
0.005517036
0.005354647
0.004864337
0.008827677
0.003679421
0.0042776414
0.0062891697
0.0071849287
0.016255666
0.004411743
0.004310119
0.00085385196
0.002446312
0.0021110573
0.002338402
0.0010026213
0.0020890562
0.001640653
0.0012739681
0.00081089744
0.0056857113
0.00063384103
0.004249354
0.004529082
0.0028852862
0.003781045
0.0012257752
0.009020449
0.021951852
0.01812471
0.0034457904
0.016409673
0.0026589893
0.004783666
0.003211112
0.0005343123
0.009440565
0.00035411285
0.0005709808
0.00039811502
0.0017758026
0.0013211133
0.0004169731
0.0015159801
0.0023436404
0.00035306517
0.00072079775
0.0017747548
0.0016752261
0.0007438465
0.00084442296
0.00066317583
0.0012676821
0.00066946185
0.0007731813
0.00078680104
0.00097328646
0.00042221148
0.0010047166
0.00042011612
0.002213729
0.00056783773
0.0014237851
0.0010487188
0.003660563
0.002544793
0.0016081752
0.004354121
0.0011147221
0.00041592543
0.0005699331
0.0015107418
0.00095023774
0.00076689525
0.0025206967
0.0014405478
0.0027407077
0.0019465729
0.0013588294
0.0014562629
0.002121534
0.002213729
0.0027826144
0.0014164514
0.0037862835
0.0010256701
0.0009114739
0.001701418
0.0024159297
0.00078575336
0.0011524382
0.0063247904
0.0018459965
0.004227353
0.0009795725
0.0025720326
0.0020440065
0.005817718
0.0019926706
0.0027218496
0.0019036185
0.0016050321
0.002070198
0.0018198048
0.0007627046
0.0006935583
0.0012907308
0.0011545336
0.0026107964
0.001197488
0.0015149325
0.002115248
0.002672609
0.0034897926
0.0046118484
0.002468313
0.0019832414
0.00048611942
0.0018019944
0.0012729204
0.0014499768
0.007987444
0.02828712
0.0057862876
0.0057265703
0.003755901
0.0027155636
0.0031325368
0.0027103252
0.003033008
0.0022985905
0.0019633358
0.0015316952
0.0017558968
0.0015369336
0.0045154626
0.002939765
0.0060031554
0.007950776
0.031239457
0.0048182397
0.0011251988
0.0048538605
0.0033085453
0.005568372
0.002883191
0.0033818823
0.02771614
0.0
0.0
0.0
0.0
0.0
0.0
0.0
0.0
0.0
0.0
0.0
0.0
0.0
0.0
0.0
0.0
0.0
0.0
0.0
0.0
0.0
0.0
0.0
0.0
0.0
0.0
0.0
0.0
0.0
0.0
0.0
0.0
0.0
0.0
0.0
0.0
0.0
0.0
0.0
0.0
0.0
0.0
0.0
0.0
0.0
0.0
0.0
0.0
0.0055074557
8.81109e-05
2.6747952e-05
2.2027725e-05
2.7272423e-05
1.1538333e-05
7.867045e-06
0.00014318022
8.391515e-06
1.625856e-05
7.867045e-06
5.4020376e-05
2.3601135e-05
7.867045e-06
1.573409e-05
0.00047674292
0.015356472
0.00037447133
0.00047884078
0.00013111741
0.00011643226
0.0002228996
0.00027901787
0.00021817938
9.6502416e-05
0.00012220143
0.0001452781
0.0001227259
0.00017359946
0.00014108233
9.33556e-05
0.00018776013
0.036595393
0.000665552
0.0013998095
0.0005779656
0.00053653243
0.00043845663
0.00095348584
0.00069754466
0.0005464974
0.0003823384
0.0005632804
0.00037604474
0.00034719892
0.0002994722
0.00035978618
0.0003734224
0.014583403
0.00023915817
0.00067656586
0.00015052278
0.00020192082
0.0002228996
0.0011711407
0.0007033138
0.0002092634
0.00026013696
0.00022394855
0.000129544
0.00012482378
0.000117481206
9.597795e-05
0.00022394855
0.0055273855
4.3006512e-05
0.0003608351
0.0002575146
0.00010227158
7.814598e-05
0.00079037575
0.0003713245
7.4474694e-05
4.405545e-05
3.4090528e-05
0.0002800668
9.545348e-05
7.1852344e-05
0.000104369465
0.00035768832
0.0064876894
4.9300146e-05
0.00066974777
0.0012655453
0.0011449172
0.0028132552
0.006206574
0.0033440185
0.00032412226
4.615333e-05
2.4125604e-05
0.00026695506
9.7551354e-05
4.8775677e-05
0.0003351361
0.0005066377
0.0054959175
4.615333e-05
0.0020868648
0.008894481
0.012198116
0.018518498
0.03408843
0.024388889
0.0006199231
0.00015996325
0.00010961416
0.00024440285
0.0001452781
0.00015838984
0.0008150258
0.0015896675
0.0048717987
0.00029422747
0.00037919157
0.0005307633
0.00097026885
0.0012293569
0.006013569
0.0013358243
0.004891204
0.00057481875
0.0005485953
0.00051030895
0.0004253449
0.00047149824
0.005366898
0.0059579755
0.0061730077
0.00075418735
0.00089107396
0.00096345076
0.0016557507
0.0014648438
0.01359268
0.0015283045
0.013229223
0.0012765592
0.0013326774
0.0010872256
0.0012089026
0.0012461399
0.014475887
0.015382171
0.007448518
0.0007846066
0.0011968397
0.00072534155
0.001980922
0.0014150192
0.0029102822
0.0010096041
0.005134558
0.0011554067
0.0007652012
0.0009980658
0.0014543544
0.001122365
0.0030345814
0.007532433
0.034960624
0.006811812
0.010871207
0.0045812423
0.022337686
0.017576028
0.008601827
0.0061934623
0.034319196
0.008338543
0.0037468113
0.00762946
0.01518025
0.009713703
0.015029202
0.03148811
0.014832526
0.008733993
0.008731371
0.007202017
0.016004715
0.016864322
0.017920604
0.008508996
0.02288261
0.007678236
0.006390663
0.007910576
0.013218209
0.011703541
0.01962041
0.025545867
0.0069534187
0.01065565
0.007191528
0.008030679
0.007856555
0.0055714413
0.017167466
0.012586223
0.020906935
0.004874421
0.009860029
0.0057119993
0.0077904724
0.006831742
0.015068538
0.02157878
4651.0
26.59729
123704.0
0.0008164651
8.083813e-05
8.083813e-05
0.00016167626
0.010993985
0.0003071849
0.00014550863
0.00033143634
0.00090538705
0.00042035826
0.0006952079
0.0005820345
0.00029910108
0.00052544783
0.014979306
0.00027484965
0.005796094
0.03568195
0.0069924984
0.0064751343
0.0039529847
0.0046158573
0.004543103
0.004850288
0.0051332214
0.0059496863
0.0010104766
0.00024251439
0.00097005756
8.083813e-05
0.00079221366
5.658669e-05
0.00065478886
0.0007194594
0.0002505982
0.0033628661
0.0031203518
0.041437626
0.0007437108
0.0007598784
0.001034728
0.027048439
0.0003071849
0.009959257
0.002724245
0.0017056846
0.016054453
0.0020937074
0.005432322
0.000258682
0.0069924984
0.042795707
0.0068146545
0.00046077734
0.002029037
0.000129341
0.00028293344
0.00016167626
0.02050055
0.0011155662
0.00042035826
0.0010266443
0.0011317338
0.093691394
0.00017784389
0.056958545
0.017372115
0.053547177
0.013912242
0.05100886
0.012117635
0.0067257322
0.009692492
0.03808284
0.0047451984
0.001600595
0.013063442
0.019166721
0.0202257
0.02881071
0.011923624
0.0005658669
0.038487032
0.038980145
0.101088084
0.015472418
0.008843691
0.001729936
0.011010153
0.006555972
0.0021017913
0.00027484965
0.0010913147
0.00014550863
0.00042035826
0.00013742482
5.136088
0.0
0.0
0.0
1.0
954498.0
319488.0
0.0
0.0
76.0
0.0
1.0
0.0
0.0
3644.0
1393483300.0
0.0
0.0
0.0
0.0
0.0
1.0
0.0
0.0
0.0
0.0
0.0
0.0
-1.0
0.0
0.0
-1.0
1.0
0.0
0.0
0.0
0.0
0.0
0.0
0.0
0.0
0.0
0.0
0.0
-1.0
0.0
0.0
0.0
0.0
0.0
0.0
0.0
0.0
0.0
0.0
0.0
0.0
-1.0
0.0
0.0
0.0
0.0
0.0
0.0
0.0
0.0
1.0
0.0
2.0
56.0
4.0
0.0
4.0
0.0
245760.0
1024.0
4096.0
6.0
1.0
0.0
1.0
4.0
0.0
0.0
0.0
0.0
0.0
0.0
0.0
0.0
0.0
0.0
0.0
0.0
0.0
0.0
9728.0
0.0
0.0
0.0
0.0
0.0
0.0
0.0
0.0
0.0
0.0
0.0
0.0
0.0
0.0
0.0
0.0
0.0
-1024.0
0.0
0.0
0.0
0.0
0.0
0.0
0.0
0.0
-245760.0
-2560.0
26624.0
0.0
0.0
0.0
0.0
0.0
0.0
0.0
0.0
0.0
0.0
0.0
0.0
0.0
0.0
0.0
0.0
0.0
0.0
0.0
0.0
5.1368194
0.0
0.0
0.0
0.0
0.0
0.0
0.0
0.0
0.0
0.0
0.0
0.0
0.0
0.0
0.0
0.0
0.0
-1.0677483
0.0
0.0
0.0
0.0
0.0
0.0
0.0
0.0
-6.0850806
-4.7209964
4.742447
0.0
0.0
0.0
0.0
0.0
0.0
0.0
0.0
0.0
0.0
0.0
0.0
0.0
0.0
0.0
0.0
0.0
0.0
0.0
0.0
9384.0
0.0
0.0
0.0
0.0
0.0
0.0
0.0
0.0
0.0
0.0
0.0
0.0
0.0
0.0
18576.0
0.0
0.0
-608.0
0.0
0.0
0.0
0.0
0.0
0.0
0.0
0.0
-245368.0
-2212.0
26552.0
0.0
0.0
0.0
0.0
0.0
0.0
0.0
0.0
0.0
-1.0
0.0
0.0
0.0
0.0
0.0
1.0
0.0
0.0
0.0
0.0
0.0
0.0
0.0
0.0
0.0
0.0
0.0
0.0
0.0
0.0
0.0
0.0
0.0
0.0
0.0
0.0
0.0
0.0
0.0
0.0
0.0
0.0
0.0
0.0
0.0
-2.0
0.0
0.0
0.0
1.0
0.0
0.0
0.0
0.0
0.0
0.0
1.0
0.0
0.0
0.0
0.0
0.0
0.0
0.0
0.0
0.0
0.0
0.0
0.0
-1.0
0.0
0.0
0.0
0.0
0.0
0.0
0.0
0.0
0.0
1.0
0.0
0.0
0.0
0.0
1.0
0.0
0.0
0.0
0.0
0.0
0.0
0.0
0.0
0.0
0.0
0.0
0.0
0.0
0.0
0.0
0.0
0.0
0.0
0.0
0.0
0.0
0.0
0.0
0.0
0.0
0.0
0.0
0.0
0.0
0.0
0.0
0.0
0.0
0.0
0.0
0.0
0.0
0.0
0.0
0.0
0.0
0.0
0.0
0.0
0.0
0.0
0.0
0.0
0.0
0.0
0.0
0.0
0.0
0.0
0.0
0.0
0.0
0.0
0.0
0.0
0.0
0.0
0.0
0.0
0.0
0.0
0.0
0.0
0.0
0.0
0.0
0.0
0.0
0.0
0.0
0.0
0.0
0.0
0.0
0.0
0.0
0.0
0.0
0.0
0.0
0.0
0.0
0.0
0.0
0.0
0.0
0.0
0.0
0.0
0.0
0.0
0.0
0.0
0.0
0.0
0.0
0.0
0.0
0.0
0.0
0.0
0.0
0.0
0.0
0.0
0.0
0.0
0.0
0.0
0.0
0.0
0.0
0.0
0.0
0.0
0.0
0.0
0.0
0.0
0.0
0.0
0.0
0.0
0.0
0.0
0.0
0.0
0.0
0.0
0.0
0.0
0.0
0.0
1.0
0.0
0.0
0.0
0.0
0.0
0.0
0.0
0.0
0.0
0.0
0.0
0.0
0.0
0.0
0.0
0.0
0.0
0.0
0.0
0.0
0.0
0.0
0.0
0.0
0.0
0.0
0.0
0.0
0.0
0.0
0.0
0.0
0.0
0.0
0.0
0.0
0.0
0.0
0.0
0.0
0.0
0.0
0.0
0.0
0.0
0.0
0.0
0.0
0.0
0.0
0.0
0.0
0.0
0.0
0.0
0.0
0.0
0.0
0.0
0.0
0.0
0.0
0.0
0.0
0.0
0.0
0.0
0.0
0.0
0.0
0.0
0.0
0.0
0.0
0.0
0.0
0.0
0.0
0.0
0.0
0.0
0.0
0.0
1.0
0.0
0.0
0.0
0.0
0.0
0.0
0.0
0.0
0.0
0.0
0.0
0.0
0.0
0.0
0.0
0.0
0.0
0.0
0.0
0.0
0.0
0.0
0.0
0.0
0.0
0.0
0.0
0.0
0.0
-1.0
0.0
0.0
0.0
0.0
0.0
0.0
0.0
0.0
0.0
0.0
0.0
0.0
0.0
0.0
0.0
0.0
0.0
0.0
0.0
0.0
0.0
0.0
0.0
0.0
0.0
1.0
0.0
0.0
0.0
0.0
0.0
0.0
0.0
0.0
0.0
0.0
0.0
0.0
0.0
0.0
0.0
0.0
0.0
0.0
0.0
0.0
0.0
0.0
0.0
-1.0
0.0
0.0
0.0
0.0
0.0
0.0
0.0
0.0
0.0
0.0
0.0
0.0
0.0
0.0
0.0
0.0
0.0
0.0
0.0
0.0
0.0
-1.0
0.0
1.0
0.0
-1.0
-2.0
-1.0
0.0
0.0
0.0
0.0
0.0
0.0
0.0
0.0
0.0
1.0
0.0
0.0
0.0
0.0
0.0
0.0
0.0
0.0
0.0
0.0
0.0
0.0
0.0
0.0
0.0
0.0
0.0
0.0
0.0
0.0
0.0
0.0
0.0
0.0
0.0
0.0
0.0
0.0
0.0
0.0
0.0
0.0
0.0
0.0
0.0
0.0
0.0
0.0
0.0
0.0
0.0
0.0
0.0
0.0
0.0
0.0
0.0
1.0
0.0
0.0
0.0
0.0
0.0
0.0
0.0
0.0
0.0
0.0
0.0
0.0
0.0
0.0
0.0
0.0
0.0
0.0
0.0
0.0
0.0
0.0
0.0
0.0
0.0
0.0
0.0
0.0
0.0
0.0
0.0
0.0
0.0
0.0
0.0
0.0
0.0
0.0
0.0
0.0
0.0
0.0
0.0
0.0
-1.0
0.0
0.0
0.0
0.0
-1.0
0.0
0.0
0.0
0.0
0.0
0.0
0.0
0.0
0.0
0.0
0.0
0.0
0.0
0.0
0.0
0.0
0.0
0.0
0.0
0.0
0.0
0.0
0.0
0.0
0.0
0.0
0.0
0.0
0.0
0.0
0.0
0.0
0.0
0.0
0.0
0.0
0.0
0.0
0.0
0.0
0.0
0.0
0.0
0.0
0.0
0.0
0.0
0.0
0.0
0.0
0.0
0.0
0.0
0.0
0.0
0.0
0.0
0.0
0.0
0.0
0.0
0.0
0.0
0.0
0.0
0.0
0.0
0.0
0.0
0.0
0.0
0.0
0.0
0.0
0.0
0.0
1.0
0.0
0.0
0.0
0.0
0.0
0.0
0.0
0.0
0.0
0.0
0.0
0.0
0.0
0.0
0.0
0.0
-1.0
0.0
0.0
0.0
0.0
0.0
0.0
0.0
0.0
0.0
0.0
0.0
0.0
0.0
0.0
0.0
0.0
0.0
-1.0
0.0
0.0
-1.0
0.0
0.0
0.0
-1.0
0.0
0.0
0.0
0.0
1.0
0.0
0.0
0.0
0.0
0.0
0.0
0.0
0.0
0.0
0.0
0.0
0.0
0.0
0.0
0.0
0.0
0.0
0.0
0.0
0.0
0.0
0.0
0.0
0.0
0.0
0.0
0.0
0.0
0.0
0.0
0.0
0.0
0.0
0.0
0.0
0.0
0.0
0.0
0.0
0.0
1.0
0.0
0.0
0.0
0.0
0.0
0.0
0.0
0.0
1.0
0.0
0.0
0.0
0.0
0.0
0.0
0.0
0.0
0.0
0.0
0.0
0.0
0.0
0.0
0.0
0.0
0.0
0.0
0.0
0.0
0.0
0.0
0.0
0.0
1.0
0.0
0.0
0.0
0.0
0.0
0.0
0.0
0.0
0.0
0.0
0.0
0.0
0.0
0.0
0.0
0.0
0.0
0.0
0.0
0.0
0.0
0.0
0.0
0.0
0.0
0.0
0.0
0.0
0.0
0.0
0.0
0.0
0.0
0.0
0.0
0.0
0.0
0.0
0.0
0.0
0.0
0.0
0.0
0.0
0.0
0.0
0.0
0.0
0.0
0.0
0.0
0.0
0.0
0.0
0.0
0.0
0.0
0.0
0.0
0.0
0.0
0.0
0.0
0.0
0.0
0.0
0.0
0.0
0.0
0.0
0.0
0.0
-1.0
0.0
0.0
0.0
0.0
-1.0
0.0
0.0
0.0
0.0
0.0
0.0
0.0
1.0
0.0
0.0
0.0
0.0
0.0
0.0
0.0
0.0
0.0
0.0
0.0
0.0
0.0
0.0
0.0
0.0
0.0
0.0
0.0
0.0
0.0
-1.0
0.0
0.0
0.0
0.0
0.0
0.0
0.0
0.0
0.0
0.0
0.0
-1.0
0.0
0.0
0.0
0.0
0.0
0.0
0.0
0.0
0.0
0.0
0.0
0.0
0.0
0.0
0.0
0.0
0.0
1.0
0.0
0.0
0.0
0.0
0.0
0.0
0.0
-1.0
0.0
0.0
0.0
0.0
0.0
0.0
0.0
0.0
0.0
0.0
0.0
0.0
0.0
0.0
0.0
0.0
0.0
0.0
0.0
0.0
0.0
0.0
0.0
0.0
0.0
0.0
0.0
0.0
0.0
0.0
0.0
0.0
0.0
0.0
0.0
0.0
0.0
0.0
0.0
0.0
0.0
0.0
0.0
0.0
-1.0
0.0
0.0
0.0
0.0
0.0
0.0
0.0
0.0
0.0
0.0
0.0
0.0
0.0
0.0
0.0
0.0
0.0
0.0
0.0
-1.0
0.0
0.0
0.0
-1.0
0.0
0.0
0.0
0.0
0.0
0.0
0.0
-1.0
0.0
0.0
0.0
0.0
0.0
0.0
0.0
0.0
0.0
-1.0
0.0
0.0
0.0
0.0
0.0
0.0
0.0
0.0
0.0
0.0
0.0
0.0
1.0
0.0
0.0
0.0
-1.0
0.0
0.0
-1.0
-1.0
0.0
0.0
0.0
0.0
0.0
0.0
0.0
0.0
0.0
0.0
0.0
0.0
0.0
0.0
0.0
0.0
0.0
0.0
0.0
0.0
0.0
0.0
0.0
0.0
0.0
0.0
0.0
0.0
0.0
0.0
0.0
0.0
0.0
0.0
0.0
1.0
0.0
0.0
0.0
-1.0
0.0
0.0
0.0
0.0
0.0
0.0
0.0
0.0
0.0
0.0
0.0
0.0
-1.0
0.0
0.0
0.0
0.0
0.0
1.0
0.0
0.0
0.0
0.0
0.0
0.0
0.0
0.0
0.0
0.0
0.0
0.0
0.0
0.0
0.0
0.0
0.0
0.0
0.0
0.0
0.0
0.0
0.0
0.0
0.0
0.0
0.0
1.0
0.0
0.0
0.0
0.0
0.0
0.0
0.0
0.0
0.0
0.0
0.0
0.0
0.0
-1.0
0.0
0.0
0.0
-1.0
0.0
1.0
0.0
0.0
1.0
1.0
0.0
0.0
0.0
0.0
0.0
0.0
0.0
0.0
0.0
0.0
0.0
1.0
0.0
0.0
0.0
0.0
0.0
0.0
0.0
1.0
0.0
0.0
0.0
1.0
0.0
0.0
0.0
0.0
0.0
-1.0
0.0
0.0
0.0
0.0
0.0
0.0
0.0
0.0
0.0
0.0
0.0
0.0
0.0
0.0
0.0
1.0
0.0
0.0
1.0
0.0
0.0
0.0
0.0
0.0
0.0
0.0
0.0
0.0
0.0
0.0
1.0
0.0
0.0
0.0
0.0
0.0
0.0
0.0
0.0
-1.0
0.0
0.0
0.0
0.0
0.0
0.0
0.0
0.0
0.0
1.0
0.0
0.0
0.0
0.0
2.0
0.0
0.0
0.0
0.0
0.0
0.0
0.0
0.0
0.0
0.0
0.0
0.0
0.0
0.0
0.0
0.0
0.0
0.0
0.0
0.0
0.0
0.0
0.0
0.0
1.0
0.0
0.0
0.0
0.0
0.0
0.0
0.0
1.0
0.0
0.0
0.0
0.0
0.0
0.0
0.0
0.0
0.0
-1.0
0.0
0.0
0.0
0.0
0.0
0.0
0.0
0.0
0.0
0.0
0.0
0.0
0.0
0.0
0.0
-1.0
0.0
-1.0
0.0
0.0
0.0
0.0
0.0
0.0
0.0
0.0
1.0
0.0
0.0
0.0
0.0
0.0
0.0
0.0
0.0
0.0
0.0
0.0
0.0
1.0
0.0
0.0
0.0
0.0
0.0
0.0
0.0
0.0
0.0
0.0
0.0
0.0
0.0
0.0
0.0
0.0
0.0
0.0
0.0
0.0
0.0
0.0
0.0
0.0
-1.0
0.0
0.0
0.0
0.0
0.0
0.0
0.0
0.0
0.0
0.0
0.0
0.0
0.0
0.0
0.0
0.0
0.0
0.0
0.0
0.0
0.0
0.0
0.0
0.0
0.0
0.0
0.0
1.0
0.0
0.0
0.0
0.0
0.0
0.0
0.0
0.0
0.0
0.0
0.0
0.0
0.0
-2.0
0.0
0.0
0.0
0.0
0.0
0.0
0.0
0.0
0.0
0.0
0.0
0.0
1.0
0.0
0.0
0.0
0.0
0.0
0.0
0.0
0.0
0.0
0.0
0.0
-1.0
0.0
0.0
0.0
1.0
0.0
0.0
0.0
0.0
0.0
0.0
0.0
0.0
0.0
0.0
0.0
0.0
0.0
0.0
0.0
1.0
0.0
0.0
0.0
0.0
0.0
0.0
0.0
0.0
0.0
0.0
0.0
0.0
0.0
0.0
1.0
0.0
0.0
0.0
0.0
0.0
0.0
0.0
0.0
0.0
0.0
0.0
0.0
0.0
0.0
0.0
0.0
0.0
0.0
0.0
0.0
0.0
0.0
0.0
0.0
0.0
0.0
0.0
0.0
0.0
0.0
0.0
0.0
0.0
0.0
0.0
0.0
0.0
0.0
0.0
0.0
0.0
0.0
0.0
0.0
0.0
0.0
0.0
0.0
0.0
0.0
0.0
0.0
0.0
0.0
0.0
0.0
0.0
0.0
0.0
0.0
0.0
0.0
0.0
0.0
0.0
0.0
0.0
0.0
0.0
0.0
0.0
0.0
0.0
0.0
0.0
0.0
0.0
0.0
0.0
0.0
0.0
0.0
0.0
0.0
0.0
0.0
0.0
0.0
0.0
0.0
0.0
0.0
0.0
0.0
0.0
0.0
0.0
0.0
0.0
0.0
0.0
0.0
0.0
0.0
0.0
0.0
0.0
0.0
0.0
0.0
0.0
0.0
0.0
0.0
0.0
0.0
0.0
0.0
0.0
0.0
0.0
0.0
0.0
0.0
0.0
0.0
0.0
0.0
0.0
0.0
0.0
0.0
0.0
2212.0
286720.0
26552.0
290816.0
0.0
0.0
0.0
0.0
0.0
0.0
0.0
0.0
0.0
0.0
0.0
0.0
0.0
0.0
0.0
0.0
0.0
0.0
0.0
0.0
0.0
0.0
0.0
0.0
