0.07258409
0.011737836
0.0047413916
0.0022454152
0.010671344
0.0021988365
0.0015949194
0.0009042695
0.008189823
0.0025762846
0.0032669345
0.0007918381
0.0056954524
0.0016977137
0.008978449
0.006325068
0.011440695
0.0019739738
0.002627682
0.0012463821
0.005546079
0.0075746626
0.0015097928
0.00063925266
0.002291994
0.001027944
0.0012174712
0.00063604035
0.0026903222
0.0014648202
0.0009733345
0.000780595
0.0025489798
0.0024236992
0.005186299
0.0009926085
0.015277818
0.003605835
0.002696747
0.010020848
0.022272656
0.003152897
0.0015451283
0.0012495945
0.0028637878
0.002719233
0.001580464
0.00062961574
0.0023064495
0.0032364174
0.0008352045
0.0009476359
0.0019450628
0.0010536426
0.0010022455
0.0018326314
0.0016495289
0.0021795626
0.00084644766
0.0015644022
0.0034034583
0.0015210359
0.0017282309
0.0005155782
0.0047012377
0.0031834142
0.008480538
0.0046016555
0.012420455
0.018406622
0.0044153407
0.00090266333
0.002449398
0.0036668691
0.0010937967
0.00080308126
0.006345948
0.0035062528
0.0032187498
0.0009139065
0.0029376713
0.0011837417
0.0013716628
0.0031159553
0.0026614114
0.008671671
0.0015338853
0.0011002213
0.0016109811
0.007849316
0.00050754735
0.0065756296
0.0014873066
0.0070831766
0.0010552488
0.0011484062
0.003605835
0.0015467345
0.000909088
0.0011387692
0.001116283
0.0025425553
0.0014776696
0.0015258543
0.001937032
0.0013588135
0.002520069
0.0009813653
0.002007703
0.0061933626
0.0012640499
0.0010006393
0.0012881423
0.0016061625
0.0010777351
0.00097654684
0.0045679263
0.0053453087
0.0013395395
0.00088820787
0.0017571418
0.002381939
0.00059749244
0.0011837417
0.0023530282
0.004871491
0.0009267558
0.0016655906
0.0044827997
0.002025371
0.0012206836
0.008122364
0.012438122
0.02370696
0.0031320169
0.0021715318
0.0033825783
0.027926348
0.002006097
0.023755144
0.0028348768
0.009058757
0.0013025978
0.00046578713
0.013984857
0.002610014
0.00066976977
0.0008625093
0.0034901912
0.0032460545
0.0008914202
0.0026405312
0.0019611244
0.0018422684
0.0006344342
0.0005525199
0.0017475048
0.0021201344
0.00071153
0.00047060562
0.0015868886
0.0030709826
0.0014487586
0.0007356224
0.0012768992
0.002934459
0.00040314678
0.000840023
0.0025521922
0.0040957145
0.00047703026
0.0041374746
0.0016318611
0.00408929
0.00042563307
0.000958879
0.0017137754
0.006745883
0.0011917726
0.006039171
0.0013604197
0.0024590348
0.0029280342
0.001808539
0.017385103
0.017916743
0.002777055
0.0031352292
0.0042466936
0.0041053514
0.001235139
0.0009106941
0.0055621406
0.0027256578
0.0013218718
0.0028814555
0.005184693
0.007520053
0.002184381
0.010061002
0.005534836
0.004445858
0.0044506765
0.00076132105
0.001472851
0.002322511
0.0013507827
0.0095438175
0.021169223
0.0029376713
0.0034468248
0.0008609031
0.0031512908
0.0012014096
0.00063925266
0.00063122186
0.00415193
0.0017346556
0.0016495289
0.0010167009
0.0028782433
0.0038885195
0.0011130706
0.0019402443
0.0026919283
0.0011869541
0.0019209704
0.0006906499
0.002479915
0.0031769895
0.0009139065
0.0007870196
0.009282013
0.0050256825
0.0016350735
0.0021731379
0.004140687
0.00097494066
0.0007324101
0.0026228635
0.0017603541
0.0011387692
0.00080468744
0.0008287799
0.0067715812
0.0010552488
0.0014760634
0.0008673278
0.0039286735
0.0027144146
0.00259074
0.0016639844
0.003181808
0.0042434814
0.0077641895
0.039818376
0.0
0.0
0.0
0.0
0.0
0.0
0.0
0.0
0.0
0.0
0.0
0.0
0.0
0.0
0.0
0.0
0.0
0.0
0.0
0.0
0.0
0.0
0.0
0.0
0.0
0.0
0.0
0.0
0.0
0.0
0.0
0.0
0.0
0.0
0.0
0.0
0.0
0.0
0.0
0.0
0.0
0.0
0.0
0.0
0.0
0.0
0.0
0.0
0.0055424348
4.5047364e-05
3.2176688e-06
8.044172e-07
2.4936933e-05
0.0
8.044172e-07
0.00020673522
2.4132517e-06
1.6088345e-05
5.6309204e-06
3.2176688e-06
1.6088344e-06
0.0
1.7697179e-05
0.000719149
0.0
0.0
0.0
0.0
0.0
0.0
0.0
0.0
0.0
0.0
0.0
0.0
0.0
0.0
0.0
0.0
0.0
0.0
0.0
0.0
0.0
0.0
0.0
0.0
0.0
0.0
0.0
0.0
0.0
0.0
0.0
0.0
0.0
0.0
0.0
0.0
0.0
0.0
0.0
0.0
0.0
0.0
0.0
0.0
0.0
0.0
0.0
0.0
0.003308568
3.5394358e-05
7.48108e-05
0.00021719265
5.3895954e-05
7.802847e-05
0.00022201915
9.81389e-05
8.526823e-05
2.011043e-05
2.1719265e-05
0.00037727167
6.5157794e-05
7.641964e-05
6.435338e-05
0.00014399068
0.003696297
5.228712e-05
0.00012870676
0.0002807416
0.00013031559
0.00014399068
0.00080602604
0.00038129376
6.596221e-05
3.7003192e-05
1.6892762e-05
0.00039094678
5.228712e-05
4.6656198e-05
8.044172e-05
0.0002799372
0.0018501596
5.5504788e-05
0.0004303632
6.113571e-05
0.0002767195
7.48108e-05
0.00046173547
0.0001544481
0.00042714554
5.228712e-05
7.48108e-05
0.00043197203
9.492123e-05
0.00039899093
3.458994e-05
6.274454e-05
0.0054338383
0.0002292589
0.0029337096
0.00034831266
0.00080602604
0.000354748
0.00070708274
0.0005558523
0.0027720218
0.0004995431
0.0004078395
0.0026923844
0.0005453949
0.0029908232
0.0007022562
0.0010851588
0.0070362375
0.0004110572
0.005400857
0.0007682184
0.0014841497
0.00081004814
0.0018670524
0.0011832977
0.00472756
0.00057757157
0.0006507735
0.0050372607
0.0009628874
0.0057909996
0.0010570042
0.0017737399
0.0115031665
0.0010771146
0.0035788522
0.0010698749
0.002676296
0.0010368938
0.0009266886
0.0013160266
0.006366158
0.0016627304
0.00050115195
0.0021807752
0.002496911
0.0022451284
0.0015557429
0.007582437
0.053377908
0.008505103
0.014787601
0.004546566
0.024521854
0.013072584
0.002641706
0.009148637
0.050157826
0.011222425
0.003697906
0.008356286
0.016103629
0.0059719933
0.012142678
0.036868855
0.027104033
0.0056542484
0.013715314
0.0037550195
0.014720031
0.009295041
0.0035338048
0.005768476
0.024207328
0.007735276
0.005515889
0.0063484604
0.014607412
0.0051530967
0.009325609
0.013247947
0.024811445
0.02759714
0.03776015
0.015538927
0.034456406
0.025014158
0.019956786
0.014018578
0.03934807
0.01661765
0.019774184
0.050213333
0.03243571
0.029784352
0.0154802045
0.018939199
1075.0
8.195349
8810.0
0.008853575
0.003291714
0.0055618617
0.004086266
0.0043132803
0.015209989
0.015323496
0.010896708
0.017253121
0.011918275
0.0052213394
0.002043133
0.006583428
0.014642452
0.00476731
0.0026106697
0.0049943244
0.012599319
0.0030646992
0.0035187288
0.0043132803
0.0046538026
0.0022701477
0.018955732
0.0059023835
0.012712826
0.010102157
0.0015891033
0.0073779793
0.006015891
0.0043132803
0.00034052212
0.0046538026
0.009988649
0.020090805
0.005788876
0.024290578
0.02338252
0.0076049943
0.0049943244
0.007945516
0.013053348
0.005788876
0.0011350738
0.008853575
0.008967083
0.015437003
0.002383655
0.0052213394
0.0019296254
0.0043132803
0.0323496
0.0055618617
0.016118048
0.0046538026
0.002724177
0.001816118
0.0046538026
0.0004540295
0.01169126
0.007150965
0.021566402
0.013507378
0.036662884
0.0026106697
0.03246311
0.0129398415
0.029171396
0.010442679
0.042451758
0.009875142
0.009421112
0.007150965
0.02417707
0.002043133
0.0029511917
0.014869466
0.022928491
0.017253121
0.017139614
0.008853575
0.0049943244
0.027468786
0.023609534
0.041430194
0.01169126
0.004086266
0.002383655
0.0034052213
0.015096481
0.0019296254
0.0022701477
0.007491487
0.013053348
0.0010215665
0.003291714
6.0960703
0.0
0.0
0.0
1.0
622602.0
319488.0
0.0
0.0
76.0
0.0
1.0
0.0
0.0
39.0
1393483300.0
0.0
0.0
0.0
0.0
0.0
1.0
0.0
0.0
0.0
0.0
0.0
0.0
-1.0
0.0
0.0
-1.0
1.0
0.0
0.0
0.0
0.0
0.0
0.0
0.0
0.0
0.0
0.0
0.0
-1.0
0.0
0.0
0.0
0.0
0.0
0.0
0.0
0.0
0.0
0.0
0.0
0.0
-1.0
0.0
0.0
0.0
0.0
0.0
0.0
0.0
0.0
1.0
0.0
2.0
56.0
4.0
0.0
4.0
0.0
245760.0
1024.0
4096.0
6.0
1.0
0.0
1.0
5.0
0.0
0.0
0.0
0.0
0.0
0.0
0.0
0.0
0.0
0.0
0.0
0.0
0.0
0.0
9728.0
0.0
0.0
0.0
0.0
0.0
0.0
0.0
0.0
0.0
0.0
0.0
0.0
0.0
0.0
0.0
0.0
0.0
-1024.0
0.0
0.0
0.0
0.0
0.0
0.0
0.0
0.0
-245760.0
-2560.0
26624.0
0.0
0.0
0.0
0.0
0.0
0.0
0.0
0.0
0.0
0.0
0.0
0.0
0.0
0.0
0.0
0.0
0.0
0.0
0.0
0.0
5.1368194
0.0
0.0
0.0
0.0
0.0
0.0
0.0
0.0
0.0
0.0
0.0
0.0
0.0
0.0
0.0
0.0
0.0
-1.0677483
0.0
0.0
0.0
0.0
0.0
0.0
0.0
0.0
-6.0850806
-4.7209964
6.0745196
0.0
0.0
0.0
0.0
0.0
0.0
0.0
0.0
0.0
0.0
0.0
0.0
0.0
0.0
0.0
0.0
0.0
0.0
0.0
0.0
9384.0
0.0
0.0
0.0
0.0
0.0
0.0
0.0
0.0
0.0
0.0
0.0
0.0
0.0
0.0
18576.0
0.0
0.0
-608.0
0.0
0.0
0.0
0.0
0.0
0.0
0.0
0.0
-245368.0
-2212.0
26552.0
0.0
0.0
0.0
0.0
0.0
0.0
0.0
0.0
0.0
-1.0
0.0
0.0
0.0
0.0
0.0
1.0
0.0
0.0
0.0
0.0
0.0
0.0
0.0
0.0
0.0
0.0
0.0
0.0
0.0
0.0
0.0
0.0
0.0
0.0
0.0
0.0
0.0
0.0
0.0
0.0
0.0
0.0
0.0
0.0
0.0
-2.0
0.0
0.0
0.0
1.0
0.0
0.0
0.0
0.0
0.0
0.0
1.0
0.0
0.0
0.0
0.0
0.0
0.0
0.0
0.0
0.0
0.0
0.0
0.0
-1.0
0.0
0.0
0.0
0.0
0.0
0.0
0.0
0.0
0.0
1.0
0.0
0.0
0.0
0.0
1.0
0.0
0.0
0.0
0.0
0.0
0.0
0.0
0.0
1.0
0.0
0.0
0.0
0.0
0.0
0.0
0.0
0.0
0.0
0.0
0.0
0.0
0.0
0.0
0.0
0.0
0.0
0.0
0.0
0.0
0.0
0.0
0.0
0.0
0.0
0.0
0.0
0.0
0.0
0.0
0.0
0.0
0.0
0.0
0.0
0.0
0.0
0.0
0.0
0.0
0.0
0.0
0.0
0.0
0.0
0.0
0.0
0.0
0.0
0.0
0.0
0.0
0.0
0.0
0.0
0.0
0.0
0.0
0.0
0.0
0.0
0.0
0.0
0.0
0.0
0.0
0.0
0.0
0.0
0.0
0.0
0.0
0.0
0.0
0.0
0.0
0.0
0.0
0.0
0.0
0.0
0.0
0.0
0.0
0.0
0.0
0.0
0.0
0.0
0.0
0.0
0.0
0.0
0.0
0.0
0.0
0.0
0.0
0.0
0.0
0.0
0.0
0.0
0.0
0.0
0.0
0.0
0.0
0.0
0.0
0.0
0.0
0.0
0.0
0.0
0.0
0.0
0.0
0.0
0.0
0.0
0.0
0.0
0.0
0.0
0.0
0.0
0.0
0.0
1.0
0.0
0.0
0.0
0.0
0.0
0.0
0.0
0.0
0.0
0.0
0.0
0.0
0.0
0.0
0.0
0.0
0.0
0.0
0.0
0.0
0.0
0.0
0.0
0.0
0.0
0.0
0.0
0.0
0.0
0.0
0.0
0.0
0.0
0.0
0.0
0.0
0.0
0.0
0.0
0.0
0.0
0.0
0.0
0.0
0.0
0.0
0.0
0.0
0.0
0.0
0.0
0.0
0.0
0.0
0.0
0.0
0.0
0.0
0.0
0.0
0.0
0.0
0.0
0.0
0.0
0.0
0.0
0.0
0.0
0.0
0.0
0.0
0.0
0.0
0.0
0.0
0.0
0.0
0.0
0.0
0.0
0.0
0.0
1.0
0.0
0.0
0.0
0.0
0.0
0.0
0.0
0.0
0.0
0.0
0.0
0.0
0.0
0.0
0.0
0.0
0.0
0.0
0.0
0.0
0.0
0.0
0.0
0.0
0.0
0.0
0.0
0.0
0.0
-1.0
0.0
0.0
0.0
0.0
0.0
0.0
0.0
0.0
0.0
0.0
0.0
0.0
0.0
0.0
0.0
0.0
0.0
0.0
0.0
0.0
0.0
0.0
0.0
0.0
0.0
1.0
0.0
0.0
0.0
0.0
0.0
0.0
0.0
0.0
0.0
0.0
0.0
0.0
0.0
0.0
0.0
0.0
0.0
0.0
0.0
0.0
0.0
0.0
0.0
-1.0
0.0
0.0
0.0
0.0
0.0
0.0
0.0
0.0
0.0
0.0
0.0
0.0
0.0
0.0
0.0
0.0
0.0
0.0
0.0
0.0
0.0
-1.0
0.0
1.0
0.0
-1.0
-2.0
-1.0
0.0
0.0
0.0
0.0
0.0
0.0
0.0
0.0
0.0
1.0
0.0
0.0
0.0
0.0
0.0
0.0
0.0
0.0
0.0
0.0
0.0
0.0
0.0
0.0
0.0
0.0
0.0
0.0
0.0
0.0
0.0
0.0
0.0
0.0
0.0
0.0
0.0
0.0
0.0
0.0
0.0
0.0
0.0
0.0
0.0
0.0
0.0
0.0
0.0
0.0
0.0
0.0
0.0
0.0
0.0
0.0
0.0
1.0
0.0
0.0
0.0
0.0
0.0
0.0
0.0
0.0
0.0
0.0
0.0
0.0
0.0
0.0
0.0
0.0
0.0
0.0
0.0
0.0
0.0
0.0
0.0
0.0
0.0
0.0
0.0
0.0
0.0
0.0
0.0
0.0
0.0
0.0
0.0
0.0
0.0
0.0
0.0
0.0
0.0
0.0
0.0
0.0
-1.0
0.0
0.0
0.0
0.0
-1.0
0.0
0.0
0.0
0.0
0.0
0.0
0.0
0.0
0.0
0.0
0.0
0.0
0.0
0.0
0.0
0.0
0.0
0.0
0.0
0.0
0.0
0.0
0.0
0.0
0.0
0.0
0.0
0.0
0.0
0.0
0.0
0.0
0.0
0.0
0.0
0.0
0.0
0.0
0.0
0.0
0.0
0.0
0.0
0.0
0.0
0.0
0.0
0.0
0.0
0.0
0.0
0.0
0.0
0.0
0.0
0.0
0.0
0.0
0.0
0.0
0.0
0.0
0.0
0.0
0.0
0.0
0.0
0.0
0.0
0.0
0.0
0.0
0.0
0.0
0.0
0.0
1.0
0.0
0.0
0.0
0.0
0.0
0.0
0.0
0.0
0.0
0.0
0.0
0.0
0.0
0.0
0.0
0.0
-1.0
0.0
0.0
0.0
0.0
0.0
0.0
0.0
0.0
0.0
0.0
0.0
0.0
0.0
0.0
0.0
0.0
0.0
-1.0
0.0
0.0
-1.0
0.0
0.0
0.0
-1.0
0.0
0.0
0.0
0.0
1.0
0.0
0.0
0.0
0.0
0.0
0.0
0.0
0.0
0.0
0.0
0.0
0.0
0.0
0.0
0.0
0.0
0.0
0.0
0.0
0.0
0.0
0.0
0.0
0.0
0.0
0.0
0.0
0.0
0.0
0.0
0.0
0.0
0.0
0.0
0.0
0.0
0.0
0.0
0.0
0.0
1.0
0.0
0.0
0.0
0.0
0.0
0.0
0.0
0.0
1.0
0.0
0.0
0.0
0.0
0.0
0.0
0.0
0.0
0.0
0.0
0.0
0.0
0.0
0.0
0.0
0.0
0.0
0.0
0.0
0.0
0.0
0.0
0.0
0.0
1.0
0.0
0.0
0.0
0.0
0.0
0.0
0.0
0.0
0.0
0.0
0.0
0.0
0.0
0.0
0.0
0.0
0.0
0.0
0.0
0.0
0.0
0.0
0.0
0.0
0.0
0.0
0.0
0.0
0.0
0.0
0.0
0.0
0.0
0.0
0.0
0.0
0.0
0.0
0.0
0.0
0.0
0.0
0.0
0.0
0.0
0.0
0.0
0.0
0.0
0.0
0.0
0.0
0.0
0.0
0.0
0.0
0.0
0.0
0.0
0.0
0.0
0.0
0.0
0.0
0.0
0.0
0.0
0.0
0.0
0.0
0.0
0.0
-1.0
0.0
0.0
0.0
0.0
-1.0
0.0
0.0
0.0
0.0
0.0
0.0
0.0
1.0
0.0
0.0
0.0
0.0
0.0
0.0
0.0
0.0
0.0
0.0
0.0
0.0
0.0
0.0
0.0
0.0
0.0
0.0
0.0
0.0
0.0
-1.0
0.0
0.0
0.0
0.0
0.0
0.0
0.0
0.0
0.0
0.0
0.0
-1.0
0.0
0.0
0.0
0.0
0.0
0.0
0.0
0.0
0.0
0.0
0.0
0.0
0.0
0.0
0.0
0.0
0.0
1.0
0.0
0.0
0.0
0.0
0.0
0.0
0.0
-1.0
0.0
0.0
0.0
0.0
0.0
0.0
0.0
0.0
0.0
0.0
0.0
0.0
0.0
0.0
0.0
0.0
0.0
0.0
0.0
0.0
0.0
0.0
0.0
0.0
0.0
0.0
0.0
0.0
0.0
0.0
0.0
0.0
0.0
0.0
0.0
0.0
0.0
0.0
0.0
0.0
0.0
0.0
0.0
0.0
-1.0
0.0
0.0
0.0
0.0
0.0
0.0
0.0
0.0
0.0
0.0
0.0
0.0
0.0
0.0
0.0
0.0
0.0
0.0
0.0
-1.0
0.0
0.0
0.0
-1.0
0.0
0.0
0.0
0.0
0.0
0.0
0.0
-1.0
0.0
0.0
0.0
0.0
0.0
0.0
0.0
0.0
0.0
-1.0
0.0
0.0
0.0
0.0
0.0
0.0
0.0
0.0
0.0
0.0
0.0
0.0
1.0
0.0
0.0
0.0
-1.0
0.0
0.0
-1.0
-1.0
0.0
0.0
0.0
0.0
0.0
0.0
0.0
0.0
0.0
0.0
0.0
0.0
0.0
0.0
0.0
0.0
0.0
0.0
0.0
0.0
0.0
0.0
0.0
0.0
0.0
0.0
0.0
0.0
0.0
0.0
0.0
0.0
0.0
0.0
0.0
1.0
0.0
0.0
0.0
-1.0
0.0
0.0
0.0
0.0
0.0
0.0
0.0
0.0
0.0
0.0
0.0
0.0
-1.0
0.0
0.0
0.0
0.0
0.0
1.0
0.0
0.0
0.0
0.0
0.0
0.0
0.0
0.0
0.0
0.0
0.0
0.0
0.0
0.0
0.0
0.0
0.0
0.0
0.0
0.0
0.0
0.0
0.0
0.0
0.0
0.0
0.0
1.0
0.0
0.0
0.0
0.0
0.0
0.0
0.0
0.0
0.0
0.0
0.0
0.0
0.0
-1.0
0.0
0.0
0.0
-1.0
0.0
1.0
0.0
0.0
1.0
1.0
0.0
0.0
0.0
0.0
0.0
0.0
0.0
0.0
0.0
0.0
0.0
1.0
0.0
0.0
0.0
0.0
0.0
0.0
0.0
1.0
0.0
0.0
0.0
1.0
0.0
0.0
0.0
0.0
0.0
-1.0
0.0
0.0
0.0
0.0
0.0
0.0
0.0
0.0
0.0
0.0
0.0
0.0
0.0
0.0
0.0
1.0
0.0
0.0
1.0
0.0
0.0
0.0
0.0
0.0
0.0
0.0
0.0
0.0
0.0
0.0
1.0
0.0
0.0
0.0
0.0
0.0
0.0
0.0
0.0
-1.0
0.0
0.0
0.0
0.0
0.0
0.0
0.0
0.0
0.0
1.0
0.0
0.0
0.0
0.0
2.0
0.0
0.0
0.0
0.0
0.0
0.0
0.0
0.0
0.0
0.0
0.0
0.0
0.0
0.0
0.0
0.0
0.0
0.0
0.0
0.0
0.0
0.0
0.0
0.0
1.0
0.0
0.0
0.0
0.0
0.0
0.0
0.0
1.0
0.0
0.0
0.0
0.0
0.0
0.0
0.0
0.0
0.0
-1.0
0.0
0.0
0.0
0.0
0.0
0.0
0.0
0.0
0.0
0.0
0.0
0.0
0.0
0.0
0.0
-1.0
0.0
-1.0
0.0
0.0
0.0
0.0
0.0
0.0
0.0
0.0
1.0
0.0
0.0
0.0
0.0
0.0
0.0
0.0
0.0
0.0
0.0
0.0
0.0
1.0
0.0
0.0
0.0
0.0
0.0
0.0
0.0
0.0
0.0
0.0
0.0
0.0
0.0
0.0
0.0
0.0
0.0
0.0
0.0
0.0
0.0
0.0
0.0
0.0
-1.0
0.0
0.0
0.0
0.0
0.0
0.0
0.0
0.0
0.0
0.0
0.0
0.0
0.0
0.0
0.0
0.0
0.0
0.0
0.0
0.0
0.0
0.0
0.0
0.0
0.0
0.0
0.0
1.0
0.0
0.0
0.0
0.0
0.0
0.0
0.0
0.0
0.0
0.0
0.0
0.0
0.0
-2.0
0.0
0.0
0.0
0.0
0.0
0.0
0.0
0.0
0.0
0.0
0.0
0.0
1.0
0.0
0.0
0.0
0.0
0.0
0.0
0.0
0.0
0.0
0.0
0.0
-1.0
0.0
0.0
0.0
1.0
0.0
0.0
0.0
0.0
0.0
0.0
0.0
0.0
0.0
0.0
0.0
0.0
0.0
0.0
0.0
1.0
0.0
0.0
0.0
0.0
0.0
0.0
0.0
0.0
0.0
0.0
0.0
0.0
0.0
0.0
1.0
0.0
0.0
0.0
0.0
0.0
0.0
0.0
0.0
0.0
0.0
0.0
0.0
0.0
0.0
0.0
0.0
0.0
0.0
0.0
0.0
0.0
0.0
0.0
0.0
0.0
0.0
0.0
0.0
0.0
0.0
0.0
0.0
0.0
0.0
0.0
0.0
0.0
0.0
0.0
0.0
0.0
0.0
0.0
0.0
0.0
0.0
0.0
0.0
0.0
0.0
0.0
0.0
0.0
0.0
0.0
0.0
0.0
0.0
0.0
0.0
0.0
0.0
0.0
0.0
0.0
0.0
0.0
0.0
0.0
0.0
0.0
0.0
0.0
0.0
0.0
0.0
0.0
0.0
0.0
0.0
0.0
0.0
0.0
0.0
0.0
0.0
0.0
0.0
0.0
0.0
0.0
0.0
0.0
0.0
0.0
0.0
0.0
0.0
0.0
0.0
0.0
0.0
0.0
0.0
0.0
0.0
0.0
0.0
0.0
0.0
0.0
0.0
0.0
0.0
0.0
0.0
0.0
0.0
0.0
0.0
0.0
0.0
0.0
0.0
0.0
0.0
0.0
0.0
0.0
0.0
0.0
0.0
0.0
2212.0
286720.0
26552.0
290816.0
0.0
0.0
0.0
0.0
0.0
0.0
0.0
0.0
0.0
0.0
0.0
0.0
0.0
0.0
0.0
0.0
0.0
0.0
0.0
0.0
0.0
0.0
0.0
0.0
