0.026244046
0.0036492657
0.0067465417
0.0026372843
0.005375767
0.0040847245
0.0039712596
0.0020086295
0.0039957925
0.005486165
0.0013922409
0.0011745116
0.0053911
0.0010211811
0.0023060907
0.0024962204
0.0016774356
0.0007053203
0.0026740837
0.00067158754
0.0022968908
0.0014505065
0.0012113109
0.0025514194
0.0026035518
0.018188063
0.02843974
0.003741264
0.0030451436
0.0026250181
0.0055290977
0.0038731282
0.002051562
0.00067465415
0.0038547285
0.0014719727
0.0062129516
0.0010027814
0.0032720726
0.0012450436
0.0005397233
0.0035818003
0.008126516
0.0022999574
0.0006439881
0.00467658
0.004244188
0.0016437029
0.0010579803
0.0024808873
0.0012511768
0.0011530453
0.0015179719
0.002177293
0.019543504
0.034474827
0.0042564543
0.0034836687
0.0030144774
0.0046888464
0.0009230496
0.0025514194
0.007442662
0.004198189
0.00395286
0.01922151
0.032533664
0.009319427
0.022741979
0.035063617
0.010273143
0.0036768652
0.0022263587
0.0054677655
0.0040019257
0.0030543434
0.0010150479
0.0039436603
0.0031248755
0.0011683784
0.0009414492
0.005541364
0.0024931538
0.002177293
0.0039651264
0.004581515
0.0025514194
0.0013401085
0.0010855799
0.0022048925
0.0031463418
0.0070378697
0.0018307661
0.0047348454
0.004461917
0.007936386
0.0008371845
0.0012695765
0.0012695765
0.00072678656
0.00064092147
0.0014443733
0.007068536
0.0018522324
0.001508772
0.0066545433
0.0014873057
0.0014781059
0.00061332196
0.0013370418
0.0013431751
0.0057836263
0.0011469121
0.0004967908
0.0013033092
0.0015793041
0.002060762
0.0022202255
0.0021006276
0.004011126
0.0013401085
0.0021159607
0.0021435602
0.0028826133
0.0078075887
0.0023766225
0.0009997148
0.0010886465
0.0016989019
0.0009690487
0.0020638285
0.0039804596
0.0027200829
0.0053880336
0.0038884613
0.00864784
0.0029562118
0.014106405
0.00824918
0.008390244
0.0029132792
0.0044005853
0.0026832835
0.00323834
0.0031862077
0.0007973185
0.0025023536
0.0009813152
0.0028550138
0.0019135645
0.0014842391
0.003535801
0.0011591786
0.0012941094
0.0036461991
0.00070225366
0.0015854373
0.004336186
0.0014259736
0.0047041797
0.001367708
0.0013186422
0.002830481
0.011165527
0.0010733134
0.011174726
0.0010855799
0.004679647
0.0013063758
0.0010947797
0.005691628
0.0023398234
0.0021496934
0.00072371995
0.0011622452
0.0014474399
0.00076051924
0.0005887891
0.0013799744
0.0007083869
0.0018920982
0.0009230496
0.0038393955
0.0028734135
0.0022263587
0.0024256883
0.0068446733
0.002036229
0.0038639284
0.00085251755
0.0011806447
0.0020239626
0.012708032
0.0009997148
0.012787763
0.0018123664
0.00414299
0.0038148626
0.0023306236
0.014440666
0.0031647414
0.0017541008
0.0038148626
0.013539082
0.0012910428
0.01116246
0.011521253
0.0041920557
0.0119965775
0.0006623877
0.010089146
0.00067465415
0.0006623877
0.0062129516
0.0015179719
0.0016805022
0.0014290402
0.000880117
0.0034284699
0.0008157182
0.00095678226
0.0017786337
0.0014106405
0.0012082442
0.001202111
0.004127657
0.0013523749
0.0009475824
0.0006041221
0.0016958353
0.0007329197
0.0005151905
0.0044036517
0.0009997148
0.001744901
0.00143824
0.0023551565
0.001965697
0.00069612043
0.0011683784
0.0007298531
0.0006501213
0.0012818429
0.0012205107
0.0015394381
0.0010027814
0.0013891743
0.002263158
0.0024379548
0.0014535731
0.0026066185
0.0020392956
0.0016835688
0.0021711597
0.006053488
0.012386037
0.0
0.0
0.0
0.0
0.0
0.0
0.0
0.0
0.0
0.0
0.0
0.0
0.0
0.0
0.0
0.0
0.0
0.0
0.0
0.0
0.0
0.0
0.0
0.0
0.0
0.0
0.0
0.0
0.0
0.0
0.0
0.0
0.0
0.0
0.0
0.0
0.0
0.0
0.0
0.0
0.0
0.0
0.0
0.0
0.0
0.0
0.0
0.0
0.0
0.0
0.0
0.0
0.0
0.0
0.0
0.0
0.0
0.0
0.0
0.0
0.0
0.0
0.0
0.0
0.0
0.0
0.0
0.0
0.0
0.0
0.0
0.0
0.0
0.0
0.0
0.0
0.0
0.0
0.0
0.0
0.0
0.0
0.0
0.0
0.0
0.0
0.0
0.0
0.0
0.0
0.0
0.0
0.0
0.0
0.0
0.0
0.0
0.0
0.0
0.0
0.0
0.0
0.0
0.0
0.0
0.0
0.0
0.0
0.0
0.0
0.0
0.0
0.0
0.0014602228
7.0854694e-05
0.0014571422
0.0029096634
0.0001278465
0.0
4.6209584e-06
4.6209584e-06
4.1588624e-05
0.0
0.00012014491
0.00011244332
0.0
0.0
0.0
1.5403194e-06
0.00070392597
1.6943513e-05
0.0007547565
0.0014247955
1.5403193e-05
1.0782236e-05
6.1612777e-06
5.699182e-05
2.772575e-05
3.8507984e-05
6.623373e-05
2.464511e-05
1.5403194e-06
0.0
4.6209584e-06
0.00010628204
0.004962909
0.00037121697
0.0058285687
0.0107421875
0.0006762002
0.00060996646
0.0002387495
0.00018945929
0.0001740561
0.00028341878
0.00031422515
0.0002310479
0.0002141044
0.00017097546
0.00012322555
0.0
0.0
0.0
0.0
0.0
0.0
0.0
0.0
0.0
0.0
0.0
0.0
0.0
0.0
0.0
0.0
6.1612777e-06
0.0008348531
6.9314374e-05
0.0011891266
0.0019777701
0.00012476587
8.933852e-05
0.00024183014
0.00035427345
0.00018483833
0.0007239501
0.0004620958
2.1564472e-05
1.0782236e-05
1.0782236e-05
7.701597e-06
0.002405979
0.0016281176
0.00058224075
0.0037630002
0.004741103
0.00046055552
0.0006530954
0.00084563537
0.003206945
0.0008903046
0.0018006334
0.0018268188
0.0005391118
0.00030652355
0.00065617607
0.0009303529
0.0296034
0.0061366325
0.0066233734
0.006210568
0.017875407
0.0075598876
0.0022242211
0.0058994233
0.024763715
0.0044299588
0.0044884905
0.0055821175
0.009747141
0.003100663
0.007239501
0.0130896345
0.016701683
0.025938978
0.0121669825
0.02811545
0.050953764
0.017283924
0.009591569
0.0092912065
0.017086763
0.009580786
0.0126244575
0.009399029
0.029722003
0.012527417
0.0068359375
0.009782569
0.028668424
0.039359782
0.02575414
0.046623927
0.06962552
0.029942269
0.022129769
0.019172356
0.030844895
0.020897513
0.03086646
0.016740192
0.06345962
0.029372351
0.011064114
0.017055957
1598.0
5.8911138
9414.0
0.018164435
0.0006373486
0.008285532
0.003930317
0.0036116422
0.0018058211
0.008497981
0.003717867
0.0019120459
0.009560229
0.016358614
0.001380922
0.0026556193
0.020182706
0.009772679
0.00467389
0.0020182705
0.0018058211
0.0035054174
0.00084979815
0.002761844
0.0015933716
0.031654984
0.09900149
0.018376885
0.0016995963
0.012640748
0.01603994
0.0021244953
0.002336945
0.021669853
0.00690461
0.00913533
0.02602507
0.10866794
0.017420862
0.04259613
0.09719566
0.023157
0.012746973
0.011366051
0.0036116422
0.0058423625
0.005098789
0.0026556193
0.012640748
0.015296367
0.002336945
0.002761844
0.008179307
0.0059485873
0.0033991926
0.01359677
0.0036116422
0.008710431
0.0043552155
0.0016995963
0.0035054174
0.012640748
0.0058423625
0.012746973
0.007966858
0.011684725
0.005523688
0.0019120459
0.0018058211
0.004036541
0.0015933716
0.0024431697
0.0025493945
0.017951986
0.0019120459
0.0012746972
0.0077544083
0.008179307
0.0019120459
0.0022307201
0.0038240917
0.0043552155
0.003717867
0.003292968
0.0019120459
0.014234119
0.0042489907
0.004036541
0.001380922
0.0036116422
0.013384321
0.0020182705
0.005629913
0.006798385
0.0066921604
0.007435734
0.0025493945
0.0043552155
0.0028680689
5.5358458
0.0
0.0
0.0
1.0
326093.0
352256.0
0.0
0.0
0.0
0.0
1.0
0.0
0.0
26.0
1393483300.0
0.0
0.0
0.0
0.0
0.0
1.0
0.0
0.0
0.0
0.0
0.0
0.0
-1.0
0.0
0.0
-1.0
1.0
0.0
0.0
0.0
0.0
0.0
0.0
0.0
0.0
0.0
0.0
0.0
-1.0
0.0
0.0
0.0
0.0
0.0
0.0
0.0
0.0
0.0
0.0
0.0
0.0
-1.0
0.0
0.0
0.0
0.0
0.0
0.0
0.0
0.0
1.0
0.0
2.0
56.0
4.0
0.0
4.0
0.0
245760.0
512.0
4096.0
2.0
0.0
0.0
2.0
2.0
0.0
0.0
0.0
0.0
0.0
0.0
0.0
0.0
0.0
0.0
0.0
0.0
0.0
0.0
0.0
0.0
0.0
0.0
0.0
0.0
0.0
0.0
0.0
0.0
0.0
0.0
0.0
0.0
0.0
0.0
0.0
0.0
0.0
0.0
0.0
0.0
0.0
0.0
0.0
0.0
0.0
-285184.0
0.0
30208.0
0.0
0.0
0.0
0.0
0.0
0.0
0.0
0.0
0.0
0.0
0.0
0.0
0.0
0.0
0.0
0.0
0.0
0.0
0.0
0.0
0.0
0.0
0.0
0.0
0.0
0.0
0.0
0.0
0.0
0.0
0.0
0.0
0.0
0.0
0.0
0.0
0.0
0.0
0.0
0.0
0.0
0.0
0.0
0.0
0.0
0.0
0.0
-7.2894645
0.0
6.758371
0.0
0.0
0.0
0.0
0.0
0.0
0.0
0.0
0.0
0.0
0.0
0.0
0.0
0.0
0.0
0.0
0.0
0.0
0.0
0.0
0.0
0.0
0.0
0.0
0.0
0.0
0.0
0.0
0.0
0.0
0.0
0.0
0.0
0.0
0.0
0.0
0.0
0.0
0.0
0.0
0.0
0.0
0.0
0.0
0.0
0.0
0.0
-315392.0
0.0
32768.0
0.0
0.0
0.0
0.0
0.0
0.0
0.0
0.0
0.0
-1.0
0.0
0.0
0.0
0.0
0.0
1.0
0.0
0.0
0.0
0.0
0.0
0.0
0.0
0.0
0.0
0.0
0.0
0.0
0.0
0.0
0.0
0.0
0.0
0.0
0.0
0.0
0.0
0.0
0.0
0.0
0.0
0.0
0.0
0.0
0.0
-2.0
0.0
0.0
0.0
1.0
0.0
0.0
0.0
0.0
0.0
0.0
1.0
0.0
0.0
0.0
0.0
0.0
0.0
0.0
0.0
0.0
0.0
0.0
0.0
-1.0
0.0
0.0
0.0
0.0
0.0
0.0
0.0
0.0
0.0
1.0
0.0
0.0
0.0
0.0
1.0
0.0
0.0
0.0
0.0
0.0
0.0
0.0
0.0
1.0
0.0
0.0
0.0
0.0
0.0
0.0
0.0
0.0
0.0
0.0
0.0
0.0
0.0
0.0
0.0
0.0
0.0
0.0
0.0
0.0
0.0
0.0
0.0
0.0
0.0
0.0
0.0
0.0
0.0
0.0
0.0
0.0
0.0
0.0
0.0
0.0
0.0
0.0
0.0
0.0
0.0
0.0
0.0
0.0
0.0
0.0
0.0
0.0
0.0
0.0
0.0
0.0
0.0
0.0
0.0
0.0
0.0
0.0
0.0
0.0
0.0
0.0
0.0
0.0
0.0
0.0
0.0
0.0
0.0
0.0
0.0
0.0
0.0
0.0
0.0
0.0
0.0
0.0
0.0
0.0
0.0
0.0
0.0
0.0
0.0
0.0
0.0
0.0
0.0
0.0
0.0
0.0
0.0
0.0
0.0
0.0
0.0
0.0
0.0
0.0
0.0
0.0
0.0
0.0
0.0
0.0
0.0
0.0
0.0
0.0
0.0
0.0
0.0
0.0
0.0
0.0
0.0
0.0
0.0
0.0
0.0
0.0
0.0
0.0
0.0
0.0
0.0
0.0
0.0
0.0
0.0
0.0
0.0
0.0
0.0
0.0
0.0
0.0
0.0
0.0
0.0
0.0
0.0
0.0
0.0
0.0
0.0
0.0
0.0
0.0
0.0
0.0
0.0
0.0
0.0
0.0
0.0
0.0
0.0
0.0
0.0
0.0
0.0
0.0
0.0
0.0
0.0
0.0
0.0
0.0
0.0
0.0
0.0
0.0
0.0
0.0
0.0
0.0
0.0
0.0
0.0
0.0
0.0
0.0
0.0
0.0
0.0
0.0
0.0
0.0
0.0
0.0
0.0
0.0
0.0
0.0
0.0
0.0
0.0
0.0
0.0
0.0
0.0
0.0
0.0
0.0
0.0
0.0
0.0
0.0
0.0
0.0
0.0
0.0
0.0
0.0
0.0
0.0
0.0
0.0
0.0
0.0
0.0
0.0
0.0
0.0
0.0
0.0
0.0
0.0
0.0
0.0
0.0
0.0
0.0
0.0
0.0
0.0
0.0
0.0
0.0
0.0
0.0
0.0
0.0
0.0
0.0
0.0
0.0
0.0
0.0
0.0
0.0
0.0
0.0
0.0
0.0
0.0
0.0
0.0
0.0
0.0
0.0
0.0
0.0
0.0
0.0
0.0
0.0
0.0
0.0
0.0
0.0
0.0
0.0
0.0
0.0
0.0
0.0
0.0
0.0
0.0
0.0
0.0
0.0
0.0
0.0
0.0
0.0
0.0
0.0
0.0
0.0
0.0
0.0
0.0
0.0
0.0
0.0
0.0
0.0
0.0
0.0
0.0
0.0
0.0
0.0
0.0
0.0
0.0
0.0
0.0
0.0
0.0
0.0
0.0
0.0
0.0
0.0
0.0
0.0
0.0
0.0
0.0
0.0
0.0
0.0
0.0
0.0
0.0
0.0
0.0
0.0
0.0
0.0
0.0
0.0
0.0
0.0
0.0
0.0
0.0
0.0
0.0
0.0
0.0
0.0
0.0
0.0
0.0
0.0
0.0
0.0
0.0
0.0
0.0
0.0
0.0
0.0
0.0
0.0
0.0
0.0
0.0
0.0
0.0
0.0
0.0
0.0
0.0
0.0
0.0
0.0
0.0
0.0
0.0
0.0
0.0
0.0
0.0
0.0
0.0
0.0
0.0
0.0
0.0
0.0
0.0
0.0
0.0
0.0
0.0
0.0
0.0
0.0
0.0
0.0
0.0
0.0
0.0
0.0
0.0
0.0
0.0
0.0
0.0
0.0
0.0
0.0
0.0
0.0
0.0
0.0
0.0
0.0
0.0
0.0
0.0
0.0
0.0
0.0
0.0
0.0
0.0
0.0
0.0
0.0
0.0
0.0
0.0
0.0
0.0
0.0
0.0
0.0
0.0
0.0
0.0
0.0
0.0
0.0
0.0
0.0
0.0
0.0
0.0
0.0
0.0
0.0
0.0
0.0
0.0
0.0
0.0
0.0
0.0
0.0
0.0
0.0
0.0
0.0
0.0
0.0
0.0
0.0
0.0
0.0
0.0
0.0
0.0
0.0
0.0
0.0
0.0
0.0
0.0
0.0
0.0
0.0
0.0
0.0
0.0
0.0
0.0
0.0
0.0
0.0
0.0
0.0
0.0
0.0
0.0
0.0
0.0
0.0
0.0
0.0
0.0
0.0
0.0
0.0
0.0
0.0
0.0
0.0
0.0
0.0
0.0
0.0
0.0
0.0
0.0
0.0
0.0
0.0
0.0
0.0
0.0
0.0
0.0
0.0
0.0
0.0
0.0
0.0
0.0
0.0
0.0
0.0
0.0
0.0
0.0
0.0
0.0
0.0
0.0
0.0
0.0
0.0
0.0
0.0
0.0
0.0
0.0
0.0
0.0
0.0
0.0
0.0
0.0
0.0
0.0
0.0
0.0
0.0
0.0
0.0
0.0
0.0
0.0
0.0
0.0
0.0
0.0
0.0
0.0
0.0
0.0
0.0
0.0
0.0
0.0
0.0
0.0
0.0
0.0
0.0
0.0
0.0
0.0
0.0
0.0
0.0
0.0
0.0
0.0
0.0
0.0
0.0
0.0
0.0
0.0
0.0
0.0
0.0
0.0
0.0
0.0
0.0
0.0
0.0
0.0
0.0
0.0
0.0
0.0
0.0
0.0
0.0
0.0
0.0
0.0
0.0
0.0
0.0
0.0
0.0
0.0
0.0
0.0
0.0
0.0
0.0
0.0
0.0
0.0
0.0
0.0
0.0
0.0
0.0
0.0
0.0
0.0
0.0
0.0
0.0
0.0
0.0
0.0
0.0
0.0
0.0
0.0
0.0
0.0
0.0
0.0
0.0
0.0
0.0
0.0
0.0
0.0
0.0
0.0
0.0
0.0
0.0
0.0
0.0
0.0
0.0
0.0
0.0
0.0
0.0
0.0
0.0
0.0
0.0
0.0
0.0
0.0
0.0
0.0
0.0
0.0
0.0
0.0
0.0
0.0
0.0
0.0
0.0
0.0
0.0
0.0
0.0
0.0
0.0
0.0
0.0
0.0
0.0
0.0
0.0
0.0
0.0
0.0
0.0
0.0
0.0
0.0
0.0
0.0
0.0
0.0
0.0
0.0
0.0
0.0
0.0
0.0
0.0
0.0
0.0
0.0
0.0
0.0
0.0
0.0
0.0
0.0
0.0
0.0
0.0
0.0
0.0
0.0
0.0
0.0
0.0
0.0
0.0
0.0
0.0
0.0
0.0
0.0
0.0
0.0
0.0
0.0
0.0
0.0
0.0
0.0
0.0
0.0
0.0
0.0
0.0
0.0
0.0
0.0
0.0
0.0
0.0
0.0
0.0
0.0
0.0
0.0
0.0
0.0
0.0
0.0
0.0
0.0
0.0
0.0
0.0
0.0
0.0
0.0
0.0
0.0
0.0
0.0
0.0
0.0
0.0
0.0
0.0
0.0
0.0
0.0
0.0
0.0
0.0
0.0
0.0
0.0
0.0
0.0
0.0
0.0
0.0
0.0
0.0
0.0
0.0
0.0
0.0
0.0
0.0
0.0
0.0
0.0
0.0
0.0
0.0
0.0
0.0
0.0
0.0
0.0
0.0
0.0
0.0
0.0
0.0
0.0
0.0
0.0
0.0
0.0
0.0
0.0
0.0
0.0
0.0
0.0
0.0
0.0
0.0
0.0
0.0
0.0
0.0
0.0
0.0
0.0
0.0
0.0
0.0
0.0
0.0
0.0
0.0
0.0
0.0
0.0
0.0
0.0
0.0
0.0
0.0
0.0
0.0
0.0
0.0
0.0
0.0
0.0
0.0
0.0
0.0
0.0
0.0
0.0
0.0
0.0
0.0
0.0
0.0
0.0
0.0
0.0
0.0
0.0
0.0
0.0
0.0
0.0
0.0
0.0
0.0
0.0
0.0
0.0
0.0
0.0
0.0
0.0
0.0
0.0
0.0
0.0
0.0
0.0
0.0
0.0
0.0
0.0
0.0
0.0
0.0
0.0
0.0
0.0
0.0
0.0
0.0
0.0
0.0
0.0
0.0
0.0
0.0
0.0
0.0
0.0
0.0
0.0
0.0
0.0
0.0
0.0
0.0
0.0
0.0
0.0
0.0
0.0
0.0
0.0
0.0
0.0
0.0
0.0
0.0
0.0
0.0
0.0
0.0
0.0
0.0
0.0
0.0
0.0
0.0
0.0
0.0
0.0
0.0
0.0
0.0
0.0
0.0
0.0
0.0
0.0
0.0
0.0
0.0
0.0
0.0
0.0
0.0
0.0
0.0
0.0
0.0
0.0
0.0
0.0
0.0
0.0
0.0
0.0
0.0
0.0
0.0
0.0
0.0
0.0
0.0
0.0
0.0
0.0
0.0
0.0
0.0
0.0
0.0
0.0
0.0
0.0
0.0
0.0
0.0
0.0
0.0
0.0
0.0
0.0
0.0
0.0
0.0
0.0
0.0
0.0
0.0
0.0
0.0
0.0
0.0
0.0
0.0
0.0
0.0
0.0
0.0
0.0
0.0
0.0
0.0
0.0
0.0
0.0
0.0
0.0
0.0
0.0
0.0
0.0
0.0
0.0
0.0
0.0
0.0
0.0
0.0
0.0
0.0
0.0
0.0
0.0
0.0
0.0
0.0
0.0
0.0
0.0
0.0
0.0
0.0
0.0
0.0
0.0
0.0
0.0
0.0
0.0
0.0
0.0
0.0
0.0
0.0
0.0
0.0
0.0
0.0
0.0
0.0
0.0
0.0
0.0
0.0
0.0
0.0
0.0
0.0
0.0
0.0
0.0
0.0
0.0
0.0
0.0
0.0
0.0
0.0
0.0
0.0
0.0
0.0
0.0
0.0
0.0
0.0
0.0
0.0
0.0
0.0
0.0
0.0
0.0
0.0
0.0
0.0
0.0
0.0
0.0
0.0
0.0
0.0
0.0
0.0
0.0
0.0
0.0
0.0
0.0
0.0
0.0
0.0
0.0
0.0
0.0
0.0
0.0
0.0
0.0
0.0
0.0
0.0
0.0
0.0
0.0
0.0
0.0
0.0
0.0
0.0
0.0
0.0
0.0
0.0
0.0
0.0
0.0
0.0
0.0
0.0
0.0
0.0
0.0
0.0
0.0
0.0
0.0
0.0
0.0
0.0
0.0
0.0
0.0
0.0
0.0
0.0
0.0
0.0
0.0
0.0
0.0
0.0
0.0
0.0
0.0
0.0
0.0
0.0
0.0
0.0
0.0
0.0
0.0
0.0
0.0
0.0
0.0
0.0
0.0
0.0
0.0
0.0
0.0
0.0
0.0
0.0
0.0
0.0
0.0
0.0
0.0
0.0
0.0
0.0
0.0
0.0
0.0
0.0
0.0
0.0
0.0
0.0
0.0
0.0
0.0
0.0
0.0
0.0
0.0
0.0
0.0
0.0
0.0
0.0
0.0
0.0
0.0
0.0
0.0
0.0
0.0
0.0
0.0
0.0
0.0
0.0
0.0
0.0
0.0
0.0
0.0
0.0
0.0
0.0
0.0
0.0
0.0
0.0
0.0
0.0
0.0
0.0
0.0
0.0
0.0
0.0
0.0
0.0
0.0
0.0
0.0
0.0
0.0
0.0
0.0
0.0
0.0
0.0
0.0
0.0
0.0
0.0
0.0
0.0
0.0
0.0
0.0
0.0
0.0
0.0
0.0
0.0
0.0
0.0
0.0
0.0
0.0
0.0
0.0
0.0
0.0
0.0
0.0
0.0
0.0
0.0
0.0
0.0
0.0
0.0
0.0
0.0
0.0
0.0
0.0
0.0
0.0
0.0
0.0
0.0
0.0
0.0
0.0
0.0
0.0
0.0
0.0
0.0
0.0
0.0
0.0
0.0
0.0
0.0
0.0
0.0
0.0
0.0
0.0
0.0
0.0
0.0
0.0
0.0
0.0
0.0
0.0
0.0
0.0
0.0
0.0
0.0
0.0
0.0
0.0
0.0
0.0
0.0
0.0
0.0
0.0
0.0
0.0
0.0
0.0
0.0
0.0
0.0
0.0
0.0
0.0
0.0
0.0
0.0
0.0
0.0
0.0
0.0
0.0
0.0
0.0
0.0
0.0
0.0
0.0
0.0
0.0
0.0
0.0
0.0
0.0
0.0
0.0
0.0
0.0
0.0
0.0
0.0
0.0
0.0
0.0
0.0
0.0
0.0
0.0
0.0
0.0
0.0
0.0
0.0
0.0
0.0
0.0
0.0
0.0
0.0
0.0
0.0
0.0
0.0
0.0
0.0
0.0
0.0
0.0
100.0
286720.0
26560.0
319488.0
0.0
0.0
0.0
0.0
0.0
0.0
0.0
0.0
0.0
0.0
0.0
0.0
0.0
0.0
0.0
0.0
0.0
0.0
0.0
0.0
0.0
0.0
0.0
0.0
