0.2830898
0.010550363
0.004673549
0.0047781807
0.0063040596
0.0031389508
0.0022844586
0.0025373187
0.007385254
0.0026855469
0.0022234234
0.0013776507
0.005205427
0.006818499
0.0011771066
0.0044904435
0.005205427
0.008231027
0.0010114397
0.0015345982
0.0021972656
0.0030691964
0.00081089564
0.0011945452
0.0019880023
0.0015433176
0.00079345703
0.0012381418
0.0015084402
0.0021623883
0.0030081612
0.0014910017
0.0054757255
0.0014822824
0.0015345982
0.0018659319
0.003627232
0.00113351
0.0008632115
0.0014386858
0.0013602121
0.0015258789
0.0019705635
0.0022234234
0.00084577285
0.0010811941
0.0012207031
0.00081089564
0.0023018974
0.0016305106
0.0010637556
0.004900251
0.001159668
0.0013602121
0.0012642996
0.0010724749
0.001726423
0.0021623883
0.001159668
0.0034964425
0.0011247908
0.0016566685
0.00084577285
0.0011771066
0.0075334823
0.0032435826
0.001020159
0.0015520368
0.0031563896
0.009626116
0.0035574776
0.0029296875
0.0018746512
0.0061819893
0.0008632115
0.0015520368
0.0012642996
0.0039760047
0.0012642996
0.0017613003
0.008867537
0.0022844586
0.0015781948
0.0059552873
0.0014386858
0.0036446708
0.004473005
0.006399972
0.00163923
0.0055803573
0.00070626393
0.0016479492
0.001159668
0.0026768276
0.0026681083
0.002319336
0.0012381418
0.002319336
0.0009242467
0.0032871792
0.001839774
0.005493164
0.0026942661
0.0032871792
0.0047694617
0.0034354073
0.0053623742
0.0032871792
0.0030779156
0.0016305106
0.002746582
0.003313337
0.0017438616
0.0014822824
0.0036359516
0.0038800922
0.0091639925
0.010297502
0.0018746512
0.0037580219
0.0017002651
0.0024501255
0.0006713867
0.002118792
0.0017525809
0.0047084265
0.0016479492
0.0029907227
0.005990165
0.0016653879
0.0007672991
0.00920759
0.0026681083
0.008387974
0.0010375977
0.00091552734
0.0063040596
0.0058768135
0.0026768276
0.013305664
0.0010811941
0.008858817
0.0010550363
0.0008632115
0.001473563
0.0007760184
0.00093296595
0.0007324219
0.0009852818
0.0009242467
0.00082833425
0.0012468611
0.0012904576
0.0018920898
0.0004359654
0.00070626393
0.0009242467
0.0007672991
0.0008719308
0.0007672991
0.0009852818
0.03248814
0.0012555803
0.0010986328
0.00096784317
0.00079345703
0.0006888253
0.0009852818
0.0017613003
0.0011422293
0.000819615
0.0008544922
0.00091552734
0.0006190709
0.0014648438
0.0008719308
0.0010724749
0.0010027204
0.0007498605
0.00095040456
0.0008632115
0.0009940012
0.00096784317
0.0008893694
0.0018572126
0.004961286
0.0007585798
0.001839774
0.0006888253
0.0010811941
0.0015084402
0.0014038086
0.006766183
0.0025721958
0.0015084402
0.004307338
0.003226144
0.0011422293
0.0017002651
0.002432687
0.0019095285
0.002205985
0.0011160715
0.00095040456
0.003391811
0.0012119839
0.001299177
0.0021711078
0.0030343193
0.0024762836
0.0017874582
0.0009765625
0.0013427734
0.0010114397
0.0010463169
0.00081089564
0.0019269671
0.0011073521
0.0009416853
0.0016828264
0.0012207031
0.0010986328
0.0008806501
0.0012642996
0.003740583
0.0028424945
0.0011683872
0.00055803574
0.0018833706
0.00080217636
0.0008632115
0.0008544922
0.011683873
0.0019356863
0.0013078962
0.0037493024
0.0041765487
0.0010811941
0.0009591239
0.001159668
0.0032174247
0.0022147042
0.001020159
0.0017700195
0.0026070732
0.000906808
0.0020751953
0.0026157924
0.0045427596
0.0020054409
0.0012468611
0.0027901786
0.006112235
0.004098075
0.005266462
0.053458076
0.044864688
5.718609e-05
1.3196791e-05
4.3989303e-06
8.797861e-06
2.199465e-05
8.797861e-06
8.797861e-06
2.199465e-05
8.797861e-06
0.009022206
4.3989303e-06
4.3989303e-06
4.3989303e-06
0.0
0.0
0.016984269
3.5191442e-05
0.00016276042
1.7595721e-05
3.079251e-05
1.7595721e-05
0.0003343187
0.00015396255
0.00016276042
1.3196791e-05
1.3196791e-05
1.3196791e-05
2.6393582e-05
1.7595721e-05
1.7595721e-05
1.7595721e-05
0.008300781
0.0001319679
3.079251e-05
4.3989303e-06
0.00013636684
2.199465e-05
1.3196791e-05
2.199465e-05
4.39893e-05
6.598395e-05
2.199465e-05
8.797861e-06
7.0382885e-05
8.79786e-05
1.3196791e-05
3.5191442e-05
0.015717378
0.0007434192
0.000109973254
3.959037e-05
7.918074e-05
7.478181e-05
0.00017155828
9.6776464e-05
6.158502e-05
3.5191442e-05
3.079251e-05
0.00010557433
8.79786e-05
0.00010557433
0.00010557433
0.0004530898
1.3196791e-05
1.7595721e-05
0.0001319679
8.79786e-05
0.00022874436
3.5191442e-05
0.00046188766
0.00041349942
0.0
0.0
0.00744299
0.0
4.8388232e-05
0.0
0.0
0.00012756897
0.013407939
7.478181e-05
0.0007126267
0.0002639358
0.00026833473
0.00015836148
0.0017551731
0.00095016893
0.00018035613
2.199465e-05
4.8388232e-05
3.079251e-05
5.2787163e-05
2.6393582e-05
3.5191442e-05
3.079251e-05
0.013759853
0.0004530898
0.00040030264
0.00018035613
0.00083579676
0.00022874436
0.0006862331
0.0006554406
0.00024194116
0.000109973254
0.006800746
0.00011877112
0.00022874436
0.0002463401
0.0005146748
0.0015660191
0.023129575
0.00106894
0.001385663
0.00077861064
0.00081380206
0.00052347267
0.0034487613
0.0020235078
0.000756616
0.0007918074
5.718609e-05
8.79786e-05
0.0003343187
1.3196791e-05
5.718609e-05
0.00076541386
0.0058681727
6.598395e-05
0.000109973254
0.00018035613
7.478181e-05
0.0002331433
0.00018035613
0.00019355293
0.00032112192
0.00014076577
0.00013636684
0.00016715935
0.00038710586
0.000109973254
0.00020235078
0.0006378449
0.031201612
0.0010117539
0.0011877111
0.0011877111
0.0011569186
0.0016188063
0.0016759924
0.0014648438
0.0019003379
0.0012888865
0.0005850577
0.0006862331
0.0011217272
0.0006994299
0.0015704181
0.0056966147
0.015990112
0.0013812641
0.0004794834
0.0006510417
0.0017243807
0.0013196791
0.0047464455
0.0023710234
0.0007214245
0.00052347267
0.00052347267
0.0006686374
0.0009721636
0.00065983954
0.00057625986
0.0027273367
0.022751266
0.003277203
0.0031012457
0.0018299549
0.005657024
0.0026921453
0.011314048
0.008894637
0.0014120566
0.001130525
0.0069899
0.0012800887
0.0022566512
0.002331433
0.0015264287
0.0046364726
0.022021044
0.0048784134
0.0028549058
0.0015572213
0.0017243807
0.002217061
0.0032200168
0.0033211922
0.0017771678
0.0017463752
0.0019355293
0.0028109164
0.002841709
0.0012536951
0.0015836149
0.0073198196
0.061906144
0.011116097
0.008591111
0.008269989
0.019808382
0.021229237
0.010113141
0.016271643
0.032046206
0.0040602125
0.006123311
0.0046364726
0.014261331
0.0070822774
0.017015062
0.036748663
0.047138937
0.012435775
0.008872642
0.012699711
0.01870865
0.022606103
0.010583826
0.01677752
0.030088682
0.0053095086
0.008014851
0.010825767
0.0148199955
0.009673247
0.015449042
0.03527502
0.0007390203
0.0004354941
0.0004926802
0.00058945664
0.00048828125
0.00048828125
0.00028153154
0.00066423847
0.0015528223
0.00042669624
0.00038270693
0.00023754223
0.00069503096
0.00043989302
0.0003915048
0.0007038288
659.0
10.201821
6723.0
0.0150230555
0.009817046
0.014576826
0.0047597797
0.0031236056
0.0020824037
0.00059497246
0.005057266
0.0014874312
0.0031236056
0.0019336606
0.0023798898
0.0016361743
0.0047597797
0.004462294
0.0023798898
0.0046110367
0.0043135504
0.0043135504
0.010709505
0.0014874312
0.0020824037
0.0062472112
0.0043135504
0.0020824037
0.0031236056
0.003718578
0.0041648075
0.0017849174
0.0026773761
0.0008924587
0.0026773761
0.0023798898
0.016510487
0.0026773761
0.009817046
0.005949725
0.024840102
0.009668303
0.019336605
0.005949725
0.029451137
0.0007437156
0.013089394
0.004462294
0.009668303
0.0034210917
0.012196936
0.008627101
0.0062472112
0.0066934405
0.023055183
0.008329615
0.017997917
0.006098468
0.011304477
0.0016361743
0.0053547523
0.0010412019
0.002231147
0.0034210917
0.0038673212
0.0031236056
0.0058009815
0.0032723485
0.019039119
0.0041648075
0.038375724
0.010858248
0.053101294
0.008180872
0.031682286
0.0092220735
0.029897368
0.004462294
0.032574743
0.028261192
0.012345679
0.021567753
0.025435073
0.009817046
0.011155734
0.0237989
0.03673955
0.028856166
0.014874312
0.013089394
0.032723486
0.0034210917
0.016956715
0.0011899449
0.007585899
0.0013386881
0.024245128
0.0011899449
0.019187862
5.966175
0.0
0.0
0.0
2.0
114688.0
647168.0
0.0
0.0
117.0
0.0
1.0
0.0
0.0
0.0
1011316900.0
0.0
0.0
0.0
0.0
0.0
1.0
0.0
0.0
0.0
0.0
0.0
0.0
-1.0
0.0
-1.0
-1.0
0.0
0.0
0.0
0.0
0.0
0.0
0.0
0.0
0.0
0.0
0.0
0.0
-1.0
0.0
0.0
0.0
0.0
0.0
0.0
0.0
0.0
0.0
0.0
0.0
0.0
-1.0
0.0
0.0
0.0
0.0
0.0
0.0
0.0
0.0
0.0
0.0
6.0
0.0
4.0
0.0
4.0
0.0
49152.0
4096.0
4096.0
4.0
0.0
0.0
1.0
2.0
0.0
0.0
0.0
0.0
0.0
0.0
0.0
0.0
0.0
0.0
0.0
0.0
0.0
0.0
4096.0
0.0
0.0
0.0
0.0
0.0
0.0
0.0
0.0
0.0
0.0
0.0
0.0
0.0
0.0
0.0
0.0
0.0
-16384.0
0.0
0.0
0.0
0.0
0.0
0.0
0.0
0.0
-49152.0
0.0
40960.0
0.0
0.0
0.0
0.0
0.0
0.0
0.0
0.0
0.0
0.0
0.0
0.0
0.0
0.0
0.0
0.0
0.0
0.0
0.0
0.0
5.420007
0.0
0.0
0.0
0.0
0.0
0.0
0.0
0.0
0.0
0.0
0.0
0.0
0.0
0.0
0.0
0.0
0.0
-5.2441998
0.0
0.0
0.0
0.0
0.0
0.0
0.0
0.0
-6.689924
0.0
5.3066883
0.0
0.0
0.0
0.0
0.0
0.0
0.0
0.0
0.0
0.0
0.0
0.0
0.0
0.0
0.0
0.0
0.0
0.0
0.0
0.0
4074.0
0.0
0.0
0.0
0.0
0.0
0.0
0.0
0.0
0.0
0.0
0.0
0.0
0.0
0.0
0.0
0.0
0.0
-545804.0
0.0
0.0
0.0
0.0
0.0
0.0
0.0
0.0
-49152.0
0.0
37160.0
0.0
0.0
0.0
0.0
0.0
0.0
0.0
0.0
0.0
-1.0
0.0
0.0
0.0
0.0
0.0
1.0
0.0
0.0
0.0
0.0
0.0
0.0
0.0
0.0
0.0
0.0
0.0
0.0
0.0
0.0
0.0
0.0
0.0
0.0
0.0
0.0
0.0
0.0
0.0
0.0
0.0
0.0
0.0
0.0
0.0
-2.0
0.0
0.0
0.0
1.0
0.0
0.0
0.0
0.0
0.0
0.0
1.0
0.0
0.0
0.0
0.0
0.0
0.0
0.0
0.0
0.0
0.0
0.0
0.0
-1.0
0.0
0.0
0.0
0.0
0.0
0.0
0.0
0.0
0.0
1.0
0.0
0.0
0.0
0.0
1.0
0.0
0.0
0.0
0.0
0.0
0.0
-1.0
0.0
1.0
0.0
0.0
0.0
0.0
0.0
0.0
0.0
0.0
0.0
0.0
0.0
0.0
0.0
0.0
0.0
0.0
0.0
0.0
0.0
0.0
0.0
0.0
0.0
0.0
0.0
0.0
0.0
0.0
0.0
0.0
0.0
0.0
0.0
0.0
0.0
0.0
0.0
0.0
0.0
0.0
0.0
0.0
0.0
0.0
0.0
0.0
0.0
0.0
0.0
0.0
0.0
0.0
0.0
0.0
0.0
0.0
0.0
0.0
0.0
0.0
0.0
0.0
0.0
-1.0
0.0
0.0
0.0
0.0
0.0
0.0
0.0
0.0
0.0
0.0
0.0
0.0
0.0
0.0
0.0
0.0
0.0
0.0
0.0
0.0
0.0
0.0
0.0
0.0
0.0
0.0
0.0
0.0
0.0
0.0
0.0
0.0
0.0
0.0
0.0
0.0
0.0
0.0
0.0
0.0
0.0
0.0
0.0
0.0
0.0
0.0
0.0
0.0
-1.0
0.0
0.0
0.0
0.0
0.0
0.0
0.0
0.0
0.0
0.0
0.0
0.0
0.0
0.0
0.0
0.0
1.0
0.0
0.0
0.0
0.0
0.0
0.0
0.0
0.0
0.0
0.0
0.0
0.0
0.0
0.0
0.0
0.0
0.0
0.0
0.0
0.0
0.0
0.0
0.0
0.0
0.0
0.0
0.0
0.0
0.0
0.0
0.0
0.0
0.0
0.0
0.0
0.0
0.0
0.0
0.0
0.0
0.0
0.0
0.0
0.0
0.0
0.0
0.0
0.0
0.0
0.0
0.0
0.0
0.0
0.0
0.0
0.0
0.0
0.0
0.0
0.0
0.0
0.0
0.0
0.0
0.0
0.0
0.0
0.0
0.0
0.0
0.0
0.0
0.0
0.0
0.0
0.0
0.0
0.0
0.0
0.0
0.0
0.0
0.0
0.0
0.0
0.0
0.0
0.0
0.0
0.0
0.0
0.0
0.0
0.0
0.0
0.0
0.0
0.0
0.0
0.0
1.0
0.0
0.0
0.0
0.0
0.0
0.0
0.0
0.0
0.0
0.0
0.0
0.0
0.0
0.0
0.0
0.0
0.0
0.0
0.0
0.0
0.0
0.0
0.0
0.0
0.0
0.0
0.0
0.0
0.0
0.0
0.0
0.0
0.0
0.0
0.0
0.0
0.0
1.0
-1.0
0.0
0.0
0.0
0.0
0.0
0.0
0.0
0.0
0.0
0.0
0.0
0.0
0.0
0.0
0.0
0.0
0.0
0.0
0.0
0.0
0.0
0.0
0.0
0.0
0.0
0.0
0.0
0.0
0.0
0.0
0.0
-1.0
0.0
0.0
0.0
0.0
0.0
0.0
0.0
0.0
0.0
0.0
0.0
0.0
0.0
0.0
0.0
0.0
0.0
0.0
0.0
0.0
0.0
0.0
0.0
0.0
0.0
0.0
0.0
0.0
0.0
0.0
0.0
0.0
0.0
0.0
0.0
0.0
0.0
0.0
-1.0
0.0
0.0
0.0
0.0
0.0
0.0
0.0
-1.0
0.0
0.0
0.0
1.0
0.0
0.0
0.0
0.0
0.0
0.0
0.0
0.0
0.0
0.0
0.0
0.0
0.0
0.0
0.0
0.0
0.0
0.0
1.0
1.0
0.0
1.0
0.0
0.0
0.0
0.0
0.0
0.0
0.0
0.0
-1.0
0.0
0.0
0.0
0.0
0.0
0.0
0.0
0.0
0.0
0.0
0.0
0.0
1.0
0.0
0.0
0.0
0.0
0.0
0.0
0.0
0.0
0.0
0.0
0.0
0.0
0.0
0.0
0.0
1.0
0.0
0.0
0.0
0.0
0.0
0.0
0.0
0.0
1.0
0.0
0.0
0.0
0.0
0.0
0.0
0.0
0.0
1.0
0.0
0.0
0.0
0.0
1.0
0.0
0.0
0.0
0.0
0.0
-1.0
0.0
0.0
0.0
0.0
0.0
0.0
0.0
0.0
0.0
0.0
0.0
0.0
0.0
0.0
0.0
0.0
0.0
0.0
1.0
0.0
0.0
0.0
0.0
0.0
0.0
0.0
1.0
0.0
0.0
0.0
0.0
0.0
0.0
0.0
0.0
0.0
0.0
0.0
1.0
0.0
0.0
0.0
0.0
-1.0
0.0
0.0
0.0
-1.0
0.0
0.0
0.0
0.0
0.0
0.0
0.0
0.0
0.0
0.0
0.0
0.0
0.0
0.0
0.0
0.0
0.0
0.0
0.0
0.0
0.0
0.0
0.0
0.0
0.0
0.0
-1.0
0.0
0.0
0.0
1.0
0.0
0.0
0.0
0.0
0.0
0.0
0.0
0.0
0.0
0.0
0.0
0.0
0.0
0.0
0.0
0.0
0.0
0.0
0.0
0.0
0.0
0.0
0.0
0.0
0.0
0.0
0.0
-1.0
0.0
0.0
-1.0
0.0
0.0
-1.0
0.0
0.0
0.0
0.0
0.0
0.0
0.0
0.0
0.0
0.0
0.0
0.0
0.0
0.0
0.0
0.0
0.0
0.0
0.0
0.0
0.0
1.0
0.0
0.0
0.0
0.0
0.0
0.0
0.0
0.0
0.0
0.0
0.0
0.0
0.0
0.0
-1.0
0.0
0.0
1.0
0.0
0.0
0.0
0.0
0.0
0.0
0.0
0.0
0.0
0.0
0.0
0.0
0.0
0.0
0.0
0.0
0.0
0.0
0.0
0.0
0.0
0.0
0.0
0.0
0.0
0.0
0.0
0.0
0.0
0.0
0.0
0.0
0.0
0.0
0.0
0.0
0.0
0.0
0.0
0.0
0.0
0.0
0.0
-1.0
0.0
0.0
0.0
-1.0
0.0
0.0
0.0
0.0
0.0
0.0
0.0
0.0
0.0
0.0
0.0
0.0
1.0
0.0
0.0
0.0
0.0
0.0
0.0
0.0
0.0
0.0
0.0
0.0
0.0
1.0
0.0
0.0
0.0
0.0
0.0
0.0
0.0
0.0
0.0
0.0
0.0
0.0
0.0
-1.0
0.0
0.0
0.0
0.0
0.0
-1.0
0.0
0.0
0.0
0.0
0.0
0.0
0.0
0.0
0.0
0.0
0.0
0.0
0.0
0.0
-1.0
0.0
0.0
0.0
0.0
0.0
0.0
0.0
0.0
0.0
0.0
0.0
0.0
0.0
0.0
0.0
1.0
0.0
0.0
0.0
0.0
0.0
0.0
0.0
0.0
0.0
0.0
0.0
0.0
0.0
0.0
0.0
0.0
0.0
0.0
0.0
0.0
0.0
0.0
0.0
0.0
0.0
0.0
0.0
0.0
0.0
0.0
0.0
0.0
0.0
0.0
0.0
-1.0
0.0
0.0
-2.0
1.0
0.0
0.0
0.0
0.0
0.0
0.0
1.0
0.0
0.0
0.0
0.0
0.0
0.0
-1.0
0.0
0.0
0.0
-1.0
0.0
0.0
0.0
0.0
0.0
0.0
0.0
-1.0
0.0
0.0
0.0
0.0
0.0
1.0
0.0
1.0
0.0
0.0
0.0
0.0
0.0
0.0
0.0
0.0
0.0
0.0
0.0
0.0
0.0
0.0
0.0
0.0
0.0
0.0
0.0
0.0
0.0
0.0
0.0
0.0
0.0
-1.0
0.0
0.0
0.0
0.0
0.0
0.0
0.0
0.0
0.0
0.0
0.0
0.0
0.0
0.0
0.0
0.0
0.0
0.0
0.0
-1.0
0.0
0.0
0.0
0.0
0.0
0.0
1.0
0.0
0.0
-2.0
0.0
0.0
0.0
0.0
0.0
0.0
0.0
0.0
0.0
0.0
0.0
0.0
0.0
0.0
1.0
0.0
0.0
0.0
-1.0
0.0
0.0
0.0
0.0
0.0
0.0
0.0
0.0
0.0
0.0
0.0
-1.0
0.0
0.0
0.0
-1.0
0.0
0.0
1.0
0.0
0.0
0.0
0.0
0.0
0.0
0.0
0.0
0.0
0.0
0.0
0.0
0.0
0.0
0.0
0.0
0.0
1.0
0.0
1.0
0.0
0.0
0.0
0.0
0.0
2.0
0.0
0.0
0.0
0.0
1.0
0.0
0.0
0.0
-1.0
0.0
0.0
0.0
0.0
0.0
0.0
0.0
0.0
0.0
0.0
0.0
0.0
0.0
0.0
1.0
0.0
0.0
0.0
0.0
0.0
0.0
0.0
0.0
0.0
0.0
0.0
0.0
0.0
0.0
0.0
0.0
0.0
0.0
0.0
0.0
1.0
0.0
0.0
0.0
0.0
0.0
0.0
0.0
0.0
0.0
0.0
0.0
1.0
0.0
0.0
0.0
0.0
0.0
-1.0
0.0
0.0
0.0
0.0
0.0
0.0
0.0
0.0
0.0
-1.0
0.0
0.0
0.0
0.0
0.0
0.0
0.0
0.0
0.0
0.0
1.0
0.0
1.0
0.0
0.0
0.0
0.0
0.0
0.0
0.0
0.0
0.0
0.0
1.0
0.0
0.0
1.0
0.0
0.0
0.0
1.0
0.0
0.0
0.0
0.0
0.0
0.0
0.0
0.0
0.0
0.0
0.0
0.0
0.0
0.0
0.0
0.0
0.0
0.0
-1.0
0.0
0.0
0.0
0.0
0.0
1.0
0.0
0.0
0.0
-1.0
0.0
0.0
0.0
0.0
0.0
0.0
-1.0
0.0
0.0
0.0
0.0
0.0
0.0
1.0
0.0
0.0
-1.0
-1.0
0.0
0.0
0.0
-1.0
0.0
0.0
0.0
0.0
0.0
0.0
0.0
0.0
0.0
1.0
0.0
0.0
-1.0
0.0
0.0
0.0
0.0
0.0
0.0
0.0
0.0
0.0
0.0
0.0
0.0
0.0
0.0
0.0
-1.0
1.0
0.0
0.0
0.0
0.0
0.0
0.0
0.0
0.0
0.0
0.0
0.0
0.0
0.0
0.0
0.0
0.0
1.0
1.0
0.0
0.0
0.0
-1.0
0.0
0.0
1.0
0.0
0.0
0.0
0.0
0.0
1.0
0.0
0.0
0.0
0.0
0.0
0.0
0.0
0.0
0.0
0.0
0.0
0.0
-1.0
0.0
0.0
0.0
0.0
0.0
0.0
1.0
0.0
0.0
0.0
0.0
-1.0
0.0
0.0
0.0
0.0
0.0
0.0
0.0
1.0
-1.0
0.0
0.0
0.0
0.0
0.0
0.0
1.0
1.0
0.0
0.0
-1.0
0.0
0.0
-1.0
0.0
1.0
0.0
0.0
0.0
0.0
0.0
0.0
0.0
0.0
0.0
0.0
0.0
0.0
0.0
0.0
0.0
0.0
0.0
0.0
0.0
0.0
0.0
-1.0
0.0
0.0
0.0
0.0
0.0
0.0
0.0
0.0
0.0
-1.0
0.0
0.0
0.0
0.0
0.0
0.0
0.0
0.0
0.0
0.0
0.0
0.0
0.0
0.0
0.0
-1.0
-1.0
0.0
0.0
0.0
0.0
0.0
0.0
0.0
0.0
0.0
0.0
0.0
0.0
0.0
0.0
0.0
1.0
0.0
0.0
-1.0
0.0
0.0
0.0
0.0
0.0
-1.0
0.0
0.0
0.0
0.0
0.0
0.0
0.0
0.0
0.0
0.0
0.0
0.0
0.0
0.0
0.0
0.0
-1.0
0.0
0.0
0.0
0.0
0.0
0.0
0.0
0.0
0.0
0.0
0.0
0.0
0.0
0.0
0.0
0.0
0.0
1.0
0.0
0.0
0.0
0.0
0.0
0.0
0.0
0.0
0.0
0.0
0.0
0.0
0.0
0.0
0.0
0.0
0.0
0.0
0.0
0.0
0.0
0.0
0.0
0.0
0.0
0.0
0.0
0.0
0.0
0.0
0.0
0.0
0.0
0.0
0.0
0.0
0.0
0.0
0.0
0.0
0.0
0.0
0.0
0.0
0.0
0.0
0.0
0.0
0.0
0.0
0.0
0.0
0.0
0.0
0.0
0.0
0.0
0.0
0.0
0.0
0.0
0.0
0.0
0.0
0.0
0.0
0.0
0.0
0.0
0.0
0.0
0.0
0.0
0.0
0.0
0.0
0.0
0.0
0.0
0.0
0.0
0.0
0.0
0.0
0.0
0.0
0.0
0.0
0.0
0.0
0.0
0.0
0.0
0.0
0.0
0.0
0.0
0.0
0.0
0.0
0.0
0.0
0.0
0.0
0.0
0.0
0.0
0.0
0.0
0.0
0.0
0.0
0.0
0.0
0.0
0.0
0.0
0.0
0.0
0.0
0.0
0.0
0.0
0.0
0.0
0.0
0.0
0.0
0.0
0.0
0.0
0.0
0.0
100.0
54808.0
37160.0
606208.0
0.0
0.0
0.0
0.0
0.0
0.0
0.0
0.0
0.0
0.0
0.0
0.0
0.0
0.0
0.0
0.0
0.0
0.0
484.0
53248.0
0.0
0.0
0.0
0.0
