0.42169434
0.005872012
0.003372801
0.0027027773
0.0044383244
0.001808831
0.0018294784
0.0015633883
0.005243283
0.0011283383
0.0036892009
0.0009349504
0.0037019965
0.0037171186
0.00077733205
0.0059976415
0.0036045755
0.0020693957
0.0013095122
0.00071800704
0.0020176317
0.0032855582
0.00051851216
0.0004277798
0.001737292
0.0007200427
0.00062262174
0.0006025559
0.0012248869
0.0008075762
0.0007709342
0.0007619192
0.024019066
0.00060342834
0.00083084084
0.0011725413
0.0017561946
0.0015011552
0.0006080813
0.00061331585
0.001204821
0.00080466806
0.0006810743
0.0008555596
0.0011844644
0.0008718449
0.0017512508
0.00090616033
0.0015680413
0.001887931
0.001350807
0.0038540896
0.0010152137
0.0012592023
0.00075697544
0.000658682
0.001356914
0.0018850229
0.0012510596
0.0035368172
0.001309803
0.001822499
0.0007366188
0.00080495887
0.003029065
0.0016782578
0.0010954769
0.0029182667
0.0027629747
0.0078646345
0.0030555285
0.0019414398
0.0017553222
0.0013170732
0.0070140185
0.0005632967
0.0013845409
0.004153623
0.0013455725
0.0011699239
0.0068962406
0.0016381262
0.0016640082
0.0036243505
0.0018760079
0.0023363582
0.0030982774
0.0028886043
0.000961414
0.0038904406
0.00038793898
0.001122813
0.0010544729
0.0021394806
0.0013289964
0.0012673449
0.00079710706
0.006305608
0.0013380115
0.0034164223
0.0040067644
0.01149073
0.006004912
0.0015331442
0.0060043302
0.0064827106
0.0037174094
0.00069154345
0.00421731
0.0028659212
0.006340796
0.006392269
0.0029874793
0.00046325848
0.0060235234
0.0057998914
0.011880704
0.007175708
0.001776842
0.0019766276
0.001635509
0.0015127875
0.00041672908
0.00053043535
0.0011010023
0.0018917115
0.00072585884
0.00069590553
0.0022595846
0.0010233563
0.0005414861
0.0072129318
0.0031683624
0.008326439
0.0005728934
0.000572021
0.0012475699
0.005946168
0.00066886033
0.013984125
0.0008360754
0.008874032
0.0004373765
0.00048477834
0.005444523
0.00033355775
0.00036467428
0.00057434745
0.000742435
0.0010989666
0.00034460847
0.00039055626
0.00077675044
0.00068049267
0.00030040555
0.000375725
0.00068863534
0.00083171326
0.00037834232
0.00041701988
0.0007784953
0.0012286673
0.00038619415
0.000795653
0.0006342541
0.0007700618
0.00039637246
0.00031988972
0.0007720975
0.0003097114
0.00035885812
0.00045802392
0.0006156423
0.00030127796
0.000413821
0.00029226288
0.0010029997
0.00035071548
0.00043941216
0.00040044377
0.00090819603
0.0014165299
0.00050804304
0.00069881364
0.0014511361
0.0006863089
0.000558353
0.00042603494
0.0007590111
0.0008061221
0.0004923394
0.0007206243
0.00536077
0.0011315373
0.0014749825
0.0016933798
0.0020121064
0.0005048441
0.0023398479
0.0020821914
0.0014557891
0.0012586206
0.0004475548
0.00059383165
0.00575976
0.00040974966
0.00055457244
0.0004801254
0.0036897825
0.00096548535
0.0020071627
0.0025844183
0.0009774085
0.0003123287
0.0007901276
0.0007700618
0.0015965406
0.00045947797
0.000427489
0.0008773703
0.0010346979
0.00044028458
0.0003716537
0.00047140114
0.0015965406
0.0004935026
0.0004146934
0.0003623478
0.0013409195
0.0005132776
0.00048594156
0.0006351265
0.010089903
0.0040463144
0.00056736806
0.0023072774
0.0029659595
0.00040160702
0.0004504629
0.0006880537
0.0022828495
0.00062262174
0.0005438125
0.0006956147
0.002963342
0.001413331
0.0012481515
0.0011981324
0.002443085
0.0017698626
0.0018364579
0.0019007266
0.004763158
0.0037432914
0.004162638
0.053850528
0.21077213
3.3453884e-06
1.74542e-05
3.49084e-06
2.1235943e-05
1.047252e-05
8.872552e-06
8.581648e-06
5.8180666e-07
0.0
4.36355e-07
1.1636133e-06
3.3453884e-06
2.4726783e-06
1.4545166e-07
4.887176e-05
0.0062446767
4.36355e-06
8.552558e-05
2.2399558e-05
7.083496e-05
3.6799272e-05
2.094504e-05
3.6072015e-05
1.74542e-06
7.2725834e-07
1.8908717e-06
1.4545167e-06
8.7271e-07
9.890713e-06
7.2725834e-07
1.4545167e-05
0.0018824355
2.5308591e-05
3.7671984e-05
9.59981e-06
3.0544852e-05
1.6145135e-05
6.98168e-06
6.399873e-06
2.0363234e-06
1.74542e-06
2.3272266e-06
2.3272266e-06
7.1271315e-06
5.8180667e-06
1.8908717e-06
4.6835437e-05
0.0036544732
4.6980887e-05
6.283512e-05
4.7417245e-05
0.00011388866
6.7635025e-05
3.127211e-05
2.9963043e-05
3.2581174e-05
7.708938e-06
9.890713e-06
1.26542955e-05
7.85439e-06
1.8472361e-05
1.4399715e-05
1.2363392e-05
0.0014825888
2.4290428e-05
1.9926878e-05
1.6872393e-05
8.101658e-05
5.338076e-05
1.5854232e-05
1.3381554e-05
2.3126815e-05
8.145294e-06
7.85439e-06
5.3817116e-06
5.9635186e-06
1.818146e-05
5.672615e-06
5.672615e-06
0.0037602165
0.00012057943
0.00021512301
5.4544376e-05
0.00012087034
5.2944408e-05
0.000117379495
8.028932e-05
3.738108e-05
1.919962e-05
2.1963202e-05
1.8036008e-05
2.4872235e-05
2.0363233e-05
3.229027e-05
7.01077e-05
0.0064455452
0.000156506
0.00082892907
0.0002747582
0.00029235784
7.8834804e-05
0.00088550977
0.00044770024
0.00012523388
4.378095e-05
4.0290113e-05
4.509002e-05
5.1635343e-05
9.716171e-05
3.49084e-05
0.00027984902
0.11724015
0.00058064307
0.02416403
0.002246501
0.0051526255
0.0033238616
0.04227291
0.019765573
0.00028333985
0.00026254027
0.00016566945
0.00018021461
0.00017381474
0.00012756111
0.00014181537
0.0016726942
0.019580413
0.00043970038
0.001741202
0.0005692978
0.002166939
0.0011169234
0.0039321403
0.0022395193
0.0004613727
0.0005038446
0.00019155984
0.00014719709
0.00025686764
0.00026414022
0.0001922871
0.002240683
0.010223507
0.00056857057
0.0008122021
0.0005649343
0.0018086915
0.0010449248
0.0039753397
0.0023989344
0.00039024683
0.00026675835
0.00020610502
0.00023490444
0.00029657595
0.00022123198
0.0003096666
0.0022955183
0.009415814
0.00062762393
0.0010056528
0.00074325805
0.0013317554
0.00079343887
0.0025320225
0.001638804
0.00047562696
0.00055867987
0.00032043003
0.00028537618
0.00044799113
0.00026748562
0.00041497362
0.0026739836
0.005359894
0.0006599142
0.0006164242
0.0036124375
0.000791548
0.00050806266
0.0008220928
0.0007015134
0.00064275094
0.0006922045
0.00046442717
0.00045220923
0.0005739523
0.00050209917
0.000628933
0.002334063
0.004863031
0.0005118444
0.00044071855
0.00074951246
0.0011579407
0.00068842276
0.00056915235
0.000693659
0.0025467132
0.00062471494
0.0004951175
0.0005739523
0.0011605589
0.0005423893
0.001497134
0.00492863
0.022895401
0.004614309
0.002330863
0.0035468389
0.009711517
0.008075331
0.004313951
0.004659544
0.017548598
0.0020473776
0.0017256386
0.0030677211
0.009208982
0.0030025588
0.008290454
0.024838781
0.04214506
0.01116007
0.0053994567
0.010964437
0.018312365
0.018477017
0.0103580495
0.012165869
0.031582795
0.00721033
0.003770689
0.005147098
0.0137814
0.011074545
0.01419172
0.041929644
0.0024203158
0.0016564036
0.0015794596
0.0016353132
0.0018873808
0.0018370546
0.00174382
0.0017092025
0.0020197418
0.0014991703
0.0014094267
0.0014523349
0.0015647691
0.0016060773
0.0016102954
0.0020725408
6885.0
13.322149
91723.0
0.022066439
0.001253775
0.0028564264
0.0022349902
0.005571122
0.002398526
0.0043936637
0.003597789
0.00647602
0.0073155044
0.0065523367
0.001450018
0.00300906
0.003652301
0.008122281
0.0033688387
0.011872704
0.034309823
0.024279624
0.010313662
0.0069557256
0.0054511954
0.0057346574
0.0050260024
0.0057237553
0.006694068
0.0072936993
0.0055602193
0.005669243
0.006323387
0.005047807
0.004906076
0.004426371
0.010270053
0.0028237193
0.012374214
0.011327584
0.0071301637
0.009517787
0.008689205
0.0055820243
0.009103497
0.004350054
0.002147771
0.0066177514
0.0058981935
0.005353074
0.004099299
0.012297897
0.0031398886
0.006301582
0.022306291
0.0079260385
0.00401208
0.013355429
0.016451707
0.0039684703
0.0068467013
0.0012646774
0.001842504
0.0093651535
0.007904233
0.0035214722
0.0071846754
0.002540257
0.0264492
0.004437273
0.020594615
0.017018633
0.06510908
0.011916313
0.009866664
0.012188873
0.033448536
0.005909096
0.003848544
0.028433435
0.012014435
0.031900395
0.04077494
0.013660695
0.0012973845
0.040044483
0.028924042
0.052538622
0.017792702
0.0052876594
0.013747915
0.006214363
0.007500845
0.0016026514
0.002420331
0.0018643088
0.0025838667
0.0010684343
0.004121104
5.9804487
30.0
24.0
6.0
21.0
3438685.0
217088.0
0.0
0.0
2.0
1.0
1.0
0.0
0.0
0.0
1155406700.0
0.0
0.0
0.0
0.0
0.0
1.0
0.0
0.0
0.0
0.0
0.0
0.0
-1.0
0.0
-1.0
-1.0
0.0
0.0
0.0
0.0
0.0
0.0
0.0
0.0
0.0
0.0
0.0
0.0
-1.0
0.0
0.0
0.0
0.0
0.0
0.0
0.0
0.0
0.0
0.0
0.0
0.0
-1.0
0.0
0.0
0.0
0.0
0.0
0.0
0.0
0.0
0.0
0.0
6.0
0.0
4.0
0.0
4.0
0.0
0.0
4096.0
4096.0
5.0
0.0
0.0
0.0
5.0
0.0
0.0
0.0
0.0
0.0
0.0
0.0
0.0
0.0
0.0
0.0
0.0
0.0
0.0
0.0
0.0
0.0
-80384.0
0.0
0.0
0.0
0.0
0.0
0.0
0.0
0.0
0.0
0.0
0.0
0.0
0.0
0.0
0.0
0.0
0.0
0.0
0.0
0.0
0.0
0.0
0.0
0.0
0.0
512.0
0.0
0.0
0.0
0.0
0.0
0.0
0.0
0.0
0.0
0.0
0.0
0.0
0.0
0.0
0.0
0.0
0.0
0.0
0.0
0.0
0.0
0.0
0.0
-30.829527
0.0
0.0
0.0
0.0
0.0
0.0
0.0
0.0
0.0
0.0
0.0
0.0
0.0
0.0
0.0
0.0
0.0
0.0
0.0
0.0
0.0
0.0
0.0
0.0
0.0
4.674848
0.0
0.0
0.0
0.0
0.0
0.0
0.0
0.0
0.0
0.0
0.0
0.0
0.0
0.0
0.0
0.0
0.0
0.0
0.0
0.0
0.0
0.0
0.0
-200704.0
0.0
0.0
0.0
0.0
0.0
0.0
0.0
0.0
0.0
0.0
0.0
0.0
0.0
0.0
0.0
0.0
0.0
0.0
0.0
0.0
0.0
0.0
0.0
0.0
0.0
12288.0
0.0
0.0
0.0
0.0
0.0
0.0
0.0
0.0
0.0
0.0
0.0
0.0
0.0
0.0
0.0
0.0
0.0
0.0
0.0
0.0
0.0
0.0
0.0
0.0
0.0
0.0
0.0
0.0
0.0
0.0
0.0
0.0
0.0
0.0
0.0
0.0
0.0
0.0
0.0
0.0
0.0
0.0
0.0
0.0
0.0
0.0
0.0
0.0
0.0
0.0
0.0
0.0
0.0
0.0
0.0
0.0
0.0
0.0
0.0
0.0
0.0
0.0
0.0
0.0
0.0
0.0
0.0
0.0
0.0
0.0
0.0
0.0
0.0
0.0
0.0
0.0
0.0
0.0
0.0
0.0
0.0
0.0
0.0
0.0
0.0
0.0
0.0
0.0
0.0
0.0
0.0
0.0
0.0
0.0
0.0
0.0
0.0
0.0
0.0
0.0
0.0
0.0
0.0
0.0
0.0
0.0
0.0
0.0
0.0
0.0
0.0
0.0
0.0
0.0
0.0
0.0
0.0
0.0
0.0
0.0
0.0
0.0
0.0
0.0
0.0
0.0
0.0
0.0
0.0
0.0
0.0
0.0
0.0
0.0
0.0
0.0
-1.0
0.0
0.0
0.0
0.0
0.0
0.0
0.0
0.0
0.0
0.0
0.0
0.0
0.0
0.0
0.0
0.0
0.0
0.0
0.0
0.0
0.0
0.0
0.0
0.0
0.0
0.0
0.0
0.0
0.0
0.0
0.0
0.0
0.0
0.0
0.0
0.0
0.0
0.0
0.0
0.0
0.0
0.0
0.0
0.0
0.0
0.0
0.0
0.0
0.0
0.0
0.0
0.0
0.0
0.0
0.0
0.0
0.0
0.0
0.0
0.0
0.0
0.0
0.0
0.0
0.0
0.0
0.0
0.0
0.0
0.0
0.0
0.0
0.0
0.0
0.0
0.0
0.0
0.0
0.0
0.0
0.0
0.0
0.0
0.0
0.0
0.0
1.0
0.0
0.0
0.0
0.0
0.0
0.0
0.0
0.0
0.0
0.0
0.0
0.0
0.0
0.0
0.0
0.0
0.0
0.0
0.0
0.0
0.0
0.0
0.0
0.0
0.0
0.0
0.0
0.0
0.0
0.0
0.0
0.0
0.0
0.0
0.0
0.0
0.0
0.0
0.0
0.0
0.0
0.0
0.0
0.0
0.0
0.0
0.0
0.0
0.0
0.0
0.0
0.0
0.0
0.0
0.0
0.0
0.0
0.0
0.0
0.0
0.0
0.0
0.0
0.0
0.0
0.0
0.0
0.0
0.0
0.0
0.0
0.0
0.0
0.0
0.0
0.0
0.0
0.0
0.0
0.0
0.0
0.0
0.0
0.0
0.0
0.0
0.0
0.0
0.0
0.0
0.0
0.0
0.0
0.0
0.0
0.0
0.0
0.0
0.0
0.0
0.0
0.0
0.0
0.0
0.0
0.0
0.0
0.0
0.0
0.0
0.0
0.0
0.0
0.0
0.0
0.0
0.0
0.0
0.0
0.0
0.0
0.0
0.0
0.0
0.0
0.0
0.0
0.0
0.0
0.0
0.0
0.0
0.0
0.0
0.0
0.0
0.0
0.0
0.0
0.0
0.0
0.0
0.0
0.0
0.0
0.0
0.0
0.0
0.0
0.0
0.0
0.0
0.0
0.0
0.0
0.0
0.0
0.0
0.0
0.0
0.0
0.0
0.0
0.0
0.0
0.0
0.0
0.0
0.0
0.0
0.0
0.0
0.0
0.0
0.0
0.0
0.0
0.0
0.0
0.0
0.0
0.0
0.0
0.0
0.0
0.0
0.0
0.0
0.0
0.0
0.0
0.0
0.0
0.0
0.0
0.0
0.0
0.0
0.0
0.0
0.0
0.0
0.0
0.0
0.0
0.0
0.0
0.0
0.0
0.0
0.0
0.0
0.0
0.0
0.0
0.0
0.0
0.0
0.0
0.0
0.0
0.0
0.0
0.0
0.0
0.0
0.0
0.0
0.0
0.0
0.0
0.0
0.0
0.0
0.0
0.0
0.0
0.0
0.0
0.0
0.0
0.0
0.0
0.0
0.0
0.0
0.0
0.0
0.0
0.0
0.0
0.0
0.0
0.0
0.0
0.0
0.0
0.0
0.0
0.0
0.0
0.0
0.0
0.0
0.0
0.0
0.0
0.0
0.0
0.0
0.0
0.0
0.0
0.0
0.0
0.0
0.0
0.0
0.0
0.0
0.0
0.0
0.0
0.0
0.0
0.0
0.0
0.0
0.0
0.0
0.0
0.0
0.0
0.0
0.0
0.0
0.0
0.0
0.0
0.0
0.0
0.0
0.0
0.0
0.0
0.0
0.0
0.0
0.0
0.0
0.0
0.0
0.0
0.0
0.0
0.0
0.0
0.0
0.0
0.0
0.0
0.0
0.0
0.0
0.0
0.0
0.0
0.0
0.0
0.0
0.0
0.0
0.0
0.0
0.0
0.0
0.0
0.0
0.0
0.0
0.0
0.0
0.0
0.0
0.0
0.0
0.0
0.0
0.0
0.0
0.0
0.0
0.0
0.0
0.0
0.0
0.0
0.0
0.0
0.0
0.0
0.0
0.0
0.0
0.0
0.0
0.0
0.0
0.0
0.0
0.0
0.0
0.0
0.0
0.0
0.0
0.0
0.0
0.0
0.0
0.0
0.0
0.0
0.0
0.0
0.0
0.0
0.0
0.0
0.0
0.0
0.0
0.0
0.0
0.0
0.0
0.0
0.0
0.0
0.0
0.0
0.0
0.0
0.0
0.0
0.0
0.0
0.0
0.0
0.0
0.0
0.0
0.0
0.0
0.0
0.0
0.0
0.0
-1.0
0.0
0.0
0.0
0.0
0.0
0.0
0.0
0.0
0.0
0.0
0.0
0.0
0.0
0.0
0.0
0.0
0.0
0.0
0.0
0.0
0.0
0.0
0.0
0.0
0.0
0.0
0.0
0.0
0.0
0.0
0.0
0.0
0.0
0.0
0.0
0.0
0.0
0.0
0.0
0.0
0.0
0.0
0.0
0.0
0.0
0.0
0.0
0.0
0.0
0.0
0.0
0.0
0.0
0.0
0.0
0.0
0.0
0.0
0.0
0.0
0.0
0.0
0.0
0.0
0.0
0.0
0.0
0.0
0.0
0.0
0.0
0.0
0.0
0.0
0.0
0.0
0.0
0.0
0.0
0.0
0.0
0.0
0.0
0.0
0.0
0.0
0.0
0.0
0.0
0.0
0.0
0.0
0.0
0.0
0.0
0.0
0.0
0.0
0.0
0.0
0.0
0.0
0.0
0.0
0.0
0.0
0.0
0.0
0.0
0.0
0.0
0.0
0.0
0.0
0.0
0.0
0.0
0.0
0.0
0.0
0.0
0.0
0.0
0.0
0.0
0.0
0.0
0.0
1.0
0.0
0.0
0.0
0.0
0.0
0.0
0.0
0.0
0.0
0.0
0.0
0.0
0.0
0.0
0.0
0.0
0.0
0.0
0.0
0.0
0.0
0.0
0.0
0.0
0.0
0.0
0.0
0.0
0.0
0.0
0.0
0.0
0.0
0.0
0.0
0.0
0.0
0.0
0.0
0.0
0.0
0.0
0.0
0.0
0.0
0.0
0.0
0.0
0.0
0.0
0.0
0.0
0.0
0.0
0.0
0.0
0.0
0.0
0.0
0.0
0.0
0.0
0.0
0.0
0.0
0.0
0.0
0.0
0.0
0.0
0.0
0.0
0.0
0.0
0.0
0.0
0.0
0.0
0.0
0.0
0.0
0.0
0.0
0.0
0.0
0.0
0.0
0.0
0.0
0.0
0.0
0.0
0.0
0.0
0.0
0.0
0.0
0.0
0.0
0.0
0.0
0.0
0.0
0.0
0.0
0.0
0.0
0.0
0.0
0.0
0.0
0.0
0.0
0.0
0.0
0.0
0.0
0.0
0.0
0.0
0.0
0.0
0.0
0.0
0.0
0.0
0.0
0.0
0.0
0.0
0.0
0.0
0.0
0.0
0.0
0.0
0.0
0.0
0.0
0.0
0.0
0.0
0.0
0.0
0.0
0.0
0.0
0.0
0.0
0.0
0.0
0.0
0.0
0.0
0.0
0.0
0.0
0.0
0.0
0.0
0.0
0.0
0.0
0.0
0.0
0.0
0.0
0.0
0.0
0.0
0.0
0.0
0.0
0.0
0.0
0.0
0.0
0.0
0.0
0.0
0.0
0.0
0.0
0.0
0.0
0.0
0.0
0.0
0.0
0.0
0.0
0.0
0.0
0.0
0.0
0.0
0.0
0.0
0.0
0.0
0.0
0.0
0.0
0.0
0.0
0.0
0.0
0.0
0.0
0.0
0.0
0.0
0.0
0.0
0.0
0.0
0.0
0.0
0.0
0.0
0.0
0.0
0.0
0.0
0.0
0.0
0.0
0.0
0.0
0.0
0.0
0.0
0.0
0.0
0.0
0.0
0.0
0.0
0.0
0.0
0.0
0.0
0.0
0.0
0.0
0.0
0.0
0.0
0.0
0.0
0.0
0.0
0.0
0.0
0.0
0.0
0.0
0.0
0.0
0.0
0.0
0.0
0.0
0.0
0.0
0.0
0.0
0.0
0.0
0.0
0.0
0.0
0.0
0.0
0.0
0.0
0.0
0.0
0.0
0.0
0.0
0.0
0.0
0.0
0.0
0.0
0.0
0.0
0.0
0.0
0.0
0.0
0.0
0.0
0.0
0.0
0.0
0.0
0.0
0.0
0.0
0.0
0.0
0.0
0.0
0.0
0.0
0.0
0.0
0.0
0.0
0.0
0.0
0.0
0.0
0.0
0.0
0.0
0.0
0.0
0.0
0.0
0.0
0.0
0.0
0.0
0.0
0.0
0.0
0.0
0.0
0.0
0.0
0.0
0.0
0.0
0.0
0.0
0.0
0.0
0.0
0.0
0.0
0.0
0.0
0.0
0.0
0.0
0.0
0.0
0.0
0.0
0.0
0.0
0.0
0.0
0.0
0.0
0.0
0.0
0.0
0.0
0.0
0.0
0.0
0.0
0.0
0.0
0.0
0.0
0.0
0.0
0.0
0.0
0.0
0.0
0.0
0.0
0.0
0.0
0.0
0.0
0.0
0.0
0.0
0.0
0.0
0.0
0.0
0.0
0.0
0.0
0.0
0.0
0.0
0.0
0.0
0.0
0.0
0.0
0.0
0.0
0.0
0.0
0.0
0.0
0.0
0.0
0.0
0.0
0.0
0.0
0.0
0.0
0.0
0.0
0.0
0.0
0.0
0.0
0.0
0.0
0.0
0.0
0.0
0.0
0.0
0.0
0.0
0.0
0.0
0.0
0.0
0.0
0.0
0.0
0.0
0.0
0.0
0.0
0.0
0.0
0.0
0.0
0.0
0.0
0.0
0.0
0.0
0.0
0.0
0.0
0.0
0.0
0.0
0.0
0.0
0.0
0.0
0.0
0.0
0.0
0.0
0.0
0.0
0.0
0.0
0.0
0.0
0.0
0.0
0.0
0.0
0.0
0.0
0.0
0.0
0.0
0.0
0.0
0.0
0.0
0.0
0.0
0.0
0.0
0.0
0.0
0.0
0.0
0.0
0.0
0.0
0.0
0.0
0.0
0.0
0.0
0.0
0.0
0.0
0.0
0.0
0.0
0.0
0.0
0.0
0.0
0.0
0.0
0.0
0.0
0.0
0.0
0.0
0.0
0.0
0.0
0.0
0.0
0.0
0.0
0.0
0.0
0.0
0.0
0.0
0.0
0.0
0.0
0.0
0.0
0.0
0.0
0.0
0.0
0.0
0.0
0.0
0.0
0.0
0.0
0.0
0.0
0.0
0.0
0.0
0.0
0.0
0.0
0.0
0.0
0.0
0.0
0.0
0.0
0.0
0.0
0.0
0.0
0.0
0.0
0.0
0.0
0.0
0.0
0.0
0.0
0.0
0.0
0.0
0.0
0.0
0.0
0.0
0.0
0.0
0.0
0.0
0.0
0.0
0.0
0.0
0.0
0.0
0.0
0.0
0.0
0.0
0.0
0.0
0.0
0.0
0.0
0.0
0.0
0.0
0.0
0.0
0.0
0.0
0.0
0.0
0.0
0.0
0.0
0.0
0.0
0.0
0.0
0.0
0.0
0.0
0.0
0.0
0.0
0.0
0.0
0.0
0.0
0.0
0.0
0.0
0.0
0.0
0.0
0.0
0.0
0.0
0.0
0.0
0.0
0.0
0.0
0.0
0.0
0.0
0.0
0.0
0.0
0.0
0.0
0.0
0.0
0.0
0.0
0.0
0.0
0.0
0.0
0.0
0.0
0.0
0.0
0.0
0.0
0.0
0.0
0.0
0.0
0.0
0.0
0.0
0.0
0.0
0.0
0.0
0.0
0.0
0.0
0.0
0.0
0.0
0.0
0.0
0.0
0.0
0.0
0.0
0.0
0.0
0.0
0.0
0.0
0.0
0.0
0.0
0.0
0.0
0.0
0.0
0.0
0.0
0.0
0.0
0.0
0.0
0.0
0.0
0.0
0.0
0.0
0.0
0.0
0.0
0.0
0.0
0.0
0.0
0.0
0.0
0.0
0.0
0.0
0.0
0.0
0.0
0.0
0.0
0.0
0.0
0.0
0.0
0.0
0.0
0.0
0.0
0.0
0.0
0.0
0.0
0.0
0.0
0.0
0.0
0.0
0.0
0.0
0.0
0.0
0.0
0.0
0.0
0.0
156.0
203746.0
9358.0
184320.0
0.0
0.0
0.0
0.0
8.0
203902.0
0.0
0.0
0.0
0.0
0.0
0.0
0.0
0.0
0.0
0.0
0.0
0.0
0.0
0.0
0.0
0.0
0.0
0.0
