0.021546217
0.0009762795
0.0013418981
0.0012679965
0.0016161121
0.00078958063
0.0010540708
0.00094127347
0.0008206971
0.0007117895
0.00084792404
0.0008945988
0.0011299171
0.00083820015
0.001149365
0.0015986091
0.0012174322
0.00084597926
0.0009218257
0.0010287886
0.0008654271
0.00084014493
0.0008284763
0.0012329904
0.0007993046
0.0010560155
0.0010229542
0.00090626744
0.0010132303
0.000910157
0.0010968558
0.0010618499
0.0010307333
0.000600937
0.0006748386
0.0014449714
0.0015597135
0.003288623
0.0012621621
0.0022423312
0.0016141674
0.0018689336
0.0011104693
0.0018358722
0.0013457877
0.0014449714
0.0015480448
0.0063749887
0.0026098946
0.0022014908
0.0034325365
0.002156761
0.0016277808
0.0031077582
0.0077188313
0.0013243951
0.002112031
0.0008809853
0.00082653144
0.000892654
0.0006884521
0.001351622
0.0009471078
0.0017503019
0.0014216341
0.0057798857
0.0016122225
0.0048386124
0.0010112856
0.0010307333
0.00472776
0.005670978
0.008082505
0.00089654356
0.005155612
0.0042512887
0.00084792404
0.0044379877
0.0013030026
0.0052547953
0.0009587765
0.0010054512
0.00093543914
0.011919556
0.00468303
0.004480773
0.0046771956
0.015824674
0.004196835
0.001069629
0.006445001
0.0024193062
0.0012757756
0.00088487484
0.0010657394
0.0017133511
0.0011532545
0.00459746
0.012446592
0.0045935703
0.019035505
0.016734831
0.005488169
0.009037392
0.01205569
0.012718861
0.005243127
0.0049766917
0.0125982845
0.0068106195
0.03978631
0.11812204
0.019690897
0.009303827
0.014204673
0.017172407
0.009986445
0.0013807938
0.0058790697
0.008294486
0.00654224
0.0066589266
0.002324012
0.007872469
0.0016939034
0.004039308
0.010040899
0.004955299
0.00256322
0.000945163
0.00085375836
0.004185166
0.0020264606
0.0034539292
0.00085570314
0.0029813477
0.0010015616
0.0011279724
0.0011007454
0.0046188524
0.0009490526
0.0024990423
0.0009879482
0.005400654
0.0009957274
0.000635943
0.0007837463
0.023648525
0.00095488696
0.0017133511
0.0013321743
0.0016238912
0.001723075
0.0006106609
0.00070012076
0.00216454
0.0012854995
0.0011474201
0.00059510267
0.0027615875
0.0048541706
0.0015072045
0.001917553
0.0028588264
0.0013030026
0.001643339
0.0013399534
0.0022676133
0.0025593303
0.0021236998
0.0015091492
0.0026546246
0.0015402657
0.0011688127
0.0015344314
0.0036970265
0.004134602
0.0017464124
0.003313905
0.010597106
0.0034053097
0.0021042519
0.0017891976
0.001705572
0.0013652355
0.00082653144
0.0010890767
0.0029832923
0.0015830508
0.001087132
0.0012835547
0.0030610836
0.0012893891
0.0013846833
0.0025029317
0.00393429
0.0023745762
0.0020614667
0.0024582017
0.0016588973
0.00081097323
0.0010268438
0.0020692458
0.0024543123
0.0018086453
0.0018806022
0.0021587056
0.0011727023
0.0019233873
0.0011532545
0.009525532
0.0017930871
0.0026915753
0.002641011
0.0010346229
0.0013127264
0.0022248281
0.00094321824
0.0009296048
0.0028957773
0.0012310457
0.0017872527
0.001987565
0.0021334235
0.00090626744
0.002271503
0.002092583
0.007545746
0.0034267022
0.0018572648
0.0013788489
0.0016452838
0.0014605297
0.0012699413
0.0007934702
0.0021412028
0.0013982968
0.0009198809
0.000980169
0.004603294
0.0015713822
0.00095683173
0.010906326
0.004780269
0.008839025
0.0013924624
0.0013224503
0.0021353683
0.022722809
0.0008518136
0.014167721
0.00095683173
0.0084928535
0.0010618499
0.00083042105
0.010919939
0.0
0.0
0.0
0.0
0.0
0.0
0.0
0.0
0.0
0.0
0.0
0.0
0.0
0.0
0.0
0.0
0.0019297343
7.796906e-06
7.796906e-06
4.8730662e-06
1.6568425e-05
1.9492265e-06
3.898453e-06
2.92384e-06
1.0720746e-05
9.746133e-07
2.92384e-06
9.746133e-07
9.746133e-07
9.746133e-07
1.9492265e-06
9.746133e-07
0.0
0.0
0.0
0.0
0.0
0.0
0.00178939
0.0
8.77152e-06
4.8730662e-06
8.77152e-06
4.2882984e-05
1.0720746e-05
8.381674e-05
4.678144e-05
0.0
0.0
0.0
0.0
0.0
0.0
0.0
0.0069723832
0.0
1.8517652e-05
6.1400635e-05
0.00010525823
0.00015886196
6.1400635e-05
0.00041323603
0.00019297343
0.0
0.0
0.0
0.0
0.0
0.0
0.0
0.0
0.0
0.0
0.0
0.0
0.0
0.0
0.0
0.0
0.0
0.0015730258
6.3349864e-05
1.0720746e-05
8.77152e-06
3.508608e-05
3.4111465e-05
0.0032649545
0.0001754304
0.00015593812
1.9492265e-05
8.08929e-05
0.00028848552
1.754304e-05
0.00019492266
3.7035305e-05
2.8263785e-05
0.0014931075
0.00012669973
0.0001101313
3.7035305e-05
0.0093504395
0.008330994
0.03349161
0.012535476
0.00012182666
6.62737e-05
4.483221e-05
4.8730662e-06
1.9492265e-06
5.84768e-06
3.508608e-05
0.000112080525
0.0026577704
0.00013059817
0.00012182666
0.00020369417
0.0260173
0.024002776
0.08748129
0.033282068
0.00040836298
0.00014034432
0.00018225268
7.6994445e-05
5.7502184e-05
0.0002202626
0.00019979572
0.00046586513
1.3644586e-05
1.169536e-05
1.754304e-05
4.775605e-05
1.3644586e-05
1.9492265e-05
0.0019082928
0.0008030813
0.0007036708
3.898453e-05
5.360373e-05
0.000108182074
0.00011695359
5.5552955e-05
3.9959144e-05
3.9959144e-05
0.0028712107
0.00038789609
0.00027386632
0.00042103292
0.0004697636
0.00038497226
0.0072443006
0.0032240208
0.0010272424
0.00025242483
0.0007017216
0.00055358035
0.00029823167
0.00074362993
0.00042785524
0.00067833083
0.008044458
0.0011402975
0.0012202158
0.0024618732
0.00076019834
0.0007640968
0.01668343
0.010805537
0.0031168133
0.0020427895
0.0024248378
0.0066926694
0.0028712107
0.0072189607
0.0039549805
0.0036499267
0.000675407
0.00051946886
0.00055552955
0.00078748754
0.00019199881
0.00026899326
0.007046454
0.004680093
0.0011032622
0.0008001575
0.0017026494
0.0016217565
0.0007348584
0.0040105334
0.0019326581
0.0013128041
0.0020671547
0.0009180857
0.0017874407
0.0022669504
0.0011344498
0.0016587918
0.014017862
0.0067443238
0.0027513332
0.0036879366
0.0077306326
0.002747435
0.00177672
0.0037162004
0.0022825443
0.006588386
0.0069187796
0.003324406
0.01183278
0.011755785
0.0070318347
0.013325888
0.06251462
0.033190455
0.011395179
0.01825938
0.008736433
0.013945742
0.011056013
0.006768689
0.011478995
0.04790614
0.002615862
0.0028760838
0.0065893605
0.009044412
0.004745392
0.008778342
0.03310859
0.019037122
0.007991829
0.012318137
0.0067706383
0.00923641
0.008636048
0.006491899
0.008079544
0.025337022
0.005950014
0.006157607
0.006768689
0.0066517354
0.006453889
0.0059568365
0.009766599
0.0056186453
0.006814496
0.0050796843
0.0060065417
0.0066868216
0.0054656314
0.0063661737
0.0060572214
0.0059958207
7665.0
23.468624
179887.0
0.00048363695
0.0002946294
0.00026127513
0.00033354273
0.0006392902
0.0034021358
0.00096171483
0.0023403582
0.0019289887
0.0018956345
0.0007893845
0.00044472364
0.001228549
0.0010284234
0.0013174937
0.002218059
0.0014898241
0.0006003769
0.0010339825
0.00057258166
0.0010506596
0.0015231784
0.0069043343
0.00048363695
0.00047251885
0.000489196
0.00040025127
0.0004280465
0.0003168656
0.0003557789
0.00032798367
0.0006615264
0.0004169284
0.010895729
0.0009116834
0.011112532
0.0003168656
0.00035021987
0.010378738
0.011190359
0.020813067
0.00037245604
0.010817902
0.010289793
0.00037801507
0.010178613
0.0005892588
0.011195918
0.00047251885
0.00057258166
0.0005003141
0.031353015
0.010640013
0.010962438
0.011207036
0.025877357
0.0047307475
0.00047251885
0.011746263
0.0006281721
0.00061705406
0.00043360554
0.0005503455
0.00087277015
0.000611495
0.010640013
0.031842213
0.010690045
0.05277202
0.042610083
0.011329334
0.021091018
0.030758198
0.031808857
0.011157004
0.010979115
0.03248706
0.012952575
0.05695242
0.19061966
0.033804554
0.014609171
0.033398744
0.019423304
0.022547489
0.0009116834
0.011668436
0.005286652
0.012974812
0.011801854
0.001095132
0.0032798368
0.00087832916
0.001100691
0.0057091396
0.0036856472
5.0918784
0.0
0.0
0.0
34.0
514197.0
425984.0
0.0
0.0
39.0
0.0
1.0
0.0
1.0
0.0
327680.0
0.0
0.0
0.0
0.0
0.0
1.0
0.0
0.0
0.0
0.0
0.0
0.0
-1.0
0.0
-1.0
-1.0
1.0
0.0
0.0
0.0
0.0
0.0
0.0
0.0
0.0
0.0
0.0
0.0
-1.0
0.0
0.0
0.0
0.0
0.0
0.0
0.0
0.0
0.0
0.0
0.0
0.0
-1.0
0.0
0.0
0.0
0.0
0.0
0.0
0.0
0.0
1.0
0.0
2.0
24.0
4.0
0.0
4.0
0.0
5632.0
1024.0
4096.0
9.0
1.0
0.0
1.0
6.0
0.0
0.0
-512.0
0.0
0.0
0.0
0.0
0.0
-512.0
0.0
0.0
0.0
0.0
0.0
512.0
0.0
0.0
0.0
0.0
0.0
0.0
0.0
0.0
0.0
0.0
0.0
0.0
0.0
0.0
0.0
0.0
0.0
-369152.0
0.0
0.0
0.0
0.0
0.0
0.0
0.0
0.0
-5632.0
-2560.0
16384.0
0.0
0.0
0.0
0.0
0.0
0.0
0.0
0.0
-1.8050417
0.0
0.0
0.0
0.0
0.0
-1.3741854
0.0
0.0
0.0
0.0
0.0
4.7489166
0.0
0.0
0.0
0.0
0.0
0.0
0.0
0.0
0.0
0.0
0.0
0.0
0.0
0.0
0.0
0.0
0.0
-6.7422214
0.0
0.0
0.0
0.0
0.0
0.0
0.0
0.0
-5.9819613
-9.484337
5.1002192
0.0
0.0
0.0
0.0
0.0
0.0
0.0
0.0
-32.0
0.0
0.0
0.0
0.0
0.0
-24.0
0.0
0.0
0.0
0.0
0.0
416.0
0.0
0.0
0.0
0.0
0.0
0.0
0.0
0.0
0.0
0.0
0.0
0.0
0.0
0.0
100.0
0.0
0.0
-368656.0
0.0
0.0
0.0
0.0
0.0
0.0
0.0
0.0
-5252.0
-2068.0
16176.0
0.0
0.0
0.0
0.0
0.0
0.0
0.0
0.0
0.0
-1.0
0.0
0.0
0.0
0.0
0.0
1.0
0.0
0.0
0.0
0.0
0.0
0.0
0.0
0.0
0.0
0.0
0.0
0.0
0.0
0.0
0.0
0.0
0.0
0.0
0.0
0.0
0.0
0.0
0.0
0.0
0.0
0.0
0.0
0.0
0.0
-2.0
0.0
0.0
0.0
1.0
0.0
0.0
0.0
0.0
0.0
0.0
1.0
0.0
-1.0
0.0
0.0
0.0
0.0
0.0
1.0
0.0
0.0
0.0
0.0
-1.0
0.0
0.0
0.0
0.0
0.0
0.0
0.0
1.0
1.0
0.0
0.0
0.0
0.0
0.0
1.0
0.0
0.0
0.0
0.0
0.0
0.0
0.0
1.0
0.0
0.0
0.0
0.0
0.0
0.0
0.0
0.0
1.0
0.0
0.0
-1.0
1.0
0.0
0.0
0.0
0.0
0.0
0.0
0.0
0.0
0.0
0.0
0.0
0.0
0.0
0.0
0.0
0.0
0.0
0.0
0.0
0.0
0.0
0.0
0.0
0.0
0.0
0.0
0.0
0.0
0.0
0.0
0.0
0.0
0.0
0.0
0.0
0.0
0.0
0.0
0.0
0.0
0.0
0.0
0.0
0.0
0.0
0.0
0.0
0.0
0.0
0.0
0.0
0.0
0.0
0.0
0.0
0.0
0.0
0.0
0.0
0.0
0.0
0.0
0.0
0.0
0.0
0.0
0.0
0.0
0.0
0.0
0.0
0.0
0.0
0.0
0.0
0.0
0.0
0.0
0.0
0.0
0.0
0.0
0.0
0.0
0.0
0.0
0.0
0.0
0.0
0.0
0.0
0.0
0.0
0.0
0.0
0.0
0.0
0.0
0.0
0.0
0.0
0.0
0.0
0.0
0.0
0.0
0.0
0.0
0.0
0.0
0.0
0.0
0.0
0.0
0.0
0.0
0.0
1.0
0.0
0.0
0.0
0.0
0.0
0.0
0.0
0.0
0.0
0.0
0.0
0.0
0.0
0.0
0.0
0.0
0.0
0.0
0.0
0.0
0.0
0.0
0.0
0.0
0.0
0.0
0.0
0.0
0.0
0.0
0.0
0.0
0.0
0.0
0.0
0.0
0.0
0.0
0.0
0.0
0.0
0.0
0.0
0.0
0.0
0.0
0.0
0.0
0.0
0.0
0.0
0.0
0.0
0.0
0.0
0.0
0.0
0.0
0.0
0.0
0.0
0.0
0.0
0.0
0.0
0.0
0.0
0.0
0.0
0.0
0.0
0.0
0.0
0.0
0.0
0.0
0.0
0.0
0.0
0.0
0.0
0.0
0.0
1.0
0.0
0.0
0.0
0.0
0.0
0.0
0.0
0.0
0.0
0.0
0.0
0.0
0.0
0.0
0.0
0.0
0.0
0.0
0.0
0.0
0.0
0.0
0.0
0.0
0.0
0.0
0.0
0.0
0.0
0.0
0.0
0.0
0.0
0.0
0.0
0.0
0.0
0.0
0.0
0.0
0.0
0.0
0.0
0.0
0.0
0.0
0.0
0.0
0.0
0.0
0.0
0.0
0.0
0.0
0.0
0.0
0.0
0.0
0.0
0.0
0.0
0.0
0.0
0.0
0.0
0.0
0.0
0.0
0.0
0.0
0.0
0.0
0.0
0.0
0.0
0.0
0.0
0.0
0.0
-1.0
0.0
0.0
0.0
0.0
0.0
0.0
0.0
0.0
0.0
0.0
0.0
0.0
0.0
0.0
0.0
0.0
0.0
0.0
0.0
0.0
0.0
0.0
0.0
0.0
0.0
0.0
-2.0
0.0
0.0
0.0
0.0
0.0
0.0
0.0
0.0
0.0
0.0
1.0
0.0
0.0
0.0
0.0
0.0
0.0
0.0
0.0
0.0
0.0
0.0
0.0
0.0
0.0
0.0
0.0
0.0
0.0
0.0
0.0
0.0
0.0
0.0
0.0
0.0
0.0
0.0
1.0
0.0
0.0
0.0
0.0
-1.0
0.0
0.0
1.0
0.0
0.0
0.0
0.0
0.0
0.0
0.0
0.0
0.0
0.0
0.0
0.0
0.0
0.0
0.0
0.0
0.0
0.0
0.0
0.0
0.0
0.0
0.0
0.0
0.0
0.0
0.0
0.0
0.0
0.0
0.0
0.0
0.0
0.0
0.0
0.0
0.0
0.0
0.0
0.0
0.0
0.0
0.0
0.0
0.0
0.0
0.0
0.0
0.0
0.0
0.0
0.0
0.0
0.0
0.0
0.0
0.0
0.0
0.0
0.0
0.0
0.0
0.0
0.0
0.0
0.0
0.0
0.0
0.0
0.0
0.0
0.0
0.0
0.0
0.0
0.0
0.0
0.0
0.0
0.0
0.0
0.0
0.0
0.0
0.0
0.0
0.0
0.0
0.0
0.0
0.0
0.0
0.0
0.0
0.0
0.0
0.0
0.0
0.0
0.0
0.0
0.0
0.0
0.0
0.0
0.0
0.0
0.0
0.0
0.0
0.0
0.0
0.0
0.0
0.0
0.0
0.0
0.0
0.0
0.0
0.0
0.0
0.0
0.0
0.0
0.0
0.0
0.0
0.0
0.0
0.0
0.0
0.0
0.0
0.0
0.0
0.0
0.0
0.0
0.0
0.0
0.0
0.0
0.0
0.0
0.0
0.0
0.0
0.0
0.0
0.0
0.0
0.0
0.0
0.0
0.0
0.0
0.0
0.0
0.0
0.0
0.0
0.0
0.0
0.0
0.0
0.0
0.0
0.0
0.0
0.0
0.0
0.0
0.0
0.0
0.0
0.0
0.0
0.0
0.0
-1.0
0.0
0.0
0.0
0.0
1.0
0.0
0.0
0.0
0.0
0.0
0.0
0.0
0.0
0.0
0.0
0.0
0.0
0.0
0.0
0.0
0.0
0.0
0.0
0.0
0.0
0.0
0.0
0.0
0.0
0.0
0.0
0.0
0.0
0.0
1.0
0.0
0.0
0.0
0.0
0.0
0.0
0.0
0.0
0.0
0.0
0.0
0.0
0.0
0.0
0.0
0.0
0.0
0.0
0.0
0.0
0.0
0.0
0.0
0.0
0.0
0.0
0.0
0.0
0.0
0.0
0.0
0.0
0.0
0.0
0.0
0.0
0.0
0.0
0.0
0.0
0.0
0.0
0.0
0.0
0.0
0.0
0.0
0.0
0.0
0.0
0.0
0.0
0.0
0.0
0.0
0.0
0.0
0.0
0.0
0.0
0.0
0.0
0.0
0.0
0.0
0.0
0.0
0.0
0.0
0.0
0.0
0.0
-1.0
0.0
0.0
0.0
0.0
0.0
0.0
0.0
0.0
0.0
0.0
0.0
0.0
0.0
0.0
0.0
0.0
0.0
0.0
0.0
0.0
0.0
0.0
0.0
0.0
0.0
0.0
0.0
0.0
0.0
0.0
0.0
0.0
0.0
1.0
0.0
0.0
0.0
0.0
0.0
0.0
0.0
0.0
0.0
0.0
0.0
0.0
-1.0
0.0
0.0
0.0
0.0
0.0
0.0
0.0
0.0
0.0
0.0
0.0
0.0
0.0
0.0
0.0
0.0
0.0
0.0
0.0
0.0
0.0
0.0
0.0
0.0
-1.0
0.0
0.0
0.0
0.0
0.0
0.0
0.0
0.0
0.0
0.0
0.0
0.0
0.0
0.0
0.0
0.0
1.0
0.0
0.0
0.0
0.0
0.0
0.0
0.0
0.0
0.0
0.0
0.0
0.0
0.0
0.0
0.0
0.0
0.0
0.0
0.0
0.0
0.0
0.0
0.0
0.0
0.0
0.0
0.0
0.0
0.0
0.0
0.0
0.0
0.0
0.0
0.0
0.0
0.0
0.0
-1.0
0.0
0.0
0.0
0.0
0.0
0.0
0.0
0.0
0.0
0.0
0.0
-1.0
0.0
0.0
0.0
0.0
0.0
0.0
0.0
0.0
0.0
0.0
0.0
0.0
0.0
0.0
0.0
0.0
0.0
0.0
0.0
0.0
0.0
0.0
0.0
0.0
0.0
0.0
0.0
0.0
0.0
0.0
0.0
0.0
0.0
0.0
0.0
0.0
0.0
0.0
0.0
0.0
0.0
0.0
0.0
0.0
0.0
0.0
0.0
0.0
0.0
0.0
0.0
0.0
-1.0
0.0
0.0
0.0
0.0
0.0
0.0
0.0
0.0
0.0
0.0
0.0
0.0
0.0
0.0
0.0
0.0
0.0
0.0
0.0
0.0
0.0
0.0
0.0
0.0
1.0
0.0
0.0
0.0
-1.0
0.0
0.0
0.0
0.0
0.0
0.0
0.0
0.0
0.0
0.0
0.0
0.0
0.0
0.0
0.0
0.0
0.0
0.0
0.0
0.0
0.0
0.0
0.0
0.0
0.0
0.0
1.0
-1.0
1.0
0.0
0.0
0.0
0.0
0.0
0.0
0.0
0.0
0.0
0.0
0.0
0.0
0.0
0.0
0.0
0.0
0.0
0.0
0.0
0.0
0.0
0.0
0.0
0.0
0.0
0.0
0.0
0.0
0.0
0.0
0.0
0.0
0.0
0.0
0.0
0.0
0.0
0.0
0.0
0.0
0.0
0.0
0.0
0.0
0.0
0.0
0.0
0.0
0.0
0.0
0.0
0.0
0.0
0.0
0.0
0.0
0.0
0.0
0.0
0.0
0.0
0.0
0.0
0.0
0.0
0.0
0.0
0.0
0.0
0.0
0.0
0.0
0.0
0.0
0.0
-1.0
0.0
0.0
0.0
0.0
0.0
0.0
0.0
0.0
0.0
0.0
0.0
0.0
0.0
0.0
0.0
0.0
0.0
0.0
0.0
0.0
0.0
1.0
0.0
0.0
0.0
0.0
1.0
0.0
0.0
0.0
0.0
0.0
0.0
0.0
0.0
0.0
0.0
0.0
0.0
-1.0
0.0
0.0
0.0
0.0
0.0
0.0
0.0
0.0
0.0
0.0
0.0
0.0
0.0
0.0
1.0
1.0
0.0
0.0
0.0
0.0
0.0
0.0
0.0
0.0
0.0
0.0
0.0
0.0
0.0
0.0
0.0
0.0
0.0
0.0
0.0
0.0
0.0
0.0
0.0
-1.0
0.0
0.0
0.0
0.0
0.0
0.0
0.0
0.0
0.0
0.0
0.0
0.0
0.0
0.0
2.0
0.0
0.0
0.0
0.0
0.0
0.0
0.0
0.0
0.0
0.0
0.0
0.0
0.0
0.0
0.0
0.0
0.0
0.0
0.0
0.0
0.0
0.0
0.0
0.0
0.0
0.0
0.0
0.0
0.0
0.0
0.0
0.0
0.0
0.0
0.0
0.0
0.0
0.0
0.0
0.0
0.0
0.0
0.0
0.0
1.0
0.0
0.0
0.0
0.0
0.0
0.0
0.0
0.0
0.0
0.0
0.0
0.0
0.0
0.0
0.0
0.0
0.0
0.0
0.0
0.0
0.0
0.0
0.0
0.0
1.0
0.0
0.0
0.0
0.0
0.0
0.0
0.0
0.0
0.0
0.0
0.0
0.0
0.0
0.0
0.0
0.0
0.0
0.0
0.0
0.0
0.0
0.0
0.0
0.0
0.0
0.0
0.0
0.0
0.0
0.0
0.0
0.0
0.0
0.0
0.0
0.0
0.0
0.0
0.0
1.0
0.0
0.0
0.0
0.0
0.0
0.0
0.0
0.0
0.0
0.0
0.0
0.0
0.0
0.0
0.0
0.0
0.0
0.0
0.0
0.0
0.0
0.0
0.0
0.0
0.0
0.0
0.0
0.0
0.0
0.0
0.0
0.0
0.0
0.0
0.0
0.0
0.0
0.0
0.0
-1.0
0.0
0.0
1.0
0.0
0.0
0.0
0.0
0.0
0.0
0.0
0.0
0.0
1.0
0.0
0.0
0.0
0.0
0.0
0.0
0.0
0.0
0.0
0.0
0.0
0.0
0.0
0.0
0.0
0.0
0.0
0.0
0.0
0.0
0.0
0.0
0.0
0.0
0.0
0.0
0.0
0.0
0.0
0.0
0.0
0.0
0.0
0.0
0.0
0.0
0.0
0.0
0.0
0.0
0.0
0.0
0.0
0.0
0.0
0.0
1.0
0.0
0.0
0.0
0.0
0.0
0.0
0.0
0.0
0.0
0.0
0.0
0.0
0.0
0.0
0.0
0.0
0.0
0.0
0.0
0.0
0.0
0.0
0.0
0.0
0.0
0.0
0.0
0.0
0.0
0.0
0.0
0.0
0.0
0.0
0.0
0.0
0.0
0.0
0.0
0.0
0.0
0.0
0.0
0.0
0.0
0.0
0.0
0.0
0.0
0.0
0.0
0.0
0.0
0.0
0.0
0.0
0.0
0.0
0.0
0.0
0.0
0.0
0.0
0.0
0.0
0.0
0.0
0.0
0.0
0.0
0.0
0.0
0.0
0.0
0.0
0.0
0.0
0.0
0.0
0.0
0.0
0.0
0.0
0.0
0.0
0.0
0.0
0.0
0.0
0.0
0.0
0.0
0.0
0.0
0.0
0.0
0.0
0.0
0.0
0.0
0.0
0.0
0.0
0.0
0.0
0.0
0.0
0.0
0.0
0.0
0.0
0.0
0.0
0.0
0.0
0.0
0.0
0.0
0.0
0.0
0.0
0.0
0.0
0.0
0.0
0.0
0.0
0.0
0.0
0.0
0.0
0.0
0.0
1140.0
397312.0
16176.0
409600.0
0.0
0.0
0.0
0.0
0.0
0.0
0.0
0.0
0.0
0.0
0.0
0.0
24.0
405508.0
0.0
0.0
0.0
0.0
164.0
397536.0
0.0
0.0
1802459000.0
0.0
