0.7498171
0.0038425478
0.0027260953
0.0022708427
0.0031813476
0.001587964
0.0010568361
0.0010785148
0.0026773182
0.0005907443
0.00055822625
0.00039563607
0.002281682
0.0005907443
0.00029808198
0.002877846
0.0022112264
0.00040647542
0.0003522787
0.00020052788
0.0016096426
0.0017993312
0.0003576984
0.00020594755
0.000644941
0.00022762624
0.00028182296
0.00022762624
0.0006557804
0.00028724264
0.0002167869
0.00052028854
0.0014199541
0.00024388525
0.00022762624
0.00016259016
0.0014524722
0.00037937707
0.0001788492
0.0008075312
0.00040647542
0.00045525248
0.0001788492
0.0002547246
0.0004877705
0.0002764033
0.00039021642
0.0001354918
0.0011381311
0.0013874361
0.0004715115
0.0005040295
0.0011327115
0.0005419672
0.0005419672
0.0004715115
0.00097012136
0.0012356853
0.00017342951
0.00038479673
0.0005419672
0.0006232623
0.00014633115
0.00021136722
0.0072352625
0.00047693116
0.0004931902
0.0020432165
0.0008671476
0.0042598625
0.0007750131
0.00048235085
0.00061784266
0.00018426887
0.00028182296
0.00032518033
0.00033601967
0.0006557804
0.00028182296
0.00014633115
0.00397262
0.00026014427
0.0005419672
0.0019402427
0.0004281541
0.0013982755
0.0010839344
0.00067203934
0.00031976067
0.00070997706
0.0001354918
0.00070997706
0.0005311279
0.0007479148
0.0005636459
0.0004498328
0.00018968854
0.0013007213
0.00045525248
0.0008942459
0.0009972197
0.002265423
0.0020703147
0.0003306
0.001669259
0.0009918
0.0017288754
0.00016259016
0.0010459968
0.0004715115
0.0009159246
0.0011923279
0.0005473869
0.00018426887
0.0012411049
0.00094844267
0.0034252328
0.0028019706
0.00044441313
0.00049860985
0.00046609182
0.00031976067
0.00034143936
0.000943023
0.0008075312
0.0012411049
0.00042273445
0.00067745906
0.0023412984
0.00070997706
0.00018426887
0.004834348
0.00070997706
0.003555305
0.00030350164
0.00014091148
0.0007045574
0.0061946856
0.00059616397
0.0065090265
0.00046609182
0.00447123
0.000102973776
0.0004335738
0.00041731476
0.00014091148
0.00036311804
0.00014091148
0.00036311804
0.000612423
0.0003522787
0.00028724264
0.00038479673
0.00081837055
9.7554104e-05
7.587541e-05
0.00011923279
0.00018426887
0.00019510821
0.0001788492
0.00018426887
0.0007479148
0.00028182296
0.00037937707
0.0002167869
0.00020052788
0.00012465246
9.7554104e-05
0.00022762624
0.0001354918
0.00016259016
0.00016259016
0.00045525248
7.045574e-05
0.00026014427
0.000102973776
0.00034685901
0.00023846558
0.00019510821
0.00028182296
0.00033601967
0.00039021642
0.0005473869
0.0003576984
0.0009809607
0.00024388525
0.0003739574
0.00020052788
0.0006882984
0.00022220657
0.0004715115
0.00088882627
0.0025526658
0.0009972197
0.0010188984
0.0015825443
0.0014741509
0.00028182296
0.0010351574
0.0015175083
0.00091050495
0.00026556395
0.00031434098
0.0001788492
0.00046067213
0.00011381312
0.00057990494
0.0002764033
0.0022708427
0.00085088855
0.0006557804
0.00069913774
0.00037937707
0.0001354918
0.00017342951
0.00022220657
0.0010676754
0.00075875415
0.00043899345
0.0004931902
0.00031434098
0.00043899345
0.00069371803
0.0004931902
0.0025418263
0.00047693116
0.00088882627
0.00078043283
0.00036853773
0.0004715115
0.0005853246
0.00032518033
0.002628541
0.0014416329
0.0002547246
0.0020594755
0.0016584197
0.00020052788
0.00018426887
0.00030350164
0.0010893542
0.0004335738
0.0010134787
0.0003306
0.00062868197
0.00065036066
0.0008075312
0.0012140066
0.0020757345
0.00046609182
0.0008563082
0.00092134427
0.0016800985
0.00063952134
0.0014145345
0.029510116
0.6312849
0.0
0.0
0.0
0.0
0.0
0.0
0.0
0.0
0.0
0.0
0.0
0.0
0.0
0.0
0.0
0.020955177
2.7278282e-05
6.81957e-05
5.7284393e-05
0.00017730883
3.5461766e-05
0.00010911313
0.000120024444
2.1822625e-05
5.4556563e-06
5.4556563e-06
2.4550454e-05
3.8189595e-05
0.000114568786
4.637308e-05
0.00054011
0.0
0.0
0.0
0.0
0.0
0.0
0.0
0.0
0.0
0.0
0.0
0.0
0.0
0.0
0.0
0.0
0.005016476
4.910091e-05
5.1828734e-05
2.4550454e-05
4.910091e-05
1.636697e-05
3.0006111e-05
4.637308e-05
5.4556564e-05
3.0006111e-05
3.5461766e-05
2.1822625e-05
2.4550454e-05
4.910091e-05
2.4550454e-05
6.274005e-05
0.0041899444
0.0
0.0
0.0008783607
0.0
0.0
0.00051828736
0.0
0.0
0.0
0.0
0.0
0.0
0.0
0.0
0.0
0.00847809
2.1822625e-05
4.637308e-05
3.273394e-05
0.00024277672
9.001833e-05
0.00066286227
0.00030278892
8.456267e-05
0.0001363914
4.910091e-05
7.637919e-05
0.00013093576
0.0001063853
9.001833e-05
0.00062194484
0.015622272
0.00014730272
0.00037371248
0.00014184706
0.00036280116
0.0001636697
0.0015603177
0.0009874738
0.00022368191
0.00010911313
9.820182e-05
0.0001063853
0.000117296615
0.00037098464
0.00042826904
0.0015330395
0.0071550934
8.456267e-05
7.365136e-05
6.81957e-05
0.0003300672
0.000174581
0.0010338469
0.00061376137
6.274005e-05
9.274616e-05
7.637919e-05
6.274005e-05
0.00010092965
0.00033552287
0.00029460544
0.00061376137
0.0066177114
9.001833e-05
8.72905e-05
7.092353e-05
9.001833e-05
6.546788e-05
0.00010365747
0.0001063853
0.00011184096
0.000270055
0.00014730272
0.00022368191
0.00025914368
0.00024550455
0.000349162
0.002335021
0.007002335
7.637919e-05
0.00011184096
0.0001063853
0.00013366358
0.0001063853
0.00020458712
0.00017730883
0.00073651364
0.001238434
0.00045009167
0.00054283784
0.00071196316
0.0004937369
0.00090018334
0.009353723
0.014522958
0.00051828736
0.00059739436
0.00043918035
0.0010556695
0.00043099685
0.0005755717
0.0011811496
0.0017267152
0.00083471544
0.0006846849
0.0005128317
0.0007528806
0.00097110687
0.0017103483
0.007005063
0.003145186
0.0001445749
0.00036007332
0.0009274616
0.0008019815
0.00049919257
0.0028042074
0.0015275838
0.00024277672
6.0012222e-05
0.00012275227
8.183485e-05
0.00012820793
8.72905e-05
0.00010092965
0.00013911923
0.002809663
0.00032461155
0.00041462987
0.00026459934
0.0006492231
0.00040917424
0.0016312413
0.001031119
0.0012466175
0.00022368191
8.72905e-05
0.0001636697
0.00031642808
0.00015003055
0.00075560843
0.0006955962
0.041610293
0.006841393
0.003748036
0.0051064943
0.011819679
0.009842005
0.0052183354
0.007433332
0.022586418
0.0015330395
0.0015603177
0.0037589474
0.008622665
0.0054692957
0.008816341
0.018044583
0.008786335
0.0019094797
0.0015221281
0.0009083668
0.0038407822
0.002714189
0.0013148132
0.0018276449
0.0053601824
0.0002127706
0.0005128317
0.0012138835
0.0024304949
0.00174581
0.0017430822
0.0030633511
0.0
0.0
0.0
0.0
0.0
0.0
0.0
0.0
0.0
0.0
0.0
0.0
0.0
0.0
0.0
0.0
216.0
18.402779
3975.0
0.03572327
0.00025157232
0.00025157232
0.0010062893
0.0010062893
0.002264151
0.00025157232
0.00025157232
0.00050314463
0.00025157232
0.00025157232
0.000754717
0.00050314463
0.004025157
0.010062893
0.0020125785
0.024905661
0.0163522
0.016100628
0.015597484
0.018867925
0.01081761
0.01937107
0.016603773
0.019119497
0.017610064
0.0010062893
0.00050314463
0.00025157232
0.00050314463
0.0
0.00025157232
0.0010062893
0.011572327
0.0017610063
0.009559749
0.0042767297
0.0047798743
0.011320755
0.0067924527
0.004528302
0.0035220126
0.004528302
0.0010062893
0.0042767297
0.0027672956
0.004528302
0.0020125785
0.0050314465
0.00025157232
0.005534591
0.011320755
0.006037736
0.0035220126
0.0035220126
0.0017610063
0.00050314463
0.00025157232
0.0
0.0
0.006289308
0.0
0.0
0.00025157232
0.0
0.054842766
0.014339623
0.037232704
0.036477987
0.099622644
0.014339623
0.00754717
0.011069182
0.04
0.0032704403
0.0025157232
0.037232704
0.011823899
0.035220128
0.0445283
0.017358491
0.00050314463
0.045534592
0.026415095
0.049056605
0.017610064
0.010566038
0.003018868
0.006289308
0.008553459
0.000754717
0.00025157232
0.00025157232
0.00025157232
0.00025157232
0.0035220126
5.401425
0.0
0.0
0.0
3.0
184513.0
278528.0
0.0
0.0
45.0
0.0
1.0
0.0
0.0
0.0
982754050.0
0.0
0.0
0.0
0.0
0.0
1.0
0.0
0.0
0.0
0.0
0.0
0.0
-1.0
0.0
-1.0
-1.0
0.0
0.0
0.0
0.0
0.0
0.0
0.0
0.0
0.0
0.0
0.0
0.0
-1.0
0.0
0.0
0.0
0.0
0.0
0.0
0.0
0.0
0.0
0.0
0.0
0.0
-1.0
0.0
0.0
0.0
0.0
0.0
0.0
0.0
0.0
0.0
0.0
2.0
50.0
4.0
0.0
4.0
0.0
37376.0
1024.0
4096.0
5.0
0.0
0.0
3.0
4.0
0.0
0.0
0.0
0.0
0.0
0.0
0.0
0.0
0.0
0.0
0.0
0.0
0.0
0.0
5632.0
0.0
0.0
0.0
0.0
0.0
0.0
0.0
0.0
0.0
0.0
-16896.0
0.0
0.0
0.0
0.0
0.0
0.0
-5120.0
0.0
0.0
0.0
0.0
0.0
0.0
0.0
0.0
-37376.0
0.0
117760.0
0.0
0.0
0.0
0.0
0.0
0.0
0.0
0.0
0.0
0.0
0.0
0.0
0.0
0.0
0.0
0.0
0.0
0.0
0.0
0.0
5.6202245
0.0
0.0
0.0
0.0
0.0
0.0
0.0
0.0
0.0
0.0
0.0
0.0
0.0
0.0
0.0
0.0
0.0
-1.8950858
0.0
0.0
0.0
0.0
0.0
0.0
0.0
0.0
-6.447684
0.0
0.74390507
0.0
0.0
0.0
0.0
0.0
0.0
0.0
0.0
0.0
0.0
0.0
0.0
0.0
0.0
0.0
0.0
0.0
0.0
0.0
0.0
5368.0
0.0
0.0
0.0
0.0
0.0
0.0
0.0
0.0
0.0
0.0
-98304.0
0.0
0.0
0.0
0.0
0.0
0.0
-5124.0
0.0
0.0
0.0
0.0
0.0
0.0
0.0
0.0
-37254.0
0.0
118784.0
0.0
0.0
0.0
0.0
0.0
0.0
0.0
0.0
0.0
-1.0
0.0
0.0
0.0
0.0
0.0
1.0
0.0
0.0
0.0
0.0
0.0
0.0
0.0
0.0
0.0
0.0
0.0
0.0
0.0
0.0
0.0
0.0
0.0
0.0
0.0
0.0
0.0
0.0
0.0
0.0
0.0
0.0
0.0
0.0
0.0
-2.0
0.0
0.0
0.0
1.0
0.0
0.0
0.0
0.0
0.0
0.0
0.0
0.0
0.0
0.0
0.0
0.0
0.0
0.0
0.0
0.0
0.0
0.0
0.0
-1.0
0.0
0.0
0.0
0.0
0.0
0.0
0.0
0.0
0.0
1.0
0.0
0.0
0.0
0.0
1.0
0.0
0.0
0.0
0.0
0.0
0.0
0.0
0.0
1.0
0.0
0.0
0.0
0.0
0.0
0.0
0.0
0.0
0.0
0.0
0.0
0.0
0.0
0.0
0.0
0.0
0.0
0.0
0.0
0.0
0.0
0.0
0.0
0.0
0.0
0.0
0.0
0.0
0.0
0.0
0.0
0.0
0.0
0.0
0.0
0.0
0.0
0.0
0.0
0.0
0.0
0.0
0.0
0.0
0.0
0.0
0.0
0.0
0.0
0.0
0.0
0.0
0.0
0.0
0.0
0.0
0.0
0.0
0.0
0.0
0.0
0.0
0.0
0.0
0.0
0.0
0.0
0.0
0.0
0.0
0.0
0.0
0.0
0.0
0.0
0.0
0.0
0.0
0.0
0.0
0.0
0.0
0.0
0.0
0.0
0.0
0.0
0.0
0.0
0.0
0.0
0.0
0.0
0.0
0.0
0.0
0.0
0.0
0.0
0.0
0.0
0.0
0.0
0.0
0.0
0.0
0.0
0.0
0.0
0.0
0.0
0.0
0.0
0.0
0.0
0.0
0.0
0.0
0.0
0.0
0.0
0.0
0.0
0.0
0.0
0.0
0.0
0.0
0.0
1.0
0.0
0.0
0.0
0.0
0.0
0.0
0.0
0.0
0.0
0.0
0.0
0.0
0.0
0.0
0.0
0.0
0.0
0.0
0.0
0.0
0.0
0.0
0.0
0.0
0.0
0.0
0.0
0.0
0.0
0.0
0.0
0.0
0.0
0.0
0.0
0.0
0.0
0.0
0.0
0.0
0.0
0.0
0.0
0.0
0.0
0.0
0.0
0.0
0.0
0.0
0.0
0.0
0.0
0.0
0.0
0.0
0.0
0.0
0.0
0.0
0.0
0.0
0.0
0.0
0.0
0.0
0.0
0.0
0.0
0.0
0.0
0.0
0.0
0.0
0.0
0.0
0.0
0.0
0.0
0.0
0.0
0.0
0.0
0.0
0.0
0.0
0.0
0.0
0.0
0.0
0.0
0.0
0.0
0.0
0.0
0.0
0.0
0.0
0.0
0.0
0.0
0.0
0.0
0.0
0.0
0.0
0.0
0.0
0.0
0.0
0.0
0.0
0.0
0.0
0.0
0.0
0.0
0.0
0.0
0.0
0.0
0.0
0.0
0.0
0.0
0.0
0.0
0.0
0.0
0.0
0.0
0.0
0.0
0.0
0.0
0.0
0.0
0.0
0.0
-1.0
0.0
0.0
0.0
0.0
0.0
0.0
0.0
0.0
0.0
0.0
0.0
0.0
0.0
0.0
0.0
0.0
0.0
0.0
0.0
0.0
0.0
0.0
0.0
0.0
0.0
0.0
0.0
0.0
0.0
0.0
0.0
0.0
0.0
0.0
0.0
0.0
0.0
0.0
0.0
0.0
1.0
0.0
0.0
0.0
0.0
0.0
0.0
0.0
0.0
0.0
0.0
0.0
0.0
0.0
0.0
0.0
0.0
0.0
0.0
0.0
0.0
0.0
0.0
0.0
0.0
0.0
0.0
0.0
0.0
0.0
0.0
0.0
0.0
0.0
0.0
0.0
0.0
0.0
0.0
0.0
0.0
0.0
0.0
0.0
0.0
0.0
0.0
0.0
0.0
0.0
0.0
0.0
0.0
0.0
0.0
0.0
0.0
0.0
0.0
0.0
0.0
0.0
0.0
0.0
1.0
0.0
0.0
0.0
0.0
0.0
0.0
0.0
0.0
0.0
0.0
0.0
0.0
0.0
0.0
0.0
0.0
0.0
0.0
0.0
0.0
0.0
1.0
0.0
0.0
0.0
0.0
0.0
0.0
0.0
0.0
0.0
0.0
0.0
0.0
0.0
0.0
0.0
0.0
0.0
1.0
0.0
0.0
0.0
0.0
0.0
0.0
0.0
0.0
0.0
0.0
0.0
0.0
0.0
0.0
0.0
0.0
0.0
0.0
0.0
0.0
0.0
0.0
0.0
0.0
0.0
-1.0
0.0
0.0
0.0
0.0
0.0
0.0
0.0
0.0
0.0
0.0
0.0
0.0
0.0
0.0
0.0
0.0
0.0
0.0
0.0
0.0
0.0
0.0
0.0
0.0
0.0
0.0
0.0
0.0
0.0
0.0
0.0
0.0
0.0
0.0
0.0
0.0
0.0
0.0
0.0
0.0
0.0
0.0
0.0
0.0
0.0
0.0
0.0
0.0
0.0
0.0
0.0
0.0
0.0
0.0
0.0
0.0
0.0
0.0
0.0
0.0
0.0
0.0
0.0
0.0
0.0
0.0
0.0
0.0
0.0
0.0
0.0
0.0
0.0
0.0
0.0
0.0
0.0
0.0
0.0
1.0
0.0
0.0
0.0
0.0
0.0
0.0
0.0
0.0
0.0
0.0
0.0
0.0
0.0
0.0
0.0
-1.0
0.0
0.0
0.0
0.0
0.0
0.0
0.0
0.0
0.0
0.0
0.0
-1.0
0.0
0.0
0.0
0.0
0.0
0.0
0.0
0.0
0.0
0.0
0.0
0.0
0.0
0.0
0.0
0.0
0.0
0.0
0.0
0.0
0.0
0.0
0.0
0.0
0.0
0.0
0.0
0.0
0.0
0.0
0.0
0.0
0.0
0.0
1.0
0.0
0.0
0.0
0.0
0.0
0.0
0.0
0.0
0.0
0.0
1.0
0.0
0.0
0.0
0.0
0.0
0.0
0.0
0.0
0.0
0.0
0.0
0.0
0.0
0.0
0.0
0.0
0.0
0.0
0.0
-1.0
0.0
0.0
0.0
0.0
0.0
0.0
0.0
0.0
0.0
0.0
0.0
0.0
0.0
0.0
0.0
0.0
0.0
0.0
0.0
0.0
0.0
0.0
0.0
-1.0
0.0
0.0
0.0
0.0
0.0
0.0
0.0
0.0
0.0
0.0
0.0
0.0
0.0
0.0
0.0
0.0
0.0
0.0
0.0
0.0
0.0
0.0
0.0
0.0
0.0
0.0
0.0
0.0
0.0
0.0
0.0
0.0
0.0
0.0
0.0
0.0
0.0
0.0
0.0
0.0
0.0
0.0
0.0
0.0
0.0
0.0
0.0
0.0
0.0
-1.0
0.0
0.0
0.0
0.0
0.0
0.0
0.0
0.0
0.0
0.0
0.0
0.0
0.0
0.0
0.0
0.0
0.0
0.0
0.0
0.0
0.0
0.0
0.0
0.0
0.0
0.0
0.0
0.0
0.0
0.0
0.0
0.0
0.0
0.0
0.0
0.0
0.0
0.0
0.0
0.0
0.0
0.0
0.0
0.0
0.0
0.0
0.0
0.0
0.0
0.0
0.0
0.0
0.0
0.0
0.0
0.0
0.0
0.0
0.0
0.0
0.0
0.0
0.0
0.0
0.0
0.0
0.0
0.0
0.0
-1.0
0.0
0.0
0.0
0.0
0.0
0.0
0.0
0.0
0.0
0.0
0.0
0.0
0.0
0.0
-1.0
0.0
0.0
0.0
0.0
0.0
0.0
0.0
0.0
0.0
0.0
0.0
0.0
0.0
0.0
0.0
0.0
0.0
0.0
0.0
0.0
0.0
0.0
0.0
0.0
0.0
0.0
0.0
0.0
0.0
0.0
1.0
0.0
0.0
0.0
0.0
0.0
0.0
0.0
0.0
0.0
0.0
0.0
0.0
0.0
0.0
-1.0
0.0
0.0
0.0
0.0
0.0
0.0
0.0
0.0
0.0
0.0
0.0
0.0
0.0
0.0
0.0
0.0
0.0
0.0
0.0
0.0
0.0
0.0
0.0
0.0
0.0
0.0
0.0
0.0
0.0
-1.0
0.0
0.0
0.0
0.0
0.0
0.0
0.0
0.0
0.0
0.0
1.0
0.0
0.0
0.0
1.0
0.0
0.0
0.0
-1.0
0.0
0.0
0.0
0.0
0.0
0.0
0.0
0.0
0.0
0.0
0.0
-1.0
0.0
0.0
0.0
0.0
0.0
0.0
0.0
0.0
0.0
0.0
0.0
0.0
0.0
0.0
0.0
0.0
0.0
0.0
0.0
0.0
0.0
0.0
0.0
0.0
0.0
0.0
0.0
0.0
0.0
0.0
0.0
0.0
0.0
0.0
0.0
0.0
0.0
0.0
0.0
0.0
0.0
-1.0
0.0
0.0
0.0
0.0
0.0
0.0
0.0
0.0
0.0
0.0
0.0
0.0
0.0
0.0
1.0
0.0
0.0
0.0
0.0
0.0
0.0
0.0
0.0
0.0
0.0
0.0
0.0
0.0
0.0
0.0
0.0
0.0
0.0
0.0
0.0
0.0
0.0
0.0
0.0
0.0
0.0
0.0
0.0
0.0
0.0
0.0
0.0
0.0
0.0
-1.0
0.0
0.0
0.0
0.0
0.0
0.0
0.0
0.0
0.0
0.0
0.0
0.0
0.0
-1.0
0.0
0.0
0.0
0.0
0.0
0.0
0.0
0.0
0.0
0.0
0.0
0.0
0.0
0.0
0.0
0.0
0.0
0.0
0.0
0.0
0.0
0.0
0.0
0.0
0.0
0.0
0.0
0.0
0.0
0.0
1.0
0.0
0.0
0.0
0.0
0.0
0.0
0.0
0.0
0.0
0.0
0.0
0.0
0.0
0.0
0.0
0.0
0.0
0.0
1.0
0.0
0.0
0.0
0.0
0.0
0.0
0.0
0.0
0.0
0.0
0.0
0.0
0.0
0.0
0.0
0.0
-1.0
0.0
0.0
0.0
0.0
0.0
0.0
0.0
0.0
0.0
-1.0
0.0
0.0
0.0
0.0
0.0
0.0
0.0
0.0
0.0
0.0
0.0
-1.0
0.0
0.0
1.0
0.0
0.0
0.0
0.0
0.0
0.0
0.0
0.0
0.0
0.0
0.0
0.0
0.0
0.0
0.0
0.0
1.0
0.0
-1.0
1.0
0.0
0.0
0.0
0.0
0.0
0.0
0.0
0.0
0.0
0.0
0.0
0.0
0.0
0.0
0.0
0.0
0.0
1.0
0.0
0.0
0.0
0.0
0.0
0.0
0.0
0.0
0.0
0.0
0.0
0.0
1.0
0.0
0.0
0.0
0.0
0.0
0.0
0.0
0.0
0.0
0.0
0.0
0.0
0.0
0.0
0.0
0.0
0.0
0.0
0.0
0.0
0.0
0.0
0.0
0.0
0.0
0.0
0.0
0.0
0.0
0.0
0.0
0.0
0.0
0.0
0.0
0.0
0.0
0.0
0.0
0.0
0.0
0.0
0.0
0.0
0.0
0.0
0.0
-1.0
0.0
0.0
0.0
0.0
0.0
0.0
0.0
0.0
0.0
0.0
0.0
0.0
0.0
0.0
0.0
0.0
0.0
0.0
0.0
0.0
0.0
0.0
1.0
-1.0
0.0
0.0
0.0
0.0
0.0
0.0
0.0
0.0
0.0
0.0
0.0
0.0
0.0
0.0
0.0
0.0
-1.0
0.0
0.0
0.0
0.0
0.0
0.0
0.0
0.0
0.0
-1.0
0.0
0.0
0.0
0.0
0.0
0.0
0.0
0.0
0.0
0.0
0.0
0.0
0.0
0.0
0.0
0.0
0.0
0.0
0.0
0.0
0.0
0.0
0.0
0.0
-1.0
0.0
0.0
0.0
0.0
0.0
0.0
0.0
0.0
0.0
0.0
0.0
0.0
0.0
0.0
0.0
1.0
0.0
0.0
0.0
0.0
0.0
0.0
0.0
0.0
0.0
0.0
0.0
0.0
0.0
0.0
0.0
0.0
0.0
0.0
0.0
0.0
0.0
0.0
0.0
0.0
0.0
0.0
0.0
0.0
0.0
0.0
0.0
0.0
0.0
0.0
0.0
0.0
0.0
0.0
0.0
0.0
0.0
0.0
0.0
0.0
0.0
0.0
0.0
0.0
0.0
0.0
0.0
0.0
0.0
0.0
0.0
0.0
0.0
0.0
0.0
0.0
0.0
0.0
0.0
0.0
0.0
0.0
0.0
0.0
0.0
0.0
0.0
0.0
0.0
0.0
0.0
0.0
0.0
0.0
0.0
0.0
0.0
0.0
0.0
0.0
0.0
0.0
0.0
0.0
0.0
0.0
0.0
0.0
0.0
0.0
0.0
0.0
0.0
0.0
0.0
0.0
0.0
0.0
0.0
0.0
0.0
0.0
0.0
0.0
0.0
0.0
0.0
0.0
0.0
0.0
0.0
0.0
0.0
0.0
0.0
0.0
0.0
0.0
0.0
0.0
0.0
0.0
0.0
0.0
0.0
0.0
0.0
0.0
0.0
0.0
0.0
0.0
0.0
0.0
0.0
0.0
0.0
0.0
0.0
0.0
0.0
0.0
0.0
0.0
0.0
0.0
0.0
0.0
40.0
56656.0
118784.0
61440.0
0.0
0.0
0.0
0.0
0.0
0.0
0.0
0.0
0.0
0.0
0.0
0.0
0.0
0.0
0.0
0.0
0.0
0.0
184.0
56880.0
0.0
0.0
0.0
0.0
