0.26825398
0.0045510046
0.0035742035
0.003907204
0.006049506
0.0036297035
0.0022533021
0.0023421024
0.003951604
0.0022422022
0.0025530024
0.0022422022
0.003896104
0.002109002
0.0021756021
0.002930403
0.0055389055
0.001964702
0.001964702
0.0018537019
0.003019203
0.0024531025
0.0020979021
0.0017982018
0.0025308025
0.0018759018
0.0017538017
0.001986902
0.0023199024
0.0017427017
0.0016650016
0.0018093018
0.006837607
0.0014652015
0.0016428017
0.0016428017
0.0047286046
0.003063603
0.0018648019
0.0015429015
0.0021423022
0.002109002
0.0020979021
0.0021645022
0.002131202
0.0020757022
0.0034632036
0.0016983018
0.0026973027
0.0028194028
0.0026529026
0.0041625043
0.0033855033
0.0015540016
0.0017649018
0.001986902
0.0017982018
0.0021423022
0.0018537019
0.0027750027
0.0022644023
0.0026862028
0.0017427017
0.0018426018
0.02026862
0.0022422022
0.0020979021
0.0028860029
0.004950605
0.004784105
0.0024420025
0.001942502
0.0026640026
0.0021534022
0.0024198024
0.0018204019
0.0022422022
0.0022866023
0.0024087024
0.0027417028
0.0051171053
0.0025974025
0.0023088022
0.004262404
0.0026196027
0.004018204
0.0031968032
0.0031080032
0.0024864024
0.0027195027
0.0024198024
0.0032967033
0.001953602
0.002930403
0.003085803
0.0024531025
0.0017205017
0.0044178045
0.002042402
0.002963703
0.004140304
0.007248307
0.002997003
0.0024753024
0.003984904
0.0033522034
0.0036297035
0.0024531025
0.0035409036
0.0027417028
0.003996004
0.0036852036
0.002874903
0.0017316018
0.0045288047
0.0032967033
0.0073593073
0.004939505
0.0024309023
0.0023754025
0.0033411034
0.0021978023
0.0015429015
0.0017316018
0.002109002
0.002020202
0.002109002
0.0022755023
0.0037185038
0.0027750027
0.0015207016
0.005228105
0.0027528028
0.0045843045
0.0016539017
0.0016095017
0.002120102
0.007226107
0.0022200022
0.016927516
0.0024420025
0.0052503054
0.002120102
0.0017982018
0.0028860029
0.0022644023
0.001909202
0.0018093018
0.0021978023
0.0018870019
0.0017094017
0.0018093018
0.0018426018
0.0015651016
0.0014985015
0.0014874014
0.0016317016
0.0013986015
0.0016317016
0.0017205017
0.0028194028
0.0034299034
0.0021645022
0.0024087024
0.0025530024
0.0022644023
0.0016317016
0.0015984016
0.001975802
0.0017316018
0.001964702
0.0017760018
0.002031302
0.0016872017
0.0016872017
0.0015540016
0.002952603
0.0017760018
0.001975802
0.001953602
0.0018870019
0.0024309023
0.0027306026
0.0037851038
0.0035520035
0.0022644023
0.0023310024
0.0017427017
0.002009102
0.0016206016
0.0018537019
0.002009102
0.0073482073
0.0023421024
0.0022755023
0.0065712067
0.002930403
0.0018093018
0.003019203
0.003052503
0.0022422022
0.0025974025
0.0018093018
0.0015873016
0.0023199024
0.0017871017
0.0018204019
0.0016095017
0.0022089023
0.001975802
0.002930403
0.0024309023
0.0021423022
0.0015762015
0.002031302
0.0022311022
0.0030414031
0.0018093018
0.002042402
0.0023310024
0.0027195027
0.001953602
0.0017760018
0.0017316018
0.0022977022
0.0018981019
0.002186702
0.002053502
0.0020868022
0.001964702
0.0018426018
0.0018759018
0.010767011
0.002919303
0.0021645022
0.0042735045
0.0028527027
0.002020202
0.0018204019
0.0017982018
0.0028194028
0.0018426018
0.0021645022
0.0023754025
0.0024864024
0.0018648019
0.002186702
0.0023310024
0.004095904
0.0024420025
0.0022755023
0.0021423022
0.004007104
0.0020757022
0.002874903
0.03078033
0.1627907
0.0
0.0
0.0
0.0
0.0
0.0
0.0
0.0
0.0
0.0
0.0
0.0
0.0
0.0
0.0
0.0
0.0
0.0
0.0
0.0
0.0
0.0
0.0
0.0
0.0
0.0
0.0
0.0
0.0
0.0
0.0
0.0
0.0
0.0
0.0
0.0
0.0
0.0
0.0
0.0
0.0
0.0
0.0
0.0
0.0
0.0
0.0
0.0
0.0
0.0
0.0
0.0
0.0
0.0
0.0
0.0
0.0
0.0
0.0
0.0
0.0
0.0
0.0
0.009731559
5.677689e-05
3.9743823e-05
2.8388446e-05
0.0011298601
3.9743823e-05
3.4066135e-05
2.8388446e-05
2.8388446e-05
0.00018168605
5.677689e-05
8.516533e-05
5.10992e-05
3.9743823e-05
5.677689e-05
3.9743823e-05
0.0
0.0
0.0
0.0
0.0
0.0
0.0
0.0
0.0
0.0
0.0
0.0
0.0
0.0
0.0
0.0
0.008465434
7.948765e-05
0.0001021984
0.00017033066
0.00120367
0.00022710756
0.00016465299
9.6520715e-05
0.0005677689
9.084302e-05
3.9743823e-05
3.4066135e-05
0.00013058685
0.00011355378
7.3809955e-05
6.813227e-05
0.008334847
5.10992e-05
6.245458e-05
0.00013626454
0.00043150436
0.00017600835
0.0005393805
0.00021007449
0.00034633902
0.00011355378
0.00019304143
0.0001589753
8.516533e-05
7.948765e-05
0.00023846293
0.00047124818
0.0
0.0
0.0
0.0
0.0
0.0
0.0
0.0
0.0
0.0
0.0
0.0
0.0
0.0
0.0
0.0
0.008471112
0.0003122729
0.0014194222
0.00034633902
0.0026741915
0.0004598928
0.0047181593
0.0019020258
0.00059615733
0.00027252908
9.6520715e-05
0.00011923147
0.00018168605
0.0001532976
0.00013058685
0.0014023891
0.015250272
0.001260447
0.003542878
0.0015102653
0.0030716297
0.0013399346
0.0099757
0.004400209
0.0009992733
0.00036904978
6.245458e-05
0.00022710756
0.00067564496
0.00027820675
0.0003009175
0.003247638
0.006114871
0.00032930597
0.00037472747
0.00032362828
0.0003633721
0.0003974382
0.00038040517
0.00036904978
0.0003633721
0.00039176055
0.000510992
0.00038608286
0.00027820675
0.0003974382
0.0003576944
0.00028956213
0.008965071
0.0013569676
0.00066428963
0.0013569676
0.003031886
0.0011639262
0.001078761
0.0007153888
0.0008289426
0.00032930597
4.542151e-05
0.00065293425
0.00075513264
0.00039176055
0.00043150436
0.0014875545
0.011633584
0.00084597565
0.0022426872
0.0009197856
0.0045591844
0.0013172239
0.007204987
0.003190861
0.0019588026
0.0005507358
0.0023392078
0.002061001
0.0008175872
0.00038040517
0.0018225382
0.0046670604
0.054715887
0.009260311
0.00908998
0.0097031705
0.02036587
0.019934366
0.008096385
0.012672602
0.0354231
0.003378225
0.0054108375
0.009328443
0.019071357
0.009413608
0.017549736
0.035655886
0.023261491
0.022517715
0.022943541
0.023375046
0.023766806
0.023499954
0.023380723
0.023199037
0.023182005
0.023187682
0.024238054
0.023539698
0.02301735
0.023329623
0.023687318
0.021966979
377.0
13.748011
5183.0
0.073895425
0.00077175384
0.0019293845
0.002122323
0.006366969
0.002122323
0.001736446
0.0023152614
0.0030870154
0.0032799537
0.0050163995
0.0019293845
0.0028940768
0.0061740307
0.029326646
0.0027011384
0.0052093384
0.0044375844
0.0057881535
0.004823461
0.0023152614
0.0023152614
0.0019293845
0.0032799537
0.0015435077
0.0032799537
0.001736446
0.0028940768
0.0032799537
0.0025081998
0.0019293845
0.0015435077
0.010418677
0.0073316614
0.0054022768
0.006366969
0.0044375844
0.010997492
0.005595215
0.0054022768
0.004823461
0.004630523
0.0028940768
0.003472892
0.0040517077
0.004630523
0.004630523
0.004244646
0.0075246
0.0050163995
0.0040517077
0.007910477
0.005981092
0.0065599075
0.004630523
0.0052093384
0.004244646
0.0044375844
0.0044375844
0.005595215
0.0040517077
0.0040517077
0.0057881535
0.005981092
0.0013505692
0.0476558
0.010032799
0.025274938
0.019486783
0.09762686
0.0108045535
0.019679721
0.012541
0.03241366
0.004630523
0.014277445
0.027976075
0.019486783
0.040517077
0.04128883
0.021030292
0.0013505692
0.049199305
0.02739726
0.031641908
0.013312753
0.0061740307
0.008296354
0.025660815
0.010418677
0.002122323
0.00096469227
0.0023152614
0.0013505692
0.0027011384
0.001736446
5.6506195
0.0
0.0
0.0
2.0
90090.0
413696.0
0.0
0.0
0.0
0.0
0.0
0.0
0.0
0.0
708992500.0
0.0
0.0
0.0
0.0
0.0
1.0
0.0
0.0
0.0
0.0
0.0
0.0
-1.0
1.0
-1.0
-1.0
1.0
1.0
0.0
0.0
0.0
0.0
0.0
0.0
0.0
0.0
0.0
0.0
-1.0
0.0
0.0
0.0
0.0
0.0
0.0
0.0
0.0
0.0
0.0
0.0
0.0
-1.0
0.0
0.0
0.0
0.0
0.0
0.0
0.0
0.0
0.0
0.0
2.0
25.0
4.0
0.0
4.0
0.0
57344.0
1024.0
4096.0
4.0
0.0
0.0
2.0
4.0
0.0
0.0
0.0
0.0
0.0
0.0
0.0
0.0
0.0
0.0
0.0
0.0
0.0
0.0
0.0
0.0
0.0
-2048.0
0.0
0.0
0.0
0.0
0.0
0.0
0.0
0.0
0.0
0.0
-53760.0
0.0
0.0
0.0
0.0
0.0
344064.0
0.0
0.0
0.0
0.0
0.0
0.0
0.0
0.0
1024.0
0.0
0.0
0.0
0.0
0.0
0.0
0.0
0.0
0.0
0.0
0.0
0.0
0.0
0.0
0.0
0.0
0.0
0.0
0.0
0.0
0.0
0.0
0.0
0.0
0.0
0.0
0.0
0.0
0.0
0.0
0.0
0.0
0.0
0.0
0.0
0.0
0.0
0.0
0.0
0.0
6.523799
0.0
0.0
0.0
0.0
0.0
0.0
0.0
0.0
0.0
0.0
0.0
0.0
0.0
0.0
0.0
0.0
0.0
0.0
0.0
0.0
0.0
0.0
0.0
0.0
0.0
0.0
0.0
0.0
0.0
0.0
0.0
0.0
-4096.0
0.0
0.0
0.0
0.0
0.0
0.0
0.0
0.0
0.0
0.0
-57344.0
0.0
0.0
0.0
0.0
0.0
344064.0
0.0
0.0
0.0
0.0
0.0
0.0
0.0
0.0
4096.0
0.0
0.0
0.0
0.0
0.0
0.0
0.0
0.0
0.0
0.0
0.0
0.0
0.0
0.0
0.0
0.0
0.0
0.0
1.0
0.0
0.0
0.0
0.0
0.0
0.0
0.0
-1.0
0.0
0.0
0.0
0.0
0.0
0.0
0.0
0.0
0.0
0.0
-1.0
0.0
0.0
0.0
0.0
0.0
0.0
0.0
-1.0
0.0
0.0
0.0
0.0
0.0
0.0
0.0
0.0
0.0
0.0
0.0
0.0
0.0
0.0
0.0
0.0
0.0
0.0
0.0
0.0
0.0
0.0
0.0
-1.0
0.0
0.0
0.0
0.0
0.0
0.0
0.0
0.0
0.0
1.0
0.0
0.0
0.0
0.0
1.0
0.0
0.0
0.0
0.0
0.0
0.0
0.0
0.0
1.0
0.0
0.0
0.0
0.0
0.0
0.0
0.0
0.0
0.0
-1.0
0.0
0.0
0.0
0.0
0.0
0.0
0.0
0.0
0.0
0.0
0.0
0.0
0.0
0.0
0.0
0.0
0.0
0.0
0.0
0.0
0.0
0.0
0.0
0.0
0.0
0.0
0.0
0.0
0.0
0.0
0.0
0.0
0.0
0.0
0.0
0.0
0.0
0.0
0.0
0.0
0.0
0.0
0.0
0.0
0.0
0.0
0.0
0.0
0.0
0.0
0.0
0.0
0.0
0.0
0.0
0.0
0.0
0.0
0.0
0.0
0.0
0.0
0.0
0.0
0.0
0.0
0.0
0.0
0.0
0.0
0.0
0.0
0.0
0.0
0.0
0.0
0.0
0.0
0.0
0.0
0.0
0.0
0.0
0.0
0.0
0.0
0.0
0.0
0.0
0.0
0.0
0.0
0.0
0.0
0.0
0.0
0.0
0.0
0.0
0.0
0.0
0.0
0.0
0.0
0.0
0.0
0.0
0.0
0.0
0.0
0.0
0.0
0.0
0.0
0.0
0.0
0.0
0.0
0.0
0.0
0.0
0.0
0.0
0.0
0.0
0.0
0.0
0.0
0.0
0.0
0.0
0.0
0.0
0.0
0.0
0.0
0.0
0.0
0.0
0.0
0.0
0.0
0.0
0.0
0.0
0.0
0.0
0.0
0.0
0.0
0.0
0.0
0.0
0.0
0.0
0.0
0.0
0.0
0.0
0.0
0.0
0.0
0.0
0.0
0.0
0.0
0.0
0.0
0.0
0.0
0.0
0.0
0.0
0.0
0.0
0.0
0.0
0.0
0.0
0.0
0.0
0.0
0.0
0.0
0.0
0.0
0.0
0.0
0.0
0.0
0.0
0.0
0.0
0.0
0.0
0.0
0.0
0.0
0.0
0.0
0.0
0.0
0.0
0.0
0.0
0.0
0.0
0.0
0.0
0.0
0.0
0.0
0.0
0.0
0.0
0.0
0.0
0.0
0.0
0.0
0.0
0.0
0.0
0.0
0.0
0.0
0.0
0.0
0.0
0.0
0.0
0.0
0.0
0.0
0.0
0.0
0.0
0.0
0.0
0.0
0.0
0.0
0.0
0.0
0.0
0.0
0.0
0.0
0.0
0.0
0.0
0.0
0.0
0.0
0.0
0.0
0.0
0.0
0.0
0.0
0.0
0.0
0.0
0.0
0.0
0.0
0.0
0.0
0.0
0.0
0.0
0.0
0.0
0.0
0.0
0.0
0.0
0.0
0.0
0.0
0.0
0.0
0.0
0.0
0.0
0.0
0.0
0.0
0.0
0.0
0.0
0.0
0.0
0.0
0.0
0.0
0.0
0.0
0.0
0.0
0.0
0.0
0.0
0.0
0.0
0.0
0.0
0.0
0.0
0.0
0.0
0.0
0.0
0.0
0.0
0.0
0.0
0.0
0.0
0.0
0.0
0.0
0.0
0.0
0.0
0.0
0.0
0.0
0.0
0.0
0.0
0.0
0.0
0.0
0.0
0.0
0.0
0.0
0.0
0.0
0.0
0.0
0.0
0.0
0.0
0.0
0.0
0.0
0.0
0.0
0.0
0.0
0.0
0.0
0.0
0.0
0.0
0.0
0.0
0.0
0.0
0.0
0.0
0.0
0.0
0.0
0.0
0.0
0.0
0.0
0.0
0.0
0.0
0.0
0.0
0.0
0.0
0.0
0.0
0.0
0.0
0.0
0.0
0.0
0.0
0.0
0.0
0.0
0.0
0.0
0.0
0.0
0.0
0.0
0.0
0.0
0.0
0.0
0.0
0.0
0.0
0.0
0.0
0.0
0.0
0.0
0.0
0.0
0.0
0.0
0.0
0.0
0.0
0.0
0.0
0.0
0.0
0.0
0.0
0.0
0.0
0.0
0.0
0.0
0.0
0.0
0.0
0.0
0.0
0.0
0.0
0.0
0.0
0.0
0.0
0.0
0.0
0.0
0.0
0.0
0.0
0.0
0.0
0.0
0.0
0.0
0.0
0.0
0.0
0.0
0.0
0.0
0.0
0.0
0.0
0.0
0.0
0.0
0.0
0.0
0.0
0.0
0.0
0.0
0.0
0.0
0.0
0.0
0.0
0.0
0.0
0.0
0.0
0.0
0.0
0.0
0.0
0.0
0.0
0.0
0.0
0.0
0.0
0.0
0.0
0.0
0.0
0.0
0.0
0.0
0.0
0.0
0.0
0.0
0.0
0.0
0.0
0.0
0.0
0.0
0.0
0.0
0.0
0.0
0.0
0.0
0.0
0.0
0.0
0.0
0.0
0.0
0.0
0.0
0.0
0.0
0.0
0.0
0.0
0.0
0.0
0.0
0.0
0.0
0.0
0.0
0.0
0.0
0.0
0.0
0.0
0.0
0.0
0.0
0.0
0.0
0.0
0.0
0.0
0.0
0.0
0.0
0.0
0.0
0.0
0.0
0.0
0.0
0.0
0.0
0.0
0.0
0.0
0.0
0.0
0.0
0.0
0.0
0.0
0.0
0.0
0.0
0.0
0.0
0.0
0.0
0.0
0.0
0.0
0.0
0.0
0.0
0.0
0.0
0.0
0.0
0.0
0.0
0.0
0.0
0.0
0.0
0.0
0.0
0.0
0.0
0.0
0.0
0.0
0.0
0.0
0.0
0.0
0.0
0.0
0.0
0.0
0.0
0.0
0.0
0.0
0.0
0.0
0.0
0.0
0.0
0.0
0.0
0.0
0.0
0.0
0.0
0.0
0.0
0.0
0.0
0.0
0.0
0.0
0.0
0.0
0.0
0.0
0.0
0.0
0.0
0.0
0.0
0.0
0.0
0.0
0.0
0.0
0.0
0.0
0.0
0.0
0.0
0.0
0.0
0.0
0.0
0.0
0.0
0.0
0.0
0.0
0.0
0.0
0.0
0.0
0.0
0.0
0.0
0.0
0.0
0.0
0.0
0.0
0.0
0.0
0.0
0.0
0.0
0.0
0.0
0.0
0.0
0.0
0.0
0.0
0.0
0.0
0.0
0.0
0.0
0.0
0.0
0.0
0.0
0.0
0.0
0.0
0.0
0.0
0.0
0.0
0.0
0.0
0.0
0.0
0.0
0.0
0.0
0.0
0.0
0.0
0.0
0.0
0.0
0.0
0.0
0.0
0.0
0.0
0.0
0.0
0.0
0.0
0.0
0.0
0.0
0.0
0.0
0.0
0.0
0.0
0.0
0.0
0.0
0.0
0.0
0.0
0.0
0.0
0.0
0.0
0.0
0.0
0.0
0.0
0.0
0.0
0.0
0.0
0.0
0.0
0.0
0.0
0.0
0.0
0.0
0.0
0.0
0.0
0.0
0.0
0.0
0.0
0.0
0.0
0.0
0.0
0.0
0.0
0.0
0.0
0.0
0.0
0.0
0.0
0.0
0.0
0.0
0.0
0.0
0.0
0.0
0.0
0.0
0.0
0.0
0.0
0.0
0.0
0.0
0.0
0.0
0.0
0.0
0.0
0.0
0.0
0.0
0.0
0.0
0.0
0.0
0.0
0.0
0.0
0.0
0.0
0.0
0.0
0.0
0.0
0.0
0.0
0.0
0.0
0.0
0.0
0.0
0.0
0.0
0.0
0.0
0.0
0.0
0.0
0.0
0.0
0.0
0.0
0.0
0.0
0.0
0.0
0.0
0.0
0.0
0.0
0.0
0.0
0.0
0.0
0.0
0.0
0.0
0.0
0.0
0.0
0.0
0.0
0.0
0.0
0.0
0.0
0.0
0.0
0.0
0.0
0.0
0.0
0.0
0.0
0.0
0.0
0.0
0.0
0.0
0.0
0.0
0.0
0.0
0.0
0.0
0.0
0.0
0.0
0.0
0.0
0.0
0.0
0.0
0.0
0.0
0.0
0.0
0.0
0.0
0.0
0.0
0.0
0.0
0.0
0.0
0.0
0.0
0.0
0.0
0.0
0.0
0.0
0.0
0.0
0.0
0.0
0.0
0.0
0.0
0.0
0.0
0.0
0.0
0.0
0.0
0.0
0.0
0.0
0.0
0.0
0.0
0.0
0.0
0.0
0.0
0.0
0.0
0.0
0.0
0.0
0.0
0.0
0.0
0.0
0.0
0.0
0.0
0.0
0.0
0.0
0.0
0.0
0.0
0.0
0.0
0.0
0.0
0.0
0.0
0.0
0.0
0.0
0.0
0.0
0.0
0.0
0.0
0.0
0.0
0.0
0.0
0.0
0.0
0.0
0.0
0.0
0.0
0.0
0.0
0.0
0.0
0.0
0.0
0.0
0.0
0.0
0.0
0.0
0.0
0.0
0.0
0.0
0.0
0.0
0.0
0.0
0.0
0.0
0.0
0.0
0.0
0.0
0.0
0.0
0.0
0.0
0.0
0.0
0.0
0.0
0.0
0.0
0.0
0.0
0.0
0.0
0.0
0.0
0.0
0.0
0.0
0.0
0.0
0.0
0.0
0.0
0.0
0.0
0.0
0.0
0.0
0.0
0.0
0.0
0.0
0.0
0.0
0.0
0.0
0.0
0.0
0.0
0.0
0.0
0.0
0.0
0.0
0.0
0.0
0.0
0.0
0.0
0.0
0.0
0.0
0.0
0.0
0.0
0.0
0.0
0.0
0.0
0.0
0.0
0.0
0.0
0.0
0.0
0.0
0.0
0.0
0.0
0.0
0.0
0.0
0.0
0.0
0.0
0.0
0.0
0.0
0.0
0.0
0.0
0.0
0.0
0.0
0.0
0.0
0.0
0.0
0.0
0.0
0.0
0.0
0.0
0.0
0.0
0.0
0.0
0.0
0.0
0.0
0.0
0.0
0.0
0.0
0.0
0.0
0.0
0.0
0.0
0.0
0.0
0.0
0.0
0.0
0.0
0.0
0.0
0.0
0.0
0.0
0.0
0.0
0.0
0.0
0.0
0.0
0.0
0.0
0.0
0.0
0.0
0.0
0.0
0.0
0.0
0.0
0.0
0.0
0.0
0.0
0.0
0.0
0.0
0.0
0.0
0.0
0.0
0.0
0.0
0.0
0.0
0.0
0.0
0.0
0.0
0.0
0.0
0.0
0.0
0.0
0.0
0.0
0.0
0.0
0.0
0.0
0.0
0.0
0.0
0.0
0.0
0.0
0.0
0.0
0.0
0.0
0.0
0.0
0.0
0.0
0.0
0.0
0.0
0.0
0.0
0.0
0.0
0.0
0.0
0.0
0.0
0.0
0.0
0.0
0.0
0.0
0.0
0.0
0.0
0.0
0.0
0.0
0.0
0.0
0.0
0.0
0.0
0.0
0.0
0.0
0.0
0.0
0.0
0.0
0.0
0.0
0.0
0.0
0.0
0.0
0.0
0.0
0.0
0.0
0.0
0.0
0.0
0.0
0.0
0.0
0.0
0.0
0.0
0.0
0.0
0.0
0.0
0.0
0.0
0.0
0.0
0.0
0.0
0.0
0.0
0.0
0.0
0.0
0.0
0.0
0.0
0.0
0.0
0.0
0.0
0.0
0.0
0.0
0.0
0.0
0.0
0.0
0.0
0.0
0.0
0.0
0.0
0.0
0.0
0.0
0.0
0.0
0.0
0.0
0.0
0.0
0.0
0.0
0.0
0.0
0.0
0.0
0.0
0.0
0.0
0.0
0.0
0.0
0.0
0.0
0.0
0.0
0.0
0.0
0.0
0.0
0.0
0.0
0.0
0.0
0.0
0.0
0.0
0.0
0.0
0.0
0.0
0.0
0.0
0.0
0.0
0.0
0.0
0.0
0.0
0.0
0.0
0.0
0.0
0.0
0.0
0.0
0.0
0.0
0.0
0.0
0.0
0.0
0.0
0.0
0.0
0.0
0.0
0.0
0.0
0.0
0.0
0.0
0.0
0.0
0.0
0.0
0.0
0.0
0.0
0.0
0.0
0.0
0.0
0.0
0.0
0.0
0.0
0.0
0.0
0.0
0.0
0.0
0.0
0.0
0.0
0.0
0.0
0.0
0.0
0.0
0.0
0.0
0.0
0.0
0.0
0.0
0.0
0.0
0.0
0.0
0.0
0.0
0.0
0.0
0.0
0.0
0.0
0.0
0.0
0.0
0.0
0.0
0.0
0.0
0.0
0.0
0.0
0.0
0.0
0.0
0.0
0.0
0.0
0.0
0.0
0.0
0.0
0.0
0.0
0.0
0.0
0.0
0.0
0.0
0.0
0.0
0.0
0.0
0.0
0.0
0.0
0.0
0.0
0.0
0.0
0.0
0.0
0.0
0.0
0.0
0.0
0.0
0.0
0.0
0.0
0.0
0.0
0.0
0.0
0.0
180.0
409600.0
496.0
405504.0
0.0
0.0
0.0
0.0
0.0
0.0
0.0
0.0
0.0
0.0
0.0
0.0
24.0
401524.0
0.0
0.0
0.0
0.0
0.0
0.0
0.0
0.0
0.0
0.0
