0.10246496
0.0047664507
0.0037637104
0.003324153
0.0040315655
0.0036881615
0.002596136
0.0033516253
0.003159319
0.0036675571
0.003653821
0.0035164594
0.003894204
0.0040178294
0.003475251
0.0026854211
0.0037705784
0.0027060253
0.0029601445
0.002987617
0.003001353
0.0033310212
0.0030700339
0.0037774467
0.0032829444
0.0029464082
0.0031455827
0.003901072
0.0044779913
0.003241736
0.0028914637
0.0026991572
0.004526068
0.0030356934
0.0035301954
0.0034615146
0.0037843147
0.0039834892
0.0030631658
0.0036744254
0.0029532765
0.0034340424
0.003166187
0.0028159148
0.002767838
0.003399702
0.0035095913
0.003076902
0.002843387
0.0030631658
0.0035027233
0.0032211316
0.0037774467
0.0044161784
0.0031181104
0.0028090465
0.0032898125
0.0037431063
0.0030425615
0.0030562978
0.0035439318
0.0029258041
0.0033035488
0.002987617
0.00519914
0.005096119
0.0038049188
0.0035576678
0.003255472
0.0038323912
0.0037087658
0.0041826637
0.0037774467
0.00423074
0.003495855
0.0029532765
0.0034615146
0.003894204
0.0032142636
0.0035095913
0.0033584933
0.0031043743
0.0033378892
0.003166187
0.0027334976
0.008337854
0.003880468
0.0035714041
0.003228
0.0026922892
0.003159319
0.0030288254
0.0031181104
0.0031249786
0.0024519062
0.003241736
0.0030975062
0.004938153
0.0029395402
0.0041964
0.004285685
0.0054051825
0.0033928338
0.0034683829
0.0033447572
0.0053845784
0.00276097
0.002994485
0.004189532
0.0035507998
0.005096119
0.005831004
0.0042513446
0.004113983
0.0045192
0.004958757
0.005446391
0.003722502
0.0037980508
0.0035988763
0.0039422805
0.0037705784
0.0033722296
0.0033722296
0.0031799232
0.0030356934
0.0033653616
0.0044299145
0.0044917273
0.0031730551
0.003255472
0.002994485
0.003166187
0.002918936
0.0033378892
0.0034683829
0.0029051998
0.0033928338
0.0029464082
0.0026442127
0.0030219574
0.002747234
0.0037568423
0.0035507998
0.0037774467
0.0034683829
0.0031730551
0.0030975062
0.002987617
0.0030700339
0.0035233274
0.0037087658
0.0028914637
0.0032692084
0.003008221
0.0035370637
0.0033790977
0.0031730551
0.0028708593
0.0035233274
0.0031799232
0.002754102
0.0034340424
0.00308377
0.0034340424
0.003255472
0.0037018976
0.0030906382
0.003660689
0.003482119
0.003653821
0.002747234
0.02126359
0.0030425615
0.0039834892
0.0031112423
0.0031318467
0.0034615146
0.004072774
0.0026991572
0.0029395402
0.0033172849
0.003736238
0.0033447572
0.0032623403
0.0037911828
0.0032142636
0.0028227828
0.0028639913
0.0032623403
0.003482119
0.0040178294
0.0032898125
0.0033584933
0.0031387147
0.0036675571
0.0033378892
0.0032966807
0.003255472
0.0027060253
0.0033104168
0.0031730551
0.0044024424
0.0036332167
0.0032211316
0.0033104168
0.0033584933
0.0032142636
0.0027884424
0.0034340424
0.002836519
0.0031112423
0.0029120678
0.0030631658
0.00308377
0.003159319
0.0028983317
0.0026991572
0.0032829444
0.0034546466
0.003660689
0.0034683829
0.0029051998
0.0030425615
0.0026854211
0.0031112423
0.0032211316
0.0044367826
0.0043543656
0.0035095913
0.0031181104
0.003324153
0.003736238
0.002513719
0.0035095913
0.0026579488
0.002994485
0.0031867912
0.0028296509
0.0029807487
0.0029464082
0.0032623403
0.004649693
0.004059038
0.0038255232
0.0037705784
0.003234868
0.0028983317
0.0036126126
0.003166187
0.004203268
0.0036950295
0.0032142636
0.0037431063
0.002918936
0.0030906382
0.04255319
0.0
0.0
0.0
0.0
0.0
0.0
0.0
0.0
0.0
0.0070921984
0.0
0.0
0.0
0.0
0.0
0.0067112697
1.7314938e-05
5.1944815e-05
2.4240913e-05
3.116689e-05
1.0388962e-05
6.925975e-06
3.4629875e-06
9.350067e-05
3.4629875e-06
5.1944815e-05
1.7314938e-05
1.385195e-05
1.0388962e-05
1.0388962e-05
3.4629877e-05
0.0
0.0
0.0
0.0
0.0
0.0
0.0
0.0
0.0
0.0
0.0
0.0
0.0
0.0
0.0
0.0
0.0059805796
3.4629875e-06
0.0
0.0
0.00017661236
9.0037676e-05
0.00051944813
0.00031166887
0.0
0.0
0.0
0.0
0.0
3.4629875e-06
0.0
6.925975e-06
0.00010042664
2.4240913e-05
6.925975e-06
3.4629875e-06
5.1944815e-05
0.0014163619
1.7314938e-05
1.7314938e-05
2.0777925e-05
6.925975e-06
0.0053295377
3.4629877e-05
3.4629875e-06
1.0388962e-05
2.0777925e-05
2.77039e-05
0.0
0.0
0.0
0.0
0.0
0.0
0.0
0.0
0.0
0.0
0.0
0.0
0.0
0.0
0.0
0.0
0.005004017
6.233378e-05
0.00040170655
3.116689e-05
0.0001108156
3.4629877e-05
0.00076185726
0.00045018838
9.350067e-05
3.4629875e-06
5.1944815e-05
1.7314938e-05
1.385195e-05
1.0388962e-05
1.0388962e-05
3.4629877e-05
0.01952086
0.00028742797
0.001651845
0.00015929743
0.0018146056
0.0005090592
0.0070714206
0.0037677304
0.000107352615
0.00015237146
9.696365e-05
3.4629877e-05
7.9648715e-05
7.9648715e-05
6.233378e-05
6.579676e-05
0.0
0.0
0.0
0.0
0.0
0.0
0.0
0.0
0.0
0.0
0.0
0.0
0.0
0.0
0.0
0.0
0.0076428135
0.0002216312
0.00022509419
0.00025972407
0.0018042165
0.000550615
0.0032863752
0.0013886581
0.00023548315
0.00029089095
0.0038023603
0.00018700134
0.0001662234
0.00024240914
0.0006856715
0.00028742797
0.0028535018
6.925975e-05
8.31117e-05
0.00012466755
0.00077917223
0.0001662234
0.0014579177
0.00054022606
4.8481827e-05
5.1944815e-05
4.8481827e-05
4.8481827e-05
5.54078e-05
8.657469e-05
0.000547152
0.00013159352
0.0032171155
0.00037746565
0.0005333001
0.00026665005
0.00045711437
0.0031547816
0.0015341035
0.0008553579
0.000277039
0.000277039
0.0019184952
0.0003082059
0.00018353834
0.0003012799
0.00025972407
0.00026318704
0.003061281
0.00025972407
0.00029089095
0.0003082059
0.00034976174
0.0002493351
0.0003601507
0.00035668773
0.00020777926
0.0001973903
0.00025279808
0.00023894614
0.00025279808
0.00021470523
0.00024587213
0.00024587213
0.0028638907
0.00024587213
0.00026318704
0.00028396497
0.00041555852
0.00023894614
0.0004190215
0.00031859486
0.00025972407
0.00023202017
0.00023894614
0.00023548315
0.0003012799
0.00027011303
0.00026665005
0.00023894614
0.003369487
0.0006198748
0.0006475787
0.000564467
0.00068220857
0.0020812554
0.0009834885
0.0008068761
0.0005852449
0.0006025598
0.00046057734
0.00063026376
0.00043979942
0.0006025598
0.000554078
0.000554078
0.051380347
0.05008519
0.05008519
0.05068775
0.05460785
0.04717628
0.048526846
0.05420961
0.049963985
0.0507951
0.051785517
0.051775128
0.052259944
0.04810436
0.04957613
0.05458361
719.0
8.3908205
6033.0
0.0064644455
0.0046411403
0.00497265
0.00795624
0.0056356704
0.0056356704
0.0048068953
0.0029835904
0.0038123652
0.0053041605
0.0061329356
0.0059671807
0.0056356704
0.0051384056
0.0066302004
0.0026520803
0.0059671807
0.0041438756
0.0069617108
0.0066302004
0.0051384056
0.008121995
0.0046411403
0.0041438756
0.0043096305
0.0056356704
0.0056356704
0.0051384056
0.0062986906
0.0041438756
0.0054699155
0.0067959554
0.010276811
0.016575502
0.0071274657
0.012100116
0.0076247305
0.012597381
0.012597381
0.013094646
0.0072932206
0.009613791
0.0054699155
0.0056356704
0.011602851
0.009116526
0.00497265
0.0072932206
0.0072932206
0.0067959554
0.0099453
0.012431626
0.009448036
0.13906845
0.009448036
0.0076247305
0.0044753854
0.0034808554
0.0044753854
0.0036466103
0.00497265
0.0056356704
0.0044753854
0.0072932206
0.0048068953
0.025526272
0.0066302004
0.015083706
0.017404277
0.04823471
0.008950771
0.009613791
0.0062986906
0.026686557
0.0053041605
0.0046411403
0.026023537
0.010608321
0.021050887
0.021216642
0.010111056
0.0076247305
0.027349578
0.017072767
0.03182496
0.012597381
0.0051384056
0.0066302004
0.010276811
0.013094646
0.0069617108
0.0054699155
0.0048068953
0.0051384056
0.00497265
0.0058014253
5.9688106
0.0
0.0
0.0
3.0
145601.0
163840.0
0.0
0.0
10.0
0.0
1.0
0.0
1.0
0.0
708992500.0
0.0
0.0
0.0
0.0
0.0
1.0
0.0
0.0
0.0
0.0
0.0
0.0
-1.0
1.0
-1.0
-1.0
0.0
1.0
0.0
0.0
0.0
0.0
0.0
0.0
0.0
0.0
0.0
0.0
-1.0
0.0
0.0
0.0
0.0
0.0
0.0
0.0
0.0
0.0
0.0
0.0
0.0
-1.0
0.0
0.0
0.0
0.0
0.0
0.0
0.0
0.0
0.0
0.0
2.0
25.0
4.0
0.0
4.0
0.0
107008.0
1024.0
4096.0
11.0
2.0
0.0
3.0
5.0
0.0
0.0
0.0
0.0
0.0
-7680.0
0.0
0.0
0.0
0.0
0.0
0.0
0.0
0.0
512.0
0.0
0.0
0.0
0.0
0.0
0.0
0.0
-2048.0
0.0
0.0
0.0
0.0
0.0
0.0
-1024.0
0.0
0.0
1024.0
0.0
0.0
-107008.0
0.0
0.0
0.0
0.0
-3072.0
0.0
-3072.0
5120.0
0.0
0.0
0.0
0.0
0.0
0.0
0.0
0.0
0.0
0.0
0.0
0.0
0.0
0.0
0.0
0.0
0.0
0.0
0.0
0.0
2.0825517
0.0
0.0
0.0
0.0
0.0
0.0
0.0
-4.0546365
0.0
0.0
0.0
0.0
0.0
0.0
-5.2011857
0.0
0.0
5.5003467
0.0
0.0
-7.986039
0.0
0.0
0.0
0.0
0.0
0.0
-4.8718653
3.4856634
0.0
0.0
0.0
0.0
0.0
0.0
0.0
0.0
-12.0
0.0
0.0
-7284.0
0.0
0.0
0.0
0.0
0.0
0.0
0.0
0.0
24.0
0.0
2597.0
0.0
0.0
0.0
0.0
0.0
-1912.0
0.0
0.0
0.0
0.0
0.0
0.0
-1024.0
0.0
0.0
1024.0
0.0
0.0
-106516.0
0.0
0.0
0.0
0.0
-2562.0
0.0
-3066.0
5120.0
0.0
0.0
0.0
0.0
0.0
0.0
0.0
0.0
0.0
0.0
0.0
0.0
0.0
0.0
0.0
0.0
0.0
0.0
0.0
0.0
0.0
0.0
0.0
1.0
0.0
0.0
0.0
0.0
0.0
0.0
0.0
0.0
0.0
0.0
0.0
0.0
0.0
-1.0
0.0
0.0
0.0
0.0
1.0
0.0
0.0
0.0
0.0
0.0
1.0
0.0
0.0
0.0
0.0
0.0
0.0
0.0
0.0
0.0
0.0
0.0
0.0
0.0
0.0
0.0
0.0
0.0
0.0
0.0
0.0
-1.0
0.0
0.0
0.0
0.0
0.0
0.0
0.0
0.0
0.0
1.0
0.0
0.0
0.0
0.0
0.0
0.0
0.0
0.0
0.0
0.0
0.0
0.0
0.0
1.0
0.0
0.0
0.0
0.0
0.0
0.0
0.0
0.0
0.0
0.0
0.0
0.0
0.0
0.0
0.0
0.0
0.0
0.0
0.0
0.0
0.0
0.0
0.0
0.0
0.0
0.0
0.0
0.0
0.0
0.0
0.0
0.0
0.0
0.0
0.0
0.0
0.0
0.0
0.0
0.0
0.0
0.0
-1.0
0.0
0.0
0.0
0.0
0.0
0.0
0.0
0.0
0.0
0.0
0.0
0.0
0.0
0.0
0.0
0.0
0.0
0.0
0.0
0.0
0.0
0.0
0.0
0.0
0.0
0.0
0.0
0.0
0.0
0.0
0.0
0.0
0.0
0.0
0.0
0.0
0.0
0.0
0.0
0.0
0.0
0.0
0.0
0.0
0.0
0.0
0.0
0.0
0.0
0.0
0.0
0.0
0.0
0.0
0.0
0.0
0.0
0.0
0.0
0.0
0.0
0.0
0.0
0.0
0.0
0.0
0.0
0.0
0.0
-1.0
0.0
0.0
0.0
0.0
0.0
0.0
0.0
0.0
0.0
0.0
0.0
0.0
0.0
0.0
0.0
0.0
1.0
0.0
0.0
0.0
0.0
0.0
0.0
0.0
0.0
0.0
0.0
0.0
0.0
0.0
0.0
0.0
0.0
0.0
0.0
0.0
0.0
0.0
0.0
0.0
0.0
0.0
0.0
0.0
0.0
0.0
0.0
0.0
0.0
0.0
0.0
0.0
0.0
0.0
0.0
0.0
0.0
0.0
0.0
0.0
0.0
0.0
0.0
0.0
0.0
0.0
0.0
0.0
0.0
0.0
0.0
0.0
0.0
0.0
0.0
0.0
0.0
0.0
0.0
0.0
0.0
0.0
0.0
0.0
0.0
0.0
0.0
0.0
0.0
0.0
0.0
0.0
0.0
0.0
0.0
0.0
0.0
0.0
0.0
0.0
0.0
0.0
0.0
0.0
0.0
0.0
0.0
0.0
0.0
0.0
0.0
0.0
0.0
0.0
0.0
0.0
0.0
0.0
0.0
0.0
0.0
0.0
0.0
0.0
0.0
0.0
0.0
0.0
0.0
0.0
0.0
0.0
0.0
0.0
0.0
0.0
0.0
0.0
0.0
1.0
0.0
0.0
0.0
0.0
0.0
0.0
0.0
0.0
0.0
0.0
0.0
0.0
0.0
0.0
0.0
0.0
0.0
0.0
0.0
0.0
0.0
0.0
0.0
0.0
0.0
0.0
0.0
0.0
0.0
0.0
0.0
0.0
0.0
0.0
0.0
0.0
0.0
0.0
0.0
0.0
0.0
0.0
0.0
0.0
0.0
0.0
0.0
0.0
0.0
0.0
0.0
0.0
0.0
0.0
0.0
0.0
0.0
0.0
0.0
0.0
0.0
0.0
0.0
0.0
0.0
0.0
0.0
0.0
0.0
0.0
0.0
0.0
0.0
0.0
0.0
0.0
0.0
0.0
0.0
0.0
0.0
0.0
0.0
0.0
0.0
0.0
0.0
0.0
0.0
0.0
0.0
0.0
0.0
0.0
0.0
0.0
0.0
0.0
0.0
1.0
0.0
0.0
0.0
0.0
0.0
0.0
1.0
0.0
0.0
0.0
0.0
0.0
0.0
0.0
0.0
0.0
0.0
0.0
0.0
0.0
0.0
0.0
0.0
0.0
0.0
0.0
0.0
0.0
0.0
0.0
0.0
0.0
0.0
0.0
0.0
0.0
0.0
0.0
0.0
0.0
0.0
0.0
0.0
0.0
0.0
0.0
0.0
0.0
0.0
0.0
0.0
0.0
0.0
0.0
0.0
0.0
0.0
0.0
0.0
0.0
0.0
0.0
0.0
0.0
0.0
0.0
0.0
0.0
0.0
0.0
0.0
0.0
0.0
0.0
0.0
0.0
0.0
0.0
0.0
0.0
0.0
0.0
0.0
0.0
0.0
0.0
0.0
0.0
0.0
0.0
0.0
0.0
0.0
0.0
0.0
0.0
0.0
0.0
0.0
0.0
0.0
0.0
0.0
0.0
0.0
0.0
0.0
0.0
0.0
0.0
0.0
0.0
0.0
0.0
0.0
0.0
0.0
0.0
0.0
0.0
0.0
0.0
0.0
0.0
0.0
0.0
0.0
0.0
0.0
0.0
0.0
0.0
0.0
0.0
0.0
0.0
0.0
0.0
0.0
0.0
0.0
0.0
0.0
0.0
0.0
-1.0
0.0
0.0
0.0
0.0
0.0
0.0
0.0
0.0
0.0
0.0
0.0
0.0
0.0
0.0
0.0
0.0
0.0
0.0
0.0
0.0
0.0
0.0
0.0
0.0
0.0
0.0
0.0
0.0
0.0
0.0
0.0
0.0
0.0
0.0
0.0
0.0
0.0
0.0
0.0
0.0
0.0
0.0
0.0
0.0
0.0
0.0
0.0
0.0
0.0
0.0
0.0
0.0
0.0
0.0
0.0
0.0
0.0
0.0
0.0
0.0
0.0
0.0
0.0
0.0
0.0
0.0
0.0
0.0
0.0
0.0
0.0
0.0
0.0
0.0
0.0
0.0
0.0
0.0
0.0
0.0
0.0
0.0
0.0
0.0
0.0
0.0
0.0
0.0
0.0
0.0
0.0
0.0
0.0
0.0
0.0
0.0
0.0
0.0
0.0
0.0
0.0
0.0
0.0
0.0
0.0
0.0
0.0
0.0
0.0
0.0
0.0
0.0
0.0
0.0
0.0
0.0
0.0
0.0
0.0
0.0
0.0
0.0
0.0
0.0
0.0
0.0
0.0
0.0
0.0
0.0
0.0
0.0
0.0
0.0
0.0
0.0
0.0
0.0
0.0
0.0
0.0
0.0
0.0
0.0
0.0
0.0
0.0
0.0
0.0
0.0
0.0
0.0
0.0
0.0
0.0
0.0
0.0
0.0
0.0
0.0
0.0
0.0
0.0
0.0
0.0
0.0
0.0
0.0
0.0
0.0
0.0
0.0
0.0
0.0
0.0
0.0
0.0
0.0
1.0
0.0
0.0
0.0
0.0
0.0
0.0
0.0
0.0
0.0
0.0
0.0
0.0
0.0
0.0
0.0
0.0
0.0
0.0
0.0
0.0
0.0
0.0
0.0
0.0
0.0
0.0
0.0
0.0
0.0
0.0
0.0
0.0
0.0
0.0
0.0
0.0
0.0
0.0
0.0
0.0
0.0
0.0
0.0
0.0
0.0
0.0
0.0
0.0
0.0
0.0
0.0
0.0
0.0
0.0
0.0
0.0
0.0
0.0
0.0
0.0
0.0
0.0
0.0
0.0
0.0
0.0
0.0
0.0
0.0
0.0
0.0
0.0
0.0
0.0
0.0
0.0
0.0
0.0
0.0
0.0
0.0
0.0
0.0
0.0
0.0
0.0
0.0
0.0
0.0
0.0
0.0
0.0
0.0
0.0
0.0
0.0
0.0
0.0
0.0
0.0
0.0
0.0
0.0
0.0
0.0
0.0
0.0
0.0
0.0
0.0
0.0
0.0
0.0
0.0
0.0
0.0
0.0
0.0
0.0
0.0
0.0
0.0
0.0
0.0
0.0
0.0
0.0
0.0
0.0
0.0
0.0
0.0
0.0
0.0
0.0
0.0
0.0
0.0
0.0
0.0
0.0
0.0
0.0
0.0
0.0
0.0
0.0
0.0
0.0
0.0
0.0
0.0
0.0
0.0
0.0
0.0
0.0
0.0
0.0
0.0
0.0
0.0
0.0
0.0
0.0
0.0
0.0
0.0
0.0
0.0
0.0
0.0
0.0
0.0
0.0
0.0
0.0
0.0
0.0
0.0
0.0
0.0
0.0
-1.0
0.0
0.0
0.0
0.0
0.0
0.0
0.0
0.0
0.0
0.0
0.0
0.0
0.0
0.0
0.0
0.0
0.0
0.0
0.0
0.0
0.0
0.0
0.0
0.0
0.0
0.0
0.0
0.0
0.0
0.0
0.0
0.0
0.0
0.0
0.0
0.0
0.0
0.0
0.0
0.0
0.0
0.0
0.0
0.0
0.0
0.0
0.0
0.0
0.0
0.0
0.0
0.0
0.0
0.0
0.0
0.0
0.0
0.0
0.0
0.0
0.0
0.0
0.0
0.0
0.0
0.0
0.0
0.0
0.0
0.0
0.0
0.0
0.0
0.0
0.0
0.0
0.0
0.0
0.0
0.0
0.0
0.0
0.0
0.0
0.0
0.0
0.0
0.0
0.0
0.0
0.0
0.0
0.0
0.0
0.0
0.0
0.0
0.0
0.0
0.0
0.0
0.0
0.0
0.0
0.0
0.0
0.0
0.0
0.0
0.0
0.0
0.0
0.0
0.0
0.0
0.0
0.0
0.0
0.0
0.0
0.0
0.0
0.0
0.0
0.0
0.0
0.0
0.0
0.0
0.0
0.0
0.0
0.0
0.0
0.0
0.0
0.0
0.0
0.0
0.0
0.0
0.0
0.0
0.0
0.0
0.0
0.0
0.0
0.0
0.0
0.0
0.0
0.0
0.0
0.0
0.0
0.0
0.0
0.0
0.0
0.0
0.0
0.0
0.0
0.0
0.0
0.0
0.0
0.0
0.0
0.0
0.0
0.0
0.0
0.0
0.0
0.0
0.0
0.0
0.0
0.0
0.0
0.0
0.0
0.0
0.0
0.0
0.0
0.0
0.0
0.0
-1.0
0.0
0.0
0.0
0.0
0.0
0.0
0.0
0.0
0.0
0.0
0.0
0.0
0.0
0.0
0.0
0.0
0.0
0.0
0.0
1.0
0.0
0.0
0.0
0.0
0.0
0.0
0.0
0.0
0.0
0.0
0.0
0.0
0.0
0.0
0.0
0.0
0.0
0.0
0.0
0.0
0.0
0.0
0.0
0.0
0.0
0.0
0.0
0.0
0.0
0.0
0.0
0.0
0.0
0.0
0.0
0.0
0.0
0.0
0.0
0.0
0.0
0.0
0.0
0.0
0.0
0.0
0.0
0.0
0.0
0.0
0.0
0.0
0.0
0.0
0.0
0.0
0.0
0.0
0.0
0.0
0.0
0.0
0.0
0.0
0.0
0.0
0.0
0.0
0.0
0.0
0.0
0.0
0.0
0.0
0.0
0.0
0.0
0.0
0.0
0.0
0.0
0.0
0.0
0.0
0.0
0.0
0.0
0.0
0.0
0.0
0.0
0.0
0.0
0.0
0.0
1.0
1.0
0.0
0.0
0.0
0.0
0.0
0.0
0.0
0.0
0.0
0.0
0.0
0.0
0.0
0.0
0.0
0.0
0.0
0.0
0.0
0.0
0.0
0.0
0.0
0.0
0.0
0.0
0.0
0.0
0.0
0.0
0.0
0.0
0.0
0.0
0.0
0.0
0.0
0.0
0.0
0.0
0.0
0.0
0.0
0.0
0.0
0.0
0.0
0.0
0.0
0.0
0.0
0.0
0.0
0.0
0.0
0.0
0.0
0.0
0.0
0.0
0.0
0.0
0.0
0.0
0.0
0.0
0.0
0.0
0.0
0.0
0.0
0.0
0.0
0.0
0.0
0.0
0.0
0.0
0.0
0.0
0.0
0.0
-1.0
0.0
0.0
0.0
0.0
0.0
0.0
0.0
0.0
0.0
0.0
0.0
0.0
0.0
0.0
0.0
0.0
0.0
0.0
0.0
0.0
0.0
0.0
0.0
0.0
0.0
0.0
0.0
0.0
0.0
0.0
0.0
0.0
0.0
0.0
0.0
0.0
0.0
0.0
0.0
0.0
0.0
0.0
0.0
0.0
0.0
0.0
0.0
0.0
0.0
0.0
0.0
0.0
0.0
0.0
0.0
0.0
0.0
0.0
0.0
0.0
0.0
0.0
0.0
0.0
0.0
0.0
0.0
0.0
0.0
0.0
0.0
0.0
0.0
0.0
0.0
0.0
0.0
0.0
0.0
0.0
0.0
0.0
0.0
0.0
0.0
0.0
0.0
0.0
0.0
0.0
0.0
0.0
0.0
0.0
0.0
0.0
0.0
0.0
0.0
0.0
0.0
0.0
0.0
0.0
0.0
0.0
0.0
0.0
0.0
0.0
0.0
0.0
0.0
0.0
0.0
0.0
0.0
0.0
0.0
0.0
0.0
0.0
0.0
0.0
0.0
0.0
0.0
0.0
0.0
0.0
0.0
0.0
0.0
0.0
0.0
0.0
0.0
0.0
0.0
0.0
0.0
0.0
0.0
0.0
0.0
0.0
0.0
0.0
0.0
0.0
0.0
0.0
0.0
0.0
0.0
0.0
0.0
0.0
0.0
0.0
0.0
0.0
0.0
0.0
0.0
0.0
0.0
0.0
3066.0
122880.0
5120.0
143360.0
0.0
0.0
0.0
0.0
0.0
0.0
0.0
0.0
0.0
0.0
0.0
0.0
24.0
131072.0
0.0
0.0
0.0
0.0
0.0
0.0
0.0
0.0
0.0
0.0
