0.0020564317
1.8534556e-05
1.8082494e-05
2.5654539e-05
1.9325666e-05
1.5144089e-05
8.815216e-06
1.7517415e-05
1.5144089e-05
7.798076e-06
2.0907884e-05
1.1414574e-05
3.0175162e-05
1.5257105e-05
1.1640605e-05
2.3733273e-05
1.1979652e-05
8.250137e-06
5.763795e-06
1.1979652e-05
7.459029e-06
1.0171403e-05
5.989826e-06
9.606325e-06
1.2205684e-05
6.780935e-06
5.8768105e-06
9.041247e-06
6.4418887e-06
7.3460133e-06
8.928231e-06
1.37879015e-05
4.656242e-05
1.4918058e-05
1.819551e-05
8.024107e-06
5.0857016e-06
3.6164988e-06
7.119982e-06
9.267278e-06
1.13015585e-05
1.2318699e-05
6.328873e-06
1.2431715e-05
5.5377636e-06
8.363153e-06
1.9777728e-05
1.5709167e-05
1.37879015e-05
7.119982e-06
1.00583875e-05
1.8647572e-05
7.5720445e-06
1.2883777e-05
1.2318699e-05
1.7291384e-05
7.0069664e-06
7.119982e-06
1.5709167e-05
8.250137e-06
1.1188543e-05
8.589184e-06
7.2329976e-06
3.254849e-05
1.8760587e-05
2.10209e-05
1.2431715e-05
3.537388e-05
1.6952337e-05
1.1979652e-05
1.9551697e-05
1.6726306e-05
1.7291384e-05
1.37879015e-05
1.13015585e-05
1.5257105e-05
1.4465995e-05
1.3222823e-05
1.3448855e-05
1.6048214e-05
1.2996792e-05
3.277452e-06
1.2883777e-05
1.3448855e-05
8.589184e-06
6.272365e-05
1.2431715e-05
1.3674886e-05
7.119982e-06
5.3117324e-06
7.2329976e-06
1.2996792e-05
7.2329976e-06
8.928231e-06
5.8768105e-06
8.7022e-06
6.102842e-06
3.7634192e-05
1.4918058e-05
2.3620258e-05
1.9551697e-05
6.0350325e-05
1.435298e-05
1.7178369e-05
1.152759e-05
3.5486893e-05
1.1753621e-05
2.2377086e-05
3.1192303e-05
1.3222823e-05
3.1305317e-05
4.475417e-05
1.819551e-05
1.819551e-05
3.514785e-05
2.8479928e-05
3.232246e-05
1.8082494e-05
1.4126948e-05
1.921265e-05
3.209643e-05
1.7291384e-05
8.815216e-06
1.4579011e-05
1.1414574e-05
7.3460133e-06
1.435298e-05
2.4411367e-05
2.870596e-05
2.328121e-05
1.1866637e-05
1.9890744e-05
1.5031073e-05
1.3900917e-05
1.4805042e-05
4.20418e-05
1.4239964e-05
7.119982e-06
1.0171403e-05
1.0171403e-05
1.1075527e-05
7.911091e-06
2.2038039e-05
1.8308525e-05
0.99445283
6.6679195e-06
6.102842e-06
1.0284419e-05
1.3900917e-05
5.6507793e-06
7.798076e-06
8.250137e-06
8.928231e-06
7.798076e-06
8.363153e-06
7.68506e-06
1.7856462e-05
6.554904e-06
2.2829148e-05
1.00583875e-05
4.5206234e-06
8.137123e-06
8.024107e-06
8.363153e-06
1.7969478e-05
7.119982e-06
5.989826e-06
1.37879015e-05
1.0171403e-05
1.1753621e-05
2.2942164e-05
1.37879015e-05
1.13015585e-05
5.0857016e-06
6.102842e-06
8.928231e-06
7.0069664e-06
5.763795e-06
9.041247e-06
5.8768105e-06
1.5031073e-05
7.2329976e-06
9.493309e-06
1.5709167e-05
7.459029e-06
7.798076e-06
1.4239964e-05
8.024107e-06
2.7575803e-05
7.5720445e-06
2.10209e-05
1.0397434e-05
3.4356737e-05
1.2883777e-05
1.1075527e-05
2.3733273e-05
8.928231e-06
2.0116775e-05
8.137123e-06
1.6048214e-05
1.5822183e-05
8.815216e-06
1.1753621e-05
1.1640605e-05
1.2205684e-05
6.6679195e-06
1.3448855e-05
9.493309e-06
9.267278e-06
9.380294e-06
7.459029e-06
6.328873e-06
9.380294e-06
5.198717e-06
9.606325e-06
8.250137e-06
5.424748e-06
6.4418887e-06
9.493309e-06
6.328873e-06
8.024107e-06
8.250137e-06
2.4185336e-05
7.0069664e-06
1.1640605e-05
6.8939507e-06
7.119982e-06
1.00583875e-05
1.3900917e-05
5.763795e-06
8.589184e-06
1.7291384e-05
1.254473e-05
6.780935e-06
1.1188543e-05
1.0623465e-05
1.6048214e-05
6.4418887e-06
7.798076e-06
1.13015585e-05
1.2657746e-05
4.633639e-06
1.0849496e-05
1.46920265e-05
1.5483136e-05
1.0171403e-05
1.1753621e-05
2.2038039e-05
8.589184e-06
5.989826e-06
2.3959305e-05
1.4239964e-05
1.9438681e-05
5.198717e-06
1.2883777e-05
2.3394226e-05
0.00046301665
0.0
0.0
0.0
0.0
0.0
0.0
0.0
0.0
0.994444
0.0
0.0
0.0
0.0
0.0
0.0
0.00010784128
0.0
3.9564412e-07
4.521647e-07
6.7824703e-07
3.9564412e-07
4.1825233e-06
1.7521382e-06
0.0
0.0
0.0
5.6520587e-08
0.0
0.0
0.0
0.0
0.0
0.0
0.0
0.0
0.0
0.0
0.0
0.0
0.0
0.0
0.0
0.0
0.0
0.0
0.0
0.0
0.00020511322
3.6738381e-06
3.5042765e-06
2.8260294e-07
1.8651795e-06
2.4303854e-06
3.3347146e-06
1.7521382e-06
2.317344e-06
4.521647e-07
1.243453e-06
4.521647e-07
6.217265e-07
7.3476764e-07
9.6085e-07
2.769509e-06
0.00015322732
5.6520587e-08
1.13041175e-07
1.6956176e-07
3.3347146e-06
1.9217e-06
9.156335e-06
5.1433735e-06
0.0
5.787708e-05
5.6520587e-08
2.2608235e-07
1.13041175e-07
5.6520587e-08
5.6520587e-08
0.0
0.0
0.0
0.0
0.0
0.0
0.0
0.0
0.0
0.0
0.0
0.0
0.0
0.0
0.0
0.0
0.0
0.00024343417
1.1304118e-06
1.2038885e-05
5.9346617e-06
1.6277929e-05
8.478089e-06
3.6229696e-05
1.6560532e-05
2.1477824e-06
3.3912352e-07
1.6956176e-07
6.7824703e-07
7.3476764e-07
1.6956176e-07
6.7824703e-07
2.2608235e-06
0.0003678925
4.634688e-06
2.5377743e-05
1.3564942e-05
1.446927e-05
8.817212e-06
7.404197e-05
4.22774e-05
8.930253e-06
1.4130147e-06
1.6956177e-06
2.317344e-06
1.8651795e-06
1.2999735e-06
1.1304118e-06
9.043294e-06
0.0
0.0
0.0
0.0
0.0
0.0
0.0
0.0
0.0
0.0
0.0
0.0
0.0
0.0
0.0
0.0
0.00041802626
8.138964e-06
2.3399523e-05
1.9443083e-05
4.1655672e-05
6.6016044e-05
8.653302e-05
5.5051052e-05
1.9951767e-05
6.895512e-06
7.2911557e-06
1.1304118e-05
1.2321489e-05
7.1781146e-06
8.64765e-06
1.8425711e-05
3.5268848e-05
8.4780885e-07
6.782471e-06
4.069482e-06
6.556388e-06
3.730359e-06
3.1312407e-05
2.204303e-05
4.521647e-07
1.0738912e-06
4.521647e-07
5.652059e-07
2.2608235e-07
5.652059e-07
4.521647e-07
1.3564941e-06
6.2794374e-05
3.0521117e-06
2.3738646e-06
3.5042765e-06
3.8999206e-06
2.599947e-06
3.5042765e-06
3.3347146e-06
5.086853e-06
3.3912354e-06
2.769509e-06
3.7868795e-06
5.199894e-06
2.4303854e-06
3.560797e-06
4.4651265e-06
0.0
0.0
0.0
0.0
0.0
0.0
0.0
0.0
0.0
0.0
0.0
0.0
0.0
0.0
0.0
0.0
0.0
0.0
0.0
0.0
0.0
0.0
0.0
0.0
0.0
0.0
0.0
0.0
0.0
0.0
0.0
0.0
0.0
0.0
0.0
0.0
0.0
0.0
0.0
0.0
0.0
0.0
0.0
0.0
0.0
0.0
0.0
0.0
0.00021489128
0.0001191454
0.0001295452
0.00014983608
0.00017803985
0.00010721956
0.00014435359
0.00016481403
0.0002314518
0.00014282753
0.0001501752
0.00015961414
0.0002037002
0.00012751044
0.00014785786
0.00017560947
314.0
15.748407
4945.0
0.059453994
0.002628918
0.0018200203
0.0
0.00040444895
0.0014155713
0.0016177958
0.0010111224
0.004246714
0.006066734
0.00020222447
0.002628918
0.00040444895
0.0024266937
0.020424671
0.0020222447
0.008088979
0.0032355916
0.0056622853
0.0113245705
0.0018200203
0.003437816
0.005257836
0.0032355916
0.0028311426
0.0014155713
0.0038422649
0.0012133468
0.0014155713
0.0
0.00040444895
0.005055612
0.003033367
0.010313448
0.0040444895
0.009100101
0.0113245705
0.007280081
0.008088979
0.007280081
0.0056622853
0.0038422649
0.003437816
0.002628918
0.004246714
0.006066734
0.0024266937
0.0036400405
0.0082912035
0.0008088979
0.007482305
0.009908999
0.003437816
0.08372093
0.0038422649
0.007280081
0.0018200203
0.0020222447
0.0014155713
0.003033367
0.0036400405
0.00020222447
0.0010111224
0.0016177958
0.0012133468
0.046511628
0.004448938
0.020020222
0.016986856
0.087563194
0.0082912035
0.010717897
0.011122346
0.043276038
0.0014155713
0.0070778565
0.03255814
0.013144591
0.038624875
0.04853387
0.017391304
0.0014155713
0.04206269
0.032153692
0.041051567
0.019615773
0.0070778565
0.00950455
0.020626895
0.004448938
0.0028311426
0.007886754
0.0006066734
0.00040444895
0.0012133468
0.0032355916
5.458825
1.0
0.0
0.0
1.0
8848337.0
57344.0
0.0
0.0
54.0
0.0
1.0
0.0
0.0
0.0
1083884500.0
0.0
0.0
0.0
0.0
0.0
1.0
0.0
0.0
0.0
0.0
0.0
0.0
-1.0
0.0
-1.0
-1.0
0.0
0.0
0.0
0.0
0.0
0.0
0.0
0.0
0.0
0.0
0.0
0.0
-1.0
0.0
0.0
0.0
0.0
0.0
0.0
0.0
0.0
0.0
0.0
0.0
0.0
-1.0
0.0
0.0
0.0
0.0
0.0
0.0
0.0
0.0
0.0
0.0
6.0
0.0
4.0
0.0
4.0
0.0
24576.0
4096.0
4096.0
5.0
0.0
0.0
2.0
2.0
0.0
0.0
0.0
0.0
0.0
0.0
0.0
0.0
0.0
0.0
0.0
0.0
0.0
0.0
4096.0
0.0
0.0
0.0
0.0
0.0
0.0
0.0
0.0
0.0
0.0
0.0
0.0
0.0
0.0
0.0
0.0
0.0
-8192.0
0.0
0.0
0.0
-4096.0
0.0
0.0
0.0
0.0
-24576.0
0.0
4096.0
0.0
0.0
0.0
0.0
0.0
0.0
0.0
0.0
0.0
0.0
0.0
0.0
0.0
0.0
0.0
0.0
0.0
0.0
0.0
0.0
5.297788
0.0
0.0
0.0
0.0
0.0
0.0
0.0
0.0
0.0
0.0
0.0
0.0
0.0
0.0
0.0
0.0
0.0
-3.429211
0.0
0.0
0.0
-5.415727
0.0
0.0
0.0
0.0
-7.8354425
0.0
3.7997313
0.0
0.0
0.0
0.0
0.0
0.0
0.0
0.0
0.0
0.0
0.0
0.0
0.0
0.0
0.0
0.0
0.0
0.0
0.0
0.0
2476.0
0.0
0.0
0.0
0.0
0.0
0.0
0.0
0.0
0.0
0.0
0.0
0.0
0.0
0.0
0.0
0.0
0.0
-13432.0
0.0
0.0
0.0
-1024.0
0.0
0.0
0.0
0.0
-23376.0
0.0
2392.0
0.0
0.0
0.0
0.0
0.0
0.0
0.0
0.0
0.0
-1.0
0.0
0.0
0.0
0.0
0.0
1.0
0.0
0.0
0.0
0.0
0.0
0.0
0.0
0.0
0.0
0.0
0.0
0.0
0.0
0.0
0.0
0.0
0.0
0.0
0.0
0.0
0.0
0.0
0.0
0.0
0.0
0.0
0.0
0.0
0.0
-2.0
0.0
0.0
0.0
1.0
0.0
0.0
0.0
0.0
0.0
0.0
0.0
0.0
0.0
0.0
0.0
0.0
0.0
0.0
0.0
0.0
0.0
0.0
0.0
-1.0
0.0
0.0
0.0
0.0
0.0
0.0
0.0
0.0
0.0
1.0
0.0
0.0
0.0
0.0
0.0
0.0
0.0
0.0
0.0
0.0
0.0
0.0
0.0
1.0
0.0
0.0
0.0
0.0
0.0
0.0
0.0
0.0
0.0
0.0
0.0
0.0
0.0
0.0
0.0
0.0
0.0
0.0
0.0
0.0
0.0
0.0
0.0
0.0
0.0
0.0
0.0
0.0
0.0
0.0
0.0
0.0
0.0
0.0
0.0
0.0
0.0
0.0
0.0
0.0
0.0
0.0
-1.0
0.0
0.0
0.0
0.0
0.0
0.0
0.0
0.0
0.0
0.0
0.0
0.0
0.0
0.0
0.0
0.0
0.0
0.0
0.0
0.0
0.0
0.0
0.0
0.0
0.0
0.0
0.0
0.0
0.0
0.0
0.0
0.0
0.0
0.0
0.0
0.0
0.0
0.0
0.0
0.0
0.0
0.0
0.0
0.0
0.0
0.0
0.0
0.0
0.0
0.0
0.0
0.0
0.0
0.0
0.0
0.0
0.0
0.0
0.0
0.0
0.0
0.0
0.0
0.0
0.0
0.0
0.0
0.0
0.0
-1.0
0.0
0.0
0.0
0.0
0.0
0.0
0.0
0.0
0.0
0.0
0.0
0.0
0.0
0.0
0.0
0.0
1.0
0.0
0.0
0.0
0.0
0.0
0.0
0.0
0.0
0.0
0.0
0.0
0.0
0.0
0.0
0.0
0.0
0.0
0.0
0.0
0.0
0.0
0.0
0.0
0.0
0.0
0.0
0.0
0.0
0.0
0.0
0.0
0.0
0.0
0.0
0.0
0.0
0.0
0.0
0.0
0.0
0.0
0.0
0.0
0.0
0.0
0.0
0.0
0.0
0.0
0.0
0.0
0.0
0.0
0.0
0.0
0.0
0.0
0.0
0.0
0.0
0.0
0.0
0.0
0.0
0.0
0.0
0.0
0.0
0.0
0.0
0.0
0.0
0.0
0.0
0.0
0.0
0.0
0.0
0.0
0.0
0.0
0.0
0.0
0.0
0.0
0.0
0.0
0.0
0.0
0.0
0.0
0.0
0.0
0.0
0.0
0.0
0.0
0.0
0.0
0.0
0.0
0.0
0.0
0.0
0.0
0.0
0.0
0.0
0.0
0.0
0.0
0.0
0.0
0.0
0.0
0.0
0.0
0.0
0.0
0.0
0.0
0.0
0.0
0.0
0.0
0.0
0.0
0.0
0.0
0.0
0.0
0.0
0.0
0.0
0.0
0.0
0.0
0.0
0.0
0.0
0.0
0.0
0.0
0.0
0.0
0.0
0.0
0.0
0.0
0.0
0.0
0.0
0.0
0.0
0.0
0.0
0.0
0.0
0.0
0.0
0.0
0.0
0.0
0.0
0.0
0.0
0.0
0.0
0.0
0.0
0.0
0.0
0.0
0.0
0.0
0.0
0.0
0.0
0.0
0.0
0.0
0.0
0.0
0.0
0.0
-1.0
0.0
0.0
0.0
0.0
0.0
0.0
0.0
0.0
0.0
0.0
0.0
0.0
0.0
0.0
0.0
0.0
0.0
0.0
0.0
0.0
0.0
0.0
0.0
0.0
0.0
0.0
0.0
0.0
0.0
0.0
0.0
0.0
0.0
0.0
0.0
0.0
1.0
0.0
0.0
0.0
0.0
0.0
0.0
0.0
0.0
0.0
0.0
0.0
0.0
0.0
0.0
0.0
0.0
0.0
0.0
0.0
0.0
0.0
1.0
0.0
0.0
0.0
0.0
1.0
0.0
0.0
0.0
0.0
0.0
0.0
0.0
0.0
0.0
0.0
0.0
0.0
0.0
0.0
0.0
0.0
1.0
0.0
0.0
0.0
0.0
0.0
0.0
0.0
0.0
0.0
0.0
0.0
0.0
0.0
0.0
0.0
0.0
0.0
0.0
0.0
0.0
0.0
0.0
0.0
0.0
0.0
0.0
0.0
0.0
0.0
0.0
0.0
0.0
0.0
0.0
0.0
0.0
0.0
0.0
0.0
0.0
0.0
0.0
0.0
0.0
-1.0
0.0
0.0
0.0
0.0
0.0
0.0
0.0
0.0
0.0
0.0
0.0
0.0
0.0
0.0
0.0
0.0
0.0
0.0
0.0
0.0
0.0
0.0
0.0
0.0
0.0
0.0
0.0
0.0
0.0
0.0
0.0
0.0
0.0
0.0
0.0
0.0
0.0
0.0
0.0
0.0
0.0
0.0
0.0
0.0
0.0
0.0
0.0
-1.0
0.0
0.0
0.0
0.0
0.0
0.0
0.0
0.0
0.0
0.0
0.0
0.0
0.0
0.0
0.0
0.0
0.0
0.0
0.0
0.0
0.0
0.0
0.0
0.0
0.0
0.0
0.0
0.0
0.0
0.0
1.0
0.0
0.0
0.0
0.0
0.0
0.0
0.0
0.0
0.0
0.0
0.0
0.0
0.0
0.0
0.0
0.0
0.0
0.0
0.0
0.0
0.0
0.0
0.0
0.0
0.0
0.0
0.0
-1.0
0.0
0.0
0.0
0.0
0.0
0.0
0.0
0.0
0.0
0.0
0.0
0.0
0.0
0.0
0.0
0.0
0.0
0.0
0.0
0.0
0.0
0.0
0.0
0.0
0.0
0.0
0.0
0.0
0.0
0.0
0.0
0.0
0.0
0.0
0.0
0.0
0.0
0.0
0.0
0.0
0.0
0.0
-1.0
0.0
0.0
1.0
0.0
0.0
0.0
0.0
0.0
0.0
0.0
0.0
0.0
0.0
0.0
0.0
0.0
0.0
0.0
0.0
0.0
0.0
0.0
0.0
0.0
0.0
0.0
0.0
0.0
0.0
0.0
0.0
0.0
0.0
0.0
0.0
0.0
0.0
0.0
0.0
0.0
0.0
0.0
0.0
0.0
0.0
0.0
-1.0
0.0
0.0
0.0
-1.0
0.0
0.0
0.0
0.0
0.0
0.0
0.0
0.0
0.0
0.0
0.0
0.0
0.0
0.0
0.0
0.0
0.0
0.0
0.0
0.0
0.0
0.0
0.0
0.0
0.0
0.0
0.0
0.0
0.0
0.0
0.0
0.0
0.0
0.0
1.0
0.0
0.0
0.0
0.0
0.0
0.0
0.0
0.0
0.0
0.0
-1.0
0.0
0.0
0.0
0.0
0.0
0.0
0.0
0.0
0.0
0.0
0.0
0.0
0.0
0.0
0.0
0.0
0.0
0.0
0.0
0.0
0.0
0.0
0.0
0.0
0.0
0.0
0.0
0.0
0.0
0.0
1.0
0.0
0.0
0.0
0.0
0.0
0.0
0.0
0.0
0.0
0.0
0.0
0.0
0.0
0.0
0.0
0.0
0.0
0.0
0.0
0.0
0.0
0.0
0.0
0.0
0.0
0.0
0.0
0.0
0.0
0.0
0.0
0.0
0.0
0.0
0.0
0.0
0.0
0.0
-1.0
0.0
0.0
0.0
0.0
0.0
0.0
0.0
0.0
0.0
0.0
0.0
0.0
0.0
0.0
0.0
0.0
0.0
0.0
-1.0
0.0
0.0
0.0
0.0
0.0
0.0
0.0
0.0
0.0
0.0
0.0
0.0
0.0
0.0
0.0
0.0
0.0
0.0
0.0
0.0
0.0
0.0
0.0
0.0
0.0
0.0
0.0
0.0
0.0
0.0
0.0
0.0
0.0
0.0
0.0
0.0
0.0
0.0
0.0
0.0
0.0
0.0
0.0
0.0
0.0
0.0
0.0
0.0
0.0
0.0
0.0
0.0
0.0
0.0
0.0
0.0
0.0
0.0
0.0
0.0
0.0
0.0
0.0
0.0
0.0
0.0
0.0
0.0
1.0
0.0
0.0
-2.0
0.0
0.0
0.0
0.0
0.0
0.0
0.0
0.0
0.0
0.0
0.0
0.0
0.0
0.0
1.0
0.0
0.0
0.0
-1.0
0.0
0.0
0.0
0.0
0.0
0.0
0.0
0.0
0.0
0.0
0.0
-1.0
0.0
0.0
0.0
0.0
0.0
0.0
1.0
0.0
0.0
0.0
0.0
0.0
0.0
0.0
0.0
0.0
0.0
0.0
0.0
0.0
0.0
0.0
0.0
0.0
1.0
0.0
1.0
0.0
0.0
0.0
0.0
0.0
1.0
0.0
0.0
0.0
0.0
0.0
0.0
0.0
0.0
-1.0
0.0
0.0
0.0
0.0
0.0
0.0
0.0
0.0
0.0
0.0
0.0
0.0
0.0
0.0
1.0
0.0
0.0
0.0
0.0
0.0
0.0
0.0
0.0
0.0
0.0
0.0
0.0
0.0
0.0
0.0
0.0
0.0
0.0
0.0
0.0
0.0
0.0
0.0
0.0
0.0
0.0
0.0
0.0
0.0
0.0
0.0
0.0
0.0
0.0
0.0
0.0
0.0
0.0
0.0
0.0
0.0
0.0
0.0
0.0
0.0
0.0
0.0
0.0
-1.0
0.0
0.0
0.0
0.0
0.0
0.0
0.0
0.0
0.0
0.0
0.0
0.0
0.0
0.0
0.0
0.0
0.0
0.0
0.0
0.0
0.0
0.0
0.0
1.0
0.0
0.0
0.0
0.0
0.0
0.0
1.0
0.0
0.0
0.0
0.0
0.0
0.0
0.0
0.0
0.0
0.0
0.0
0.0
0.0
0.0
0.0
0.0
0.0
0.0
0.0
0.0
0.0
0.0
0.0
0.0
1.0
0.0
0.0
0.0
0.0
0.0
0.0
0.0
0.0
0.0
0.0
-1.0
0.0
0.0
0.0
0.0
0.0
0.0
0.0
0.0
0.0
-1.0
0.0
0.0
0.0
0.0
0.0
0.0
0.0
0.0
0.0
0.0
0.0
0.0
0.0
0.0
1.0
0.0
0.0
0.0
0.0
0.0
0.0
0.0
0.0
0.0
0.0
0.0
0.0
0.0
0.0
0.0
0.0
0.0
0.0
-1.0
1.0
0.0
0.0
0.0
0.0
0.0
0.0
0.0
0.0
0.0
0.0
0.0
0.0
0.0
0.0
0.0
0.0
0.0
1.0
0.0
0.0
0.0
-1.0
0.0
0.0
0.0
0.0
0.0
0.0
0.0
0.0
1.0
0.0
0.0
0.0
0.0
0.0
0.0
0.0
0.0
0.0
0.0
0.0
0.0
0.0
0.0
0.0
0.0
0.0
0.0
0.0
0.0
0.0
0.0
0.0
0.0
-1.0
0.0
0.0
0.0
0.0
0.0
0.0
0.0
0.0
0.0
0.0
0.0
0.0
0.0
0.0
0.0
0.0
0.0
0.0
0.0
0.0
0.0
0.0
-1.0
0.0
0.0
0.0
0.0
0.0
0.0
0.0
0.0
0.0
0.0
0.0
0.0
0.0
0.0
0.0
0.0
0.0
0.0
0.0
0.0
0.0
0.0
0.0
-1.0
0.0
0.0
0.0
0.0
0.0
0.0
0.0
0.0
0.0
0.0
0.0
0.0
0.0
0.0
0.0
0.0
0.0
0.0
0.0
0.0
0.0
0.0
0.0
0.0
0.0
-1.0
-1.0
0.0
0.0
0.0
0.0
0.0
0.0
0.0
0.0
0.0
0.0
0.0
0.0
0.0
0.0
0.0
0.0
0.0
0.0
0.0
0.0
0.0
0.0
0.0
0.0
-1.0
0.0
0.0
0.0
0.0
0.0
0.0
0.0
0.0
0.0
0.0
0.0
0.0
0.0
0.0
0.0
0.0
0.0
0.0
0.0
0.0
0.0
0.0
0.0
0.0
0.0
0.0
0.0
0.0
0.0
0.0
0.0
0.0
0.0
0.0
0.0
0.0
0.0
0.0
0.0
0.0
0.0
0.0
0.0
0.0
0.0
0.0
0.0
0.0
0.0
0.0
0.0
0.0
0.0
0.0
0.0
0.0
0.0
0.0
0.0
0.0
0.0
0.0
0.0
0.0
0.0
0.0
0.0
0.0
0.0
0.0
0.0
0.0
0.0
0.0
0.0
0.0
0.0
0.0
0.0
0.0
0.0
0.0
0.0
0.0
0.0
0.0
0.0
0.0
0.0
0.0
0.0
0.0
0.0
0.0
0.0
0.0
0.0
0.0
0.0
0.0
0.0
0.0
0.0
0.0
0.0
0.0
0.0
0.0
0.0
0.0
0.0
0.0
0.0
0.0
0.0
0.0
0.0
0.0
0.0
0.0
0.0
0.0
0.0
0.0
0.0
0.0
0.0
0.0
0.0
0.0
0.0
0.0
0.0
0.0
0.0
0.0
0.0
0.0
0.0
0.0
0.0
0.0
0.0
0.0
0.0
0.0
0.0
0.0
0.0
0.0
0.0
0.0
0.0
0.0
0.0
0.0
0.0
0.0
0.0
0.0
0.0
0.0
0.0
0.0
0.0
0.0
0.0
0.0
80.0
29892.0
2392.0
49152.0
0.0
0.0
0.0
0.0
0.0
0.0
0.0
0.0
0.0
0.0
0.0
0.0
0.0
0.0
0.0
0.0
0.0
0.0
228.0
28672.0
0.0
0.0
0.0
0.0
