0.19824195
0.0071815536
0.005723192
0.005723192
0.0061491737
0.005287187
0.0066703754
0.005372383
0.006595202
0.0042097033
0.0045655235
0.004189657
0.0063195666
0.004249796
0.0048461705
0.005141852
0.005988804
0.0040593566
0.003598294
0.003914022
0.0045354543
0.0038137909
0.0036484096
0.004124507
0.0049464013
0.0040142527
0.0033577397
0.0036333748
0.0042197267
0.00326252
0.0031973699
0.0037285944
0.006249405
0.004169611
0.0029518039
0.0031472545
0.0046757776
0.0033827974
0.0033427048
0.0035832594
0.0036834904
0.0031121736
0.0021950596
0.00355319
0.003989195
0.0031021505
0.0034329128
0.003397832
0.004685801
0.0028265151
0.0031873467
0.0029016885
0.0039290567
0.0028565845
0.0030019195
0.0031572776
0.003868918
0.0026009954
0.0024857295
0.0038137909
0.003623352
0.002525822
0.0023955216
0.0028415497
0.005081713
0.0041996804
0.0039090104
0.004841159
0.004169611
0.003352728
0.0035932825
0.0036584327
0.004375085
0.0031272082
0.0028465614
0.0030670697
0.0035181092
0.0033827974
0.002961827
0.003162289
0.0048261243
0.0023955216
0.0027513418
0.0035882709
0.003823814
0.0029016885
0.003152266
0.0031823353
0.005131829
0.0025358452
0.0025458683
0.0026210416
0.0030370003
0.0023504177
0.0023654525
0.0028966768
0.0040292875
0.0036634442
0.0026460993
0.0028565845
0.004269842
0.0029067
0.0034830284
0.0028315266
0.003833837
0.0033477165
0.0026561224
0.0023504177
0.0037085481
0.0027763995
0.0027563535
0.003162289
0.0041946685
0.0023604408
0.003006931
0.0026060068
0.0049564247
0.0046106274
0.0028215037
0.0029217347
0.0034178782
0.0028666076
0.0015986849
0.0022201173
0.0029969078
0.0021750133
0.0024556604
0.0028215037
0.0055477875
0.003788733
0.0028515728
0.004816101
0.0040142527
0.0037185713
0.0030971388
0.0030219657
0.003798756
0.004329981
0.0029868847
0.0047208816
0.0030420118
0.0035882709
0.0021700019
0.0024757064
0.005532753
0.0023854985
0.0025909722
0.0021599787
0.0026611339
0.0019996092
0.0022952906
0.0024606718
0.002861596
0.0020096323
0.0021850364
0.0020948285
0.0021649904
0.0016036965
0.0018191932
0.0019996092
0.0029317576
0.0031422428
0.0016287543
0.0020647594
0.002771388
0.0020747823
0.002280256
0.002280256
0.002370464
0.0019745512
0.0015235117
0.0016838814
0.0025208106
0.0021449442
0.0016838814
0.0022151058
0.0040092412
0.0023504177
0.0017791009
0.0020497246
0.0027914343
0.0022201173
0.0024556604
0.0028064689
0.0035582017
0.0020447131
0.0021148748
0.0021198862
0.002761365
0.001789124
0.0019845744
0.0023854985
0.004986494
0.0033577397
0.0032374624
0.0035932825
0.0032675317
0.0020146437
0.0033176471
0.0032875778
0.004159588
0.0028064689
0.0014784078
0.0023854985
0.0024105564
0.0019745512
0.0018191932
0.002270233
0.0033376934
0.0018943665
0.002716261
0.002580949
0.0025759374
0.0016738583
0.0025308335
0.0027012264
0.0036183402
0.0021850364
0.002124898
0.0025358452
0.0025859606
0.0018292164
0.0021850364
0.00261603
0.0040593566
0.0024105564
0.0018693088
0.0019945975
0.0038739294
0.0015886619
0.0014232807
0.0019194243
0.002961827
0.0020096323
0.0015936734
0.004530443
0.003162289
0.0021198862
0.0016137196
0.0026460993
0.0043349923
0.0020547363
0.0024055447
0.0018292164
0.0028816422
0.0014834193
0.0022852675
0.0025609029
0.0039691487
0.0017490315
0.0015686157
0.0021299093
0.0028816422
0.0018041586
0.0020647594
0.005016563
0.17076182
4.5539186e-05
2.5299547e-05
5.059909e-06
2.0239637e-05
3.0359455e-05
1.5179728e-05
4.0479274e-05
0.0
1.5179728e-05
0.0
0.0
1.0119818e-05
1.0119818e-05
0.0
5.059909e-06
0.0
0.0
0.0
0.0
0.0
0.0
0.0
0.0
0.0
0.0
0.0
0.0
0.0
0.0
0.0
0.0
0.0
0.0
0.0
0.0
0.0
0.0
0.0
0.0
0.0
0.0
0.0
0.0
0.0
0.0
0.0
0.0
0.0
0.0
0.0
0.0
0.0
0.0
0.0
0.0
0.0
0.0
0.0
0.0
0.0
0.0
0.0
0.0
0.0
0.0
0.0
0.0
0.0
0.0
0.0
0.0
0.0
0.0
0.0
0.0
0.0
0.0
0.0
0.0
0.0036355448
0.0
7.589864e-06
0.00012143782
0.00011890787
0.0007134472
0.00039467294
0.0001897466
0.0
0.0
0.0
0.0
0.0
0.0
0.0
0.0
0.003850591
4.5539186e-05
0.00012649773
7.336868e-05
0.00010119819
0.0001619171
0.00010878805
7.589864e-05
0.00034407384
4.0479274e-05
2.0239637e-05
2.0239637e-05
3.0359455e-05
8.601846e-05
2.0239637e-05
7.589864e-05
0.0
0.0
0.0
0.0
0.0
0.0
0.0
0.0
0.0
0.0
0.0
0.0
0.0
0.0
0.0
0.0
0.0
0.0
0.0
0.0
0.0
0.0
0.0
0.0
0.0
0.0
0.0
0.0
0.0
0.0
0.0
0.0
0.0028765583
2.7829501e-05
6.577882e-05
0.00015938714
0.00020998623
0.00078428595
0.00048069138
0.0002454056
0.00015179729
1.7709683e-05
1.2649773e-05
1.5179728e-05
1.5179728e-05
7.8428595e-05
1.0119818e-05
3.0359455e-05
0.0027728304
0.00020745628
0.00017709682
0.00010625809
0.0001619171
0.00020998623
0.00013914751
0.00016697701
0.00040479275
0.00011890787
6.071891e-05
7.083873e-05
0.00014420741
0.000111318004
0.00013914751
0.0001897466
0.0026058534
0.00019733647
0.00018721665
0.00014926732
0.0001846867
0.0001948065
0.00027070515
0.00023781574
0.00025299547
0.00012143782
5.5659002e-05
0.00010119819
0.00017456687
0.0001340876
0.00010878805
0.00020492633
0.0
0.0
0.0
0.0
0.0
0.0
0.0
0.0
0.0
0.0
0.0
0.0
0.0
0.0
0.0
0.0
0.0
0.0
0.0
0.0
0.0
0.0
0.0
0.0
0.0
0.0
0.0
0.0
0.0
0.0
0.0
0.0
0.0
0.0
0.0
0.0
0.0
0.0
0.0
0.0
0.0
0.0
0.0
0.0
0.0
0.0
0.0
0.0
0.0873821
0.06409387
0.057900544
0.050545964
0.05899348
0.048448633
0.050315738
0.04749231
0.05736672
0.038880344
0.035480086
0.039378744
0.04642214
0.03963933
0.039867025
0.040901776
1179.0
6.4452925
7599.0
0.017370706
0.010001316
0.008290565
0.006974602
0.012633241
0.0077641797
0.010132913
0.008948546
0.009474931
0.007500987
0.005658639
0.009080142
0.012501645
0.007106198
0.00881695
0.00986972
0.0119752595
0.006974602
0.009738123
0.007895776
0.0073693907
0.008290565
0.006974602
0.009080142
0.00986972
0.0077641797
0.006579813
0.010659297
0.010527701
0.007895776
0.006843006
0.0057902355
0.013686012
0.011843664
0.010659297
0.016054744
0.012106856
0.011185682
0.011185682
0.01092249
0.012501645
0.010527701
0.0077641797
0.008685353
0.0119752595
0.010132913
0.010659297
0.011317278
0.015265167
0.0064482167
0.010527701
0.015001974
0.01513357
0.008685353
0.008027372
0.00986972
0.0422424
0.0073693907
0.008290565
0.005921832
0.009080142
0.006053428
0.005921832
0.007895776
0.00986972
0.019213054
0.0093433345
0.011580471
0.0146071855
0.016449533
0.011843664
0.01092249
0.012501645
0.013949204
0.0072377943
0.008027372
0.01658113
0.011185682
0.013422819
0.01513357
0.014475589
0.0047374656
0.013291223
0.011448875
0.020529017
0.016317936
0.009738123
0.008685353
0.009738123
0.008948546
0.0042110803
0.0052638506
0.0057902355
0.0047374656
0.0048690615
0.006053428
6.4697003
1.0
0.0
0.0
3.0
199539.0
450560.0
0.0
0.0
8.0
0.0
1.0
0.0
1.0
0.0
708992500.0
0.0
0.0
0.0
0.0
0.0
1.0
0.0
0.0
0.0
0.0
0.0
0.0
-1.0
1.0
-1.0
-1.0
0.0
1.0
0.0
0.0
0.0
0.0
0.0
0.0
0.0
0.0
0.0
0.0
-1.0
0.0
0.0
0.0
0.0
0.0
0.0
0.0
0.0
0.0
0.0
0.0
0.0
-1.0
0.0
0.0
0.0
0.0
0.0
0.0
0.0
0.0
0.0
0.0
2.0
25.0
1.0
0.0
4.0
0.0
159744.0
4096.0
4096.0
3.0
1.0
0.0
2.0
3.0
0.0
0.0
0.0
0.0
0.0
0.0
0.0
0.0
0.0
0.0
0.0
0.0
0.0
0.0
0.0
0.0
0.0
0.0
0.0
0.0
0.0
0.0
0.0
0.0
0.0
0.0
0.0
0.0
-159744.0
0.0
0.0
0.0
0.0
0.0
0.0
0.0
0.0
0.0
0.0
0.0
0.0
0.0
0.0
2560.0
0.0
0.0
0.0
0.0
0.0
0.0
0.0
0.0
0.0
0.0
0.0
0.0
0.0
0.0
0.0
0.0
0.0
0.0
0.0
0.0
0.0
0.0
0.0
0.0
0.0
0.0
0.0
0.0
0.0
0.0
0.0
0.0
0.0
0.0
-7.9164295
0.0
0.0
0.0
0.0
0.0
0.0
0.0
0.0
0.0
0.0
0.0
0.0
0.0
0.0
2.9535558
0.0
0.0
0.0
0.0
0.0
0.0
0.0
0.0
0.0
0.0
0.0
0.0
0.0
0.0
0.0
0.0
0.0
0.0
0.0
0.0
0.0
0.0
0.0
0.0
0.0
0.0
0.0
0.0
0.0
0.0
0.0
0.0
0.0
0.0
-159744.0
0.0
0.0
0.0
0.0
0.0
282624.0
0.0
0.0
0.0
0.0
0.0
0.0
0.0
0.0
4096.0
0.0
0.0
0.0
0.0
0.0
0.0
0.0
0.0
0.0
0.0
0.0
0.0
0.0
0.0
0.0
0.0
0.0
0.0
1.0
0.0
0.0
0.0
0.0
0.0
0.0
0.0
-1.0
0.0
0.0
0.0
0.0
0.0
0.0
0.0
0.0
0.0
0.0
-1.0
0.0
0.0
0.0
0.0
0.0
0.0
0.0
-1.0
0.0
0.0
0.0
0.0
0.0
0.0
0.0
0.0
0.0
0.0
0.0
0.0
0.0
0.0
0.0
0.0
0.0
0.0
0.0
0.0
0.0
0.0
0.0
-1.0
0.0
0.0
0.0
0.0
0.0
0.0
0.0
0.0
0.0
1.0
0.0
0.0
0.0
0.0
0.0
0.0
0.0
0.0
0.0
0.0
0.0
0.0
0.0
1.0
0.0
0.0
0.0
0.0
0.0
0.0
0.0
0.0
0.0
-1.0
0.0
0.0
0.0
0.0
0.0
0.0
0.0
0.0
0.0
0.0
0.0
0.0
0.0
0.0
0.0
0.0
0.0
0.0
0.0
0.0
0.0
0.0
0.0
0.0
0.0
0.0
0.0
-1.0
0.0
0.0
0.0
0.0
-1.0
0.0
0.0
0.0
0.0
0.0
0.0
0.0
0.0
0.0
0.0
0.0
0.0
0.0
0.0
0.0
0.0
0.0
0.0
0.0
0.0
0.0
0.0
-1.0
0.0
0.0
0.0
0.0
0.0
0.0
0.0
0.0
0.0
0.0
0.0
0.0
0.0
0.0
0.0
0.0
0.0
0.0
0.0
0.0
0.0
0.0
0.0
0.0
0.0
0.0
0.0
0.0
0.0
0.0
0.0
0.0
0.0
0.0
0.0
0.0
0.0
0.0
0.0
0.0
0.0
0.0
0.0
0.0
0.0
0.0
-1.0
0.0
0.0
0.0
0.0
0.0
0.0
0.0
0.0
0.0
0.0
0.0
0.0
0.0
0.0
0.0
0.0
1.0
0.0
0.0
0.0
0.0
0.0
0.0
0.0
0.0
0.0
0.0
0.0
0.0
0.0
0.0
0.0
0.0
0.0
0.0
0.0
0.0
0.0
0.0
0.0
0.0
0.0
0.0
0.0
0.0
0.0
0.0
0.0
0.0
0.0
0.0
0.0
0.0
0.0
0.0
0.0
0.0
0.0
0.0
0.0
0.0
0.0
0.0
0.0
0.0
0.0
0.0
0.0
0.0
0.0
0.0
0.0
0.0
0.0
0.0
0.0
0.0
0.0
0.0
0.0
0.0
0.0
0.0
0.0
0.0
0.0
0.0
0.0
0.0
0.0
0.0
0.0
0.0
0.0
0.0
0.0
0.0
0.0
0.0
0.0
0.0
0.0
0.0
0.0
0.0
0.0
0.0
0.0
0.0
0.0
0.0
0.0
0.0
0.0
0.0
0.0
0.0
0.0
0.0
0.0
0.0
0.0
0.0
0.0
0.0
0.0
0.0
0.0
0.0
0.0
0.0
0.0
0.0
0.0
0.0
0.0
0.0
0.0
0.0
1.0
0.0
0.0
0.0
0.0
0.0
0.0
0.0
0.0
0.0
0.0
0.0
0.0
0.0
0.0
0.0
0.0
0.0
0.0
0.0
0.0
0.0
0.0
0.0
0.0
0.0
0.0
0.0
0.0
0.0
0.0
0.0
0.0
0.0
0.0
0.0
0.0
0.0
0.0
0.0
0.0
0.0
0.0
0.0
0.0
0.0
0.0
0.0
0.0
0.0
0.0
0.0
0.0
0.0
0.0
0.0
0.0
0.0
0.0
0.0
0.0
0.0
0.0
0.0
0.0
0.0
0.0
0.0
0.0
0.0
0.0
0.0
0.0
0.0
0.0
0.0
0.0
0.0
0.0
0.0
0.0
0.0
0.0
0.0
0.0
0.0
0.0
0.0
0.0
0.0
0.0
0.0
0.0
0.0
0.0
0.0
0.0
0.0
0.0
0.0
0.0
0.0
0.0
0.0
0.0
0.0
0.0
0.0
0.0
0.0
0.0
0.0
0.0
0.0
0.0
0.0
0.0
0.0
0.0
0.0
0.0
0.0
0.0
0.0
0.0
0.0
0.0
0.0
0.0
0.0
0.0
0.0
0.0
0.0
0.0
0.0
0.0
0.0
0.0
0.0
0.0
0.0
0.0
0.0
0.0
0.0
0.0
0.0
0.0
0.0
0.0
0.0
0.0
0.0
0.0
0.0
0.0
0.0
0.0
0.0
0.0
0.0
0.0
0.0
0.0
0.0
0.0
0.0
0.0
0.0
0.0
0.0
0.0
1.0
0.0
0.0
0.0
0.0
0.0
0.0
0.0
0.0
0.0
0.0
0.0
0.0
0.0
0.0
0.0
0.0
0.0
0.0
0.0
0.0
0.0
0.0
0.0
0.0
0.0
0.0
0.0
1.0
0.0
0.0
0.0
0.0
0.0
0.0
0.0
0.0
0.0
0.0
0.0
0.0
0.0
0.0
0.0
0.0
0.0
0.0
0.0
0.0
0.0
0.0
0.0
0.0
0.0
0.0
0.0
0.0
0.0
0.0
0.0
0.0
0.0
0.0
0.0
0.0
0.0
0.0
0.0
0.0
0.0
0.0
0.0
0.0
0.0
0.0
0.0
0.0
0.0
0.0
0.0
0.0
0.0
0.0
0.0
0.0
0.0
0.0
0.0
0.0
0.0
0.0
0.0
0.0
0.0
0.0
0.0
0.0
0.0
0.0
0.0
0.0
0.0
0.0
0.0
0.0
0.0
0.0
0.0
0.0
0.0
0.0
0.0
0.0
0.0
0.0
0.0
0.0
0.0
0.0
0.0
0.0
0.0
0.0
0.0
0.0
0.0
0.0
0.0
0.0
0.0
0.0
0.0
0.0
0.0
0.0
0.0
0.0
0.0
0.0
0.0
0.0
0.0
0.0
0.0
0.0
0.0
0.0
0.0
-1.0
0.0
0.0
0.0
0.0
0.0
0.0
0.0
0.0
0.0
0.0
0.0
0.0
0.0
0.0
0.0
0.0
0.0
0.0
0.0
0.0
0.0
0.0
0.0
0.0
0.0
0.0
0.0
0.0
0.0
0.0
0.0
0.0
0.0
0.0
0.0
0.0
0.0
0.0
0.0
0.0
0.0
0.0
0.0
0.0
0.0
0.0
0.0
0.0
0.0
0.0
0.0
0.0
0.0
0.0
0.0
0.0
0.0
0.0
0.0
0.0
0.0
0.0
0.0
0.0
0.0
0.0
0.0
0.0
0.0
0.0
0.0
0.0
0.0
0.0
0.0
0.0
0.0
0.0
0.0
0.0
0.0
0.0
0.0
0.0
0.0
0.0
0.0
0.0
0.0
0.0
0.0
0.0
0.0
0.0
0.0
0.0
0.0
0.0
0.0
0.0
0.0
0.0
0.0
0.0
0.0
0.0
0.0
0.0
0.0
0.0
0.0
0.0
0.0
0.0
0.0
0.0
0.0
0.0
0.0
0.0
0.0
0.0
0.0
0.0
0.0
0.0
-1.0
0.0
0.0
0.0
0.0
0.0
0.0
0.0
0.0
0.0
0.0
0.0
0.0
0.0
0.0
0.0
0.0
0.0
0.0
0.0
0.0
0.0
0.0
0.0
0.0
0.0
0.0
0.0
0.0
0.0
0.0
0.0
0.0
0.0
0.0
0.0
0.0
0.0
0.0
0.0
0.0
0.0
0.0
0.0
0.0
0.0
0.0
0.0
0.0
0.0
0.0
0.0
0.0
0.0
0.0
0.0
0.0
0.0
0.0
0.0
0.0
0.0
0.0
0.0
0.0
0.0
0.0
0.0
0.0
0.0
0.0
0.0
0.0
0.0
0.0
0.0
0.0
0.0
0.0
0.0
0.0
0.0
0.0
0.0
0.0
0.0
0.0
0.0
0.0
0.0
0.0
0.0
0.0
0.0
0.0
0.0
0.0
0.0
0.0
0.0
0.0
0.0
0.0
0.0
0.0
0.0
0.0
0.0
0.0
0.0
0.0
0.0
0.0
0.0
0.0
0.0
0.0
0.0
0.0
0.0
0.0
0.0
0.0
0.0
0.0
0.0
0.0
0.0
0.0
0.0
0.0
0.0
0.0
0.0
0.0
0.0
0.0
0.0
0.0
0.0
0.0
0.0
-1.0
0.0
0.0
0.0
0.0
0.0
0.0
0.0
0.0
0.0
0.0
0.0
0.0
0.0
0.0
0.0
0.0
0.0
0.0
0.0
0.0
0.0
0.0
0.0
0.0
0.0
0.0
0.0
0.0
0.0
0.0
0.0
0.0
0.0
0.0
0.0
0.0
0.0
0.0
0.0
0.0
0.0
0.0
0.0
0.0
0.0
0.0
0.0
0.0
0.0
0.0
0.0
0.0
0.0
0.0
0.0
0.0
0.0
0.0
0.0
0.0
0.0
0.0
0.0
0.0
0.0
0.0
0.0
0.0
0.0
0.0
0.0
0.0
0.0
0.0
0.0
0.0
0.0
0.0
0.0
0.0
0.0
0.0
0.0
0.0
0.0
0.0
0.0
0.0
0.0
0.0
0.0
0.0
0.0
0.0
0.0
0.0
0.0
0.0
0.0
0.0
0.0
0.0
0.0
0.0
0.0
0.0
0.0
0.0
0.0
0.0
0.0
0.0
0.0
0.0
0.0
0.0
0.0
0.0
0.0
0.0
0.0
0.0
0.0
0.0
0.0
0.0
0.0
0.0
0.0
0.0
0.0
0.0
0.0
0.0
0.0
0.0
0.0
0.0
0.0
0.0
0.0
0.0
0.0
0.0
0.0
0.0
0.0
0.0
0.0
0.0
0.0
0.0
0.0
0.0
0.0
0.0
0.0
0.0
0.0
0.0
0.0
0.0
0.0
0.0
0.0
0.0
0.0
1.0
0.0
0.0
0.0
0.0
0.0
0.0
0.0
0.0
0.0
0.0
0.0
0.0
0.0
0.0
0.0
0.0
0.0
0.0
0.0
0.0
0.0
0.0
0.0
0.0
0.0
0.0
0.0
0.0
0.0
0.0
0.0
1.0
0.0
0.0
0.0
0.0
0.0
0.0
0.0
0.0
0.0
0.0
0.0
0.0
0.0
0.0
0.0
0.0
0.0
0.0
0.0
0.0
0.0
0.0
0.0
0.0
0.0
0.0
0.0
0.0
0.0
0.0
0.0
0.0
0.0
0.0
0.0
0.0
0.0
0.0
0.0
0.0
0.0
0.0
0.0
0.0
0.0
0.0
0.0
0.0
0.0
0.0
0.0
0.0
0.0
0.0
0.0
0.0
0.0
0.0
0.0
0.0
0.0
0.0
0.0
0.0
0.0
0.0
0.0
0.0
0.0
0.0
0.0
0.0
0.0
0.0
0.0
0.0
0.0
0.0
0.0
0.0
0.0
0.0
0.0
0.0
0.0
0.0
0.0
0.0
0.0
0.0
0.0
0.0
-1.0
0.0
0.0
0.0
0.0
0.0
0.0
0.0
0.0
0.0
0.0
0.0
0.0
0.0
0.0
0.0
0.0
0.0
0.0
0.0
0.0
0.0
0.0
0.0
0.0
0.0
0.0
0.0
0.0
0.0
0.0
0.0
0.0
0.0
0.0
0.0
0.0
0.0
0.0
0.0
0.0
0.0
0.0
0.0
0.0
0.0
0.0
0.0
0.0
0.0
0.0
0.0
0.0
0.0
0.0
0.0
0.0
0.0
0.0
0.0
0.0
0.0
0.0
0.0
0.0
0.0
0.0
0.0
0.0
0.0
0.0
0.0
0.0
0.0
0.0
0.0
0.0
0.0
0.0
0.0
0.0
0.0
0.0
0.0
0.0
0.0
0.0
0.0
0.0
0.0
0.0
0.0
0.0
0.0
0.0
0.0
0.0
0.0
0.0
0.0
0.0
0.0
0.0
0.0
0.0
0.0
0.0
0.0
0.0
0.0
0.0
0.0
0.0
0.0
0.0
0.0
0.0
0.0
0.0
0.0
0.0
0.0
0.0
0.0
0.0
0.0
0.0
0.0
0.0
0.0
0.0
0.0
0.0
0.0
0.0
0.0
0.0
0.0
0.0
0.0
0.0
0.0
0.0
0.0
0.0
0.0
0.0
0.0
0.0
0.0
0.0
0.0
0.0
0.0
0.0
0.0
0.0
0.0
0.0
0.0
0.0
0.0
0.0
0.0
0.0
0.0
0.0
0.0
0.0
0.0
0.0
0.0
0.0
0.0
0.0
0.0
0.0
0.0
0.0
0.0
0.0
0.0
0.0
0.0
0.0
0.0
0.0
0.0
0.0
0.0
0.0
0.0
0.0
0.0
0.0
0.0
0.0
0.0
0.0
0.0
0.0
0.0
0.0
0.0
0.0
0.0
0.0
0.0
0.0
0.0
0.0
0.0
0.0
0.0
0.0
0.0
0.0
0.0
0.0
0.0
0.0
0.0
0.0
0.0
0.0
0.0
0.0
0.0
0.0
0.0
0.0
0.0
0.0
0.0
0.0
0.0
0.0
0.0
0.0
0.0
0.0
0.0
0.0
0.0
0.0
0.0
0.0
0.0
0.0
0.0
0.0
0.0
0.0
0.0
0.0
0.0
0.0
0.0
0.0
0.0
0.0
0.0
0.0
0.0
0.0
0.0
0.0
0.0
0.0
0.0
0.0
0.0
0.0
0.0
0.0
0.0
0.0
0.0
0.0
0.0
0.0
0.0
0.0
0.0
0.0
0.0
0.0
472.0
448196.0
1732.0
446464.0
0.0
0.0
0.0
0.0
0.0
0.0
0.0
0.0
0.0
0.0
0.0
0.0
24.0
446288.0
0.0
0.0
0.0
0.0
0.0
0.0
0.0
0.0
0.0
0.0
