0.20389897
0.010970029
0.0049129575
0.0032080044
0.0068198135
0.004217516
0.0032416547
0.002613514
0.009433327
0.002176059
0.0026808148
0.0016376525
0.005787868
0.0018619886
0.001110463
0.007156317
0.006045854
0.0015479182
0.0014357502
0.0015927854
0.004004397
0.0033538227
0.00091977743
0.00095342787
0.0022882267
0.0013235821
0.00088612706
0.00080760947
0.001940506
0.000998295
0.0007851759
0.0016376525
0.0023330941
0.0007851759
0.0007851759
0.00066179107
0.0033762562
0.0021984924
0.0008524767
0.00074030866
0.0011665471
0.0018171213
0.0005271895
0.0013572326
0.0015142678
0.00091977743
0.0013684494
0.0005720567
0.003454774
0.004957825
0.0026471643
0.002007807
0.0017610373
0.0014357502
0.0015142678
0.0014020997
0.0019741566
0.0038697955
0.001503051
0.001390883
0.0012114142
0.0010992462
0.00089734385
0.0006505743
0.029522613
0.019135857
0.0018171213
0.0052606785
0.002602297
0.02235508
0.0021424084
0.0010655959
0.0018619886
0.0017498205
0.0008524767
0.00087491027
0.0020302404
0.0024789125
0.0022882267
0.0018844221
0.011452351
0.0009422111
0.0023330941
0.006180456
0.0031743539
0.005933686
0.0037015434
0.0024564788
0.0014806173
0.0030509692
0.002119975
0.002501346
0.0016152189
0.0034884242
0.0018507717
0.001334799
0.00043745514
0.015322146
0.004991475
0.007156317
0.0069768485
0.019629396
0.006225323
0.0057654344
0.0072572683
0.011373834
0.005215811
0.003881012
0.00907439
0.0062477565
0.01159817
0.011710337
0.005664483
0.00088612706
0.013751795
0.0114187
0.01369571
0.010970029
0.0023555276
0.0027481157
0.0022097093
0.004374551
0.0013123654
0.0007851759
0.0011553302
0.0027705492
0.0010992462
0.001278715
0.0039034458
0.0014694006
0.00048232233
0.013179738
0.001783471
0.0073021357
0.00034772075
0.00039258794
0.0016488694
0.018305814
0.0010655959
0.021693287
0.0013123654
0.0066066943
0.00040380473
0.00048232233
0.017744975
0.00038137115
0.00033650396
0.00048232233
0.00050475594
0.0009422111
0.00029163677
0.00066179107
0.00044867193
0.0007963927
0.00024676957
0.00037015433
0.0006281407
0.00050475594
0.00038137115
0.00043745514
0.0006954415
0.0017946877
0.00034772075
0.0007515255
0.0008636935
0.0007066583
0.00034772075
0.00043745514
0.0005384063
0.00025798636
0.00031407035
0.00040380473
0.00047110554
0.00033650396
0.00033650396
0.00034772075
0.00091977743
0.00031407035
0.00037015433
0.00044867193
0.0006954415
0.0007627423
0.0022433596
0.0012674982
0.0012114142
0.0012562814
0.0006842247
0.0007739591
0.0010319455
0.0005384063
0.00088612706
0.0015927854
0.0065842606
0.0023443107
0.0021424084
0.004217516
0.0036566763
0.00033650396
0.0022657933
0.0047783563
0.0020302404
0.0005720567
0.0010992462
0.00089734385
0.0014133166
0.0006393575
0.0007066583
0.0007851759
0.0030285355
0.0015591349
0.0011553302
0.001334799
0.0013684494
0.0009309943
0.000998295
0.0010319455
0.0029724515
0.0010880295
0.0017161701
0.0019068557
0.0016937365
0.001334799
0.00081882626
0.000998295
0.006292624
0.0008524767
0.0014133166
0.00097586145
0.0018507717
0.002176059
0.00080760947
0.0008636935
0.007178751
0.0030397524
0.0017722541
0.0058663855
0.00423995
0.0007066583
0.0011216798
0.0009309943
0.0032528716
0.00096464466
0.000998295
0.0014581837
0.002613514
0.00081882626
0.0017049534
0.0031070532
0.0061355885
0.0017049534
0.0016825198
0.0016040022
0.005731784
0.0017946877
0.0023330941
0.020235104
0.0
0.0
0.0
0.0
0.0
0.0
0.0
0.0
0.0
0.0
0.0
0.0
0.0
0.0
0.0
0.0
0.0
0.0
0.0
0.0
0.0
0.0
0.0
0.0
0.0
0.0
0.0
0.0
0.0
0.0
0.0
0.0
0.0
0.0
0.0
0.0
0.0
0.0
0.0
0.0
0.0
0.0
0.0
0.0
0.0
0.0
0.0
0.0
0.0104015265
0.000255496
1.1355378e-05
4.542151e-05
0.0004087936
0.00022142987
5.677689e-05
1.7033068e-05
5.677689e-06
5.677689e-06
0.0
0.00013626454
0.0
1.1355378e-05
5.10992e-05
0.0
0.0099757
3.9743823e-05
9.6520715e-05
4.542151e-05
0.00022710756
0.00017600835
0.00048260356
0.0001532976
5.10992e-05
6.813227e-05
1.7033068e-05
3.9743823e-05
9.084302e-05
3.4066135e-05
3.4066135e-05
9.6520715e-05
0.007937409
0.0
0.0
0.00042582667
0.00033498366
0.00011923147
0.03530955
0.014012536
0.0
0.0
0.0
0.0
0.0
0.0
0.0
0.0
0.024754724
5.677689e-06
0.000510992
0.0013229016
0.0017487282
0.0013626453
0.033464298
0.017986918
1.1355378e-05
1.7033068e-05
5.677689e-06
5.677689e-06
0.00018168605
5.677689e-06
5.677689e-06
5.677689e-06
0.005961573
0.0
0.0
0.0043320768
0.00017033066
7.948765e-05
0.016698083
0.0076421695
0.0
0.0
0.0
0.0
0.0
0.0
0.0
0.0
0.025430368
0.000601835
0.00057344657
0.0020382903
0.013234693
0.007063045
0.0030773075
0.0012831577
0.00042582667
0.0003065952
0.000255496
0.00042582667
0.0010390171
0.0016692405
0.00032362828
0.00039176055
0.021217523
0.0017827944
0.0006359012
0.003855151
0.009544195
0.0022937863
0.017345339
0.007897666
0.00048260356
0.00044853744
0.0003974382
0.00043150436
0.0012945131
0.00091410795
0.0003974382
0.0008289426
0.011037427
0.00073809957
0.00065293425
0.00058480195
0.0067110285
0.0006359012
0.0039914153
0.0018906704
0.0005564135
0.00047692587
0.00048260356
0.00047692587
0.0004598928
0.0004598928
0.0033668696
0.0023619186
0.03582054
0.002009902
0.002537927
0.002867233
0.018679596
0.0023051417
0.007011946
0.004712482
0.0028047783
0.0015954305
0.001334257
0.0016805959
0.0018509266
0.0076592024
0.0057231104
0.006058094
0.0074377726
0.0005507358
0.00084597565
0.00095385173
0.002117778
0.001004951
0.0010617279
0.000766488
0.0024868278
0.0005166697
0.00034066133
0.00048828125
0.00069267803
0.00018736374
0.002225654
0.0015783976
0.050764218
0.009674782
0.0040652254
0.005354061
0.020479424
0.016675372
0.0057798875
0.00825536
0.035286836
0.00759107
0.0017487282
0.0038210847
0.012581759
0.0054278704
0.013529933
0.019894622
0.058088437
0.011832303
0.00773869
0.0069665243
0.023834938
0.020632721
0.008715252
0.011321312
0.03755791
0.01292242
0.003048919
0.0059956396
0.01518214
0.0064498545
0.013348247
0.02380655
0.0026798693
0.0025492823
0.0026741915
0.0026174146
0.0011071493
0.0011185047
0.00093114097
0.0010560502
0.0009992733
0.0010446948
0.001021984
0.0011639262
0.0010276617
0.001078761
0.0011639262
0.001021984
2320.0
7.075431
16415.0
0.004325312
0.00024367956
0.00018275967
0.00024367956
0.00024367956
0.0031678344
0.00012183978
0.00012183978
0.00042643922
0.00030459944
0.00024367956
0.0006091989
6.091989e-05
0.0010965581
0.0037770332
0.00036551934
0.0068230275
0.007371307
0.0076149865
0.0045689917
0.002802315
0.0028632348
0.0024977154
0.0028632348
0.002314956
0.0026195552
0.0040816325
0.00018275967
0.00018275967
0.00012183978
0.00024367956
0.00012183978
0.00012183978
0.012183978
0.002314956
0.008711544
0.0043862322
0.011452939
0.004995431
0.0031678344
0.0026195552
0.006701188
0.0010356382
0.0014011575
0.0048126713
0.005178191
0.010112702
0.007371307
0.008346025
0.0006091989
0.008285105
0.01108742
0.01108742
0.0045689917
0.0058483095
0.004873591
0.0013402376
0.0012183978
0.0006091989
0.00030459944
0.0010965581
0.00018275967
6.091989e-05
0.00024367956
0.00012183978
0.07060615
0.020895522
0.029546147
0.028997868
0.09485227
0.010600061
0.018885165
0.023393238
0.052939385
0.004325312
0.012366738
0.03892781
0.025281755
0.053853184
0.050441667
0.019250685
0.002314956
0.06506244
0.051050868
0.046908315
0.02247944
0.008406945
0.009198903
0.006091989
0.019311605
0.0032896742
0.0
0.00036551934
6.091989e-05
0.00012183978
0.00091379834
5.2276745
2.0
0.0
0.0
1.0
89152.0
176128.0
0.0
0.0
95.0
0.0
0.0
0.0
0.0
0.0
1141321900.0
0.0
0.0
0.0
0.0
0.0
1.0
0.0
0.0
0.0
0.0
0.0
0.0
-1.0
0.0
-1.0
-1.0
0.0
0.0
0.0
0.0
0.0
0.0
0.0
0.0
0.0
0.0
0.0
0.0
-1.0
0.0
0.0
0.0
0.0
0.0
0.0
0.0
0.0
0.0
0.0
0.0
0.0
-1.0
0.0
0.0
0.0
0.0
0.0
0.0
0.0
0.0
0.0
0.0
2.0
50.0
4.0
0.0
4.0
0.0
42496.0
512.0
4096.0
3.0
0.0
0.0
2.0
2.0
0.0
0.0
0.0
0.0
0.0
0.0
0.0
0.0
0.0
0.0
0.0
0.0
0.0
0.0
26112.0
0.0
0.0
0.0
0.0
0.0
0.0
0.0
0.0
0.0
0.0
0.0
0.0
0.0
0.0
0.0
0.0
0.0
-94720.0
0.0
0.0
0.0
0.0
0.0
0.0
0.0
0.0
-42496.0
0.0
0.0
0.0
0.0
0.0
0.0
0.0
0.0
0.0
0.0
0.0
0.0
0.0
0.0
0.0
0.0
0.0
0.0
0.0
0.0
0.0
0.0
5.2029037
0.0
0.0
0.0
0.0
0.0
0.0
0.0
0.0
0.0
0.0
0.0
0.0
0.0
0.0
0.0
0.0
0.0
-5.658874
0.0
0.0
0.0
0.0
0.0
0.0
0.0
0.0
-6.4578476
0.0
0.0
0.0
0.0
0.0
0.0
0.0
0.0
0.0
0.0
0.0
0.0
0.0
0.0
0.0
0.0
0.0
0.0
0.0
0.0
0.0
0.0
25860.0
0.0
0.0
0.0
0.0
0.0
0.0
0.0
0.0
0.0
0.0
0.0
0.0
0.0
0.0
0.0
0.0
0.0
-98304.0
0.0
0.0
0.0
0.0
0.0
0.0
0.0
0.0
-42342.0
0.0
0.0
0.0
0.0
0.0
0.0
0.0
0.0
0.0
0.0
0.0
-1.0
0.0
0.0
0.0
0.0
0.0
1.0
0.0
0.0
0.0
0.0
0.0
0.0
0.0
0.0
0.0
0.0
0.0
0.0
0.0
0.0
0.0
0.0
0.0
0.0
0.0
0.0
0.0
0.0
0.0
0.0
0.0
0.0
0.0
0.0
0.0
-2.0
0.0
0.0
0.0
1.0
0.0
0.0
0.0
0.0
0.0
0.0
1.0
0.0
0.0
0.0
0.0
0.0
0.0
0.0
0.0
0.0
0.0
0.0
0.0
-1.0
0.0
0.0
0.0
0.0
0.0
0.0
0.0
0.0
0.0
1.0
0.0
0.0
0.0
0.0
1.0
0.0
0.0
0.0
0.0
0.0
0.0
0.0
0.0
1.0
0.0
0.0
0.0
0.0
0.0
0.0
0.0
0.0
0.0
0.0
0.0
0.0
0.0
0.0
0.0
0.0
0.0
0.0
0.0
0.0
0.0
0.0
0.0
0.0
0.0
0.0
0.0
0.0
0.0
0.0
0.0
0.0
0.0
0.0
0.0
0.0
0.0
0.0
0.0
0.0
0.0
0.0
-1.0
0.0
0.0
0.0
0.0
0.0
0.0
0.0
0.0
0.0
0.0
0.0
0.0
0.0
0.0
0.0
0.0
0.0
0.0
0.0
0.0
-1.0
0.0
0.0
0.0
0.0
0.0
0.0
0.0
0.0
0.0
0.0
0.0
0.0
0.0
0.0
0.0
0.0
0.0
0.0
0.0
0.0
0.0
0.0
0.0
0.0
0.0
0.0
0.0
0.0
0.0
0.0
0.0
0.0
0.0
0.0
0.0
0.0
0.0
0.0
0.0
0.0
0.0
0.0
0.0
0.0
0.0
0.0
0.0
0.0
-1.0
0.0
0.0
0.0
0.0
0.0
0.0
0.0
0.0
0.0
0.0
0.0
0.0
0.0
0.0
0.0
0.0
1.0
0.0
0.0
0.0
0.0
0.0
0.0
0.0
0.0
0.0
0.0
0.0
0.0
0.0
0.0
0.0
0.0
0.0
0.0
0.0
0.0
0.0
0.0
0.0
0.0
0.0
0.0
0.0
0.0
0.0
0.0
0.0
0.0
0.0
0.0
0.0
0.0
0.0
0.0
0.0
0.0
0.0
0.0
0.0
0.0
0.0
0.0
0.0
0.0
0.0
0.0
0.0
0.0
0.0
0.0
0.0
0.0
0.0
0.0
0.0
0.0
0.0
0.0
0.0
0.0
0.0
0.0
0.0
0.0
0.0
0.0
0.0
0.0
0.0
0.0
0.0
0.0
0.0
0.0
0.0
0.0
0.0
0.0
0.0
0.0
0.0
0.0
0.0
0.0
0.0
0.0
0.0
0.0
0.0
0.0
0.0
0.0
0.0
0.0
0.0
0.0
1.0
0.0
0.0
0.0
0.0
0.0
0.0
0.0
0.0
0.0
0.0
0.0
0.0
-1.0
0.0
0.0
0.0
0.0
0.0
0.0
0.0
0.0
0.0
0.0
0.0
0.0
0.0
0.0
0.0
0.0
0.0
0.0
0.0
0.0
0.0
0.0
0.0
0.0
1.0
-1.0
0.0
0.0
0.0
0.0
0.0
0.0
0.0
0.0
0.0
0.0
0.0
0.0
0.0
0.0
0.0
0.0
0.0
0.0
0.0
0.0
0.0
0.0
0.0
0.0
0.0
0.0
0.0
0.0
0.0
0.0
0.0
0.0
0.0
0.0
0.0
0.0
0.0
0.0
0.0
0.0
0.0
0.0
0.0
0.0
0.0
0.0
0.0
0.0
0.0
0.0
0.0
0.0
0.0
-1.0
0.0
0.0
0.0
0.0
0.0
0.0
0.0
0.0
0.0
0.0
0.0
0.0
0.0
0.0
0.0
0.0
0.0
0.0
0.0
0.0
0.0
0.0
0.0
0.0
-1.0
0.0
0.0
0.0
1.0
0.0
0.0
0.0
0.0
0.0
0.0
0.0
0.0
0.0
0.0
0.0
0.0
0.0
0.0
0.0
0.0
0.0
0.0
1.0
0.0
0.0
1.0
0.0
0.0
0.0
0.0
1.0
0.0
0.0
0.0
0.0
0.0
0.0
0.0
0.0
0.0
0.0
0.0
0.0
0.0
0.0
0.0
0.0
1.0
0.0
0.0
0.0
0.0
0.0
0.0
0.0
0.0
0.0
0.0
0.0
0.0
0.0
0.0
0.0
0.0
0.0
0.0
0.0
0.0
0.0
0.0
0.0
0.0
0.0
0.0
0.0
0.0
0.0
0.0
0.0
0.0
0.0
1.0
0.0
0.0
0.0
0.0
1.0
0.0
-1.0
0.0
0.0
-1.0
0.0
0.0
0.0
0.0
0.0
0.0
0.0
0.0
-1.0
0.0
0.0
0.0
0.0
0.0
0.0
0.0
0.0
0.0
0.0
1.0
0.0
0.0
0.0
0.0
0.0
0.0
0.0
0.0
0.0
0.0
0.0
0.0
0.0
0.0
0.0
0.0
0.0
0.0
0.0
0.0
0.0
0.0
0.0
0.0
0.0
0.0
0.0
0.0
-1.0
0.0
0.0
0.0
0.0
0.0
0.0
0.0
0.0
0.0
0.0
0.0
0.0
0.0
0.0
0.0
-1.0
0.0
0.0
0.0
0.0
0.0
0.0
0.0
0.0
0.0
0.0
0.0
1.0
0.0
0.0
1.0
0.0
0.0
1.0
0.0
0.0
0.0
0.0
0.0
0.0
0.0
0.0
0.0
0.0
0.0
1.0
-1.0
0.0
0.0
0.0
0.0
0.0
0.0
0.0
0.0
0.0
0.0
0.0
-1.0
0.0
0.0
-1.0
0.0
0.0
0.0
-1.0
-1.0
0.0
0.0
0.0
0.0
0.0
0.0
0.0
0.0
0.0
0.0
0.0
0.0
0.0
0.0
0.0
0.0
0.0
0.0
0.0
1.0
0.0
0.0
0.0
0.0
0.0
0.0
1.0
0.0
0.0
0.0
0.0
0.0
0.0
0.0
0.0
0.0
0.0
1.0
0.0
0.0
0.0
0.0
0.0
0.0
0.0
0.0
0.0
0.0
0.0
0.0
0.0
0.0
0.0
0.0
0.0
1.0
0.0
-1.0
0.0
0.0
0.0
0.0
0.0
0.0
0.0
0.0
0.0
0.0
0.0
0.0
0.0
0.0
0.0
0.0
0.0
0.0
0.0
0.0
0.0
0.0
0.0
-1.0
0.0
0.0
0.0
0.0
0.0
0.0
0.0
0.0
0.0
0.0
0.0
0.0
0.0
0.0
0.0
0.0
0.0
0.0
0.0
0.0
0.0
0.0
0.0
0.0
0.0
0.0
0.0
0.0
0.0
0.0
0.0
-1.0
0.0
0.0
0.0
0.0
0.0
0.0
0.0
0.0
0.0
0.0
0.0
0.0
1.0
0.0
0.0
0.0
0.0
-1.0
0.0
0.0
0.0
0.0
0.0
0.0
0.0
0.0
0.0
0.0
0.0
0.0
0.0
0.0
0.0
0.0
0.0
0.0
0.0
0.0
0.0
0.0
0.0
0.0
0.0
0.0
0.0
0.0
0.0
0.0
2.0
0.0
0.0
0.0
0.0
0.0
0.0
0.0
1.0
0.0
0.0
1.0
0.0
0.0
0.0
0.0
0.0
0.0
0.0
0.0
0.0
0.0
0.0
0.0
0.0
0.0
0.0
0.0
0.0
0.0
0.0
0.0
0.0
0.0
1.0
0.0
0.0
0.0
0.0
-2.0
1.0
0.0
-1.0
0.0
0.0
0.0
-1.0
0.0
0.0
0.0
0.0
0.0
0.0
0.0
0.0
0.0
0.0
0.0
-1.0
0.0
0.0
0.0
0.0
0.0
0.0
0.0
0.0
0.0
0.0
0.0
0.0
0.0
1.0
0.0
1.0
0.0
0.0
0.0
0.0
0.0
0.0
0.0
0.0
0.0
0.0
0.0
0.0
0.0
0.0
0.0
0.0
0.0
0.0
0.0
0.0
0.0
0.0
0.0
0.0
0.0
-1.0
0.0
0.0
0.0
0.0
0.0
0.0
0.0
0.0
0.0
0.0
0.0
0.0
0.0
0.0
0.0
0.0
0.0
0.0
0.0
0.0
0.0
0.0
0.0
0.0
0.0
0.0
0.0
0.0
0.0
-1.0
0.0
1.0
0.0
0.0
0.0
0.0
0.0
-1.0
0.0
0.0
0.0
0.0
0.0
0.0
1.0
0.0
0.0
0.0
-1.0
0.0
0.0
0.0
0.0
0.0
0.0
0.0
0.0
0.0
1.0
0.0
-1.0
0.0
0.0
0.0
0.0
0.0
0.0
0.0
0.0
0.0
0.0
0.0
0.0
0.0
0.0
0.0
0.0
0.0
0.0
0.0
0.0
0.0
0.0
0.0
0.0
0.0
0.0
1.0
0.0
0.0
0.0
0.0
0.0
0.0
0.0
0.0
0.0
0.0
0.0
0.0
0.0
0.0
-1.0
0.0
0.0
0.0
0.0
0.0
0.0
0.0
0.0
0.0
0.0
0.0
0.0
0.0
0.0
1.0
0.0
0.0
0.0
0.0
0.0
0.0
0.0
0.0
0.0
0.0
0.0
0.0
0.0
0.0
0.0
0.0
0.0
0.0
0.0
0.0
0.0
0.0
0.0
0.0
0.0
0.0
0.0
0.0
0.0
0.0
0.0
0.0
1.0
0.0
-1.0
0.0
0.0
0.0
0.0
0.0
0.0
0.0
0.0
0.0
0.0
0.0
0.0
0.0
-1.0
0.0
0.0
0.0
0.0
0.0
0.0
0.0
0.0
0.0
0.0
0.0
0.0
0.0
0.0
0.0
0.0
0.0
0.0
0.0
0.0
0.0
0.0
0.0
1.0
0.0
0.0
1.0
0.0
0.0
0.0
1.0
0.0
0.0
0.0
0.0
0.0
0.0
0.0
0.0
0.0
0.0
0.0
0.0
0.0
0.0
0.0
0.0
0.0
0.0
-1.0
0.0
0.0
0.0
0.0
0.0
1.0
0.0
0.0
0.0
0.0
0.0
0.0
0.0
0.0
0.0
0.0
-1.0
1.0
0.0
0.0
0.0
0.0
0.0
0.0
0.0
0.0
-1.0
0.0
0.0
0.0
0.0
0.0
0.0
0.0
0.0
0.0
0.0
0.0
-1.0
0.0
0.0
1.0
0.0
0.0
0.0
0.0
0.0
0.0
0.0
-1.0
0.0
0.0
0.0
0.0
0.0
0.0
0.0
0.0
1.0
0.0
-1.0
0.0
0.0
0.0
0.0
0.0
0.0
0.0
0.0
0.0
0.0
0.0
0.0
0.0
0.0
0.0
0.0
0.0
1.0
1.0
0.0
0.0
0.0
0.0
0.0
0.0
1.0
0.0
0.0
0.0
0.0
0.0
0.0
0.0
0.0
0.0
0.0
0.0
0.0
0.0
0.0
0.0
0.0
0.0
0.0
-1.0
0.0
0.0
0.0
0.0
0.0
0.0
1.0
0.0
0.0
0.0
0.0
0.0
0.0
0.0
0.0
0.0
0.0
0.0
0.0
1.0
0.0
0.0
0.0
0.0
0.0
0.0
0.0
1.0
1.0
0.0
0.0
0.0
0.0
0.0
-1.0
0.0
0.0
0.0
0.0
0.0
0.0
0.0
0.0
-1.0
0.0
0.0
0.0
0.0
0.0
0.0
0.0
0.0
0.0
0.0
0.0
0.0
0.0
0.0
-1.0
0.0
0.0
0.0
0.0
0.0
0.0
0.0
0.0
0.0
-1.0
0.0
0.0
0.0
0.0
0.0
0.0
0.0
0.0
0.0
0.0
0.0
0.0
0.0
0.0
0.0
0.0
-2.0
0.0
0.0
0.0
0.0
0.0
0.0
0.0
0.0
0.0
0.0
0.0
0.0
0.0
0.0
0.0
0.0
0.0
0.0
0.0
0.0
0.0
0.0
0.0
0.0
-1.0
0.0
0.0
0.0
0.0
0.0
0.0
0.0
0.0
0.0
0.0
0.0
0.0
0.0
0.0
0.0
1.0
-1.0
0.0
0.0
0.0
0.0
0.0
0.0
0.0
0.0
0.0
0.0
0.0
0.0
0.0
0.0
0.0
0.0
0.0
1.0
0.0
0.0
0.0
0.0
0.0
0.0
0.0
0.0
0.0
0.0
0.0
0.0
0.0
0.0
0.0
0.0
0.0
0.0
0.0
0.0
0.0
0.0
0.0
0.0
0.0
0.0
0.0
0.0
0.0
0.0
0.0
0.0
0.0
0.0
0.0
0.0
0.0
0.0
0.0
0.0
0.0
0.0
0.0
0.0
0.0
0.0
0.0
0.0
0.0
0.0
0.0
0.0
0.0
0.0
0.0
0.0
0.0
0.0
0.0
0.0
0.0
0.0
0.0
0.0
0.0
0.0
0.0
0.0
0.0
0.0
0.0
0.0
0.0
0.0
0.0
0.0
0.0
0.0
0.0
0.0
0.0
0.0
0.0
0.0
0.0
0.0
0.0
0.0
0.0
0.0
0.0
0.0
0.0
0.0
0.0
0.0
0.0
0.0
0.0
0.0
0.0
0.0
0.0
0.0
0.0
0.0
0.0
0.0
0.0
0.0
0.0
0.0
0.0
0.0
0.0
0.0
0.0
0.0
0.0
0.0
0.0
0.0
0.0
0.0
0.0
0.0
0.0
0.0
0.0
0.0
0.0
0.0
0.0
140.0
91260.0
0.0
0.0
0.0
0.0
0.0
0.0
0.0
0.0
0.0
0.0
0.0
0.0
0.0
0.0
0.0
0.0
0.0
0.0
0.0
0.0
404.0
91804.0
0.0
0.0
0.0
0.0
