0.14333378
0.009078109
0.0055785873
0.00406729
0.0084484015
0.0029606568
0.0035346195
0.0028243922
0.010496498
0.0018932512
0.0019717065
0.0015670422
0.0052936706
0.0016310452
0.0013254823
0.0042345235
0.0076370076
0.0015257499
0.0012325747
0.00093939947
0.0030143366
0.0020666788
0.0009022364
0.00093733484
0.0026778046
0.0007824888
0.0009208179
0.00083823333
0.0023288848
0.0007948764
0.0008175872
0.0008609441
0.0054196124
0.0006792581
0.0010921808
0.000642095
0.006043126
0.0017322113
0.0007577134
0.00060286734
0.002221525
0.0008155226
0.0006606765
0.0014390361
0.0017033067
0.00088365487
0.0008051995
0.00063383655
0.0056591076
0.002574574
0.0028058107
0.013820527
0.0034086779
0.0027459369
0.00254154
0.0022772695
0.0037637916
0.00256838
0.002669546
0.0040796776
0.0035387487
0.0029255582
0.0025147
0.0024403739
0.013349795
0.0060369316
0.0065778606
0.008483499
0.0063218484
0.019789327
0.011613455
0.0017590512
0.0025456692
0.0014596822
0.0009621102
0.001102504
0.0024341801
0.0028078752
0.0012222516
0.0013791623
0.010314812
0.002178168
0.0024032108
0.007698946
0.0033673856
0.009507548
0.005147083
0.0034375826
0.0018911866
0.005657043
0.0027583246
0.0055352305
0.0013440638
0.0035139732
0.0043047206
0.0026303185
0.001482393
0.0042242007
0.0012676731
0.002390823
0.008308007
0.007366543
0.0042242007
0.0013853561
0.0068524545
0.0038174717
0.0039000562
0.0008857195
0.004242782
0.0020997126
0.00438937
0.00481468
0.0026736753
0.00041292285
0.004907588
0.0036419793
0.014338746
0.007201374
0.0014142607
0.0014328422
0.0025993492
0.0016929837
0.0009827564
0.0009910148
0.0020295158
0.0018705404
0.0013007069
0.0011437963
0.006323913
0.0016351744
0.00079694105
0.009080173
0.004077613
0.0057375627
0.001637239
0.00086507335
0.0025972845
0.012369104
0.0023103033
0.060336284
0.0012594146
0.008547503
0.0005677689
0.0008175872
0.0028863307
0.0004645382
0.0005801566
0.00066480576
0.0010095963
0.00092494715
0.0004666028
0.00038401823
0.0012697377
0.0005388643
0.00048931356
0.00094146404
0.0010674056
0.00041705207
0.0005698335
0.00051408896
0.0011582485
0.0031671182
0.000668935
0.0013192885
0.001129344
0.0010983747
0.00066274113
0.0005409289
0.0010880517
0.0004666028
0.00067719346
0.0004397628
0.00097243325
0.00044182743
0.00048724894
0.00044389206
0.0022112017
0.0005718981
0.0013874207
0.00071229186
0.0013647099
0.00066480576
0.0006441596
0.0008568149
0.0027314846
0.0015753006
0.0019758358
0.00094972254
0.0015835591
0.00041911667
0.0011045686
0.00082171644
0.013203207
0.0009806918
0.0019840943
0.013508771
0.0038071484
0.00062764273
0.004800228
0.0027645184
0.0020357096
0.0013275469
0.00060906116
0.0007701011
0.0016558205
0.00044802128
0.0007453257
0.0005718981
0.00283678
0.000786618
0.0025807677
0.0017404697
0.0013812269
0.00058635045
0.0016867898
0.0011520548
0.00484152
0.0007288088
0.0013275469
0.0023123678
0.00141839
0.00074945495
0.0006111258
0.0007742303
0.0019820295
0.00054918736
0.000850621
0.00053679966
0.0016723375
0.00120367
0.00054918736
0.00058635045
0.02713316
0.004038385
0.00080932875
0.005859375
0.0045999605
0.0006297073
0.00079281186
0.0006069966
0.0057334336
0.0007577134
0.0016454975
0.0010715347
0.0033694503
0.00060286734
0.0024919894
0.0014101315
0.0063012023
0.0013069008
0.004420339
0.003392161
0.011196403
0.004430662
0.0059811873
0.0588477
0.0
0.0
0.0
0.0
0.0
0.0
0.0
0.0
0.0
0.0
0.0
0.0
0.0
0.0
0.0
0.0
0.0
0.0
0.0
0.0
0.0
0.0
0.0
0.0
0.0
0.0
0.0
0.0
0.0
0.0
0.0
0.0
0.0
0.0
0.0
0.0
0.0
0.0
0.0
0.0
0.0
0.0
0.0
0.0
0.0
0.0
0.0
0.0
0.0
0.0
0.0
0.0
0.0
0.0
0.0
0.0
0.0
0.0
0.0
0.0
0.0
0.0
0.0
0.0
0.0
0.0
0.0
0.0
0.0
0.0
0.0
0.0
0.0
0.0
0.0
0.0
0.0
0.0
0.0
0.0
0.0033796926
3.000033e-05
1.4482918e-05
0.00017172603
3.413831e-05
0.0001251738
1.8620894e-05
4.1379768e-05
0.00010862189
0.00013138076
2.2758872e-05
2.3793365e-05
3.2069318e-05
3.000033e-05
2.5862355e-05
4.758673e-05
0.0
0.0
0.0
0.0
0.0
0.0
0.0
0.0
0.0
0.0
0.0
0.0
0.0
0.0
0.0
0.0
0.013087385
0.00017689851
0.0014793266
8.482852e-05
0.0006465589
0.00020482985
0.004669707
0.0023493362
4.758673e-05
2.482786e-05
1.4482918e-05
2.5862355e-05
3.8276285e-05
2.3793365e-05
2.3793365e-05
0.0004075907
0.005712477
4.965572e-05
0.00013138076
0.00055655785
0.0019955393
0.00081828487
0.0058066156
0.0028189966
0.00014586368
2.0689884e-06
4.241426e-05
2.0689884e-05
4.965572e-05
1.241393e-05
2.482786e-05
0.00088035455
0.014156018
0.00077380164
0.000803802
0.004155563
0.0024807171
0.00038069385
0.0017441572
0.00106346
0.0014762232
0.00022138175
0.0006051791
0.00047172935
0.0005865582
0.00019241592
0.00034552105
0.0023224393
0.004352117
0.00033207264
0.00016241558
0.0007572497
0.0015496722
0.00050379866
0.00256658
0.0012082892
0.00036310745
0.00013138076
7.862156e-05
0.00010965638
0.00016965704
9.931144e-05
8.379403e-05
0.00024414062
0.018602274
0.0028138242
0.0025407176
0.030536199
0.008062848
0.0029214115
0.0068618
0.004687293
0.0029741707
0.002183817
0.0021900241
0.0026214083
0.0025852008
0.002233473
0.0022427833
0.0034003824
0.010978052
0.00097345904
0.0009951834
0.00066621427
0.005290403
0.0016779496
0.0044824635
0.002286232
0.0021941622
0.00046552237
0.00073552533
0.000801733
0.0011275987
0.0006362139
0.0009496657
0.003875215
0.043813933
0.0056276484
0.005131091
0.004951089
0.020885402
0.0146443
0.012062202
0.009411828
0.026214082
0.0024320958
0.0027703755
0.0037396965
0.009929075
0.00462212
0.0112584
0.025896493
0.093293786
0.017532608
0.014891543
0.018566066
0.046969138
0.05049056
0.023235774
0.024706824
0.085678875
0.0076190494
0.008329747
0.011796337
0.035420045
0.017714677
0.037551105
0.07611912
0.0
0.0
0.0
0.0
0.0
0.0
0.0
0.0
0.0
0.0
0.0
0.0
0.0
0.0
0.0
0.0
3911.0
11.071593
43301.0
0.0114547005
0.00096995453
0.00327937
0.00096995453
0.005034526
0.0013625552
0.0011778019
0.0009237662
0.003441029
0.0012239902
0.0018937207
0.001339461
0.0030484283
0.00177825
0.0028174869
0.0012470844
0.011547077
0.0075286943
0.01133923
0.036396388
0.013048197
0.009976675
0.010623312
0.009237662
0.013602457
0.009330039
0.009722639
0.0112468535
0.0112006655
0.008406272
0.009861204
0.009630263
0.004180042
0.010992818
0.007436318
0.016535414
0.012678691
0.011616359
0.00805986
0.006882058
0.008013672
0.009699545
0.0012470844
0.0018013441
0.009260756
0.008082954
0.0036719707
0.0072284704
0.009399321
0.004318607
0.0070437174
0.01611972
0.018105818
0.0064663636
0.0053809383
0.005958292
0.0037643472
0.007574883
0.0030484283
0.0069051525
0.0042724186
0.0057966327
0.0071822824
0.00861412
0.0029098636
0.03314011
0.007274659
0.019145055
0.017274428
0.06704233
0.0069513405
0.010022863
0.014295282
0.031061638
0.0033717465
0.0044109835
0.030923074
0.015126672
0.03579594
0.03919078
0.014503129
0.0005773539
0.039837416
0.024964781
0.05503337
0.012794162
0.005496409
0.005173091
0.0069513405
0.0066511165
0.0019860973
0.0005080714
0.0027943926
0.0005773539
0.001339461
0.00087757787
5.941717
1.0
3.0
2.0
1.0
484352.0
512000.0
0.0
0.0
16.0
1.0
1.0
0.0
1.0
0.0
708992500.0
0.0
0.0
0.0
0.0
0.0
1.0
0.0
0.0
0.0
0.0
0.0
0.0
-1.0
2.0
-1.0
-1.0
0.0
1.0
0.0
0.0
0.0
0.0
0.0
0.0
0.0
0.0
0.0
0.0
-1.0
0.0
0.0
0.0
0.0
0.0
0.0
0.0
0.0
0.0
0.0
0.0
0.0
-1.0
0.0
0.0
0.0
0.0
0.0
0.0
0.0
0.0
0.0
0.0
2.0
25.0
4.0
0.0
4.0
0.0
412672.0
1024.0
4096.0
8.0
2.0
0.0
1.0
4.0
0.0
0.0
0.0
0.0
0.0
-29184.0
0.0
0.0
0.0
0.0
0.0
0.0
0.0
0.0
512.0
0.0
0.0
0.0
0.0
0.0
0.0
0.0
-7168.0
0.0
0.0
0.0
0.0
0.0
0.0
0.0
0.0
0.0
0.0
0.0
0.0
-412672.0
0.0
0.0
0.0
0.0
0.0
0.0
-9728.0
24064.0
0.0
0.0
0.0
0.0
0.0
0.0
0.0
0.0
0.0
0.0
0.0
-6.700367
0.0
0.0
0.0
0.0
0.0
0.0
0.0
0.0
2.0805576
0.0
0.0
0.0
0.0
0.0
0.0
0.0
-5.3630137
0.0
0.0
0.0
0.0
0.0
0.0
0.0
0.0
0.0
0.0
0.0
0.0
-6.551597
0.0
0.0
0.0
0.0
0.0
0.0
-5.0556555
4.2845635
0.0
0.0
0.0
0.0
0.0
0.0
0.0
0.0
-16.0
0.0
0.0
-28780.0
0.0
0.0
0.0
0.0
0.0
0.0
0.0
0.0
24.0
0.0
8041.0
0.0
0.0
0.0
0.0
0.0
-6900.0
0.0
0.0
0.0
0.0
0.0
0.0
0.0
0.0
0.0
0.0
0.0
0.0
-412632.0
0.0
0.0
0.0
0.0
0.0
0.0
-9632.0
24064.0
0.0
0.0
0.0
0.0
0.0
0.0
0.0
0.0
0.0
0.0
0.0
0.0
0.0
0.0
0.0
0.0
0.0
0.0
0.0
0.0
0.0
0.0
0.0
1.0
0.0
0.0
0.0
0.0
0.0
0.0
0.0
0.0
0.0
0.0
0.0
0.0
0.0
-1.0
0.0
0.0
0.0
0.0
1.0
0.0
0.0
0.0
0.0
0.0
1.0
0.0
0.0
0.0
0.0
0.0
0.0
0.0
0.0
0.0
0.0
0.0
0.0
0.0
0.0
0.0
0.0
0.0
0.0
0.0
0.0
-1.0
0.0
0.0
0.0
0.0
0.0
0.0
0.0
0.0
0.0
1.0
0.0
0.0
0.0
0.0
1.0
0.0
0.0
0.0
0.0
0.0
0.0
0.0
0.0
0.0
0.0
0.0
0.0
0.0
0.0
0.0
0.0
0.0
0.0
0.0
0.0
0.0
0.0
0.0
0.0
0.0
0.0
0.0
0.0
0.0
0.0
0.0
0.0
0.0
0.0
0.0
0.0
0.0
0.0
0.0
0.0
0.0
0.0
0.0
0.0
0.0
0.0
1.0
0.0
0.0
0.0
0.0
-1.0
0.0
0.0
0.0
0.0
0.0
0.0
0.0
0.0
0.0
0.0
0.0
0.0
0.0
0.0
0.0
0.0
0.0
0.0
0.0
0.0
0.0
0.0
-1.0
0.0
0.0
0.0
0.0
0.0
0.0
0.0
0.0
0.0
0.0
0.0
0.0
0.0
0.0
0.0
0.0
0.0
0.0
0.0
0.0
0.0
0.0
0.0
0.0
0.0
0.0
0.0
0.0
0.0
0.0
0.0
0.0
0.0
0.0
0.0
0.0
0.0
0.0
0.0
0.0
0.0
0.0
0.0
0.0
0.0
0.0
-1.0
0.0
0.0
0.0
0.0
0.0
0.0
0.0
0.0
0.0
0.0
0.0
0.0
0.0
0.0
0.0
0.0
1.0
0.0
0.0
0.0
0.0
0.0
0.0
0.0
0.0
0.0
0.0
0.0
0.0
0.0
0.0
0.0
0.0
0.0
0.0
0.0
0.0
0.0
0.0
0.0
0.0
0.0
0.0
0.0
0.0
0.0
0.0
0.0
0.0
0.0
0.0
0.0
0.0
0.0
0.0
0.0
0.0
0.0
0.0
0.0
0.0
0.0
0.0
0.0
0.0
0.0
0.0
0.0
0.0
0.0
0.0
0.0
0.0
0.0
0.0
0.0
0.0
0.0
0.0
0.0
0.0
0.0
0.0
0.0
0.0
0.0
0.0
0.0
0.0
0.0
0.0
0.0
0.0
0.0
0.0
0.0
0.0
0.0
0.0
0.0
0.0
0.0
0.0
0.0
0.0
0.0
0.0
0.0
0.0
0.0
0.0
0.0
0.0
0.0
0.0
0.0
0.0
0.0
0.0
0.0
0.0
0.0
0.0
0.0
0.0
0.0
0.0
0.0
0.0
0.0
-1.0
0.0
0.0
0.0
0.0
0.0
0.0
0.0
0.0
1.0
0.0
0.0
0.0
0.0
0.0
0.0
0.0
0.0
0.0
0.0
0.0
0.0
0.0
0.0
0.0
0.0
0.0
0.0
0.0
0.0
0.0
0.0
0.0
0.0
0.0
0.0
0.0
0.0
0.0
0.0
0.0
0.0
0.0
0.0
0.0
0.0
0.0
0.0
0.0
0.0
0.0
0.0
0.0
0.0
0.0
0.0
0.0
0.0
0.0
0.0
0.0
0.0
-1.0
-1.0
0.0
0.0
0.0
0.0
0.0
0.0
0.0
0.0
0.0
0.0
0.0
0.0
0.0
0.0
0.0
0.0
0.0
0.0
0.0
0.0
0.0
0.0
0.0
0.0
0.0
0.0
0.0
0.0
0.0
0.0
0.0
0.0
0.0
0.0
0.0
0.0
0.0
0.0
0.0
0.0
0.0
0.0
0.0
0.0
0.0
1.0
0.0
0.0
0.0
0.0
0.0
0.0
1.0
0.0
0.0
0.0
0.0
0.0
0.0
0.0
0.0
0.0
0.0
0.0
0.0
0.0
0.0
0.0
0.0
0.0
0.0
0.0
0.0
0.0
0.0
0.0
0.0
0.0
0.0
0.0
0.0
0.0
0.0
0.0
0.0
0.0
0.0
0.0
0.0
0.0
0.0
0.0
0.0
0.0
0.0
0.0
0.0
0.0
0.0
0.0
0.0
0.0
0.0
0.0
0.0
0.0
0.0
0.0
0.0
0.0
0.0
0.0
0.0
0.0
0.0
0.0
0.0
0.0
0.0
0.0
0.0
0.0
0.0
0.0
0.0
0.0
0.0
0.0
0.0
0.0
0.0
0.0
0.0
0.0
0.0
0.0
0.0
0.0
0.0
0.0
0.0
0.0
0.0
0.0
0.0
0.0
0.0
0.0
0.0
0.0
0.0
0.0
0.0
0.0
0.0
0.0
0.0
0.0
0.0
0.0
0.0
0.0
0.0
0.0
0.0
0.0
0.0
0.0
0.0
0.0
0.0
0.0
0.0
0.0
0.0
0.0
0.0
0.0
0.0
0.0
0.0
0.0
0.0
0.0
0.0
0.0
0.0
0.0
0.0
0.0
0.0
-1.0
0.0
0.0
0.0
0.0
0.0
0.0
0.0
0.0
0.0
0.0
0.0
0.0
0.0
0.0
0.0
0.0
0.0
0.0
0.0
0.0
0.0
0.0
0.0
0.0
0.0
0.0
0.0
0.0
0.0
0.0
0.0
0.0
0.0
0.0
0.0
0.0
0.0
0.0
0.0
0.0
0.0
0.0
0.0
0.0
0.0
0.0
0.0
0.0
0.0
0.0
0.0
0.0
0.0
0.0
0.0
0.0
0.0
0.0
0.0
0.0
0.0
0.0
0.0
0.0
0.0
0.0
0.0
0.0
0.0
0.0
0.0
0.0
0.0
0.0
0.0
0.0
0.0
0.0
0.0
0.0
0.0
0.0
0.0
0.0
0.0
0.0
0.0
0.0
0.0
0.0
0.0
0.0
0.0
0.0
0.0
0.0
0.0
0.0
0.0
0.0
0.0
0.0
0.0
0.0
0.0
0.0
0.0
0.0
0.0
0.0
0.0
0.0
0.0
0.0
0.0
0.0
0.0
0.0
0.0
0.0
0.0
0.0
0.0
0.0
0.0
0.0
0.0
0.0
0.0
0.0
0.0
0.0
0.0
0.0
0.0
0.0
0.0
0.0
0.0
0.0
0.0
0.0
0.0
0.0
0.0
0.0
0.0
0.0
0.0
0.0
0.0
0.0
0.0
0.0
0.0
0.0
0.0
0.0
0.0
0.0
0.0
0.0
0.0
0.0
0.0
0.0
0.0
0.0
0.0
0.0
0.0
0.0
0.0
0.0
0.0
0.0
0.0
0.0
0.0
0.0
0.0
0.0
0.0
0.0
0.0
0.0
0.0
0.0
0.0
0.0
0.0
0.0
0.0
0.0
0.0
0.0
0.0
0.0
0.0
0.0
0.0
0.0
0.0
0.0
0.0
0.0
0.0
0.0
0.0
0.0
0.0
0.0
0.0
0.0
0.0
0.0
0.0
0.0
0.0
0.0
0.0
0.0
0.0
0.0
0.0
0.0
0.0
0.0
0.0
0.0
0.0
0.0
-1.0
0.0
0.0
0.0
0.0
0.0
0.0
0.0
0.0
0.0
0.0
0.0
0.0
0.0
0.0
0.0
0.0
0.0
0.0
0.0
0.0
0.0
0.0
0.0
0.0
0.0
0.0
0.0
0.0
0.0
0.0
0.0
0.0
0.0
0.0
0.0
0.0
0.0
0.0
0.0
0.0
0.0
0.0
0.0
0.0
0.0
0.0
0.0
0.0
0.0
0.0
0.0
0.0
0.0
0.0
0.0
0.0
0.0
0.0
0.0
0.0
0.0
0.0
0.0
0.0
0.0
0.0
0.0
0.0
0.0
0.0
0.0
0.0
0.0
0.0
0.0
0.0
0.0
0.0
0.0
0.0
0.0
0.0
0.0
0.0
0.0
0.0
0.0
0.0
0.0
0.0
0.0
0.0
0.0
0.0
0.0
0.0
0.0
0.0
0.0
0.0
0.0
0.0
-1.0
0.0
0.0
0.0
0.0
0.0
0.0
0.0
0.0
0.0
0.0
0.0
0.0
0.0
0.0
0.0
0.0
0.0
0.0
0.0
0.0
0.0
0.0
0.0
1.0
0.0
0.0
-1.0
0.0
0.0
0.0
0.0
0.0
0.0
0.0
0.0
0.0
0.0
0.0
0.0
0.0
0.0
0.0
0.0
0.0
0.0
0.0
0.0
0.0
0.0
0.0
0.0
0.0
0.0
0.0
0.0
0.0
0.0
1.0
0.0
0.0
0.0
0.0
1.0
0.0
0.0
0.0
0.0
0.0
0.0
0.0
0.0
0.0
0.0
0.0
0.0
0.0
0.0
0.0
0.0
0.0
0.0
0.0
0.0
0.0
0.0
0.0
0.0
0.0
0.0
0.0
0.0
0.0
0.0
0.0
0.0
0.0
0.0
0.0
0.0
0.0
0.0
0.0
0.0
0.0
0.0
0.0
0.0
0.0
0.0
0.0
0.0
0.0
0.0
0.0
0.0
0.0
0.0
0.0
0.0
0.0
0.0
0.0
0.0
0.0
0.0
0.0
0.0
0.0
0.0
0.0
0.0
0.0
0.0
0.0
0.0
0.0
0.0
0.0
0.0
0.0
0.0
0.0
0.0
0.0
0.0
0.0
0.0
0.0
0.0
0.0
0.0
0.0
0.0
0.0
0.0
0.0
0.0
0.0
0.0
0.0
0.0
0.0
0.0
0.0
0.0
0.0
0.0
0.0
0.0
0.0
0.0
0.0
0.0
0.0
0.0
0.0
0.0
0.0
0.0
0.0
0.0
0.0
0.0
0.0
0.0
0.0
0.0
0.0
0.0
0.0
0.0
0.0
0.0
0.0
0.0
0.0
0.0
0.0
0.0
0.0
0.0
0.0
0.0
0.0
0.0
0.0
0.0
0.0
0.0
0.0
0.0
0.0
0.0
0.0
0.0
0.0
0.0
0.0
0.0
1.0
0.0
0.0
0.0
0.0
0.0
0.0
0.0
0.0
0.0
0.0
0.0
0.0
0.0
0.0
0.0
0.0
0.0
0.0
1.0
0.0
0.0
0.0
0.0
0.0
0.0
0.0
0.0
0.0
0.0
0.0
0.0
0.0
0.0
0.0
0.0
0.0
0.0
0.0
0.0
0.0
0.0
0.0
0.0
0.0
0.0
0.0
0.0
0.0
0.0
0.0
0.0
0.0
0.0
0.0
0.0
0.0
0.0
0.0
0.0
0.0
0.0
0.0
0.0
0.0
0.0
0.0
0.0
0.0
0.0
0.0
0.0
0.0
0.0
0.0
0.0
0.0
0.0
0.0
0.0
0.0
0.0
0.0
0.0
0.0
0.0
0.0
0.0
0.0
0.0
0.0
0.0
0.0
0.0
0.0
0.0
0.0
0.0
0.0
0.0
0.0
0.0
0.0
0.0
0.0
0.0
0.0
0.0
0.0
0.0
0.0
0.0
0.0
0.0
0.0
1.0
1.0
0.0
0.0
0.0
0.0
0.0
0.0
0.0
0.0
0.0
0.0
0.0
0.0
0.0
0.0
0.0
0.0
0.0
0.0
0.0
0.0
0.0
0.0
0.0
0.0
0.0
0.0
0.0
0.0
0.0
0.0
0.0
0.0
0.0
0.0
0.0
0.0
0.0
0.0
0.0
0.0
0.0
0.0
0.0
0.0
0.0
0.0
0.0
0.0
0.0
0.0
0.0
0.0
0.0
0.0
0.0
0.0
0.0
0.0
0.0
0.0
0.0
0.0
0.0
0.0
0.0
0.0
0.0
0.0
0.0
0.0
0.0
0.0
0.0
0.0
0.0
0.0
0.0
0.0
0.0
0.0
0.0
0.0
-1.0
0.0
0.0
0.0
0.0
0.0
0.0
0.0
0.0
0.0
0.0
0.0
0.0
0.0
0.0
0.0
0.0
0.0
0.0
0.0
0.0
0.0
0.0
0.0
0.0
0.0
0.0
0.0
0.0
0.0
0.0
0.0
0.0
0.0
0.0
0.0
0.0
0.0
0.0
0.0
0.0
0.0
0.0
0.0
0.0
0.0
0.0
0.0
0.0
0.0
0.0
0.0
0.0
0.0
0.0
0.0
0.0
0.0
0.0
0.0
0.0
0.0
0.0
0.0
0.0
0.0
0.0
0.0
0.0
0.0
0.0
0.0
0.0
0.0
0.0
0.0
0.0
0.0
0.0
0.0
0.0
0.0
0.0
0.0
0.0
0.0
0.0
0.0
0.0
0.0
0.0
0.0
0.0
0.0
0.0
0.0
0.0
0.0
0.0
0.0
0.0
0.0
0.0
0.0
0.0
0.0
0.0
0.0
0.0
0.0
0.0
0.0
0.0
0.0
0.0
0.0
0.0
0.0
0.0
0.0
0.0
0.0
0.0
0.0
0.0
0.0
0.0
0.0
0.0
0.0
0.0
0.0
0.0
0.0
0.0
0.0
0.0
0.0
0.0
0.0
0.0
0.0
0.0
0.0
0.0
0.0
0.0
0.0
0.0
0.0
0.0
0.0
0.0
0.0
0.0
0.0
0.0
0.0
0.0
0.0
0.0
0.0
0.0
0.0
0.0
0.0
0.0
0.0
0.0
9632.0
434176.0
24064.0
487424.0
0.0
0.0
0.0
0.0
28780.0
454656.0
0.0
0.0
0.0
0.0
0.0
0.0
24.0
450560.0
0.0
0.0
0.0
0.0
0.0
0.0
0.0
0.0
0.0
0.0
