0.24737523
0.013099199
0.005970425
0.005520641
0.016814541
0.0036044363
0.0040665437
0.0024276031
0.014590265
0.0019963032
0.0022612447
0.000831793
0.006038201
0.0029328405
0.0014972273
0.0025939618
0.0083733825
0.0016882317
0.0010536044
0.00060998154
0.0050523723
0.0051016635
0.0009365373
0.0005853358
0.0043253233
0.0016820702
0.00060998154
0.00055452867
0.002452249
0.00038817007
0.0020332718
0.0025878004
0.004904498
0.000745533
0.00047443007
0.0005298829
0.027369069
0.0018977203
0.00043130005
0.00089340727
0.0012815773
0.00038817007
0.00044978436
0.0009303758
0.0016697474
0.0012939002
0.0014849046
0.0004805915
0.0024337647
0.000788663
0.0013185459
0.0035551449
0.0015033887
0.0006900801
0.00060998154
0.00056069007
0.0015834874
0.0013185459
0.00077634014
0.0040973504
0.0013123845
0.0009365373
0.0004559458
0.0011521874
0.007116451
0.017504621
0.003228589
0.0067775724
0.011281577
0.005341959
0.003974122
0.0018114602
0.0031608134
0.0016820702
0.0008564387
0.0006038201
0.0065126307
0.0054035736
0.002969809
0.0012446088
0.011934689
0.0062600123
0.0041712876
0.0040665437
0.004688848
0.0022304375
0.008521257
0.0047874306
0.0017252002
0.001620456
0.0006223044
0.0022735675
0.0026925446
0.0018545903
0.0053727664
0.004158965
0.0011953174
0.003641405
0.00072704867
0.0019593346
0.004768946
0.006025878
0.0023290203
0.000918053
0.0051817624
0.0031608134
0.004725816
0.00047443007
0.003228589
0.0014171287
0.0025138631
0.0032655576
0.0022489217
0.00036352433
0.004004929
0.0031731362
0.013727665
0.006198398
0.0009365373
0.0009550216
0.0012199631
0.0009365373
0.0005914972
0.0005237215
0.0034504004
0.0017005545
0.0008626001
0.0005853358
0.0032963648
0.0018607517
0.00026494145
0.008484288
0.0040665437
0.009020333
0.00064078864
0.00034504005
0.0022858903
0.014695009
0.0014048059
0.041528035
0.0015588417
0.013425754
0.00070856436
0.0003943315
0.0012630931
0.0003820086
0.00051139866
0.0011028958
0.0010967344
0.0007332101
0.0005914972
0.0004436229
0.0010844116
0.0003943315
0.0004189772
0.0004805915
0.001047443
0.00072088727
0.00046826864
0.00032655578
0.0010104744
0.0014109673
0.00041281577
0.00042513863
0.00072088727
0.0005052372
0.00030191004
0.0003327172
0.001090573
0.0003758472
0.00063462724
0.00042513863
0.0006223044
0.0002526186
0.00016019716
0.00012939001
0.0022920517
0.0020579174
0.0021996303
0.0005483672
0.000831793
0.0005237215
0.0005791744
0.0003327172
0.002741836
0.0011460258
0.00040049292
0.00044978436
0.0009365373
0.00055452867
0.0005730129
0.0003758472
0.007677141
0.0029759705
0.004849045
0.0036660505
0.004812076
0.00041281577
0.006112138
0.0052433764
0.001435613
0.0025939618
0.0006962415
0.0009365373
0.03606901
0.00044978436
0.0012384473
0.0012630931
0.0011090573
0.00067775726
0.0008810844
0.0007332101
0.0008133087
0.0005422058
0.00072704867
0.0008995687
0.0013555145
0.0004805915
0.00035120148
0.0011953174
0.00080098584
0.00041281577
0.0006715958
0.0005422058
0.0013986445
0.00038817007
0.00032039432
0.00035120148
0.0012199631
0.0006223044
0.0005052372
0.0003573629
0.012526186
0.0048552062
0.0003820086
0.002667899
0.0028034505
0.00038817007
0.0005730129
0.0003758472
0.004017252
0.0020702402
0.00040665435
0.0008564387
0.0009118916
0.00042513863
0.001836106
0.0008194701
0.001922366
0.0013185459
0.0007516944
0.0016327788
0.0029882933
0.00086876156
0.002667899
0.042310536
0.012738854
0.0
0.0
0.0
0.0
0.0
0.0
0.0
0.0
0.0
0.0
0.0
0.0
0.0
0.0
0.0
0.006176602
3.1100717e-06
1.2440287e-05
6.2201434e-06
5.598129e-05
9.330215e-06
1.5550359e-05
1.2440287e-05
2.7990645e-05
0.0
6.2201434e-06
6.2201434e-06
2.1770502e-05
3.1100717e-06
6.2201434e-06
6.2201434e-06
0.0
0.0
0.0
0.0
0.0
0.0
0.0
0.0
0.0
0.0
0.0
0.0
0.0
0.0
0.0
0.0
0.011074965
0.00010885251
0.00015550359
9.9522294e-05
0.00039808918
7.464172e-05
0.00020526473
6.5311506e-05
5.598129e-05
8.3971936e-05
6.5311506e-05
5.9091362e-05
3.732086e-05
5.9091362e-05
1.5550359e-05
0.00018038416
0.010499602
9.9522294e-05
9.641222e-05
0.00010574244
0.00084904954
4.9761147e-05
9.641222e-05
4.9761147e-05
4.6651076e-05
0.00010574244
9.641222e-05
0.00012440287
0.00012751293
0.00013373308
0.00014928344
0.00010885251
0.020697527
0.00044163017
0.00019593451
0.00020526473
0.0017851811
0.00020526473
0.0002425856
0.00022392516
0.00019282445
0.0001866043
0.00018349422
0.00020215465
0.00019904459
0.0001866043
0.00017105394
0.00015861365
0.018259231
0.001604797
0.00072464667
0.0004509604
0.0018784833
0.00027990644
0.0006157942
0.00055670284
0.00016172373
7.775179e-05
0.00010574244
0.00014928344
0.00016172373
0.00010885251
8.708201e-05
0.00025502587
0.026236564
0.002298343
0.0007464172
0.00022392516
0.002559589
0.00042918988
0.00059091364
0.0004385201
0.00032655752
0.00066555536
0.0005162719
0.00071842654
0.0003732086
0.00045718055
0.00029234673
0.001343551
0.03161699
0.0011413964
0.001343551
0.0008552697
0.004425632
0.00044474026
0.0013622114
0.0008770402
0.00029545682
0.0023294436
0.0012067078
0.00032655752
0.0005691431
0.00042607982
0.0007059863
0.0030292098
0.010620895
0.00018971437
0.00026746615
0.00024569567
0.0018815934
0.0007059863
0.0018442725
0.0010760848
0.00022081508
0.00043541004
0.00026124602
0.00018971437
0.00015861365
0.0002519158
0.00010885251
0.00065000495
0.026740396
0.0006593352
0.0029265773
0.0035734724
0.009952229
0.0044629527
0.013930011
0.007992884
0.0011662769
0.0005349323
0.00043541004
0.0003949791
0.00096101215
0.00075263734
0.0008086186
0.0011413964
0.010620895
0.0002519158
0.0009858927
0.00048206112
0.0030976313
0.0009454618
0.002730643
0.0014088624
0.00062823447
0.00018971437
0.00026124602
0.00062201434
0.0013280006
0.00029234673
0.0007059863
0.00092680135
0.014601787
0.0028083946
0.002907917
0.001085415
0.0058251643
0.006254354
0.004148836
0.0033184465
0.009728304
0.00078373804
0.0007712978
0.0013062301
0.010801279
0.0011071855
0.0040244325
0.0069603403
0.10188284
0.022177922
0.027844472
0.011326881
0.036223006
0.041419934
0.0147293
0.01992623
0.07276635
0.004263908
0.003557922
0.008720641
0.052678395
0.0058282744
0.016349647
0.038011298
0.028441606
0.006307225
0.0071687154
0.0043727607
0.010875921
0.011840043
0.0044753933
0.005517267
0.01906474
0.0013684315
0.0013217805
0.0037631867
0.013482161
0.0025875797
0.006279235
0.013261345
0.0
0.0
0.0
0.0
0.0
0.0
0.0
0.0
0.0
0.0
0.0
0.0
0.0
0.0
0.0
0.0
561.0
17.117647
9603.0
0.023430178
0.00072893884
0.0013537436
0.000833073
0.019889617
0.0028116214
0.000104134124
0.008851401
0.0013537436
0.00072893884
0.00020826825
0.0005206706
0.0015620119
0.008538999
0.009580339
0.0020826824
0.0071852547
0.0054149744
0.008643133
0.004998438
0.005623243
0.0037488285
0.0031240238
0.003957097
0.0047901697
0.0042694993
0.0028116214
0.0018744143
0.0021868167
0.0064563155
0.001666146
0.013849839
0.035197333
0.015620119
0.012079558
0.020410288
0.02145163
0.011454754
0.006664584
0.008226596
0.0021868167
0.008226596
0.0004165365
0.0015620119
0.009996876
0.008955535
0.01010101
0.0043736333
0.011975424
0.0069769863
0.007914194
0.010829949
0.0078100595
0.006664584
0.012079558
0.01187129
0.003332292
0.0031240238
0.0034364262
0.0018744143
0.0019785485
0.0022909509
0.0022909509
0.014787045
0.000833073
0.040716443
0.0072893887
0.025304593
0.022076434
0.06789545
0.0046860357
0.0090596685
0.010205144
0.041861918
0.0038529625
0.0023950848
0.0305113
0.01666146
0.031240238
0.041861918
0.013953973
0.0004165365
0.04571488
0.037488285
0.057273768
0.011038217
0.004894304
0.004061231
0.0068728523
0.005935645
0.0011454754
0.0014578777
0.002499219
0.0013537436
0.0
0.000104134124
5.7479067
1.0
1.0
0.0
4.0
162300.0
155648.0
1.0
0.0
193.0
0.0
1.0
0.0
0.0
0.0
1166892700.0
0.0
0.0
0.0
0.0
0.0
1.0
0.0
0.0
0.0
0.0
0.0
0.0
-1.0
0.0
-1.0
-1.0
0.0
0.0
0.0
0.0
0.0
0.0
0.0
0.0
0.0
0.0
0.0
0.0
-1.0
0.0
0.0
0.0
0.0
0.0
0.0
0.0
0.0
0.0
0.0
0.0
0.0
-1.0
0.0
0.0
0.0
0.0
0.0
0.0
0.0
0.0
0.0
0.0
7.0
10.0
4.0
0.0
4.0
0.0
106496.0
4096.0
4096.0
4.0
0.0
0.0
1.0
2.0
0.0
0.0
0.0
0.0
0.0
0.0
0.0
0.0
0.0
0.0
0.0
0.0
0.0
0.0
24576.0
0.0
0.0
0.0
0.0
0.0
0.0
0.0
0.0
0.0
0.0
0.0
0.0
0.0
0.0
0.0
0.0
0.0
-16384.0
0.0
0.0
0.0
0.0
0.0
0.0
0.0
0.0
-106496.0
0.0
4096.0
0.0
0.0
0.0
0.0
0.0
0.0
0.0
0.0
0.0
0.0
0.0
0.0
0.0
0.0
0.0
0.0
0.0
0.0
0.0
0.0
4.9784827
0.0
0.0
0.0
0.0
0.0
0.0
0.0
0.0
0.0
0.0
0.0
0.0
0.0
0.0
0.0
0.0
0.0
-2.883507
0.0
0.0
0.0
0.0
0.0
0.0
0.0
0.0
-6.3470416
0.0
4.7492046
0.0
0.0
0.0
0.0
0.0
0.0
0.0
0.0
0.0
0.0
0.0
0.0
0.0
0.0
0.0
0.0
0.0
0.0
0.0
0.0
24228.0
0.0
0.0
0.0
0.0
0.0
0.0
0.0
0.0
0.0
0.0
0.0
0.0
0.0
0.0
0.0
0.0
0.0
-14996.0
0.0
0.0
0.0
0.0
0.0
0.0
0.0
0.0
-105846.0
0.0
4096.0
0.0
0.0
0.0
0.0
0.0
0.0
0.0
0.0
0.0
-1.0
0.0
0.0
0.0
0.0
0.0
1.0
0.0
0.0
0.0
0.0
0.0
0.0
0.0
0.0
0.0
0.0
0.0
0.0
0.0
0.0
0.0
0.0
0.0
0.0
0.0
0.0
0.0
0.0
0.0
0.0
0.0
0.0
0.0
0.0
0.0
-2.0
0.0
0.0
0.0
1.0
0.0
0.0
0.0
0.0
0.0
0.0
0.0
0.0
0.0
0.0
0.0
0.0
0.0
0.0
0.0
0.0
0.0
0.0
0.0
-1.0
0.0
0.0
0.0
0.0
0.0
0.0
0.0
0.0
0.0
1.0
0.0
0.0
0.0
0.0
1.0
0.0
0.0
0.0
0.0
0.0
0.0
0.0
0.0
0.0
0.0
0.0
0.0
0.0
0.0
0.0
0.0
0.0
0.0
0.0
0.0
0.0
0.0
0.0
0.0
0.0
0.0
0.0
0.0
0.0
0.0
0.0
0.0
0.0
0.0
0.0
0.0
0.0
0.0
0.0
0.0
0.0
0.0
0.0
0.0
0.0
0.0
1.0
0.0
0.0
0.0
0.0
-1.0
0.0
0.0
0.0
0.0
0.0
0.0
0.0
0.0
0.0
0.0
0.0
0.0
-1.0
0.0
0.0
0.0
0.0
0.0
0.0
0.0
-1.0
0.0
0.0
0.0
0.0
0.0
0.0
0.0
0.0
0.0
0.0
0.0
0.0
0.0
1.0
0.0
0.0
-1.0
0.0
0.0
0.0
0.0
0.0
0.0
0.0
0.0
0.0
0.0
0.0
0.0
0.0
0.0
0.0
0.0
0.0
0.0
0.0
0.0
0.0
0.0
0.0
0.0
0.0
0.0
0.0
0.0
0.0
0.0
0.0
-1.0
0.0
0.0
0.0
0.0
0.0
0.0
0.0
0.0
0.0
0.0
0.0
0.0
0.0
0.0
0.0
0.0
1.0
0.0
0.0
0.0
0.0
0.0
0.0
0.0
0.0
0.0
0.0
0.0
0.0
0.0
0.0
0.0
0.0
0.0
0.0
0.0
0.0
0.0
0.0
0.0
0.0
0.0
0.0
0.0
0.0
0.0
0.0
0.0
0.0
0.0
0.0
0.0
0.0
0.0
0.0
0.0
0.0
0.0
0.0
0.0
0.0
0.0
0.0
0.0
0.0
0.0
0.0
0.0
0.0
0.0
0.0
0.0
0.0
0.0
0.0
0.0
0.0
0.0
0.0
0.0
0.0
0.0
0.0
0.0
0.0
0.0
0.0
0.0
0.0
0.0
0.0
0.0
0.0
0.0
0.0
0.0
0.0
0.0
0.0
0.0
0.0
0.0
0.0
0.0
0.0
0.0
0.0
0.0
0.0
0.0
0.0
0.0
0.0
0.0
0.0
0.0
0.0
0.0
0.0
0.0
0.0
0.0
0.0
0.0
0.0
0.0
0.0
0.0
0.0
0.0
0.0
0.0
0.0
0.0
0.0
0.0
0.0
0.0
0.0
1.0
0.0
0.0
0.0
0.0
0.0
0.0
0.0
0.0
0.0
0.0
0.0
0.0
0.0
0.0
1.0
0.0
0.0
0.0
-1.0
1.0
0.0
0.0
0.0
1.0
0.0
0.0
0.0
1.0
1.0
0.0
0.0
1.0
0.0
1.0
1.0
0.0
0.0
0.0
0.0
0.0
0.0
0.0
0.0
-1.0
0.0
0.0
0.0
0.0
1.0
0.0
0.0
0.0
-1.0
0.0
0.0
0.0
0.0
0.0
0.0
0.0
0.0
0.0
0.0
0.0
0.0
0.0
0.0
0.0
-2.0
0.0
0.0
0.0
0.0
0.0
0.0
0.0
0.0
0.0
-1.0
0.0
0.0
0.0
0.0
0.0
-1.0
-1.0
1.0
0.0
0.0
0.0
0.0
0.0
0.0
0.0
0.0
0.0
0.0
0.0
0.0
0.0
0.0
1.0
0.0
0.0
0.0
0.0
1.0
0.0
0.0
0.0
0.0
0.0
0.0
0.0
1.0
0.0
0.0
1.0
1.0
1.0
0.0
0.0
0.0
0.0
0.0
0.0
1.0
0.0
0.0
0.0
0.0
0.0
0.0
0.0
0.0
0.0
0.0
0.0
0.0
0.0
0.0
0.0
0.0
0.0
0.0
0.0
-1.0
0.0
0.0
0.0
0.0
0.0
0.0
0.0
0.0
0.0
1.0
0.0
-1.0
0.0
0.0
0.0
-1.0
0.0
1.0
0.0
0.0
0.0
0.0
0.0
0.0
0.0
-1.0
0.0
0.0
-1.0
0.0
2.0
1.0
0.0
0.0
0.0
0.0
1.0
0.0
0.0
0.0
0.0
0.0
0.0
0.0
0.0
0.0
-2.0
0.0
0.0
0.0
0.0
0.0
0.0
0.0
0.0
0.0
-1.0
0.0
0.0
1.0
0.0
0.0
0.0
0.0
0.0
0.0
0.0
0.0
0.0
0.0
0.0
0.0
0.0
0.0
1.0
0.0
0.0
0.0
0.0
-1.0
0.0
-1.0
0.0
0.0
0.0
0.0
0.0
0.0
0.0
0.0
0.0
-1.0
0.0
-1.0
3.0
0.0
1.0
0.0
0.0
0.0
0.0
0.0
0.0
0.0
0.0
0.0
1.0
0.0
0.0
0.0
0.0
0.0
0.0
0.0
0.0
0.0
0.0
0.0
0.0
0.0
2.0
0.0
-1.0
0.0
0.0
0.0
0.0
0.0
0.0
0.0
0.0
0.0
1.0
0.0
-1.0
0.0
1.0
-1.0
0.0
0.0
0.0
0.0
-1.0
0.0
1.0
0.0
0.0
0.0
-2.0
0.0
0.0
-1.0
0.0
0.0
-1.0
0.0
0.0
0.0
0.0
0.0
0.0
0.0
0.0
1.0
0.0
0.0
0.0
0.0
0.0
0.0
0.0
0.0
0.0
0.0
-1.0
0.0
1.0
0.0
1.0
0.0
0.0
0.0
-1.0
0.0
0.0
-1.0
0.0
0.0
0.0
-1.0
-1.0
0.0
0.0
0.0
0.0
0.0
0.0
-1.0
0.0
0.0
0.0
0.0
0.0
0.0
0.0
0.0
-1.0
0.0
-1.0
0.0
0.0
0.0
0.0
0.0
0.0
0.0
0.0
-1.0
0.0
0.0
0.0
0.0
0.0
0.0
0.0
0.0
0.0
-1.0
0.0
0.0
-1.0
0.0
0.0
0.0
0.0
1.0
0.0
0.0
0.0
0.0
0.0
1.0
0.0
0.0
0.0
0.0
0.0
1.0
0.0
0.0
0.0
0.0
0.0
-1.0
0.0
0.0
-1.0
0.0
0.0
0.0
0.0
0.0
0.0
0.0
0.0
1.0
0.0
0.0
0.0
0.0
-1.0
0.0
0.0
0.0
0.0
0.0
0.0
0.0
0.0
-1.0
0.0
0.0
0.0
0.0
0.0
0.0
0.0
0.0
0.0
0.0
0.0
0.0
0.0
0.0
0.0
0.0
0.0
0.0
1.0
0.0
0.0
0.0
0.0
-1.0
0.0
0.0
0.0
0.0
0.0
0.0
0.0
0.0
0.0
0.0
0.0
0.0
0.0
1.0
0.0
1.0
0.0
0.0
-1.0
0.0
0.0
0.0
0.0
0.0
0.0
-1.0
0.0
2.0
0.0
0.0
0.0
0.0
0.0
0.0
0.0
0.0
0.0
0.0
0.0
1.0
0.0
0.0
0.0
0.0
-1.0
-1.0
-1.0
-1.0
0.0
0.0
-1.0
0.0
0.0
0.0
0.0
0.0
0.0
0.0
0.0
0.0
0.0
0.0
0.0
0.0
0.0
0.0
0.0
1.0
0.0
0.0
1.0
1.0
0.0
0.0
0.0
0.0
0.0
1.0
1.0
0.0
0.0
0.0
0.0
0.0
0.0
0.0
0.0
0.0
0.0
0.0
0.0
0.0
0.0
0.0
0.0
0.0
0.0
0.0
0.0
0.0
0.0
0.0
0.0
0.0
0.0
0.0
0.0
0.0
0.0
0.0
0.0
0.0
0.0
0.0
0.0
1.0
0.0
1.0
-1.0
0.0
0.0
0.0
0.0
0.0
0.0
0.0
0.0
0.0
1.0
0.0
1.0
0.0
0.0
0.0
0.0
0.0
0.0
-1.0
0.0
0.0
0.0
0.0
0.0
0.0
0.0
-1.0
0.0
0.0
0.0
0.0
1.0
0.0
0.0
0.0
0.0
0.0
1.0
0.0
1.0
0.0
1.0
-1.0
0.0
-1.0
0.0
0.0
0.0
0.0
0.0
0.0
0.0
0.0
0.0
0.0
0.0
0.0
0.0
-1.0
0.0
0.0
0.0
0.0
0.0
0.0
-1.0
0.0
0.0
0.0
0.0
0.0
0.0
1.0
0.0
0.0
0.0
0.0
0.0
0.0
1.0
0.0
0.0
0.0
1.0
1.0
2.0
0.0
0.0
0.0
0.0
0.0
-1.0
0.0
0.0
0.0
0.0
0.0
0.0
0.0
0.0
0.0
-1.0
0.0
0.0
0.0
0.0
0.0
0.0
0.0
0.0
0.0
0.0
0.0
0.0
0.0
1.0
0.0
0.0
0.0
0.0
0.0
0.0
0.0
0.0
0.0
0.0
-1.0
0.0
0.0
0.0
0.0
0.0
0.0
0.0
0.0
0.0
0.0
-1.0
1.0
0.0
0.0
0.0
0.0
1.0
0.0
0.0
0.0
1.0
0.0
0.0
0.0
0.0
0.0
0.0
0.0
0.0
-1.0
0.0
0.0
0.0
0.0
0.0
0.0
0.0
0.0
0.0
0.0
0.0
0.0
0.0
0.0
0.0
0.0
1.0
0.0
0.0
2.0
0.0
0.0
1.0
0.0
0.0
1.0
1.0
0.0
0.0
0.0
0.0
0.0
-1.0
0.0
0.0
0.0
0.0
0.0
0.0
-1.0
0.0
-1.0
0.0
0.0
0.0
0.0
0.0
0.0
0.0
0.0
0.0
0.0
0.0
1.0
0.0
0.0
0.0
0.0
1.0
0.0
0.0
0.0
1.0
0.0
0.0
0.0
0.0
0.0
0.0
0.0
0.0
0.0
0.0
1.0
0.0
0.0
0.0
-1.0
0.0
0.0
0.0
-1.0
0.0
-1.0
-1.0
0.0
0.0
0.0
0.0
0.0
0.0
0.0
0.0
0.0
0.0
1.0
0.0
0.0
0.0
0.0
-1.0
0.0
0.0
0.0
0.0
0.0
0.0
0.0
-1.0
0.0
-1.0
0.0
0.0
0.0
0.0
0.0
0.0
0.0
1.0
0.0
0.0
0.0
0.0
1.0
0.0
0.0
0.0
0.0
0.0
0.0
0.0
0.0
0.0
0.0
0.0
0.0
0.0
0.0
0.0
0.0
0.0
0.0
0.0
2.0
2.0
0.0
0.0
0.0
1.0
1.0
0.0
0.0
0.0
0.0
0.0
0.0
0.0
0.0
0.0
0.0
0.0
0.0
0.0
-1.0
-1.0
0.0
0.0
0.0
0.0
0.0
1.0
0.0
0.0
-1.0
-1.0
0.0
0.0
0.0
0.0
0.0
0.0
-1.0
0.0
-1.0
0.0
0.0
0.0
0.0
0.0
0.0
-1.0
0.0
0.0
0.0
0.0
0.0
0.0
0.0
0.0
0.0
0.0
0.0
0.0
0.0
0.0
0.0
0.0
0.0
0.0
0.0
0.0
0.0
0.0
0.0
-1.0
0.0
0.0
0.0
0.0
0.0
-1.0
0.0
0.0
0.0
0.0
0.0
0.0
0.0
0.0
0.0
0.0
0.0
0.0
0.0
0.0
0.0
0.0
0.0
1.0
0.0
1.0
0.0
0.0
0.0
0.0
0.0
0.0
0.0
-1.0
0.0
-1.0
0.0
0.0
0.0
0.0
0.0
0.0
0.0
0.0
0.0
0.0
0.0
0.0
0.0
0.0
0.0
-1.0
-1.0
0.0
0.0
0.0
-1.0
0.0
-1.0
0.0
0.0
0.0
0.0
0.0
0.0
0.0
0.0
0.0
0.0
0.0
0.0
0.0
0.0
0.0
1.0
0.0
0.0
0.0
0.0
0.0
0.0
0.0
0.0
0.0
0.0
0.0
0.0
-1.0
0.0
0.0
0.0
0.0
0.0
0.0
0.0
-1.0
0.0
0.0
0.0
0.0
0.0
0.0
0.0
0.0
0.0
0.0
0.0
0.0
0.0
0.0
0.0
0.0
0.0
0.0
0.0
0.0
0.0
0.0
0.0
0.0
0.0
0.0
0.0
0.0
0.0
0.0
0.0
0.0
0.0
0.0
0.0
0.0
0.0
0.0
0.0
0.0
0.0
0.0
0.0
0.0
0.0
0.0
0.0
0.0
0.0
0.0
0.0
0.0
0.0
0.0
0.0
0.0
0.0
0.0
0.0
0.0
0.0
0.0
0.0
0.0
0.0
0.0
0.0
0.0
0.0
0.0
0.0
0.0
0.0
0.0
0.0
0.0
0.0
0.0
0.0
0.0
0.0
0.0
0.0
0.0
0.0
0.0
0.0
0.0
0.0
0.0
0.0
0.0
0.0
0.0
0.0
0.0
0.0
0.0
0.0
0.0
0.0
0.0
0.0
0.0
0.0
0.0
0.0
0.0
0.0
0.0
0.0
0.0
0.0
0.0
0.0
0.0
0.0
0.0
0.0
0.0
0.0
0.0
0.0
0.0
0.0
0.0
0.0
0.0
0.0
0.0
0.0
220.0
129256.0
3600.0
151552.0
0.0
0.0
0.0
0.0
0.0
0.0
28.0
111408.0
0.0
0.0
0.0
0.0
0.0
0.0
72.0
119856.0
0.0
0.0
812.0
110592.0
0.0
0.0
0.0
0.0
