0.0027462002
5.697563e-05
3.0951283e-05
2.8298316e-05
5.0280047e-05
2.3750374e-05
1.1243528e-05
1.2506845e-05
6.291323e-05
1.2001518e-05
1.4401822e-05
8.843224e-06
3.916285e-05
1.6802125e-05
7.4535747e-06
2.8929977e-05
3.638355e-05
5.8112614e-06
4.1689486e-06
4.421612e-06
1.3391168e-05
1.8823433e-05
3.916285e-06
3.5372896e-06
1.2001518e-05
3.4109578e-06
2.779299e-06
2.779299e-06
7.200911e-06
3.284626e-06
3.284626e-06
4.29528e-06
5.8112615e-05
4.421612e-06
3.284626e-06
5.179603e-06
2.9435303e-05
5.9375934e-06
2.779299e-06
1.5159812e-06
6.9482476e-06
6.190257e-06
1.642313e-06
7.4535747e-06
4.0426166e-06
3.0319625e-06
1.566514e-05
2.0213083e-06
1.566514e-05
4.29528e-06
6.3165885e-06
2.8424649e-05
7.200911e-06
9.095887e-06
5.3059343e-06
3.4109578e-06
9.8538785e-06
8.969556e-06
5.68493e-06
1.9202429e-05
7.3272427e-06
6.063925e-06
3.7899533e-06
4.0426166e-06
0.00010978231
1.4528154e-05
6.569252e-06
1.0864533e-05
3.3225257e-05
5.1038038e-05
2.0971074e-05
1.4907149e-05
1.5033481e-05
1.0864533e-05
4.421612e-06
3.0319625e-06
9.98021e-06
3.0193294e-05
6.3165885e-06
5.9375934e-06
3.562556e-05
1.32648365e-05
1.4528154e-05
2.349771e-05
9.348551e-06
2.273972e-05
2.0971074e-05
1.8949766e-05
7.5799067e-06
1.8949766e-05
2.9056307e-06
6.3165885e-06
7.3272427e-06
1.0611869e-05
1.32648365e-05
1.0611869e-05
5.053271e-06
3.3730583e-05
4.9269393e-06
1.35175e-05
1.6423131e-05
6.24079e-05
1.3896495e-05
8.59056e-06
2.3245046e-05
3.196194e-05
2.2487056e-05
5.8112614e-06
2.42557e-05
9.6012145e-06
2.7161332e-05
3.4488574e-05
3.0445957e-05
2.14764e-06
3.6762547e-05
2.6529673e-05
8.135766e-05
6.7461166e-05
1.0485537e-05
1.0738201e-05
1.5917803e-05
7.200911e-06
2.5266354e-06
6.063925e-06
1.3391168e-05
1.5033481e-05
4.1689486e-06
3.284626e-06
3.347792e-05
1.136986e-05
4.0426166e-06
8.62846e-05
1.4907149e-05
3.916285e-05
1.5159812e-06
2.14764e-06
1.9834088e-05
4.85114e-05
1.5286145e-05
0.00012052051
3.5372896e-06
4.33318e-05
4.8006073e-06
8.337897e-06
0.993797
1.7686448e-06
1.0106542e-06
1.8949767e-06
3.0319625e-06
1.0485537e-05
4.1689486e-06
3.7899533e-06
2.14764e-06
2.0213083e-06
7.579906e-07
1.642313e-06
1.8949767e-06
3.789953e-07
2.0213083e-06
1.4401822e-05
9.474883e-06
8.085233e-06
2.9056307e-06
6.9482476e-06
2.2739719e-06
2.779299e-06
1.2633177e-06
8.843224e-07
4.29528e-06
1.8949767e-06
1.2633177e-06
1.642313e-06
1.7686448e-06
2.5266354e-07
5.053271e-07
6.3165885e-07
2.779299e-06
6.3165885e-07
1.0106542e-06
5.179603e-06
1.212785e-05
1.1369859e-06
3.1582942e-06
4.9269393e-06
6.569252e-06
1.642313e-06
2.5266354e-06
1.8949767e-06
1.8949767e-06
2.9056307e-06
6.063925e-06
3.7899533e-06
3.3856915e-05
1.8823433e-05
5.8112614e-06
2.8171986e-05
2.1855396e-05
1.5159812e-06
9.474883e-06
2.4508365e-05
9.727547e-06
8.337897e-06
2.4003036e-06
2.14764e-06
1.0106542e-05
1.2633177e-06
2.6529672e-06
3.4109578e-06
4.6742757e-06
5.68493e-06
6.9482476e-06
3.916285e-06
2.9056307e-06
1.0106542e-06
1.642313e-06
1.642313e-06
6.9482476e-06
1.2633177e-06
2.4003036e-06
3.6636213e-06
4.29528e-06
5.053271e-07
1.642313e-06
1.642313e-06
9.8538785e-06
3.1582942e-06
1.2633177e-06
1.1369859e-06
6.695584e-06
2.6529672e-06
3.7899533e-06
1.5159812e-06
5.1164367e-05
1.4149158e-05
2.4003036e-06
3.2593598e-05
1.8065444e-05
1.1369859e-06
2.2739719e-06
3.7899533e-06
1.8065444e-05
3.4109578e-06
7.579906e-07
7.074579e-06
1.6170467e-05
1.1369859e-06
1.5538808e-05
2.3750374e-05
3.2846263e-05
9.095887e-06
4.8006073e-06
5.4322663e-06
3.549923e-05
5.558598e-06
9.727547e-06
0.00017231653
0.00077629706
0.0
0.0
0.0
0.0
0.0
0.0
0.0
0.0
0.9937896
0.0
0.0
0.0
0.0
0.0
0.0
0.000120538316
0.0
4.422265e-07
5.054017e-07
7.581026e-07
4.422265e-07
4.674966e-06
1.9584318e-06
0.0
0.0
0.0
6.3175214e-08
0.0
0.0
0.0
0.0
0.0
0.0
0.0
0.0
0.0
0.0
0.0
0.0
0.0
0.0
0.0
0.0
0.0
0.0
0.0
0.0
0.000114410315
1.0108034e-06
1.2635044e-06
1.2635043e-07
1.1371538e-06
2.2111326e-06
3.1587608e-06
1.45303e-06
3.158761e-07
1.8952565e-07
1.8952565e-07
3.158761e-07
4.422265e-07
1.2635043e-07
6.949274e-07
2.337483e-06
0.00017126801
6.3175214e-08
1.2635043e-07
1.8952565e-07
3.7273378e-06
2.1479573e-06
1.0234385e-05
5.7489447e-06
0.0
6.469142e-05
6.3175214e-08
2.5270086e-07
1.2635043e-07
6.3175214e-08
6.3175214e-08
0.0
0.00010739787
3.1587608e-06
2.8428847e-06
3.1587608e-06
1.45303e-06
1.0108034e-06
2.1479573e-06
6.949274e-07
2.6533592e-06
4.422265e-07
1.2003292e-06
1.8952565e-07
3.790513e-07
6.949274e-07
3.790513e-07
1.5793804e-06
0.00027209567
1.2635044e-06
1.34563215e-05
6.633398e-06
1.8194462e-05
9.476283e-06
4.0495313e-05
1.8510338e-05
2.4006583e-06
3.790513e-07
1.8952565e-07
7.581026e-07
8.212778e-07
1.8952565e-07
7.581026e-07
2.5270087e-06
0.00015528468
7.581026e-07
1.5667454e-05
3.853688e-06
6.4438723e-06
4.8644915e-06
4.8392216e-05
2.059512e-05
4.422265e-07
3.790513e-07
2.5270086e-07
3.790513e-07
3.790513e-07
3.790513e-07
3.158761e-07
3.790513e-07
0.00040924904
1.0550261e-05
1.6551907e-05
1.6930959e-05
1.8383987e-05
1.4088073e-05
3.9926737e-05
3.4177792e-05
2.7797096e-05
4.6117907e-06
3.4114616e-06
3.2851112e-06
9.792158e-06
2.8428847e-06
8.655004e-06
2.6659942e-05
0.00024960528
3.0324104e-06
2.1353224e-05
1.4719825e-05
3.537812e-05
1.7120483e-05
8.914023e-05
5.426751e-05
9.855334e-06
1.5793804e-06
8.212778e-07
3.3482866e-06
2.6533592e-06
1.0108034e-06
1.5162052e-06
1.2129642e-05
0.0
0.0
0.0
0.0
0.0
0.0
0.0
0.0
0.0
0.0
0.0
0.0
0.0
0.0
0.0
0.0
3.291429e-05
1.5793804e-06
8.339129e-06
4.674966e-06
7.3915003e-06
4.2327397e-06
3.499907e-05
2.470151e-05
3.474637e-06
1.6425556e-06
8.212778e-07
6.317522e-07
8.212778e-07
9.476282e-07
6.949274e-07
1.5162052e-06
6.544952e-05
6.759748e-06
2.90606e-06
2.5901838e-06
1.9268442e-05
1.5035702e-05
4.6117907e-06
7.581026e-06
4.3780426e-05
6.633398e-06
1.7057308e-06
3.2219361e-06
1.465665e-05
1.3898548e-06
1.768906e-05
4.5486155e-05
0.00035542378
4.9592545e-05
3.4620018e-05
4.3654076e-05
0.00013538449
8.857165e-05
2.9755527e-05
7.858997e-05
0.00021258461
2.615454e-05
1.5667454e-05
2.1353224e-05
8.136968e-05
1.9142091e-05
6.974544e-05
0.0001616022
0.00027152707
5.0729697e-05
3.885276e-05
4.750776e-05
9.905874e-05
7.5115335e-05
2.6912643e-05
8.383351e-05
0.00015351578
1.5667454e-05
2.2364027e-05
2.4132933e-05
7.2209274e-05
2.3880231e-05
5.4457036e-05
0.000104681334
0.0
0.0
0.0
0.0
0.0
0.0
0.0
0.0
0.0
0.0
0.0
0.0
0.0
0.0
0.0
0.0
244.0
17.40164
4246.0
0.06877061
0.002119642
0.00070654735
0.00023551578
0.0009420631
0.0014130947
0.0
0.00023551578
0.0049458314
0.0044747996
0.0
0.00047103156
0.0
0.003061705
0.023787094
0.0011775789
0.010362694
0.004239284
0.0077720205
0.01507301
0.0035327368
0.0035327368
0.006594442
0.0028261894
0.003061705
0.0016486105
0.002119642
0.00047103156
0.00023551578
0.00023551578
0.00023551578
0.00047103156
0.0025906735
0.010127178
0.003297221
0.008714084
0.013424399
0.008243052
0.0073009892
0.0073009892
0.0058878944
0.0037682524
0.0009420631
0.0014130947
0.0035327368
0.0068299575
0.0025906735
0.003297221
0.009185116
0.00070654735
0.008243052
0.013424399
0.0044747996
0.003061705
0.005181347
0.010127178
0.0011775789
0.00070654735
0.00070654735
0.00047103156
0.004239284
0.00047103156
0.00047103156
0.00070654735
0.0016486105
0.053697597
0.0058878944
0.020960905
0.018370232
0.102449365
0.008714084
0.011304758
0.013188884
0.049929347
0.0011775789
0.006594442
0.035562884
0.015308525
0.04404145
0.05416863
0.019783325
0.0
0.04757419
0.036504947
0.050635893
0.022373999
0.0068299575
0.008714084
0.020489873
0.0049458314
0.0023551579
0.008243052
0.0
0.0
0.0
0.0011775789
5.334617
2.0
0.0
0.0
1.0
7915665.0
57344.0
0.0
0.0
54.0
0.0
1.0
0.0
0.0
0.0
1083884500.0
0.0
0.0
0.0
0.0
0.0
1.0
0.0
0.0
0.0
0.0
0.0
0.0
-1.0
0.0
-1.0
-1.0
0.0
0.0
0.0
0.0
0.0
0.0
0.0
0.0
0.0
0.0
0.0
0.0
-1.0
0.0
0.0
0.0
0.0
0.0
0.0
0.0
0.0
0.0
0.0
0.0
0.0
-1.0
0.0
0.0
0.0
0.0
0.0
0.0
0.0
0.0
0.0
0.0
6.0
0.0
4.0
0.0
4.0
0.0
24576.0
4096.0
4096.0
5.0
0.0
0.0
1.0
1.0
0.0
0.0
4096.0
0.0
0.0
0.0
0.0
0.0
0.0
0.0
0.0
0.0
0.0
0.0
4096.0
0.0
0.0
0.0
0.0
0.0
0.0
0.0
0.0
0.0
0.0
0.0
0.0
0.0
0.0
0.0
0.0
0.0
-8192.0
0.0
0.0
0.0
0.0
0.0
0.0
0.0
0.0
-24576.0
0.0
4096.0
0.0
0.0
0.0
0.0
0.0
0.0
0.0
0.0
0.0
0.0
0.0
0.0
0.0
0.0
0.0
0.0
0.0
0.0
0.0
0.0
5.6636963
0.0
0.0
0.0
0.0
0.0
0.0
0.0
0.0
0.0
0.0
0.0
0.0
0.0
0.0
0.0
0.0
0.0
-3.554028
0.0
0.0
0.0
0.0
0.0
0.0
0.0
0.0
-6.5496798
0.0
3.7997313
0.0
0.0
0.0
0.0
0.0
0.0
0.0
0.0
3942.0
0.0
0.0
0.0
0.0
0.0
0.0
0.0
0.0
0.0
0.0
0.0
2476.0
0.0
0.0
0.0
0.0
0.0
0.0
0.0
0.0
0.0
0.0
0.0
0.0
0.0
0.0
0.0
0.0
0.0
-13432.0
0.0
0.0
0.0
0.0
0.0
0.0
0.0
0.0
-23376.0
0.0
2392.0
0.0
0.0
0.0
0.0
0.0
0.0
0.0
0.0
0.0
-1.0
0.0
0.0
0.0
0.0
0.0
1.0
0.0
0.0
0.0
0.0
0.0
0.0
0.0
0.0
0.0
0.0
0.0
0.0
0.0
0.0
0.0
0.0
0.0
0.0
0.0
0.0
0.0
0.0
0.0
0.0
0.0
0.0
0.0
0.0
0.0
-2.0
0.0
0.0
0.0
1.0
0.0
0.0
0.0
0.0
0.0
0.0
0.0
0.0
0.0
0.0
0.0
0.0
0.0
0.0
0.0
0.0
0.0
0.0
0.0
-1.0
0.0
0.0
0.0
0.0
0.0
0.0
0.0
0.0
0.0
1.0
0.0
0.0
0.0
0.0
1.0
0.0
0.0
0.0
0.0
0.0
0.0
0.0
0.0
0.0
0.0
0.0
0.0
0.0
0.0
0.0
0.0
0.0
0.0
0.0
0.0
0.0
0.0
0.0
0.0
0.0
0.0
0.0
0.0
0.0
0.0
0.0
0.0
0.0
0.0
0.0
0.0
0.0
0.0
0.0
0.0
0.0
0.0
0.0
0.0
0.0
0.0
0.0
0.0
0.0
0.0
0.0
-1.0
0.0
0.0
0.0
0.0
0.0
0.0
0.0
0.0
0.0
0.0
0.0
0.0
0.0
0.0
0.0
0.0
0.0
0.0
0.0
0.0
0.0
0.0
0.0
0.0
0.0
0.0
0.0
0.0
0.0
0.0
0.0
0.0
0.0
0.0
0.0
0.0
0.0
0.0
0.0
0.0
0.0
0.0
0.0
0.0
0.0
0.0
0.0
0.0
0.0
0.0
0.0
0.0
0.0
0.0
0.0
0.0
0.0
0.0
0.0
0.0
0.0
0.0
0.0
0.0
0.0
0.0
0.0
0.0
0.0
-1.0
0.0
0.0
0.0
0.0
0.0
0.0
0.0
0.0
0.0
0.0
0.0
0.0
0.0
0.0
0.0
0.0
1.0
0.0
0.0
0.0
0.0
0.0
0.0
0.0
0.0
0.0
0.0
0.0
0.0
0.0
0.0
0.0
0.0
0.0
0.0
0.0
0.0
0.0
0.0
0.0
0.0
0.0
0.0
0.0
0.0
0.0
0.0
0.0
0.0
0.0
0.0
0.0
0.0
0.0
0.0
0.0
0.0
0.0
0.0
0.0
0.0
0.0
0.0
0.0
0.0
0.0
0.0
0.0
0.0
0.0
0.0
0.0
0.0
0.0
0.0
0.0
0.0
0.0
0.0
0.0
0.0
0.0
0.0
0.0
0.0
0.0
0.0
0.0
0.0
0.0
0.0
0.0
0.0
0.0
0.0
0.0
0.0
0.0
0.0
0.0
0.0
0.0
0.0
0.0
0.0
0.0
0.0
0.0
0.0
0.0
0.0
0.0
0.0
0.0
0.0
0.0
0.0
0.0
0.0
0.0
0.0
0.0
0.0
0.0
0.0
0.0
0.0
0.0
0.0
0.0
0.0
0.0
0.0
0.0
0.0
0.0
0.0
0.0
0.0
0.0
0.0
0.0
0.0
0.0
0.0
0.0
0.0
0.0
0.0
0.0
0.0
0.0
0.0
0.0
0.0
0.0
0.0
0.0
0.0
0.0
0.0
0.0
0.0
0.0
0.0
0.0
0.0
0.0
0.0
0.0
0.0
0.0
0.0
0.0
0.0
0.0
0.0
0.0
0.0
0.0
0.0
0.0
0.0
0.0
0.0
0.0
0.0
0.0
0.0
0.0
0.0
0.0
0.0
0.0
0.0
0.0
0.0
0.0
0.0
0.0
0.0
0.0
-1.0
0.0
0.0
0.0
0.0
0.0
0.0
0.0
0.0
0.0
0.0
0.0
0.0
0.0
0.0
0.0
0.0
0.0
0.0
0.0
0.0
0.0
0.0
0.0
0.0
0.0
0.0
0.0
0.0
0.0
0.0
0.0
0.0
0.0
0.0
0.0
0.0
1.0
0.0
0.0
0.0
0.0
0.0
0.0
0.0
0.0
0.0
0.0
0.0
0.0
0.0
0.0
0.0
0.0
0.0
0.0
0.0
0.0
0.0
1.0
0.0
0.0
0.0
0.0
1.0
0.0
0.0
0.0
0.0
0.0
0.0
0.0
0.0
0.0
0.0
0.0
0.0
0.0
0.0
0.0
0.0
1.0
0.0
0.0
0.0
0.0
0.0
0.0
0.0
0.0
0.0
0.0
0.0
0.0
0.0
0.0
0.0
0.0
0.0
0.0
0.0
0.0
0.0
0.0
0.0
0.0
0.0
0.0
0.0
0.0
0.0
0.0
0.0
0.0
0.0
0.0
0.0
0.0
0.0
0.0
0.0
0.0
0.0
0.0
0.0
0.0
-1.0
0.0
0.0
0.0
0.0
0.0
0.0
0.0
0.0
0.0
0.0
0.0
0.0
0.0
0.0
0.0
0.0
0.0
0.0
0.0
0.0
0.0
0.0
0.0
0.0
0.0
0.0
0.0
0.0
0.0
0.0
0.0
0.0
0.0
0.0
0.0
0.0
0.0
0.0
0.0
0.0
0.0
0.0
0.0
0.0
0.0
0.0
0.0
-1.0
0.0
0.0
0.0
0.0
0.0
0.0
0.0
0.0
0.0
0.0
0.0
0.0
0.0
0.0
0.0
0.0
0.0
0.0
0.0
0.0
0.0
0.0
0.0
0.0
0.0
0.0
0.0
0.0
0.0
0.0
1.0
0.0
0.0
0.0
0.0
0.0
0.0
0.0
0.0
0.0
0.0
0.0
0.0
0.0
0.0
0.0
0.0
0.0
0.0
0.0
0.0
0.0
0.0
0.0
0.0
0.0
0.0
0.0
-1.0
0.0
0.0
0.0
0.0
0.0
0.0
0.0
0.0
0.0
0.0
0.0
0.0
0.0
0.0
0.0
0.0
0.0
0.0
0.0
0.0
0.0
0.0
0.0
0.0
0.0
0.0
0.0
0.0
0.0
0.0
0.0
0.0
0.0
0.0
0.0
0.0
0.0
0.0
0.0
0.0
0.0
0.0
-1.0
0.0
0.0
1.0
0.0
0.0
0.0
0.0
0.0
0.0
0.0
0.0
0.0
0.0
0.0
0.0
0.0
0.0
0.0
0.0
0.0
0.0
0.0
0.0
0.0
0.0
0.0
0.0
0.0
0.0
0.0
0.0
0.0
0.0
0.0
0.0
0.0
0.0
0.0
0.0
0.0
0.0
0.0
0.0
0.0
0.0
0.0
-1.0
0.0
0.0
0.0
-1.0
0.0
0.0
0.0
0.0
0.0
0.0
0.0
0.0
0.0
0.0
0.0
0.0
0.0
0.0
0.0
0.0
0.0
0.0
0.0
0.0
0.0
0.0
0.0
0.0
0.0
0.0
0.0
0.0
0.0
0.0
0.0
0.0
0.0
0.0
1.0
0.0
0.0
0.0
0.0
0.0
0.0
0.0
0.0
0.0
0.0
-1.0
0.0
0.0
0.0
0.0
0.0
0.0
0.0
0.0
0.0
0.0
0.0
0.0
0.0
0.0
0.0
0.0
0.0
0.0
0.0
0.0
0.0
0.0
0.0
0.0
0.0
0.0
0.0
0.0
0.0
0.0
1.0
0.0
0.0
0.0
0.0
0.0
0.0
0.0
0.0
0.0
0.0
0.0
0.0
0.0
0.0
0.0
0.0
0.0
0.0
0.0
0.0
0.0
0.0
0.0
0.0
0.0
0.0
0.0
0.0
0.0
0.0
0.0
0.0
0.0
0.0
0.0
0.0
0.0
0.0
-1.0
0.0
0.0
0.0
0.0
0.0
0.0
0.0
0.0
0.0
0.0
0.0
0.0
0.0
0.0
0.0
0.0
0.0
0.0
-1.0
0.0
0.0
0.0
0.0
0.0
0.0
0.0
0.0
0.0
0.0
0.0
0.0
0.0
0.0
0.0
0.0
0.0
0.0
0.0
0.0
0.0
0.0
0.0
0.0
0.0
0.0
0.0
0.0
0.0
0.0
0.0
0.0
0.0
0.0
0.0
0.0
0.0
0.0
0.0
0.0
0.0
0.0
0.0
0.0
0.0
0.0
0.0
0.0
0.0
0.0
0.0
0.0
0.0
0.0
0.0
0.0
0.0
0.0
0.0
0.0
0.0
0.0
0.0
0.0
0.0
0.0
0.0
0.0
1.0
0.0
0.0
-2.0
0.0
0.0
0.0
0.0
0.0
0.0
0.0
0.0
0.0
0.0
0.0
0.0
0.0
0.0
1.0
0.0
0.0
0.0
-1.0
0.0
0.0
0.0
0.0
0.0
0.0
0.0
0.0
0.0
0.0
0.0
-1.0
0.0
0.0
0.0
0.0
0.0
0.0
1.0
0.0
0.0
0.0
0.0
0.0
0.0
0.0
0.0
0.0
0.0
0.0
0.0
0.0
0.0
0.0
0.0
0.0
1.0
0.0
1.0
0.0
0.0
0.0
0.0
0.0
1.0
0.0
0.0
0.0
0.0
0.0
0.0
0.0
0.0
-1.0
0.0
0.0
0.0
0.0
0.0
0.0
0.0
0.0
0.0
0.0
0.0
0.0
0.0
0.0
1.0
0.0
0.0
0.0
0.0
0.0
0.0
0.0
0.0
0.0
0.0
0.0
0.0
0.0
0.0
0.0
0.0
0.0
0.0
0.0
0.0
0.0
0.0
0.0
0.0
0.0
0.0
0.0
0.0
0.0
0.0
0.0
0.0
0.0
0.0
0.0
0.0
0.0
0.0
0.0
0.0
0.0
0.0
0.0
0.0
0.0
0.0
0.0
0.0
-1.0
0.0
0.0
0.0
0.0
0.0
0.0
0.0
0.0
0.0
0.0
0.0
0.0
0.0
0.0
0.0
0.0
0.0
0.0
0.0
0.0
0.0
0.0
0.0
1.0
0.0
0.0
0.0
0.0
0.0
0.0
1.0
0.0
0.0
0.0
0.0
0.0
0.0
0.0
0.0
0.0
0.0
0.0
0.0
0.0
0.0
0.0
0.0
0.0
0.0
0.0
0.0
0.0
0.0
0.0
0.0
1.0
0.0
0.0
0.0
0.0
0.0
0.0
0.0
0.0
0.0
0.0
-1.0
0.0
0.0
0.0
0.0
0.0
0.0
0.0
0.0
0.0
-1.0
0.0
0.0
0.0
0.0
0.0
0.0
0.0
0.0
0.0
0.0
0.0
0.0
0.0
0.0
1.0
0.0
0.0
0.0
0.0
0.0
0.0
0.0
0.0
0.0
0.0
0.0
0.0
0.0
0.0
0.0
0.0
0.0
0.0
-1.0
1.0
0.0
0.0
0.0
0.0
0.0
0.0
0.0
0.0
0.0
0.0
0.0
0.0
0.0
0.0
0.0
0.0
0.0
1.0
0.0
0.0
0.0
-1.0
0.0
0.0
0.0
0.0
0.0
0.0
0.0
0.0
1.0
0.0
0.0
0.0
0.0
0.0
0.0
0.0
0.0
0.0
0.0
0.0
0.0
0.0
0.0
0.0
0.0
0.0
0.0
0.0
0.0
0.0
0.0
0.0
0.0
-1.0
0.0
0.0
0.0
0.0
0.0
0.0
0.0
0.0
0.0
0.0
0.0
0.0
0.0
0.0
0.0
0.0
0.0
0.0
0.0
0.0
0.0
0.0
-1.0
0.0
0.0
0.0
0.0
0.0
0.0
0.0
0.0
0.0
0.0
0.0
0.0
0.0
0.0
0.0
0.0
0.0
0.0
0.0
0.0
0.0
0.0
0.0
-1.0
0.0
0.0
0.0
0.0
0.0
0.0
0.0
0.0
0.0
0.0
0.0
0.0
0.0
0.0
0.0
0.0
0.0
0.0
0.0
0.0
0.0
0.0
0.0
0.0
0.0
-1.0
-1.0
0.0
0.0
0.0
0.0
0.0
0.0
0.0
0.0
0.0
0.0
0.0
0.0
0.0
0.0
0.0
0.0
0.0
0.0
0.0
0.0
0.0
0.0
0.0
0.0
-1.0
0.0
0.0
0.0
0.0
0.0
0.0
0.0
0.0
0.0
0.0
0.0
0.0
0.0
0.0
0.0
0.0
0.0
0.0
0.0
0.0
0.0
0.0
0.0
0.0
0.0
0.0
0.0
0.0
0.0
0.0
0.0
0.0
0.0
0.0
0.0
0.0
0.0
0.0
0.0
0.0
0.0
0.0
0.0
0.0
0.0
0.0
0.0
0.0
0.0
0.0
0.0
0.0
0.0
0.0
0.0
0.0
0.0
0.0
0.0
0.0
0.0
0.0
0.0
0.0
0.0
0.0
0.0
0.0
0.0
0.0
0.0
0.0
0.0
0.0
0.0
0.0
0.0
0.0
0.0
0.0
0.0
0.0
0.0
0.0
0.0
0.0
0.0
0.0
0.0
0.0
0.0
0.0
0.0
0.0
0.0
0.0
0.0
0.0
0.0
0.0
0.0
0.0
0.0
0.0
0.0
0.0
0.0
0.0
0.0
0.0
0.0
0.0
0.0
0.0
0.0
0.0
0.0
0.0
0.0
0.0
0.0
0.0
0.0
0.0
0.0
0.0
0.0
0.0
0.0
0.0
0.0
0.0
0.0
0.0
0.0
0.0
0.0
0.0
0.0
0.0
0.0
0.0
0.0
0.0
0.0
0.0
0.0
0.0
0.0
0.0
0.0
0.0
0.0
0.0
0.0
0.0
0.0
0.0
0.0
0.0
0.0
0.0
0.0
0.0
0.0
0.0
0.0
0.0
80.0
29892.0
2392.0
49152.0
0.0
0.0
0.0
0.0
0.0
0.0
0.0
0.0
0.0
0.0
0.0
0.0
0.0
0.0
0.0
0.0
0.0
0.0
228.0
28672.0
0.0
0.0
0.0
0.0
