0.015423248
0.0070769317
0.0067150816
0.0066175857
0.0067761983
0.00679463
0.0066709416
0.0066175857
0.006947422
0.006647174
0.0067218724
0.006600124
0.006756796
0.006639413
0.0065642297
0.006790265
0.0067708627
0.0065904227
0.006611765
0.0066093397
0.0067432146
0.0066806427
0.0065870276
0.006646689
0.0065904227
0.006536097
0.0064992327
0.006585087
0.006600609
0.0066505694
0.006571991
0.006559864
0.0066816127
0.0066161305
0.0065521034
0.006593333
0.0066636656
0.006577811
0.006483711
0.00656617
0.0067170216
0.0065448275
0.006600609
0.006701985
0.0065346416
0.0065438575
0.006644264
0.0065879975
0.0066544497
0.006737879
0.0066457186
0.0065865424
0.006677247
0.0066093397
0.006637473
0.0065715057
0.006684038
0.006774743
0.006637958
0.0066622104
0.0065782964
0.006582662
0.0066064293
0.006526881
0.004059898
0.0036286856
0.0028962549
0.0030553525
0.0029316638
0.0037620754
0.0028768526
0.0028336828
0.002879278
0.0028778228
0.0028327128
0.0028671515
0.002899165
0.0029292384
0.0029011054
0.0028943147
0.003295939
0.0028011843
0.002899165
0.0030597178
0.0029355441
0.003068934
0.0029564016
0.0028996503
0.002890919
0.0029573715
0.0029205075
0.0029471854
0.0028589056
0.0029306936
0.0028860688
0.0028458093
0.0028142808
0.0034540663
0.0029952058
0.003122775
0.0031164691
0.0036364465
0.0030728143
0.003026734
0.0031101634
0.0032862378
0.00303207
0.0029214777
0.003178556
0.0030277043
0.0032939988
0.003322617
0.003024794
0.002834653
0.003405076
0.0033197065
0.003415747
0.0032411278
0.0029035306
0.002906926
0.0029282684
0.0030000564
0.0028584206
0.0028370782
0.0028555102
0.0029462152
0.0028763677
0.0028962549
0.0029758036
0.0028579356
0.0027909982
0.0033725775
0.0028952847
0.0030868808
0.0028099152
0.0028036095
0.0028681217
0.0036087984
0.0028283473
0.0037295767
0.0028521148
0.0031319908
0.0028118554
0.0028176762
0.0035520473
0.0028511449
0.0027701408
0.0027861476
0.0028118554
0.0028327128
0.0028070048
0.0028501747
0.0028356232
0.0028550252
0.0028501747
0.0027842075
0.002835138
0.0028380484
0.0027851774
0.002807975
0.0028171912
0.002906926
0.0028220415
0.0028395036
0.0028550252
0.0028176762
0.0028361082
0.002842899
0.002845324
0.002816221
0.0028234967
0.002824952
0.0028036095
0.0028186461
0.002807975
0.0028278623
0.0028137958
0.0027749913
0.0028331978
0.0028283473
0.0028312576
0.0028690917
0.0029190523
0.0028681217
0.0028467793
0.0028511449
0.0028336828
0.0028574506
0.0028050647
0.0028487195
0.0028550252
0.0028923743
0.0030669936
0.0029132317
0.002888009
0.002969983
0.0029670727
0.002870547
0.0028676367
0.002988415
0.0028923743
0.0028375634
0.002853085
0.0028419287
0.0029078962
0.0027997291
0.0028317426
0.0028317426
0.0029661024
0.0028676367
0.0028778228
0.0028855836
0.0028865538
0.0028642414
0.0028220415
0.0028584206
0.0029476704
0.0028647264
0.0028477495
0.0028652113
0.0028593908
0.0028409588
0.0028448391
0.002835138
0.0030393456
0.0028739423
0.0028671515
0.0027822673
0.0028681217
0.0029011054
0.002823982
0.002861816
0.0030859108
0.002917112
0.0029006202
0.0030732993
0.002989385
0.0028559954
0.0028855836
0.0028327128
0.0029282684
0.002842899
0.0028278623
0.0029287534
0.0029311785
0.0028123406
0.0029078962
0.00294379
0.0030990073
0.002890919
0.0028826734
0.0028205866
0.0030592328
0.0028419287
0.0029190523
0.0036985334
0.0
0.0
0.0
0.0
0.0
0.0
0.0
0.0
0.0
0.0
0.0
0.0
0.0
0.0
0.0
0.0
0.0
0.0
0.0
0.0
0.0
0.0
0.0
0.0
0.0
0.0
0.0
0.0
0.0
0.0
0.0
0.0
0.0
0.0
0.0
0.0
0.0
0.0
0.0
0.0
0.0
0.0
0.0
0.0
0.0
0.0
0.0
0.0
0.00044459803
1.0920803e-05
4.85369e-07
1.941476e-06
1.7473285e-05
9.464697e-06
2.4268452e-06
7.280536e-07
2.426845e-07
2.426845e-07
0.0
5.8244286e-06
0.0
4.85369e-07
2.1841606e-06
0.0
0.00042906622
1.6987916e-06
4.1256367e-06
1.941476e-06
9.464697e-06
7.037851e-06
1.8929393e-05
6.3097973e-06
2.1841606e-06
2.9122143e-06
7.280536e-07
1.6987916e-06
3.882952e-06
1.4561072e-06
1.4561072e-06
4.1256367e-06
0.00033927296
0.0
0.0
1.820134e-05
1.4318387e-05
5.096375e-06
0.001509255
0.00059894536
0.0
0.0
0.0
0.0
0.0
0.0
0.0
0.0
0.0010581044
2.426845e-07
2.1841606e-05
5.6545494e-05
7.474683e-05
5.8244284e-05
0.0014303826
0.00076882454
4.85369e-07
7.280536e-07
2.426845e-07
2.426845e-07
7.765904e-06
2.426845e-07
2.426845e-07
2.426845e-07
0.00025481873
0.0
0.0
0.00018516829
7.2805356e-06
3.3975832e-06
0.0007137352
0.00032665336
0.0
0.0
0.0
0.0
0.0
0.0
0.0
0.0
0.0010896535
2.572456e-05
2.4511137e-05
8.712374e-05
0.00056545495
0.00030141417
0.00012983622
5.4604017e-05
1.820134e-05
1.3104964e-05
1.0920803e-05
1.820134e-05
4.4411267e-05
7.134925e-05
1.3833018e-05
1.6745233e-05
0.000906912
7.620294e-05
2.7180666e-05
0.00016478279
0.00040868073
9.804455e-05
0.00074067316
0.00033757417
2.0628184e-05
1.9172077e-05
1.6987917e-05
1.8444023e-05
5.533207e-05
3.907221e-05
1.6987917e-05
3.5431938e-05
0.0004717787
3.154899e-05
2.790872e-05
2.4996505e-05
0.0002868531
2.7180666e-05
0.00017060722
8.0813945e-05
2.3783083e-05
2.03855e-05
2.0628184e-05
2.03855e-05
1.9657446e-05
1.9657446e-05
0.00014391192
0.00010095676
0.0015293978
8.9065215e-05
0.00010945072
0.00012255568
0.00079673325
9.9257966e-05
0.00029923
0.0002007001
0.000119400785
6.89224e-05
5.80016e-05
7.20773e-05
7.887247e-05
0.0003259253
0.00024438332
0.00025918707
0.00031840208
2.3540399e-05
3.640268e-05
4.0771e-05
9.1006696e-05
4.295516e-05
4.513932e-05
3.2519725e-05
0.00010629582
2.1598922e-05
1.4561071e-05
2.0628184e-05
3.009288e-05
8.008589e-06
9.464696e-05
6.7466295e-05
0.0021698424
0.0004135344
0.00017376212
0.0002288515
0.00087536307
0.00071276445
0.00024705284
0.00035286328
0.0015082842
0.0003244692
7.474683e-05
0.00016332668
0.0005377889
0.0002320064
0.0005783172
0.00085036654
0.0024824198
0.0005072106
0.0003322351
0.00029340558
0.0010170909
0.0008833716
0.00037446222
0.00048512637
0.0016058434
0.0005535634
0.00013347648
0.0002555468
0.0006474823
0.00027156397
0.0005720074
0.0010166054
0.104773946
0.104675174
0.10487199
0.10496931
0.04496386
0.044906586
0.04472991
0.045008514
0.044831354
0.044833295
0.044979148
0.044955365
0.044908285
0.044975024
0.04489324
0.044975508
14938.0
5.909091
88270.0
0.013945848
0.012722329
0.012903592
0.013073524
0.013028209
0.01382123
0.012960236
0.01352668
0.01351535
0.012722329
0.012892262
0.013288773
0.012744987
0.012699671
0.013798572
0.012711001
0.014874816
0.014081795
0.014682225
0.01443299
0.0137872435
0.013504022
0.013911861
0.013504022
0.014070465
0.013402062
0.013832559
0.013311431
0.013662626
0.013866546
0.012337147
0.012858275
0.0066953665
0.008836525
0.006729353
0.0077262945
0.006536762
0.008304067
0.0068653
0.0065820776
0.0066273934
0.0071485215
0.0063328426
0.006910615
0.007375099
0.007284468
0.007850912
0.007125864
0.007862241
0.0062082247
0.0074997167
0.008292738
0.00797553
0.006899286
0.007205166
0.007125864
0.007205166
0.0063894866
0.0066613797
0.0064121448
0.006026963
0.0061515803
0.006446131
0.0060382914
0.006083607
0.019451682
0.009572902
0.011714059
0.012371134
0.023666024
0.008406027
0.009822137
0.010128017
0.016528832
0.0069785886
0.008791209
0.012892262
0.010932366
0.01595106
0.015497904
0.009402968
0.0064348024
0.018715305
0.015656509
0.015418602
0.010150674
0.0074204146
0.00787357
0.0072391527
0.009844794
0.0066273934
0.0066273934
0.006072278
0.006094936
0.005471848
0.0063555003
6.493695
3.0
0.0
0.0
25.0
2061628.0
98304.0
0.0
0.0
6.0
0.0
0.0
0.0
0.0
0.0
1141321900.0
0.0
0.0
0.0
0.0
0.0
1.0
0.0
0.0
0.0
0.0
0.0
0.0
-1.0
0.0
-1.0
-1.0
0.0
0.0
0.0
0.0
0.0
0.0
0.0
0.0
0.0
0.0
0.0
0.0
-1.0
0.0
0.0
0.0
0.0
0.0
0.0
0.0
0.0
0.0
0.0
0.0
0.0
-1.0
0.0
0.0
0.0
0.0
0.0
0.0
0.0
0.0
0.0
0.0
2.0
50.0
4.0
0.0
4.0
0.0
42496.0
4096.0
4096.0
3.0
0.0
0.0
1.0
1.0
0.0
0.0
0.0
0.0
0.0
0.0
0.0
0.0
0.0
0.0
0.0
0.0
0.0
0.0
26112.0
0.0
0.0
0.0
0.0
0.0
0.0
0.0
0.0
0.0
0.0
0.0
0.0
0.0
0.0
0.0
0.0
0.0
-16384.0
0.0
0.0
0.0
0.0
0.0
0.0
0.0
0.0
-42496.0
0.0
0.0
0.0
0.0
0.0
0.0
0.0
0.0
0.0
0.0
0.0
0.0
0.0
0.0
0.0
0.0
0.0
0.0
0.0
0.0
0.0
0.0
5.2029037
0.0
0.0
0.0
0.0
0.0
0.0
0.0
0.0
0.0
0.0
0.0
0.0
0.0
0.0
0.0
0.0
0.0
-4.861766
0.0
0.0
0.0
0.0
0.0
0.0
0.0
0.0
-6.4578476
0.0
0.0
0.0
0.0
0.0
0.0
0.0
0.0
0.0
0.0
0.0
0.0
0.0
0.0
0.0
0.0
0.0
0.0
0.0
0.0
0.0
0.0
25860.0
0.0
0.0
0.0
0.0
0.0
0.0
0.0
0.0
0.0
0.0
0.0
0.0
0.0
0.0
0.0
0.0
0.0
-16832.0
0.0
0.0
0.0
0.0
0.0
0.0
0.0
0.0
-42342.0
0.0
0.0
0.0
0.0
0.0
0.0
0.0
0.0
0.0
0.0
0.0
-1.0
0.0
0.0
0.0
0.0
0.0
1.0
0.0
0.0
0.0
0.0
0.0
0.0
0.0
0.0
0.0
0.0
0.0
0.0
0.0
0.0
0.0
0.0
0.0
0.0
0.0
0.0
0.0
0.0
0.0
0.0
0.0
0.0
0.0
0.0
0.0
-2.0
0.0
0.0
0.0
1.0
0.0
0.0
0.0
0.0
0.0
0.0
0.0
0.0
0.0
0.0
0.0
0.0
0.0
0.0
0.0
0.0
0.0
0.0
0.0
-1.0
0.0
0.0
0.0
0.0
0.0
0.0
0.0
0.0
0.0
1.0
0.0
0.0
0.0
0.0
1.0
0.0
0.0
0.0
0.0
0.0
0.0
0.0
0.0
0.0
0.0
0.0
0.0
0.0
0.0
0.0
0.0
0.0
0.0
0.0
0.0
0.0
0.0
0.0
0.0
0.0
0.0
0.0
0.0
0.0
0.0
0.0
0.0
0.0
0.0
0.0
0.0
0.0
0.0
0.0
0.0
0.0
0.0
0.0
0.0
0.0
0.0
0.0
0.0
0.0
0.0
0.0
-1.0
0.0
0.0
0.0
0.0
0.0
0.0
0.0
0.0
0.0
0.0
0.0
0.0
0.0
0.0
0.0
0.0
0.0
0.0
0.0
0.0
-1.0
0.0
0.0
0.0
0.0
0.0
0.0
0.0
0.0
0.0
0.0
0.0
0.0
0.0
0.0
0.0
0.0
0.0
0.0
0.0
0.0
0.0
0.0
0.0
0.0
0.0
0.0
0.0
0.0
0.0
0.0
0.0
0.0
0.0
0.0
0.0
0.0
0.0
0.0
0.0
0.0
0.0
0.0
0.0
0.0
0.0
0.0
0.0
0.0
-1.0
0.0
0.0
0.0
0.0
0.0
0.0
0.0
0.0
0.0
0.0
0.0
0.0
0.0
0.0
0.0
0.0
1.0
0.0
0.0
0.0
0.0
0.0
0.0
0.0
0.0
0.0
0.0
0.0
0.0
0.0
0.0
0.0
0.0
0.0
0.0
0.0
0.0
0.0
0.0
0.0
0.0
0.0
0.0
0.0
0.0
0.0
0.0
0.0
0.0
0.0
0.0
0.0
0.0
0.0
0.0
0.0
0.0
0.0
0.0
0.0
0.0
0.0
0.0
0.0
0.0
0.0
0.0
0.0
0.0
0.0
0.0
0.0
0.0
0.0
0.0
0.0
0.0
0.0
0.0
0.0
0.0
0.0
0.0
0.0
0.0
0.0
0.0
0.0
0.0
0.0
0.0
0.0
0.0
0.0
0.0
0.0
0.0
0.0
0.0
0.0
0.0
0.0
0.0
0.0
0.0
0.0
0.0
0.0
0.0
0.0
0.0
0.0
0.0
0.0
0.0
0.0
0.0
1.0
0.0
0.0
0.0
0.0
0.0
0.0
0.0
0.0
0.0
0.0
0.0
0.0
-1.0
0.0
0.0
0.0
0.0
0.0
0.0
0.0
0.0
0.0
0.0
0.0
0.0
0.0
0.0
0.0
0.0
0.0
0.0
0.0
0.0
0.0
0.0
0.0
0.0
0.0
0.0
0.0
0.0
0.0
0.0
0.0
0.0
0.0
0.0
0.0
0.0
0.0
0.0
0.0
0.0
0.0
0.0
0.0
0.0
0.0
0.0
0.0
0.0
0.0
0.0
0.0
0.0
0.0
0.0
0.0
0.0
0.0
0.0
0.0
0.0
0.0
0.0
0.0
0.0
0.0
0.0
0.0
0.0
0.0
0.0
0.0
0.0
0.0
0.0
0.0
0.0
0.0
0.0
0.0
0.0
0.0
0.0
0.0
0.0
0.0
0.0
0.0
0.0
0.0
0.0
0.0
0.0
0.0
0.0
0.0
0.0
0.0
0.0
0.0
0.0
0.0
0.0
0.0
0.0
0.0
0.0
0.0
0.0
0.0
0.0
0.0
0.0
0.0
0.0
0.0
0.0
0.0
0.0
0.0
0.0
0.0
0.0
0.0
0.0
0.0
0.0
0.0
0.0
0.0
0.0
0.0
0.0
0.0
0.0
0.0
0.0
0.0
0.0
0.0
0.0
0.0
0.0
0.0
0.0
0.0
0.0
0.0
0.0
0.0
0.0
0.0
0.0
0.0
0.0
0.0
0.0
0.0
0.0
0.0
0.0
0.0
0.0
0.0
0.0
0.0
0.0
0.0
0.0
0.0
0.0
0.0
0.0
0.0
0.0
0.0
0.0
0.0
0.0
0.0
0.0
0.0
0.0
0.0
0.0
0.0
0.0
0.0
0.0
0.0
0.0
0.0
0.0
0.0
0.0
0.0
0.0
0.0
0.0
0.0
0.0
0.0
0.0
0.0
0.0
0.0
0.0
0.0
0.0
0.0
0.0
0.0
0.0
0.0
0.0
0.0
0.0
1.0
0.0
0.0
0.0
0.0
0.0
0.0
0.0
0.0
0.0
0.0
0.0
0.0
0.0
0.0
0.0
0.0
0.0
0.0
0.0
0.0
0.0
0.0
0.0
0.0
0.0
0.0
0.0
0.0
0.0
0.0
0.0
0.0
0.0
0.0
0.0
0.0
0.0
0.0
0.0
0.0
0.0
0.0
0.0
0.0
0.0
0.0
0.0
0.0
0.0
0.0
0.0
0.0
0.0
0.0
0.0
0.0
0.0
0.0
0.0
0.0
0.0
0.0
0.0
0.0
0.0
0.0
0.0
0.0
0.0
0.0
0.0
0.0
0.0
0.0
0.0
0.0
0.0
0.0
0.0
0.0
0.0
0.0
0.0
0.0
0.0
0.0
0.0
0.0
0.0
0.0
0.0
0.0
0.0
0.0
0.0
0.0
0.0
0.0
0.0
0.0
0.0
0.0
0.0
0.0
0.0
0.0
0.0
0.0
0.0
0.0
0.0
0.0
0.0
0.0
0.0
0.0
0.0
0.0
0.0
0.0
0.0
0.0
0.0
0.0
0.0
0.0
0.0
0.0
0.0
0.0
0.0
0.0
0.0
0.0
0.0
0.0
0.0
0.0
0.0
0.0
0.0
0.0
0.0
0.0
0.0
0.0
0.0
0.0
0.0
0.0
0.0
0.0
0.0
0.0
0.0
0.0
0.0
0.0
0.0
0.0
0.0
0.0
0.0
0.0
0.0
0.0
0.0
0.0
0.0
0.0
0.0
0.0
0.0
0.0
0.0
0.0
0.0
0.0
0.0
0.0
0.0
0.0
0.0
0.0
0.0
0.0
0.0
0.0
0.0
0.0
0.0
0.0
0.0
0.0
0.0
0.0
0.0
0.0
0.0
0.0
0.0
0.0
0.0
0.0
0.0
0.0
0.0
0.0
0.0
0.0
0.0
0.0
0.0
0.0
0.0
0.0
0.0
0.0
0.0
0.0
0.0
0.0
0.0
0.0
0.0
0.0
0.0
0.0
0.0
0.0
0.0
0.0
0.0
0.0
0.0
0.0
0.0
0.0
0.0
0.0
0.0
0.0
0.0
0.0
0.0
0.0
0.0
0.0
0.0
0.0
0.0
0.0
0.0
0.0
0.0
0.0
0.0
0.0
0.0
0.0
0.0
0.0
0.0
0.0
0.0
0.0
0.0
0.0
0.0
1.0
0.0
0.0
0.0
0.0
0.0
0.0
0.0
0.0
0.0
0.0
0.0
0.0
0.0
0.0
0.0
0.0
0.0
0.0
0.0
0.0
0.0
0.0
0.0
0.0
0.0
0.0
0.0
0.0
0.0
0.0
0.0
0.0
0.0
0.0
0.0
0.0
0.0
0.0
0.0
0.0
0.0
0.0
0.0
0.0
0.0
0.0
0.0
0.0
0.0
0.0
0.0
0.0
0.0
0.0
0.0
0.0
0.0
0.0
0.0
0.0
0.0
0.0
1.0
0.0
0.0
0.0
0.0
0.0
0.0
0.0
0.0
0.0
0.0
0.0
0.0
0.0
0.0
0.0
0.0
0.0
0.0
0.0
0.0
0.0
0.0
0.0
0.0
0.0
0.0
0.0
0.0
0.0
0.0
0.0
0.0
0.0
0.0
0.0
0.0
0.0
0.0
0.0
0.0
0.0
0.0
0.0
0.0
0.0
0.0
0.0
0.0
0.0
0.0
0.0
0.0
0.0
0.0
0.0
0.0
0.0
0.0
0.0
0.0
0.0
0.0
0.0
-1.0
0.0
0.0
0.0
0.0
0.0
0.0
0.0
0.0
0.0
0.0
0.0
0.0
0.0
0.0
0.0
0.0
0.0
0.0
0.0
0.0
1.0
0.0
0.0
0.0
0.0
0.0
0.0
0.0
0.0
0.0
0.0
0.0
0.0
0.0
0.0
0.0
0.0
0.0
0.0
0.0
0.0
0.0
0.0
0.0
0.0
0.0
0.0
0.0
0.0
0.0
0.0
0.0
0.0
0.0
0.0
0.0
0.0
0.0
0.0
0.0
0.0
0.0
0.0
0.0
0.0
0.0
0.0
0.0
0.0
0.0
0.0
0.0
0.0
0.0
0.0
0.0
0.0
0.0
0.0
0.0
0.0
0.0
0.0
0.0
0.0
0.0
0.0
0.0
0.0
0.0
0.0
0.0
0.0
0.0
0.0
0.0
0.0
0.0
0.0
0.0
0.0
0.0
0.0
0.0
0.0
0.0
0.0
0.0
0.0
0.0
0.0
0.0
0.0
0.0
0.0
0.0
0.0
0.0
0.0
0.0
0.0
0.0
0.0
0.0
0.0
0.0
0.0
0.0
0.0
0.0
0.0
0.0
0.0
0.0
0.0
0.0
0.0
0.0
0.0
0.0
0.0
0.0
0.0
0.0
0.0
0.0
0.0
0.0
0.0
0.0
0.0
0.0
0.0
0.0
0.0
0.0
0.0
0.0
0.0
0.0
0.0
0.0
0.0
0.0
0.0
0.0
0.0
0.0
0.0
0.0
0.0
0.0
0.0
0.0
0.0
0.0
0.0
0.0
0.0
0.0
0.0
0.0
0.0
0.0
0.0
0.0
0.0
0.0
0.0
0.0
0.0
0.0
0.0
0.0
0.0
0.0
0.0
0.0
0.0
0.0
0.0
0.0
0.0
0.0
0.0
0.0
0.0
0.0
0.0
0.0
0.0
0.0
0.0
0.0
0.0
0.0
0.0
0.0
0.0
0.0
0.0
0.0
0.0
0.0
0.0
0.0
0.0
0.0
0.0
0.0
0.0
0.0
0.0
0.0
0.0
0.0
0.0
0.0
0.0
0.0
0.0
0.0
0.0
0.0
0.0
0.0
0.0
0.0
0.0
0.0
0.0
0.0
0.0
0.0
0.0
0.0
0.0
0.0
0.0
0.0
0.0
0.0
0.0
0.0
0.0
0.0
0.0
0.0
0.0
0.0
0.0
0.0
0.0
0.0
0.0
0.0
0.0
0.0
0.0
0.0
0.0
0.0
0.0
0.0
0.0
0.0
0.0
0.0
0.0
0.0
0.0
0.0
0.0
0.0
0.0
0.0
0.0
0.0
0.0
0.0
0.0
0.0
0.0
0.0
0.0
0.0
0.0
0.0
0.0
0.0
0.0
0.0
0.0
0.0
0.0
0.0
0.0
0.0
0.0
0.0
0.0
0.0
0.0
0.0
0.0
0.0
0.0
0.0
0.0
0.0
0.0
0.0
0.0
0.0
0.0
0.0
0.0
0.0
0.0
0.0
0.0
0.0
0.0
0.0
0.0
0.0
0.0
0.0
0.0
0.0
0.0
0.0
0.0
0.0
0.0
0.0
0.0
0.0
0.0
0.0
0.0
0.0
0.0
0.0
0.0
0.0
0.0
0.0
0.0
0.0
-1.0
0.0
0.0
0.0
0.0
0.0
0.0
0.0
0.0
0.0
0.0
0.0
0.0
0.0
0.0
0.0
0.0
0.0
0.0
0.0
0.0
0.0
0.0
0.0
0.0
0.0
0.0
0.0
0.0
0.0
0.0
0.0
0.0
0.0
0.0
0.0
0.0
0.0
0.0
0.0
0.0
0.0
0.0
0.0
0.0
0.0
0.0
0.0
0.0
0.0
0.0
0.0
0.0
0.0
0.0
0.0
0.0
0.0
0.0
0.0
0.0
0.0
0.0
0.0
0.0
0.0
0.0
0.0
0.0
0.0
0.0
0.0
0.0
0.0
0.0
0.0
0.0
0.0
0.0
0.0
0.0
0.0
0.0
0.0
0.0
0.0
0.0
0.0
0.0
0.0
0.0
0.0
0.0
0.0
0.0
0.0
0.0
0.0
0.0
0.0
0.0
0.0
0.0
0.0
0.0
0.0
0.0
0.0
0.0
0.0
0.0
0.0
0.0
0.0
0.0
0.0
0.0
0.0
0.0
0.0
0.0
0.0
0.0
0.0
0.0
0.0
0.0
0.0
0.0
0.0
0.0
0.0
0.0
0.0
0.0
0.0
0.0
0.0
0.0
0.0
0.0
0.0
0.0
0.0
0.0
0.0
0.0
0.0
0.0
0.0
0.0
0.0
0.0
0.0
0.0
0.0
0.0
0.0
0.0
0.0
0.0
0.0
0.0
0.0
0.0
0.0
0.0
0.0
0.0
0.0
0.0
0.0
0.0
0.0
0.0
0.0
0.0
0.0
0.0
0.0
0.0
0.0
0.0
0.0
0.0
0.0
0.0
0.0
0.0
0.0
0.0
0.0
0.0
0.0
140.0
91260.0
0.0
0.0
0.0
0.0
0.0
0.0
0.0
0.0
0.0
0.0
0.0
0.0
0.0
0.0
0.0
0.0
0.0
0.0
0.0
0.0
0.0
0.0
0.0
0.0
0.0
0.0
