0.91908276
0.0008656807
0.0004283627
0.00044030312
0.0006179169
0.00024851007
7.388137e-05
0.00014701646
0.0009955328
0.00014925528
0.0001932856
8.88069e-05
0.0005582148
0.00021044996
6.4926055e-05
0.00036492918
0.0004343329
0.00014701646
5.8209564e-05
4.179148e-05
0.0002820925
0.0004126909
5.895584e-05
4.9254246e-05
0.0001552255
3.4328717e-05
3.6567548e-05
3.8060098e-05
9.701594e-05
3.6567548e-05
4.626914e-05
6.119467e-05
0.00050896057
6.268722e-05
2.9851059e-05
6.716488e-05
0.00015074784
0.00016044943
2.7612228e-05
3.2089887e-05
7.2388815e-05
8.507552e-05
2.9851059e-05
7.537392e-05
7.537392e-05
4.626914e-05
9.1045724e-05
4.1045205e-05
0.00019030049
0.00015298667
0.00016119571
0.00039403397
0.00014627019
0.00020970368
0.00023955473
0.00018134518
0.00022015156
0.0002567191
0.00019104677
0.0004917962
0.00025149516
0.0002940329
0.00025821166
0.00021791272
0.00023582336
0.00030522706
0.00070597755
0.00097090565
0.0002791074
0.0016477784
0.0002059723
0.00017089731
0.00024851007
0.00015447923
0.00013507604
0.000108210086
0.00018656912
0.0011425492
0.00015746432
0.00012537444
0.0005574685
0.0005977674
0.00043657172
0.00018806166
0.00015895689
0.0011880721
0.0002059723
0.00015970317
0.00010970264
0.00011119519
0.0001141803
0.00016044943
0.000126867
0.00027313718
0.0002029872
0.00020970368
0.00012313561
0.00033134673
0.00016343454
0.00025970422
0.0002783611
0.0005447818
0.00026791324
0.00019253933
0.0005619462
0.00035074994
0.00060896156
0.00019701698
0.00036269036
0.00017164358
0.00030821218
0.00030298825
0.00020821113
0.00012089679
0.00032164514
0.00035895896
0.00074329134
0.00070597755
0.00016641965
0.00013806115
0.00014179252
0.00021119624
0.00013806115
0.00016119571
0.00015746432
0.00052015466
0.00012015051
0.00011119519
0.00021343507
0.00030298825
0.000104478706
0.0017738992
0.00028731645
0.00075970945
9.1045724e-05
0.000103732425
0.00026716696
0.0010552349
0.00028134623
0.0035112307
0.00024627123
0.0007858291
0.000118657954
0.000118657954
0.00016641965
0.00012164306
7.537392e-05
9.1045724e-05
0.0002283606
0.00028955526
9.328456e-05
6.7911154e-05
8.0597856e-05
7.089626e-05
0.00016940475
7.761275e-05
0.00017686751
3.8806375e-05
5.1493076e-05
2.3880846e-05
8.656807e-05
0.0002917941
6.940371e-05
0.00011268775
8.209041e-05
7.6866476e-05
3.8806375e-05
2.9104782e-05
6.7911154e-05
3.955265e-05
5.0000523e-05
8.0597856e-05
5.5224456e-05
7.014999e-05
3.8060098e-05
2.3880846e-05
0.00010671753
3.8060098e-05
4.253776e-05
4.7015415e-05
9.328456e-05
6.4179774e-05
4.1045205e-05
2.313457e-05
0.00017686751
6.567233e-05
7.462764e-05
4.253776e-05
9.6269665e-05
0.00011194147
0.00019403188
3.4328717e-05
0.00051119935
0.00026642068
0.00015895689
0.00023507708
0.0005806031
3.5074994e-05
0.00012462816
0.00041716854
0.00014403135
0.00016567337
5.07468e-05
1.6418082e-05
0.01729869
0.00010522498
0.00017612125
5.5970733e-05
0.00018209145
4.7761692e-05
0.00017089731
7.2388815e-05
0.000107463806
2.6119676e-05
3.8060098e-05
3.358244e-05
0.00014627019
2.1642018e-05
3.8060098e-05
3.0597334e-05
0.0001679122
1.7164359e-05
7.6120195e-05
4.7015415e-05
0.000253734
9.477711e-05
0.00011641913
6.8657435e-05
0.00027985367
0.00018134518
4.4030312e-05
8.283668e-05
0.0008709046
0.00027388346
6.268722e-05
0.00050597545
0.0004567212
3.2089887e-05
5.447818e-05
9.776222e-05
0.0003007494
2.53734e-05
0.00018582284
0.00016641965
0.0006365738
6.194095e-05
3.8060098e-05
0.0001932856
0.0007291121
0.00011119519
0.00011791168
0.00012537444
0.00093881576
0.00022612176
0.00021119624
0.0037186956
0.8974542
1.1207679e-06
7.4717866e-07
3.7358933e-07
5.9774293e-06
0.0
7.4717866e-07
1.4943573e-06
1.4943573e-06
2.6151254e-06
0.0
3.7358933e-07
0.0107115535
0.0
7.4717866e-07
5.2302507e-06
0.0022153847
7.0981973e-06
3.362304e-06
4.1094827e-06
8.592555e-06
5.60384e-06
1.75587e-05
1.3075626e-05
1.8679466e-06
7.4717866e-07
4.1094827e-06
7.4717866e-07
0.0007243897
3.7358933e-07
0.0
5.3423275e-05
0.0020835076
1.9053055e-05
1.6064341e-05
7.0981973e-06
1.4196395e-05
4.1094827e-06
6.3510183e-06
1.2702037e-05
2.0547413e-05
7.4717864e-06
6.724608e-06
4.1094827e-06
1.0086912e-05
8.218965e-06
4.4830717e-06
7.060838e-05
0.003810611
3.6611753e-05
4.2589185e-05
1.7932287e-05
4.1842006e-05
1.75587e-05
6.537813e-05
3.437022e-05
2.9139968e-05
1.120768e-05
1.5690752e-05
8.9661435e-06
0.00035827217
1.5690752e-05
8.592555e-06
7.621222e-05
0.0012489092
7.845376e-06
3.250227e-05
1.9053055e-05
2.839279e-05
1.8305876e-05
0.00010684655
5.491763e-05
3.362304e-06
7.4717866e-07
2.2415359e-06
1.1207679e-06
3.7358933e-07
3.7358933e-07
3.7358933e-07
4.8566612e-06
0.0018705617
7.0981973e-06
3.51174e-05
5.006097e-05
8.7793494e-05
6.687249e-05
8.928785e-05
6.31366e-05
5.043456e-05
3.287586e-05
1.1954859e-05
1.04605015e-05
0.0006037204
1.5690752e-05
8.592555e-06
5.678558e-05
0.0
0.0
0.0
0.0
0.0
0.0
0.0
0.0
0.0
0.0
0.0
0.0
0.0
0.0
0.0
0.0
0.0024186173
2.1294592e-05
2.4656896e-05
0.0001957608
0.00013822805
8.0695296e-05
0.00033062656
0.00018492671
4.483072e-05
7.8453755e-05
3.175509e-05
3.362304e-05
4.520431e-05
2.764561e-05
3.4743807e-05
0.00013449216
0.000468481
8.9661435e-06
3.7358932e-06
6.724608e-06
2.2788949e-05
1.9800234e-05
7.4717866e-07
7.4717864e-06
3.437022e-05
1.1207679e-06
1.8679466e-06
7.4717864e-06
0.00012403166
2.9887146e-06
2.6524842e-05
2.80192e-05
0.0016437931
2.166818e-05
0.0003571514
0.00030783762
0.00023722922
0.00013187704
0.00096199254
0.00050098327
3.960047e-05
4.1094827e-05
2.6524842e-05
2.0921003e-05
2.9513556e-05
5.1181738e-05
6.500454e-05
0.00015429239
0.0006791854
1.3822805e-05
0.00011618628
7.284992e-05
0.00010311065
5.3423275e-05
0.00030223376
0.00014308472
9.974835e-05
0.00012664679
6.164224e-05
6.724608e-05
0.00044008822
5.529122e-05
7.994811e-05
0.00064593594
0.00077220914
8.667272e-05
0.00014644701
0.0012104295
0.00021070438
0.00012291089
0.00032801143
0.0002342405
0.00020883643
0.0001404696
8.4057596e-05
7.770658e-05
0.00040011416
0.00010161629
0.00014868854
0.00031755093
0.0024074097
0.0003788196
0.00015541316
0.0009866494
0.0022265923
0.0017259826
0.001434583
0.0013079363
0.0030959349
0.0007875263
0.0003642496
0.00042439747
0.002024107
0.00026412765
0.0007561448
0.0015530108
0.008288827
0.0013751823
0.00060745626
0.0008891426
0.0035184643
0.0024167493
0.0011984746
0.0016628461
0.00630432
0.0005349799
0.00058541447
0.0005779427
0.0048794504
0.00067470234
0.0023446467
0.004692282
0.0
0.0
0.0
0.0
0.0
0.0
0.0
0.0
0.0
0.0
0.0
0.0
0.0
0.0
0.0
0.0
0.0
0.0
0.0
0.0
0.0
0.0
0.0
0.0
0.0
0.0
0.0
0.0
0.0
0.0
0.0
0.0
807.0
16.934324
13666.0
0.028172106
0.002195229
0.000731743
0.0009512659
0.0010244402
0.004829504
0.0010244402
0.0013171374
0.0017561832
0.0017561832
0.0005853944
0.0010244402
0.001463486
0.002926972
0.00629299
0.0018293576
0.008195521
0.007902824
0.009439485
0.00885409
0.00782965
0.011634714
0.01361042
0.011268842
0.012146934
0.014781209
0.01258598
0.012146934
0.013464072
0.015073906
0.018147226
0.013244549
0.008122347
0.015805649
0.013976292
0.013756769
0.012293283
0.013683595
0.015073906
0.012000585
0.010171228
0.012366457
0.008561393
0.009659008
0.01156154
0.010244402
0.012951851
0.009293136
0.009439485
0.008268696
0.009732182
0.009659008
0.006585687
0.006512513
0.0070979074
0.0040977607
0.0047563296
0.003366018
0.0035855407
0.0036587152
0.004829504
0.0035855407
0.003951412
0.0069515584
0.0040245866
0.023781648
0.009439485
0.016610567
0.016976438
0.042587444
0.0130982
0.012512806
0.014927558
0.025098786
0.0059271185
0.010683448
0.027294014
0.012000585
0.025391482
0.025391482
0.01412264
0.0076101273
0.02348895
0.020635152
0.031245427
0.013976292
0.008049173
0.007024733
0.008195521
0.009805356
0.005634421
0.006585687
0.007463779
0.0066588614
0.004902678
0.0050490266
6.240445
0.0
0.0
0.0
4.0
1339986.0
282624.0
1.0
0.0
62.0
1.0
1.0
0.0
0.0
0.0
1312912100.0
0.0
0.0
0.0
0.0
0.0
1.0
0.0
0.0
0.0
0.0
0.0
0.0
-1.0
1.0
-1.0
-1.0
0.0
0.0
0.0
0.0
0.0
0.0
0.0
0.0
0.0
0.0
0.0
0.0
-1.0
0.0
0.0
0.0
0.0
0.0
0.0
0.0
0.0
0.0
0.0
0.0
0.0
-1.0
0.0
0.0
0.0
0.0
0.0
0.0
0.0
0.0
0.0
0.0
6.0
0.0
4.0
0.0
4.0
0.0
155648.0
4096.0
4096.0
6.0
0.0
0.0
1.0
2.0
0.0
0.0
0.0
0.0
0.0
-8192.0
0.0
0.0
0.0
0.0
0.0
0.0
0.0
0.0
8192.0
0.0
0.0
0.0
0.0
0.0
0.0
0.0
0.0
0.0
0.0
0.0
0.0
0.0
0.0
0.0
0.0
0.0
-16384.0
0.0
0.0
0.0
0.0
0.0
0.0
0.0
0.0
-155648.0
-4096.0
12288.0
0.0
0.0
0.0
0.0
0.0
0.0
0.0
0.0
0.0
0.0
0.0
-5.9590554
0.0
0.0
0.0
0.0
0.0
0.0
0.0
0.0
4.9530053
0.0
0.0
0.0
0.0
0.0
0.0
0.0
0.0
0.0
0.0
0.0
0.0
0.0
0.0
0.0
0.0
0.0
-0.44404593
0.0
0.0
0.0
0.0
0.0
0.0
0.0
0.0
-3.8974419
-4.1785336
2.6598215
0.0
0.0
0.0
0.0
0.0
0.0
0.0
0.0
0.0
0.0
0.0
-4948.0
0.0
0.0
0.0
0.0
0.0
0.0
0.0
0.0
6748.0
0.0
0.0
0.0
0.0
0.0
0.0
0.0
0.0
0.0
0.0
0.0
0.0
0.0
0.0
0.0
0.0
0.0
-87716.0
0.0
0.0
0.0
0.0
0.0
0.0
0.0
0.0
-154512.0
-2532.0
10640.0
0.0
0.0
0.0
0.0
0.0
0.0
0.0
0.0
0.0
-1.0
0.0
0.0
0.0
0.0
0.0
1.0
0.0
0.0
0.0
0.0
0.0
0.0
0.0
0.0
0.0
0.0
0.0
0.0
0.0
0.0
0.0
0.0
0.0
0.0
0.0
0.0
0.0
0.0
0.0
0.0
0.0
0.0
0.0
0.0
0.0
-2.0
0.0
0.0
0.0
1.0
0.0
0.0
0.0
0.0
0.0
0.0
0.0
0.0
0.0
0.0
0.0
0.0
0.0
0.0
0.0
0.0
0.0
0.0
0.0
-1.0
0.0
0.0
0.0
0.0
0.0
0.0
0.0
0.0
0.0
1.0
0.0
0.0
0.0
0.0
1.0
0.0
0.0
0.0
0.0
0.0
0.0
0.0
0.0
0.0
0.0
0.0
0.0
0.0
0.0
0.0
0.0
0.0
0.0
0.0
0.0
0.0
0.0
0.0
0.0
0.0
0.0
0.0
0.0
0.0
0.0
0.0
0.0
0.0
0.0
0.0
0.0
0.0
0.0
0.0
0.0
0.0
0.0
0.0
0.0
0.0
0.0
0.0
0.0
0.0
0.0
0.0
-1.0
0.0
0.0
0.0
0.0
0.0
0.0
0.0
0.0
0.0
0.0
0.0
0.0
-1.0
0.0
0.0
0.0
0.0
0.0
0.0
0.0
0.0
0.0
0.0
0.0
0.0
0.0
0.0
0.0
0.0
0.0
0.0
0.0
0.0
0.0
0.0
0.0
0.0
0.0
0.0
0.0
0.0
0.0
0.0
0.0
0.0
0.0
0.0
0.0
0.0
0.0
0.0
0.0
0.0
0.0
0.0
0.0
0.0
0.0
0.0
0.0
0.0
0.0
0.0
0.0
0.0
0.0
0.0
0.0
0.0
-1.0
0.0
0.0
0.0
0.0
0.0
0.0
0.0
0.0
0.0
0.0
0.0
0.0
0.0
0.0
0.0
0.0
1.0
0.0
0.0
0.0
0.0
0.0
0.0
0.0
0.0
0.0
0.0
0.0
0.0
0.0
0.0
0.0
0.0
0.0
0.0
0.0
0.0
0.0
0.0
0.0
0.0
0.0
0.0
0.0
0.0
0.0
0.0
0.0
0.0
0.0
0.0
0.0
0.0
0.0
0.0
0.0
0.0
0.0
0.0
0.0
0.0
0.0
0.0
0.0
0.0
0.0
0.0
0.0
0.0
0.0
0.0
0.0
0.0
0.0
0.0
0.0
0.0
0.0
0.0
0.0
0.0
0.0
0.0
0.0
0.0
0.0
0.0
0.0
0.0
0.0
0.0
0.0
0.0
0.0
0.0
0.0
0.0
0.0
0.0
0.0
0.0
0.0
0.0
0.0
0.0
0.0
0.0
0.0
0.0
0.0
0.0
0.0
0.0
0.0
0.0
0.0
0.0
0.0
0.0
0.0
0.0
0.0
0.0
0.0
0.0
0.0
0.0
0.0
0.0
0.0
0.0
0.0
0.0
0.0
0.0
0.0
0.0
0.0
0.0
0.0
0.0
0.0
0.0
0.0
0.0
0.0
0.0
0.0
0.0
0.0
0.0
0.0
0.0
0.0
0.0
0.0
0.0
0.0
0.0
0.0
0.0
0.0
0.0
0.0
0.0
0.0
0.0
0.0
1.0
0.0
0.0
0.0
0.0
0.0
0.0
0.0
0.0
0.0
0.0
0.0
0.0
0.0
0.0
0.0
0.0
0.0
0.0
0.0
0.0
0.0
0.0
0.0
0.0
0.0
0.0
0.0
0.0
-1.0
0.0
0.0
0.0
0.0
0.0
0.0
0.0
0.0
0.0
0.0
0.0
0.0
0.0
0.0
0.0
0.0
0.0
0.0
0.0
0.0
0.0
0.0
0.0
0.0
0.0
0.0
0.0
0.0
0.0
0.0
0.0
0.0
0.0
0.0
0.0
0.0
0.0
0.0
0.0
0.0
0.0
0.0
0.0
0.0
0.0
0.0
0.0
0.0
0.0
0.0
0.0
0.0
0.0
0.0
0.0
0.0
0.0
0.0
0.0
0.0
1.0
0.0
0.0
1.0
0.0
0.0
0.0
0.0
0.0
0.0
0.0
0.0
0.0
0.0
0.0
0.0
0.0
0.0
0.0
0.0
0.0
0.0
0.0
0.0
0.0
0.0
0.0
0.0
-1.0
0.0
0.0
0.0
0.0
0.0
0.0
0.0
0.0
0.0
0.0
0.0
0.0
0.0
0.0
0.0
0.0
0.0
0.0
0.0
0.0
0.0
0.0
0.0
0.0
0.0
0.0
0.0
0.0
0.0
0.0
0.0
0.0
0.0
0.0
0.0
0.0
0.0
0.0
0.0
0.0
0.0
0.0
0.0
0.0
0.0
0.0
0.0
0.0
0.0
0.0
0.0
0.0
0.0
0.0
0.0
0.0
0.0
0.0
0.0
0.0
0.0
0.0
0.0
0.0
0.0
0.0
0.0
0.0
0.0
0.0
0.0
0.0
0.0
0.0
0.0
0.0
0.0
0.0
0.0
0.0
0.0
0.0
0.0
0.0
0.0
0.0
0.0
0.0
0.0
-1.0
0.0
0.0
0.0
0.0
0.0
0.0
0.0
0.0
0.0
0.0
0.0
0.0
0.0
0.0
0.0
0.0
0.0
0.0
0.0
0.0
0.0
0.0
0.0
0.0
0.0
0.0
0.0
0.0
0.0
0.0
1.0
0.0
0.0
0.0
0.0
0.0
0.0
0.0
0.0
0.0
0.0
0.0
0.0
0.0
0.0
0.0
-1.0
0.0
0.0
0.0
0.0
0.0
0.0
0.0
0.0
0.0
0.0
0.0
-1.0
0.0
-1.0
0.0
0.0
0.0
0.0
0.0
0.0
0.0
0.0
0.0
0.0
0.0
0.0
0.0
0.0
0.0
0.0
0.0
0.0
0.0
0.0
0.0
0.0
0.0
0.0
0.0
0.0
0.0
0.0
0.0
0.0
0.0
0.0
0.0
0.0
0.0
0.0
0.0
0.0
0.0
0.0
-1.0
0.0
0.0
1.0
0.0
0.0
0.0
0.0
0.0
0.0
0.0
0.0
0.0
0.0
0.0
0.0
0.0
0.0
0.0
0.0
0.0
0.0
0.0
0.0
0.0
0.0
0.0
0.0
0.0
0.0
0.0
0.0
0.0
0.0
0.0
0.0
0.0
0.0
0.0
0.0
0.0
0.0
0.0
0.0
0.0
0.0
0.0
-1.0
0.0
0.0
0.0
-1.0
0.0
0.0
0.0
0.0
0.0
0.0
0.0
0.0
0.0
0.0
0.0
0.0
0.0
0.0
0.0
0.0
0.0
0.0
0.0
0.0
0.0
0.0
0.0
0.0
0.0
0.0
0.0
0.0
0.0
0.0
0.0
0.0
0.0
0.0
1.0
0.0
0.0
0.0
0.0
0.0
0.0
0.0
0.0
0.0
0.0
-1.0
0.0
1.0
0.0
0.0
0.0
0.0
0.0
0.0
0.0
0.0
0.0
0.0
0.0
0.0
0.0
0.0
0.0
0.0
0.0
0.0
0.0
0.0
0.0
0.0
0.0
0.0
0.0
0.0
0.0
0.0
1.0
0.0
0.0
0.0
0.0
0.0
0.0
0.0
0.0
0.0
0.0
0.0
0.0
0.0
0.0
0.0
0.0
0.0
0.0
0.0
0.0
0.0
0.0
0.0
0.0
0.0
0.0
0.0
0.0
0.0
0.0
0.0
0.0
0.0
0.0
0.0
0.0
0.0
0.0
-1.0
0.0
0.0
0.0
0.0
0.0
0.0
0.0
0.0
0.0
0.0
0.0
0.0
0.0
0.0
0.0
0.0
0.0
0.0
-1.0
0.0
0.0
0.0
0.0
0.0
0.0
0.0
0.0
0.0
0.0
0.0
0.0
0.0
0.0
0.0
0.0
0.0
0.0
0.0
0.0
0.0
0.0
0.0
0.0
0.0
0.0
0.0
0.0
0.0
0.0
0.0
0.0
0.0
0.0
0.0
0.0
0.0
0.0
0.0
0.0
0.0
0.0
0.0
0.0
0.0
0.0
0.0
0.0
0.0
0.0
0.0
0.0
1.0
0.0
0.0
0.0
0.0
0.0
0.0
0.0
0.0
0.0
0.0
0.0
0.0
0.0
0.0
0.0
1.0
0.0
0.0
-2.0
0.0
0.0
0.0
0.0
0.0
0.0
0.0
0.0
0.0
0.0
1.0
0.0
0.0
0.0
1.0
0.0
0.0
1.0
-1.0
0.0
0.0
0.0
0.0
0.0
0.0
0.0
0.0
0.0
0.0
0.0
-1.0
-1.0
0.0
0.0
0.0
0.0
0.0
1.0
0.0
0.0
0.0
0.0
0.0
0.0
0.0
0.0
0.0
0.0
0.0
0.0
0.0
0.0
0.0
0.0
0.0
1.0
0.0
1.0
0.0
0.0
0.0
0.0
0.0
1.0
0.0
0.0
0.0
0.0
0.0
0.0
0.0
0.0
-1.0
0.0
0.0
0.0
0.0
0.0
0.0
0.0
0.0
0.0
0.0
0.0
0.0
0.0
0.0
1.0
0.0
0.0
0.0
0.0
0.0
0.0
0.0
0.0
0.0
1.0
0.0
0.0
0.0
0.0
0.0
0.0
0.0
0.0
0.0
0.0
0.0
0.0
0.0
0.0
0.0
0.0
0.0
0.0
0.0
0.0
0.0
0.0
0.0
0.0
0.0
0.0
0.0
0.0
0.0
0.0
0.0
0.0
0.0
0.0
0.0
0.0
0.0
0.0
-1.0
0.0
0.0
0.0
0.0
0.0
0.0
0.0
0.0
0.0
0.0
0.0
0.0
0.0
0.0
0.0
0.0
0.0
0.0
-1.0
0.0
0.0
0.0
0.0
1.0
0.0
0.0
0.0
0.0
0.0
0.0
1.0
0.0
0.0
0.0
0.0
0.0
0.0
0.0
0.0
0.0
0.0
0.0
0.0
0.0
0.0
0.0
0.0
0.0
0.0
0.0
0.0
-1.0
0.0
0.0
0.0
0.0
0.0
0.0
0.0
0.0
0.0
0.0
0.0
0.0
0.0
-1.0
-1.0
0.0
0.0
0.0
0.0
0.0
0.0
0.0
0.0
0.0
-1.0
0.0
0.0
0.0
0.0
0.0
0.0
0.0
0.0
0.0
0.0
0.0
-1.0
0.0
0.0
1.0
0.0
0.0
0.0
0.0
0.0
0.0
0.0
0.0
0.0
0.0
0.0
0.0
0.0
0.0
0.0
0.0
-1.0
0.0
-1.0
1.0
0.0
0.0
0.0
0.0
1.0
0.0
0.0
0.0
0.0
0.0
0.0
0.0
0.0
0.0
0.0
0.0
0.0
1.0
0.0
0.0
0.0
-1.0
0.0
0.0
0.0
0.0
0.0
0.0
0.0
0.0
1.0
0.0
0.0
0.0
0.0
0.0
0.0
0.0
0.0
0.0
0.0
0.0
0.0
0.0
0.0
0.0
0.0
0.0
0.0
0.0
0.0
0.0
0.0
0.0
0.0
-1.0
0.0
0.0
0.0
0.0
0.0
0.0
0.0
0.0
0.0
0.0
0.0
0.0
0.0
0.0
0.0
0.0
0.0
0.0
0.0
0.0
0.0
0.0
-1.0
0.0
0.0
0.0
0.0
0.0
0.0
0.0
0.0
0.0
0.0
0.0
0.0
0.0
0.0
0.0
0.0
0.0
0.0
0.0
0.0
0.0
0.0
0.0
-1.0
0.0
0.0
0.0
0.0
0.0
0.0
0.0
0.0
0.0
0.0
0.0
0.0
0.0
0.0
0.0
0.0
0.0
0.0
0.0
0.0
0.0
0.0
0.0
0.0
0.0
-1.0
-1.0
0.0
0.0
0.0
0.0
0.0
0.0
0.0
0.0
0.0
0.0
0.0
0.0
0.0
0.0
0.0
0.0
0.0
0.0
0.0
0.0
0.0
0.0
0.0
0.0
-1.0
0.0
0.0
0.0
0.0
0.0
0.0
0.0
0.0
0.0
0.0
0.0
0.0
0.0
0.0
0.0
0.0
0.0
0.0
0.0
0.0
0.0
0.0
0.0
0.0
0.0
0.0
0.0
0.0
0.0
0.0
0.0
0.0
0.0
0.0
0.0
0.0
0.0
0.0
0.0
0.0
0.0
0.0
0.0
0.0
0.0
0.0
0.0
0.0
0.0
0.0
0.0
0.0
0.0
0.0
0.0
0.0
0.0
0.0
0.0
0.0
0.0
0.0
0.0
0.0
0.0
0.0
0.0
0.0
0.0
0.0
0.0
0.0
0.0
0.0
0.0
0.0
0.0
0.0
0.0
0.0
0.0
0.0
0.0
0.0
0.0
0.0
0.0
0.0
0.0
0.0
0.0
0.0
0.0
0.0
0.0
0.0
0.0
0.0
0.0
0.0
0.0
0.0
0.0
0.0
0.0
0.0
0.0
0.0
0.0
0.0
0.0
0.0
0.0
0.0
0.0
0.0
0.0
0.0
0.0
0.0
0.0
0.0
0.0
0.0
0.0
0.0
0.0
0.0
0.0
0.0
0.0
0.0
0.0
0.0
0.0
0.0
0.0
0.0
0.0
0.0
0.0
0.0
0.0
0.0
0.0
0.0
0.0
0.0
0.0
0.0
0.0
0.0
0.0
0.0
0.0
0.0
0.0
0.0
0.0
0.0
0.0
0.0
0.0
0.0
0.0
0.0
0.0
0.0
100.0
258048.0
10640.0
262144.0
0.0
0.0
0.0
0.0
3940.0
274432.0
28.0
159744.0
0.0
0.0
0.0
0.0
0.0
0.0
0.0
0.0
0.0
0.0
468.0
258616.0
0.0
0.0
0.0
0.0
