0.005933707
0.0007454476
3.6820802e-05
2.2231428e-05
2.3389315e-05
2.7557708e-05
2.9178751e-05
2.4315625e-05
2.732613e-05
2.3389315e-05
3.4968183e-05
2.2463006e-05
0.0004812178
2.8715596e-05
2.3389315e-05
2.0610387e-05
3.821027e-05
2.385247e-05
2.6168243e-05
2.3620893e-05
1.6441994e-05
2.3157738e-05
1.8757768e-05
2.477878e-05
1.5747262e-05
2.1536696e-05
2.8947174e-05
2.6168243e-05
1.8294613e-05
2.7094553e-05
2.8947174e-05
2.4315625e-05
0.00010652559
2.1999851e-05
1.8294613e-05
2.732613e-05
2.4315625e-05
2.1536696e-05
2.9641906e-05
2.732613e-05
2.8715596e-05
2.292616e-05
2.3620893e-05
2.3157738e-05
2.5936666e-05
2.1536696e-05
4.793652e-05
2.7557708e-05
4.006289e-05
2.8947174e-05
3.1494525e-05
0.0008540574
2.6631398e-05
2.1073542e-05
3.079979e-05
3.2420834e-05
3.8673425e-05
2.1536696e-05
2.1768274e-05
2.1073542e-05
2.4547202e-05
2.1768274e-05
2.5936666e-05
3.1262945e-05
4.0294464e-05
3.4041874e-05
2.5705089e-05
3.6589227e-05
4.2147083e-05
4.423128e-05
3.4273453e-05
3.913658e-05
2.7094553e-05
3.010506e-05
2.6168243e-05
2.292616e-05
3.38103e-05
3.3115564e-05
3.0568215e-05
3.2420834e-05
0.0008528995
1.8989345e-05
3.6357647e-05
3.797869e-05
3.8441845e-05
0.00021374592
2.7789285e-05
3.797869e-05
2.1073542e-05
2.4315625e-05
2.477878e-05
3.4041874e-05
2.5705089e-05
1.4820953e-05
3.103137e-05
2.6862976e-05
2.4084047e-05
8.012578e-05
2.9410328e-05
5.0252293e-05
4.4462857e-05
0.00012736756
3.6357647e-05
3.5662917e-05
3.357872e-05
7.734685e-05
2.4315625e-05
3.17261e-05
6.7852176e-05
3.797869e-05
7.2020564e-05
8.5915206e-05
4.3073393e-05
1.852619e-05
7.850473e-05
6.252589e-05
7.2946874e-05
4.075762e-05
3.195768e-05
4.0294464e-05
4.1452353e-05
2.7789285e-05
2.6631398e-05
3.2189255e-05
1.319991e-05
2.5936666e-05
2.3620893e-05
2.732613e-05
3.5431338e-05
2.1536696e-05
2.9178751e-05
2.1073542e-05
2.6631398e-05
2.0841964e-05
1.5747262e-05
1.9915655e-05
2.732613e-05
2.3620893e-05
1.7136726e-05
1.2505178e-05
1.5515685e-05
2.5241934e-05
1.4357798e-05
2.7557708e-05
0.98389727
3.38103e-05
2.2463006e-05
2.1768274e-05
2.037881e-05
1.8063036e-05
2.2463006e-05
2.2231428e-05
3.3115564e-05
2.4315625e-05
2.2694583e-05
1.5747262e-05
2.8252442e-05
2.2463006e-05
1.9684077e-05
1.7831459e-05
2.5241934e-05
2.639982e-05
1.690515e-05
1.7599881e-05
3.0336638e-05
1.852619e-05
1.597884e-05
2.3620893e-05
2.6631398e-05
2.1536696e-05
1.8294613e-05
3.17261e-05
2.8020862e-05
2.3389315e-05
1.7368304e-05
2.8252442e-05
3.0568215e-05
2.1305119e-05
1.9915655e-05
2.9410328e-05
2.7789285e-05
1.9915655e-05
1.8063036e-05
3.0568215e-05
2.639982e-05
2.5936666e-05
2.7557708e-05
2.1536696e-05
2.639982e-05
2.3389315e-05
2.292616e-05
2.732613e-05
3.3115564e-05
2.2694583e-05
2.3389315e-05
2.3620893e-05
2.8020862e-05
2.037881e-05
2.292616e-05
3.010506e-05
2.639982e-05
2.5010357e-05
2.1305119e-05
2.4315625e-05
2.8252442e-05
2.4547202e-05
2.5705089e-05
2.5473511e-05
2.2463006e-05
2.292616e-05
2.5705089e-05
2.1536696e-05
2.385247e-05
2.0841964e-05
2.1536696e-05
1.7368304e-05
3.103137e-05
3.195768e-05
2.1536696e-05
2.477878e-05
3.0336638e-05
2.477878e-05
1.5515685e-05
2.1073542e-05
2.8484019e-05
2.385247e-05
2.1305119e-05
1.5284108e-05
2.5010357e-05
2.8484019e-05
2.0841964e-05
1.8063036e-05
2.1999851e-05
2.3157738e-05
2.1999851e-05
2.292616e-05
2.6168243e-05
2.0610387e-05
2.4084047e-05
1.852619e-05
3.079979e-05
2.1073542e-05
1.8757768e-05
1.6441994e-05
2.5241934e-05
1.8989345e-05
2.1305119e-05
1.9915655e-05
2.1768274e-05
2.7094553e-05
1.8294613e-05
1.5747262e-05
2.292616e-05
1.852619e-05
1.8294613e-05
5.0715447e-05
0.003320683
0.0
0.0
0.0004743833
0.0
0.0004743833
0.0
0.0
0.0
0.983871
0.0
0.0
0.0
0.0
0.0
0.0
0.00022097738
0.0
8.1071363e-07
9.265299e-07
1.3897949e-06
8.1071363e-07
8.570401e-06
3.5903033e-06
0.0
0.0
0.0
1.15816235e-07
0.0
0.0
0.0
0.0
0.0
0.0
0.0
0.0
0.0
0.0
0.0
0.0
0.0
0.0
0.0
0.0
0.0
0.0
0.0
0.0
0.0003538186
5.5591795e-06
4.9800983e-06
0.00016399579
1.968876e-06
0.0001683968
1.1581624e-06
6.9489744e-07
4.1693843e-06
5.790812e-07
2.2005086e-06
3.4744872e-07
4.6326494e-07
1.2739786e-06
5.790812e-07
1.3897949e-06
0.00075477443
2.7795897e-06
3.2428545e-06
0.00011929072
9.84438e-06
0.00012658714
2.6521919e-05
1.3666316e-05
6.9489744e-07
0.00011894327
5.790812e-07
1.0423461e-06
1.2739786e-06
5.790812e-07
1.6214273e-06
4.516833e-06
0.0
0.0
0.0
0.0
0.0
0.0
0.0
0.0
0.0
0.0
0.0
0.0
0.0
0.0
0.0
0.0
0.0004988205
2.3163248e-06
2.4668858e-05
1.21607045e-05
3.3355074e-05
1.7372435e-05
7.42382e-05
3.3934157e-05
4.401017e-06
6.9489744e-07
3.4744872e-07
1.3897949e-06
1.5056111e-06
3.4744872e-07
1.3897949e-06
4.6326495e-06
0.0007538479
9.496931e-06
5.200149e-05
2.7795897e-05
2.9648956e-05
1.8067332e-05
0.00015171927
8.663054e-05
1.8298966e-05
2.895406e-06
3.4744871e-06
4.7484655e-06
3.821936e-06
2.6637733e-06
2.3163248e-06
1.8530598e-05
0.0
0.0
0.0
0.0
0.0
0.0
0.0
0.0
0.0
0.0
0.0
0.0
0.0
0.0
0.0
0.0
0.0009286146
2.5016307e-05
5.7792302e-05
4.9106085e-05
8.8251974e-05
0.00024715185
0.000178357
0.00011639532
3.2428547e-05
2.188927e-05
1.6214273e-05
3.1502015e-05
2.4089777e-05
1.968876e-05
2.2815799e-05
3.8219358e-05
7.226933e-05
1.7372436e-06
1.38979485e-05
8.338769e-06
1.3434684e-05
7.643872e-06
6.4162195e-05
4.5168334e-05
9.265299e-07
2.2005086e-06
9.265299e-07
1.1581624e-06
4.6326494e-07
1.1581624e-06
9.265299e-07
2.7795897e-06
0.00020638453
1.2623969e-05
1.3203051e-05
5.8371385e-05
1.5056111e-05
5.9876995e-05
9.84438e-06
1.0886726e-05
1.077091e-05
1.1929073e-05
6.6015255e-06
1.2392337e-05
1.2739786e-05
1.1813256e-05
1.2623969e-05
9.265299e-06
0.0
0.0
0.0
0.0
0.0
0.0
0.0
0.0
0.0
0.0
0.0
0.0
0.0
0.0
0.0
0.0
0.0
0.0
0.0
0.0
0.0
0.0
0.0
0.0
0.0
0.0
0.0
0.0
0.0
0.0
0.0
0.0
0.0
0.0
0.0
0.0
0.0
0.0
0.0
0.0
0.0
0.0
0.0
0.0
0.0
0.0
0.0
0.0
0.00031131404
0.000323938
0.00032486455
0.00035764053
0.0003367936
0.00034281606
0.00033633035
0.00029278346
0.00028131763
0.00032694923
0.00033910995
0.00034582728
0.00035995687
0.00033934158
0.00031710486
0.00028212834
365.0
34.49863
12592.0
0.02366582
0.0011912326
0.00055590854
0.000317662
0.000317662
0.000952986
0.00055590854
0.001270648
0.0018265565
0.0023824652
0.0003970775
0.000794155
0.0008735705
0.00158831
0.008656289
0.0010324016
0.00317662
0.0015088945
0.002541296
0.2802573
0.0013500635
0.001429479
0.002541296
0.001429479
0.001429479
0.0011118171
0.0011912326
0.0010324016
0.00055590854
0.0003970775
0.0007147395
0.0007147395
0.001429479
0.003653113
0.001905972
0.0035736975
0.0050031766
0.003653113
0.002858958
0.00317662
0.0020648031
0.0016677255
0.001270648
0.000794155
0.0015088945
0.0029383735
0.001429479
0.001905972
0.2812103
0.0007147395
0.003017789
0.0041296063
0.0022236342
0.06623253
0.00158831
0.0037325285
0.000952986
0.000794155
0.000794155
0.0010324016
0.00158831
0.0010324016
0.0011118171
0.0008735705
0.001270648
0.018344982
0.0019853876
0.007703304
0.007147395
0.034545742
0.003335451
0.0045266836
0.005082592
0.017233163
0.0008735705
0.002541296
0.01270648
0.005876747
0.015406608
0.01890089
0.007465057
0.0003970775
0.016518425
0.012468234
0.016359594
0.007782719
0.0027795425
0.003811944
0.007306226
0.0026207115
0.001270648
0.003494282
7.94155e-05
0.0008735705
0.0007147395
0.000952986
3.8985653
1.0
0.0
0.0
1.0
4318211.0
77824.0
0.0
0.0
54.0
0.0
1.0
0.0
0.0
0.0
1083884500.0
0.0
0.0
0.0
0.0
0.0
1.0
0.0
0.0
0.0
0.0
0.0
0.0
-1.0
0.0
-1.0
-1.0
0.0
0.0
0.0
0.0
0.0
0.0
0.0
0.0
0.0
0.0
0.0
0.0
-1.0
0.0
0.0
0.0
0.0
0.0
0.0
0.0
0.0
0.0
0.0
0.0
0.0
-1.0
0.0
0.0
0.0
0.0
0.0
0.0
0.0
0.0
0.0
0.0
6.0
0.0
4.0
0.0
4.0
0.0
24576.0
4096.0
4096.0
10.0
0.0
0.0
3.0
2.0
0.0
0.0
0.0
0.0
0.0
0.0
4096.0
0.0
0.0
0.0
0.0
0.0
-4096.0
4096.0
4096.0
0.0
0.0
0.0
0.0
0.0
0.0
0.0
0.0
4096.0
0.0
0.0
0.0
0.0
0.0
0.0
0.0
0.0
-8192.0
0.0
0.0
0.0
0.0
0.0
0.0
0.0
4096.0
-24576.0
0.0
4096.0
-4096.0
0.0
0.0
0.0
0.0
0.0
0.0
0.0
0.0
0.0
0.0
0.0
0.0
0.0
0.0
0.0
0.0
0.0
0.0
0.0
5.297788
0.0
0.0
0.0
0.0
0.0
0.0
0.0
0.0
0.0
0.0
0.0
0.0
0.0
0.0
0.0
0.0
0.0
-3.429211
0.0
0.0
0.0
0.0
0.0
0.0
0.0
5.486761
-7.9730797
0.0
3.7997313
-5.1765885
0.0
0.0
0.0
0.0
0.0
0.0
0.0
0.0
0.0
0.0
0.0
3492.0
0.0
0.0
0.0
0.0
0.0
-3019.0
3461.0
2476.0
0.0
0.0
0.0
0.0
0.0
0.0
0.0
0.0
2010.0
0.0
0.0
0.0
0.0
0.0
0.0
0.0
0.0
-13432.0
0.0
0.0
0.0
0.0
0.0
0.0
0.0
1024.0
-23376.0
0.0
2392.0
-1024.0
0.0
0.0
0.0
0.0
0.0
0.0
0.0
0.0
-1.0
0.0
0.0
0.0
0.0
0.0
1.0
0.0
0.0
0.0
0.0
0.0
0.0
0.0
0.0
0.0
0.0
0.0
0.0
0.0
0.0
0.0
0.0
0.0
0.0
0.0
0.0
0.0
0.0
0.0
0.0
0.0
0.0
0.0
0.0
0.0
-2.0
0.0
0.0
0.0
1.0
0.0
0.0
0.0
0.0
0.0
0.0
0.0
0.0
0.0
0.0
0.0
0.0
0.0
0.0
0.0
0.0
0.0
0.0
0.0
-1.0
0.0
0.0
0.0
0.0
0.0
0.0
0.0
0.0
0.0
1.0
0.0
0.0
0.0
0.0
0.0
0.0
0.0
0.0
0.0
0.0
0.0
0.0
0.0
1.0
0.0
0.0
0.0
0.0
0.0
0.0
0.0
0.0
0.0
0.0
0.0
0.0
0.0
0.0
0.0
0.0
0.0
0.0
0.0
0.0
0.0
0.0
0.0
0.0
0.0
0.0
0.0
0.0
0.0
0.0
0.0
0.0
0.0
0.0
0.0
0.0
0.0
0.0
0.0
0.0
0.0
0.0
-1.0
0.0
0.0
0.0
0.0
0.0
0.0
0.0
0.0
0.0
0.0
0.0
0.0
0.0
0.0
0.0
0.0
0.0
0.0
0.0
0.0
0.0
0.0
0.0
0.0
0.0
0.0
0.0
0.0
0.0
0.0
0.0
0.0
0.0
0.0
0.0
0.0
0.0
0.0
0.0
0.0
0.0
0.0
0.0
0.0
0.0
0.0
0.0
0.0
0.0
0.0
0.0
0.0
0.0
0.0
0.0
0.0
0.0
0.0
0.0
0.0
0.0
0.0
0.0
0.0
0.0
0.0
0.0
0.0
0.0
-1.0
0.0
0.0
0.0
0.0
0.0
0.0
0.0
0.0
0.0
0.0
0.0
0.0
0.0
0.0
0.0
0.0
1.0
0.0
0.0
0.0
0.0
0.0
0.0
0.0
0.0
0.0
0.0
0.0
0.0
0.0
0.0
0.0
0.0
0.0
0.0
0.0
0.0
0.0
0.0
0.0
0.0
0.0
0.0
0.0
0.0
0.0
0.0
0.0
0.0
0.0
0.0
0.0
0.0
0.0
0.0
0.0
0.0
0.0
0.0
0.0
0.0
0.0
0.0
0.0
0.0
0.0
0.0
0.0
0.0
0.0
0.0
0.0
0.0
0.0
0.0
0.0
0.0
0.0
0.0
0.0
0.0
0.0
0.0
0.0
0.0
0.0
0.0
0.0
0.0
0.0
0.0
0.0
0.0
0.0
0.0
0.0
0.0
0.0
0.0
0.0
0.0
0.0
0.0
0.0
0.0
0.0
0.0
0.0
0.0
0.0
0.0
0.0
0.0
0.0
0.0
0.0
0.0
0.0
0.0
0.0
0.0
0.0
0.0
0.0
0.0
0.0
0.0
0.0
0.0
0.0
0.0
0.0
0.0
0.0
0.0
0.0
0.0
0.0
0.0
0.0
0.0
0.0
0.0
0.0
0.0
0.0
0.0
0.0
0.0
0.0
0.0
0.0
0.0
0.0
0.0
0.0
0.0
0.0
0.0
0.0
0.0
0.0
0.0
0.0
0.0
0.0
0.0
0.0
0.0
0.0
0.0
0.0
0.0
0.0
0.0
0.0
0.0
0.0
0.0
0.0
0.0
0.0
0.0
0.0
0.0
0.0
0.0
0.0
0.0
0.0
0.0
0.0
0.0
0.0
0.0
0.0
0.0
0.0
0.0
0.0
0.0
0.0
-1.0
0.0
0.0
0.0
0.0
0.0
0.0
0.0
0.0
0.0
0.0
0.0
0.0
0.0
0.0
0.0
0.0
0.0
0.0
0.0
0.0
0.0
0.0
0.0
0.0
0.0
0.0
0.0
0.0
0.0
0.0
0.0
0.0
0.0
0.0
0.0
0.0
1.0
0.0
0.0
0.0
0.0
0.0
0.0
0.0
0.0
0.0
0.0
0.0
0.0
0.0
0.0
0.0
0.0
0.0
0.0
0.0
0.0
0.0
1.0
0.0
0.0
0.0
0.0
1.0
0.0
0.0
0.0
0.0
0.0
0.0
0.0
0.0
0.0
0.0
0.0
0.0
0.0
0.0
0.0
0.0
1.0
0.0
0.0
0.0
0.0
0.0
0.0
0.0
0.0
0.0
0.0
0.0
0.0
0.0
0.0
0.0
0.0
0.0
0.0
0.0
0.0
0.0
0.0
0.0
0.0
0.0
0.0
0.0
0.0
0.0
0.0
0.0
0.0
0.0
0.0
0.0
0.0
0.0
0.0
0.0
0.0
0.0
0.0
0.0
0.0
-1.0
0.0
0.0
0.0
0.0
0.0
0.0
0.0
0.0
0.0
0.0
0.0
0.0
0.0
0.0
0.0
0.0
0.0
0.0
0.0
0.0
0.0
0.0
0.0
0.0
0.0
0.0
0.0
0.0
0.0
0.0
0.0
0.0
0.0
0.0
0.0
0.0
0.0
0.0
0.0
0.0
0.0
0.0
0.0
0.0
0.0
0.0
0.0
-1.0
0.0
0.0
0.0
0.0
0.0
0.0
0.0
0.0
0.0
0.0
0.0
0.0
0.0
0.0
0.0
0.0
0.0
0.0
0.0
0.0
0.0
0.0
0.0
0.0
0.0
0.0
0.0
0.0
0.0
0.0
1.0
0.0
0.0
0.0
0.0
0.0
0.0
0.0
0.0
0.0
0.0
0.0
0.0
0.0
0.0
0.0
0.0
0.0
0.0
0.0
0.0
0.0
0.0
0.0
0.0
0.0
0.0
0.0
-1.0
0.0
0.0
0.0
0.0
0.0
0.0
0.0
0.0
0.0
0.0
0.0
0.0
0.0
0.0
0.0
0.0
0.0
0.0
0.0
0.0
0.0
0.0
0.0
0.0
0.0
0.0
0.0
0.0
0.0
0.0
0.0
0.0
0.0
0.0
0.0
0.0
0.0
0.0
0.0
0.0
0.0
0.0
-1.0
0.0
0.0
1.0
0.0
0.0
0.0
0.0
0.0
0.0
0.0
0.0
0.0
0.0
0.0
0.0
0.0
0.0
0.0
0.0
0.0
0.0
0.0
0.0
0.0
0.0
0.0
0.0
0.0
0.0
0.0
0.0
0.0
0.0
0.0
0.0
0.0
0.0
0.0
0.0
0.0
0.0
0.0
0.0
0.0
0.0
0.0
-1.0
0.0
0.0
0.0
-1.0
0.0
0.0
0.0
0.0
0.0
0.0
0.0
0.0
0.0
0.0
0.0
0.0
0.0
0.0
0.0
0.0
0.0
0.0
0.0
0.0
0.0
0.0
0.0
0.0
0.0
0.0
0.0
0.0
0.0
0.0
0.0
0.0
0.0
0.0
1.0
0.0
0.0
0.0
0.0
0.0
0.0
0.0
0.0
0.0
0.0
-1.0
0.0
0.0
0.0
0.0
0.0
0.0
0.0
0.0
0.0
0.0
0.0
0.0
0.0
0.0
0.0
0.0
0.0
0.0
0.0
0.0
0.0
0.0
0.0
0.0
0.0
0.0
0.0
0.0
0.0
0.0
1.0
0.0
0.0
0.0
0.0
0.0
0.0
0.0
0.0
0.0
0.0
0.0
0.0
0.0
0.0
0.0
0.0
0.0
0.0
0.0
0.0
0.0
0.0
0.0
0.0
0.0
0.0
0.0
0.0
0.0
0.0
0.0
0.0
0.0
0.0
0.0
0.0
0.0
0.0
-1.0
0.0
0.0
0.0
0.0
0.0
0.0
0.0
0.0
0.0
0.0
0.0
0.0
0.0
0.0
0.0
0.0
0.0
0.0
-1.0
0.0
0.0
0.0
0.0
0.0
0.0
0.0
0.0
0.0
0.0
0.0
0.0
0.0
0.0
0.0
0.0
0.0
0.0
0.0
0.0
0.0
0.0
0.0
0.0
0.0
0.0
0.0
0.0
0.0
0.0
0.0
0.0
0.0
0.0
0.0
0.0
0.0
0.0
0.0
0.0
0.0
0.0
0.0
0.0
0.0
0.0
0.0
0.0
0.0
0.0
0.0
0.0
0.0
0.0
0.0
0.0
0.0
0.0
0.0
0.0
0.0
0.0
0.0
0.0
0.0
0.0
0.0
0.0
1.0
0.0
0.0
-2.0
0.0
0.0
0.0
0.0
0.0
0.0
0.0
0.0
0.0
0.0
0.0
0.0
0.0
0.0
1.0
0.0
0.0
0.0
-1.0
0.0
0.0
0.0
0.0
0.0
0.0
0.0
0.0
0.0
0.0
0.0
-1.0
0.0
0.0
0.0
0.0
0.0
0.0
1.0
0.0
0.0
0.0
0.0
0.0
0.0
0.0
0.0
0.0
0.0
0.0
0.0
0.0
0.0
0.0
0.0
0.0
1.0
0.0
1.0
0.0
0.0
0.0
0.0
0.0
1.0
0.0
0.0
0.0
0.0
0.0
0.0
0.0
0.0
-1.0
0.0
0.0
0.0
0.0
0.0
0.0
0.0
0.0
0.0
0.0
0.0
0.0
0.0
0.0
1.0
0.0
0.0
0.0
0.0
0.0
0.0
0.0
0.0
0.0
0.0
0.0
0.0
0.0
0.0
0.0
0.0
0.0
0.0
0.0
0.0
0.0
0.0
0.0
0.0
0.0
0.0
0.0
0.0
0.0
0.0
0.0
0.0
0.0
0.0
0.0
0.0
0.0
0.0
0.0
0.0
0.0
0.0
0.0
0.0
0.0
0.0
0.0
0.0
-1.0
0.0
0.0
0.0
0.0
0.0
0.0
0.0
0.0
0.0
0.0
0.0
0.0
0.0
0.0
0.0
0.0
0.0
0.0
0.0
0.0
0.0
0.0
0.0
1.0
0.0
0.0
0.0
0.0
0.0
0.0
1.0
0.0
0.0
0.0
0.0
0.0
0.0
0.0
0.0
0.0
0.0
0.0
0.0
0.0
0.0
0.0
0.0
0.0
0.0
0.0
0.0
0.0
0.0
0.0
0.0
1.0
0.0
0.0
0.0
0.0
0.0
0.0
0.0
0.0
0.0
0.0
-1.0
0.0
0.0
0.0
0.0
0.0
0.0
0.0
0.0
0.0
-1.0
0.0
0.0
0.0
0.0
0.0
0.0
0.0
0.0
0.0
0.0
0.0
0.0
0.0
0.0
1.0
0.0
0.0
0.0
0.0
0.0
0.0
0.0
0.0
0.0
0.0
0.0
0.0
0.0
0.0
0.0
0.0
0.0
0.0
-1.0
1.0
0.0
0.0
0.0
0.0
0.0
0.0
0.0
0.0
0.0
0.0
0.0
0.0
0.0
0.0
0.0
0.0
0.0
1.0
0.0
0.0
0.0
-1.0
0.0
0.0
0.0
0.0
0.0
0.0
0.0
0.0
1.0
0.0
0.0
0.0
0.0
0.0
0.0
0.0
0.0
0.0
0.0
0.0
0.0
0.0
0.0
0.0
0.0
0.0
0.0
0.0
0.0
0.0
0.0
0.0
0.0
-1.0
0.0
0.0
0.0
0.0
0.0
0.0
0.0
0.0
0.0
0.0
0.0
0.0
0.0
0.0
0.0
0.0
0.0
0.0
0.0
0.0
0.0
0.0
-1.0
0.0
0.0
0.0
0.0
0.0
0.0
0.0
0.0
0.0
0.0
0.0
0.0
0.0
0.0
0.0
0.0
0.0
0.0
0.0
0.0
0.0
0.0
0.0
-1.0
0.0
0.0
0.0
0.0
0.0
0.0
0.0
0.0
0.0
0.0
0.0
0.0
0.0
0.0
0.0
0.0
0.0
0.0
0.0
0.0
0.0
0.0
0.0
0.0
0.0
-1.0
-1.0
0.0
0.0
0.0
0.0
0.0
0.0
0.0
0.0
0.0
0.0
0.0
0.0
0.0
0.0
0.0
0.0
0.0
0.0
0.0
0.0
0.0
0.0
0.0
0.0
-1.0
0.0
0.0
0.0
0.0
0.0
0.0
0.0
0.0
0.0
0.0
0.0
0.0
0.0
0.0
0.0
0.0
0.0
0.0
0.0
0.0
0.0
0.0
0.0
0.0
0.0
0.0
0.0
0.0
0.0
0.0
0.0
0.0
0.0
0.0
0.0
0.0
0.0
0.0
0.0
0.0
0.0
0.0
0.0
0.0
0.0
0.0
0.0
0.0
0.0
0.0
0.0
0.0
0.0
0.0
0.0
0.0
0.0
0.0
0.0
0.0
0.0
0.0
0.0
0.0
0.0
0.0
0.0
0.0
0.0
0.0
0.0
0.0
0.0
0.0
0.0
0.0
0.0
0.0
0.0
0.0
0.0
0.0
0.0
0.0
0.0
0.0
0.0
0.0
0.0
0.0
0.0
0.0
0.0
0.0
0.0
0.0
0.0
0.0
0.0
0.0
0.0
0.0
0.0
0.0
0.0
0.0
0.0
0.0
0.0
0.0
0.0
0.0
0.0
0.0
0.0
0.0
0.0
0.0
0.0
0.0
0.0
0.0
0.0
0.0
0.0
0.0
0.0
0.0
0.0
0.0
0.0
0.0
0.0
0.0
0.0
0.0
0.0
0.0
0.0
0.0
0.0
0.0
0.0
0.0
0.0
0.0
0.0
0.0
0.0
0.0
0.0
0.0
0.0
0.0
0.0
0.0
0.0
0.0
0.0
0.0
0.0
0.0
0.0
0.0
0.0
0.0
0.0
0.0
80.0
29892.0
2392.0
49152.0
0.0
0.0
0.0
0.0
0.0
0.0
0.0
0.0
0.0
0.0
0.0
0.0
0.0
0.0
0.0
0.0
0.0
0.0
228.0
28672.0
0.0
0.0
0.0
0.0
