0.10640519
0.004056915
0.0071440204
0.0020210545
0.0024652423
0.0030426865
0.0017915574
0.0024430328
0.0044566845
0.004789825
0.003701565
0.0018729919
0.0028131895
0.007980574
0.0020284576
0.0019840389
0.0035164868
0.0037385807
0.012999896
0.0029686552
0.0043678465
0.0044640875
0.0022653579
0.0016064792
0.002391211
0.0023245828
0.0025392736
0.0020728763
0.0019692327
0.0029908645
0.0020950858
0.001880395
0.012281793
0.0061890166
0.006499948
0.0020950858
0.0019174106
0.0024060172
0.0031241209
0.0023171797
0.0028650113
0.002561483
0.0017989606
0.0014584166
0.0020654732
0.002272761
0.001761945
0.0014362072
0.0031463304
0.01601297
0.0023393892
0.0017471387
0.0016657043
0.004293815
0.012229971
0.0028279957
0.001591673
0.0035164868
0.0017249293
0.0015472542
0.0025466767
0.0033166022
0.0027391582
0.0015102385
0.0053820754
0.003361021
0.012903656
0.0041975747
0.0033314086
0.0030871052
0.0025984987
0.0020654732
0.0076918523
0.0030574927
0.0029612521
0.0017915574
0.0032573773
0.0029242365
0.0017989606
0.0020876827
0.0030871052
0.0022357453
0.0029242365
0.0031019114
0.015339285
0.010897407
0.0056115724
0.0038274182
0.0026947393
0.003183346
0.0022061327
0.0025392736
0.0020802796
0.002502258
0.0021987297
0.0017323324
0.0027465613
0.006381498
0.0031019114
0.002391211
0.0039606746
0.007003361
0.0063518854
0.0027613675
0.0034868743
0.003531293
0.0016583011
0.0024578392
0.004330831
0.0025466767
0.0033166022
0.0041901716
0.00461215
0.0055005257
0.0037385807
0.005011919
0.006040954
0.0040198998
0.006026148
0.002509661
0.0024060172
0.0031093147
0.0015398511
0.0020136514
0.006773864
0.0021172953
0.0014954322
0.0015842698
0.0027761739
0.0028279957
0.0034498586
0.005285835
0.0028502052
0.0013621759
0.005567154
0.0014880291
0.003871837
0.0076992554
0.0017323324
0.002517064
0.0030426865
0.0024800485
0.0023690015
0.0018359763
0.0023690015
0.0029982678
0.0020136514
0.0018137669
0.004042109
0.0021395045
0.0024504361
0.0036645494
0.0027169487
0.0093353465
0.0023467923
0.0022653579
0.0033980366
0.0038940464
0.0014139978
0.0019322169
0.0032647804
0.0024430328
0.0013251603
0.0025318705
0.0024208236
0.0019692327
0.0010364382
0.0013621759
0.002391211
0.0038644338
0.007514177
0.014206607
0.0016657043
0.0031759427
0.0012363227
0.0018581856
0.0018877982
0.0017175261
0.0024874518
0.0012067102
0.0023690015
0.0029834614
0.0016286887
0.0049304846
0.0034350522
0.0027243518
0.008032396
0.0029464457
0.0054487037
0.011200936
0.0020654732
0.0037385807
0.0015620604
0.0037459838
0.001991442
0.0054561067
0.0021395045
0.0024060172
0.0019692327
0.0014436104
0.0053672693
0.016101807
0.0032055553
0.0032795866
0.0034720679
0.004293815
0.01080857
0.00279098
0.002391211
0.0023541953
0.0029760583
0.001199307
0.0020358607
0.002502258
0.0016434948
0.0017175261
0.003538696
0.006040954
0.0024800485
0.0013621759
0.004027303
0.008165653
0.0074327425
0.009387169
0.0017915574
0.0023615984
0.0014139978
0.002561483
0.0019470232
0.0029464457
0.0024948549
0.0016138824
0.0014436104
0.0021469076
0.0020728763
0.0017989606
0.0019100076
0.0064037074
0.0030574927
0.001258532
0.002043264
0.0050933533
0.00789914
0.0015694635
0.0013917885
0.0038570308
0.0021839233
0.0054190913
0.0016805105
0.002161714
0.003294393
0.0016879137
0.0014436104
0.0032795866
0.0014954322
0.0015990761
0.046153847
0.0
0.0
0.0
0.0
0.0
0.0
0.0
0.0
0.0
0.0
0.0
0.0
0.0
0.0
0.0
0.0072791465
1.8780049e-05
5.6340145e-05
2.6292068e-05
3.3804088e-05
1.1268029e-05
7.5120192e-06
3.7560096e-06
0.00010141226
3.7560096e-06
5.6340145e-05
1.8780049e-05
1.50240385e-05
1.1268029e-05
1.1268029e-05
3.7560098e-05
0.0
0.0
0.0
0.0
0.0
0.0
0.0
0.0
0.0
0.0
0.0
0.0
0.0
0.0
0.0
0.0
0.0064866287
3.7560096e-06
0.0
0.0
0.0001915565
9.765625e-05
0.00056340144
0.00033804087
0.0
0.0
0.0
0.0
0.0
3.7560096e-06
0.0
7.5120192e-06
0.0
0.0
0.0
0.0
0.0
0.0
0.0
0.0
0.0
0.0
0.0
0.0
0.0
0.0
0.0
0.0
0.0
0.0
0.0
0.0
0.0
0.0
0.0
0.0
0.0
0.0
0.0
0.0
0.0
0.0
0.0
0.0
0.005427434
6.7608176e-05
0.00043569712
3.3804088e-05
0.00012019231
3.7560098e-05
0.0008263221
0.00048828125
0.00010141226
3.7560096e-06
5.6340145e-05
1.8780049e-05
1.50240385e-05
1.1268029e-05
1.1268029e-05
3.7560098e-05
0.021176383
0.0003117488
0.0017916166
0.00016902044
0.0019794172
0.0005521334
0.0076547475
0.0040790266
0.00012019231
0.00016526443
0.00011268029
4.5072116e-05
9.390024e-05
8.2632214e-05
6.385217e-05
6.385217e-05
0.0
0.0
0.0
0.0
0.0
0.0
0.0
0.0
0.0
0.0
0.0
0.0
0.0
0.0
0.0
0.0
0.006253756
0.00012019231
0.00011268029
0.00017277645
0.0018517127
0.00043569712
0.0034630408
0.0014009916
0.00011268029
0.00021033654
0.00014648438
7.5120195e-05
8.2632214e-05
0.00012770433
0.00063100964
0.00018780048
0.0030949519
7.5120195e-05
9.014423e-05
0.00013521635
0.0008451022
0.00018028847
0.00158128
0.0005859375
5.2584135e-05
5.6340145e-05
5.2584135e-05
5.2584135e-05
6.0096154e-05
9.390024e-05
0.0005934495
0.00014272837
0.003147536
0.00028921274
0.0004957933
0.0002704327
0.00028545674
0.00025165264
0.0013972356
0.000777494
0.00012394832
0.00015775241
0.00012019231
6.7608176e-05
0.0001164363
0.00012394832
2.6292068e-05
4.1316107e-05
0.0033841648
0.0003079928
0.00030423678
0.00037560097
0.00030423678
0.00032677283
0.0003079928
0.00037935696
0.00038686898
0.00021033654
0.00020658053
0.00022911659
0.00028170072
0.0004770132
8.2632214e-05
0.00012770433
0.003102464
0.00027794472
0.00026667668
0.00041691706
0.00053335336
0.0002741887
0.000390625
0.00027794472
0.00022911659
0.00020282452
0.00025165264
0.00029296876
0.00041691706
0.00030048078
0.00021409255
0.00024414062
0.0042442908
0.003072416
0.001949369
0.0038499099
0.003545673
0.0062762923
0.0012469952
0.0018780048
0.0013634315
0.0025503305
0.0017277644
0.0012469952
0.0021446815
0.0014986478
0.0009915866
0.00087515026
0.04782903
0.04958684
0.047603667
0.05747446
0.052997295
0.057947718
0.0429049
0.0483436
0.048636567
0.045323767
0.04952299
0.05696364
0.066992186
0.0566256
0.034577824
0.04436223
756.0
7.5846562
5734.0
0.01883502
0.009243111
0.00627834
0.0029647716
0.0040111616
0.0017439832
0.0050575514
0.005406348
0.004708755
0.0057551446
0.0012207882
0.001569585
0.0034879665
0.004359958
0.004883153
0.002615975
0.007847925
0.018311825
0.006975933
0.00523195
0.0033135682
0.008196721
0.018486222
0.0045343563
0.003836763
0.004883153
0.007673526
0.0050575514
0.0036623648
0.006975933
0.004708755
0.0029647716
0.00523195
0.014649459
0.028252529
0.0141262645
0.009766306
0.011684688
0.010289501
0.010115103
0.01778863
0.007847925
0.0029647716
0.0057551446
0.010115103
0.005406348
0.0034879665
0.0050575514
0.007673526
0.0041855597
0.007673526
0.013777467
0.026159748
0.09522148
0.007847925
0.008894315
0.0027903733
0.007673526
0.0027903733
0.0040111616
0.004708755
0.00627834
0.0050575514
0.004359958
0.0045343563
0.026334148
0.00941751
0.010987095
0.017091036
0.053540286
0.012731078
0.009940704
0.007673526
0.027380537
0.0027903733
0.0050575514
0.028426927
0.00627834
0.018311825
0.018486222
0.008545518
0.008719916
0.024241367
0.018486222
0.03226369
0.0104639
0.012382281
0.006975933
0.008022323
0.01360307
0.0034879665
0.002615975
0.013254273
0.004883153
0.002615975
0.0040111616
6.0229473
0.0
0.0
0.0
2.0
135078.0
155648.0
0.0
0.0
10.0
0.0
1.0
0.0
1.0
0.0
708992500.0
0.0
0.0
0.0
0.0
0.0
1.0
0.0
0.0
0.0
0.0
0.0
0.0
-1.0
1.0
-1.0
-1.0
0.0
1.0
0.0
0.0
0.0
0.0
0.0
0.0
0.0
0.0
0.0
0.0
-1.0
0.0
0.0
0.0
0.0
0.0
0.0
0.0
0.0
0.0
0.0
0.0
0.0
-1.0
0.0
0.0
0.0
0.0
0.0
0.0
0.0
0.0
0.0
0.0
2.0
25.0
4.0
0.0
4.0
0.0
107008.0
1024.0
4096.0
9.0
2.0
0.0
2.0
5.0
0.0
0.0
0.0
0.0
0.0
-7680.0
0.0
0.0
0.0
0.0
0.0
0.0
0.0
0.0
512.0
0.0
0.0
0.0
0.0
0.0
0.0
1024.0
-2048.0
0.0
0.0
0.0
0.0
0.0
0.0
0.0
0.0
0.0
0.0
0.0
0.0
-107008.0
0.0
0.0
0.0
0.0
0.0
0.0
-3072.0
5120.0
0.0
0.0
0.0
0.0
0.0
0.0
0.0
0.0
0.0
0.0
0.0
0.0
0.0
0.0
0.0
0.0
0.0
0.0
0.0
0.0
2.0825517
0.0
0.0
0.0
0.0
0.0
0.0
4.8818374
-4.0546365
0.0
0.0
0.0
0.0
0.0
0.0
0.0
0.0
0.0
0.0
0.0
0.0
-7.6531377
0.0
0.0
0.0
0.0
0.0
0.0
-4.8718653
3.4856634
0.0
0.0
0.0
0.0
0.0
0.0
0.0
0.0
-12.0
0.0
0.0
-7284.0
0.0
0.0
0.0
0.0
0.0
0.0
0.0
0.0
24.0
0.0
2597.0
0.0
0.0
0.0
0.0
1024.0
-1912.0
0.0
0.0
0.0
0.0
0.0
0.0
0.0
0.0
0.0
0.0
0.0
0.0
-106516.0
0.0
0.0
0.0
0.0
0.0
0.0
-3066.0
5120.0
0.0
0.0
0.0
0.0
0.0
0.0
0.0
0.0
0.0
0.0
0.0
0.0
0.0
0.0
0.0
0.0
0.0
0.0
0.0
0.0
0.0
0.0
0.0
1.0
0.0
0.0
0.0
0.0
0.0
0.0
0.0
0.0
0.0
0.0
0.0
0.0
0.0
-1.0
0.0
0.0
0.0
0.0
1.0
0.0
0.0
0.0
0.0
0.0
1.0
0.0
0.0
0.0
0.0
0.0
0.0
0.0
0.0
0.0
0.0
0.0
0.0
0.0
0.0
0.0
0.0
0.0
0.0
0.0
0.0
-1.0
0.0
0.0
0.0
0.0
0.0
0.0
0.0
0.0
0.0
1.0
0.0
0.0
0.0
0.0
0.0
0.0
0.0
0.0
0.0
0.0
0.0
0.0
0.0
1.0
0.0
0.0
0.0
0.0
0.0
0.0
0.0
0.0
0.0
0.0
0.0
0.0
0.0
0.0
0.0
0.0
0.0
0.0
0.0
0.0
0.0
0.0
0.0
0.0
0.0
0.0
0.0
0.0
0.0
0.0
0.0
0.0
0.0
0.0
0.0
0.0
0.0
0.0
0.0
0.0
0.0
0.0
-1.0
0.0
0.0
0.0
0.0
0.0
0.0
0.0
0.0
0.0
0.0
0.0
0.0
0.0
0.0
0.0
0.0
0.0
0.0
0.0
0.0
0.0
0.0
0.0
0.0
0.0
0.0
0.0
0.0
0.0
0.0
0.0
0.0
0.0
0.0
0.0
0.0
0.0
0.0
0.0
0.0
0.0
0.0
0.0
0.0
0.0
0.0
0.0
0.0
0.0
0.0
0.0
0.0
0.0
0.0
0.0
0.0
0.0
0.0
0.0
0.0
0.0
0.0
0.0
0.0
0.0
0.0
0.0
0.0
0.0
-1.0
0.0
0.0
0.0
0.0
0.0
0.0
0.0
0.0
0.0
0.0
0.0
0.0
0.0
0.0
0.0
0.0
1.0
0.0
0.0
0.0
0.0
0.0
0.0
0.0
0.0
0.0
0.0
0.0
0.0
0.0
0.0
0.0
0.0
0.0
0.0
0.0
0.0
0.0
0.0
0.0
0.0
0.0
0.0
0.0
0.0
0.0
0.0
0.0
0.0
0.0
0.0
0.0
0.0
0.0
0.0
0.0
0.0
0.0
0.0
0.0
0.0
0.0
0.0
0.0
0.0
0.0
0.0
0.0
0.0
0.0
0.0
0.0
0.0
0.0
0.0
0.0
0.0
0.0
0.0
0.0
0.0
0.0
0.0
0.0
0.0
0.0
0.0
0.0
0.0
0.0
0.0
0.0
0.0
0.0
0.0
0.0
0.0
0.0
0.0
0.0
0.0
0.0
0.0
0.0
0.0
0.0
0.0
0.0
0.0
0.0
0.0
0.0
0.0
0.0
0.0
0.0
0.0
0.0
0.0
0.0
0.0
0.0
0.0
0.0
0.0
0.0
0.0
0.0
0.0
0.0
0.0
0.0
0.0
0.0
0.0
0.0
0.0
0.0
0.0
1.0
0.0
0.0
0.0
0.0
0.0
0.0
0.0
0.0
0.0
0.0
0.0
0.0
0.0
0.0
0.0
0.0
0.0
0.0
0.0
0.0
0.0
0.0
0.0
0.0
0.0
0.0
0.0
0.0
0.0
0.0
0.0
0.0
0.0
0.0
0.0
0.0
0.0
0.0
0.0
0.0
0.0
0.0
0.0
0.0
0.0
0.0
0.0
0.0
0.0
0.0
0.0
0.0
0.0
0.0
0.0
0.0
0.0
0.0
0.0
0.0
0.0
0.0
0.0
0.0
0.0
0.0
0.0
0.0
0.0
0.0
0.0
0.0
0.0
0.0
0.0
0.0
0.0
0.0
0.0
0.0
0.0
0.0
0.0
0.0
0.0
0.0
0.0
0.0
0.0
0.0
0.0
0.0
0.0
0.0
0.0
0.0
0.0
0.0
0.0
1.0
0.0
0.0
0.0
0.0
0.0
0.0
1.0
0.0
0.0
0.0
0.0
0.0
0.0
0.0
0.0
0.0
0.0
0.0
0.0
0.0
0.0
0.0
0.0
0.0
0.0
0.0
0.0
0.0
0.0
0.0
0.0
0.0
0.0
0.0
0.0
0.0
0.0
0.0
0.0
0.0
0.0
0.0
0.0
0.0
0.0
0.0
0.0
0.0
0.0
0.0
0.0
0.0
0.0
0.0
0.0
0.0
0.0
0.0
0.0
0.0
0.0
0.0
0.0
0.0
0.0
0.0
0.0
0.0
0.0
0.0
0.0
0.0
0.0
0.0
0.0
0.0
0.0
0.0
0.0
0.0
0.0
0.0
0.0
0.0
0.0
0.0
0.0
0.0
0.0
0.0
0.0
0.0
0.0
0.0
0.0
0.0
0.0
0.0
0.0
0.0
0.0
0.0
0.0
0.0
0.0
0.0
0.0
0.0
0.0
0.0
0.0
0.0
0.0
0.0
0.0
0.0
0.0
0.0
0.0
0.0
0.0
0.0
0.0
0.0
0.0
0.0
0.0
0.0
0.0
0.0
0.0
0.0
0.0
0.0
0.0
0.0
0.0
0.0
0.0
0.0
0.0
0.0
0.0
0.0
0.0
-1.0
0.0
0.0
0.0
0.0
0.0
0.0
0.0
0.0
0.0
0.0
0.0
0.0
0.0
0.0
0.0
0.0
0.0
0.0
0.0
0.0
0.0
0.0
0.0
0.0
0.0
0.0
0.0
0.0
0.0
0.0
0.0
0.0
0.0
0.0
0.0
0.0
0.0
0.0
0.0
0.0
0.0
0.0
0.0
0.0
0.0
0.0
0.0
0.0
0.0
0.0
0.0
0.0
0.0
0.0
0.0
0.0
0.0
0.0
0.0
0.0
0.0
0.0
0.0
0.0
0.0
0.0
0.0
0.0
0.0
0.0
0.0
0.0
0.0
0.0
0.0
0.0
0.0
0.0
0.0
0.0
0.0
0.0
0.0
0.0
0.0
0.0
0.0
0.0
0.0
0.0
0.0
0.0
0.0
0.0
0.0
0.0
0.0
0.0
0.0
0.0
0.0
0.0
0.0
0.0
0.0
0.0
0.0
0.0
0.0
0.0
0.0
0.0
0.0
0.0
0.0
0.0
0.0
0.0
0.0
0.0
0.0
0.0
0.0
0.0
0.0
0.0
0.0
0.0
0.0
0.0
0.0
0.0
0.0
0.0
0.0
0.0
0.0
0.0
0.0
0.0
0.0
0.0
0.0
0.0
0.0
0.0
0.0
0.0
0.0
0.0
0.0
0.0
0.0
0.0
0.0
0.0
0.0
0.0
0.0
0.0
0.0
0.0
0.0
0.0
0.0
0.0
0.0
0.0
0.0
0.0
0.0
0.0
0.0
0.0
0.0
0.0
0.0
0.0
1.0
0.0
0.0
0.0
0.0
0.0
0.0
0.0
0.0
0.0
0.0
0.0
0.0
0.0
0.0
0.0
0.0
0.0
0.0
0.0
0.0
0.0
0.0
0.0
0.0
0.0
0.0
0.0
0.0
0.0
0.0
0.0
0.0
0.0
0.0
0.0
0.0
0.0
0.0
0.0
0.0
0.0
0.0
0.0
0.0
0.0
0.0
0.0
0.0
0.0
0.0
0.0
0.0
0.0
0.0
0.0
0.0
0.0
0.0
0.0
0.0
0.0
0.0
0.0
0.0
0.0
0.0
0.0
0.0
0.0
0.0
0.0
0.0
0.0
0.0
0.0
0.0
0.0
0.0
0.0
0.0
0.0
0.0
0.0
0.0
0.0
0.0
0.0
0.0
0.0
0.0
0.0
0.0
0.0
0.0
0.0
0.0
0.0
0.0
0.0
0.0
0.0
0.0
0.0
0.0
0.0
0.0
0.0
0.0
0.0
0.0
0.0
0.0
0.0
0.0
0.0
0.0
0.0
0.0
0.0
0.0
0.0
0.0
0.0
0.0
0.0
0.0
0.0
0.0
0.0
0.0
0.0
0.0
0.0
0.0
0.0
0.0
0.0
0.0
0.0
0.0
0.0
0.0
0.0
0.0
0.0
0.0
0.0
0.0
0.0
0.0
0.0
0.0
0.0
0.0
0.0
0.0
0.0
0.0
0.0
0.0
0.0
0.0
0.0
0.0
0.0
0.0
0.0
0.0
0.0
0.0
0.0
0.0
0.0
0.0
0.0
0.0
0.0
0.0
0.0
0.0
0.0
0.0
0.0
-1.0
0.0
0.0
0.0
0.0
0.0
0.0
0.0
0.0
0.0
0.0
0.0
0.0
0.0
0.0
0.0
0.0
0.0
0.0
0.0
0.0
0.0
0.0
0.0
0.0
0.0
0.0
0.0
0.0
0.0
0.0
0.0
0.0
0.0
0.0
0.0
0.0
0.0
0.0
0.0
0.0
0.0
0.0
0.0
0.0
0.0
0.0
0.0
0.0
0.0
0.0
0.0
0.0
0.0
0.0
0.0
0.0
0.0
0.0
0.0
0.0
0.0
0.0
0.0
0.0
0.0
0.0
0.0
0.0
0.0
0.0
0.0
0.0
0.0
0.0
0.0
0.0
0.0
0.0
0.0
0.0
0.0
0.0
0.0
0.0
0.0
0.0
0.0
0.0
0.0
0.0
0.0
0.0
0.0
0.0
0.0
0.0
0.0
0.0
0.0
0.0
0.0
0.0
0.0
0.0
0.0
0.0
0.0
0.0
0.0
0.0
0.0
0.0
0.0
0.0
0.0
0.0
0.0
0.0
0.0
0.0
0.0
0.0
0.0
0.0
0.0
0.0
0.0
0.0
0.0
0.0
0.0
0.0
0.0
0.0
0.0
0.0
0.0
0.0
0.0
0.0
0.0
0.0
0.0
0.0
0.0
0.0
0.0
0.0
0.0
0.0
0.0
0.0
0.0
0.0
0.0
0.0
0.0
0.0
0.0
0.0
0.0
0.0
0.0
0.0
0.0
0.0
0.0
0.0
0.0
0.0
0.0
0.0
0.0
0.0
0.0
0.0
0.0
0.0
0.0
0.0
0.0
0.0
0.0
0.0
0.0
0.0
0.0
0.0
0.0
0.0
0.0
-1.0
0.0
0.0
0.0
0.0
0.0
0.0
0.0
0.0
0.0
0.0
0.0
0.0
0.0
0.0
0.0
0.0
0.0
0.0
0.0
1.0
0.0
0.0
0.0
0.0
0.0
0.0
0.0
0.0
0.0
0.0
0.0
0.0
0.0
0.0
0.0
0.0
0.0
0.0
0.0
0.0
0.0
0.0
0.0
0.0
0.0
0.0
0.0
0.0
0.0
0.0
0.0
0.0
0.0
0.0
0.0
0.0
0.0
0.0
0.0
0.0
0.0
0.0
0.0
0.0
0.0
0.0
0.0
0.0
0.0
0.0
0.0
0.0
0.0
0.0
0.0
0.0
0.0
0.0
0.0
0.0
0.0
0.0
0.0
0.0
0.0
0.0
0.0
0.0
0.0
0.0
0.0
0.0
0.0
0.0
0.0
0.0
0.0
0.0
0.0
0.0
0.0
0.0
0.0
0.0
0.0
0.0
0.0
0.0
0.0
0.0
0.0
0.0
0.0
0.0
0.0
1.0
1.0
0.0
0.0
0.0
0.0
0.0
0.0
0.0
0.0
0.0
0.0
0.0
0.0
0.0
0.0
0.0
0.0
0.0
0.0
0.0
0.0
0.0
0.0
0.0
0.0
0.0
0.0
0.0
0.0
0.0
0.0
0.0
0.0
0.0
0.0
0.0
0.0
0.0
0.0
0.0
0.0
0.0
0.0
0.0
0.0
0.0
0.0
0.0
0.0
0.0
0.0
0.0
0.0
0.0
0.0
0.0
0.0
0.0
0.0
0.0
0.0
0.0
0.0
0.0
0.0
0.0
0.0
0.0
0.0
0.0
0.0
0.0
0.0
0.0
0.0
0.0
0.0
0.0
0.0
0.0
0.0
0.0
0.0
-1.0
0.0
0.0
0.0
0.0
0.0
0.0
0.0
0.0
0.0
0.0
0.0
0.0
0.0
0.0
0.0
0.0
0.0
0.0
0.0
0.0
0.0
0.0
0.0
0.0
0.0
0.0
0.0
0.0
0.0
0.0
0.0
0.0
0.0
0.0
0.0
0.0
0.0
0.0
0.0
0.0
0.0
0.0
0.0
0.0
0.0
0.0
0.0
0.0
0.0
0.0
0.0
0.0
0.0
0.0
0.0
0.0
0.0
0.0
0.0
0.0
0.0
0.0
0.0
0.0
0.0
0.0
0.0
0.0
0.0
0.0
0.0
0.0
0.0
0.0
0.0
0.0
0.0
0.0
0.0
0.0
0.0
0.0
0.0
0.0
0.0
0.0
0.0
0.0
0.0
0.0
0.0
0.0
0.0
0.0
0.0
0.0
0.0
0.0
0.0
0.0
0.0
0.0
0.0
0.0
0.0
0.0
0.0
0.0
0.0
0.0
0.0
0.0
0.0
0.0
0.0
0.0
0.0
0.0
0.0
0.0
0.0
0.0
0.0
0.0
0.0
0.0
0.0
0.0
0.0
0.0
0.0
0.0
0.0
0.0
0.0
0.0
0.0
0.0
0.0
0.0
0.0
0.0
0.0
0.0
0.0
0.0
0.0
0.0
0.0
0.0
0.0
0.0
0.0
0.0
0.0
0.0
0.0
0.0
0.0
0.0
0.0
0.0
0.0
0.0
0.0
0.0
0.0
0.0
3066.0
122880.0
5120.0
143360.0
0.0
0.0
0.0
0.0
0.0
0.0
0.0
0.0
0.0
0.0
0.0
0.0
24.0
131072.0
0.0
0.0
0.0
0.0
0.0
0.0
0.0
0.0
0.0
0.0
