0.50681067
0.006020828
0.002866375
0.0029239906
0.004119514
0.001594031
0.00041771296
0.0008786376
0.0060736425
0.00095065706
0.001176318
0.00057135447
0.0030632282
0.0015508194
0.00042731554
0.0019877374
0.0025302842
0.0008162207
0.0003072831
0.000273674
0.0018340959
0.0025014763
0.00039850775
0.00032648828
0.00095065706
0.00019205193
0.00017764803
0.0002832766
0.0007345986
0.00024006491
0.0002448662
0.00045612332
0.003154453
0.00037930257
0.00019205193
0.0006721818
0.0009890675
0.0010418817
0.00021605843
0.00015364155
0.00041771296
0.0005281428
0.00023046232
0.00047052724
0.00049453374
0.00029287918
0.00061936746
0.00024006491
0.0012579402
0.0008018168
0.0010514844
0.0025878998
0.00093145185
0.00086903496
0.0013539661
0.0010994973
0.001176318
0.0014307869
0.0014787999
0.0030536258
0.0012435362
0.0017764803
0.0011139011
0.0009410545
0.0014355882
0.0016228388
0.0043355725
0.0061456617
0.0015652232
0.009410544
0.0011955233
0.0008162207
0.0013059531
0.00080661813
0.00061936746
0.00049453374
0.00093145185
0.0065777786
0.00080661813
0.000547348
0.0034713387
0.003461736
0.002573496
0.0010610869
0.00096025964
0.007005094
0.0011091
0.00079221424
0.0005665532
0.0005569506
0.00047052724
0.0008498298
0.00050893764
0.0014836012
0.0010514844
0.0010226766
0.0006289701
0.0019253206
0.00071539346
0.0014307869
0.0018196921
0.003298492
0.0015364154
0.00079221424
0.0035049478
0.0019589297
0.0038842503
0.0010178753
0.0025014763
0.0009698623
0.0019109168
0.0017092621
0.0012627414
0.00036009736
0.0019109168
0.001867705
0.004748484
0.0043211686
0.0007970155
0.00069618825
0.0009698623
0.0010178753
0.00069618825
0.00075860514
0.0022566102
0.0031160426
0.0006289701
0.00044652075
0.0016516466
0.0015700245
0.00048012982
0.01094696
0.0017284674
0.0047580865
0.00047052724
0.00031688568
0.0013827739
0.006457746
0.0015748258
0.02223001
0.0013443636
0.0046764645
0.00061936746
0.0004897324
0.00090264407
0.00039370646
0.00036969996
0.0003120844
0.0013299596
0.0020165453
0.00035529607
0.00022566102
0.00088343886
0.0002976805
0.0009794649
0.00036969996
0.001464396
0.0002976805
0.0002592701
0.00016804544
0.00069618825
0.0008738363
0.00018244934
0.0006241688
0.0005377454
0.00044171943
0.00017764803
0.0005809571
0.0010706895
0.0005185402
0.0006385727
0.00036009736
0.000499335
0.00035529607
0.00019685323
0.00012963505
0.0005281428
0.00023526362
0.00024006491
0.00014884025
0.000499335
0.00036489867
0.00022085971
0.00012483375
0.00095065706
0.00038890517
0.00034569346
0.00017284673
0.00043691814
0.00072979735
0.0011523116
0.0002688727
0.0040955073
0.0015364154
0.0009410545
0.0013635687
0.0038026283
0.00016324414
0.00076340645
0.0024918737
0.00090264407
0.0010610869
0.000321687
8.6423366e-05
0.10927755
0.00015364155
0.00070098956
0.00034089218
0.001176318
0.00034569346
0.001771679
0.00096025964
0.0008546311
0.00033128957
0.00040330907
0.00039850775
0.0011235038
0.00010562856
0.0002592701
0.00021125712
0.0011331064
9.122467e-05
0.0005233415
0.00032648828
0.0014595947
0.00057135447
0.000595361
0.00036009736
0.00097466353
0.0008114194
0.000120032455
0.0005281428
0.0055791084
0.0017524739
0.00038890517
0.0031304464
0.0030872347
9.6025964e-05
0.000321687
0.0006241688
0.0015028063
0.0006289701
0.00011523116
0.00057135447
0.0037978268
0.00025446882
0.00015844284
0.001094696
0.0041963346
0.0006385727
0.00070098956
0.0008162207
0.005920001
0.0014355882
0.0019445257
0.024808308
0.38123164
9.6689355e-06
2.4172339e-06
0.0
1.208617e-05
4.8344677e-06
0.0
0.0
1.4503404e-05
4.8344677e-06
7.251702e-06
2.4172339e-06
0.07414381
2.4172339e-06
4.8344677e-06
4.8344677e-06
0.009236251
6.2848085e-05
9.6689355e-06
3.1424042e-05
3.1424042e-05
2.417234e-05
7.251702e-06
3.3841276e-05
2.417234e-05
4.8344677e-06
2.417234e-05
4.8344677e-06
9.6689355e-06
3.3841276e-05
7.251702e-06
0.00035533338
0.01350992
4.3510212e-05
1.4503404e-05
4.834468e-05
0.0001281134
5.8013615e-05
0.00022721999
0.00016920637
5.559638e-05
4.1092975e-05
1.4503404e-05
1.6920638e-05
6.0430848e-05
1.9337871e-05
1.6920638e-05
0.0004278504
0.015632251
9.427212e-05
0.000120861696
0.00016678913
0.00013778234
7.0099784e-05
0.00036983678
0.0001643719
4.1092975e-05
7.976872e-05
2.9006807e-05
3.1424042e-05
0.0024099823
0.00037467125
4.834468e-05
3.1424042e-05
0.008271774
0.0001643719
0.0001643719
9.427212e-05
0.00017162361
9.910659e-05
0.0003770885
0.00017887531
0.000113609996
2.417234e-05
5.076191e-05
1.9337871e-05
1.6920638e-05
4.5927445e-05
2.1755106e-05
8.7020424e-05
0.008042137
0.0001426168
0.00020063041
5.559638e-05
0.00013778234
6.2848085e-05
0.00025864402
0.0002199683
0.00013294787
0.00010635829
6.2848085e-05
3.3841276e-05
8.218595e-05
0.00010635829
3.1424042e-05
0.00022480276
0.0036210164
1.4503404e-05
0.00017887531
8.218595e-05
0.00013778234
8.218595e-05
0.00046652614
0.000299737
2.4172339e-06
7.251702e-06
0.0
2.4172339e-06
2.4172339e-06
4.8344677e-06
0.0
4.834468e-05
0.0032390933
7.251702e-06
2.417234e-05
2.1755106e-05
1.6920638e-05
0.0
1.4503404e-05
3.1424042e-05
1.6920638e-05
0.00028765082
2.417234e-05
5.8013615e-05
0.00016920637
8.943766e-05
0.00014745127
0.00080252165
0.011394841
0.00019579595
0.00026589574
0.0012859685
0.000867787
0.00048102954
0.002015973
0.0010200727
0.0003142404
0.000103941056
0.00014745127
0.00017404085
0.00089437654
0.00013294787
0.00023930616
0.00026831296
0.010749439
0.00018370978
0.0025139232
0.0020377282
0.0016896465
0.0009354695
0.00644918
0.003420386
0.00045443999
0.00029006807
0.00018370978
0.00017887531
0.0032221728
0.0008774559
0.00053420867
0.0009330523
0.0062775565
2.417234e-05
0.0006961634
0.0005027847
0.00085811806
0.000713084
0.0022601136
0.0012642134
0.00057530164
0.0009548074
0.0003988436
0.000413347
0.0005607983
0.00032149212
0.00040126083
0.0035799234
0.004363107
0.00054387766
0.0009862315
0.007619121
0.0012472927
0.000867787
0.0021706761
0.0016388845
0.0012859685
0.00091613166
0.00062606356
0.00058013614
0.0027991568
0.0008387802
0.0010273245
0.0021924311
0.013040977
0.0017186534
0.0008895421
0.0039231707
0.00956016
0.007454749
0.0062364633
0.0058424543
0.015813544
0.0038579053
0.0017621635
0.0021126624
0.0117139155
0.001962794
0.0036427714
0.009477974
0.048182722
0.007972037
0.0034783997
0.004991588
0.020432878
0.013913599
0.006768255
0.009736618
0.037438117
0.002975615
0.0035219097
0.0027073019
0.0302541
0.0046144994
0.012912864
0.027723256
0.006541035
0.0011240138
0.00053904316
0.0009040455
0.002779819
0.0016968983
0.0011070932
0.0013294787
0.0042035696
0.0006623221
0.0010079865
0.0004278504
0.0024970027
0.00064298423
0.0014865989
0.0027532293
0.0
0.0
0.0
0.0
0.0
0.0
0.0
0.0
0.0
0.0
0.0
0.0
0.0
0.0
0.0
0.0
660.0
17.137878
11311.0
0.034921758
0.0018565998
0.00097250467
0.0045972946
0.0011493237
0.006719123
0.0017681903
0.0010609141
0.0024754663
0.0022986473
0.0013261427
0.0013261427
0.0017681903
0.0030059235
0.007514809
0.0019450093
0.008840951
0.006011847
0.010520732
0.006719123
0.008045265
0.0077800374
0.013084608
0.010785961
0.010520732
0.014057113
0.014764389
0.011846875
0.009901865
0.015825303
0.014764389
0.008840951
0.0049509327
0.01609053
0.011404827
0.013173018
0.0083989035
0.012200513
0.016002122
0.009459818
0.006719123
0.011051189
0.006542304
0.0083989035
0.009371408
0.009548227
0.012288922
0.0066307136
0.008752542
0.00724958
0.007514809
0.009725046
0.0053929803
0.0069843517
0.0073379898
0.004332066
0.004862523
0.0040668375
0.0025638759
0.0030059235
0.003447971
0.0030059235
0.0025638759
0.006365485
0.004155247
0.026257625
0.0082220845
0.017505083
0.020953055
0.051631156
0.011846875
0.010343913
0.01609053
0.026434444
0.0047741137
0.007868446
0.03430289
0.014233932
0.030766511
0.028644683
0.01635576
0.004155247
0.02731854
0.020334188
0.03960746
0.01626735
0.007691628
0.0077800374
0.009813456
0.008045265
0.0042436565
0.004155247
0.0104323225
0.005835028
0.004508885
0.0030059235
6.150618
0.0
0.0
0.0
3.0
208277.0
348160.0
1.0
0.0
65.0
1.0
1.0
0.0
0.0
0.0
1328974600.0
0.0
0.0
0.0
0.0
0.0
1.0
0.0
0.0
0.0
0.0
0.0
0.0
-1.0
1.0
-1.0
-1.0
0.0
0.0
0.0
0.0
0.0
0.0
0.0
0.0
0.0
0.0
0.0
0.0
-1.0
0.0
0.0
0.0
0.0
0.0
0.0
0.0
0.0
0.0
0.0
0.0
0.0
-1.0
0.0
0.0
0.0
0.0
0.0
0.0
0.0
0.0
0.0
0.0
6.0
0.0
4.0
0.0
4.0
0.0
155648.0
4096.0
4096.0
6.0
0.0
0.0
2.0
4.0
0.0
0.0
0.0
0.0
0.0
-8396.0
0.0
0.0
0.0
0.0
0.0
0.0
0.0
0.0
8192.0
0.0
0.0
0.0
0.0
0.0
0.0
0.0
0.0
0.0
0.0
0.0
0.0
0.0
0.0
0.0
0.0
0.0
-8192.0
0.0
0.0
0.0
0.0
0.0
0.0
0.0
0.0
-155648.0
-4096.0
12288.0
0.0
0.0
0.0
0.0
0.0
0.0
0.0
0.0
0.0
0.0
0.0
-4.332644
0.0
0.0
0.0
0.0
0.0
0.0
0.0
0.0
5.015369
0.0
0.0
0.0
0.0
0.0
0.0
0.0
0.0
0.0
0.0
0.0
0.0
0.0
0.0
0.0
0.0
0.0
-0.87048995
0.0
0.0
0.0
0.0
0.0
0.0
0.0
0.0
-3.894683
-4.2082253
2.6598158
0.0
0.0
0.0
0.0
0.0
0.0
0.0
0.0
0.0
0.0
0.0
-81920.0
0.0
0.0
0.0
0.0
0.0
0.0
0.0
0.0
6948.0
0.0
0.0
0.0
0.0
0.0
0.0
0.0
0.0
0.0
0.0
0.0
0.0
0.0
0.0
0.0
0.0
0.0
-78372.0
0.0
0.0
0.0
0.0
0.0
0.0
0.0
0.0
-153552.0
-2633.0
10640.0
0.0
0.0
0.0
0.0
0.0
0.0
0.0
0.0
0.0
-1.0
0.0
0.0
0.0
0.0
0.0
1.0
0.0
0.0
0.0
0.0
0.0
0.0
0.0
0.0
0.0
0.0
0.0
0.0
0.0
0.0
0.0
0.0
0.0
0.0
0.0
0.0
0.0
0.0
0.0
0.0
0.0
0.0
0.0
0.0
0.0
-2.0
0.0
0.0
0.0
1.0
0.0
0.0
0.0
0.0
0.0
0.0
0.0
0.0
0.0
0.0
0.0
0.0
0.0
0.0
0.0
0.0
0.0
0.0
0.0
-1.0
0.0
0.0
0.0
0.0
0.0
0.0
0.0
0.0
0.0
1.0
0.0
0.0
0.0
0.0
1.0
0.0
0.0
0.0
0.0
0.0
0.0
0.0
0.0
1.0
0.0
0.0
0.0
0.0
0.0
0.0
0.0
0.0
0.0
0.0
0.0
0.0
0.0
0.0
0.0
0.0
0.0
0.0
0.0
0.0
0.0
0.0
0.0
0.0
0.0
0.0
0.0
0.0
0.0
0.0
0.0
0.0
0.0
0.0
0.0
0.0
0.0
0.0
0.0
0.0
0.0
0.0
-1.0
0.0
0.0
0.0
0.0
0.0
0.0
0.0
0.0
0.0
0.0
0.0
0.0
-1.0
0.0
0.0
0.0
0.0
0.0
0.0
0.0
0.0
0.0
0.0
0.0
0.0
0.0
0.0
0.0
0.0
0.0
0.0
0.0
0.0
0.0
0.0
0.0
0.0
0.0
0.0
0.0
0.0
0.0
0.0
0.0
0.0
0.0
0.0
0.0
0.0
0.0
0.0
0.0
0.0
0.0
0.0
0.0
0.0
0.0
0.0
0.0
0.0
0.0
0.0
0.0
0.0
0.0
0.0
0.0
0.0
-1.0
0.0
0.0
0.0
0.0
0.0
0.0
0.0
0.0
0.0
0.0
0.0
0.0
0.0
0.0
0.0
0.0
1.0
0.0
0.0
0.0
0.0
0.0
0.0
0.0
0.0
0.0
0.0
0.0
0.0
0.0
0.0
0.0
0.0
0.0
0.0
0.0
0.0
0.0
0.0
0.0
0.0
0.0
0.0
0.0
0.0
0.0
0.0
0.0
0.0
0.0
0.0
0.0
0.0
0.0
0.0
0.0
0.0
0.0
0.0
0.0
0.0
0.0
0.0
0.0
0.0
0.0
0.0
0.0
0.0
0.0
0.0
0.0
0.0
0.0
0.0
0.0
0.0
0.0
0.0
0.0
0.0
0.0
0.0
0.0
0.0
0.0
0.0
0.0
0.0
0.0
0.0
0.0
0.0
0.0
0.0
0.0
0.0
0.0
0.0
0.0
0.0
0.0
0.0
0.0
0.0
0.0
0.0
0.0
0.0
0.0
0.0
0.0
0.0
0.0
0.0
0.0
0.0
0.0
0.0
0.0
0.0
0.0
0.0
0.0
0.0
0.0
0.0
0.0
0.0
0.0
0.0
0.0
0.0
0.0
0.0
0.0
0.0
0.0
0.0
0.0
0.0
0.0
0.0
0.0
0.0
0.0
0.0
0.0
0.0
0.0
0.0
0.0
0.0
0.0
0.0
0.0
-1.0
0.0
0.0
0.0
0.0
0.0
0.0
0.0
0.0
0.0
0.0
0.0
1.0
0.0
0.0
0.0
0.0
0.0
0.0
0.0
0.0
0.0
0.0
0.0
0.0
0.0
0.0
0.0
0.0
0.0
0.0
0.0
0.0
0.0
0.0
0.0
0.0
0.0
0.0
0.0
0.0
-1.0
0.0
0.0
0.0
0.0
0.0
0.0
0.0
0.0
0.0
0.0
0.0
0.0
0.0
0.0
0.0
0.0
0.0
0.0
0.0
0.0
0.0
0.0
0.0
0.0
0.0
0.0
0.0
0.0
0.0
0.0
0.0
0.0
0.0
0.0
0.0
0.0
0.0
0.0
0.0
0.0
0.0
0.0
0.0
0.0
0.0
0.0
0.0
0.0
0.0
0.0
0.0
0.0
0.0
0.0
0.0
0.0
0.0
0.0
0.0
0.0
0.0
0.0
0.0
1.0
0.0
0.0
0.0
0.0
0.0
0.0
0.0
0.0
0.0
0.0
0.0
0.0
0.0
0.0
0.0
0.0
0.0
0.0
0.0
0.0
0.0
0.0
0.0
0.0
-1.0
0.0
0.0
0.0
0.0
0.0
0.0
0.0
0.0
0.0
0.0
0.0
0.0
0.0
0.0
0.0
0.0
0.0
0.0
0.0
0.0
0.0
0.0
0.0
0.0
0.0
0.0
0.0
0.0
0.0
0.0
0.0
0.0
0.0
0.0
0.0
0.0
0.0
0.0
0.0
0.0
0.0
0.0
0.0
0.0
0.0
0.0
0.0
0.0
0.0
0.0
0.0
0.0
0.0
0.0
0.0
0.0
0.0
0.0
0.0
0.0
0.0
0.0
0.0
0.0
0.0
0.0
0.0
0.0
0.0
0.0
0.0
0.0
0.0
0.0
0.0
0.0
0.0
0.0
0.0
0.0
0.0
0.0
0.0
0.0
0.0
0.0
0.0
0.0
0.0
-1.0
0.0
0.0
0.0
0.0
0.0
0.0
0.0
0.0
0.0
0.0
0.0
0.0
0.0
0.0
0.0
0.0
0.0
0.0
0.0
0.0
0.0
0.0
0.0
0.0
0.0
0.0
0.0
0.0
0.0
0.0
1.0
0.0
0.0
0.0
0.0
0.0
0.0
0.0
0.0
0.0
0.0
0.0
0.0
0.0
0.0
0.0
-1.0
0.0
0.0
0.0
0.0
0.0
0.0
0.0
0.0
0.0
0.0
0.0
-1.0
0.0
0.0
0.0
0.0
0.0
0.0
-1.0
0.0
0.0
0.0
0.0
0.0
0.0
0.0
0.0
0.0
0.0
0.0
0.0
0.0
0.0
0.0
0.0
0.0
0.0
0.0
0.0
0.0
0.0
0.0
0.0
0.0
0.0
0.0
0.0
0.0
0.0
0.0
0.0
0.0
0.0
0.0
-1.0
0.0
0.0
1.0
0.0
0.0
0.0
0.0
0.0
0.0
0.0
0.0
0.0
0.0
0.0
0.0
0.0
0.0
0.0
0.0
0.0
0.0
0.0
0.0
0.0
0.0
0.0
0.0
0.0
0.0
0.0
0.0
0.0
0.0
0.0
0.0
0.0
0.0
0.0
0.0
0.0
0.0
0.0
0.0
0.0
0.0
0.0
-1.0
0.0
0.0
0.0
-1.0
0.0
0.0
0.0
0.0
0.0
0.0
0.0
0.0
0.0
0.0
0.0
0.0
0.0
0.0
0.0
0.0
0.0
0.0
0.0
0.0
0.0
0.0
0.0
0.0
0.0
0.0
0.0
0.0
0.0
0.0
0.0
0.0
0.0
0.0
1.0
0.0
0.0
0.0
0.0
0.0
0.0
0.0
0.0
0.0
0.0
-1.0
0.0
1.0
0.0
0.0
0.0
0.0
0.0
0.0
0.0
0.0
0.0
0.0
0.0
0.0
0.0
0.0
0.0
0.0
0.0
0.0
0.0
0.0
0.0
0.0
0.0
0.0
0.0
0.0
0.0
0.0
1.0
0.0
0.0
0.0
0.0
0.0
0.0
0.0
0.0
0.0
0.0
0.0
0.0
0.0
0.0
0.0
0.0
0.0
0.0
0.0
0.0
0.0
0.0
0.0
0.0
0.0
0.0
0.0
0.0
0.0
0.0
0.0
0.0
0.0
0.0
0.0
0.0
0.0
0.0
-1.0
0.0
0.0
0.0
0.0
0.0
0.0
0.0
0.0
0.0
0.0
0.0
0.0
0.0
0.0
0.0
0.0
0.0
0.0
-1.0
0.0
0.0
0.0
0.0
0.0
0.0
0.0
0.0
0.0
0.0
0.0
0.0
0.0
0.0
0.0
0.0
0.0
0.0
0.0
0.0
0.0
0.0
0.0
0.0
0.0
0.0
0.0
0.0
0.0
0.0
0.0
0.0
0.0
0.0
0.0
0.0
0.0
0.0
0.0
0.0
0.0
0.0
0.0
0.0
0.0
0.0
0.0
0.0
0.0
0.0
0.0
0.0
1.0
0.0
0.0
0.0
0.0
0.0
0.0
0.0
0.0
0.0
0.0
0.0
0.0
0.0
0.0
0.0
1.0
0.0
0.0
-2.0
0.0
0.0
0.0
0.0
0.0
0.0
0.0
0.0
0.0
0.0
1.0
0.0
0.0
0.0
1.0
0.0
0.0
1.0
-1.0
0.0
0.0
0.0
0.0
0.0
0.0
0.0
0.0
0.0
0.0
0.0
-1.0
-1.0
0.0
0.0
0.0
0.0
0.0
1.0
0.0
0.0
0.0
0.0
0.0
0.0
0.0
0.0
0.0
0.0
0.0
0.0
0.0
0.0
0.0
0.0
0.0
1.0
0.0
1.0
0.0
0.0
0.0
0.0
0.0
0.0
0.0
0.0
0.0
0.0
0.0
0.0
0.0
0.0
-1.0
0.0
0.0
0.0
0.0
0.0
0.0
0.0
0.0
0.0
0.0
0.0
0.0
0.0
0.0
1.0
0.0
0.0
0.0
0.0
0.0
0.0
0.0
0.0
0.0
1.0
0.0
0.0
0.0
0.0
0.0
0.0
0.0
0.0
0.0
0.0
0.0
0.0
0.0
0.0
0.0
0.0
0.0
0.0
0.0
0.0
0.0
0.0
0.0
0.0
0.0
0.0
0.0
0.0
0.0
0.0
0.0
0.0
0.0
0.0
0.0
-1.0
0.0
0.0
-1.0
0.0
0.0
0.0
0.0
0.0
0.0
0.0
0.0
0.0
0.0
0.0
0.0
0.0
0.0
0.0
0.0
0.0
0.0
-1.0
0.0
0.0
0.0
0.0
1.0
0.0
0.0
0.0
0.0
0.0
0.0
1.0
0.0
0.0
0.0
0.0
0.0
0.0
0.0
0.0
0.0
0.0
0.0
0.0
0.0
0.0
0.0
0.0
0.0
0.0
0.0
0.0
-1.0
0.0
0.0
0.0
0.0
0.0
0.0
0.0
0.0
0.0
0.0
0.0
0.0
0.0
-1.0
-1.0
0.0
0.0
0.0
0.0
0.0
0.0
0.0
0.0
0.0
-1.0
0.0
0.0
0.0
0.0
0.0
0.0
0.0
0.0
0.0
0.0
0.0
-1.0
0.0
0.0
1.0
0.0
0.0
0.0
0.0
0.0
0.0
0.0
0.0
0.0
0.0
0.0
0.0
0.0
0.0
0.0
0.0
-1.0
0.0
-1.0
1.0
0.0
0.0
0.0
0.0
1.0
0.0
0.0
0.0
0.0
0.0
0.0
0.0
0.0
0.0
0.0
0.0
0.0
1.0
0.0
0.0
0.0
-1.0
0.0
0.0
0.0
0.0
0.0
0.0
0.0
0.0
1.0
0.0
0.0
0.0
0.0
0.0
0.0
0.0
0.0
0.0
0.0
0.0
0.0
0.0
0.0
0.0
0.0
0.0
1.0
0.0
0.0
0.0
0.0
0.0
0.0
-1.0
0.0
0.0
0.0
0.0
0.0
0.0
0.0
0.0
0.0
0.0
0.0
0.0
0.0
0.0
0.0
0.0
0.0
0.0
0.0
0.0
0.0
0.0
-1.0
0.0
0.0
0.0
0.0
0.0
0.0
0.0
0.0
0.0
0.0
0.0
0.0
0.0
0.0
0.0
0.0
0.0
0.0
0.0
0.0
0.0
0.0
0.0
-1.0
0.0
0.0
0.0
0.0
0.0
0.0
0.0
0.0
0.0
0.0
0.0
0.0
0.0
0.0
0.0
0.0
0.0
0.0
0.0
0.0
0.0
0.0
0.0
0.0
0.0
-1.0
-1.0
0.0
0.0
0.0
0.0
0.0
0.0
0.0
0.0
0.0
0.0
0.0
0.0
0.0
0.0
0.0
0.0
0.0
0.0
0.0
0.0
0.0
0.0
0.0
0.0
-1.0
0.0
0.0
0.0
0.0
0.0
0.0
0.0
0.0
0.0
0.0
0.0
0.0
0.0
0.0
0.0
0.0
0.0
0.0
0.0
0.0
0.0
0.0
0.0
0.0
0.0
0.0
0.0
0.0
0.0
0.0
0.0
0.0
0.0
0.0
0.0
0.0
0.0
0.0
0.0
0.0
0.0
0.0
0.0
0.0
0.0
0.0
0.0
0.0
0.0
0.0
0.0
0.0
0.0
0.0
0.0
0.0
0.0
0.0
0.0
0.0
0.0
0.0
0.0
0.0
0.0
0.0
0.0
0.0
0.0
0.0
0.0
0.0
0.0
0.0
0.0
0.0
0.0
0.0
0.0
0.0
0.0
0.0
0.0
0.0
0.0
0.0
0.0
0.0
0.0
0.0
0.0
0.0
0.0
0.0
0.0
0.0
0.0
0.0
0.0
0.0
0.0
0.0
0.0
0.0
0.0
0.0
0.0
0.0
0.0
0.0
0.0
0.0
0.0
0.0
0.0
0.0
0.0
0.0
0.0
0.0
0.0
0.0
0.0
0.0
0.0
0.0
0.0
0.0
0.0
0.0
0.0
0.0
0.0
0.0
0.0
0.0
0.0
0.0
0.0
0.0
0.0
0.0
0.0
0.0
0.0
0.0
0.0
0.0
0.0
0.0
0.0
0.0
0.0
0.0
0.0
0.0
0.0
0.0
0.0
0.0
0.0
0.0
0.0
0.0
0.0
0.0
0.0
0.0
100.0
249856.0
10640.0
253952.0
0.0
0.0
0.0
0.0
4024.0
266240.0
28.0
159744.0
0.0
0.0
0.0
0.0
0.0
0.0
0.0
0.0
0.0
0.0
484.0
250440.0
0.0
0.0
0.0
0.0
