0.0056357984
0.000101443875
5.8601076e-05
5.1953055e-05
9.602697e-05
4.6289922e-05
2.1913847e-05
2.3144961e-05
0.00011941815
2.3391185e-05
2.4868523e-05
1.6743164e-05
7.509802e-05
3.274766e-05
1.4280934e-05
5.5400174e-05
6.9434886e-05
1.0587589e-05
8.125359e-06
8.617805e-06
2.6099638e-05
3.6687226e-05
7.632913e-06
6.894244e-06
2.3391185e-05
6.648021e-06
5.416906e-06
5.416906e-06
1.4034711e-05
6.401798e-06
6.401798e-06
7.632913e-06
0.00010710701
8.617805e-06
6.155575e-06
1.0095143e-05
5.7123736e-05
1.1572481e-05
5.416906e-06
2.9546761e-06
1.2064927e-05
1.2064927e-05
3.200899e-06
1.4527157e-05
5.9093522e-06
5.9093522e-06
3.028543e-05
3.939568e-06
2.216007e-05
7.38669e-06
1.1572481e-05
3.8903236e-05
1.0833812e-05
1.8466724e-05
1.0587589e-05
5.9093522e-06
2.043651e-05
1.7974278e-05
1.0833812e-05
3.7425896e-05
1.3788488e-05
1.18187045e-05
7.38669e-06
4.92446e-06
0.00021322911
2.8315646e-05
1.231115e-05
1.9944064e-05
5.4661505e-05
9.922787e-05
3.9149458e-05
2.8315646e-05
2.9054314e-05
1.969784e-05
8.617805e-06
5.9093522e-06
1.8959172e-05
5.6877514e-05
1.1080035e-05
1.0095143e-05
6.8696216e-05
2.5853415e-05
2.8069422e-05
4.4812587e-05
1.7728056e-05
4.432014e-05
3.9641902e-05
3.693345e-05
1.4527157e-05
3.693345e-05
5.663129e-06
1.231115e-05
1.4034711e-05
2.0682732e-05
2.5853415e-05
2.0190286e-05
9.602697e-06
6.1309525e-05
8.864028e-06
2.289874e-05
3.0777876e-05
0.00011375503
2.4129855e-05
1.5265827e-05
4.4812587e-05
5.5400174e-05
4.3089025e-05
1.1080035e-05
4.3581473e-05
1.6743164e-05
4.8013484e-05
5.7862406e-05
5.6385066e-05
3.939568e-06
6.475665e-05
4.752104e-05
0.00015364315
0.00012926708
2.0190286e-05
1.4280934e-05
3.0777876e-05
1.3296042e-05
4.92446e-06
1.723561e-06
2.6099638e-05
2.9300538e-05
8.125359e-06
4.432014e-06
4.9490824e-05
2.216007e-05
7.879136e-06
0.00016644674
2.9054314e-05
7.632913e-05
2.9546761e-06
7.3866903e-07
3.0777876e-05
9.4549636e-05
2.9792984e-05
0.00023489674
6.894244e-06
8.445449e-05
9.356474e-06
1.1080035e-05
0.98791
3.200899e-06
1.969784e-06
3.693345e-06
5.9093522e-06
2.043651e-05
8.125359e-06
7.38669e-06
4.185791e-06
3.939568e-06
1.4773381e-06
3.200899e-06
3.693345e-06
7.3866903e-07
3.939568e-06
2.8069422e-05
1.8466724e-05
1.5758273e-05
5.663129e-06
1.3542265e-05
4.432014e-06
5.416906e-06
2.46223e-06
1.723561e-06
8.125359e-06
3.447122e-06
2.46223e-06
3.200899e-06
3.447122e-06
4.92446e-07
9.84892e-07
1.231115e-06
5.170683e-06
9.84892e-07
1.969784e-06
1.0095143e-05
2.3637409e-05
2.216007e-06
6.155575e-06
1.969784e-06
1.2803596e-05
3.200899e-06
4.678237e-06
3.693345e-06
3.693345e-06
5.416906e-06
1.18187045e-05
7.38669e-06
6.180198e-05
3.6441004e-05
1.1326258e-05
5.490773e-05
4.2104133e-05
2.46223e-06
1.8466724e-05
4.7767262e-05
1.8959172e-05
1.6250719e-05
4.678237e-06
4.185791e-06
1.969784e-05
2.46223e-06
5.170683e-06
6.648021e-06
9.110251e-06
1.1080035e-05
1.3542265e-05
7.632913e-06
5.663129e-06
1.969784e-06
3.200899e-06
3.200899e-06
1.3296042e-05
2.46223e-06
4.678237e-06
7.140467e-06
8.371582e-06
9.84892e-07
3.200899e-06
3.200899e-06
1.723561e-05
6.155575e-06
2.46223e-06
2.216007e-06
1.2803596e-05
5.170683e-06
7.140467e-06
2.9546761e-06
9.898165e-05
2.7576976e-05
4.678237e-06
6.3525535e-05
3.520989e-05
2.216007e-06
4.432014e-06
7.140467e-06
3.1024098e-05
6.401798e-06
1.4773381e-06
1.18187045e-05
3.1024098e-05
2.216007e-06
3.0039206e-05
4.185791e-05
6.3525535e-05
1.6989386e-05
9.356474e-06
1.0587589e-05
6.5002874e-05
1.0833812e-05
1.8712948e-05
0.00031319566
0.0022698613
0.0
0.0
0.0
0.0
0.0
0.0
0.0
0.0
0.98789406
0.0
0.0
0.0
0.0
0.0
0.0
0.0
0.0
0.0
0.0
0.0
0.0
0.0
0.0
0.0
0.0
0.0
0.0
0.0
0.0
0.0
0.0
0.0
0.0
0.0
0.0
0.0
0.0
0.0
0.0
0.0
0.0
0.0
0.0
0.0
0.0
0.0
0.0
0.00022302076
1.9703657e-06
2.4629571e-06
2.462957e-07
2.2166614e-06
4.310175e-06
6.157393e-06
2.8324007e-06
6.157393e-07
3.6944357e-07
3.6944357e-07
6.157393e-07
8.62035e-07
2.462957e-07
1.3546264e-06
4.5564707e-06
0.0005535496
4.187027e-06
4.8027664e-06
5.7879492e-06
8.62035e-06
5.5416535e-06
2.3767536e-05
1.2314786e-05
4.5564707e-06
0.00012647285
1.8472178e-06
7.3888714e-07
8.62035e-07
1.3546264e-06
8.62035e-07
1.3546264e-06
0.00020935136
6.157393e-06
5.5416535e-06
5.5416535e-06
2.8324007e-06
1.9703657e-06
4.8027664e-06
1.3546264e-06
5.17221e-06
8.62035e-07
2.3398093e-06
3.6944357e-07
7.3888714e-07
1.3546264e-06
7.3888714e-07
3.0786964e-06
0.00034703067
1.3546264e-06
2.179717e-05
6.6499842e-06
2.9186042e-05
1.6255517e-05
5.3815613e-05
2.4260127e-05
8.62035e-07
7.3888714e-07
2.462957e-07
7.3888714e-07
2.462957e-07
3.6944357e-07
3.6944357e-07
4.925914e-07
0.00030269744
1.4777743e-06
3.054067e-05
7.5120192e-06
1.2561081e-05
9.4823845e-06
9.4331255e-05
4.0146202e-05
8.62035e-07
7.3888714e-07
4.925914e-07
7.3888714e-07
7.3888714e-07
7.3888714e-07
6.157393e-07
7.3888714e-07
0.0006374133
1.613237e-05
2.6969381e-05
1.8102735e-05
2.9678633e-05
2.5984198e-05
7.3765565e-05
5.6648012e-05
3.6451765e-05
8.374054e-06
4.8027664e-06
2.586105e-06
1.7117552e-05
4.187027e-06
1.5516629e-05
3.509714e-05
0.0003453066
4.433323e-06
3.73138e-05
1.4531447e-05
5.9357266e-05
3.1895295e-05
0.00015689037
8.8912755e-05
2.2166614e-06
2.8324007e-06
1.3546264e-06
2.3398093e-06
2.4629571e-06
1.8472178e-06
1.2314786e-06
3.6944357e-06
0.0
0.0
0.0
0.0
0.0
0.0
0.0
0.0
0.0
0.0
0.0
0.0
0.0
0.0
0.0
0.0
6.4160035e-05
3.0786964e-06
1.6255517e-05
9.112941e-06
1.4408299e-05
8.250906e-06
6.822391e-05
4.815081e-05
6.773132e-06
3.2018443e-06
1.6009221e-06
1.2314786e-06
1.6009221e-06
1.8472178e-06
1.3546264e-06
2.9555486e-06
0.00012758118
1.317682e-05
5.6648014e-06
5.049062e-06
3.7560098e-05
2.9309189e-05
8.989793e-06
1.4777743e-05
8.534147e-05
1.29305245e-05
3.3249921e-06
6.2805407e-06
2.8570303e-05
2.7092528e-06
3.44814e-05
8.866646e-05
0.00069282984
9.6671065e-05
6.748502e-05
8.509517e-05
0.00026390585
0.0001726533
5.800264e-05
0.00015319593
0.00041439253
5.0983213e-05
3.054067e-05
4.1623975e-05
0.00015861444
3.73138e-05
0.00013595523
0.0003150122
0.0005292895
9.888773e-05
7.573593e-05
9.260719e-05
0.00019309584
0.0001464228
5.2460986e-05
0.00016341721
0.00029924928
3.054067e-05
4.359434e-05
4.7042482e-05
0.000140758
4.654989e-05
0.00010615345
0.00020405599
0.0
0.0
0.0
0.0
0.0
0.0
0.0
0.0
0.0
0.0
0.0
0.0
0.0
0.0
0.0
0.0
229.0
17.943232
4109.0
0.07106352
0.002190314
0.0007301046
0.00024336821
0.00097347284
0.0014602093
0.0
0.00024336821
0.0051107327
0.004623996
0.0
0.00048673642
0.0
0.0031637868
0.02458019
0.001216841
0.009004624
0.004380628
0.0075444146
0.0063275737
0.002433682
0.004380628
0.0073010465
0.0026770504
0.004623996
0.002190314
0.002190314
0.00048673642
0.00024336821
0.00024336821
0.00024336821
0.00048673642
0.002190314
0.010464833
0.003407155
0.009004624
0.0060842056
0.008517887
0.0075444146
0.0070576784
0.0060842056
0.0038938913
0.00097347284
0.0014602093
0.0036505233
0.0070576784
0.0026770504
0.003407155
0.009491361
0.0007301046
0.008517887
0.013871988
0.004623996
0.0031637868
0.005354101
0.010464833
0.001216841
0.0007301046
0.0007301046
0.00048673642
0.004380628
0.00048673642
0.00048673642
0.0007301046
0.0017035775
0.056218058
0.005840837
0.021903139
0.019469457
0.10562181
0.009247992
0.011681674
0.01362862
0.051594064
0.001216841
0.00681431
0.0367486
0.015818935
0.045509856
0.05597469
0.019469457
0.0
0.04916038
0.037722073
0.052324165
0.02311998
0.0070576784
0.0031637868
0.021173036
0.0051107327
0.002433682
0.0
0.0
0.0
0.0
0.00048673642
5.2687016
2.0
0.0
0.0
1.0
4061359.0
57344.0
0.0
0.0
54.0
0.0
1.0
0.0
0.0
0.0
1083884500.0
0.0
0.0
0.0
0.0
0.0
1.0
0.0
0.0
0.0
0.0
0.0
0.0
-1.0
0.0
-1.0
-1.0
0.0
0.0
0.0
0.0
0.0
0.0
0.0
0.0
0.0
0.0
0.0
0.0
-1.0
0.0
0.0
0.0
0.0
0.0
0.0
0.0
0.0
0.0
0.0
0.0
0.0
-1.0
0.0
0.0
0.0
0.0
0.0
0.0
0.0
0.0
0.0
0.0
6.0
0.0
4.0
0.0
4.0
0.0
24576.0
4096.0
4096.0
5.0
0.0
0.0
1.0
1.0
0.0
0.0
4096.0
0.0
0.0
0.0
0.0
0.0
0.0
0.0
0.0
0.0
0.0
0.0
4096.0
0.0
0.0
0.0
0.0
0.0
0.0
0.0
0.0
0.0
0.0
0.0
0.0
0.0
0.0
0.0
0.0
0.0
-8192.0
0.0
0.0
0.0
0.0
0.0
0.0
0.0
0.0
-24576.0
0.0
4096.0
0.0
0.0
0.0
0.0
0.0
0.0
0.0
0.0
0.0
0.0
0.0
0.0
0.0
0.0
0.0
0.0
0.0
0.0
0.0
0.0
5.6636963
0.0
0.0
0.0
0.0
0.0
0.0
0.0
0.0
0.0
0.0
0.0
0.0
0.0
0.0
0.0
0.0
0.0
-3.5541914
0.0
0.0
0.0
0.0
0.0
0.0
0.0
0.0
-6.5496798
0.0
0.0
0.0
0.0
0.0
0.0
0.0
0.0
0.0
0.0
3942.0
0.0
0.0
0.0
0.0
0.0
0.0
0.0
0.0
0.0
0.0
0.0
2476.0
0.0
0.0
0.0
0.0
0.0
0.0
0.0
0.0
0.0
0.0
0.0
0.0
0.0
0.0
0.0
0.0
0.0
-13432.0
0.0
0.0
0.0
0.0
0.0
0.0
0.0
0.0
-23376.0
0.0
2392.0
0.0
0.0
0.0
0.0
0.0
0.0
0.0
0.0
0.0
-1.0
0.0
0.0
0.0
0.0
0.0
1.0
0.0
0.0
0.0
0.0
0.0
0.0
0.0
0.0
0.0
0.0
0.0
0.0
0.0
0.0
0.0
0.0
0.0
0.0
0.0
0.0
0.0
0.0
0.0
0.0
0.0
0.0
0.0
0.0
0.0
-2.0
0.0
0.0
0.0
1.0
0.0
0.0
0.0
0.0
0.0
0.0
0.0
0.0
0.0
0.0
0.0
0.0
0.0
0.0
0.0
0.0
0.0
0.0
0.0
-1.0
0.0
0.0
0.0
0.0
0.0
0.0
0.0
0.0
0.0
1.0
0.0
0.0
0.0
0.0
1.0
0.0
0.0
0.0
0.0
0.0
0.0
0.0
0.0
0.0
0.0
0.0
0.0
0.0
0.0
0.0
0.0
0.0
0.0
0.0
0.0
0.0
0.0
0.0
0.0
0.0
0.0
0.0
0.0
0.0
0.0
0.0
0.0
0.0
0.0
0.0
0.0
0.0
0.0
0.0
0.0
0.0
0.0
0.0
0.0
0.0
0.0
0.0
0.0
0.0
0.0
0.0
-1.0
0.0
0.0
0.0
0.0
0.0
0.0
0.0
0.0
0.0
0.0
0.0
0.0
0.0
0.0
0.0
0.0
0.0
0.0
0.0
0.0
0.0
0.0
0.0
0.0
0.0
0.0
0.0
0.0
0.0
0.0
0.0
0.0
0.0
0.0
0.0
0.0
0.0
0.0
0.0
0.0
0.0
0.0
0.0
0.0
0.0
0.0
0.0
0.0
0.0
0.0
0.0
0.0
0.0
0.0
0.0
0.0
0.0
0.0
0.0
0.0
0.0
0.0
0.0
0.0
0.0
0.0
0.0
0.0
0.0
-1.0
0.0
0.0
0.0
0.0
0.0
0.0
0.0
0.0
0.0
0.0
0.0
0.0
0.0
0.0
0.0
0.0
1.0
0.0
0.0
0.0
0.0
0.0
0.0
0.0
0.0
0.0
0.0
0.0
0.0
0.0
0.0
0.0
0.0
0.0
0.0
0.0
0.0
0.0
0.0
0.0
0.0
0.0
0.0
0.0
0.0
0.0
0.0
0.0
0.0
0.0
0.0
0.0
0.0
0.0
0.0
0.0
0.0
0.0
0.0
0.0
0.0
0.0
0.0
0.0
0.0
0.0
0.0
0.0
0.0
0.0
0.0
0.0
0.0
0.0
0.0
0.0
0.0
0.0
0.0
0.0
0.0
0.0
0.0
0.0
0.0
0.0
0.0
0.0
0.0
0.0
0.0
0.0
0.0
0.0
0.0
0.0
0.0
0.0
0.0
0.0
0.0
0.0
0.0
0.0
0.0
0.0
0.0
0.0
0.0
0.0
0.0
0.0
0.0
0.0
0.0
0.0
0.0
0.0
0.0
0.0
0.0
0.0
0.0
0.0
0.0
0.0
0.0
0.0
0.0
0.0
0.0
0.0
0.0
0.0
0.0
0.0
0.0
0.0
0.0
0.0
0.0
0.0
0.0
0.0
0.0
0.0
0.0
0.0
0.0
0.0
0.0
0.0
0.0
0.0
0.0
0.0
0.0
0.0
0.0
0.0
0.0
0.0
0.0
0.0
0.0
0.0
0.0
0.0
0.0
0.0
0.0
0.0
0.0
0.0
0.0
0.0
0.0
0.0
0.0
0.0
0.0
0.0
0.0
0.0
0.0
0.0
0.0
0.0
0.0
0.0
0.0
0.0
0.0
0.0
0.0
0.0
0.0
0.0
0.0
0.0
0.0
0.0
-1.0
0.0
0.0
0.0
0.0
0.0
0.0
0.0
0.0
0.0
0.0
0.0
0.0
0.0
0.0
0.0
0.0
0.0
0.0
0.0
0.0
0.0
0.0
0.0
0.0
0.0
0.0
0.0
0.0
0.0
0.0
0.0
0.0
0.0
0.0
0.0
0.0
1.0
0.0
0.0
0.0
0.0
0.0
0.0
0.0
0.0
0.0
0.0
0.0
0.0
0.0
0.0
0.0
0.0
0.0
0.0
0.0
0.0
0.0
1.0
0.0
0.0
0.0
0.0
1.0
0.0
0.0
0.0
0.0
0.0
0.0
0.0
0.0
0.0
0.0
0.0
0.0
0.0
0.0
0.0
0.0
1.0
0.0
0.0
0.0
0.0
0.0
0.0
0.0
0.0
0.0
0.0
0.0
0.0
0.0
0.0
0.0
0.0
0.0
0.0
0.0
0.0
0.0
0.0
0.0
0.0
0.0
0.0
0.0
0.0
0.0
0.0
0.0
0.0
0.0
0.0
0.0
0.0
0.0
0.0
0.0
0.0
0.0
0.0
0.0
0.0
-1.0
0.0
0.0
0.0
0.0
0.0
0.0
0.0
0.0
0.0
0.0
0.0
0.0
0.0
0.0
0.0
0.0
0.0
0.0
0.0
0.0
0.0
0.0
0.0
0.0
0.0
0.0
0.0
0.0
0.0
0.0
0.0
0.0
0.0
0.0
0.0
0.0
0.0
0.0
0.0
0.0
0.0
0.0
0.0
0.0
0.0
0.0
0.0
-1.0
0.0
0.0
0.0
0.0
0.0
0.0
0.0
0.0
0.0
0.0
0.0
0.0
0.0
0.0
0.0
0.0
0.0
0.0
0.0
0.0
0.0
0.0
0.0
0.0
0.0
0.0
0.0
0.0
0.0
0.0
1.0
0.0
0.0
0.0
0.0
0.0
0.0
0.0
0.0
0.0
0.0
0.0
0.0
0.0
0.0
0.0
0.0
0.0
0.0
0.0
0.0
0.0
0.0
0.0
0.0
0.0
0.0
0.0
-1.0
0.0
0.0
0.0
0.0
0.0
0.0
0.0
0.0
0.0
0.0
0.0
0.0
0.0
0.0
0.0
0.0
0.0
0.0
0.0
0.0
0.0
0.0
0.0
0.0
0.0
0.0
0.0
0.0
0.0
0.0
0.0
0.0
0.0
0.0
0.0
0.0
0.0
0.0
0.0
0.0
0.0
0.0
-1.0
0.0
0.0
1.0
0.0
0.0
0.0
0.0
0.0
0.0
0.0
0.0
0.0
0.0
0.0
0.0
0.0
0.0
0.0
0.0
0.0
0.0
0.0
0.0
0.0
0.0
0.0
0.0
0.0
0.0
0.0
0.0
0.0
0.0
0.0
0.0
0.0
0.0
0.0
0.0
0.0
0.0
0.0
0.0
0.0
0.0
0.0
-1.0
0.0
0.0
0.0
-1.0
0.0
0.0
0.0
0.0
0.0
0.0
0.0
0.0
0.0
0.0
0.0
0.0
0.0
0.0
0.0
0.0
0.0
0.0
0.0
0.0
0.0
0.0
0.0
0.0
0.0
0.0
0.0
0.0
0.0
0.0
0.0
0.0
0.0
0.0
1.0
0.0
0.0
0.0
0.0
0.0
0.0
0.0
0.0
0.0
0.0
-1.0
0.0
0.0
0.0
0.0
0.0
0.0
0.0
0.0
0.0
0.0
0.0
0.0
0.0
0.0
0.0
0.0
0.0
0.0
0.0
0.0
0.0
0.0
0.0
0.0
0.0
0.0
0.0
0.0
0.0
0.0
1.0
0.0
0.0
0.0
0.0
0.0
0.0
0.0
0.0
0.0
0.0
0.0
0.0
0.0
0.0
0.0
0.0
0.0
0.0
0.0
0.0
0.0
0.0
0.0
0.0
0.0
0.0
0.0
0.0
0.0
0.0
0.0
0.0
0.0
0.0
0.0
0.0
0.0
0.0
-1.0
0.0
0.0
0.0
0.0
0.0
0.0
0.0
0.0
0.0
0.0
0.0
0.0
0.0
0.0
0.0
0.0
0.0
0.0
-1.0
0.0
0.0
0.0
0.0
0.0
0.0
0.0
0.0
0.0
0.0
0.0
0.0
0.0
0.0
0.0
0.0
0.0
0.0
0.0
0.0
0.0
0.0
0.0
0.0
0.0
0.0
0.0
0.0
0.0
0.0
0.0
0.0
0.0
0.0
0.0
0.0
0.0
0.0
0.0
0.0
0.0
0.0
0.0
0.0
0.0
0.0
0.0
0.0
0.0
0.0
0.0
0.0
0.0
0.0
0.0
0.0
0.0
0.0
0.0
0.0
0.0
0.0
0.0
0.0
0.0
0.0
0.0
0.0
1.0
0.0
0.0
-2.0
0.0
0.0
0.0
0.0
0.0
0.0
0.0
0.0
0.0
0.0
0.0
0.0
0.0
0.0
1.0
0.0
0.0
0.0
-1.0
0.0
0.0
0.0
0.0
0.0
0.0
0.0
0.0
0.0
0.0
0.0
-1.0
0.0
0.0
0.0
0.0
0.0
0.0
1.0
0.0
0.0
0.0
0.0
0.0
0.0
0.0
0.0
0.0
0.0
0.0
0.0
0.0
0.0
0.0
0.0
0.0
1.0
0.0
1.0
0.0
0.0
0.0
0.0
0.0
1.0
0.0
0.0
0.0
0.0
0.0
0.0
0.0
0.0
-1.0
0.0
0.0
0.0
0.0
0.0
0.0
0.0
0.0
0.0
0.0
0.0
0.0
0.0
0.0
1.0
0.0
0.0
0.0
0.0
0.0
0.0
0.0
0.0
0.0
0.0
0.0
0.0
0.0
0.0
0.0
0.0
0.0
0.0
0.0
0.0
0.0
0.0
0.0
0.0
0.0
0.0
0.0
0.0
0.0
0.0
0.0
0.0
0.0
0.0
0.0
0.0
0.0
0.0
0.0
0.0
0.0
0.0
0.0
0.0
0.0
0.0
0.0
0.0
-1.0
0.0
0.0
0.0
0.0
0.0
0.0
0.0
0.0
0.0
0.0
0.0
0.0
0.0
0.0
0.0
0.0
0.0
0.0
0.0
0.0
0.0
0.0
0.0
1.0
0.0
0.0
0.0
0.0
0.0
0.0
1.0
0.0
0.0
0.0
0.0
0.0
0.0
0.0
0.0
0.0
0.0
0.0
0.0
0.0
0.0
0.0
0.0
0.0
0.0
0.0
0.0
0.0
0.0
0.0
0.0
1.0
0.0
0.0
0.0
0.0
0.0
0.0
0.0
0.0
0.0
0.0
-1.0
0.0
0.0
0.0
0.0
0.0
0.0
0.0
0.0
0.0
-1.0
0.0
0.0
0.0
0.0
0.0
0.0
0.0
0.0
0.0
0.0
0.0
0.0
0.0
0.0
1.0
0.0
0.0
0.0
0.0
0.0
0.0
0.0
0.0
0.0
0.0
0.0
0.0
0.0
0.0
0.0
0.0
0.0
0.0
-1.0
1.0
0.0
0.0
0.0
0.0
0.0
0.0
0.0
0.0
0.0
0.0
0.0
0.0
0.0
0.0
0.0
0.0
0.0
1.0
0.0
0.0
0.0
-1.0
0.0
0.0
0.0
0.0
0.0
0.0
0.0
0.0
1.0
0.0
0.0
0.0
0.0
0.0
0.0
0.0
0.0
0.0
0.0
0.0
0.0
0.0
0.0
0.0
0.0
0.0
0.0
0.0
0.0
0.0
0.0
0.0
0.0
-1.0
0.0
0.0
0.0
0.0
0.0
0.0
0.0
0.0
0.0
0.0
0.0
0.0
0.0
0.0
0.0
0.0
0.0
0.0
0.0
0.0
0.0
0.0
-1.0
0.0
0.0
0.0
0.0
0.0
0.0
0.0
0.0
0.0
0.0
0.0
0.0
0.0
0.0
0.0
0.0
0.0
0.0
0.0
0.0
0.0
0.0
0.0
-1.0
0.0
0.0
0.0
0.0
0.0
0.0
0.0
0.0
0.0
0.0
0.0
0.0
0.0
0.0
0.0
0.0
0.0
0.0
0.0
0.0
0.0
0.0
0.0
0.0
0.0
-1.0
-1.0
0.0
0.0
0.0
0.0
0.0
0.0
0.0
0.0
0.0
0.0
0.0
0.0
0.0
0.0
0.0
0.0
0.0
0.0
0.0
0.0
0.0
0.0
0.0
0.0
-1.0
0.0
0.0
0.0
0.0
0.0
0.0
0.0
0.0
0.0
0.0
0.0
0.0
0.0
0.0
0.0
0.0
0.0
0.0
0.0
0.0
0.0
0.0
0.0
0.0
0.0
0.0
0.0
0.0
0.0
0.0
0.0
0.0
0.0
0.0
0.0
0.0
0.0
0.0
0.0
0.0
0.0
0.0
0.0
0.0
0.0
0.0
0.0
0.0
0.0
0.0
0.0
0.0
0.0
0.0
0.0
0.0
0.0
0.0
0.0
0.0
0.0
0.0
0.0
0.0
0.0
0.0
0.0
0.0
0.0
0.0
0.0
0.0
0.0
0.0
0.0
0.0
0.0
0.0
0.0
0.0
0.0
0.0
0.0
0.0
0.0
0.0
0.0
0.0
0.0
0.0
0.0
0.0
0.0
0.0
0.0
0.0
0.0
0.0
0.0
0.0
0.0
0.0
0.0
0.0
0.0
0.0
0.0
0.0
0.0
0.0
0.0
0.0
0.0
0.0
0.0
0.0
0.0
0.0
0.0
0.0
0.0
0.0
0.0
0.0
0.0
0.0
0.0
0.0
0.0
0.0
0.0
0.0
0.0
0.0
0.0
0.0
0.0
0.0
0.0
0.0
0.0
0.0
0.0
0.0
0.0
0.0
0.0
0.0
0.0
0.0
0.0
0.0
0.0
0.0
0.0
0.0
0.0
0.0
0.0
0.0
0.0
0.0
0.0
0.0
0.0
0.0
0.0
0.0
80.0
29892.0
2392.0
49152.0
0.0
0.0
0.0
0.0
0.0
0.0
0.0
0.0
0.0
0.0
0.0
0.0
0.0
0.0
0.0
0.0
0.0
0.0
228.0
28672.0
0.0
0.0
0.0
0.0
