0.0666389
0.0080192
0.006332744
0.0056090015
0.006694615
0.006018667
0.0059025954
0.005349547
0.007763159
0.0053119943
0.0054417215
0.0054451358
0.0064829546
0.005397341
0.0050559533
0.007029175
0.006667304
0.0052505443
0.005124231
0.005315408
0.0058445595
0.005738729
0.00497402
0.0049876757
0.0054519633
0.0053119943
0.0051174033
0.005066195
0.0054451358
0.005001331
0.004963779
0.0052471305
0.0054792743
0.005045712
0.004946709
0.0050149867
0.005885526
0.005489516
0.0049330536
0.0050422978
0.0051993364
0.0052437168
0.005093506
0.0051686116
0.0052198195
0.0050559533
0.005148128
0.0050286422
0.0058752843
0.006377124
0.0055031716
0.005212992
0.0052744416
0.005206164
0.0052198195
0.005151542
0.005472447
0.0059845285
0.005315408
0.0052198195
0.0050149867
0.0051925085
0.0050149867
0.0049159843
0.010996101
0.007903128
0.002635514
0.0036733327
0.0028062079
0.008814633
0.0026116169
0.0023146092
0.0026730665
0.002690136
0.0022258486
0.0022395041
0.0026798942
0.0028471744
0.0027106192
0.0025706503
0.005574863
0.002321437
0.0028198634
0.0038713377
0.0029700738
0.0038849933
0.003188562
0.0028266911
0.0024204396
0.0029359353
0.002741344
0.0027618273
0.0023624036
0.0030383514
0.0025877196
0.0024989587
0.002273643
0.0066434066
0.0035162945
0.0041922424
0.0041615176
0.008053338
0.003809888
0.0039088903
0.0043287976
0.0054963436
0.0036050552
0.0031851484
0.00476236
0.0039703404
0.005595346
0.005568035
0.0038201297
0.0022565734
0.006216672
0.005568035
0.0062269135
0.0053836857
0.002717447
0.0027584136
0.0026730665
0.0033490143
0.00246482
0.0022190209
0.0023419203
0.0029461768
0.002406784
0.0024716477
0.0033182895
0.0024340951
0.0022053653
0.006127911
0.0026082029
0.004178587
0.002102949
0.0021507433
0.0026082029
0.007643673
0.0023828868
0.008585904
0.0024272674
0.0040181344
0.0021200182
0.0022292624
0.007476393
0.002126846
0.0021917098
0.0021439155
0.0021678125
0.0023146092
0.00213026
0.002352162
0.0023009537
0.0022360901
0.0020653962
0.0021166045
0.0022770567
0.0021234322
0.0021370878
0.002154157
0.0021780543
0.0026184444
0.0020927072
0.0023009537
0.002273643
0.0022668152
0.0021882958
0.002075638
0.0021917098
0.0021336738
0.0021609848
0.0021678125
0.0021780543
0.0021746403
0.0021643988
0.0022053653
0.0023828868
0.002102949
0.002181468
0.0021985376
0.0022497457
0.0022872984
0.002768655
0.002376059
0.0022838844
0.0024716477
0.0022872984
0.0022395041
0.002324851
0.0022258486
0.002294126
0.002546753
0.0040454455
0.0026662387
0.0026491694
0.0031988039
0.0031510096
0.0022292624
0.0026833082
0.0035401916
0.0026833082
0.0023043677
0.0023009537
0.0023863008
0.0025330975
0.0022838844
0.0022019513
0.0022019513
0.00296666
0.0024853032
0.0024340951
0.0024784754
0.0024784754
0.0022156069
0.002273643
0.0023863008
0.003024696
0.0022360901
0.0025365115
0.0025672363
0.0024818894
0.002437509
0.0023453343
0.0023316788
0.003919132
0.0023350925
0.002495545
0.00240337
0.0025638225
0.0026662387
0.0022907122
0.0022872984
0.004229795
0.0029017965
0.0025979613
0.0038303712
0.0032841507
0.0022804707
0.0023385065
0.0023316788
0.0030007989
0.0023692313
0.0023419203
0.0024101979
0.0028403467
0.002270229
0.002546753
0.0029837294
0.0039327876
0.0025672363
0.0025023727
0.0025843058
0.0036733327
0.0024853032
0.0028198634
0.008094305
0.0
0.0
0.0
0.0
0.0
0.0
0.0
0.0
0.0
0.0
0.0
0.0
0.0
0.0
0.0
0.0
0.0
0.0
0.0
0.0
0.0
0.0
0.0
0.0
0.0
0.0
0.0
0.0
0.0
0.0
0.0
0.0
0.0
0.0
0.0
0.0
0.0
0.0
0.0
0.0
0.0
0.0
0.0
0.0
0.0
0.0
0.0
0.0
0.003138706
7.709704e-05
3.4265352e-06
1.3706141e-05
0.00012335526
6.681743e-05
1.7132676e-05
5.139803e-06
1.7132676e-06
1.7132676e-06
0.0
4.1118423e-05
0.0
3.4265352e-06
1.5419408e-05
0.0
0.003029057
1.1992873e-05
2.9125547e-05
1.3706141e-05
6.681743e-05
4.9684757e-05
0.00013363487
4.4544955e-05
1.5419408e-05
2.0559211e-05
5.139803e-06
1.1992873e-05
2.7412281e-05
1.0279606e-05
1.0279606e-05
2.9125547e-05
0.002395148
0.0
0.0
0.00012849507
0.000101082784
3.5978617e-05
0.010654811
0.004228344
0.0
0.0
0.0
0.0
0.0
0.0
0.0
0.0
0.0074698464
1.7132676e-06
0.00015419407
0.00039919134
0.0005276864
0.0004111842
0.010097999
0.0054276315
3.4265352e-06
5.139803e-06
1.7132676e-06
1.7132676e-06
5.4824563e-05
1.7132676e-06
1.7132676e-06
1.7132676e-06
0.0017989309
0.0
0.0
0.0013072231
5.1398027e-05
2.3985745e-05
0.0050387196
0.002306058
0.0
0.0
0.0
0.0
0.0
0.0
0.0
0.0
0.0076925713
0.00018160636
0.00017304003
0.00061506307
0.0039919135
0.0021278784
0.00091659813
0.0003854852
0.00012849507
9.251645e-05
7.709704e-05
0.00012849507
0.00031352797
0.00050370063
9.765625e-05
0.00011821546
0.006402481
0.000537966
0.00019188596
0.0011633086
0.0028851426
0.0006921601
0.0052288924
0.002383155
0.00014562774
0.00013534813
0.00011992873
0.00013020834
0.000390625
0.00027583606
0.00011992873
0.00025013706
0.003330592
0.00022272478
0.00019702577
0.00017646655
0.0020250822
0.00019188596
0.0012044271
0.0005705181
0.00016790022
0.00014391447
0.00014562774
0.00014391447
0.00013877467
0.00013877467
0.0010159677
0.0007127193
0.010817572
0.0006116365
0.0007709704
0.00085320725
0.0056315106
0.0007127193
0.002100466
0.0014168723
0.00081894186
0.00049342104
0.00040433113
0.0005105537
0.0005653783
0.0023094846
0.0017269737
0.0018349095
0.002247807
0.00016618695
0.00025699014
0.00028782894
0.0006424753
0.00030324835
0.00031866776
0.00022957785
0.0007504112
0.00015248082
0.00010279605
0.00014562774
0.00021244517
5.653783e-05
0.00066817435
0.00047628838
0.015318325
0.0029194078
0.0012266996
0.0016156113
0.006179756
0.005031867
0.0017441064
0.002491091
0.010647958
0.0022906386
0.0005276864
0.001153029
0.003796601
0.0016378837
0.0040827165
0.0060032895
0.017557565
0.003553317
0.0023283307
0.0020559211
0.00720943
0.0062277275
0.002645285
0.0034059759
0.011328125
0.003907963
0.0009183114
0.0017989309
0.004574424
0.0019428454
0.0040450245
0.007202577
0.07679379
0.0772735
0.07773437
0.077398576
0.03303865
0.032956414
0.033055782
0.033018094
0.033122603
0.03308491
0.033057496
0.03313288
0.032978687
0.032839913
0.033030085
0.032747395
3575.0
6.5644755
23468.0
0.008607466
0.004942901
0.0046020113
0.0052411794
0.0048576784
0.0072439066
0.0045594
0.004346344
0.006349071
0.004815067
0.0054116244
0.0050281235
0.005113346
0.005198568
0.006775183
0.0052411794
0.009630134
0.009800579
0.010311914
0.0084796315
0.006732572
0.007329129
0.0066047385
0.0065621273
0.006263849
0.006945628
0.0076274076
0.005155957
0.0052411794
0.004942901
0.0054542357
0.004388955
0.0020453383
0.01120675
0.0038776207
0.008223965
0.0052837906
0.010439748
0.005539458
0.004346344
0.0040906765
0.007116073
0.002599284
0.003366286
0.005369013
0.0063064597
0.009502301
0.007840464
0.007925686
0.002173172
0.008735299
0.010354525
0.0099710245
0.0052837906
0.00596557
0.005198568
0.002769729
0.002940174
0.002940174
0.002343617
0.0024714505
0.0026418953
0.0020879495
0.002215783
0.002940174
0.051516958
0.016959263
0.022797
0.02207261
0.068902336
0.0095875235
0.0155530935
0.018535879
0.03894665
0.0054542357
0.011164138
0.029486962
0.019771604
0.03962843
0.037412647
0.015680928
0.0036645646
0.047767173
0.038094427
0.035324696
0.018450657
0.007968297
0.008820522
0.007158684
0.015979206
0.0044741775
0.0020453383
0.0022583944
0.0031106188
0.002173172
0.003323675
5.9611406
2.0
0.0
0.0
3.0
292922.0
98304.0
0.0
0.0
6.0
0.0
0.0
0.0
0.0
0.0
1141321900.0
0.0
0.0
0.0
0.0
0.0
1.0
0.0
0.0
0.0
0.0
0.0
0.0
-1.0
0.0
-1.0
-1.0
0.0
0.0
0.0
0.0
0.0
0.0
0.0
0.0
0.0
0.0
0.0
0.0
-1.0
0.0
0.0
0.0
0.0
0.0
0.0
0.0
0.0
0.0
0.0
0.0
0.0
-1.0
0.0
0.0
0.0
0.0
0.0
0.0
0.0
0.0
0.0
0.0
2.0
50.0
4.0
0.0
4.0
0.0
42496.0
4096.0
4096.0
3.0
0.0
0.0
1.0
1.0
0.0
0.0
0.0
0.0
0.0
0.0
0.0
0.0
0.0
0.0
0.0
0.0
0.0
0.0
26112.0
0.0
0.0
0.0
0.0
0.0
0.0
0.0
0.0
0.0
0.0
0.0
0.0
0.0
0.0
0.0
0.0
0.0
-16384.0
0.0
0.0
0.0
0.0
0.0
0.0
0.0
0.0
-42496.0
0.0
0.0
0.0
0.0
0.0
0.0
0.0
0.0
0.0
0.0
0.0
0.0
0.0
0.0
0.0
0.0
0.0
0.0
0.0
0.0
0.0
0.0
5.2029037
0.0
0.0
0.0
0.0
0.0
0.0
0.0
0.0
0.0
0.0
0.0
0.0
0.0
0.0
0.0
0.0
0.0
-4.861849
0.0
0.0
0.0
0.0
0.0
0.0
0.0
0.0
-6.4578476
0.0
0.0
0.0
0.0
0.0
0.0
0.0
0.0
0.0
0.0
0.0
0.0
0.0
0.0
0.0
0.0
0.0
0.0
0.0
0.0
0.0
0.0
25860.0
0.0
0.0
0.0
0.0
0.0
0.0
0.0
0.0
0.0
0.0
0.0
0.0
0.0
0.0
0.0
0.0
0.0
-16832.0
0.0
0.0
0.0
0.0
0.0
0.0
0.0
0.0
-42342.0
0.0
0.0
0.0
0.0
0.0
0.0
0.0
0.0
0.0
0.0
0.0
-1.0
0.0
0.0
0.0
0.0
0.0
1.0
0.0
0.0
0.0
0.0
0.0
0.0
0.0
0.0
0.0
0.0
0.0
0.0
0.0
0.0
0.0
0.0
0.0
0.0
0.0
0.0
0.0
0.0
0.0
0.0
0.0
0.0
0.0
0.0
0.0
-2.0
0.0
0.0
0.0
1.0
0.0
0.0
0.0
0.0
0.0
0.0
0.0
0.0
0.0
0.0
0.0
0.0
0.0
0.0
0.0
0.0
0.0
0.0
0.0
-1.0
0.0
0.0
0.0
0.0
0.0
0.0
0.0
0.0
0.0
1.0
0.0
0.0
0.0
0.0
1.0
0.0
0.0
0.0
0.0
0.0
0.0
0.0
0.0
0.0
0.0
0.0
0.0
0.0
0.0
0.0
0.0
0.0
0.0
0.0
0.0
0.0
0.0
0.0
0.0
0.0
0.0
0.0
0.0
0.0
0.0
0.0
0.0
0.0
0.0
0.0
0.0
0.0
0.0
0.0
0.0
0.0
0.0
0.0
0.0
0.0
0.0
0.0
0.0
0.0
0.0
0.0
-1.0
0.0
0.0
0.0
0.0
0.0
0.0
0.0
0.0
0.0
0.0
0.0
0.0
0.0
0.0
0.0
0.0
0.0
0.0
0.0
0.0
-1.0
0.0
0.0
0.0
0.0
0.0
0.0
0.0
0.0
0.0
0.0
0.0
0.0
0.0
0.0
0.0
0.0
0.0
0.0
0.0
0.0
0.0
0.0
0.0
0.0
0.0
0.0
0.0
0.0
0.0
0.0
0.0
0.0
0.0
0.0
0.0
0.0
0.0
0.0
0.0
0.0
0.0
0.0
0.0
0.0
0.0
0.0
0.0
0.0
-1.0
0.0
0.0
0.0
0.0
0.0
0.0
0.0
0.0
0.0
0.0
0.0
0.0
0.0
0.0
0.0
0.0
1.0
0.0
0.0
0.0
0.0
0.0
0.0
0.0
0.0
0.0
0.0
0.0
0.0
0.0
0.0
0.0
0.0
0.0
0.0
0.0
0.0
0.0
0.0
0.0
0.0
0.0
0.0
0.0
0.0
0.0
0.0
0.0
0.0
0.0
0.0
0.0
0.0
0.0
0.0
0.0
0.0
0.0
0.0
0.0
0.0
0.0
0.0
0.0
0.0
0.0
0.0
0.0
0.0
0.0
0.0
0.0
0.0
0.0
0.0
0.0
0.0
0.0
0.0
0.0
0.0
0.0
0.0
0.0
0.0
0.0
0.0
0.0
0.0
0.0
0.0
0.0
0.0
0.0
0.0
0.0
0.0
0.0
0.0
0.0
0.0
0.0
0.0
0.0
0.0
0.0
0.0
0.0
0.0
0.0
0.0
0.0
0.0
0.0
0.0
0.0
0.0
1.0
0.0
0.0
0.0
0.0
0.0
0.0
0.0
0.0
0.0
0.0
0.0
0.0
-1.0
0.0
0.0
0.0
0.0
0.0
0.0
0.0
0.0
0.0
0.0
0.0
0.0
0.0
0.0
0.0
0.0
0.0
0.0
0.0
0.0
0.0
0.0
0.0
0.0
0.0
0.0
0.0
0.0
0.0
0.0
0.0
0.0
0.0
0.0
0.0
0.0
0.0
0.0
0.0
0.0
0.0
0.0
0.0
0.0
0.0
0.0
0.0
0.0
0.0
0.0
0.0
0.0
0.0
0.0
0.0
0.0
0.0
0.0
0.0
0.0
0.0
0.0
0.0
0.0
0.0
0.0
0.0
0.0
0.0
0.0
0.0
0.0
0.0
0.0
0.0
0.0
0.0
0.0
0.0
0.0
0.0
0.0
0.0
0.0
0.0
0.0
0.0
0.0
0.0
0.0
0.0
0.0
0.0
0.0
0.0
0.0
0.0
0.0
0.0
0.0
0.0
0.0
0.0
0.0
0.0
0.0
0.0
0.0
0.0
0.0
0.0
0.0
0.0
0.0
0.0
0.0
0.0
0.0
0.0
0.0
0.0
0.0
0.0
0.0
0.0
0.0
0.0
0.0
0.0
0.0
0.0
0.0
0.0
0.0
0.0
0.0
0.0
0.0
0.0
0.0
0.0
0.0
0.0
0.0
0.0
0.0
0.0
0.0
0.0
0.0
0.0
0.0
0.0
0.0
0.0
0.0
0.0
0.0
0.0
0.0
0.0
0.0
0.0
0.0
0.0
0.0
0.0
0.0
0.0
0.0
0.0
0.0
0.0
0.0
0.0
0.0
0.0
0.0
0.0
0.0
0.0
0.0
0.0
0.0
0.0
0.0
0.0
0.0
0.0
0.0
0.0
0.0
0.0
0.0
0.0
0.0
0.0
0.0
0.0
0.0
0.0
0.0
0.0
0.0
0.0
0.0
0.0
0.0
0.0
0.0
0.0
0.0
0.0
0.0
0.0
0.0
1.0
0.0
0.0
0.0
0.0
0.0
0.0
0.0
0.0
0.0
0.0
0.0
0.0
0.0
0.0
0.0
0.0
0.0
0.0
0.0
0.0
0.0
0.0
0.0
0.0
0.0
0.0
0.0
0.0
0.0
0.0
0.0
0.0
0.0
0.0
0.0
0.0
0.0
0.0
0.0
0.0
0.0
0.0
0.0
0.0
0.0
0.0
0.0
0.0
0.0
0.0
0.0
0.0
0.0
0.0
0.0
0.0
0.0
0.0
0.0
0.0
0.0
0.0
0.0
0.0
0.0
0.0
0.0
0.0
0.0
0.0
0.0
0.0
0.0
0.0
0.0
0.0
0.0
0.0
0.0
0.0
0.0
0.0
0.0
0.0
0.0
0.0
0.0
0.0
0.0
0.0
0.0
0.0
0.0
0.0
0.0
0.0
0.0
0.0
0.0
0.0
0.0
0.0
0.0
0.0
0.0
0.0
0.0
0.0
0.0
0.0
0.0
0.0
0.0
0.0
0.0
0.0
0.0
0.0
0.0
0.0
0.0
0.0
0.0
0.0
0.0
0.0
0.0
0.0
0.0
0.0
0.0
0.0
0.0
0.0
0.0
0.0
0.0
0.0
0.0
0.0
0.0
0.0
0.0
0.0
0.0
0.0
0.0
0.0
0.0
0.0
0.0
0.0
0.0
0.0
0.0
0.0
0.0
0.0
0.0
0.0
0.0
0.0
0.0
0.0
0.0
0.0
0.0
0.0
0.0
0.0
0.0
0.0
0.0
0.0
0.0
0.0
0.0
0.0
0.0
0.0
0.0
0.0
0.0
0.0
0.0
0.0
0.0
0.0
0.0
0.0
0.0
0.0
0.0
0.0
0.0
0.0
0.0
0.0
0.0
0.0
0.0
0.0
0.0
0.0
0.0
0.0
0.0
0.0
0.0
0.0
0.0
0.0
0.0
0.0
0.0
0.0
0.0
0.0
0.0
0.0
0.0
0.0
0.0
0.0
0.0
0.0
0.0
0.0
0.0
0.0
0.0
0.0
0.0
0.0
0.0
0.0
0.0
0.0
0.0
0.0
0.0
0.0
0.0
0.0
0.0
0.0
0.0
0.0
0.0
0.0
0.0
0.0
0.0
0.0
0.0
0.0
0.0
0.0
0.0
0.0
0.0
0.0
0.0
0.0
0.0
0.0
0.0
0.0
0.0
1.0
0.0
0.0
0.0
0.0
0.0
0.0
0.0
0.0
0.0
0.0
0.0
0.0
0.0
0.0
0.0
0.0
0.0
0.0
0.0
0.0
0.0
0.0
0.0
0.0
0.0
0.0
0.0
0.0
0.0
0.0
0.0
0.0
0.0
0.0
0.0
0.0
0.0
0.0
0.0
0.0
0.0
0.0
0.0
0.0
0.0
0.0
0.0
0.0
0.0
0.0
0.0
0.0
0.0
0.0
0.0
0.0
0.0
0.0
0.0
0.0
0.0
0.0
1.0
0.0
0.0
0.0
0.0
0.0
0.0
0.0
0.0
0.0
0.0
0.0
0.0
0.0
0.0
0.0
0.0
0.0
0.0
0.0
0.0
0.0
0.0
0.0
0.0
0.0
0.0
0.0
0.0
0.0
0.0
0.0
0.0
0.0
0.0
0.0
0.0
0.0
0.0
0.0
0.0
0.0
0.0
0.0
0.0
0.0
0.0
0.0
0.0
0.0
0.0
0.0
0.0
0.0
0.0
0.0
0.0
0.0
0.0
0.0
0.0
0.0
0.0
0.0
-1.0
0.0
0.0
0.0
0.0
0.0
0.0
0.0
0.0
0.0
0.0
0.0
0.0
0.0
0.0
0.0
0.0
0.0
0.0
0.0
0.0
1.0
0.0
0.0
0.0
0.0
0.0
0.0
0.0
0.0
0.0
0.0
0.0
0.0
0.0
0.0
0.0
0.0
0.0
0.0
0.0
0.0
0.0
0.0
0.0
0.0
0.0
0.0
0.0
0.0
0.0
0.0
0.0
0.0
0.0
0.0
0.0
0.0
0.0
0.0
0.0
0.0
0.0
0.0
0.0
0.0
0.0
0.0
0.0
0.0
0.0
0.0
0.0
0.0
0.0
0.0
0.0
0.0
0.0
0.0
0.0
0.0
0.0
0.0
0.0
0.0
0.0
0.0
0.0
0.0
0.0
0.0
0.0
0.0
0.0
0.0
0.0
0.0
0.0
0.0
0.0
0.0
0.0
0.0
0.0
0.0
0.0
0.0
0.0
0.0
0.0
0.0
0.0
0.0
0.0
0.0
0.0
0.0
0.0
0.0
0.0
0.0
0.0
0.0
0.0
0.0
0.0
0.0
0.0
0.0
0.0
0.0
0.0
0.0
0.0
0.0
0.0
0.0
0.0
0.0
0.0
0.0
0.0
0.0
0.0
0.0
0.0
0.0
0.0
0.0
0.0
0.0
0.0
0.0
0.0
0.0
0.0
0.0
0.0
0.0
0.0
0.0
0.0
0.0
0.0
0.0
0.0
0.0
0.0
0.0
0.0
0.0
0.0
0.0
0.0
0.0
0.0
0.0
0.0
0.0
0.0
0.0
0.0
0.0
0.0
0.0
0.0
0.0
0.0
0.0
0.0
0.0
0.0
0.0
0.0
0.0
0.0
0.0
0.0
0.0
0.0
0.0
0.0
0.0
0.0
0.0
0.0
0.0
0.0
0.0
0.0
0.0
0.0
0.0
0.0
0.0
0.0
0.0
0.0
0.0
0.0
0.0
0.0
0.0
0.0
0.0
0.0
0.0
0.0
0.0
0.0
0.0
0.0
0.0
0.0
0.0
0.0
0.0
0.0
0.0
0.0
0.0
0.0
0.0
0.0
0.0
0.0
0.0
0.0
0.0
0.0
0.0
0.0
0.0
0.0
0.0
0.0
0.0
0.0
0.0
0.0
0.0
0.0
0.0
0.0
0.0
0.0
0.0
0.0
0.0
0.0
0.0
0.0
0.0
0.0
0.0
0.0
0.0
0.0
0.0
0.0
0.0
0.0
0.0
0.0
0.0
0.0
0.0
0.0
0.0
0.0
0.0
0.0
0.0
0.0
0.0
0.0
0.0
0.0
0.0
0.0
0.0
0.0
0.0
0.0
0.0
0.0
0.0
0.0
0.0
0.0
0.0
0.0
0.0
0.0
0.0
0.0
0.0
0.0
0.0
0.0
0.0
0.0
0.0
0.0
0.0
0.0
0.0
0.0
0.0
0.0
0.0
0.0
0.0
0.0
0.0
0.0
0.0
0.0
0.0
0.0
0.0
0.0
0.0
0.0
0.0
0.0
0.0
0.0
0.0
0.0
0.0
0.0
0.0
0.0
0.0
0.0
0.0
0.0
0.0
0.0
0.0
0.0
0.0
0.0
0.0
0.0
0.0
0.0
0.0
0.0
-1.0
0.0
0.0
0.0
0.0
0.0
0.0
0.0
0.0
0.0
0.0
0.0
0.0
0.0
0.0
0.0
0.0
0.0
0.0
0.0
0.0
0.0
0.0
0.0
0.0
0.0
0.0
0.0
0.0
0.0
0.0
0.0
0.0
0.0
0.0
0.0
0.0
0.0
0.0
0.0
0.0
0.0
0.0
0.0
0.0
0.0
0.0
0.0
0.0
0.0
0.0
0.0
0.0
0.0
0.0
0.0
0.0
0.0
0.0
0.0
0.0
0.0
0.0
0.0
0.0
0.0
0.0
0.0
0.0
0.0
0.0
0.0
0.0
0.0
0.0
0.0
0.0
0.0
0.0
0.0
0.0
0.0
0.0
0.0
0.0
0.0
0.0
0.0
0.0
0.0
0.0
0.0
0.0
0.0
0.0
0.0
0.0
0.0
0.0
0.0
0.0
0.0
0.0
0.0
0.0
0.0
0.0
0.0
0.0
0.0
0.0
0.0
0.0
0.0
0.0
0.0
0.0
0.0
0.0
0.0
0.0
0.0
0.0
0.0
0.0
0.0
0.0
0.0
0.0
0.0
0.0
0.0
0.0
0.0
0.0
0.0
0.0
0.0
0.0
0.0
0.0
0.0
0.0
0.0
0.0
0.0
0.0
0.0
0.0
0.0
0.0
0.0
0.0
0.0
0.0
0.0
0.0
0.0
0.0
0.0
0.0
0.0
0.0
0.0
0.0
0.0
0.0
0.0
0.0
0.0
0.0
0.0
0.0
0.0
0.0
0.0
0.0
0.0
0.0
0.0
0.0
0.0
0.0
0.0
0.0
0.0
0.0
0.0
0.0
0.0
0.0
0.0
0.0
0.0
140.0
91260.0
0.0
0.0
0.0
0.0
0.0
0.0
0.0
0.0
0.0
0.0
0.0
0.0
0.0
0.0
0.0
0.0
0.0
0.0
0.0
0.0
0.0
0.0
0.0
0.0
0.0
0.0
