0.5041675
0.005553621
0.0029170078
0.0030436376
0.0038124612
0.0015195576
0.00041154682
0.00083666114
0.005766178
0.00087284105
0.0011351457
0.0005246091
0.0033375996
0.0012617755
0.0003798894
0.002130094
0.002654703
0.0009044985
0.00041154682
0.00023516962
0.0016235749
0.002433101
0.00035275443
0.00026682706
0.0010311283
0.00018542219
0.00019446718
0.00020351217
0.0004793842
0.0001899447
0.00029848452
0.000312052
0.0028310805
0.00027587204
0.00019898967
0.00040250184
0.0008637961
0.00092711096
0.00020803466
0.00020803466
0.00034370943
0.0001899447
0.00015828724
0.00046581673
0.0005200867
0.00026230456
0.0005743566
0.00019446718
0.0007145538
0.000312052
0.0004929517
0.0018768344
0.0005653116
0.00069194136
0.0007597788
0.00063314894
0.00088640855
0.0010085158
0.0009225885
0.0024647585
0.0010039933
0.0015873949
0.0010627857
0.0008457061
0.0015286026
0.0018723119
0.0043280255
0.00591542
0.0016190524
0.010225356
0.0014743326
0.0010718307
0.0015286026
0.00094067847
0.000899976
0.00074621127
0.0010401733
0.0071952855
0.0011125332
0.0007643013
0.0034009144
0.003599904
0.0027225406
0.001230118
0.0009994708
0.00747568
0.0013929277
0.0010220833
0.0007733462
0.0006738514
0.0007552563
0.0010356508
0.00074621127
0.001899447
0.0013612703
0.0012527305
0.0007597788
0.0020713017
0.0011215782
0.0014245851
0.0018904019
0.0037808039
0.0019175368
0.0013115229
0.003608949
0.0023562186
0.0039436137
0.0011396682
0.0025597308
0.0013657928
0.0021527065
0.0019627619
0.0014200627
0.0007959587
0.002139139
0.0018949244
0.0050651915
0.0044591776
0.0011894156
0.0009904259
0.001221073
0.0010763532
0.0010808758
0.0006286265
0.00150599
0.003333077
0.00087284105
0.0007190763
0.0017140247
0.0018677894
0.0007552563
0.0108087575
0.0017004572
0.0047938423
0.0008547511
0.00069194136
0.0017095022
0.0065485695
0.0018768344
0.021160742
0.0014019727
0.0049430844
0.0008637961
0.0009225885
0.0012165505
0.0007688237
0.00074621127
0.0005200867
0.001248208
0.0020577342
0.0006738514
0.00044772678
0.0006693289
0.0008683186
0.0007326438
0.00042059182
0.00057887903
0.00027587204
0.0002442146
0.00027587204
0.00040250184
0.0019763294
0.0005562666
0.000606014
0.00060149154
0.00032561948
0.00022160214
0.00019898967
0.0004296368
0.00033014195
0.00032109697
0.00039797934
0.00058340153
0.00027587204
0.00024873708
0.00020351217
0.0007235988
0.000303007
0.00024873708
0.00025778209
0.0007326438
0.00039797934
0.00025778209
0.00018542219
0.0010899208
0.0004884292
0.00047033923
0.00021255715
0.00074168877
0.00059696904
0.001239163
0.000312052
0.0031250424
0.0016235749
0.0010537407
0.0013522253
0.0034551844
0.00033466445
0.0006602839
0.0025099835
0.0009587684
0.0009904259
0.00032561948
9.044985e-05
0.105265535
0.0005743566
0.00050651917
0.00027587204
0.0010718307
0.00027587204
0.0010492182
0.0003617994
0.0008140487
0.00014019727
0.00015376475
0.00013567478
0.0011713256
0.00025778209
0.00027587204
6.783739e-05
0.0009859034
0.00016733223
0.00013567478
0.0001221073
0.0016326199
0.0005743566
0.0007281213
0.00027587204
0.0016507098
0.00094067847
0.0004929517
0.00011306231
0.005142074
0.0018316095
0.00037084438
0.0028898728
0.002817513
0.00019446718
0.0003572769
0.00026230456
0.0016371424
0.00015376475
0.0014110177
0.00083213864
0.0039526587
0.00051104167
0.00020803466
0.0008140487
0.0044637
0.0006828964
0.00070098636
0.00050651917
0.0056395484
0.0014064952
0.001496945
0.026461104
0.38297907
2.0535193e-05
1.5971817e-05
1.14084405e-05
4.3352073e-05
2.281688e-06
4.563376e-06
6.845064e-06
2.0535193e-05
1.14084405e-05
6.845064e-06
2.281688e-06
0.07010715
4.563376e-06
2.281688e-06
3.1943633e-05
0.008998978
3.4225322e-05
2.0535193e-05
2.281688e-06
5.2478827e-05
3.4225322e-05
0.00010495765
5.4760512e-05
2.5098569e-05
4.563376e-06
6.845064e-06
2.281688e-06
2.281688e-06
2.281688e-06
0.0
0.0
0.020945897
0.00015059141
0.00013690129
5.70422e-05
0.00014602803
5.0197137e-05
5.70422e-05
8.2140774e-05
0.00016199985
5.0197137e-05
5.932389e-05
2.2816881e-05
0.0009058302
5.2478827e-05
2.9661946e-05
0.0004563376
0.0220046
0.0002099153
0.0002829293
0.00012321115
0.00025554906
0.00010495765
0.00054076005
0.00026011243
0.00018025335
5.70422e-05
7.7577395e-05
5.70422e-05
0.0032856308
8.8985835e-05
5.70422e-05
0.00045177425
0.0037214332
1.8253504e-05
0.00014830973
5.2478827e-05
8.8985835e-05
5.70422e-05
0.0003445349
0.0002099153
4.563376e-06
0.0
0.0
0.0
0.0
0.0
0.0
2.7380256e-05
0.0035160813
1.3690128e-05
5.70422e-05
8.4422456e-05
8.6704145e-05
5.2478827e-05
0.00033540814
0.00014602803
2.281688e-06
4.563376e-06
6.845064e-06
4.563376e-06
0.0
0.0
2.281688e-06
0.0003605067
0.0034270955
5.932389e-05
4.5633762e-05
4.5633762e-05
4.1070387e-05
3.1943633e-05
6.160558e-05
0.00013005621
3.650701e-05
5.70422e-05
5.0197137e-05
3.650701e-05
6.6168956e-05
0.00016884491
4.5633762e-05
0.00036963346
0.008777654
5.70422e-05
9.8112585e-05
9.8112585e-05
0.0006457177
0.00025326738
0.0017340829
0.00084878795
7.073233e-05
0.00015743647
9.1267524e-05
9.58309e-05
0.00014374635
0.000111802714
9.58309e-05
0.0007392669
0.0028635187
5.4760512e-05
2.2816881e-05
3.4225322e-05
0.00014602803
0.0001140844
9.126752e-06
4.5633762e-05
0.0002099153
6.845064e-06
1.3690128e-05
4.791545e-05
0.00075752044
1.8253504e-05
0.00015971817
0.00016884491
0.011152891
0.00016884491
0.0022246458
0.00077349227
0.001747773
0.0009195203
0.005948361
0.0029433777
0.00095146394
0.0010062244
0.00039929542
0.0004791545
0.003239997
0.00044492917
0.00096971745
0.008686387
0.005770389
8.2140774e-05
0.00070047827
0.00066397124
0.0010039428
0.0005863938
0.002172167
0.0013690129
0.00090811186
0.0003650701
0.0002281688
0.00017568999
0.002560054
0.00021904205
0.00047459113
0.0014123649
0.0018162237
0.00012092947
0.0002829293
0.0014511537
0.0020900264
0.0018230688
0.003438504
0.0019188997
0.0016473788
0.0007483937
0.00022360543
0.00026239414
0.0019782237
4.1070387e-05
0.00012777453
0.0007210134
0.012234411
0.0020512375
0.0007803373
0.0059780227
0.012268636
0.010014329
0.009275062
0.008419429
0.01726097
0.0054441076
0.002801913
0.0030916873
0.010411343
0.001133999
0.0034065603
0.0075774863
0.048684377
0.008008725
0.003431659
0.0053049247
0.021201445
0.014360945
0.0071302755
0.010014329
0.03804715
0.0032126168
0.0035457432
0.003803574
0.028788058
0.0046911505
0.0141921
0.02857358
0.0038446444
0.0008008725
0.00035594334
0.0005225066
0.0017386463
0.0011431257
0.00094918226
0.0012458017
0.0027471525
0.00024185894
0.00017568999
0.00017568999
0.0018960828
0.00023273219
0.0008807316
0.001740928
0.0
0.0
0.0
0.0
0.0
0.0
0.0
0.0
0.0
0.0
0.0
0.0
0.0
0.0
0.0
0.0
721.0
19.319002
13929.0
0.026994042
0.0014358533
0.000215378
0.000430756
0.00071792665
0.004451145
0.00071792665
0.00028717064
0.0014358533
0.0012204753
0.000215378
0.00071792665
0.0009333046
0.0025127432
0.0055998275
0.00071792665
0.0036614258
0.0030152919
0.0060305838
0.0050254865
0.0043075597
0.00890229
0.009620217
0.008327949
0.0073946444
0.010697107
0.011989375
0.00969201
0.008758705
0.015794385
0.01536363
0.009333046
0.008399742
0.015794385
0.015435423
0.014502118
0.011845789
0.01780458
0.01780458
0.01213296
0.010625314
0.011917582
0.010266351
0.010050973
0.01105607
0.01457391
0.014789289
0.0091176685
0.00997918
0.007897193
0.009333046
0.010050973
0.0056716204
0.008758705
0.00890229
0.0038768037
0.0043075597
0.0030870845
0.0027999138
0.0032306698
0.0031588771
0.0031588771
0.004020389
0.005958791
0.0032306698
0.02397875
0.009045876
0.014789289
0.020101946
0.04688061
0.014861081
0.012850886
0.015650801
0.026850456
0.007251059
0.009763802
0.033527173
0.017014861
0.02807093
0.026922248
0.0150046665
0.008112571
0.025127431
0.019527605
0.035393782
0.016296934
0.010050973
0.0085433265
0.009261253
0.010122766
0.0066767177
0.005528035
0.011917582
0.008327949
0.0067485105
0.005743413
6.156234
0.0
0.0
0.0
4.0
221117.0
307200.0
0.0
0.0
4.0
0.0
1.0
0.0
0.0
0.0
1005528260.0
0.0
0.0
0.0
0.0
0.0
1.0
0.0
0.0
0.0
0.0
0.0
0.0
-1.0
0.0
-1.0
-1.0
0.0
0.0
0.0
0.0
0.0
0.0
0.0
0.0
0.0
0.0
0.0
0.0
-1.0
0.0
0.0
0.0
0.0
0.0
0.0
0.0
0.0
0.0
0.0
0.0
0.0
-1.0
0.0
0.0
0.0
0.0
0.0
0.0
0.0
0.0
13.0
18.0
8.0
0.0
4.0
0.0
4.0
0.0
155648.0
4096.0
4096.0
5.0
0.0
0.0
2.0
4.0
0.0
0.0
0.0
0.0
0.0
0.0
0.0
0.0
0.0
0.0
0.0
0.0
0.0
0.0
8192.0
0.0
0.0
0.0
0.0
0.0
0.0
0.0
0.0
0.0
0.0
0.0
0.0
0.0
0.0
0.0
0.0
0.0
0.0
0.0
0.0
0.0
0.0
0.0
0.0
0.0
0.0
-16384.0
-159744.0
16384.0
0.0
0.0
0.0
0.0
0.0
0.0
0.0
0.0
0.0
0.0
0.0
0.0
0.0
0.0
0.0
0.0
0.0
0.0
0.0
0.0
4.953258
0.0
0.0
0.0
0.0
0.0
0.0
0.0
0.0
0.0
0.0
0.0
0.0
0.0
0.0
0.0
0.0
0.0
0.0
0.0
0.0
0.0
0.0
0.0
0.0
0.0
0.0
-0.43600208
-7.6761575
2.4906557
0.0
0.0
0.0
0.0
0.0
0.0
0.0
0.0
0.0
0.0
0.0
0.0
0.0
0.0
0.0
0.0
0.0
0.0
0.0
0.0
6788.0
0.0
0.0
0.0
0.0
0.0
0.0
0.0
0.0
0.0
0.0
0.0
0.0
0.0
0.0
0.0
0.0
0.0
0.0
0.0
0.0
0.0
0.0
0.0
0.0
0.0
0.0
-87684.0
-158180.0
45056.0
0.0
0.0
0.0
0.0
0.0
0.0
2.0
0.0
0.0
-1.0
0.0
0.0
0.0
0.0
0.0
1.0
0.0
0.0
0.0
0.0
0.0
0.0
0.0
0.0
0.0
0.0
0.0
0.0
0.0
0.0
0.0
0.0
0.0
0.0
0.0
0.0
0.0
-1.0
0.0
0.0
0.0
0.0
0.0
0.0
0.0
-1.0
0.0
0.0
0.0
0.0
0.0
0.0
0.0
0.0
0.0
0.0
1.0
0.0
0.0
0.0
0.0
0.0
0.0
0.0
0.0
0.0
0.0
0.0
0.0
-1.0
0.0
0.0
0.0
0.0
0.0
0.0
0.0
0.0
0.0
2.0
0.0
0.0
0.0
0.0
1.0
0.0
0.0
0.0
0.0
0.0
0.0
0.0
0.0
2.0
0.0
0.0
0.0
0.0
0.0
0.0
0.0
0.0
0.0
0.0
0.0
0.0
0.0
0.0
0.0
0.0
0.0
0.0
0.0
0.0
0.0
0.0
0.0
0.0
0.0
0.0
0.0
0.0
0.0
0.0
0.0
0.0
0.0
0.0
0.0
0.0
0.0
0.0
0.0
0.0
0.0
0.0
-1.0
0.0
0.0
0.0
0.0
0.0
0.0
0.0
0.0
0.0
0.0
0.0
0.0
-1.0
0.0
0.0
0.0
0.0
0.0
0.0
0.0
0.0
0.0
0.0
0.0
0.0
0.0
0.0
0.0
0.0
0.0
0.0
0.0
0.0
0.0
0.0
0.0
0.0
0.0
0.0
0.0
0.0
0.0
0.0
0.0
0.0
0.0
0.0
0.0
0.0
0.0
0.0
0.0
0.0
0.0
0.0
0.0
0.0
0.0
0.0
0.0
0.0
0.0
0.0
0.0
0.0
0.0
0.0
0.0
0.0
-1.0
0.0
0.0
0.0
0.0
0.0
0.0
0.0
0.0
0.0
0.0
0.0
0.0
0.0
0.0
0.0
0.0
1.0
0.0
0.0
0.0
0.0
0.0
0.0
0.0
0.0
0.0
0.0
0.0
0.0
0.0
0.0
0.0
0.0
0.0
0.0
0.0
0.0
0.0
0.0
0.0
0.0
0.0
0.0
0.0
0.0
0.0
0.0
0.0
0.0
0.0
0.0
0.0
0.0
0.0
0.0
0.0
0.0
0.0
0.0
0.0
0.0
0.0
0.0
0.0
0.0
0.0
0.0
0.0
0.0
0.0
0.0
0.0
0.0
0.0
0.0
0.0
0.0
0.0
0.0
0.0
0.0
0.0
0.0
0.0
0.0
0.0
0.0
0.0
0.0
0.0
0.0
0.0
0.0
0.0
0.0
0.0
0.0
0.0
0.0
0.0
0.0
0.0
0.0
0.0
0.0
0.0
0.0
0.0
0.0
0.0
0.0
0.0
0.0
0.0
0.0
0.0
0.0
0.0
0.0
0.0
0.0
0.0
0.0
0.0
0.0
0.0
0.0
0.0
0.0
0.0
0.0
0.0
0.0
0.0
0.0
0.0
0.0
0.0
0.0
0.0
0.0
0.0
0.0
0.0
0.0
0.0
0.0
0.0
0.0
0.0
0.0
0.0
0.0
0.0
0.0
0.0
0.0
0.0
0.0
0.0
0.0
0.0
0.0
0.0
0.0
0.0
0.0
0.0
0.0
0.0
0.0
0.0
0.0
0.0
0.0
0.0
0.0
0.0
0.0
0.0
0.0
0.0
0.0
0.0
0.0
0.0
0.0
0.0
0.0
0.0
0.0
0.0
0.0
0.0
0.0
0.0
0.0
0.0
0.0
0.0
0.0
0.0
0.0
0.0
0.0
0.0
0.0
0.0
0.0
0.0
0.0
0.0
0.0
0.0
0.0
0.0
0.0
0.0
0.0
0.0
0.0
0.0
0.0
0.0
0.0
0.0
0.0
0.0
0.0
0.0
0.0
0.0
0.0
0.0
0.0
0.0
0.0
0.0
0.0
0.0
0.0
0.0
0.0
0.0
0.0
0.0
0.0
0.0
0.0
0.0
0.0
0.0
0.0
0.0
0.0
0.0
0.0
0.0
0.0
0.0
0.0
0.0
0.0
0.0
0.0
0.0
0.0
0.0
0.0
0.0
0.0
0.0
0.0
0.0
0.0
0.0
0.0
0.0
0.0
0.0
0.0
0.0
0.0
0.0
0.0
0.0
-1.0
0.0
0.0
0.0
0.0
0.0
0.0
0.0
0.0
0.0
0.0
0.0
0.0
0.0
0.0
0.0
0.0
0.0
0.0
0.0
0.0
0.0
0.0
0.0
0.0
0.0
0.0
0.0
0.0
0.0
0.0
0.0
0.0
0.0
0.0
0.0
0.0
0.0
0.0
0.0
0.0
0.0
0.0
0.0
0.0
0.0
0.0
0.0
0.0
0.0
0.0
0.0
0.0
0.0
0.0
0.0
0.0
0.0
0.0
0.0
0.0
0.0
0.0
0.0
0.0
0.0
0.0
0.0
0.0
0.0
0.0
0.0
0.0
0.0
0.0
0.0
0.0
0.0
0.0
0.0
0.0
0.0
0.0
0.0
0.0
0.0
0.0
0.0
0.0
0.0
0.0
0.0
0.0
0.0
0.0
0.0
0.0
0.0
0.0
0.0
0.0
0.0
0.0
0.0
0.0
0.0
0.0
0.0
0.0
0.0
0.0
0.0
0.0
0.0
0.0
0.0
0.0
0.0
0.0
0.0
0.0
0.0
0.0
0.0
0.0
0.0
0.0
0.0
0.0
0.0
0.0
0.0
0.0
0.0
0.0
0.0
0.0
0.0
0.0
0.0
0.0
0.0
0.0
0.0
0.0
0.0
0.0
0.0
0.0
0.0
0.0
0.0
0.0
0.0
0.0
0.0
0.0
0.0
0.0
0.0
0.0
0.0
0.0
0.0
0.0
0.0
0.0
0.0
0.0
0.0
0.0
0.0
0.0
0.0
0.0
0.0
0.0
0.0
0.0
0.0
0.0
0.0
0.0
0.0
0.0
0.0
0.0
0.0
0.0
0.0
0.0
0.0
0.0
0.0
0.0
0.0
0.0
0.0
0.0
0.0
0.0
0.0
0.0
0.0
0.0
0.0
0.0
0.0
0.0
0.0
0.0
0.0
0.0
0.0
0.0
0.0
0.0
0.0
0.0
0.0
0.0
0.0
0.0
0.0
0.0
0.0
0.0
0.0
0.0
0.0
0.0
0.0
0.0
0.0
0.0
0.0
0.0
0.0
0.0
0.0
0.0
0.0
0.0
0.0
0.0
0.0
0.0
0.0
0.0
0.0
0.0
0.0
0.0
0.0
0.0
0.0
0.0
0.0
0.0
0.0
0.0
0.0
0.0
0.0
0.0
0.0
0.0
0.0
0.0
0.0
0.0
0.0
0.0
0.0
0.0
0.0
0.0
0.0
1.0
0.0
0.0
0.0
0.0
0.0
0.0
0.0
0.0
0.0
0.0
0.0
0.0
1.0
0.0
0.0
0.0
0.0
0.0
0.0
0.0
0.0
0.0
0.0
0.0
0.0
0.0
0.0
0.0
0.0
0.0
0.0
0.0
0.0
0.0
0.0
0.0
0.0
0.0
0.0
0.0
0.0
0.0
0.0
0.0
0.0
0.0
0.0
0.0
0.0
0.0
0.0
0.0
0.0
0.0
0.0
0.0
0.0
0.0
0.0
0.0
0.0
0.0
0.0
0.0
0.0
0.0
0.0
0.0
0.0
0.0
0.0
0.0
0.0
0.0
0.0
0.0
0.0
0.0
0.0
0.0
0.0
0.0
0.0
0.0
0.0
0.0
0.0
0.0
0.0
0.0
0.0
0.0
0.0
0.0
0.0
0.0
0.0
0.0
0.0
0.0
0.0
0.0
0.0
0.0
0.0
0.0
0.0
0.0
0.0
0.0
0.0
0.0
0.0
0.0
0.0
0.0
0.0
0.0
0.0
0.0
0.0
0.0
0.0
0.0
0.0
0.0
0.0
0.0
0.0
0.0
0.0
0.0
0.0
0.0
0.0
0.0
0.0
0.0
0.0
0.0
0.0
0.0
0.0
0.0
0.0
0.0
0.0
0.0
0.0
0.0
0.0
0.0
0.0
0.0
0.0
0.0
0.0
0.0
0.0
0.0
0.0
0.0
0.0
0.0
0.0
0.0
0.0
0.0
0.0
0.0
0.0
0.0
0.0
0.0
0.0
0.0
0.0
0.0
0.0
0.0
0.0
0.0
0.0
0.0
0.0
0.0
0.0
0.0
0.0
0.0
0.0
0.0
0.0
0.0
0.0
0.0
0.0
0.0
0.0
0.0
0.0
0.0
0.0
0.0
0.0
0.0
0.0
0.0
0.0
0.0
0.0
0.0
0.0
0.0
0.0
0.0
0.0
0.0
0.0
0.0
0.0
0.0
0.0
0.0
0.0
0.0
0.0
0.0
0.0
0.0
0.0
0.0
0.0
0.0
0.0
0.0
0.0
0.0
0.0
0.0
0.0
0.0
0.0
0.0
0.0
0.0
0.0
0.0
0.0
0.0
0.0
0.0
0.0
0.0
0.0
0.0
0.0
0.0
0.0
0.0
0.0
0.0
0.0
0.0
0.0
0.0
0.0
0.0
0.0
0.0
0.0
0.0
0.0
0.0
0.0
0.0
0.0
0.0
0.0
0.0
0.0
0.0
0.0
0.0
0.0
0.0
0.0
0.0
0.0
0.0
0.0
0.0
0.0
0.0
0.0
0.0
0.0
0.0
0.0
0.0
0.0
0.0
0.0
0.0
0.0
0.0
0.0
0.0
0.0
0.0
0.0
0.0
0.0
0.0
0.0
0.0
0.0
0.0
0.0
0.0
0.0
0.0
0.0
0.0
0.0
0.0
0.0
0.0
0.0
0.0
0.0
0.0
0.0
0.0
0.0
0.0
0.0
0.0
0.0
0.0
0.0
0.0
0.0
0.0
0.0
0.0
0.0
0.0
0.0
0.0
0.0
0.0
0.0
0.0
0.0
0.0
0.0
0.0
0.0
0.0
0.0
0.0
0.0
0.0
0.0
0.0
0.0
0.0
0.0
0.0
0.0
0.0
0.0
0.0
0.0
0.0
0.0
0.0
0.0
0.0
0.0
0.0
0.0
0.0
0.0
-1.0
0.0
0.0
0.0
0.0
0.0
0.0
0.0
0.0
0.0
0.0
0.0
0.0
0.0
0.0
0.0
0.0
0.0
0.0
0.0
0.0
0.0
0.0
0.0
0.0
0.0
0.0
0.0
0.0
0.0
0.0
0.0
0.0
0.0
0.0
0.0
0.0
0.0
0.0
0.0
0.0
0.0
0.0
0.0
0.0
0.0
0.0
0.0
0.0
0.0
0.0
0.0
0.0
0.0
0.0
0.0
0.0
0.0
0.0
0.0
0.0
0.0
0.0
0.0
0.0
0.0
0.0
0.0
0.0
0.0
0.0
0.0
0.0
0.0
0.0
0.0
0.0
0.0
0.0
0.0
0.0
0.0
0.0
0.0
0.0
0.0
0.0
0.0
0.0
0.0
0.0
0.0
0.0
0.0
0.0
0.0
0.0
0.0
0.0
0.0
0.0
0.0
0.0
0.0
0.0
0.0
0.0
0.0
0.0
0.0
0.0
0.0
0.0
0.0
0.0
0.0
0.0
0.0
0.0
0.0
0.0
0.0
0.0
0.0
0.0
0.0
0.0
0.0
0.0
0.0
0.0
0.0
0.0
0.0
0.0
0.0
0.0
0.0
0.0
0.0
0.0
0.0
0.0
0.0
0.0
0.0
0.0
0.0
0.0
0.0
0.0
0.0
0.0
0.0
0.0
0.0
0.0
0.0
0.0
0.0
0.0
0.0
0.0
0.0
0.0
0.0
0.0
0.0
0.0
0.0
0.0
0.0
0.0
0.0
0.0
0.0
0.0
0.0
0.0
0.0
0.0
0.0
0.0
0.0
0.0
0.0
0.0
0.0
0.0
0.0
0.0
0.0
0.0
0.0
0.0
0.0
0.0
0.0
0.0
0.0
0.0
0.0
0.0
0.0
0.0
0.0
0.0
0.0
0.0
0.0
0.0
0.0
0.0
0.0
0.0
0.0
0.0
0.0
0.0
0.0
0.0
0.0
0.0
0.0
0.0
0.0
0.0
0.0
0.0
0.0
0.0
0.0
0.0
0.0
0.0
0.0
0.0
0.0
0.0
0.0
0.0
0.0
0.0
0.0
0.0
0.0
0.0
0.0
0.0
0.0
0.0
0.0
0.0
0.0
0.0
0.0
0.0
0.0
0.0
0.0
0.0
0.0
0.0
0.0
0.0
0.0
0.0
0.0
0.0
0.0
0.0
0.0
0.0
0.0
0.0
0.0
0.0
0.0
0.0
0.0
0.0
0.0
0.0
0.0
0.0
0.0
0.0
0.0
0.0
0.0
0.0
0.0
0.0
0.0
0.0
0.0
0.0
0.0
0.0
0.0
0.0
0.0
0.0
0.0
0.0
0.0
0.0
0.0
0.0
0.0
0.0
0.0
0.0
0.0
0.0
0.0
0.0
0.0
0.0
0.0
0.0
0.0
0.0
0.0
0.0
0.0
0.0
0.0
0.0
0.0
0.0
0.0
0.0
0.0
0.0
0.0
0.0
0.0
0.0
0.0
0.0
0.0
0.0
0.0
0.0
0.0
0.0
0.0
0.0
0.0
0.0
0.0
0.0
0.0
0.0
0.0
0.0
0.0
0.0
100.0
258048.0
45056.0
262144.0
0.0
0.0
0.0
0.0
0.0
0.0
0.0
0.0
0.0
0.0
0.0
0.0
0.0
0.0
0.0
0.0
0.0
0.0
0.0
0.0
0.0
0.0
0.0
0.0
