0.31218755
0.00800354
0.0046542473
0.0041241096
0.006627723
0.0029314673
0.0026700753
0.0027342534
0.00781368
0.0016011092
0.0027924147
0.0012935892
0.0049878396
0.002864615
0.0010916957
0.005263939
0.0045031616
0.002390633
0.0014159287
0.001162559
0.002759657
0.0035551977
0.00087108364
0.0006658475
0.0022823326
0.0012307483
0.000883117
0.00089047075
0.001843114
0.00093058206
0.0009065153
0.0010362085
0.012684529
0.0008155963
0.0011846203
0.001007462
0.0028906874
0.0012447872
0.00069593097
0.0007581035
0.0017501896
0.00084367424
0.0006999421
0.0012681854
0.0013323636
0.0009145375
0.0015001624
0.00085303356
0.0025022763
0.0018143676
0.0015014994
0.00530405
0.0017127523
0.0017548691
0.0012421131
0.001253478
0.0020055647
0.0023846165
0.0015355941
0.003788512
0.0017909694
0.002044339
0.001175261
0.0012421131
0.0049544135
0.0021192133
0.0017762618
0.004626838
0.0042611565
0.011556064
0.0042290674
0.0033693488
0.0022348678
0.0014560401
0.003482329
0.0007300256
0.0016519169
0.0071779164
0.0015703572
0.0012060129
0.008615238
0.0026894624
0.002467513
0.004207006
0.0022368731
0.0035545293
0.0035257828
0.0032570371
0.0013711378
0.0035291256
0.0005876305
0.0011572109
0.0016131426
0.002849239
0.0017053986
0.0015289088
0.001267517
0.00435475
0.001084342
0.002628627
0.0033279005
0.00830237
0.004757868
0.0014359844
0.005759982
0.004696364
0.0052044406
0.0008757633
0.0037236654
0.0020062332
0.004688342
0.0048581464
0.0027061754
0.0006123658
0.005019929
0.004497145
0.010545928
0.00827028
0.0016967078
0.0021760378
0.0017929749
0.0013718063
0.00065782527
0.0008149278
0.0013577674
0.0024802152
0.0010101361
0.0011318071
0.0031988758
0.0014065694
0.00078684994
0.009785819
0.0029983192
0.008301033
0.0009593285
0.0010041194
0.0021091856
0.007873178
0.0011966537
0.01951214
0.0012869041
0.014744244
0.000711307
0.0007901925
0.003002999
0.00054618216
0.0005508618
0.0010395511
0.0012421131
0.0022154807
0.00059832685
0.0006404437
0.001163896
0.0011866258
0.00049336895
0.0005628952
0.001098381
0.0009526433
0.0005789397
0.0005675748
0.0011010551
0.0013671267
0.00053348026
0.00094996917
0.0009733674
0.0010281862
0.0006070176
0.00056490075
0.0011130885
0.00055821554
0.00065448263
0.00064512336
0.0010910273
0.0005388284
0.0006471289
0.0005281321
0.0016004407
0.000619051
0.00076612574
0.0007367108
0.0014928087
0.0015048421
0.0009205542
0.0010850106
0.0023632238
0.0008958189
0.000665179
0.0006284103
0.0011298015
0.0009406099
0.0008242871
0.0008276297
0.006260036
0.0018625011
0.0018731975
0.002726231
0.0030711882
0.0007828388
0.004566671
0.0031219958
0.0022535862
0.0015295774
0.00074740715
0.00077347946
0.012163082
0.0006444548
0.0009506377
0.0008229501
0.0025490727
0.0010295232
0.001485455
0.0016893541
0.001581722
0.0005140931
0.00090384117
0.00083765754
0.0023164274
0.00070863287
0.0006183825
0.001161222
0.0015061791
0.000711307
0.0006270732
0.0007193292
0.0023431682
0.0007400534
0.0006725327
0.0005689119
0.002059715
0.0008958189
0.0007393849
0.0008349835
0.015095886
0.004692353
0.00097671
0.0032750873
0.0039803777
0.0006658475
0.0007046218
0.0010001083
0.0032022183
0.0009833953
0.00082562416
0.0011077403
0.0024869004
0.0010428937
0.0015924184
0.0016311926
0.003109294
0.0018457881
0.0021192133
0.0025644489
0.008225489
0.004470404
0.005628283
0.06492682
0.12326742
2.6773475e-06
7.028037e-06
3.012016e-06
6.693369e-06
1.2382732e-05
3.012016e-06
2.6773475e-06
1.0040053e-06
0.0
0.0
0.0
0.0
0.0
0.0
6.626435e-05
0.001964169
6.693369e-07
3.012016e-05
4.685358e-06
2.1753449e-05
1.1713395e-05
6.693369e-06
1.3721406e-05
0.0
0.0
0.0
3.3466844e-07
0.0
3.3466844e-07
0.0
2.0080106e-06
0.003734565
5.6893634e-05
8.366711e-05
1.740276e-05
3.0789495e-05
1.6064085e-05
1.5394748e-05
1.4390743e-05
6.3587004e-06
6.3587004e-06
6.3587004e-06
4.685358e-06
5.6893637e-06
1.2048064e-05
3.012016e-06
9.872719e-05
0.0029996333
8.634446e-05
2.8112148e-05
4.4845572e-05
7.931642e-05
5.120427e-05
1.706809e-05
1.6733422e-05
3.2462838e-05
5.354695e-06
1.3052069e-05
7.028037e-06
8.70138e-06
9.036048e-06
2.0080106e-05
8.032042e-06
0.0017135025
5.555496e-05
2.6773476e-05
2.0749443e-05
3.7482863e-05
5.522029e-05
1.5394748e-05
1.6064085e-05
5.0200266e-05
8.366711e-06
9.705384e-06
8.366711e-06
9.036048e-06
7.697374e-06
9.705384e-06
1.2382732e-05
0.0059908996
0.00017737427
0.00022657053
5.4550954e-05
0.00019879304
7.5969736e-05
0.00022623586
0.00014022608
3.71482e-05
4.2502892e-05
4.718825e-05
2.576947e-05
6.6599016e-05
3.681353e-05
6.9276364e-05
0.00012349266
0.005382138
0.00016131019
0.00014758878
7.663907e-05
0.0002449773
6.827236e-05
0.0002459813
0.00018641033
0.00020314375
7.5969736e-05
5.8901645e-05
5.0200266e-05
8.0655096e-05
3.7482863e-05
5.354695e-05
0.00046619313
0.06337817
0.0006435674
0.010294067
0.0012382732
0.003908258
0.0019588144
0.018698595
0.008874403
0.0003135843
0.00042871028
0.00031458834
0.00028547217
0.00026003737
0.00024330395
0.0002767708
0.0019745438
0.026197845
0.0006987877
0.001964169
0.0009715425
0.003210809
0.0018021895
0.0056880247
0.0034487583
0.0007884788
0.0010247547
0.00024665063
0.00022221984
0.00032362438
0.00036278059
0.00021151046
0.0021867235
0.0146390665
0.0009253582
0.0012389426
0.0006693369
0.0027794214
0.0017011197
0.005984206
0.0036482206
0.0006449061
0.0002610414
0.00026371874
0.0003232897
0.00037081263
0.0002734241
0.0004113075
0.0021920782
0.01268226
0.00061746326
0.0012295719
0.0010046747
0.0020314374
0.0013704672
0.0043761246
0.002589999
0.00066331285
0.0009076208
0.0005327921
0.00046351578
0.0007048117
0.0003741593
0.00047957987
0.0021860541
0.009362685
0.0010712737
0.001057887
0.008294422
0.0012918202
0.0009521317
0.0014715372
0.0012724095
0.0013674552
0.0013149123
0.0009042741
0.0009708731
0.0012004557
0.00095179706
0.0011807103
0.0029762064
0.009779346
0.0010368028
0.0008687993
0.0012228785
0.0025029853
0.0014374009
0.0010682617
0.0012981789
0.0054661394
0.0012978442
0.001077967
0.0012128385
0.0024581396
0.0011877383
0.0032506345
0.010755909
0.045281976
0.00895305
0.0045394427
0.0066702766
0.020064043
0.016103575
0.008661219
0.009002246
0.03575865
0.0037472825
0.003252308
0.005936014
0.019647045
0.005154898
0.016637037
0.04693089
0.040906187
0.009734501
0.0054018833
0.009533365
0.016645739
0.0160594
0.009035043
0.012337217
0.028012082
0.004296139
0.003161278
0.0044691623
0.01596904
0.007234193
0.0136113
0.03251739
0.003982554
0.003126138
0.003252308
0.0032620132
0.0033734578
0.0032533119
0.003397554
0.0032670333
0.0034116101
0.0030428055
0.003027076
0.0030374508
0.0030930056
0.0030943444
0.0030769417
0.0033928687
4582.0
14.015932
64221.0
0.029569767
0.0013235545
0.0027561078
0.0018685476
0.0058547826
0.0024913969
0.0021488299
0.0031921023
0.0077700443
0.0035969543
0.0026626803
0.0019152614
0.0037526665
0.00303639
0.007738902
0.0035658118
0.014123106
0.016100653
0.012581554
0.010308155
0.009327167
0.0074741906
0.007879043
0.006757914
0.0077700443
0.0075364755
0.0073029073
0.00708491
0.0074741906
0.008019184
0.006353062
0.006695629
0.004998365
0.012394699
0.0030208188
0.011927563
0.013811681
0.0071783373
0.007271765
0.008268324
0.005356503
0.009093598
0.0023201134
0.0020554024
0.006290777
0.0071939086
0.006275206
0.0047025117
0.01340683
0.0029273913
0.006882484
0.02290528
0.008361751
0.0046869405
0.0126905525
0.014605815
0.005122935
0.003643668
0.0015726943
0.0016972641
0.013251117
0.010354868
0.0037059528
0.004951651
0.003316672
0.02782579
0.00518522
0.020211458
0.018389624
0.060073808
0.010993289
0.009591878
0.011164572
0.03464599
0.0042665172
0.0031921023
0.027171798
0.01150714
0.033478145
0.043692872
0.013905109
0.0015882655
0.04148176
0.030846607
0.050154936
0.017175067
0.0055745007
0.014870525
0.0068980553
0.007443048
0.0017439778
0.0032232448
0.002506968
0.0018996901
0.0014481244
0.0055745007
6.0072074
35.0
24.0
6.0
11.0
1495838.0
217088.0
0.0
0.0
2.0
1.0
1.0
0.0
0.0
0.0
1155406700.0
0.0
0.0
0.0
0.0
0.0
1.0
0.0
0.0
0.0
0.0
0.0
0.0
-1.0
0.0
-1.0
-1.0
0.0
0.0
0.0
0.0
0.0
0.0
0.0
0.0
0.0
0.0
0.0
0.0
-1.0
0.0
0.0
0.0
0.0
0.0
0.0
0.0
0.0
0.0
0.0
0.0
0.0
-1.0
0.0
0.0
0.0
0.0
0.0
0.0
0.0
0.0
0.0
0.0
6.0
0.0
4.0
0.0
4.0
0.0
0.0
4096.0
4096.0
5.0
0.0
0.0
0.0
5.0
0.0
0.0
0.0
0.0
0.0
0.0
0.0
0.0
0.0
0.0
0.0
0.0
0.0
0.0
0.0
0.0
0.0
-80384.0
0.0
0.0
0.0
0.0
0.0
0.0
0.0
0.0
0.0
0.0
0.0
0.0
0.0
0.0
0.0
0.0
0.0
0.0
0.0
0.0
0.0
0.0
0.0
0.0
0.0
512.0
0.0
0.0
0.0
0.0
0.0
0.0
0.0
0.0
0.0
0.0
0.0
0.0
0.0
0.0
0.0
0.0
0.0
0.0
0.0
0.0
0.0
0.0
0.0
-30.829527
0.0
0.0
0.0
0.0
0.0
0.0
0.0
0.0
0.0
0.0
0.0
0.0
0.0
0.0
0.0
0.0
0.0
0.0
0.0
0.0
0.0
0.0
0.0
0.0
0.0
4.674848
0.0
0.0
0.0
0.0
0.0
0.0
0.0
0.0
0.0
0.0
0.0
0.0
0.0
0.0
0.0
0.0
0.0
0.0
0.0
0.0
0.0
0.0
0.0
-200704.0
0.0
0.0
0.0
0.0
0.0
0.0
0.0
0.0
0.0
0.0
0.0
0.0
0.0
0.0
0.0
0.0
0.0
0.0
0.0
0.0
0.0
0.0
0.0
0.0
0.0
12288.0
0.0
0.0
0.0
0.0
0.0
0.0
0.0
0.0
0.0
0.0
0.0
0.0
0.0
0.0
0.0
0.0
0.0
0.0
0.0
0.0
0.0
0.0
0.0
0.0
0.0
0.0
0.0
0.0
0.0
0.0
0.0
0.0
0.0
0.0
0.0
0.0
0.0
0.0
0.0
0.0
0.0
0.0
0.0
0.0
0.0
0.0
0.0
0.0
0.0
0.0
0.0
0.0
0.0
0.0
0.0
0.0
0.0
0.0
0.0
0.0
0.0
0.0
0.0
0.0
0.0
0.0
0.0
0.0
0.0
0.0
0.0
0.0
0.0
0.0
0.0
0.0
0.0
0.0
0.0
0.0
0.0
0.0
0.0
0.0
0.0
0.0
0.0
0.0
0.0
0.0
0.0
0.0
0.0
0.0
0.0
0.0
0.0
0.0
0.0
0.0
0.0
0.0
0.0
0.0
0.0
0.0
0.0
0.0
0.0
0.0
0.0
0.0
0.0
0.0
0.0
0.0
0.0
0.0
0.0
0.0
0.0
0.0
0.0
0.0
0.0
0.0
0.0
0.0
0.0
0.0
0.0
0.0
0.0
0.0
0.0
0.0
-1.0
0.0
0.0
0.0
0.0
0.0
0.0
0.0
0.0
0.0
0.0
0.0
0.0
0.0
0.0
0.0
0.0
0.0
0.0
0.0
0.0
0.0
0.0
0.0
0.0
0.0
0.0
0.0
0.0
0.0
0.0
0.0
0.0
0.0
0.0
0.0
0.0
0.0
0.0
0.0
0.0
0.0
0.0
0.0
0.0
0.0
0.0
0.0
0.0
0.0
0.0
0.0
0.0
0.0
0.0
0.0
0.0
0.0
0.0
0.0
0.0
0.0
0.0
0.0
0.0
0.0
0.0
0.0
0.0
0.0
0.0
0.0
0.0
0.0
0.0
0.0
0.0
0.0
0.0
0.0
0.0
0.0
0.0
0.0
0.0
0.0
0.0
1.0
0.0
0.0
0.0
0.0
0.0
0.0
0.0
0.0
0.0
0.0
0.0
0.0
0.0
0.0
0.0
0.0
0.0
0.0
0.0
0.0
0.0
0.0
0.0
0.0
0.0
0.0
0.0
0.0
0.0
0.0
0.0
0.0
0.0
0.0
0.0
0.0
0.0
0.0
0.0
0.0
0.0
0.0
0.0
0.0
0.0
0.0
0.0
0.0
0.0
0.0
0.0
0.0
0.0
0.0
0.0
0.0
0.0
0.0
0.0
0.0
0.0
0.0
0.0
0.0
0.0
0.0
0.0
0.0
0.0
0.0
0.0
0.0
0.0
0.0
0.0
0.0
0.0
0.0
0.0
0.0
0.0
0.0
0.0
0.0
0.0
0.0
0.0
0.0
0.0
0.0
0.0
0.0
0.0
0.0
0.0
0.0
0.0
0.0
0.0
0.0
0.0
0.0
0.0
0.0
0.0
0.0
0.0
0.0
0.0
0.0
0.0
0.0
0.0
0.0
0.0
0.0
0.0
0.0
0.0
0.0
0.0
0.0
0.0
0.0
0.0
0.0
0.0
0.0
0.0
0.0
0.0
0.0
0.0
0.0
0.0
0.0
0.0
0.0
0.0
0.0
0.0
0.0
0.0
0.0
0.0
0.0
0.0
0.0
0.0
0.0
0.0
0.0
0.0
0.0
0.0
0.0
0.0
0.0
0.0
0.0
0.0
0.0
0.0
0.0
0.0
0.0
0.0
0.0
0.0
0.0
0.0
0.0
0.0
0.0
0.0
0.0
0.0
0.0
0.0
0.0
0.0
0.0
0.0
0.0
0.0
0.0
0.0
0.0
0.0
0.0
0.0
0.0
0.0
0.0
0.0
0.0
0.0
0.0
0.0
0.0
0.0
0.0
0.0
0.0
0.0
0.0
0.0
0.0
0.0
0.0
0.0
0.0
0.0
0.0
0.0
0.0
0.0
0.0
0.0
0.0
0.0
0.0
0.0
0.0
0.0
0.0
0.0
0.0
0.0
0.0
0.0
0.0
0.0
0.0
0.0
0.0
0.0
0.0
0.0
0.0
0.0
0.0
0.0
0.0
0.0
0.0
0.0
0.0
0.0
0.0
0.0
0.0
0.0
0.0
0.0
0.0
0.0
0.0
0.0
0.0
0.0
0.0
0.0
0.0
0.0
0.0
0.0
0.0
0.0
0.0
0.0
0.0
0.0
0.0
0.0
0.0
0.0
0.0
0.0
0.0
0.0
0.0
0.0
0.0
0.0
0.0
0.0
0.0
0.0
0.0
0.0
0.0
0.0
0.0
0.0
0.0
0.0
0.0
0.0
0.0
0.0
0.0
0.0
0.0
0.0
0.0
0.0
0.0
0.0
0.0
0.0
0.0
0.0
0.0
0.0
0.0
0.0
0.0
0.0
0.0
0.0
0.0
0.0
0.0
0.0
0.0
0.0
0.0
0.0
0.0
0.0
0.0
0.0
0.0
0.0
0.0
0.0
0.0
0.0
0.0
0.0
0.0
0.0
0.0
0.0
0.0
0.0
0.0
0.0
0.0
0.0
0.0
0.0
0.0
0.0
0.0
0.0
0.0
0.0
0.0
0.0
0.0
0.0
0.0
0.0
0.0
0.0
0.0
0.0
0.0
0.0
0.0
0.0
0.0
0.0
0.0
0.0
0.0
0.0
0.0
0.0
0.0
0.0
0.0
0.0
0.0
0.0
0.0
0.0
0.0
0.0
0.0
0.0
0.0
0.0
0.0
0.0
0.0
0.0
0.0
0.0
0.0
0.0
0.0
0.0
0.0
0.0
0.0
0.0
0.0
0.0
0.0
0.0
0.0
0.0
0.0
0.0
0.0
-1.0
0.0
0.0
0.0
0.0
0.0
0.0
0.0
0.0
0.0
0.0
0.0
0.0
0.0
0.0
0.0
0.0
0.0
0.0
0.0
0.0
0.0
0.0
0.0
0.0
0.0
0.0
0.0
0.0
0.0
0.0
0.0
0.0
0.0
0.0
0.0
0.0
0.0
0.0
0.0
0.0
0.0
0.0
0.0
0.0
0.0
0.0
0.0
0.0
0.0
0.0
0.0
0.0
0.0
0.0
0.0
0.0
0.0
0.0
0.0
0.0
0.0
0.0
0.0
0.0
0.0
0.0
0.0
0.0
0.0
0.0
0.0
0.0
0.0
0.0
0.0
0.0
0.0
0.0
0.0
0.0
0.0
0.0
0.0
0.0
0.0
0.0
0.0
0.0
0.0
0.0
0.0
0.0
0.0
0.0
0.0
0.0
0.0
0.0
0.0
0.0
0.0
0.0
0.0
0.0
0.0
0.0
0.0
0.0
0.0
0.0
0.0
0.0
0.0
0.0
0.0
0.0
0.0
0.0
0.0
0.0
0.0
0.0
0.0
0.0
0.0
0.0
0.0
0.0
1.0
0.0
0.0
0.0
0.0
0.0
0.0
0.0
0.0
0.0
0.0
0.0
0.0
0.0
0.0
0.0
0.0
0.0
0.0
0.0
0.0
0.0
0.0
0.0
0.0
0.0
0.0
0.0
0.0
0.0
0.0
0.0
0.0
0.0
0.0
0.0
0.0
0.0
0.0
0.0
0.0
0.0
0.0
0.0
0.0
0.0
0.0
0.0
0.0
0.0
0.0
0.0
0.0
0.0
0.0
0.0
0.0
0.0
0.0
0.0
0.0
0.0
0.0
0.0
0.0
0.0
0.0
0.0
0.0
0.0
0.0
0.0
0.0
0.0
0.0
0.0
0.0
0.0
0.0
0.0
0.0
0.0
0.0
0.0
0.0
0.0
0.0
0.0
0.0
0.0
0.0
0.0
0.0
0.0
0.0
0.0
0.0
0.0
0.0
0.0
0.0
0.0
0.0
0.0
0.0
0.0
0.0
0.0
0.0
0.0
0.0
0.0
0.0
0.0
0.0
0.0
0.0
0.0
0.0
0.0
0.0
0.0
0.0
0.0
0.0
0.0
0.0
0.0
0.0
0.0
0.0
0.0
0.0
0.0
0.0
0.0
0.0
0.0
0.0
0.0
0.0
0.0
0.0
0.0
0.0
0.0
0.0
0.0
0.0
0.0
0.0
0.0
0.0
0.0
0.0
0.0
0.0
0.0
0.0
0.0
0.0
0.0
0.0
0.0
0.0
0.0
0.0
0.0
0.0
0.0
0.0
0.0
0.0
0.0
0.0
0.0
0.0
0.0
0.0
0.0
0.0
0.0
0.0
0.0
0.0
0.0
0.0
0.0
0.0
0.0
0.0
0.0
0.0
0.0
0.0
0.0
0.0
0.0
0.0
0.0
0.0
0.0
0.0
0.0
0.0
0.0
0.0
0.0
0.0
0.0
0.0
0.0
0.0
0.0
0.0
0.0
0.0
0.0
0.0
0.0
0.0
0.0
0.0
0.0
0.0
0.0
0.0
0.0
0.0
0.0
0.0
0.0
0.0
0.0
0.0
0.0
0.0
0.0
0.0
0.0
0.0
0.0
0.0
0.0
0.0
0.0
0.0
0.0
0.0
0.0
0.0
0.0
0.0
0.0
0.0
0.0
0.0
0.0
0.0
0.0
0.0
0.0
0.0
0.0
0.0
0.0
0.0
0.0
0.0
0.0
0.0
0.0
0.0
0.0
0.0
0.0
0.0
0.0
0.0
0.0
0.0
0.0
0.0
0.0
0.0
0.0
0.0
0.0
0.0
0.0
0.0
0.0
0.0
0.0
0.0
0.0
0.0
0.0
0.0
0.0
0.0
0.0
0.0
0.0
0.0
0.0
0.0
0.0
0.0
0.0
0.0
0.0
0.0
0.0
0.0
0.0
0.0
0.0
0.0
0.0
0.0
0.0
0.0
0.0
0.0
0.0
0.0
0.0
0.0
0.0
0.0
0.0
0.0
0.0
0.0
0.0
0.0
0.0
0.0
0.0
0.0
0.0
0.0
0.0
0.0
0.0
0.0
0.0
0.0
0.0
0.0
0.0
0.0
0.0
0.0
0.0
0.0
0.0
0.0
0.0
0.0
0.0
0.0
0.0
0.0
0.0
0.0
0.0
0.0
0.0
0.0
0.0
0.0
0.0
0.0
0.0
0.0
0.0
0.0
0.0
0.0
0.0
0.0
0.0
0.0
0.0
0.0
0.0
0.0
0.0
0.0
0.0
0.0
0.0
0.0
0.0
0.0
0.0
0.0
0.0
0.0
0.0
0.0
0.0
0.0
0.0
0.0
0.0
0.0
0.0
0.0
0.0
0.0
0.0
0.0
0.0
0.0
0.0
0.0
0.0
0.0
0.0
0.0
0.0
0.0
0.0
0.0
0.0
0.0
0.0
0.0
0.0
0.0
0.0
0.0
0.0
0.0
0.0
0.0
0.0
0.0
0.0
0.0
0.0
0.0
0.0
0.0
0.0
0.0
0.0
0.0
0.0
0.0
0.0
0.0
0.0
0.0
0.0
0.0
0.0
0.0
0.0
0.0
0.0
0.0
0.0
0.0
0.0
0.0
0.0
0.0
0.0
0.0
0.0
0.0
0.0
0.0
0.0
0.0
0.0
0.0
0.0
0.0
0.0
0.0
0.0
0.0
0.0
0.0
0.0
0.0
0.0
0.0
0.0
0.0
0.0
0.0
0.0
0.0
0.0
0.0
0.0
0.0
0.0
0.0
0.0
0.0
0.0
0.0
0.0
0.0
0.0
0.0
0.0
0.0
0.0
0.0
0.0
0.0
0.0
0.0
0.0
0.0
0.0
0.0
0.0
0.0
0.0
0.0
0.0
0.0
0.0
0.0
0.0
0.0
0.0
0.0
0.0
0.0
0.0
0.0
0.0
0.0
0.0
0.0
0.0
0.0
0.0
0.0
0.0
0.0
0.0
0.0
0.0
0.0
0.0
0.0
0.0
0.0
0.0
0.0
0.0
0.0
0.0
0.0
0.0
0.0
0.0
0.0
0.0
0.0
0.0
0.0
0.0
0.0
0.0
0.0
0.0
0.0
0.0
0.0
0.0
0.0
0.0
0.0
0.0
0.0
0.0
0.0
0.0
0.0
0.0
0.0
0.0
0.0
0.0
0.0
0.0
0.0
0.0
0.0
0.0
0.0
0.0
0.0
0.0
0.0
0.0
0.0
0.0
0.0
0.0
0.0
0.0
0.0
0.0
0.0
0.0
0.0
0.0
0.0
0.0
0.0
0.0
0.0
0.0
0.0
0.0
0.0
0.0
0.0
0.0
0.0
0.0
0.0
0.0
0.0
0.0
0.0
0.0
0.0
0.0
0.0
0.0
0.0
0.0
0.0
0.0
0.0
0.0
0.0
0.0
0.0
0.0
0.0
0.0
0.0
0.0
0.0
0.0
0.0
0.0
0.0
0.0
0.0
0.0
0.0
0.0
0.0
0.0
0.0
0.0
0.0
0.0
0.0
0.0
0.0
0.0
0.0
0.0
0.0
0.0
0.0
0.0
0.0
0.0
0.0
0.0
0.0
0.0
0.0
0.0
0.0
0.0
0.0
0.0
0.0
0.0
0.0
0.0
0.0
0.0
0.0
0.0
0.0
0.0
0.0
0.0
0.0
0.0
0.0
0.0
0.0
0.0
0.0
0.0
0.0
0.0
0.0
0.0
0.0
0.0
0.0
0.0
0.0
0.0
0.0
0.0
0.0
0.0
0.0
0.0
0.0
0.0
0.0
0.0
0.0
0.0
0.0
0.0
0.0
0.0
0.0
0.0
0.0
156.0
203746.0
9358.0
184320.0
0.0
0.0
0.0
0.0
8.0
203902.0
0.0
0.0
0.0
0.0
0.0
0.0
0.0
0.0
0.0
0.0
0.0
0.0
0.0
0.0
0.0
0.0
0.0
0.0
