0.34872335
0.0103031285
0.004588821
0.0030038727
0.006181491
0.0023436383
0.0029324437
0.0022567655
0.007839799
0.0014266465
0.001660238
0.001538616
0.0036621762
0.0012625532
0.0011274174
0.003096537
0.0056563923
0.0009034784
0.00087645126
0.0007007749
0.0021023247
0.0013861058
0.0006196935
0.0008108139
0.0019073433
0.00066795625
0.0006583037
0.0006158325
0.0012644837
0.00052316807
0.00054247316
0.0005366816
0.00473747
0.000511585
0.00068919186
0.00047876633
0.004403492
0.0015000058
0.00050772395
0.0006351376
0.001314677
0.0007046359
0.0004536697
0.0011776107
0.0012162209
0.0014633262
0.00087452075
0.00042278157
0.0039594746
0.00074710714
0.0008204665
0.0066255084
0.0013050244
0.0005830138
0.0004324341
0.00042471205
0.0016756821
0.00047683582
0.00086679874
0.0019112043
0.0013397735
0.0008996174
0.00036100525
0.0004556002
0.011913174
0.0044421023
0.005283804
0.0066872844
0.004945965
0.020013591
0.002743254
0.0016139059
0.0018050263
0.0013648701
0.0007509682
0.001034753
0.0018030958
0.0025444115
0.0011660276
0.0013841753
0.007361032
0.0019285788
0.0021853365
0.0069112238
0.0029227913
0.007349449
0.0041872747
0.0029285827
0.001837845
0.0042895917
0.002100394
0.0042722174
0.0011196955
0.002561786
0.0034208626
0.0021834061
0.0007837868
0.004119707
0.00092471397
0.0023146807
0.007054081
0.008057946
0.0029401658
0.0015057973
0.0051950007
0.003982641
0.003349434
0.00072973256
0.0037722155
0.0017007787
0.0046949987
0.0050231856
0.0026563809
0.00047683582
0.004868745
0.003581095
0.013198893
0.0060193283
0.0011119734
0.0010463361
0.0021660316
0.0013397735
0.0006911224
0.0010328225
0.0014556041
0.0015000058
0.0012142904
0.00080888346
0.0057664313
0.0010405446
0.0003899629
0.0069498336
0.0029884286
0.0041776225
0.0006003884
0.00048455785
0.0017451805
0.00974135
0.0019729806
0.04733609
0.00067760877
0.006106201
0.0003281866
0.00050772395
0.0024691215
0.0003494222
0.0004517392
0.00055984774
0.0016428635
0.00062548503
0.0008610072
0.0012046378
0.00087259023
0.00040733747
0.00025096623
0.00038031035
0.0006795393
0.00027606284
0.0002876459
0.00027799336
0.0008030919
0.0026891995
0.00039382392
0.00068919186
0.00072973256
0.00060617994
0.00037451883
0.00038224086
0.00067760877
0.00027992387
0.0003706578
0.0002278001
0.000617763
0.00023938317
0.00027799336
0.00029729845
0.0017258754
0.00049807143
0.001235526
0.00046332224
0.00062934606
0.0003281866
0.00037837983
0.0006389986
0.0018011653
0.0012007768
0.0015115888
0.0010598496
0.0007722037
0.0003301171
0.00052316807
0.00050000194
0.010021274
0.00076834275
0.0013281904
0.01080313
0.0025096622
0.00042857308
0.004073375
0.0020366875
0.0012142904
0.001247109
0.00052123755
0.00060617994
0.0015830176
0.0003474917
0.0006988444
0.00052123755
0.0020289654
0.0006389986
0.0020366875
0.0013494261
0.0009942123
0.00039768493
0.0015270329
0.0009922818
0.0041448036
0.00048262734
0.001050197
0.00174325
0.0008996174
0.00036486628
0.0004343646
0.00047876633
0.0016969177
0.0003918934
0.00056950026
0.00048455785
0.001231665
0.00084556313
0.0003281866
0.00038031035
0.020969193
0.0023166114
0.00056563923
0.0043822564
0.0031390083
0.00060811045
0.0005772223
0.0004961409
0.00470079
0.00056177826
0.0012741362
0.00077606476
0.0025907436
0.000409268
0.0019498145
0.0010212394
0.0048455787
0.0008436326
0.0017046398
0.003388044
0.009036714
0.0028629454
0.0051409467
0.043907505
0.21217273
3.390842e-05
7.7504965e-06
2.906436e-06
1.1625744e-05
3.8752482e-06
4.84406e-06
1.3563368e-05
9.688121e-07
9.68812e-06
6.781684e-06
1.1625744e-05
4.84406e-06
5.812872e-06
1.9376241e-06
8.719308e-06
0.0
0.0
0.0
0.0
0.0
0.0
0.0
0.0
0.0
0.0
0.0
0.0
0.0
0.0
0.0
0.0
0.0036349827
2.5189112e-05
1.1625744e-05
1.453218e-05
3.6814858e-05
1.6469805e-05
2.906436e-05
3.0033172e-05
6.781684e-06
2.906436e-06
7.7504965e-06
8.719308e-06
1.453218e-05
8.719308e-06
3.8752482e-06
0.00011625744
0.0018039279
2.0345053e-05
1.0656932e-05
6.781684e-06
1.2594556e-05
7.7504965e-06
3.1970798e-05
2.906436e-05
1.9376241e-06
4.84406e-06
8.719308e-06
8.719308e-06
6.781684e-06
8.719308e-06
2.906436e-06
1.8407429e-05
0.0031631712
8.719308e-06
9.68812e-06
5.5222285e-05
3.5846046e-05
0.0002809555
0.000105600506
5.231585e-05
9.68812e-06
1.3563368e-05
9.68812e-06
1.1625744e-05
7.7504965e-06
1.0656932e-05
0.00017147973
2.2282677e-05
0.0031447639
1.8407429e-05
9.106833e-05
4.6502977e-05
0.00011431982
2.3251489e-05
4.262773e-05
7.3629715e-05
5.715991e-05
1.7438617e-05
1.6469805e-05
1.5500993e-05
2.906436e-05
1.8407429e-05
6.587922e-05
0.0001937624
0.005401127
5.9097532e-05
7.459852e-05
6.200397e-05
0.0004194956
0.00013563369
0.0005347842
0.00031777035
0.00015888517
5.5222285e-05
2.5189112e-05
5.328466e-05
0.00012303912
5.5222285e-05
3.4877234e-05
0.00042627729
0.012394012
0.00017923022
0.0011722625
0.00015694754
0.0006558857
0.00050668867
0.004251147
0.002246675
9.785001e-05
2.2282677e-05
2.1313865e-05
7.7504965e-06
3.0033172e-05
3.6814858e-05
1.8407429e-05
2.8095548e-05
0.009493389
0.00011916387
0.00014435299
0.00015985398
0.003447033
0.0014977833
0.009977795
0.0049331905
0.0001937624
9.5912386e-05
7.653615e-05
6.3941596e-05
0.0001375713
7.0723276e-05
0.00034586588
0.000989157
0.00579834
0.00020345052
0.00057063025
0.000115288625
0.0007760184
0.00026932973
0.0019521562
0.0011054145
0.00021120101
4.0690105e-05
9.397476e-05
3.6814858e-05
0.00015500993
2.42203e-05
5.715991e-05
0.0004950629
0.004190112
0.0002344525
0.00043112136
0.00040786984
0.0014561245
0.00081089564
0.0037832109
0.0017390175
0.00024414062
9.203714e-05
4.262773e-05
4.9409413e-05
0.00013466486
6.200397e-05
0.00010172526
0.00010947575
0.018517872
0.000989157
0.0009407165
0.0011761378
0.0065530445
0.0014154343
0.005797371
0.0035080682
0.0016237289
0.00051928323
0.0004117451
0.00048731244
0.0007382347
0.0006684803
0.00069270056
0.0015956333
0.01341514
0.00081864616
0.00072854664
0.0010870071
0.0058051217
0.0017089844
0.0049506295
0.0027950227
0.0016353547
0.0007517981
0.00045049758
0.00067623076
0.0010065957
0.0007566422
0.000989157
0.0021071662
0.033895824
0.004147484
0.0043121823
0.0046183267
0.014816042
0.012090774
0.007915194
0.0071488637
0.022977315
0.0022815522
0.0020877898
0.003102136
0.00854686
0.0042850557
0.009008014
0.021464998
0.07178703
0.012247722
0.011942546
0.014591278
0.035003178
0.038560655
0.016279917
0.018877301
0.0633603
0.0074211
0.006069607
0.008748372
0.027487135
0.013288225
0.027337937
0.057553247
0.0010598804
0.00072370254
0.00070820155
0.00046309215
0.0005996946
0.0004272461
0.00067719957
0.0004369342
0.0005657862
0.00030905104
0.0003633045
0.00036136687
0.00042143321
0.00033327134
0.0002896748
0.00019666884
3588.0
10.68757
38347.0
0.012126111
0.00046939787
0.00046939787
0.00062586385
0.0024252224
0.00091271807
0.00026077658
0.00065194146
0.00078232976
0.00036508724
0.00078232976
0.0005737085
0.00091271807
0.0020340574
0.0029728531
0.0008866404
0.0022426788
0.002138368
0.0027381543
0.0031814745
0.0011213394
0.00091271807
0.0007562521
0.0008605628
0.0019036691
0.001069184
0.0015646595
0.0020862126
0.0017472032
0.0016950478
0.00023469893
0.00026077658
0.0019297468
0.0137950815
0.00936188
0.020366652
0.012126111
0.012204344
0.010013822
0.008110152
0.006206483
0.011083005
0.00046939787
0.002373067
0.008423084
0.012178266
0.0047982894
0.010796151
0.009622656
0.0043288916
0.0076929093
0.022296399
0.020366652
0.0060760947
0.0036247945
0.008057997
0.007510366
0.0068584243
0.0021644458
0.006362949
0.0015907373
0.0054763085
0.0063890265
0.009492268
0.0004433202
0.045531593
0.00813623
0.025164941
0.02373067
0.09593971
0.006258638
0.015281509
0.014994654
0.044071246
0.0027903095
0.006102172
0.0365348
0.017237334
0.053302735
0.05682322
0.014733877
0.0007562521
0.050721046
0.032910004
0.07515582
0.018019663
0.006336871
0.006962735
0.007040968
0.008188385
0.0018254361
0.00018254362
0.00031293192
0.00020862128
0.00023469893
0.00015646596
5.4221225
1.0
1.0
0.0
1.0
517998.0
458752.0
0.0
0.0
13.0
0.0
1.0
0.0
1.0
0.0
708992500.0
0.0
0.0
0.0
0.0
0.0
1.0
0.0
0.0
0.0
0.0
0.0
0.0
-1.0
1.0
-1.0
-1.0
1.0
1.0
0.0
0.0
0.0
0.0
0.0
0.0
0.0
0.0
0.0
0.0
-1.0
0.0
0.0
0.0
0.0
0.0
0.0
0.0
0.0
0.0
0.0
0.0
0.0
-1.0
0.0
0.0
0.0
0.0
0.0
0.0
0.0
0.0
0.0
0.0
2.0
25.0
1.0
0.0
4.0
0.0
159744.0
1024.0
4096.0
4.0
0.0
0.0
2.0
4.0
0.0
0.0
0.0
0.0
0.0
0.0
0.0
0.0
0.0
0.0
0.0
0.0
0.0
0.0
0.0
0.0
0.0
-7680.0
0.0
0.0
0.0
0.0
0.0
0.0
0.0
0.0
0.0
0.0
-159744.0
0.0
0.0
0.0
0.0
0.0
282624.0
0.0
0.0
0.0
0.0
0.0
0.0
0.0
0.0
2560.0
0.0
0.0
0.0
0.0
0.0
0.0
0.0
0.0
0.0
0.0
0.0
0.0
0.0
0.0
0.0
0.0
0.0
0.0
0.0
0.0
0.0
0.0
0.0
-4.5364757
0.0
0.0
0.0
0.0
0.0
0.0
0.0
0.0
0.0
0.0
-4.6526966
0.0
0.0
0.0
0.0
0.0
6.513592
0.0
0.0
0.0
0.0
0.0
0.0
0.0
0.0
2.9535558
0.0
0.0
0.0
0.0
0.0
0.0
0.0
0.0
0.0
0.0
0.0
0.0
0.0
0.0
0.0
0.0
0.0
0.0
0.0
0.0
0.0
0.0
0.0
-8192.0
0.0
0.0
0.0
0.0
0.0
0.0
0.0
0.0
0.0
0.0
-159744.0
0.0
0.0
0.0
0.0
0.0
282624.0
0.0
0.0
0.0
0.0
0.0
0.0
0.0
0.0
4096.0
0.0
0.0
0.0
0.0
0.0
0.0
0.0
0.0
0.0
0.0
0.0
0.0
0.0
0.0
0.0
0.0
0.0
0.0
1.0
0.0
0.0
0.0
0.0
0.0
0.0
0.0
-1.0
0.0
0.0
0.0
0.0
0.0
0.0
0.0
0.0
0.0
0.0
-1.0
0.0
0.0
0.0
0.0
0.0
0.0
0.0
-1.0
0.0
0.0
0.0
0.0
0.0
0.0
0.0
0.0
0.0
0.0
0.0
0.0
0.0
0.0
0.0
0.0
0.0
0.0
0.0
0.0
0.0
0.0
0.0
-1.0
0.0
0.0
0.0
0.0
0.0
0.0
0.0
0.0
0.0
1.0
0.0
0.0
0.0
0.0
0.0
0.0
0.0
0.0
0.0
0.0
0.0
0.0
0.0
1.0
0.0
0.0
0.0
0.0
0.0
0.0
0.0
0.0
0.0
-1.0
0.0
0.0
0.0
0.0
0.0
0.0
0.0
0.0
0.0
0.0
0.0
0.0
0.0
0.0
0.0
0.0
0.0
0.0
0.0
0.0
0.0
0.0
0.0
0.0
0.0
0.0
0.0
-1.0
0.0
0.0
0.0
0.0
-1.0
0.0
0.0
0.0
0.0
0.0
0.0
0.0
0.0
0.0
0.0
0.0
0.0
0.0
0.0
0.0
0.0
0.0
0.0
0.0
0.0
0.0
0.0
-1.0
0.0
0.0
0.0
0.0
0.0
0.0
0.0
0.0
0.0
0.0
0.0
0.0
0.0
0.0
0.0
0.0
0.0
0.0
0.0
0.0
0.0
0.0
0.0
0.0
0.0
0.0
0.0
0.0
0.0
0.0
0.0
0.0
0.0
0.0
0.0
0.0
0.0
0.0
0.0
0.0
0.0
0.0
0.0
0.0
0.0
0.0
-1.0
0.0
0.0
0.0
0.0
0.0
0.0
0.0
0.0
0.0
0.0
0.0
0.0
0.0
0.0
0.0
0.0
1.0
0.0
0.0
0.0
0.0
0.0
0.0
0.0
0.0
0.0
0.0
0.0
0.0
0.0
0.0
0.0
0.0
0.0
0.0
0.0
0.0
0.0
0.0
0.0
0.0
0.0
0.0
0.0
0.0
0.0
0.0
0.0
0.0
0.0
0.0
0.0
0.0
0.0
0.0
0.0
0.0
0.0
0.0
0.0
0.0
0.0
0.0
0.0
0.0
0.0
0.0
0.0
0.0
0.0
0.0
0.0
0.0
0.0
0.0
0.0
0.0
0.0
0.0
0.0
0.0
0.0
0.0
0.0
0.0
0.0
0.0
0.0
0.0
0.0
0.0
0.0
0.0
0.0
0.0
0.0
0.0
0.0
0.0
0.0
0.0
0.0
0.0
0.0
0.0
0.0
0.0
0.0
0.0
0.0
0.0
0.0
0.0
0.0
0.0
0.0
0.0
0.0
0.0
0.0
0.0
0.0
0.0
0.0
0.0
0.0
0.0
0.0
0.0
0.0
0.0
0.0
0.0
0.0
0.0
0.0
0.0
0.0
0.0
1.0
0.0
0.0
0.0
0.0
0.0
0.0
0.0
0.0
0.0
0.0
0.0
0.0
0.0
0.0
0.0
0.0
0.0
0.0
0.0
0.0
0.0
0.0
0.0
0.0
0.0
0.0
0.0
0.0
0.0
0.0
0.0
0.0
0.0
0.0
0.0
0.0
0.0
0.0
0.0
0.0
0.0
0.0
0.0
0.0
0.0
0.0
0.0
0.0
0.0
0.0
0.0
0.0
0.0
-1.0
0.0
0.0
0.0
0.0
0.0
0.0
0.0
0.0
0.0
0.0
0.0
0.0
0.0
0.0
0.0
0.0
0.0
0.0
0.0
0.0
0.0
0.0
0.0
1.0
0.0
0.0
0.0
0.0
0.0
0.0
0.0
0.0
0.0
0.0
0.0
0.0
0.0
0.0
0.0
0.0
0.0
0.0
0.0
0.0
0.0
0.0
0.0
0.0
0.0
0.0
0.0
0.0
0.0
0.0
0.0
0.0
0.0
0.0
0.0
0.0
0.0
0.0
0.0
0.0
0.0
0.0
0.0
0.0
0.0
0.0
0.0
0.0
0.0
0.0
0.0
0.0
0.0
0.0
0.0
0.0
0.0
0.0
0.0
0.0
0.0
0.0
0.0
0.0
0.0
0.0
0.0
0.0
0.0
0.0
0.0
0.0
0.0
0.0
0.0
0.0
0.0
0.0
0.0
0.0
0.0
0.0
0.0
0.0
0.0
0.0
0.0
0.0
0.0
0.0
1.0
0.0
0.0
0.0
0.0
0.0
0.0
0.0
0.0
0.0
0.0
0.0
0.0
0.0
0.0
0.0
0.0
0.0
0.0
0.0
0.0
0.0
0.0
0.0
0.0
0.0
0.0
0.0
0.0
0.0
0.0
0.0
0.0
0.0
0.0
0.0
0.0
0.0
0.0
0.0
0.0
0.0
0.0
0.0
0.0
0.0
0.0
0.0
0.0
0.0
0.0
0.0
0.0
0.0
0.0
0.0
0.0
0.0
0.0
0.0
0.0
0.0
0.0
0.0
0.0
0.0
0.0
0.0
0.0
0.0
0.0
0.0
0.0
0.0
0.0
0.0
0.0
0.0
0.0
0.0
0.0
0.0
0.0
0.0
0.0
0.0
0.0
0.0
0.0
0.0
0.0
0.0
0.0
0.0
0.0
0.0
0.0
0.0
0.0
0.0
0.0
0.0
0.0
0.0
0.0
0.0
0.0
0.0
0.0
0.0
0.0
0.0
1.0
0.0
0.0
0.0
0.0
0.0
0.0
0.0
0.0
0.0
0.0
0.0
0.0
0.0
0.0
0.0
0.0
0.0
0.0
0.0
0.0
0.0
0.0
0.0
0.0
0.0
0.0
0.0
0.0
0.0
0.0
0.0
0.0
0.0
0.0
0.0
0.0
0.0
0.0
0.0
0.0
0.0
0.0
0.0
0.0
0.0
0.0
0.0
0.0
0.0
0.0
0.0
0.0
0.0
0.0
0.0
0.0
0.0
0.0
0.0
0.0
0.0
0.0
0.0
0.0
0.0
0.0
0.0
0.0
0.0
0.0
0.0
0.0
0.0
0.0
0.0
0.0
0.0
0.0
0.0
0.0
0.0
0.0
0.0
0.0
0.0
0.0
0.0
0.0
0.0
0.0
0.0
0.0
0.0
0.0
0.0
0.0
0.0
0.0
0.0
0.0
0.0
0.0
0.0
0.0
0.0
0.0
0.0
0.0
0.0
0.0
0.0
0.0
0.0
0.0
0.0
0.0
0.0
0.0
0.0
0.0
0.0
0.0
0.0
0.0
0.0
0.0
0.0
0.0
0.0
0.0
0.0
0.0
0.0
0.0
0.0
0.0
0.0
0.0
0.0
0.0
0.0
0.0
0.0
0.0
0.0
0.0
0.0
0.0
0.0
0.0
0.0
0.0
0.0
0.0
0.0
0.0
0.0
0.0
0.0
0.0
0.0
0.0
0.0
0.0
0.0
0.0
-1.0
0.0
0.0
0.0
0.0
0.0
0.0
0.0
0.0
0.0
1.0
0.0
0.0
0.0
0.0
0.0
0.0
0.0
0.0
0.0
0.0
0.0
0.0
0.0
0.0
0.0
0.0
0.0
0.0
0.0
0.0
0.0
0.0
0.0
0.0
0.0
0.0
0.0
0.0
0.0
0.0
0.0
0.0
0.0
0.0
0.0
0.0
0.0
0.0
0.0
0.0
0.0
0.0
0.0
0.0
0.0
0.0
0.0
0.0
0.0
0.0
0.0
0.0
0.0
0.0
0.0
0.0
0.0
0.0
0.0
0.0
0.0
0.0
0.0
0.0
0.0
0.0
0.0
0.0
0.0
0.0
0.0
0.0
0.0
0.0
0.0
0.0
0.0
0.0
0.0
0.0
0.0
0.0
0.0
0.0
0.0
0.0
0.0
0.0
0.0
0.0
0.0
0.0
0.0
0.0
0.0
0.0
0.0
0.0
0.0
0.0
0.0
0.0
0.0
0.0
0.0
0.0
0.0
0.0
0.0
0.0
0.0
0.0
0.0
0.0
0.0
0.0
0.0
0.0
0.0
0.0
0.0
0.0
0.0
-1.0
0.0
0.0
0.0
0.0
0.0
0.0
0.0
0.0
0.0
0.0
0.0
0.0
0.0
0.0
0.0
0.0
0.0
0.0
0.0
0.0
0.0
0.0
0.0
1.0
0.0
0.0
-1.0
0.0
0.0
1.0
0.0
0.0
0.0
0.0
0.0
0.0
0.0
0.0
0.0
0.0
0.0
0.0
0.0
0.0
0.0
0.0
0.0
0.0
0.0
0.0
0.0
0.0
0.0
0.0
0.0
0.0
0.0
0.0
0.0
0.0
0.0
0.0
0.0
0.0
0.0
0.0
0.0
0.0
0.0
0.0
0.0
0.0
0.0
0.0
0.0
0.0
0.0
0.0
0.0
0.0
0.0
0.0
0.0
0.0
0.0
0.0
0.0
0.0
0.0
0.0
0.0
0.0
0.0
0.0
0.0
0.0
0.0
0.0
0.0
0.0
0.0
0.0
0.0
0.0
0.0
0.0
0.0
0.0
0.0
0.0
0.0
0.0
0.0
0.0
0.0
0.0
0.0
0.0
0.0
0.0
0.0
0.0
0.0
0.0
0.0
0.0
0.0
0.0
0.0
0.0
0.0
0.0
0.0
0.0
0.0
0.0
0.0
0.0
0.0
0.0
0.0
0.0
0.0
0.0
0.0
0.0
0.0
0.0
0.0
0.0
0.0
0.0
0.0
0.0
0.0
0.0
0.0
0.0
0.0
0.0
0.0
0.0
0.0
0.0
0.0
0.0
0.0
0.0
0.0
0.0
0.0
0.0
0.0
0.0
0.0
0.0
0.0
0.0
0.0
0.0
0.0
0.0
0.0
0.0
0.0
0.0
0.0
0.0
0.0
0.0
0.0
0.0
0.0
0.0
0.0
0.0
0.0
0.0
0.0
0.0
0.0
-1.0
0.0
0.0
0.0
0.0
0.0
0.0
0.0
0.0
0.0
0.0
0.0
0.0
0.0
0.0
0.0
0.0
0.0
0.0
0.0
0.0
0.0
0.0
0.0
0.0
0.0
0.0
0.0
0.0
0.0
0.0
0.0
0.0
0.0
0.0
0.0
0.0
0.0
0.0
0.0
0.0
0.0
0.0
0.0
0.0
0.0
0.0
0.0
0.0
0.0
0.0
0.0
0.0
0.0
0.0
0.0
0.0
0.0
0.0
0.0
0.0
0.0
0.0
0.0
0.0
0.0
0.0
0.0
0.0
0.0
0.0
0.0
0.0
0.0
0.0
0.0
0.0
0.0
0.0
0.0
0.0
0.0
0.0
0.0
0.0
0.0
0.0
0.0
0.0
0.0
0.0
0.0
0.0
0.0
0.0
0.0
0.0
0.0
0.0
0.0
0.0
0.0
0.0
0.0
0.0
0.0
0.0
0.0
0.0
0.0
0.0
0.0
0.0
0.0
0.0
0.0
0.0
0.0
0.0
0.0
0.0
0.0
0.0
0.0
0.0
0.0
0.0
0.0
0.0
0.0
0.0
0.0
0.0
1.0
1.0
0.0
0.0
0.0
0.0
0.0
0.0
0.0
0.0
0.0
0.0
0.0
0.0
0.0
0.0
0.0
0.0
0.0
0.0
0.0
0.0
0.0
0.0
0.0
0.0
0.0
0.0
0.0
0.0
0.0
0.0
0.0
0.0
0.0
0.0
0.0
0.0
0.0
0.0
0.0
0.0
0.0
0.0
0.0
0.0
0.0
0.0
0.0
0.0
0.0
0.0
0.0
0.0
0.0
0.0
0.0
0.0
0.0
0.0
0.0
0.0
0.0
0.0
0.0
0.0
0.0
0.0
0.0
0.0
0.0
0.0
0.0
0.0
0.0
0.0
0.0
0.0
0.0
0.0
0.0
0.0
0.0
0.0
0.0
0.0
0.0
0.0
0.0
0.0
0.0
0.0
0.0
0.0
0.0
0.0
0.0
0.0
0.0
0.0
0.0
0.0
0.0
0.0
0.0
0.0
0.0
0.0
0.0
0.0
0.0
0.0
0.0
0.0
0.0
0.0
0.0
0.0
0.0
0.0
0.0
0.0
0.0
0.0
0.0
0.0
0.0
0.0
0.0
0.0
0.0
0.0
0.0
0.0
0.0
0.0
0.0
0.0
0.0
0.0
0.0
0.0
0.0
0.0
0.0
0.0
0.0
0.0
0.0
0.0
0.0
0.0
0.0
0.0
0.0
0.0
0.0
0.0
0.0
0.0
0.0
0.0
0.0
0.0
0.0
0.0
0.0
0.0
0.0
0.0
0.0
0.0
0.0
0.0
0.0
0.0
0.0
0.0
0.0
0.0
0.0
0.0
0.0
0.0
0.0
0.0
0.0
0.0
0.0
0.0
0.0
0.0
0.0
0.0
0.0
0.0
0.0
0.0
0.0
0.0
0.0
0.0
0.0
0.0
0.0
0.0
0.0
0.0
0.0
0.0
0.0
0.0
0.0
0.0
0.0
0.0
0.0
0.0
0.0
0.0
0.0
0.0
0.0
0.0
0.0
0.0
0.0
0.0
0.0
0.0
0.0
0.0
0.0
0.0
0.0
0.0
0.0
0.0
0.0
0.0
0.0
0.0
0.0
0.0
0.0
0.0
0.0
0.0
0.0
0.0
0.0
0.0
0.0
280.0
450560.0
1732.0
446464.0
0.0
0.0
0.0
0.0
0.0
0.0
0.0
0.0
0.0
0.0
0.0
0.0
24.0
446288.0
0.0
0.0
0.0
0.0
0.0
0.0
0.0
0.0
0.0
0.0
