0.0024199672
0.00030401882
1.5016773e-05
9.066731e-06
9.538957e-06
1.1238969e-05
1.1900084e-05
9.916737e-06
1.1144523e-05
9.538957e-06
1.42612125e-05
9.161176e-06
0.00019625695
1.1711194e-05
9.538957e-06
8.4056155e-06
1.5583444e-05
9.727847e-06
1.0672298e-05
9.6334015e-06
6.705603e-06
9.444511e-06
7.650055e-06
1.0105628e-05
6.4222677e-06
8.783396e-06
1.180564e-05
1.0672298e-05
7.4611644e-06
1.1050079e-05
1.180564e-05
9.916737e-06
4.3444754e-05
8.972286e-06
7.4611644e-06
1.1144523e-05
9.916737e-06
8.783396e-06
1.20889745e-05
1.1144523e-05
1.1711194e-05
9.350067e-06
9.6334015e-06
9.444511e-06
1.0577853e-05
8.783396e-06
1.955014e-05
1.1238969e-05
1.6339005e-05
1.180564e-05
1.2844535e-05
0.0003483136
1.08611885e-05
8.594506e-06
1.25612005e-05
1.3222316e-05
1.5772335e-05
8.783396e-06
8.877841e-06
8.594506e-06
1.0011182e-05
8.877841e-06
1.0577853e-05
1.2750091e-05
1.643345e-05
1.3883432e-05
1.0483408e-05
1.4922329e-05
1.7189011e-05
1.8039018e-05
1.3977877e-05
1.5961225e-05
1.1050079e-05
1.2277865e-05
1.0672298e-05
9.350067e-06
1.37889865e-05
1.3505652e-05
1.2466755e-05
1.3222316e-05
0.00034784136
7.744499e-06
1.4827883e-05
1.5488999e-05
1.567789e-05
8.717284e-05
1.1333414e-05
1.5488999e-05
8.594506e-06
9.916737e-06
1.0105628e-05
1.3883432e-05
1.0483408e-05
6.0444872e-06
1.2655645e-05
1.0955633e-05
9.822292e-06
3.267801e-05
1.199453e-05
2.049459e-05
1.8133462e-05
5.1944815e-05
1.4827883e-05
1.4544548e-05
1.3694542e-05
3.154467e-05
9.916737e-06
1.2938981e-05
2.7672419e-05
1.5488999e-05
2.9372432e-05
3.503914e-05
1.7566792e-05
7.5556095e-06
3.2016895e-05
2.5500181e-05
2.9750212e-05
1.662234e-05
1.3033426e-05
1.643345e-05
1.6905677e-05
1.1333414e-05
1.08611885e-05
1.3127871e-05
5.3833714e-06
1.0577853e-05
9.6334015e-06
1.1144523e-05
1.4450103e-05
8.783396e-06
1.1900084e-05
8.594506e-06
1.08611885e-05
8.50006e-06
6.4222677e-06
8.12228e-06
1.1144523e-05
9.6334015e-06
6.9889384e-06
5.100036e-06
6.3278226e-06
1.0294518e-05
5.855597e-06
1.1238969e-05
0.99343276
1.37889865e-05
9.161176e-06
8.877841e-06
8.31117e-06
7.3667193e-06
9.161176e-06
9.066731e-06
1.3505652e-05
9.916737e-06
9.255621e-06
6.4222677e-06
1.1522304e-05
9.161176e-06
8.027835e-06
7.272274e-06
1.0294518e-05
1.0766743e-05
6.8944933e-06
7.1778286e-06
1.237231e-05
7.5556095e-06
6.516713e-06
9.6334015e-06
1.08611885e-05
8.783396e-06
7.4611644e-06
1.2938981e-05
1.1427859e-05
9.538957e-06
7.0833835e-06
1.1522304e-05
1.2466755e-05
8.68895e-06
8.12228e-06
1.199453e-05
1.1333414e-05
8.12228e-06
7.3667193e-06
1.2466755e-05
1.0766743e-05
1.0577853e-05
1.1238969e-05
8.783396e-06
1.0766743e-05
9.538957e-06
9.350067e-06
1.1144523e-05
1.3505652e-05
9.255621e-06
9.538957e-06
9.6334015e-06
1.1427859e-05
8.31117e-06
9.350067e-06
1.2277865e-05
1.0766743e-05
1.0200072e-05
8.68895e-06
9.916737e-06
1.1522304e-05
1.0011182e-05
1.0483408e-05
1.0388962e-05
9.161176e-06
9.350067e-06
1.0483408e-05
8.783396e-06
9.727847e-06
8.50006e-06
8.783396e-06
7.0833835e-06
1.2655645e-05
1.3033426e-05
8.783396e-06
1.0105628e-05
1.237231e-05
1.0105628e-05
6.3278226e-06
8.594506e-06
1.1616749e-05
9.727847e-06
8.68895e-06
6.2333775e-06
1.0200072e-05
1.1616749e-05
8.50006e-06
7.3667193e-06
8.972286e-06
9.444511e-06
8.972286e-06
9.350067e-06
1.0672298e-05
8.4056155e-06
9.822292e-06
7.5556095e-06
1.25612005e-05
8.594506e-06
7.650055e-06
6.705603e-06
1.0294518e-05
7.744499e-06
8.68895e-06
8.12228e-06
8.877841e-06
1.1050079e-05
7.4611644e-06
6.4222677e-06
9.350067e-06
7.5556095e-06
7.4611644e-06
2.0683481e-05
0.0013540961
0.0
0.0
0.0001934423
0.0
0.0001934423
0.0
0.0
0.0
0.993423
0.0
0.0
0.0
0.0
0.0
0.0
9.010935e-05
0.0
3.3058987e-07
3.77817e-07
5.6672553e-07
3.3058987e-07
3.4948073e-06
1.4640409e-06
0.0
0.0
0.0
4.7227125e-08
0.0
0.0
0.0
0.0
0.0
0.0
0.0
0.0
0.0
0.0
0.0
0.0
0.0
0.0
0.0
0.0
0.0
0.0
0.0
0.0
0.00014427886
2.2669021e-06
2.0307664e-06
6.687361e-05
8.028611e-07
6.866824e-05
4.7227127e-07
2.8336277e-07
1.7001765e-06
2.3613563e-07
8.973154e-07
1.4168138e-07
1.889085e-07
5.1949837e-07
2.3613563e-07
5.6672553e-07
0.00030777918
1.1334511e-06
1.3223595e-06
4.864394e-05
4.014306e-06
5.161925e-05
1.0815012e-05
5.572801e-06
2.8336277e-07
4.8502257e-05
2.3613563e-07
4.2504413e-07
5.1949837e-07
2.3613563e-07
6.6117974e-07
1.8418579e-06
0.0
0.0
0.0
0.0
0.0
0.0
0.0
0.0
0.0
0.0
0.0
0.0
0.0
0.0
0.0
0.0
0.00020340722
9.4454253e-07
1.0059378e-05
4.958848e-06
1.3601412e-05
7.084069e-06
3.0272588e-05
1.3837548e-05
1.7946307e-06
2.8336277e-07
1.4168138e-07
5.6672553e-07
6.1395264e-07
1.4168138e-07
5.6672553e-07
1.8890851e-06
0.00030740135
3.8726243e-06
2.120498e-05
1.133451e-05
1.2090144e-05
7.3674314e-06
6.186753e-05
3.532589e-05
7.4618856e-06
1.1806782e-06
1.4168138e-06
1.9363122e-06
1.5584951e-06
1.0862238e-06
9.4454253e-07
7.5563403e-06
0.0
0.0
0.0
0.0
0.0
0.0
0.0
0.0
0.0
0.0
0.0
0.0
0.0
0.0
0.0
0.0
0.0003786671
1.0201059e-05
2.3566336e-05
2.0024301e-05
3.598707e-05
0.00010078269
7.2729774e-05
4.746326e-05
1.32235955e-05
8.9259265e-06
6.6117977e-06
1.2845778e-05
9.823242e-06
8.028612e-06
9.303743e-06
1.5584952e-05
2.9469726e-05
7.084069e-07
5.667255e-06
3.400353e-06
5.4783463e-06
3.1169902e-06
2.6163827e-05
1.841858e-05
3.77817e-07
8.973154e-07
3.77817e-07
4.7227127e-07
1.889085e-07
4.7227127e-07
3.77817e-07
1.1334511e-06
8.415874e-05
5.147757e-06
5.383892e-06
2.3802471e-05
6.1395262e-06
2.4416424e-05
4.014306e-06
4.4393496e-06
4.3921227e-06
4.8643938e-06
2.691946e-06
5.0533026e-06
5.1949837e-06
4.817167e-06
5.147757e-06
3.7781701e-06
0.0
0.0
0.0
0.0
0.0
0.0
0.0
0.0
0.0
0.0
0.0
0.0
0.0
0.0
0.0
0.0
0.0
0.0
0.0
0.0
0.0
0.0
0.0
0.0
0.0
0.0
0.0
0.0
0.0
0.0
0.0
0.0
0.0
0.0
0.0
0.0
0.0
0.0
0.0
0.0
0.0
0.0
0.0
0.0
0.0
0.0
0.0
0.0
0.00012694651
0.00013209427
0.00013247208
0.00014583736
0.00013733648
0.00013979229
0.00013714757
0.00011939017
0.00011471469
0.00013332217
0.00013828103
0.0001410202
0.00014678191
0.00013837547
0.00012930787
0.00011504528
365.0
34.49863
12592.0
0.02366582
0.0011912326
0.00055590854
0.000317662
0.000317662
0.000952986
0.00055590854
0.001270648
0.0018265565
0.0023824652
0.0003970775
0.000794155
0.0008735705
0.00158831
0.008656289
0.0010324016
0.00317662
0.0015088945
0.002541296
0.2802573
0.0013500635
0.001429479
0.002541296
0.001429479
0.001429479
0.0011118171
0.0011912326
0.0010324016
0.00055590854
0.0003970775
0.0007147395
0.0007147395
0.001429479
0.003653113
0.001905972
0.0035736975
0.0050031766
0.003653113
0.002858958
0.00317662
0.0020648031
0.0016677255
0.001270648
0.000794155
0.0015088945
0.0029383735
0.001429479
0.001905972
0.2812103
0.0007147395
0.003017789
0.0041296063
0.0022236342
0.06623253
0.00158831
0.0037325285
0.000952986
0.000794155
0.000794155
0.0010324016
0.00158831
0.0010324016
0.0011118171
0.0008735705
0.001270648
0.018344982
0.0019853876
0.007703304
0.007147395
0.034545742
0.003335451
0.0045266836
0.005082592
0.017233163
0.0008735705
0.002541296
0.01270648
0.005876747
0.015406608
0.01890089
0.007465057
0.0003970775
0.016518425
0.012468234
0.016359594
0.007782719
0.0027795425
0.003811944
0.007306226
0.0026207115
0.001270648
0.003494282
7.94155e-05
0.0008735705
0.0007147395
0.000952986
3.8985653
1.0
0.0
0.0
1.0
10588160.0
77824.0
0.0
0.0
54.0
0.0
1.0
0.0
0.0
0.0
1083884500.0
0.0
0.0
0.0
0.0
0.0
1.0
0.0
0.0
0.0
0.0
0.0
0.0
-1.0
0.0
-1.0
-1.0
0.0
0.0
0.0
0.0
0.0
0.0
0.0
0.0
0.0
0.0
0.0
0.0
-1.0
0.0
0.0
0.0
0.0
0.0
0.0
0.0
0.0
0.0
0.0
0.0
0.0
-1.0
0.0
0.0
0.0
0.0
0.0
0.0
0.0
0.0
0.0
0.0
6.0
0.0
4.0
0.0
4.0
0.0
24576.0
4096.0
4096.0
10.0
0.0
0.0
3.0
2.0
0.0
0.0
0.0
0.0
0.0
0.0
4096.0
0.0
0.0
0.0
0.0
0.0
-4096.0
4096.0
4096.0
0.0
0.0
0.0
0.0
0.0
0.0
0.0
0.0
4096.0
0.0
0.0
0.0
0.0
0.0
0.0
0.0
0.0
-8192.0
0.0
0.0
0.0
0.0
0.0
0.0
0.0
4096.0
-24576.0
0.0
4096.0
-4096.0
0.0
0.0
0.0
0.0
0.0
0.0
0.0
0.0
0.0
0.0
0.0
0.0
0.0
0.0
0.0
0.0
0.0
0.0
0.0
5.297788
0.0
0.0
0.0
0.0
0.0
0.0
0.0
0.0
0.0
0.0
0.0
0.0
0.0
0.0
0.0
0.0
0.0
-3.429211
0.0
0.0
0.0
0.0
0.0
0.0
0.0
5.486761
-7.9730797
0.0
3.7997313
-5.1765885
0.0
0.0
0.0
0.0
0.0
0.0
0.0
0.0
0.0
0.0
0.0
3492.0
0.0
0.0
0.0
0.0
0.0
-3019.0
3461.0
2476.0
0.0
0.0
0.0
0.0
0.0
0.0
0.0
0.0
2010.0
0.0
0.0
0.0
0.0
0.0
0.0
0.0
0.0
-13432.0
0.0
0.0
0.0
0.0
0.0
0.0
0.0
1024.0
-23376.0
0.0
2392.0
-1024.0
0.0
0.0
0.0
0.0
0.0
0.0
0.0
0.0
-1.0
0.0
0.0
0.0
0.0
0.0
1.0
0.0
0.0
0.0
0.0
0.0
0.0
0.0
0.0
0.0
0.0
0.0
0.0
0.0
0.0
0.0
0.0
0.0
0.0
0.0
0.0
0.0
0.0
0.0
0.0
0.0
0.0
0.0
0.0
0.0
-2.0
0.0
0.0
0.0
1.0
0.0
0.0
0.0
0.0
0.0
0.0
0.0
0.0
0.0
0.0
0.0
0.0
0.0
0.0
0.0
0.0
0.0
0.0
0.0
-1.0
0.0
0.0
0.0
0.0
0.0
0.0
0.0
0.0
0.0
1.0
0.0
0.0
0.0
0.0
0.0
0.0
0.0
0.0
0.0
0.0
0.0
0.0
0.0
1.0
0.0
0.0
0.0
0.0
0.0
0.0
0.0
0.0
0.0
0.0
0.0
0.0
0.0
0.0
0.0
0.0
0.0
0.0
0.0
0.0
0.0
0.0
0.0
0.0
0.0
0.0
0.0
0.0
0.0
0.0
0.0
0.0
0.0
0.0
0.0
0.0
0.0
0.0
0.0
0.0
0.0
0.0
-1.0
0.0
0.0
0.0
0.0
0.0
0.0
0.0
0.0
0.0
0.0
0.0
0.0
0.0
0.0
0.0
0.0
0.0
0.0
0.0
0.0
0.0
0.0
0.0
0.0
0.0
0.0
0.0
0.0
0.0
0.0
0.0
0.0
0.0
0.0
0.0
0.0
0.0
0.0
0.0
0.0
0.0
0.0
0.0
0.0
0.0
0.0
0.0
0.0
0.0
0.0
0.0
0.0
0.0
0.0
0.0
0.0
0.0
0.0
0.0
0.0
0.0
0.0
0.0
0.0
0.0
0.0
0.0
0.0
0.0
-1.0
0.0
0.0
0.0
0.0
0.0
0.0
0.0
0.0
0.0
0.0
0.0
0.0
0.0
0.0
0.0
0.0
1.0
0.0
0.0
0.0
0.0
0.0
0.0
0.0
0.0
0.0
0.0
0.0
0.0
0.0
0.0
0.0
0.0
0.0
0.0
0.0
0.0
0.0
0.0
0.0
0.0
0.0
0.0
0.0
0.0
0.0
0.0
0.0
0.0
0.0
0.0
0.0
0.0
0.0
0.0
0.0
0.0
0.0
0.0
0.0
0.0
0.0
0.0
0.0
0.0
0.0
0.0
0.0
0.0
0.0
0.0
0.0
0.0
0.0
0.0
0.0
0.0
0.0
0.0
0.0
0.0
0.0
0.0
0.0
0.0
0.0
0.0
0.0
0.0
0.0
0.0
0.0
0.0
0.0
0.0
0.0
0.0
0.0
0.0
0.0
0.0
0.0
0.0
0.0
0.0
0.0
0.0
0.0
0.0
0.0
0.0
0.0
0.0
0.0
0.0
0.0
0.0
0.0
0.0
0.0
0.0
0.0
0.0
0.0
0.0
0.0
0.0
0.0
0.0
0.0
0.0
0.0
0.0
0.0
0.0
0.0
0.0
0.0
0.0
0.0
0.0
0.0
0.0
0.0
0.0
0.0
0.0
0.0
0.0
0.0
0.0
0.0
0.0
0.0
0.0
0.0
0.0
0.0
0.0
0.0
0.0
0.0
0.0
0.0
0.0
0.0
0.0
0.0
0.0
0.0
0.0
0.0
0.0
0.0
0.0
0.0
0.0
0.0
0.0
0.0
0.0
0.0
0.0
0.0
0.0
0.0
0.0
0.0
0.0
0.0
0.0
0.0
0.0
0.0
0.0
0.0
0.0
0.0
0.0
0.0
0.0
0.0
-1.0
0.0
0.0
0.0
0.0
0.0
0.0
0.0
0.0
0.0
0.0
0.0
0.0
0.0
0.0
0.0
0.0
0.0
0.0
0.0
0.0
0.0
0.0
0.0
0.0
0.0
0.0
0.0
0.0
0.0
0.0
0.0
0.0
0.0
0.0
0.0
0.0
1.0
0.0
0.0
0.0
0.0
0.0
0.0
0.0
0.0
0.0
0.0
0.0
0.0
0.0
0.0
0.0
0.0
0.0
0.0
0.0
0.0
0.0
1.0
0.0
0.0
0.0
0.0
1.0
0.0
0.0
0.0
0.0
0.0
0.0
0.0
0.0
0.0
0.0
0.0
0.0
0.0
0.0
0.0
0.0
1.0
0.0
0.0
0.0
0.0
0.0
0.0
0.0
0.0
0.0
0.0
0.0
0.0
0.0
0.0
0.0
0.0
0.0
0.0
0.0
0.0
0.0
0.0
0.0
0.0
0.0
0.0
0.0
0.0
0.0
0.0
0.0
0.0
0.0
0.0
0.0
0.0
0.0
0.0
0.0
0.0
0.0
0.0
0.0
0.0
-1.0
0.0
0.0
0.0
0.0
0.0
0.0
0.0
0.0
0.0
0.0
0.0
0.0
0.0
0.0
0.0
0.0
0.0
0.0
0.0
0.0
0.0
0.0
0.0
0.0
0.0
0.0
0.0
0.0
0.0
0.0
0.0
0.0
0.0
0.0
0.0
0.0
0.0
0.0
0.0
0.0
0.0
0.0
0.0
0.0
0.0
0.0
0.0
-1.0
0.0
0.0
0.0
0.0
0.0
0.0
0.0
0.0
0.0
0.0
0.0
0.0
0.0
0.0
0.0
0.0
0.0
0.0
0.0
0.0
0.0
0.0
0.0
0.0
0.0
0.0
0.0
0.0
0.0
0.0
1.0
0.0
0.0
0.0
0.0
0.0
0.0
0.0
0.0
0.0
0.0
0.0
0.0
0.0
0.0
0.0
0.0
0.0
0.0
0.0
0.0
0.0
0.0
0.0
0.0
0.0
0.0
0.0
-1.0
0.0
0.0
0.0
0.0
0.0
0.0
0.0
0.0
0.0
0.0
0.0
0.0
0.0
0.0
0.0
0.0
0.0
0.0
0.0
0.0
0.0
0.0
0.0
0.0
0.0
0.0
0.0
0.0
0.0
0.0
0.0
0.0
0.0
0.0
0.0
0.0
0.0
0.0
0.0
0.0
0.0
0.0
-1.0
0.0
0.0
1.0
0.0
0.0
0.0
0.0
0.0
0.0
0.0
0.0
0.0
0.0
0.0
0.0
0.0
0.0
0.0
0.0
0.0
0.0
0.0
0.0
0.0
0.0
0.0
0.0
0.0
0.0
0.0
0.0
0.0
0.0
0.0
0.0
0.0
0.0
0.0
0.0
0.0
0.0
0.0
0.0
0.0
0.0
0.0
-1.0
0.0
0.0
0.0
-1.0
0.0
0.0
0.0
0.0
0.0
0.0
0.0
0.0
0.0
0.0
0.0
0.0
0.0
0.0
0.0
0.0
0.0
0.0
0.0
0.0
0.0
0.0
0.0
0.0
0.0
0.0
0.0
0.0
0.0
0.0
0.0
0.0
0.0
0.0
1.0
0.0
0.0
0.0
0.0
0.0
0.0
0.0
0.0
0.0
0.0
-1.0
0.0
0.0
0.0
0.0
0.0
0.0
0.0
0.0
0.0
0.0
0.0
0.0
0.0
0.0
0.0
0.0
0.0
0.0
0.0
0.0
0.0
0.0
0.0
0.0
0.0
0.0
0.0
0.0
0.0
0.0
1.0
0.0
0.0
0.0
0.0
0.0
0.0
0.0
0.0
0.0
0.0
0.0
0.0
0.0
0.0
0.0
0.0
0.0
0.0
0.0
0.0
0.0
0.0
0.0
0.0
0.0
0.0
0.0
0.0
0.0
0.0
0.0
0.0
0.0
0.0
0.0
0.0
0.0
0.0
-1.0
0.0
0.0
0.0
0.0
0.0
0.0
0.0
0.0
0.0
0.0
0.0
0.0
0.0
0.0
0.0
0.0
0.0
0.0
-1.0
0.0
0.0
0.0
0.0
0.0
0.0
0.0
0.0
0.0
0.0
0.0
0.0
0.0
0.0
0.0
0.0
0.0
0.0
0.0
0.0
0.0
0.0
0.0
0.0
0.0
0.0
0.0
0.0
0.0
0.0
0.0
0.0
0.0
0.0
0.0
0.0
0.0
0.0
0.0
0.0
0.0
0.0
0.0
0.0
0.0
0.0
0.0
0.0
0.0
0.0
0.0
0.0
0.0
0.0
0.0
0.0
0.0
0.0
0.0
0.0
0.0
0.0
0.0
0.0
0.0
0.0
0.0
0.0
1.0
0.0
0.0
-2.0
0.0
0.0
0.0
0.0
0.0
0.0
0.0
0.0
0.0
0.0
0.0
0.0
0.0
0.0
1.0
0.0
0.0
0.0
-1.0
0.0
0.0
0.0
0.0
0.0
0.0
0.0
0.0
0.0
0.0
0.0
-1.0
0.0
0.0
0.0
0.0
0.0
0.0
1.0
0.0
0.0
0.0
0.0
0.0
0.0
0.0
0.0
0.0
0.0
0.0
0.0
0.0
0.0
0.0
0.0
0.0
1.0
0.0
1.0
0.0
0.0
0.0
0.0
0.0
1.0
0.0
0.0
0.0
0.0
0.0
0.0
0.0
0.0
-1.0
0.0
0.0
0.0
0.0
0.0
0.0
0.0
0.0
0.0
0.0
0.0
0.0
0.0
0.0
1.0
0.0
0.0
0.0
0.0
0.0
0.0
0.0
0.0
0.0
0.0
0.0
0.0
0.0
0.0
0.0
0.0
0.0
0.0
0.0
0.0
0.0
0.0
0.0
0.0
0.0
0.0
0.0
0.0
0.0
0.0
0.0
0.0
0.0
0.0
0.0
0.0
0.0
0.0
0.0
0.0
0.0
0.0
0.0
0.0
0.0
0.0
0.0
0.0
-1.0
0.0
0.0
0.0
0.0
0.0
0.0
0.0
0.0
0.0
0.0
0.0
0.0
0.0
0.0
0.0
0.0
0.0
0.0
0.0
0.0
0.0
0.0
0.0
1.0
0.0
0.0
0.0
0.0
0.0
0.0
1.0
0.0
0.0
0.0
0.0
0.0
0.0
0.0
0.0
0.0
0.0
0.0
0.0
0.0
0.0
0.0
0.0
0.0
0.0
0.0
0.0
0.0
0.0
0.0
0.0
1.0
0.0
0.0
0.0
0.0
0.0
0.0
0.0
0.0
0.0
0.0
-1.0
0.0
0.0
0.0
0.0
0.0
0.0
0.0
0.0
0.0
-1.0
0.0
0.0
0.0
0.0
0.0
0.0
0.0
0.0
0.0
0.0
0.0
0.0
0.0
0.0
1.0
0.0
0.0
0.0
0.0
0.0
0.0
0.0
0.0
0.0
0.0
0.0
0.0
0.0
0.0
0.0
0.0
0.0
0.0
-1.0
1.0
0.0
0.0
0.0
0.0
0.0
0.0
0.0
0.0
0.0
0.0
0.0
0.0
0.0
0.0
0.0
0.0
0.0
1.0
0.0
0.0
0.0
-1.0
0.0
0.0
0.0
0.0
0.0
0.0
0.0
0.0
1.0
0.0
0.0
0.0
0.0
0.0
0.0
0.0
0.0
0.0
0.0
0.0
0.0
0.0
0.0
0.0
0.0
0.0
0.0
0.0
0.0
0.0
0.0
0.0
0.0
-1.0
0.0
0.0
0.0
0.0
0.0
0.0
0.0
0.0
0.0
0.0
0.0
0.0
0.0
0.0
0.0
0.0
0.0
0.0
0.0
0.0
0.0
0.0
-1.0
0.0
0.0
0.0
0.0
0.0
0.0
0.0
0.0
0.0
0.0
0.0
0.0
0.0
0.0
0.0
0.0
0.0
0.0
0.0
0.0
0.0
0.0
0.0
-1.0
0.0
0.0
0.0
0.0
0.0
0.0
0.0
0.0
0.0
0.0
0.0
0.0
0.0
0.0
0.0
0.0
0.0
0.0
0.0
0.0
0.0
0.0
0.0
0.0
0.0
-1.0
-1.0
0.0
0.0
0.0
0.0
0.0
0.0
0.0
0.0
0.0
0.0
0.0
0.0
0.0
0.0
0.0
0.0
0.0
0.0
0.0
0.0
0.0
0.0
0.0
0.0
-1.0
0.0
0.0
0.0
0.0
0.0
0.0
0.0
0.0
0.0
0.0
0.0
0.0
0.0
0.0
0.0
0.0
0.0
0.0
0.0
0.0
0.0
0.0
0.0
0.0
0.0
0.0
0.0
0.0
0.0
0.0
0.0
0.0
0.0
0.0
0.0
0.0
0.0
0.0
0.0
0.0
0.0
0.0
0.0
0.0
0.0
0.0
0.0
0.0
0.0
0.0
0.0
0.0
0.0
0.0
0.0
0.0
0.0
0.0
0.0
0.0
0.0
0.0
0.0
0.0
0.0
0.0
0.0
0.0
0.0
0.0
0.0
0.0
0.0
0.0
0.0
0.0
0.0
0.0
0.0
0.0
0.0
0.0
0.0
0.0
0.0
0.0
0.0
0.0
0.0
0.0
0.0
0.0
0.0
0.0
0.0
0.0
0.0
0.0
0.0
0.0
0.0
0.0
0.0
0.0
0.0
0.0
0.0
0.0
0.0
0.0
0.0
0.0
0.0
0.0
0.0
0.0
0.0
0.0
0.0
0.0
0.0
0.0
0.0
0.0
0.0
0.0
0.0
0.0
0.0
0.0
0.0
0.0
0.0
0.0
0.0
0.0
0.0
0.0
0.0
0.0
0.0
0.0
0.0
0.0
0.0
0.0
0.0
0.0
0.0
0.0
0.0
0.0
0.0
0.0
0.0
0.0
0.0
0.0
0.0
0.0
0.0
0.0
0.0
0.0
0.0
0.0
0.0
0.0
80.0
29892.0
2392.0
49152.0
0.0
0.0
0.0
0.0
0.0
0.0
0.0
0.0
0.0
0.0
0.0
0.0
0.0
0.0
0.0
0.0
0.0
0.0
228.0
28672.0
0.0
0.0
0.0
0.0
