0.7113482
0.0033762152
0.0016764655
0.0017201235
0.0024070085
0.00096920657
0.0002881425
0.0005500902
0.0038797369
0.00058210606
0.00075382733
0.0003463531
0.0021770766
0.0008207695
0.00025321613
0.0013970545
0.0016939286
0.00057337445
0.00022993189
0.0001629897
0.0011030909
0.0016095232
0.00022993189
0.00016590023
0.0006053903
0.00013388439
0.00014261599
0.00014843704
0.00037836895
0.00014261599
0.00018045287
0.00021246872
0.0019878922
0.00024739507
0.000116421215
0.00026194772
0.0005879271
0.000625764
0.00010768962
9.895803e-05
0.00028232145
0.00033180046
0.000116421215
0.00029396356
0.00029396356
0.00018336342
0.00035799522
0.00013388439
0.0007450958
0.0005384481
0.0005384481
0.0014552651
0.00045986378
0.000625764
0.0007392747
0.000526806
0.0007421852
0.0007218115
0.0005180744
0.0017259445
0.0007392747
0.00086733804
0.0007101694
0.0006403167
0.0007712905
0.00090517494
0.0025263403
0.003594505
0.00084987486
0.0061441297
0.00050643226
0.00045695325
0.0008207695
0.0003172478
0.00029978462
0.00022993189
0.0004889691
0.004176611
0.0003172478
0.00027941092
0.002025729
0.002046103
0.0014756388
0.00054135866
0.00038127947
0.0043541533
0.00050643226
0.0004132953
0.00027941092
0.00014843704
0.00021828977
0.00043366902
0.00025612666
0.0007858432
0.00049479015
0.00060830085
0.00032888993
0.0009895803
0.0003725479
0.00076546945
0.0008207695
0.0017637814
0.0006432272
0.00045695325
0.00197625
0.0009837593
0.0021654346
0.00049479015
0.0012136911
0.0004045637
0.0009401013
0.00094592234
0.00066069036
0.00014552652
0.0010507015
0.0011292858
0.002738809
0.0025263403
0.00040165317
0.00030269515
0.00041038476
0.0005151639
0.00033180046
0.00035799522
0.0004511322
0.0018016183
0.0002212003
0.00019791606
0.0006897957
0.00087898015
0.00020082659
0.0066447407
0.00095756445
0.002738809
0.00010768962
0.00016881076
0.0008993539
0.0038069736
0.00089062226
0.013420455
0.0007974853
0.0028377671
0.00021537924
0.00022702136
0.00050643226
0.00016881076
9.022644e-05
0.000104779094
0.0007392747
0.0009488329
0.00016881076
7.5673786e-05
0.00023866349
8.149485e-05
0.0005559113
0.000192095
0.0006432272
6.1121136e-05
0.000119331744
5.5300075e-05
0.0002968741
0.0010477909
0.00020664764
0.00034926363
0.00027358986
0.0002212003
6.985273e-05
7.5673786e-05
0.00022411083
6.1121136e-05
0.00013097386
0.00022411083
0.00016881076
0.00019500553
6.694219e-05
5.5300075e-05
0.00037545842
5.5300075e-05
0.00010186856
9.313697e-05
0.0003172478
0.00017172129
7.8584315e-05
5.2389547e-05
0.00064904825
0.0001629897
0.00022702136
7.5673786e-05
0.00032888993
0.00035799522
0.00067524303
9.60475e-05
0.0019529659
0.00094592234
0.0005559113
0.0008353222
0.002217824
7.5673786e-05
0.0004307585
0.0016037022
0.0005500902
0.0006344956
0.000192095
5.8210608e-05
0.067466095
0.00041038476
0.00068688515
0.00021828977
0.0007101694
0.00018918447
0.0006665114
0.00028232145
0.0004220269
0.00010186856
0.00014843704
0.00013097386
0.00057046395
8.440538e-05
0.00014843704
0.000119331744
0.0006548693
6.694219e-05
0.0002968741
0.00018336342
0.0009954014
0.00036963736
0.00045404272
0.00026776877
0.0010914488
0.0007072589
0.00017172129
0.00032306887
0.0033936782
0.0010681646
0.00024448454
0.0019733396
0.0017812445
0.0001251528
0.00021246872
0.00038127947
0.0011729437
9.895803e-05
0.00072472205
0.00064904825
0.0024826822
0.00024157402
0.00015134757
0.00075382733
0.0028435881
0.00043366902
0.00045986378
0.0004889691
0.0036614472
0.0008818907
0.0008236801
0.014500262
0.63165176
4.38576e-06
2.92384e-06
4.38576e-06
2.339072e-05
0.0
2.92384e-06
5.84768e-06
5.84768e-06
1.023344e-05
0.0
1.46192e-06
0.04191617
0.0
2.92384e-06
2.046688e-05
0.008669185
2.7776478e-05
1.3157279e-05
1.608112e-05
3.3624157e-05
2.19288e-05
6.871024e-05
5.1167197e-05
7.3095994e-06
2.92384e-06
1.608112e-05
2.92384e-06
0.0028346628
1.46192e-06
0.0
0.00020905455
0.0081531275
7.455792e-05
6.286256e-05
2.7776478e-05
5.5552955e-05
1.608112e-05
2.4852638e-05
4.9705275e-05
8.0405596e-05
2.9238397e-05
2.6314558e-05
1.608112e-05
3.9471837e-05
3.216224e-05
1.754304e-05
0.00027630286
0.012296208
0.00011695359
0.000102334394
6.286256e-05
0.00013449663
5.4091037e-05
0.00016081119
9.7948636e-05
0.00011256783
3.508608e-05
5.5552955e-05
2.6314558e-05
0.001368357
3.508608e-05
2.6314558e-05
0.00028507438
0.007483568
5.8476795e-05
0.00019443534
8.332943e-05
0.00014034432
8.77152e-05
0.00051751966
0.00025437406
1.4619199e-05
1.3157279e-05
1.4619199e-05
1.3157279e-05
3.508608e-05
2.7776478e-05
1.169536e-05
3.216224e-05
0.0025627457
2.4852638e-05
0.00013742047
2.9238397e-05
0.000121339355
5.1167197e-05
0.00014180623
0.000103796316
5.7014877e-05
4.9705275e-05
2.339072e-05
1.754304e-05
0.0023507671
6.1400635e-05
3.3624157e-05
0.00022221182
0.0
0.0
0.0
0.0
0.0
0.0
0.0
0.0
0.0
0.0
0.0
0.0
0.0
0.0
0.0
0.0
0.007334452
8.332943e-05
9.6486714e-05
0.00068125466
0.00042395678
0.0001988211
0.0011519929
0.00059207756
4.9705275e-05
0.00023098335
9.2100956e-05
0.000103796316
0.00016665887
0.000108182074
0.00013595856
0.00052629114
0.0018332476
3.508608e-05
1.4619199e-05
2.6314558e-05
8.917711e-05
7.748175e-05
2.92384e-06
2.9238397e-05
0.00013449663
4.38576e-06
7.3095994e-06
2.9238397e-05
0.00048535742
1.169536e-05
0.000103796316
0.000109643996
0.0064324476
8.4791354e-05
0.0013975954
0.00120316
0.0009283191
0.0005160577
0.0037659057
0.0019604345
0.0001549635
0.00016081119
0.000103796316
8.186752e-05
0.000115491675
0.00020028303
0.00025437406
0.00060377293
0.0041781673
6.1400635e-05
0.00046050476
0.00045758093
0.0006490924
0.0004488094
0.0014589961
0.0007134169
0.0005423723
0.00060377293
0.00028799823
0.000309927
0.0017411467
0.00021636415
0.00031285087
0.0025276595
0.0030217886
0.00033916542
0.0005730726
0.0050407
0.0012806419
0.00093709066
0.0018961101
0.0013288852
0.0012265508
0.00077481754
0.00037571343
0.0003508608
0.0015905688
0.0003976422
0.0005818441
0.0012426319
0.009382602
0.0014282957
0.0005526057
0.0010964399
0.0049178987
0.0029516162
0.0010979018
0.0015189347
0.008515684
0.00076312217
0.00046050476
0.00068564044
0.0074572535
0.0010335774
0.002958926
0.006077201
0.031796757
0.005381327
0.0023800055
0.0032717767
0.013490597
0.009182319
0.0043112016
0.0061619924
0.02433658
0.0018507906
0.0021680272
0.0021417127
0.01903566
0.002646075
0.009172086
0.018361714
0.0
0.0
0.0
0.0
0.0
0.0
0.0
0.0
0.0
0.0
0.0
0.0
0.0
0.0
0.0
0.0
0.0
0.0
0.0
0.0
0.0
0.0
0.0
0.0
0.0
0.0
0.0
0.0
0.0
0.0
0.0
0.0
583.0
15.924528
9284.0
0.041469194
0.0032313657
0.0010771219
0.0014002585
0.0015079707
0.0071090045
0.0015079707
0.0014002585
0.0025850926
0.0025850926
0.00086169754
0.0015079707
0.0021542439
0.0043084878
0.009370961
0.0020465318
0.012063766
0.009586385
0.010555794
0.010017234
0.0074321413
0.010017234
0.012817751
0.010232658
0.013571736
0.01130978
0.010124946
0.01077122
0.010986644
0.011848342
0.01572598
0.012063766
0.0064627314
0.012710039
0.01227919
0.013140888
0.009263248
0.00980181
0.011202068
0.010232658
0.009478673
0.0076475656
0.0043084878
0.007216717
0.008401551
0.005493322
0.008724688
0.0068935803
0.009155536
0.004847049
0.008724688
0.009694098
0.004954761
0.005277897
0.005924171
0.0040930635
0.005708746
0.0019388194
0.002692805
0.0036622146
0.0024773804
0.0029082291
0.0017233951
0.008509263
0.004523912
0.030697975
0.009478673
0.02014218
0.01917277
0.056764327
0.010232658
0.012063766
0.017233951
0.027897459
0.0038776388
0.009263248
0.035114177
0.011848342
0.030590262
0.031667385
0.016910814
0.0030159415
0.029620852
0.023481257
0.042007755
0.015618268
0.005708746
0.004631624
0.008509263
0.0068935803
0.0032313657
0.0030159415
0.007216717
0.005601034
0.0025850926
0.0025850926
6.085352
0.0
0.0
0.0
4.0
343580.0
413696.0
1.0
0.0
62.0
1.0
1.0
0.0
0.0
0.0
1312912100.0
0.0
0.0
0.0
0.0
0.0
1.0
0.0
0.0
0.0
0.0
0.0
0.0
-1.0
1.0
-1.0
-1.0
0.0
0.0
0.0
0.0
0.0
0.0
0.0
0.0
0.0
0.0
0.0
0.0
-1.0
0.0
0.0
0.0
0.0
0.0
0.0
0.0
0.0
0.0
0.0
0.0
0.0
-1.0
0.0
0.0
0.0
0.0
0.0
0.0
0.0
0.0
0.0
0.0
6.0
0.0
4.0
0.0
4.0
0.0
155648.0
4096.0
4096.0
7.0
0.0
0.0
2.0
4.0
0.0
0.0
0.0
0.0
0.0
-8192.0
0.0
0.0
0.0
0.0
0.0
0.0
0.0
0.0
8192.0
0.0
0.0
-131072.0
0.0
0.0
0.0
0.0
0.0
0.0
0.0
0.0
0.0
0.0
0.0
0.0
0.0
0.0
-16384.0
0.0
0.0
0.0
0.0
0.0
0.0
0.0
0.0
-155648.0
-4096.0
12288.0
0.0
0.0
0.0
0.0
0.0
0.0
0.0
0.0
0.0
0.0
0.0
-5.9590554
0.0
0.0
0.0
0.0
0.0
0.0
0.0
0.0
4.9525633
0.0
0.0
-0.00014070656
0.0
0.0
0.0
0.0
0.0
0.0
0.0
0.0
0.0
0.0
0.0
0.0
0.0
0.0
-0.44404593
0.0
0.0
0.0
0.0
0.0
0.0
0.0
0.0
-3.8976138
-4.1785336
2.659511
0.0
0.0
0.0
0.0
0.0
0.0
0.0
0.0
0.0
0.0
0.0
-4948.0
0.0
0.0
0.0
0.0
0.0
0.0
0.0
0.0
6748.0
0.0
0.0
-131072.0
0.0
0.0
0.0
0.0
0.0
0.0
0.0
0.0
0.0
0.0
0.0
0.0
0.0
0.0
-87716.0
0.0
0.0
0.0
0.0
0.0
0.0
0.0
0.0
-154512.0
-2532.0
10640.0
0.0
0.0
0.0
0.0
0.0
0.0
0.0
0.0
0.0
-1.0
0.0
0.0
0.0
0.0
0.0
1.0
0.0
0.0
0.0
0.0
0.0
0.0
0.0
0.0
0.0
0.0
0.0
0.0
0.0
0.0
0.0
0.0
0.0
0.0
0.0
0.0
0.0
0.0
0.0
0.0
0.0
0.0
0.0
0.0
0.0
-2.0
0.0
0.0
0.0
1.0
0.0
0.0
0.0
0.0
0.0
0.0
0.0
0.0
0.0
0.0
0.0
0.0
0.0
0.0
0.0
0.0
0.0
0.0
0.0
-1.0
0.0
0.0
0.0
0.0
0.0
0.0
0.0
0.0
0.0
1.0
0.0
0.0
0.0
0.0
1.0
0.0
0.0
0.0
0.0
0.0
0.0
0.0
0.0
1.0
0.0
0.0
0.0
0.0
0.0
0.0
0.0
0.0
0.0
0.0
0.0
0.0
0.0
0.0
0.0
0.0
0.0
0.0
0.0
0.0
0.0
0.0
0.0
0.0
0.0
0.0
0.0
0.0
0.0
0.0
0.0
0.0
0.0
0.0
0.0
0.0
0.0
0.0
0.0
0.0
0.0
0.0
-1.0
0.0
0.0
0.0
0.0
0.0
0.0
0.0
0.0
0.0
0.0
0.0
0.0
-1.0
0.0
0.0
0.0
0.0
0.0
0.0
0.0
0.0
0.0
0.0
0.0
0.0
0.0
0.0
0.0
0.0
0.0
0.0
0.0
0.0
0.0
0.0
0.0
0.0
0.0
0.0
0.0
0.0
0.0
0.0
0.0
0.0
0.0
0.0
0.0
0.0
0.0
0.0
0.0
0.0
0.0
0.0
0.0
0.0
0.0
0.0
0.0
0.0
0.0
0.0
0.0
0.0
0.0
0.0
0.0
0.0
-1.0
0.0
0.0
0.0
0.0
0.0
0.0
0.0
0.0
0.0
0.0
0.0
0.0
0.0
0.0
0.0
0.0
1.0
0.0
0.0
0.0
0.0
0.0
0.0
0.0
0.0
0.0
0.0
0.0
0.0
0.0
0.0
0.0
0.0
0.0
0.0
0.0
0.0
0.0
0.0
0.0
0.0
0.0
0.0
0.0
0.0
0.0
0.0
0.0
0.0
0.0
0.0
0.0
0.0
0.0
0.0
0.0
0.0
0.0
0.0
0.0
0.0
0.0
0.0
0.0
0.0
0.0
0.0
0.0
0.0
0.0
0.0
0.0
0.0
0.0
0.0
0.0
0.0
0.0
0.0
0.0
0.0
0.0
0.0
0.0
0.0
0.0
0.0
0.0
0.0
0.0
0.0
0.0
0.0
0.0
0.0
0.0
0.0
0.0
0.0
0.0
0.0
0.0
0.0
0.0
0.0
0.0
0.0
0.0
0.0
0.0
0.0
0.0
0.0
0.0
0.0
0.0
0.0
0.0
0.0
0.0
0.0
0.0
0.0
0.0
0.0
0.0
0.0
0.0
0.0
0.0
0.0
0.0
0.0
0.0
0.0
0.0
0.0
0.0
0.0
0.0
0.0
0.0
0.0
0.0
0.0
0.0
0.0
0.0
0.0
0.0
0.0
0.0
0.0
0.0
0.0
0.0
0.0
0.0
0.0
0.0
0.0
0.0
0.0
0.0
0.0
0.0
0.0
0.0
1.0
0.0
0.0
0.0
0.0
0.0
0.0
0.0
0.0
0.0
0.0
0.0
0.0
0.0
0.0
0.0
0.0
0.0
0.0
0.0
0.0
0.0
0.0
0.0
0.0
0.0
0.0
0.0
0.0
-1.0
0.0
0.0
0.0
0.0
0.0
0.0
0.0
0.0
0.0
0.0
0.0
0.0
0.0
0.0
0.0
0.0
0.0
0.0
0.0
0.0
0.0
0.0
0.0
0.0
0.0
0.0
0.0
0.0
0.0
0.0
0.0
0.0
0.0
0.0
0.0
0.0
0.0
0.0
0.0
0.0
0.0
0.0
0.0
0.0
0.0
0.0
0.0
0.0
0.0
0.0
0.0
0.0
0.0
0.0
0.0
0.0
0.0
0.0
0.0
0.0
1.0
0.0
0.0
1.0
0.0
0.0
0.0
0.0
0.0
0.0
0.0
0.0
0.0
0.0
0.0
0.0
0.0
0.0
0.0
0.0
0.0
0.0
0.0
0.0
0.0
0.0
0.0
0.0
-1.0
0.0
0.0
0.0
0.0
0.0
0.0
0.0
0.0
0.0
0.0
0.0
0.0
0.0
0.0
0.0
0.0
0.0
0.0
0.0
0.0
0.0
0.0
0.0
0.0
0.0
0.0
0.0
0.0
0.0
0.0
0.0
0.0
0.0
0.0
0.0
0.0
0.0
0.0
0.0
0.0
0.0
0.0
0.0
0.0
0.0
0.0
0.0
0.0
0.0
0.0
0.0
0.0
0.0
0.0
0.0
0.0
0.0
0.0
0.0
0.0
0.0
0.0
0.0
0.0
0.0
0.0
0.0
0.0
0.0
0.0
0.0
0.0
0.0
0.0
0.0
0.0
0.0
0.0
0.0
0.0
0.0
0.0
0.0
0.0
0.0
0.0
0.0
0.0
0.0
-1.0
0.0
0.0
0.0
0.0
0.0
0.0
0.0
0.0
0.0
0.0
0.0
0.0
0.0
0.0
0.0
0.0
0.0
0.0
0.0
0.0
0.0
0.0
0.0
0.0
0.0
0.0
0.0
0.0
0.0
0.0
1.0
0.0
0.0
0.0
0.0
0.0
0.0
0.0
0.0
0.0
0.0
0.0
0.0
0.0
0.0
0.0
-1.0
0.0
0.0
0.0
0.0
0.0
0.0
0.0
0.0
0.0
0.0
0.0
-1.0
0.0
-1.0
0.0
0.0
0.0
0.0
0.0
0.0
0.0
0.0
0.0
0.0
0.0
0.0
0.0
0.0
0.0
0.0
0.0
0.0
0.0
0.0
0.0
0.0
0.0
0.0
0.0
0.0
0.0
0.0
0.0
0.0
0.0
0.0
0.0
0.0
0.0
0.0
0.0
0.0
0.0
0.0
-1.0
0.0
0.0
1.0
0.0
0.0
0.0
0.0
0.0
0.0
0.0
0.0
0.0
0.0
0.0
0.0
0.0
0.0
0.0
0.0
0.0
0.0
0.0
0.0
0.0
0.0
0.0
0.0
0.0
0.0
0.0
0.0
0.0
0.0
0.0
0.0
0.0
0.0
0.0
0.0
0.0
0.0
0.0
0.0
0.0
0.0
0.0
-1.0
0.0
0.0
0.0
-1.0
0.0
0.0
0.0
0.0
0.0
0.0
0.0
0.0
0.0
0.0
0.0
0.0
0.0
0.0
0.0
0.0
0.0
0.0
0.0
0.0
0.0
0.0
0.0
0.0
0.0
0.0
0.0
0.0
0.0
0.0
0.0
0.0
0.0
0.0
1.0
0.0
0.0
0.0
0.0
0.0
0.0
0.0
0.0
0.0
0.0
-1.0
0.0
1.0
0.0
0.0
0.0
0.0
0.0
0.0
0.0
0.0
0.0
0.0
0.0
0.0
0.0
0.0
0.0
0.0
0.0
0.0
0.0
0.0
0.0
0.0
0.0
0.0
0.0
0.0
0.0
0.0
1.0
0.0
0.0
0.0
0.0
0.0
0.0
0.0
0.0
0.0
0.0
0.0
0.0
0.0
0.0
0.0
0.0
0.0
0.0
0.0
0.0
0.0
0.0
0.0
0.0
0.0
0.0
0.0
0.0
0.0
0.0
0.0
0.0
0.0
0.0
0.0
0.0
0.0
0.0
-1.0
0.0
0.0
0.0
0.0
0.0
0.0
0.0
0.0
0.0
0.0
0.0
0.0
0.0
0.0
0.0
0.0
0.0
0.0
-1.0
0.0
0.0
0.0
0.0
0.0
0.0
0.0
0.0
0.0
0.0
0.0
0.0
0.0
0.0
0.0
0.0
0.0
0.0
0.0
0.0
0.0
0.0
0.0
0.0
0.0
0.0
0.0
0.0
0.0
0.0
0.0
0.0
0.0
0.0
0.0
0.0
0.0
0.0
0.0
0.0
0.0
0.0
0.0
0.0
0.0
0.0
0.0
0.0
0.0
0.0
0.0
0.0
1.0
0.0
0.0
0.0
0.0
0.0
0.0
0.0
0.0
0.0
0.0
0.0
0.0
0.0
0.0
0.0
1.0
0.0
0.0
-2.0
0.0
0.0
0.0
0.0
0.0
0.0
0.0
0.0
0.0
0.0
1.0
0.0
0.0
0.0
1.0
0.0
0.0
1.0
-1.0
0.0
0.0
0.0
0.0
0.0
0.0
0.0
0.0
0.0
0.0
0.0
-1.0
-1.0
0.0
0.0
0.0
0.0
0.0
1.0
0.0
0.0
0.0
0.0
0.0
0.0
0.0
0.0
0.0
0.0
0.0
0.0
0.0
0.0
0.0
0.0
0.0
1.0
0.0
1.0
0.0
0.0
0.0
0.0
0.0
1.0
0.0
0.0
0.0
0.0
0.0
0.0
0.0
0.0
-1.0
0.0
0.0
0.0
0.0
0.0
0.0
0.0
0.0
0.0
0.0
0.0
0.0
0.0
0.0
1.0
0.0
0.0
0.0
0.0
0.0
0.0
0.0
0.0
0.0
1.0
0.0
0.0
0.0
0.0
0.0
0.0
0.0
0.0
0.0
0.0
0.0
0.0
0.0
0.0
0.0
0.0
0.0
0.0
0.0
0.0
0.0
0.0
0.0
0.0
0.0
0.0
0.0
0.0
0.0
0.0
0.0
0.0
0.0
0.0
0.0
0.0
0.0
0.0
-1.0
0.0
0.0
0.0
0.0
0.0
0.0
0.0
0.0
0.0
0.0
0.0
0.0
0.0
0.0
0.0
0.0
0.0
0.0
-1.0
0.0
0.0
0.0
0.0
1.0
0.0
0.0
0.0
0.0
0.0
0.0
1.0
0.0
0.0
0.0
0.0
0.0
0.0
0.0
0.0
0.0
0.0
0.0
0.0
0.0
0.0
0.0
0.0
0.0
0.0
0.0
0.0
-1.0
0.0
0.0
0.0
0.0
0.0
0.0
0.0
0.0
0.0
0.0
0.0
0.0
0.0
-1.0
-1.0
0.0
0.0
0.0
0.0
0.0
0.0
0.0
0.0
0.0
-1.0
0.0
0.0
0.0
0.0
0.0
0.0
0.0
0.0
0.0
0.0
0.0
-1.0
0.0
0.0
1.0
0.0
0.0
0.0
0.0
0.0
0.0
0.0
0.0
0.0
0.0
0.0
0.0
0.0
0.0
0.0
0.0
-1.0
0.0
-1.0
1.0
0.0
0.0
0.0
0.0
1.0
0.0
0.0
0.0
0.0
0.0
0.0
0.0
0.0
0.0
0.0
0.0
0.0
1.0
0.0
0.0
0.0
-1.0
0.0
0.0
0.0
0.0
0.0
0.0
0.0
0.0
1.0
0.0
0.0
0.0
0.0
0.0
0.0
0.0
0.0
0.0
0.0
0.0
0.0
0.0
0.0
0.0
0.0
0.0
0.0
0.0
0.0
0.0
0.0
0.0
0.0
-1.0
0.0
0.0
0.0
0.0
0.0
0.0
0.0
0.0
0.0
0.0
0.0
0.0
0.0
0.0
0.0
0.0
0.0
0.0
0.0
0.0
0.0
0.0
-1.0
0.0
0.0
0.0
0.0
0.0
0.0
0.0
0.0
0.0
0.0
0.0
0.0
0.0
0.0
0.0
0.0
0.0
0.0
0.0
0.0
0.0
0.0
0.0
-1.0
0.0
0.0
0.0
0.0
0.0
0.0
0.0
0.0
0.0
0.0
0.0
0.0
0.0
0.0
0.0
0.0
0.0
0.0
0.0
0.0
0.0
0.0
0.0
0.0
0.0
-1.0
-1.0
0.0
0.0
0.0
0.0
0.0
0.0
0.0
0.0
0.0
0.0
0.0
0.0
0.0
0.0
0.0
0.0
0.0
0.0
0.0
0.0
0.0
0.0
0.0
0.0
-1.0
0.0
0.0
0.0
0.0
0.0
0.0
0.0
0.0
0.0
0.0
0.0
0.0
0.0
0.0
0.0
0.0
0.0
0.0
0.0
0.0
0.0
0.0
0.0
0.0
0.0
0.0
0.0
0.0
0.0
0.0
0.0
0.0
0.0
0.0
0.0
0.0
0.0
0.0
0.0
0.0
0.0
0.0
0.0
0.0
0.0
0.0
0.0
0.0
0.0
0.0
0.0
0.0
0.0
0.0
0.0
0.0
0.0
0.0
0.0
0.0
0.0
0.0
0.0
0.0
0.0
0.0
0.0
0.0
0.0
0.0
0.0
0.0
0.0
0.0
0.0
0.0
0.0
0.0
0.0
0.0
0.0
0.0
0.0
0.0
0.0
0.0
0.0
0.0
0.0
0.0
0.0
0.0
0.0
0.0
0.0
0.0
0.0
0.0
0.0
0.0
0.0
0.0
0.0
0.0
0.0
0.0
0.0
0.0
0.0
0.0
0.0
0.0
0.0
0.0
0.0
0.0
0.0
0.0
0.0
0.0
0.0
0.0
0.0
0.0
0.0
0.0
0.0
0.0
0.0
0.0
0.0
0.0
0.0
0.0
0.0
0.0
0.0
0.0
0.0
0.0
0.0
0.0
0.0
0.0
0.0
0.0
0.0
0.0
0.0
0.0
0.0
0.0
0.0
0.0
0.0
0.0
0.0
0.0
0.0
0.0
0.0
0.0
0.0
0.0
0.0
0.0
0.0
0.0
100.0
258048.0
10640.0
262144.0
0.0
0.0
0.0
0.0
3940.0
274432.0
28.0
159744.0
0.0
0.0
0.0
0.0
0.0
0.0
0.0
0.0
0.0
0.0
468.0
258616.0
0.0
0.0
0.0
0.0
