0.031649865
0.0072097983
0.0064829984
0.006412022
0.0067342552
0.0064035044
0.00629562
0.0063211718
0.007141661
0.0063069765
0.00614373
0.0060755927
0.0066249515
0.0063410453
0.0060983053
0.0069670584
0.006717221
0.0061394717
0.006210448
0.006119598
0.0065341014
0.006556814
0.0062672296
0.0062005115
0.006298459
0.0061465693
0.006004616
0.006258712
0.006199092
0.0061664428
0.0061281156
0.0061125006
0.00638789
0.006014553
0.0060159727
0.006006036
0.0064333146
0.006209029
0.005966289
0.0060514607
0.006094047
0.0061252764
0.006092627
0.006095466
0.006057139
0.006118179
0.0061309547
0.006059978
0.0063410453
0.006553975
0.0063098157
0.006233161
0.006271488
0.006157926
0.0061707012
0.0062643904
0.00629704
0.006314074
0.0061763795
0.0060543
0.0061167595
0.0061011445
0.0061877356
0.006182058
0.006308396
0.005033657
0.0027822808
0.003232272
0.0029469465
0.005364408
0.0028135106
0.0026374888
0.0027496316
0.0028319645
0.0026403277
0.0026374888
0.0028234473
0.0029086191
0.0029100387
0.0028348034
0.004004497
0.0026658792
0.002860355
0.0033983574
0.0029654005
0.0033217026
0.0029739176
0.0028447402
0.0027837004
0.0029554637
0.0028560965
0.0028404817
0.0027340169
0.0029952105
0.0027766027
0.0027141434
0.002630391
0.004498494
0.0031840082
0.003475012
0.0034977244
0.0050506913
0.0034040355
0.0032890534
0.0034778512
0.00396475
0.003218077
0.003063348
0.0037134932
0.0033217026
0.0040357267
0.004049922
0.0032663408
0.0027184018
0.004233042
0.00396475
0.004286984
0.003913647
0.0028262862
0.0029341707
0.0027837004
0.0030888997
0.002691431
0.002651684
0.0026658792
0.0028887456
0.0027496316
0.0027127238
0.00299663
0.002790798
0.002670138
0.004286984
0.002760988
0.0035289542
0.0026630403
0.002600581
0.0027567293
0.0048803478
0.0027325973
0.005372925
0.0026857527
0.0033983574
0.002627552
0.0026715575
0.004728458
0.002576449
0.002536702
0.0026488448
0.0026672988
0.0026829136
0.0025849661
0.0026020005
0.002536702
0.0026204544
0.0025665122
0.0026232933
0.0026871723
0.002555156
0.0025452191
0.0026743964
0.002697109
0.0028007347
0.0025352824
0.0026658792
0.0026658792
0.0025991614
0.0026034198
0.0026048394
0.002606259
0.0026474253
0.0025594144
0.0026814942
0.0026445864
0.0026147761
0.0025679315
0.0025480583
0.002697109
0.0026105177
0.0025665122
0.0026133566
0.0026630403
0.0026772355
0.002927073
0.0027084653
0.0027141434
0.002697109
0.0026374888
0.002651684
0.0027070458
0.0025466387
0.0026545231
0.0027822808
0.0033969379
0.0027922175
0.0028078323
0.0030945777
0.0030704457
0.0025594144
0.0028802285
0.003157037
0.0028163495
0.0026417472
0.0027013675
0.002691431
0.0027652464
0.002651684
0.0026119372
0.0026687183
0.0029412683
0.0027269193
0.002657362
0.0027070458
0.002745373
0.002691431
0.0026900114
0.0026658792
0.0028859067
0.0027198214
0.0028135106
0.002772344
0.0028589356
0.0026829136
0.0026985286
0.002721241
0.0033160246
0.002651684
0.0027567293
0.0026985286
0.0028433206
0.0029128776
0.0027070458
0.0027013675
0.0034735925
0.0030051472
0.0027524708
0.003296151
0.003108773
0.002646006
0.0027184018
0.0026318105
0.0029384294
0.0027411145
0.0027198214
0.002702787
0.0028802285
0.0027510512
0.0027581488
0.0029583026
0.003341576
0.0027808612
0.0027865395
0.0027439536
0.0032748582
0.002787959
0.0028333839
0.0050833407
0.0
0.0
0.0
0.0
0.0
0.0
0.0
0.0
0.0
0.0
0.0
0.0
0.0
0.0
0.0
0.0
0.0
0.0
0.0
0.0
0.0
0.0
0.0
0.0
0.0
0.0
0.0
0.0
0.0
0.0
0.0
0.0
0.0
0.0
0.0
0.0
0.0
0.0
0.0
0.0
0.0
0.0
0.0
0.0
0.0
0.0
0.0
0.0
0.0013039814
3.203011e-05
1.4235605e-06
5.694242e-06
5.124818e-05
2.775943e-05
7.1178024e-06
2.1353408e-06
7.117803e-07
7.117803e-07
0.0
1.7082726e-05
0.0
1.4235605e-06
6.4060223e-06
0.0
0.0012505979
4.9824616e-06
1.2100264e-05
5.694242e-06
2.847121e-05
2.2065187e-05
6.0501323e-05
1.9218067e-05
6.4060223e-06
8.541363e-06
2.1353408e-06
4.9824616e-06
1.1388484e-05
4.2706815e-06
4.2706815e-06
1.2100264e-05
0.0009950688
0.0
0.0
5.338352e-05
4.1995034e-05
1.4947385e-05
0.0044265613
0.0017566737
0.0
0.0
0.0
0.0
0.0
0.0
0.0
0.0
0.003103362
7.117803e-07
6.406022e-05
0.0001658448
0.00021922831
0.00017082726
0.004195233
0.0022549198
1.4235605e-06
2.1353408e-06
7.117803e-07
7.117803e-07
2.2776969e-05
7.117803e-07
7.117803e-07
7.117803e-07
0.00074736925
0.0
0.0
0.0005430883
2.1353408e-05
9.964923e-06
0.0020933456
0.0009580562
0.0
0.0
0.0
0.0
0.0
0.0
0.0
0.0
0.0031880636
7.5448705e-05
7.188981e-05
0.0002555291
0.0016591598
0.00088545465
0.0003857849
0.00016086234
5.338352e-05
3.8436134e-05
3.203011e-05
5.338352e-05
0.00013025578
0.0002092634
4.0571475e-05
4.9112838e-05
0.0026599227
0.000223499
7.9719386e-05
0.0004832988
0.0011965026
0.00028755923
0.0021744887
0.0009900864
6.0501323e-05
5.623064e-05
4.982462e-05
5.40953e-05
0.0001622859
0.00011459662
4.982462e-05
0.00010391992
0.0013837008
9.253143e-05
8.185473e-05
7.3313364e-05
0.0008413243
7.9719386e-05
0.0005003815
0.00023702282
6.975447e-05
5.978954e-05
6.0501323e-05
5.978954e-05
5.76542e-05
5.76542e-05
0.0004220857
0.0002961006
0.0044842158
0.000252682
0.0003203011
0.0003637197
0.0023367745
0.0002918299
0.0008818957
0.00057867734
0.00034734877
0.00020072203
0.00017153904
0.00021495763
0.00023488748
0.000958768
0.0007210334
0.0007601813
0.0009324321
6.8330904e-05
0.00010676704
0.00011957908
0.0002669176
0.0001259851
0.0001331029
9.537856e-05
0.00031175974
6.4772e-05
4.2706815e-05
6.0501323e-05
8.826075e-05
2.3488748e-05
0.00027759428
0.0001978749
0.006364027
0.0012128735
0.0005096347
0.0006712088
0.0025673914
0.0020904986
0.0007245923
0.0010349285
0.0044237142
0.0009516502
0.00021922831
0.0004790281
0.001577305
0.00068046193
0.0016961723
0.002494078
0.007284359
0.001466979
0.0009765625
0.00087050727
0.0029809356
0.0025951508
0.0011032594
0.001405766
0.0047084265
0.0016235708
0.0003893438
0.0007523517
0.0019054357
0.00080146454
0.0016790896
0.0029844947
0.09529741
0.09667755
0.09565828
0.0961608
0.04126261
0.04109748
0.04122204
0.040920958
0.041435577
0.04082131
0.041099615
0.04115869
0.041115984
0.041138764
0.04133877
0.04114517
6160.0
6.226136
38353.0
0.011420228
0.009647224
0.009125753
0.009230047
0.009621151
0.0099601075
0.008969312
0.009282194
0.00881287
0.008891091
0.009699372
0.009360415
0.008656428
0.009647224
0.011759184
0.010038328
0.012306729
0.01201992
0.012306729
0.011498448
0.010585873
0.010168696
0.0101426225
0.010820536
0.0099601075
0.010742315
0.010820536
0.009516857
0.008682502
0.0091779
0.009934034
0.009360415
0.004276067
0.009751519
0.0054754517
0.00881287
0.0066226893
0.009490783
0.0065444685
0.0057883346
0.0052929367
0.007457044
0.0045628767
0.005032201
0.0066226893
0.0066487626
0.008499987
0.0072745285
0.007743853
0.004276067
0.007743853
0.009125753
0.008682502
0.0063358797
0.0072745285
0.0063098064
0.005136495
0.004719318
0.0049279067
0.00495398
0.004641097
0.004197846
0.004536803
0.004302141
0.004093552
0.034469273
0.013219305
0.016817458
0.016713165
0.04495085
0.008943237
0.012645686
0.014027586
0.026542904
0.0059708497
0.009569004
0.021302115
0.015409485
0.027403332
0.025995359
0.012124214
0.005084348
0.032357313
0.025526034
0.024665607
0.0140536595
0.007900295
0.008473913
0.0070398664
0.012593539
0.0051625688
0.004145699
0.004041405
0.0040674782
0.004328214
0.005136495
6.3349304
2.0
0.0
0.0
6.0
704458.0
98304.0
0.0
0.0
95.0
0.0
0.0
0.0
0.0
0.0
1141321900.0
0.0
0.0
0.0
0.0
0.0
1.0
0.0
0.0
0.0
0.0
0.0
0.0
-1.0
0.0
-1.0
-1.0
0.0
0.0
0.0
0.0
0.0
0.0
0.0
0.0
0.0
0.0
0.0
0.0
-1.0
0.0
0.0
0.0
0.0
0.0
0.0
0.0
0.0
0.0
0.0
0.0
0.0
-1.0
0.0
0.0
0.0
0.0
0.0
0.0
0.0
0.0
0.0
0.0
2.0
50.0
4.0
0.0
4.0
0.0
42496.0
512.0
4096.0
3.0
0.0
0.0
1.0
1.0
0.0
0.0
0.0
0.0
0.0
0.0
0.0
0.0
0.0
0.0
0.0
0.0
0.0
0.0
26112.0
0.0
0.0
0.0
0.0
0.0
0.0
0.0
0.0
0.0
0.0
0.0
0.0
0.0
0.0
0.0
0.0
0.0
-16384.0
0.0
0.0
0.0
0.0
0.0
0.0
0.0
0.0
-42496.0
0.0
0.0
0.0
0.0
0.0
0.0
0.0
0.0
0.0
0.0
0.0
0.0
0.0
0.0
0.0
0.0
0.0
0.0
0.0
0.0
0.0
0.0
5.2029037
0.0
0.0
0.0
0.0
0.0
0.0
0.0
0.0
0.0
0.0
0.0
0.0
0.0
0.0
0.0
0.0
0.0
-4.868195
0.0
0.0
0.0
0.0
0.0
0.0
0.0
0.0
-6.4578476
0.0
0.0
0.0
0.0
0.0
0.0
0.0
0.0
0.0
0.0
0.0
0.0
0.0
0.0
0.0
0.0
0.0
0.0
0.0
0.0
0.0
0.0
25860.0
0.0
0.0
0.0
0.0
0.0
0.0
0.0
0.0
0.0
0.0
0.0
0.0
0.0
0.0
0.0
0.0
0.0
-16832.0
0.0
0.0
0.0
0.0
0.0
0.0
0.0
0.0
-42342.0
0.0
0.0
0.0
0.0
0.0
0.0
0.0
0.0
0.0
0.0
0.0
-1.0
0.0
0.0
0.0
0.0
0.0
1.0
0.0
0.0
0.0
0.0
0.0
0.0
0.0
0.0
0.0
0.0
0.0
0.0
0.0
0.0
0.0
0.0
0.0
0.0
0.0
0.0
0.0
0.0
0.0
0.0
0.0
0.0
0.0
0.0
0.0
-2.0
0.0
0.0
0.0
1.0
0.0
0.0
0.0
0.0
0.0
0.0
0.0
0.0
0.0
0.0
0.0
0.0
0.0
0.0
0.0
0.0
0.0
0.0
0.0
-1.0
0.0
0.0
0.0
0.0
0.0
0.0
0.0
0.0
0.0
1.0
0.0
0.0
0.0
0.0
1.0
0.0
0.0
0.0
0.0
0.0
0.0
0.0
0.0
0.0
0.0
0.0
0.0
0.0
0.0
0.0
0.0
0.0
0.0
0.0
0.0
0.0
0.0
0.0
0.0
0.0
0.0
0.0
0.0
0.0
0.0
0.0
0.0
0.0
0.0
0.0
0.0
0.0
0.0
0.0
0.0
0.0
0.0
0.0
0.0
0.0
0.0
0.0
0.0
0.0
0.0
0.0
-1.0
0.0
0.0
0.0
0.0
0.0
0.0
0.0
0.0
0.0
0.0
0.0
0.0
0.0
0.0
0.0
0.0
0.0
0.0
0.0
0.0
-1.0
0.0
0.0
0.0
0.0
0.0
0.0
0.0
0.0
0.0
0.0
0.0
0.0
0.0
0.0
0.0
0.0
0.0
0.0
0.0
0.0
0.0
0.0
0.0
0.0
0.0
0.0
0.0
0.0
0.0
0.0
0.0
0.0
0.0
0.0
0.0
0.0
0.0
0.0
0.0
0.0
0.0
0.0
0.0
0.0
0.0
0.0
0.0
0.0
-1.0
0.0
0.0
0.0
0.0
0.0
0.0
0.0
0.0
0.0
0.0
0.0
0.0
0.0
0.0
0.0
0.0
1.0
0.0
0.0
0.0
0.0
0.0
0.0
0.0
0.0
0.0
0.0
0.0
0.0
0.0
0.0
0.0
0.0
0.0
0.0
0.0
0.0
0.0
0.0
0.0
0.0
0.0
0.0
0.0
0.0
0.0
0.0
0.0
0.0
0.0
0.0
0.0
0.0
0.0
0.0
0.0
0.0
0.0
0.0
0.0
0.0
0.0
0.0
0.0
0.0
0.0
0.0
0.0
0.0
0.0
0.0
0.0
0.0
0.0
0.0
0.0
0.0
0.0
0.0
0.0
0.0
0.0
0.0
0.0
0.0
0.0
0.0
0.0
0.0
0.0
0.0
0.0
0.0
0.0
0.0
0.0
0.0
0.0
0.0
0.0
0.0
0.0
0.0
0.0
0.0
0.0
0.0
0.0
0.0
0.0
0.0
0.0
0.0
0.0
0.0
0.0
0.0
1.0
0.0
0.0
0.0
0.0
0.0
0.0
0.0
0.0
0.0
0.0
0.0
0.0
-1.0
0.0
0.0
0.0
0.0
0.0
0.0
0.0
0.0
0.0
0.0
0.0
0.0
0.0
0.0
0.0
0.0
0.0
0.0
0.0
0.0
0.0
0.0
0.0
0.0
1.0
-1.0
0.0
0.0
0.0
0.0
0.0
0.0
0.0
0.0
0.0
0.0
0.0
0.0
0.0
0.0
0.0
0.0
0.0
0.0
0.0
0.0
0.0
0.0
0.0
0.0
0.0
0.0
0.0
0.0
0.0
0.0
0.0
0.0
0.0
0.0
0.0
0.0
0.0
0.0
0.0
0.0
0.0
0.0
0.0
0.0
0.0
0.0
0.0
0.0
0.0
0.0
0.0
0.0
0.0
-1.0
0.0
0.0
0.0
0.0
0.0
0.0
0.0
0.0
0.0
0.0
0.0
0.0
0.0
0.0
0.0
0.0
0.0
0.0
0.0
0.0
0.0
0.0
0.0
0.0
-1.0
0.0
0.0
0.0
1.0
0.0
0.0
0.0
0.0
0.0
0.0
0.0
0.0
0.0
0.0
0.0
0.0
0.0
0.0
0.0
0.0
0.0
0.0
1.0
0.0
0.0
1.0
0.0
0.0
0.0
0.0
1.0
0.0
0.0
0.0
0.0
0.0
0.0
0.0
0.0
0.0
0.0
0.0
0.0
0.0
0.0
0.0
0.0
1.0
0.0
0.0
0.0
0.0
0.0
0.0
0.0
0.0
0.0
0.0
0.0
0.0
0.0
0.0
0.0
0.0
0.0
0.0
0.0
0.0
0.0
0.0
0.0
0.0
0.0
0.0
0.0
0.0
0.0
0.0
0.0
0.0
0.0
1.0
0.0
0.0
0.0
0.0
1.0
0.0
-1.0
0.0
0.0
-1.0
0.0
0.0
0.0
0.0
0.0
0.0
0.0
0.0
-1.0
0.0
0.0
0.0
0.0
0.0
0.0
0.0
0.0
0.0
0.0
1.0
0.0
0.0
0.0
0.0
0.0
0.0
0.0
0.0
0.0
0.0
0.0
0.0
0.0
0.0
0.0
0.0
0.0
0.0
0.0
0.0
0.0
0.0
0.0
0.0
0.0
0.0
0.0
0.0
-1.0
0.0
0.0
0.0
0.0
0.0
0.0
0.0
0.0
0.0
0.0
0.0
0.0
0.0
0.0
0.0
-1.0
0.0
0.0
0.0
0.0
0.0
0.0
0.0
0.0
0.0
0.0
0.0
1.0
0.0
0.0
1.0
0.0
0.0
1.0
0.0
0.0
0.0
0.0
0.0
0.0
0.0
0.0
0.0
0.0
0.0
1.0
-1.0
0.0
0.0
0.0
0.0
0.0
0.0
0.0
0.0
0.0
0.0
0.0
-1.0
0.0
0.0
-1.0
0.0
0.0
0.0
-1.0
-1.0
0.0
0.0
0.0
0.0
0.0
0.0
0.0
0.0
0.0
0.0
0.0
0.0
0.0
0.0
0.0
0.0
0.0
0.0
0.0
1.0
0.0
0.0
0.0
0.0
0.0
0.0
1.0
0.0
0.0
0.0
0.0
0.0
0.0
0.0
0.0
0.0
0.0
1.0
0.0
0.0
0.0
0.0
0.0
0.0
0.0
0.0
0.0
0.0
0.0
0.0
0.0
0.0
0.0
0.0
0.0
1.0
0.0
-1.0
0.0
0.0
0.0
0.0
0.0
0.0
0.0
0.0
0.0
0.0
0.0
0.0
0.0
0.0
0.0
0.0
0.0
0.0
0.0
0.0
0.0
0.0
0.0
-1.0
0.0
0.0
0.0
0.0
0.0
0.0
0.0
0.0
0.0
0.0
0.0
0.0
0.0
0.0
0.0
0.0
0.0
0.0
0.0
0.0
0.0
0.0
0.0
0.0
0.0
0.0
0.0
0.0
0.0
0.0
0.0
-1.0
0.0
0.0
0.0
0.0
0.0
0.0
0.0
0.0
0.0
0.0
0.0
0.0
1.0
0.0
0.0
0.0
0.0
-1.0
0.0
0.0
0.0
0.0
0.0
0.0
0.0
0.0
0.0
0.0
0.0
0.0
0.0
0.0
0.0
0.0
0.0
0.0
0.0
0.0
0.0
0.0
0.0
0.0
0.0
0.0
0.0
0.0
0.0
0.0
2.0
0.0
0.0
0.0
0.0
0.0
0.0
0.0
1.0
0.0
0.0
1.0
0.0
0.0
0.0
0.0
0.0
0.0
0.0
0.0
0.0
0.0
0.0
0.0
0.0
0.0
0.0
0.0
0.0
0.0
0.0
0.0
0.0
0.0
1.0
0.0
0.0
0.0
0.0
-2.0
1.0
0.0
-1.0
0.0
0.0
0.0
-1.0
0.0
0.0
0.0
0.0
0.0
0.0
0.0
0.0
0.0
0.0
0.0
-1.0
0.0
0.0
0.0
0.0
0.0
0.0
0.0
0.0
0.0
0.0
0.0
0.0
0.0
1.0
0.0
1.0
0.0
0.0
0.0
0.0
0.0
0.0
0.0
0.0
0.0
0.0
0.0
0.0
0.0
0.0
0.0
0.0
0.0
0.0
0.0
0.0
0.0
0.0
0.0
0.0
0.0
-1.0
0.0
0.0
0.0
0.0
0.0
0.0
0.0
0.0
0.0
0.0
0.0
0.0
0.0
0.0
0.0
0.0
0.0
0.0
0.0
0.0
0.0
0.0
0.0
0.0
0.0
0.0
0.0
0.0
0.0
-1.0
0.0
1.0
0.0
0.0
0.0
0.0
0.0
-1.0
0.0
0.0
0.0
0.0
0.0
0.0
1.0
0.0
0.0
0.0
-1.0
0.0
0.0
0.0
0.0
0.0
0.0
0.0
0.0
0.0
1.0
0.0
-1.0
0.0
0.0
0.0
0.0
0.0
0.0
0.0
0.0
0.0
0.0
0.0
0.0
0.0
0.0
0.0
0.0
0.0
0.0
0.0
0.0
0.0
0.0
0.0
0.0
0.0
0.0
1.0
0.0
0.0
0.0
0.0
0.0
0.0
0.0
0.0
0.0
0.0
0.0
0.0
0.0
0.0
-1.0
0.0
0.0
0.0
0.0
0.0
0.0
0.0
0.0
0.0
0.0
0.0
0.0
0.0
0.0
1.0
0.0
0.0
0.0
0.0
0.0
0.0
0.0
0.0
0.0
0.0
0.0
0.0
0.0
0.0
0.0
0.0
0.0
0.0
0.0
0.0
0.0
0.0
0.0
0.0
0.0
0.0
0.0
0.0
0.0
0.0
0.0
0.0
1.0
0.0
-1.0
0.0
0.0
0.0
0.0
0.0
0.0
0.0
0.0
0.0
0.0
0.0
0.0
0.0
-1.0
0.0
0.0
0.0
0.0
0.0
0.0
0.0
0.0
0.0
0.0
0.0
0.0
0.0
0.0
0.0
0.0
0.0
0.0
0.0
0.0
0.0
0.0
0.0
1.0
0.0
0.0
1.0
0.0
0.0
0.0
1.0
0.0
0.0
0.0
0.0
0.0
0.0
0.0
0.0
0.0
0.0
0.0
0.0
0.0
0.0
0.0
0.0
0.0
0.0
-1.0
0.0
0.0
0.0
0.0
0.0
1.0
0.0
0.0
0.0
0.0
0.0
0.0
0.0
0.0
0.0
0.0
-1.0
1.0
0.0
0.0
0.0
0.0
0.0
0.0
0.0
0.0
-1.0
0.0
0.0
0.0
0.0
0.0
0.0
0.0
0.0
0.0
0.0
0.0
-1.0
0.0
0.0
1.0
0.0
0.0
0.0
0.0
0.0
0.0
0.0
-1.0
0.0
0.0
0.0
0.0
0.0
0.0
0.0
0.0
1.0
0.0
-1.0
0.0
0.0
0.0
0.0
0.0
0.0
0.0
0.0
0.0
0.0
0.0
0.0
0.0
0.0
0.0
0.0
0.0
1.0
1.0
0.0
0.0
0.0
0.0
0.0
0.0
1.0
0.0
0.0
0.0
0.0
0.0
0.0
0.0
0.0
0.0
0.0
0.0
0.0
0.0
0.0
0.0
0.0
0.0
0.0
-1.0
0.0
0.0
0.0
0.0
0.0
0.0
1.0
0.0
0.0
0.0
0.0
0.0
0.0
0.0
0.0
0.0
0.0
0.0
0.0
1.0
0.0
0.0
0.0
0.0
0.0
0.0
0.0
1.0
1.0
0.0
0.0
0.0
0.0
0.0
-1.0
0.0
0.0
0.0
0.0
0.0
0.0
0.0
0.0
-1.0
0.0
0.0
0.0
0.0
0.0
0.0
0.0
0.0
0.0
0.0
0.0
0.0
0.0
0.0
-1.0
0.0
0.0
0.0
0.0
0.0
0.0
0.0
0.0
0.0
-1.0
0.0
0.0
0.0
0.0
0.0
0.0
0.0
0.0
0.0
0.0
0.0
0.0
0.0
0.0
0.0
0.0
-2.0
0.0
0.0
0.0
0.0
0.0
0.0
0.0
0.0
0.0
0.0
0.0
0.0
0.0
0.0
0.0
0.0
0.0
0.0
0.0
0.0
0.0
0.0
0.0
0.0
-1.0
0.0
0.0
0.0
0.0
0.0
0.0
0.0
0.0
0.0
0.0
0.0
0.0
0.0
0.0
0.0
1.0
-1.0
0.0
0.0
0.0
0.0
0.0
0.0
0.0
0.0
0.0
0.0
0.0
0.0
0.0
0.0
0.0
0.0
0.0
1.0
0.0
0.0
0.0
0.0
0.0
0.0
0.0
0.0
0.0
0.0
0.0
0.0
0.0
0.0
0.0
0.0
0.0
0.0
0.0
0.0
0.0
0.0
0.0
0.0
0.0
0.0
0.0
0.0
0.0
0.0
0.0
0.0
0.0
0.0
0.0
0.0
0.0
0.0
0.0
0.0
0.0
0.0
0.0
0.0
0.0
0.0
0.0
0.0
0.0
0.0
0.0
0.0
0.0
0.0
0.0
0.0
0.0
0.0
0.0
0.0
0.0
0.0
0.0
0.0
0.0
0.0
0.0
0.0
0.0
0.0
0.0
0.0
0.0
0.0
0.0
0.0
0.0
0.0
0.0
0.0
0.0
0.0
0.0
0.0
0.0
0.0
0.0
0.0
0.0
0.0
0.0
0.0
0.0
0.0
0.0
0.0
0.0
0.0
0.0
0.0
0.0
0.0
0.0
0.0
0.0
0.0
0.0
0.0
0.0
0.0
0.0
0.0
0.0
0.0
0.0
0.0
0.0
0.0
0.0
0.0
0.0
0.0
0.0
0.0
0.0
0.0
0.0
0.0
0.0
0.0
0.0
0.0
0.0
140.0
91260.0
0.0
0.0
0.0
0.0
0.0
0.0
0.0
0.0
0.0
0.0
0.0
0.0
0.0
0.0
0.0
0.0
0.0
0.0
0.0
0.0
404.0
91804.0
0.0
0.0
0.0
0.0
