0.7504856
0.0028771623
0.0013410118
0.0013909311
0.0019241591
0.00074198114
0.00023371272
0.0004197753
0.0028408575
0.0004333896
0.0005604567
0.00028363193
0.0014975766
0.0007192906
0.0002246365
0.0009348509
0.0011889851
0.00038120133
0.00014975766
0.000122529
0.00085543393
0.001186716
0.00019060067
0.00016564106
0.00044473488
8.1686e-05
9.530033e-05
0.00013387427
0.00037439415
9.983844e-05
0.00010891467
0.00017925538
0.0015225363
0.00018833161
0.00011118372
0.00028817006
0.0004696945
0.00048330883
0.00011799089
8.8493165e-05
0.00022009839
0.00025186516
0.00011345278
0.000204215
0.00024278894
0.00014748861
0.0003017844
0.00015429578
0.0005173447
0.00044473488
0.0004991922
0.0012956307
0.0005037303
0.00062399026
0.0007442502
0.00053322804
0.00066029513
0.0008781245
0.0007964385
0.0015838008
0.0007147525
0.0009257746
0.0007919004
0.0005763401
0.00083728146
0.00088493165
0.0021397194
0.0030450725
0.0008531649
0.004563071
0.00081459095
0.0004628873
0.00075786456
0.00052868994
0.00039481567
0.00035397266
0.00055364956
0.0032447495
0.000612645
0.0003471655
0.0018265897
0.001756249
0.00134555
0.00062852836
0.00058087823
0.0034875383
0.0007646717
0.00045608016
0.00040843
0.00041523715
0.00033582022
0.0005264209
0.00036077984
0.00081912905
0.000735174
0.0005559186
0.00043565867
0.0010324203
0.00045154206
0.00085543393
0.0010846085
0.0017698633
0.0010324203
0.0005604567
0.0019241591
0.0010732632
0.002001307
0.0006829857
0.0014363121
0.00065575703
0.0010709942
0.0009348509
0.00074651925
0.00029043911
0.0010006535
0.0010051916
0.002491423
0.0022735936
0.0004946541
0.00047877073
0.00058087823
0.00058995443
0.00034262738
0.00060583785
0.0012684021
0.0016700248
0.00043112054
0.00032447494
0.0009643486
0.0008259362
0.00033128212
0.0052959756
0.0010051916
0.0024165441
0.00034262738
0.00033128212
0.00085543393
0.0031290276
0.0008395506
0.010573799
0.00090989127
0.0024051988
0.00039254662
0.00033582022
0.0006012997
0.00029270817
0.00024732706
0.00025640326
0.0009983844
0.0011118372
0.0002609414
0.00019740783
0.00026774855
0.00021329122
0.0005128065
0.0002495961
0.00068979285
0.00019513878
0.00018152445
0.0001270671
0.00032447494
0.00045154206
0.00014295049
0.00036531794
0.00025186516
0.0002654795
0.00013160522
0.00033582022
0.00051961374
0.00027228668
0.00035397266
0.00025186516
0.00021782934
0.0002291746
0.00012479805
0.00011345278
0.00029724627
0.000163372
0.0001588339
0.00014295049
0.00028817006
0.00023144366
0.0001588339
0.00011345278
0.00053322804
0.000245058
0.0002087531
0.00012479805
0.0002700176
0.0004129681
0.0005763401
0.00016791011
0.0019831546
0.0007737479
0.00049692317
0.0007034072
0.0018719708
0.00013160522
0.00036985605
0.0011640255
0.0004583492
0.0005082684
0.0001588339
4.991922e-05
0.05156202
8.8493165e-05
0.00032901304
0.00016564106
0.0005513805
0.00016110294
0.0008508958
0.0004288515
0.00040843
0.00013160522
0.00018833161
0.00018606255
0.00052415184
5.672639e-05
0.00013160522
0.00010437655
0.0005400352
4.3112053e-05
0.00024051989
0.00015429578
0.00066256424
0.00027228668
0.0002700176
0.00017017916
0.00044473488
0.00040162282
7.487883e-05
0.00025640326
0.0026230281
0.0008213981
0.0001837935
0.0014385812
0.0014476575
6.12645e-05
0.00014975766
0.00030859155
0.00073290494
0.00013841239
5.4457334e-05
0.00027228668
0.0018265897
0.00013614334
7.260978e-05
0.0005082684
0.001919621
0.00028136288
0.00034035833
0.00038347038
0.0027614406
0.00068979285
0.0009030841
0.0114156185
0.6875751
9.105478e-06
3.4145542e-06
6.8291083e-06
1.2520032e-05
2.2763695e-06
0.0
1.1381848e-06
7.967293e-06
4.552739e-06
7.967293e-06
3.4145542e-06
0.032637447
3.4145542e-06
4.552739e-06
0.0
0.004349004
2.9592804e-05
4.552739e-06
1.4796402e-05
1.4796402e-05
1.1381847e-05
3.4145542e-06
1.5934585e-05
1.1381847e-05
3.4145542e-06
1.1381847e-05
1.1381848e-06
1.1381847e-05
9.105478e-06
3.4145542e-06
0.00016731316
0.011034701
3.9836465e-05
2.9592804e-05
4.325102e-05
8.764023e-05
5.4632867e-05
0.00013316762
0.000103574814
3.9836465e-05
4.325102e-05
3.7560098e-05
2.162551e-05
0.002027107
3.414554e-05
2.162551e-05
0.00023446606
0.0076747797
4.325102e-05
5.4632867e-05
7.8534744e-05
6.373834e-05
3.186917e-05
0.00017528045
7.8534744e-05
1.934914e-05
3.7560098e-05
1.3658217e-05
1.4796402e-05
0.00082518393
0.00017528045
2.2763694e-05
1.4796402e-05
0.003894868
7.739656e-05
7.739656e-05
4.4389206e-05
8.0811114e-05
4.6665573e-05
0.000178695
8.422567e-05
5.349468e-05
1.1381847e-05
2.390188e-05
9.105478e-06
1.3658217e-05
1.5934585e-05
9.105478e-06
4.097465e-05
0.0037844642
6.829108e-05
9.67457e-05
2.162551e-05
6.71529e-05
2.7316433e-05
0.00012406214
0.000103574814
6.146198e-05
5.2356496e-05
2.8454619e-05
1.4796402e-05
3.9836465e-05
5.1218314e-05
1.1381847e-05
0.00010926573
0.00013885854
1.02436625e-05
7.0567454e-05
1.707277e-05
8.3087485e-05
3.9836465e-05
4.552739e-06
2.0487325e-05
5.008013e-05
3.4145542e-06
5.6909234e-06
5.6909234e-06
0.001694757
7.625838e-05
2.0487325e-05
8.99166e-05
0.003001393
1.02436625e-05
0.00012861488
6.71529e-05
7.398201e-05
4.325102e-05
0.00034828452
0.00020714963
1.1381847e-05
0.00013544399
1.2520032e-05
2.8454619e-05
8.19493e-05
4.2112835e-05
6.942927e-05
0.00040064103
0.0053756465
7.739656e-05
0.00013999672
0.0005918561
0.0004097465
0.00022308421
0.00094469334
0.00048941944
0.00014796402
4.780376e-05
6.487653e-05
8.422567e-05
0.00043706293
5.4632867e-05
0.000116094845
0.000119509394
0.0040826686
5.4632867e-05
0.0008581913
0.0008274603
0.00062144885
0.000326659
0.002378806
0.0012019231
0.000116094845
0.00012520033
7.398201e-05
7.625838e-05
8.877841e-05
0.00031527717
0.00021170235
0.00029592804
0.0034612198
2.162551e-05
0.00061575795
0.00034600816
0.00046551754
0.00039950284
0.0017391463
0.0010573736
0.00030617169
0.00047007028
0.0002162551
0.00022536058
0.00028226982
0.00015137857
0.00018893866
0.0017084153
0.0021659655
0.00024015698
0.0004541357
0.0036877184
0.00062486343
0.0005224268
0.0009071332
0.0007671365
0.0006351071
0.00040177922
0.00027430253
0.00027316433
0.0012269631
0.00034145542
0.00046665574
0.0009970499
0.004756474
0.00067949627
0.0002982044
0.0031835027
0.005882139
0.0052641043
0.0058741714
0.0048782597
0.0082381815
0.003049197
0.0013942763
0.0016503679
0.0051047583
0.0007068127
0.0013794799
0.003604631
0.02459162
0.0039460864
0.001823372
0.002563192
0.010494064
0.0070146327
0.0032791102
0.004861187
0.019464098
0.0016025641
0.0017676009
0.0014739492
0.0154997995
0.0024983154
0.0065513914
0.013781141
0.0026189631
0.00044275387
0.00022763695
0.00037560097
0.0011404611
0.0007170564
0.0004632412
0.0004848667
0.0016378479
0.0002595061
0.00039039736
0.00017414226
0.001016399
0.00023446606
0.0005315323
0.00094014057
0.0
0.0
0.0
0.0
0.0
0.0
0.0
0.0
0.0
0.0
0.0
0.0
0.0
0.0
0.0
0.0
823.0
18.236938
15009.0
0.026850557
0.0015990406
0.0007328936
0.0033979611
0.0009327737
0.0048637483
0.0015324139
0.0009994004
0.0019321741
0.0017989207
0.0012659071
0.0007328936
0.0013325338
0.0023319342
0.0057298956
0.0020654274
0.0061962823
0.006729296
0.0076620695
0.0077953227
0.008927977
0.01106003
0.013924979
0.009527617
0.009994004
0.015790526
0.013525218
0.013858352
0.011792924
0.014457992
0.01792258
0.009194483
0.0078619495
0.015857153
0.011459791
0.013791725
0.009727497
0.011926178
0.0187221
0.009727497
0.00926111
0.012725698
0.00806183
0.009727497
0.010327137
0.009994004
0.014791125
0.0076620695
0.011593044
0.008128456
0.007928576
0.010327137
0.0059964024
0.0073955627
0.00946099
0.0039309748
0.0063961623
0.004530615
0.0031980812
0.0033979611
0.0037977214
0.003664468
0.0029982012
0.005196882
0.004997002
0.020854155
0.00806183
0.015990406
0.020254513
0.04310747
0.011659671
0.010993404
0.017189687
0.023319341
0.006462789
0.0097941235
0.030648278
0.014657872
0.026650677
0.024451995
0.015857153
0.0062629087
0.022986209
0.018655473
0.034712505
0.017589446
0.008328336
0.008661469
0.010726897
0.008927977
0.005130255
0.0073955627
0.011726297
0.00846159
0.005396762
0.004064228
6.231248
0.0
0.0
0.0
3.0
440712.0
425984.0
1.0
0.0
65.0
1.0
1.0
0.0
0.0
0.0
1329399600.0
0.0
0.0
0.0
0.0
0.0
1.0
0.0
0.0
0.0
0.0
0.0
0.0
-1.0
1.0
-1.0
-1.0
0.0
0.0
0.0
0.0
0.0
0.0
0.0
0.0
0.0
0.0
0.0
0.0
-1.0
0.0
0.0
0.0
0.0
0.0
0.0
0.0
0.0
0.0
0.0
0.0
0.0
-1.0
0.0
0.0
0.0
0.0
0.0
0.0
0.0
0.0
0.0
0.0
6.0
0.0
4.0
0.0
4.0
0.0
155648.0
4096.0
4096.0
6.0
0.0
0.0
2.0
4.0
0.0
0.0
0.0
0.0
0.0
-159744.0
0.0
0.0
0.0
0.0
0.0
0.0
0.0
0.0
8192.0
0.0
0.0
0.0
0.0
0.0
0.0
0.0
0.0
0.0
0.0
0.0
0.0
0.0
0.0
0.0
0.0
0.0
-8192.0
0.0
0.0
0.0
0.0
0.0
0.0
0.0
0.0
-155648.0
-4096.0
12288.0
0.0
0.0
0.0
0.0
0.0
0.0
0.0
0.0
0.0
0.0
0.0
-0.344326
0.0
0.0
0.0
0.0
0.0
0.0
0.0
0.0
5.06178
0.0
0.0
0.0
0.0
0.0
0.0
0.0
0.0
0.0
0.0
0.0
0.0
0.0
0.0
0.0
0.0
0.0
-0.8712558
0.0
0.0
0.0
0.0
0.0
0.0
0.0
0.0
-3.8899994
-4.2082253
2.6595054
0.0
0.0
0.0
0.0
0.0
0.0
0.0
0.0
0.0
0.0
0.0
-159744.0
0.0
0.0
0.0
0.0
0.0
0.0
0.0
0.0
7190.0
0.0
0.0
0.0
0.0
0.0
0.0
0.0
0.0
0.0
0.0
0.0
0.0
0.0
0.0
0.0
0.0
0.0
-78372.0
0.0
0.0
0.0
0.0
0.0
0.0
0.0
0.0
-153280.0
-2633.0
10640.0
0.0
0.0
0.0
0.0
0.0
0.0
0.0
0.0
0.0
-1.0
0.0
0.0
0.0
0.0
0.0
1.0
0.0
0.0
0.0
0.0
0.0
0.0
0.0
0.0
0.0
0.0
0.0
0.0
0.0
0.0
0.0
0.0
0.0
0.0
0.0
0.0
0.0
0.0
0.0
0.0
0.0
0.0
0.0
0.0
0.0
-2.0
0.0
0.0
0.0
1.0
0.0
0.0
0.0
0.0
0.0
0.0
0.0
0.0
0.0
0.0
0.0
0.0
0.0
0.0
0.0
0.0
0.0
0.0
0.0
-1.0
0.0
0.0
0.0
0.0
0.0
0.0
0.0
0.0
0.0
1.0
0.0
0.0
0.0
0.0
1.0
0.0
0.0
0.0
0.0
0.0
0.0
0.0
0.0
1.0
0.0
0.0
0.0
0.0
0.0
0.0
0.0
0.0
0.0
0.0
0.0
0.0
0.0
0.0
0.0
0.0
0.0
0.0
0.0
0.0
0.0
0.0
0.0
0.0
0.0
0.0
0.0
0.0
0.0
0.0
0.0
0.0
0.0
0.0
0.0
0.0
0.0
0.0
0.0
0.0
0.0
0.0
-1.0
0.0
0.0
0.0
0.0
0.0
0.0
0.0
0.0
0.0
0.0
0.0
0.0
-1.0
0.0
0.0
0.0
0.0
0.0
0.0
0.0
0.0
0.0
0.0
0.0
0.0
0.0
0.0
0.0
0.0
0.0
0.0
0.0
0.0
0.0
0.0
0.0
0.0
0.0
0.0
0.0
0.0
0.0
0.0
0.0
0.0
0.0
0.0
0.0
0.0
0.0
0.0
0.0
0.0
0.0
0.0
0.0
0.0
0.0
0.0
0.0
0.0
0.0
0.0
0.0
0.0
0.0
0.0
0.0
0.0
-1.0
0.0
0.0
0.0
0.0
0.0
0.0
0.0
0.0
0.0
0.0
0.0
0.0
0.0
0.0
0.0
0.0
1.0
0.0
0.0
0.0
0.0
0.0
0.0
0.0
0.0
0.0
0.0
0.0
0.0
0.0
0.0
0.0
0.0
0.0
0.0
0.0
0.0
0.0
0.0
0.0
0.0
0.0
0.0
0.0
0.0
0.0
0.0
0.0
0.0
0.0
0.0
0.0
0.0
0.0
0.0
0.0
0.0
0.0
0.0
0.0
0.0
0.0
0.0
0.0
0.0
0.0
0.0
0.0
0.0
0.0
0.0
0.0
0.0
0.0
0.0
0.0
0.0
0.0
0.0
0.0
0.0
0.0
0.0
0.0
0.0
0.0
0.0
0.0
0.0
0.0
0.0
0.0
0.0
0.0
0.0
0.0
0.0
0.0
0.0
0.0
0.0
0.0
0.0
0.0
0.0
0.0
0.0
0.0
0.0
0.0
0.0
0.0
0.0
0.0
0.0
0.0
0.0
0.0
0.0
0.0
0.0
0.0
0.0
0.0
0.0
0.0
0.0
0.0
0.0
0.0
0.0
0.0
0.0
0.0
0.0
0.0
0.0
0.0
0.0
0.0
0.0
0.0
0.0
0.0
0.0
0.0
0.0
0.0
0.0
0.0
0.0
0.0
0.0
0.0
0.0
0.0
-1.0
0.0
0.0
0.0
0.0
0.0
0.0
0.0
0.0
0.0
0.0
0.0
1.0
0.0
0.0
0.0
0.0
0.0
0.0
0.0
0.0
0.0
0.0
0.0
0.0
0.0
0.0
0.0
0.0
0.0
0.0
0.0
0.0
0.0
0.0
0.0
0.0
0.0
0.0
0.0
0.0
-1.0
0.0
0.0
0.0
0.0
0.0
0.0
0.0
0.0
0.0
0.0
0.0
0.0
0.0
0.0
0.0
0.0
0.0
0.0
0.0
0.0
0.0
0.0
0.0
0.0
0.0
0.0
0.0
0.0
0.0
0.0
0.0
0.0
0.0
0.0
0.0
0.0
0.0
0.0
0.0
0.0
0.0
0.0
0.0
0.0
0.0
0.0
0.0
0.0
0.0
0.0
0.0
0.0
0.0
0.0
0.0
0.0
0.0
0.0
0.0
0.0
0.0
0.0
0.0
1.0
0.0
0.0
0.0
0.0
0.0
0.0
0.0
0.0
0.0
0.0
0.0
0.0
0.0
0.0
0.0
0.0
0.0
0.0
0.0
0.0
0.0
0.0
0.0
0.0
-1.0
0.0
0.0
0.0
0.0
0.0
0.0
0.0
0.0
0.0
0.0
0.0
0.0
0.0
0.0
0.0
0.0
0.0
0.0
0.0
0.0
0.0
0.0
0.0
0.0
0.0
0.0
0.0
0.0
0.0
0.0
0.0
0.0
0.0
0.0
0.0
0.0
0.0
0.0
0.0
0.0
0.0
0.0
0.0
0.0
0.0
0.0
0.0
0.0
0.0
0.0
0.0
0.0
0.0
0.0
0.0
0.0
0.0
0.0
0.0
0.0
0.0
0.0
0.0
0.0
0.0
0.0
0.0
0.0
0.0
0.0
0.0
0.0
0.0
0.0
0.0
0.0
0.0
0.0
0.0
0.0
0.0
0.0
0.0
0.0
0.0
0.0
0.0
0.0
0.0
-1.0
0.0
0.0
0.0
0.0
0.0
0.0
0.0
0.0
0.0
0.0
0.0
0.0
0.0
0.0
0.0
0.0
0.0
0.0
0.0
0.0
0.0
0.0
0.0
0.0
0.0
0.0
0.0
0.0
0.0
0.0
1.0
0.0
0.0
0.0
0.0
0.0
0.0
0.0
0.0
0.0
0.0
0.0
0.0
0.0
0.0
0.0
-1.0
0.0
0.0
0.0
0.0
0.0
0.0
0.0
0.0
0.0
0.0
0.0
-1.0
0.0
0.0
0.0
0.0
0.0
0.0
-1.0
0.0
0.0
0.0
0.0
0.0
0.0
0.0
0.0
0.0
0.0
0.0
0.0
0.0
0.0
0.0
0.0
0.0
0.0
0.0
0.0
0.0
0.0
0.0
0.0
0.0
0.0
0.0
0.0
0.0
0.0
0.0
0.0
0.0
0.0
0.0
-1.0
0.0
0.0
1.0
0.0
0.0
0.0
0.0
0.0
0.0
0.0
0.0
0.0
0.0
0.0
0.0
0.0
0.0
0.0
0.0
0.0
0.0
0.0
0.0
0.0
0.0
0.0
0.0
0.0
0.0
0.0
0.0
0.0
0.0
0.0
0.0
0.0
0.0
0.0
0.0
0.0
0.0
0.0
0.0
0.0
0.0
0.0
-1.0
0.0
0.0
0.0
-1.0
0.0
0.0
0.0
0.0
0.0
0.0
0.0
0.0
0.0
0.0
0.0
0.0
0.0
0.0
0.0
0.0
0.0
0.0
0.0
0.0
0.0
0.0
0.0
0.0
0.0
0.0
0.0
0.0
0.0
0.0
0.0
0.0
0.0
0.0
1.0
0.0
0.0
0.0
0.0
0.0
0.0
0.0
0.0
0.0
0.0
-1.0
0.0
1.0
0.0
0.0
0.0
0.0
0.0
0.0
0.0
0.0
0.0
0.0
0.0
0.0
0.0
0.0
0.0
0.0
0.0
0.0
0.0
0.0
0.0
0.0
0.0
0.0
0.0
0.0
0.0
0.0
1.0
0.0
0.0
0.0
0.0
0.0
0.0
0.0
0.0
0.0
0.0
0.0
0.0
0.0
0.0
0.0
0.0
0.0
0.0
0.0
0.0
0.0
0.0
0.0
0.0
0.0
0.0
0.0
0.0
0.0
0.0
0.0
0.0
0.0
0.0
0.0
0.0
0.0
0.0
-1.0
0.0
0.0
0.0
0.0
0.0
0.0
0.0
0.0
0.0
0.0
0.0
0.0
0.0
0.0
0.0
0.0
0.0
0.0
-1.0
0.0
0.0
0.0
0.0
0.0
0.0
0.0
0.0
0.0
0.0
0.0
0.0
0.0
0.0
0.0
0.0
0.0
0.0
0.0
0.0
0.0
0.0
0.0
0.0
0.0
0.0
0.0
0.0
0.0
0.0
0.0
0.0
0.0
0.0
0.0
0.0
0.0
0.0
0.0
0.0
0.0
0.0
0.0
0.0
0.0
0.0
0.0
0.0
0.0
0.0
0.0
0.0
1.0
0.0
0.0
0.0
0.0
0.0
0.0
0.0
0.0
0.0
0.0
0.0
0.0
0.0
0.0
0.0
1.0
0.0
0.0
-2.0
0.0
0.0
0.0
0.0
0.0
0.0
0.0
0.0
0.0
0.0
1.0
0.0
0.0
0.0
1.0
0.0
0.0
1.0
-1.0
0.0
0.0
0.0
0.0
0.0
0.0
0.0
0.0
0.0
0.0
0.0
-1.0
-1.0
0.0
0.0
0.0
0.0
0.0
1.0
0.0
0.0
0.0
0.0
0.0
0.0
0.0
0.0
0.0
0.0
0.0
0.0
0.0
0.0
0.0
0.0
0.0
1.0
0.0
1.0
0.0
0.0
0.0
0.0
0.0
0.0
0.0
0.0
0.0
0.0
0.0
0.0
0.0
0.0
-1.0
0.0
0.0
0.0
0.0
0.0
0.0
0.0
0.0
0.0
0.0
0.0
0.0
0.0
0.0
1.0
0.0
0.0
0.0
0.0
0.0
0.0
0.0
0.0
0.0
1.0
0.0
0.0
0.0
0.0
0.0
0.0
0.0
0.0
0.0
0.0
0.0
0.0
0.0
0.0
0.0
0.0
0.0
0.0
0.0
0.0
0.0
0.0
0.0
0.0
0.0
0.0
0.0
0.0
0.0
0.0
0.0
0.0
0.0
0.0
0.0
-1.0
0.0
0.0
-1.0
0.0
0.0
0.0
0.0
0.0
0.0
0.0
0.0
0.0
0.0
0.0
0.0
0.0
0.0
0.0
0.0
0.0
0.0
-1.0
0.0
0.0
0.0
0.0
1.0
0.0
0.0
0.0
0.0
0.0
0.0
1.0
0.0
0.0
0.0
0.0
0.0
0.0
0.0
0.0
0.0
0.0
0.0
0.0
0.0
0.0
0.0
0.0
0.0
0.0
0.0
0.0
-1.0
0.0
0.0
0.0
0.0
0.0
0.0
0.0
0.0
0.0
0.0
0.0
0.0
0.0
-1.0
-1.0
0.0
0.0
0.0
0.0
0.0
0.0
0.0
0.0
0.0
-1.0
0.0
0.0
0.0
0.0
0.0
0.0
0.0
0.0
0.0
0.0
0.0
-1.0
0.0
0.0
1.0
0.0
0.0
0.0
0.0
0.0
0.0
0.0
0.0
0.0
0.0
0.0
0.0
0.0
0.0
0.0
0.0
-1.0
0.0
-1.0
1.0
0.0
0.0
0.0
0.0
1.0
0.0
0.0
0.0
0.0
0.0
0.0
0.0
0.0
0.0
0.0
0.0
0.0
1.0
0.0
0.0
0.0
-1.0
0.0
0.0
0.0
0.0
0.0
0.0
0.0
0.0
1.0
0.0
0.0
0.0
0.0
0.0
0.0
0.0
0.0
0.0
0.0
0.0
0.0
0.0
0.0
0.0
0.0
0.0
1.0
0.0
0.0
0.0
0.0
0.0
0.0
-1.0
0.0
0.0
0.0
0.0
0.0
0.0
0.0
0.0
0.0
0.0
0.0
0.0
0.0
0.0
0.0
0.0
0.0
0.0
0.0
0.0
0.0
0.0
-1.0
0.0
0.0
0.0
0.0
0.0
0.0
0.0
0.0
0.0
0.0
0.0
0.0
0.0
0.0
0.0
0.0
0.0
0.0
0.0
0.0
0.0
0.0
0.0
-1.0
0.0
0.0
0.0
0.0
0.0
0.0
0.0
0.0
0.0
0.0
0.0
0.0
0.0
0.0
0.0
0.0
0.0
0.0
0.0
0.0
0.0
0.0
0.0
0.0
0.0
-1.0
-1.0
0.0
0.0
0.0
0.0
0.0
0.0
0.0
0.0
0.0
0.0
0.0
0.0
0.0
0.0
0.0
0.0
0.0
0.0
0.0
0.0
0.0
0.0
0.0
0.0
-1.0
0.0
0.0
0.0
0.0
0.0
0.0
0.0
0.0
0.0
0.0
0.0
0.0
0.0
0.0
0.0
0.0
0.0
0.0
0.0
0.0
0.0
0.0
0.0
0.0
0.0
0.0
0.0
0.0
0.0
0.0
0.0
0.0
0.0
0.0
0.0
0.0
0.0
0.0
0.0
0.0
0.0
0.0
0.0
0.0
0.0
0.0
0.0
0.0
0.0
0.0
0.0
0.0
0.0
0.0
0.0
0.0
0.0
0.0
0.0
0.0
0.0
0.0
0.0
0.0
0.0
0.0
0.0
0.0
0.0
0.0
0.0
0.0
0.0
0.0
0.0
0.0
0.0
0.0
0.0
0.0
0.0
0.0
0.0
0.0
0.0
0.0
0.0
0.0
0.0
0.0
0.0
0.0
0.0
0.0
0.0
0.0
0.0
0.0
0.0
0.0
0.0
0.0
0.0
0.0
0.0
0.0
0.0
0.0
0.0
0.0
0.0
0.0
0.0
0.0
0.0
0.0
0.0
0.0
0.0
0.0
0.0
0.0
0.0
0.0
0.0
0.0
0.0
0.0
0.0
0.0
0.0
0.0
0.0
0.0
0.0
0.0
0.0
0.0
0.0
0.0
0.0
0.0
0.0
0.0
0.0
0.0
0.0
0.0
0.0
0.0
0.0
0.0
0.0
0.0
0.0
0.0
0.0
0.0
0.0
0.0
0.0
0.0
0.0
0.0
0.0
0.0
0.0
0.0
100.0
249856.0
10640.0
253952.0
0.0
0.0
0.0
0.0
4028.0
266240.0
28.0
159744.0
0.0
0.0
0.0
0.0
0.0
0.0
0.0
0.0
0.0
0.0
484.0
250440.0
0.0
0.0
0.0
0.0
