0.0029882097
6.199662e-05
3.3678873e-05
3.0792115e-05
5.471099e-05
2.5843381e-05
1.2234366e-05
1.3609015e-05
6.845747e-05
1.3059155e-05
1.5670987e-05
9.622536e-06
4.2614087e-05
1.8282817e-05
8.110423e-06
3.1479438e-05
3.958986e-05
6.3233806e-06
4.536338e-06
4.811268e-06
1.4571268e-05
2.0482254e-05
4.2614083e-06
3.8490143e-06
1.3059155e-05
3.7115494e-06
3.0242254e-06
3.0242254e-06
7.835493e-06
3.5740845e-06
3.5740845e-06
4.673803e-06
6.3233805e-05
4.811268e-06
3.5740845e-06
5.6360564e-06
3.2029297e-05
6.4608453e-06
3.0242254e-06
1.6495775e-06
7.5605635e-06
6.7357746e-06
1.7870423e-06
8.110423e-06
4.3988734e-06
3.299155e-06
1.7045633e-05
2.1994367e-06
1.7045633e-05
4.2614083e-06
6.1859155e-06
3.0242254e-05
7.0107044e-06
1.0997183e-05
6.048451e-06
3.5740845e-06
1.1134648e-05
1.0309859e-05
6.1859155e-06
2.0894648e-05
7.972958e-06
6.59831e-06
4.1239437e-06
4.3988734e-06
0.000119456905
1.5808451e-05
7.148169e-06
1.1821972e-05
3.615324e-05
5.5535776e-05
2.2819155e-05
1.6220845e-05
1.635831e-05
1.1821972e-05
4.811268e-06
3.299155e-06
1.0859719e-05
3.2854085e-05
6.8732397e-06
6.4608453e-06
3.8765073e-05
1.4433803e-05
1.5808451e-05
2.5568452e-05
1.01723945e-05
2.4743662e-05
2.2819155e-05
2.0619718e-05
8.247887e-06
2.0619718e-05
3.1616903e-06
6.8732397e-06
7.972958e-06
1.1547043e-05
1.4433803e-05
1.1547043e-05
5.4985917e-06
3.67031e-05
5.223662e-06
1.4846198e-05
1.7870423e-05
6.804507e-05
1.5396057e-05
9.347606e-06
2.5293522e-05
3.4778594e-05
2.4468733e-05
6.3233806e-06
2.639324e-05
1.0447324e-05
2.955493e-05
3.7527887e-05
3.3129014e-05
2.3369014e-06
4.0002255e-05
2.8867606e-05
8.8527326e-05
7.34062e-05
1.1409577e-05
1.1684508e-05
1.7320564e-05
7.835493e-06
2.7492958e-06
6.59831e-06
1.4571268e-05
1.635831e-05
4.536338e-06
3.5740845e-06
3.642817e-05
1.2371831e-05
4.3988734e-06
9.3888455e-05
1.6220845e-05
4.2614087e-05
1.6495775e-06
2.3369014e-06
2.1581973e-05
5.278648e-05
1.663324e-05
0.00013114141
3.8490143e-06
4.7150425e-05
5.223662e-06
9.072676e-06
0.99325037
1.9245072e-06
1.0997184e-06
2.0619718e-06
3.299155e-06
1.1409577e-05
4.536338e-06
4.1239437e-06
2.3369014e-06
2.1994367e-06
8.2478874e-07
1.7870423e-06
2.0619718e-06
4.1239437e-07
2.1994367e-06
1.5670987e-05
1.0309859e-05
8.797747e-06
3.1616903e-06
7.5605635e-06
2.4743663e-06
3.0242254e-06
1.3746479e-06
9.622536e-07
4.673803e-06
2.0619718e-06
1.3746479e-06
1.7870423e-06
1.9245072e-06
2.749296e-07
5.498592e-07
6.8732396e-07
3.0242254e-06
6.8732396e-07
1.0997184e-06
5.6360564e-06
1.319662e-05
1.2371831e-06
3.4366199e-06
5.361127e-06
7.148169e-06
1.7870423e-06
2.7492958e-06
2.0619718e-06
2.0619718e-06
3.1616903e-06
6.59831e-06
4.1239437e-06
3.6840564e-05
2.0482254e-05
6.3233806e-06
3.065465e-05
2.378141e-05
1.6495775e-06
1.0309859e-05
2.6668169e-05
1.0584789e-05
9.072676e-06
2.611831e-06
2.3369014e-06
1.0997183e-05
1.3746479e-06
2.8867607e-06
3.7115494e-06
5.0861972e-06
6.1859155e-06
7.5605635e-06
4.2614083e-06
3.1616903e-06
1.0997184e-06
1.7870423e-06
1.7870423e-06
7.5605635e-06
1.3746479e-06
2.611831e-06
3.986479e-06
4.673803e-06
5.498592e-07
1.7870423e-06
1.7870423e-06
1.0722254e-05
3.4366199e-06
1.3746479e-06
1.2371831e-06
7.285634e-06
2.8867607e-06
4.1239437e-06
1.6495775e-06
5.567324e-05
1.5396057e-05
2.611831e-06
3.5465917e-05
1.9657466e-05
1.2371831e-06
2.4743663e-06
4.1239437e-06
1.9657466e-05
3.7115494e-06
8.2478874e-07
7.698029e-06
1.7595494e-05
1.2371831e-06
1.6908169e-05
2.5843381e-05
3.5740846e-05
9.897465e-06
5.223662e-06
5.910986e-06
3.8627608e-05
6.048451e-06
1.0584789e-05
0.00018750198
0.0008447135
0.0
0.0
0.0
0.0
0.0
0.0
0.0
0.0
0.99324226
0.0
0.0
0.0
0.0
0.0
0.0
0.00013116156
0.0
4.8120074e-07
5.499437e-07
8.249155e-07
4.8120074e-07
5.086979e-06
2.1310318e-06
0.0
0.0
0.0
6.874296e-08
0.0
0.0
0.0
0.0
0.0
0.0
0.0
0.0
0.0
0.0
0.0
0.0
0.0
0.0
0.0
0.0
0.0
0.0
0.0
0.0
0.0001244935
1.0998874e-06
1.3748593e-06
1.3748593e-07
1.2373733e-06
2.4060037e-06
3.437148e-06
1.5810881e-06
3.4371482e-07
2.0622888e-07
2.0622888e-07
3.4371482e-07
4.8120074e-07
1.3748593e-07
7.5617254e-07
2.5434895e-06
0.00018636217
6.874296e-08
1.3748593e-07
2.0622888e-07
4.055835e-06
2.3372606e-06
1.113636e-05
6.2556096e-06
0.0
7.0392794e-05
6.874296e-08
2.7497185e-07
1.3748593e-07
6.874296e-08
6.874296e-08
0.0
0.00011686303
3.437148e-06
3.0934332e-06
3.2309192e-06
1.5810881e-06
1.0998874e-06
2.5434895e-06
7.5617254e-07
2.8872043e-06
4.8120074e-07
1.3061162e-06
2.0622888e-07
4.1245775e-07
7.5617254e-07
4.1245775e-07
1.718574e-06
0.00029607594
1.3748593e-06
1.4642251e-05
7.218011e-06
1.9797973e-05
1.0311444e-05
4.4064236e-05
2.0141688e-05
2.6122325e-06
4.1245775e-07
2.0622888e-07
8.249155e-07
8.9365847e-07
2.0622888e-07
8.249155e-07
2.7497185e-06
0.0001689702
8.249155e-07
1.7048254e-05
4.193321e-06
7.011782e-06
5.293208e-06
5.265711e-05
2.2410206e-05
4.8120074e-07
4.1245775e-07
2.7497185e-07
4.1245775e-07
4.1245775e-07
4.1245775e-07
3.4371482e-07
4.1245775e-07
0.0004453169
1.1480074e-05
1.8010656e-05
1.8216884e-05
2.0004201e-05
1.532968e-05
4.365178e-05
3.718994e-05
3.0246903e-05
5.018236e-06
3.71212e-06
3.5746339e-06
1.0655159e-05
3.0934332e-06
9.417786e-06
2.9009529e-05
0.00027160344
3.299662e-06
2.3235121e-05
1.601711e-05
3.849606e-05
1.8629342e-05
9.6996315e-05
5.9050202e-05
1.0723902e-05
1.718574e-06
8.9365847e-07
3.6433769e-06
2.8872043e-06
1.0998874e-06
1.649831e-06
1.3198648e-05
0.0
0.0
0.0
0.0
0.0
0.0
0.0
0.0
0.0
0.0
0.0
0.0
0.0
0.0
0.0
0.0
3.5815083e-05
1.718574e-06
9.0740705e-06
5.086979e-06
8.042926e-06
4.6057785e-06
3.80836e-05
2.6878497e-05
3.780863e-06
1.7873169e-06
8.9365847e-07
6.8742963e-07
8.9365847e-07
1.0311444e-06
7.5617254e-07
1.649831e-06
7.1217706e-05
7.355497e-06
3.1621762e-06
2.8184613e-06
2.0966603e-05
1.6360824e-05
5.018236e-06
8.249155e-06
4.763887e-05
7.218011e-06
1.85606e-06
3.505891e-06
1.5948366e-05
1.5123451e-06
1.924803e-05
4.949493e-05
0.0003867479
5.3963224e-05
3.7671143e-05
4.7501388e-05
0.00014731617
9.637763e-05
3.2377935e-05
8.551624e-05
0.00023132007
2.8459586e-05
1.7048254e-05
2.3235121e-05
8.854093e-05
2.0829117e-05
7.5892225e-05
0.0001758445
0.00029545726
5.52006e-05
4.2276923e-05
5.1694708e-05
0.00010778896
8.173538e-05
2.9284502e-05
9.122191e-05
0.0001670454
1.7048254e-05
2.4335008e-05
2.6259811e-05
7.8573205e-05
2.5984838e-05
5.9256432e-05
0.00011390709
0.0
0.0
0.0
0.0
0.0
0.0
0.0
0.0
0.0
0.0
0.0
0.0
0.0
0.0
0.0
0.0
244.0
17.40164
4246.0
0.06877061
0.002119642
0.00070654735
0.00023551578
0.0009420631
0.0014130947
0.0
0.00023551578
0.0049458314
0.0044747996
0.0
0.00047103156
0.0
0.003061705
0.023787094
0.0011775789
0.010362694
0.0035327368
0.006594442
0.013895431
0.002119642
0.005416863
0.0070654736
0.0025906735
0.0037682524
0.0025906735
0.002119642
0.00047103156
0.00023551578
0.00023551578
0.00023551578
0.00047103156
0.0025906735
0.010127178
0.003297221
0.008714084
0.013424399
0.008243052
0.0073009892
0.0073009892
0.0058878944
0.0037682524
0.0009420631
0.0014130947
0.0035327368
0.0068299575
0.0025906735
0.003297221
0.009185116
0.00070654735
0.008243052
0.013424399
0.0044747996
0.003061705
0.005181347
0.010127178
0.0011775789
0.00070654735
0.00070654735
0.00047103156
0.004239284
0.00047103156
0.00047103156
0.00070654735
0.0016486105
0.053697597
0.005652379
0.02119642
0.018370232
0.10268488
0.009185116
0.011304758
0.013188884
0.049929347
0.0011775789
0.006594442
0.035562884
0.015308525
0.04404145
0.05416863
0.019783325
0.0
0.04757419
0.036504947
0.050635893
0.022373999
0.0068299575
0.008714084
0.020489873
0.0049458314
0.0023551579
0.008243052
0.0
0.0
0.0
0.0011775789
5.3352017
2.0
0.0
0.0
1.0
7274590.0
57344.0
0.0
0.0
54.0
0.0
1.0
0.0
0.0
0.0
1083884500.0
0.0
0.0
0.0
0.0
0.0
1.0
0.0
0.0
0.0
0.0
0.0
0.0
-1.0
0.0
-1.0
-1.0
0.0
0.0
0.0
0.0
0.0
0.0
0.0
0.0
0.0
0.0
0.0
0.0
-1.0
0.0
0.0
0.0
0.0
0.0
0.0
0.0
0.0
0.0
0.0
0.0
0.0
-1.0
0.0
0.0
0.0
0.0
0.0
0.0
0.0
0.0
0.0
0.0
6.0
0.0
4.0
0.0
4.0
0.0
24576.0
4096.0
4096.0
5.0
0.0
0.0
1.0
1.0
0.0
0.0
4096.0
0.0
0.0
0.0
0.0
0.0
0.0
0.0
0.0
0.0
0.0
0.0
4096.0
0.0
0.0
0.0
0.0
0.0
0.0
0.0
0.0
0.0
0.0
0.0
0.0
0.0
0.0
0.0
0.0
0.0
-8192.0
0.0
0.0
0.0
0.0
0.0
0.0
0.0
0.0
-24576.0
0.0
4096.0
0.0
0.0
0.0
0.0
0.0
0.0
0.0
0.0
0.0
0.0
0.0
0.0
0.0
0.0
0.0
0.0
0.0
0.0
0.0
0.0
5.6636963
0.0
0.0
0.0
0.0
0.0
0.0
0.0
0.0
0.0
0.0
0.0
0.0
0.0
0.0
0.0
0.0
0.0
-3.5543168
0.0
0.0
0.0
0.0
0.0
0.0
0.0
0.0
-6.5496798
0.0
3.7997313
0.0
0.0
0.0
0.0
0.0
0.0
0.0
0.0
3942.0
0.0
0.0
0.0
0.0
0.0
0.0
0.0
0.0
0.0
0.0
0.0
2476.0
0.0
0.0
0.0
0.0
0.0
0.0
0.0
0.0
0.0
0.0
0.0
0.0
0.0
0.0
0.0
0.0
0.0
-13432.0
0.0
0.0
0.0
0.0
0.0
0.0
0.0
0.0
-23376.0
0.0
2392.0
0.0
0.0
0.0
0.0
0.0
0.0
0.0
0.0
0.0
-1.0
0.0
0.0
0.0
0.0
0.0
1.0
0.0
0.0
0.0
0.0
0.0
0.0
0.0
0.0
0.0
0.0
0.0
0.0
0.0
0.0
0.0
0.0
0.0
0.0
0.0
0.0
0.0
0.0
0.0
0.0
0.0
0.0
0.0
0.0
0.0
-2.0
0.0
0.0
0.0
1.0
0.0
0.0
0.0
0.0
0.0
0.0
0.0
0.0
0.0
0.0
0.0
0.0
0.0
0.0
0.0
0.0
0.0
0.0
0.0
-1.0
0.0
0.0
0.0
0.0
0.0
0.0
0.0
0.0
0.0
1.0
0.0
0.0
0.0
0.0
1.0
0.0
0.0
0.0
0.0
0.0
0.0
0.0
0.0
0.0
0.0
0.0
0.0
0.0
0.0
0.0
0.0
0.0
0.0
0.0
0.0
0.0
0.0
0.0
0.0
0.0
0.0
0.0
0.0
0.0
0.0
0.0
0.0
0.0
0.0
0.0
0.0
0.0
0.0
0.0
0.0
0.0
0.0
0.0
0.0
0.0
0.0
0.0
0.0
0.0
0.0
0.0
-1.0
0.0
0.0
0.0
0.0
0.0
0.0
0.0
0.0
0.0
0.0
0.0
0.0
0.0
0.0
0.0
0.0
0.0
0.0
0.0
0.0
0.0
0.0
0.0
0.0
0.0
0.0
0.0
0.0
0.0
0.0
0.0
0.0
0.0
0.0
0.0
0.0
0.0
0.0
0.0
0.0
0.0
0.0
0.0
0.0
0.0
0.0
0.0
0.0
0.0
0.0
0.0
0.0
0.0
0.0
0.0
0.0
0.0
0.0
0.0
0.0
0.0
0.0
0.0
0.0
0.0
0.0
0.0
0.0
0.0
-1.0
0.0
0.0
0.0
0.0
0.0
0.0
0.0
0.0
0.0
0.0
0.0
0.0
0.0
0.0
0.0
0.0
1.0
0.0
0.0
0.0
0.0
0.0
0.0
0.0
0.0
0.0
0.0
0.0
0.0
0.0
0.0
0.0
0.0
0.0
0.0
0.0
0.0
0.0
0.0
0.0
0.0
0.0
0.0
0.0
0.0
0.0
0.0
0.0
0.0
0.0
0.0
0.0
0.0
0.0
0.0
0.0
0.0
0.0
0.0
0.0
0.0
0.0
0.0
0.0
0.0
0.0
0.0
0.0
0.0
0.0
0.0
0.0
0.0
0.0
0.0
0.0
0.0
0.0
0.0
0.0
0.0
0.0
0.0
0.0
0.0
0.0
0.0
0.0
0.0
0.0
0.0
0.0
0.0
0.0
0.0
0.0
0.0
0.0
0.0
0.0
0.0
0.0
0.0
0.0
0.0
0.0
0.0
0.0
0.0
0.0
0.0
0.0
0.0
0.0
0.0
0.0
0.0
0.0
0.0
0.0
0.0
0.0
0.0
0.0
0.0
0.0
0.0
0.0
0.0
0.0
0.0
0.0
0.0
0.0
0.0
0.0
0.0
0.0
0.0
0.0
0.0
0.0
0.0
0.0
0.0
0.0
0.0
0.0
0.0
0.0
0.0
0.0
0.0
0.0
0.0
0.0
0.0
0.0
0.0
0.0
0.0
0.0
0.0
0.0
0.0
0.0
0.0
0.0
0.0
0.0
0.0
0.0
0.0
0.0
0.0
0.0
0.0
0.0
0.0
0.0
0.0
0.0
0.0
0.0
0.0
0.0
0.0
0.0
0.0
0.0
0.0
0.0
0.0
0.0
0.0
0.0
0.0
0.0
0.0
0.0
0.0
0.0
-1.0
0.0
0.0
0.0
0.0
0.0
0.0
0.0
0.0
0.0
0.0
0.0
0.0
0.0
0.0
0.0
0.0
0.0
0.0
0.0
0.0
0.0
0.0
0.0
0.0
0.0
0.0
0.0
0.0
0.0
0.0
0.0
0.0
0.0
0.0
0.0
0.0
1.0
0.0
0.0
0.0
0.0
0.0
0.0
0.0
0.0
0.0
0.0
0.0
0.0
0.0
0.0
0.0
0.0
0.0
0.0
0.0
0.0
0.0
1.0
0.0
0.0
0.0
0.0
1.0
0.0
0.0
0.0
0.0
0.0
0.0
0.0
0.0
0.0
0.0
0.0
0.0
0.0
0.0
0.0
0.0
1.0
0.0
0.0
0.0
0.0
0.0
0.0
0.0
0.0
0.0
0.0
0.0
0.0
0.0
0.0
0.0
0.0
0.0
0.0
0.0
0.0
0.0
0.0
0.0
0.0
0.0
0.0
0.0
0.0
0.0
0.0
0.0
0.0
0.0
0.0
0.0
0.0
0.0
0.0
0.0
0.0
0.0
0.0
0.0
0.0
-1.0
0.0
0.0
0.0
0.0
0.0
0.0
0.0
0.0
0.0
0.0
0.0
0.0
0.0
0.0
0.0
0.0
0.0
0.0
0.0
0.0
0.0
0.0
0.0
0.0
0.0
0.0
0.0
0.0
0.0
0.0
0.0
0.0
0.0
0.0
0.0
0.0
0.0
0.0
0.0
0.0
0.0
0.0
0.0
0.0
0.0
0.0
0.0
-1.0
0.0
0.0
0.0
0.0
0.0
0.0
0.0
0.0
0.0
0.0
0.0
0.0
0.0
0.0
0.0
0.0
0.0
0.0
0.0
0.0
0.0
0.0
0.0
0.0
0.0
0.0
0.0
0.0
0.0
0.0
1.0
0.0
0.0
0.0
0.0
0.0
0.0
0.0
0.0
0.0
0.0
0.0
0.0
0.0
0.0
0.0
0.0
0.0
0.0
0.0
0.0
0.0
0.0
0.0
0.0
0.0
0.0
0.0
-1.0
0.0
0.0
0.0
0.0
0.0
0.0
0.0
0.0
0.0
0.0
0.0
0.0
0.0
0.0
0.0
0.0
0.0
0.0
0.0
0.0
0.0
0.0
0.0
0.0
0.0
0.0
0.0
0.0
0.0
0.0
0.0
0.0
0.0
0.0
0.0
0.0
0.0
0.0
0.0
0.0
0.0
0.0
-1.0
0.0
0.0
1.0
0.0
0.0
0.0
0.0
0.0
0.0
0.0
0.0
0.0
0.0
0.0
0.0
0.0
0.0
0.0
0.0
0.0
0.0
0.0
0.0
0.0
0.0
0.0
0.0
0.0
0.0
0.0
0.0
0.0
0.0
0.0
0.0
0.0
0.0
0.0
0.0
0.0
0.0
0.0
0.0
0.0
0.0
0.0
-1.0
0.0
0.0
0.0
-1.0
0.0
0.0
0.0
0.0
0.0
0.0
0.0
0.0
0.0
0.0
0.0
0.0
0.0
0.0
0.0
0.0
0.0
0.0
0.0
0.0
0.0
0.0
0.0
0.0
0.0
0.0
0.0
0.0
0.0
0.0
0.0
0.0
0.0
0.0
1.0
0.0
0.0
0.0
0.0
0.0
0.0
0.0
0.0
0.0
0.0
-1.0
0.0
0.0
0.0
0.0
0.0
0.0
0.0
0.0
0.0
0.0
0.0
0.0
0.0
0.0
0.0
0.0
0.0
0.0
0.0
0.0
0.0
0.0
0.0
0.0
0.0
0.0
0.0
0.0
0.0
0.0
1.0
0.0
0.0
0.0
0.0
0.0
0.0
0.0
0.0
0.0
0.0
0.0
0.0
0.0
0.0
0.0
0.0
0.0
0.0
0.0
0.0
0.0
0.0
0.0
0.0
0.0
0.0
0.0
0.0
0.0
0.0
0.0
0.0
0.0
0.0
0.0
0.0
0.0
0.0
-1.0
0.0
0.0
0.0
0.0
0.0
0.0
0.0
0.0
0.0
0.0
0.0
0.0
0.0
0.0
0.0
0.0
0.0
0.0
-1.0
0.0
0.0
0.0
0.0
0.0
0.0
0.0
0.0
0.0
0.0
0.0
0.0
0.0
0.0
0.0
0.0
0.0
0.0
0.0
0.0
0.0
0.0
0.0
0.0
0.0
0.0
0.0
0.0
0.0
0.0
0.0
0.0
0.0
0.0
0.0
0.0
0.0
0.0
0.0
0.0
0.0
0.0
0.0
0.0
0.0
0.0
0.0
0.0
0.0
0.0
0.0
0.0
0.0
0.0
0.0
0.0
0.0
0.0
0.0
0.0
0.0
0.0
0.0
0.0
0.0
0.0
0.0
0.0
1.0
0.0
0.0
-2.0
0.0
0.0
0.0
0.0
0.0
0.0
0.0
0.0
0.0
0.0
0.0
0.0
0.0
0.0
1.0
0.0
0.0
0.0
-1.0
0.0
0.0
0.0
0.0
0.0
0.0
0.0
0.0
0.0
0.0
0.0
-1.0
0.0
0.0
0.0
0.0
0.0
0.0
1.0
0.0
0.0
0.0
0.0
0.0
0.0
0.0
0.0
0.0
0.0
0.0
0.0
0.0
0.0
0.0
0.0
0.0
1.0
0.0
1.0
0.0
0.0
0.0
0.0
0.0
1.0
0.0
0.0
0.0
0.0
0.0
0.0
0.0
0.0
-1.0
0.0
0.0
0.0
0.0
0.0
0.0
0.0
0.0
0.0
0.0
0.0
0.0
0.0
0.0
1.0
0.0
0.0
0.0
0.0
0.0
0.0
0.0
0.0
0.0
0.0
0.0
0.0
0.0
0.0
0.0
0.0
0.0
0.0
0.0
0.0
0.0
0.0
0.0
0.0
0.0
0.0
0.0
0.0
0.0
0.0
0.0
0.0
0.0
0.0
0.0
0.0
0.0
0.0
0.0
0.0
0.0
0.0
0.0
0.0
0.0
0.0
0.0
0.0
-1.0
0.0
0.0
0.0
0.0
0.0
0.0
0.0
0.0
0.0
0.0
0.0
0.0
0.0
0.0
0.0
0.0
0.0
0.0
0.0
0.0
0.0
0.0
0.0
1.0
0.0
0.0
0.0
0.0
0.0
0.0
1.0
0.0
0.0
0.0
0.0
0.0
0.0
0.0
0.0
0.0
0.0
0.0
0.0
0.0
0.0
0.0
0.0
0.0
0.0
0.0
0.0
0.0
0.0
0.0
0.0
1.0
0.0
0.0
0.0
0.0
0.0
0.0
0.0
0.0
0.0
0.0
-1.0
0.0
0.0
0.0
0.0
0.0
0.0
0.0
0.0
0.0
-1.0
0.0
0.0
0.0
0.0
0.0
0.0
0.0
0.0
0.0
0.0
0.0
0.0
0.0
0.0
1.0
0.0
0.0
0.0
0.0
0.0
0.0
0.0
0.0
0.0
0.0
0.0
0.0
0.0
0.0
0.0
0.0
0.0
0.0
-1.0
1.0
0.0
0.0
0.0
0.0
0.0
0.0
0.0
0.0
0.0
0.0
0.0
0.0
0.0
0.0
0.0
0.0
0.0
1.0
0.0
0.0
0.0
-1.0
0.0
0.0
0.0
0.0
0.0
0.0
0.0
0.0
1.0
0.0
0.0
0.0
0.0
0.0
0.0
0.0
0.0
0.0
0.0
0.0
0.0
0.0
0.0
0.0
0.0
0.0
0.0
0.0
0.0
0.0
0.0
0.0
0.0
-1.0
0.0
0.0
0.0
0.0
0.0
0.0
0.0
0.0
0.0
0.0
0.0
0.0
0.0
0.0
0.0
0.0
0.0
0.0
0.0
0.0
0.0
0.0
-1.0
0.0
0.0
0.0
0.0
0.0
0.0
0.0
0.0
0.0
0.0
0.0
0.0
0.0
0.0
0.0
0.0
0.0
0.0
0.0
0.0
0.0
0.0
0.0
-1.0
0.0
0.0
0.0
0.0
0.0
0.0
0.0
0.0
0.0
0.0
0.0
0.0
0.0
0.0
0.0
0.0
0.0
0.0
0.0
0.0
0.0
0.0
0.0
0.0
0.0
-1.0
-1.0
0.0
0.0
0.0
0.0
0.0
0.0
0.0
0.0
0.0
0.0
0.0
0.0
0.0
0.0
0.0
0.0
0.0
0.0
0.0
0.0
0.0
0.0
0.0
0.0
-1.0
0.0
0.0
0.0
0.0
0.0
0.0
0.0
0.0
0.0
0.0
0.0
0.0
0.0
0.0
0.0
0.0
0.0
0.0
0.0
0.0
0.0
0.0
0.0
0.0
0.0
0.0
0.0
0.0
0.0
0.0
0.0
0.0
0.0
0.0
0.0
0.0
0.0
0.0
0.0
0.0
0.0
0.0
0.0
0.0
0.0
0.0
0.0
0.0
0.0
0.0
0.0
0.0
0.0
0.0
0.0
0.0
0.0
0.0
0.0
0.0
0.0
0.0
0.0
0.0
0.0
0.0
0.0
0.0
0.0
0.0
0.0
0.0
0.0
0.0
0.0
0.0
0.0
0.0
0.0
0.0
0.0
0.0
0.0
0.0
0.0
0.0
0.0
0.0
0.0
0.0
0.0
0.0
0.0
0.0
0.0
0.0
0.0
0.0
0.0
0.0
0.0
0.0
0.0
0.0
0.0
0.0
0.0
0.0
0.0
0.0
0.0
0.0
0.0
0.0
0.0
0.0
0.0
0.0
0.0
0.0
0.0
0.0
0.0
0.0
0.0
0.0
0.0
0.0
0.0
0.0
0.0
0.0
0.0
0.0
0.0
0.0
0.0
0.0
0.0
0.0
0.0
0.0
0.0
0.0
0.0
0.0
0.0
0.0
0.0
0.0
0.0
0.0
0.0
0.0
0.0
0.0
0.0
0.0
0.0
0.0
0.0
0.0
0.0
0.0
0.0
0.0
0.0
0.0
80.0
29892.0
2392.0
49152.0
0.0
0.0
0.0
0.0
0.0
0.0
0.0
0.0
0.0
0.0
0.0
0.0
0.0
0.0
0.0
0.0
0.0
0.0
228.0
28672.0
0.0
0.0
0.0
0.0
