0.072040886
0.0075470908
0.0045495285
0.002526741
0.011385156
0.011674624
0.02785867
0.003592192
0.0076290485
0.0052330913
0.003375963
0.0009503615
0.0058451593
0.0016025362
0.0034195576
0.0076203295
0.0034125824
0.0020158126
0.00214834
0.00088409777
0.004172872
0.0027778456
0.0018484095
0.0013130682
0.004120558
0.0010009311
0.0019826808
0.0006138115
0.0019129295
0.0026156737
0.0015031405
0.0017751707
0.0016025362
0.0008666599
0.0012799364
0.006342137
0.014689624
0.0075802226
0.002045457
0.00341607
0.0020001186
0.0030272065
0.010363299
0.00068705034
0.00072715734
0.00062427414
0.00092420477
0.0010410382
0.0008666599
0.0029051418
0.0013252747
0.0006940254
0.0007306449
0.00074459513
0.0006678687
0.0010096501
0.001042782
0.0031510151
0.0022669174
0.0012799364
0.00093117985
0.0010811451
0.0006120677
0.00047605264
0.00441177
0.0024011885
0.0044170013
0.0044605955
0.005358644
0.01660604
0.0018083025
0.0012659861
0.0016374118
0.0020070937
0.0027761017
0.0044152574
0.0013043494
0.0029958184
0.0012537796
0.0012136727
0.011862952
0.029421099
0.0040525505
0.0030568507
0.0024186263
0.009147883
0.0016635685
0.0011125333
0.0016374118
0.0030847513
0.0029016542
0.0026697312
0.0015362725
0.00668915
0.0017350636
0.0011735656
0.002380263
0.0039235107
0.0019233922
0.002219835
0.0010706824
0.0028981667
0.0012921429
0.00062253035
0.0020541758
0.00181179
0.0022826113
0.0006434558
0.0013060932
0.0012380856
0.0069542048
0.00060683634
0.006903635
0.000697513
0.003142296
0.00083527184
0.004458852
0.010790526
0.0012938867
0.00078295835
0.001660081
0.0011107895
0.00254941
0.0013200433
0.0014124638
0.002863291
0.0009817496
0.00095210527
0.0022023974
0.0011369463
0.003117883
0.008345744
0.002540691
0.006328187
0.0018152776
0.00062253035
0.0017350636
0.02676183
0.0014839589
0.025344135
0.0009922122
0.0076691555
0.0015467351
0.0076360237
0.0135003645
0.0074389763
0.0016531058
0.0029783805
0.0021378775
0.003431764
0.007697056
0.0010113938
0.0024081636
0.010830633
0.022613373
0.0038659659
0.003166709
0.0027917959
0.0040211626
0.0004900029
0.0013060932
0.0019042105
0.0021274148
0.0009067669
0.0013758445
0.002014069
0.0029644303
0.00093292363
0.002661012
0.0026976315
0.0013915384
0.000657406
0.0033009804
0.00088409777
0.0030446444
0.0005475477
0.0012049538
0.0004690775
0.0009364112
0.0004917467
0.0012328542
0.0010201128
0.0029870996
0.0012206478
0.002573823
0.0007289011
0.0018623597
0.0014578023
0.002981868
0.0018083025
0.0049854745
0.000898048
0.0052627358
0.0013462001
0.0016705437
0.0030184875
0.0029382736
0.002270405
0.003344575
0.009526284
0.0018030711
0.0019076981
0.0032486669
0.0011753094
0.0009852372
0.004498959
0.0018292279
0.00052662235
0.002116952
0.001283424
0.00247094
0.000641712
0.002694144
0.0012642423
0.002205885
0.000561498
0.0026348555
0.0015467351
0.0074459515
0.0011648467
0.007649974
0.0020820764
0.0036863564
0.004584404
0.0014020011
0.005365619
0.0015781232
0.0014142076
0.010834121
0.024453063
0.0041327644
0.0032573857
0.00952454
0.005735301
0.0011177646
0.0015380163
0.0032940053
0.0021762406
0.003063826
0.004057782
0.0014857027
0.002446527
0.0016862378
0.00064694334
0.004729138
0.0014839589
0.0018571285
0.001635668
0.0034788463
0.0021954223
0.00194083
0.0009608242
0.0026644997
0.0034666397
0.004997681
0.04167117
0.0
0.0
0.0
0.0
0.0
0.0
0.0
0.0
0.0
0.0
0.0
0.0
0.0
0.0
0.0
0.0
0.0
0.0
0.0
0.0
0.0
0.0
0.0
0.0
0.0
0.0
0.0
0.0
0.0
0.0
0.0
0.0
0.0
0.0
0.0
0.0
0.0
0.0
0.0
0.0
0.0
0.0
0.0
0.0
0.0
0.0
0.0
0.0
0.0060183504
4.8915474e-05
3.4939624e-06
8.734906e-07
2.707821e-05
0.0
8.734906e-07
0.00022448708
2.6204718e-06
1.7469813e-05
6.114434e-06
3.4939624e-06
1.7469812e-06
0.0
1.9216794e-05
0.0007809006
0.0
0.0
0.0
0.0
0.0
0.0
0.0
0.0
0.0
0.0
0.0
0.0
0.0
0.0
0.0
0.0
0.0
0.0
0.0
0.0
0.0
0.0
0.0
0.0
0.0
0.0
0.0
0.0
0.0
0.0
0.0
0.0
0.0
0.0
0.0
0.0
0.0
0.0
0.0
0.0
0.0
0.0
0.0
0.0
0.0
0.0
0.0
0.0
0.003592667
3.8433587e-05
8.1234626e-05
0.00023584247
5.852387e-05
8.472859e-05
0.00024108341
0.00010656585
9.259e-05
2.1837266e-05
2.3584247e-05
0.0004096671
7.0752736e-05
8.2981605e-05
6.987925e-05
0.00015635481
0.0040136892
5.677689e-05
0.0001397585
0.00030484822
0.00014150547
0.00015635481
0.0008752376
0.00041403456
7.162623e-05
4.0180566e-05
1.8343302e-05
0.00042451645
5.677689e-05
5.0662456e-05
8.7349064e-05
0.00030397472
0.0032930595
8.472859e-05
6.900576e-05
5.677689e-05
0.0002978603
0.0013311997
0.00054418464
0.00017033066
8.7349064e-05
0.0012857781
0.00010918632
6.201783e-05
4.0180566e-05
0.0001301501
0.0012298748
0.00015286086
0.01003466
0.0003633721
0.0003983117
0.00031969757
0.0009119242
0.0044460674
0.00087960507
0.00070315995
0.0005310823
0.0041385987
0.0005529196
0.0005293353
0.00048828125
0.00049614266
0.0042897123
0.0013285793
0.017026952
0.0006420156
0.00065075053
0.00096608064
0.0017775533
0.010119389
0.0022116783
0.001581018
0.0007677982
0.0088694235
0.00090580975
0.0015259881
0.0010132492
0.0010420743
0.009404
0.0023191175
0.013601122
0.0010586706
0.00231475
0.0010115021
0.0028056519
0.003300921
0.001112827
0.0016299335
0.005613924
0.0028659226
0.00058873266
0.0016002348
0.0020430945
0.0013661393
0.0028999888
0.008064939
0.058872394
0.009136712
0.014807412
0.0047561564
0.026316525
0.01576301
0.0029497778
0.010455683
0.053285547
0.012882239
0.0040014605
0.008658912
0.017025206
0.005779014
0.014247505
0.039810207
0.025632583
0.006179946
0.00914894
0.0029183321
0.011111674
0.014734913
0.004418989
0.0067704255
0.019772334
0.014937563
0.0041403454
0.00422158
0.008571563
0.0063625057
0.012790523
0.01286739
0.034105442
0.016532557
0.029677717
0.009244151
0.014967262
0.034187548
0.020000314
0.019736521
0.01922815
0.044966422
0.01840008
0.00942147
0.016105419
0.028792871
0.037890274
0.01168119
875.0
9.161143
8016.0
0.008857286
0.001746507
0.001247505
0.016966067
0.002245509
0.028318364
0.0074850298
0.0068612774
0.01010479
0.02282934
0.008857286
0.0018712574
0.0013722555
0.003243513
0.0037425149
0.004740519
0.00249501
0.013348304
0.0051147705
0.0038672655
0.0028692614
0.00499002
0.00249501
0.0026197606
0.0037425149
0.005738523
0.013348304
0.001746507
0.0031187625
0.002245509
0.0008732535
0.0013722555
0.002245509
0.005489022
0.003493014
0.0048652696
0.002245509
0.013223553
0.0061127744
0.0068612774
0.0068612774
0.011601796
0.006237525
0.027070858
0.005239521
0.0048652696
0.0043662675
0.0016217565
0.007859281
0.051646706
0.010354292
0.018338323
0.0038672655
0.0041167666
0.003243513
0.0008732535
0.0021207584
0.006986028
0.007235529
0.015593813
0.0053642713
0.016841317
0.0153443115
0.038922157
0.008982036
0.05551397
0.014096807
0.031437125
0.010853293
0.040543914
0.011352295
0.008483034
0.008233533
0.027944112
0.0036177645
0.005988024
0.018837325
0.018587824
0.02008483
0.018088823
0.010354292
0.0041167666
0.029565869
0.025199601
0.044036925
0.01484531
0.004241517
0.002245509
0.0043662675
0.008732535
0.009855289
0.0006237525
0.0048652696
0.011477046
0.000748503
0.000499002
5.9410453
0.0
0.0
0.0
1.0
573466.0
319488.0
0.0
0.0
76.0
0.0
1.0
0.0
0.0
43.0
1393483300.0
0.0
0.0
0.0
0.0
0.0
1.0
0.0
0.0
0.0
0.0
0.0
0.0
-1.0
0.0
0.0
-1.0
1.0
0.0
0.0
0.0
0.0
0.0
0.0
0.0
0.0
0.0
0.0
0.0
-1.0
0.0
0.0
0.0
0.0
0.0
0.0
0.0
0.0
0.0
0.0
0.0
0.0
-1.0
0.0
0.0
0.0
0.0
0.0
0.0
0.0
0.0
1.0
0.0
2.0
56.0
4.0
0.0
4.0
0.0
245760.0
1024.0
4096.0
6.0
1.0
0.0
1.0
5.0
0.0
0.0
0.0
0.0
0.0
0.0
0.0
0.0
0.0
0.0
0.0
0.0
0.0
0.0
9728.0
0.0
0.0
0.0
0.0
0.0
0.0
0.0
0.0
0.0
0.0
0.0
0.0
0.0
0.0
0.0
0.0
0.0
-1024.0
0.0
0.0
0.0
0.0
0.0
0.0
0.0
0.0
-245760.0
-2560.0
26624.0
0.0
0.0
0.0
0.0
0.0
0.0
0.0
0.0
0.0
0.0
0.0
0.0
0.0
0.0
0.0
0.0
0.0
0.0
0.0
0.0
5.1368194
0.0
0.0
0.0
0.0
0.0
0.0
0.0
0.0
0.0
0.0
0.0
0.0
0.0
0.0
0.0
0.0
0.0
-1.0677483
0.0
0.0
0.0
0.0
0.0
0.0
0.0
0.0
-6.0850806
-4.7209964
6.0942492
0.0
0.0
0.0
0.0
0.0
0.0
0.0
0.0
0.0
0.0
0.0
0.0
0.0
0.0
0.0
0.0
0.0
0.0
0.0
0.0
9384.0
0.0
0.0
0.0
0.0
0.0
0.0
0.0
0.0
0.0
0.0
0.0
0.0
0.0
0.0
18576.0
0.0
0.0
-608.0
0.0
0.0
0.0
0.0
0.0
0.0
0.0
0.0
-245368.0
-2212.0
26552.0
0.0
0.0
0.0
0.0
0.0
0.0
0.0
0.0
0.0
-1.0
0.0
0.0
0.0
0.0
0.0
1.0
0.0
0.0
0.0
0.0
0.0
0.0
0.0
0.0
0.0
0.0
0.0
0.0
0.0
0.0
0.0
0.0
0.0
0.0
0.0
0.0
0.0
0.0
0.0
0.0
0.0
0.0
0.0
0.0
0.0
-2.0
0.0
0.0
0.0
1.0
0.0
0.0
0.0
0.0
0.0
0.0
1.0
0.0
0.0
0.0
0.0
0.0
0.0
0.0
0.0
0.0
0.0
0.0
0.0
-1.0
0.0
0.0
0.0
0.0
0.0
0.0
0.0
0.0
0.0
1.0
0.0
0.0
0.0
0.0
1.0
0.0
0.0
0.0
0.0
0.0
0.0
0.0
0.0
1.0
0.0
0.0
0.0
0.0
0.0
0.0
0.0
0.0
0.0
0.0
0.0
0.0
0.0
0.0
0.0
0.0
0.0
0.0
0.0
0.0
0.0
0.0
0.0
0.0
0.0
0.0
0.0
0.0
0.0
0.0
0.0
0.0
0.0
0.0
0.0
0.0
0.0
0.0
0.0
0.0
0.0
0.0
0.0
0.0
0.0
0.0
0.0
0.0
0.0
0.0
0.0
0.0
0.0
0.0
0.0
0.0
0.0
0.0
0.0
0.0
0.0
0.0
0.0
0.0
0.0
0.0
0.0
0.0
0.0
0.0
0.0
0.0
0.0
0.0
0.0
0.0
0.0
0.0
0.0
0.0
0.0
0.0
0.0
0.0
0.0
0.0
0.0
0.0
0.0
0.0
0.0
0.0
0.0
0.0
0.0
0.0
0.0
0.0
0.0
0.0
0.0
0.0
0.0
0.0
0.0
0.0
0.0
0.0
0.0
0.0
0.0
0.0
0.0
0.0
0.0
0.0
0.0
0.0
0.0
0.0
0.0
0.0
0.0
0.0
0.0
0.0
0.0
0.0
0.0
1.0
0.0
0.0
0.0
0.0
0.0
0.0
0.0
0.0
0.0
0.0
0.0
0.0
0.0
0.0
0.0
0.0
0.0
0.0
0.0
0.0
0.0
0.0
0.0
0.0
0.0
0.0
0.0
0.0
0.0
0.0
0.0
0.0
0.0
0.0
0.0
0.0
0.0
0.0
0.0
0.0
0.0
0.0
0.0
0.0
0.0
0.0
0.0
0.0
0.0
0.0
0.0
0.0
0.0
0.0
0.0
0.0
0.0
0.0
0.0
0.0
0.0
0.0
0.0
0.0
0.0
0.0
0.0
0.0
0.0
0.0
0.0
0.0
0.0
0.0
0.0
0.0
0.0
0.0
0.0
0.0
0.0
0.0
0.0
1.0
0.0
0.0
0.0
0.0
0.0
0.0
0.0
0.0
0.0
0.0
0.0
0.0
0.0
0.0
0.0
0.0
0.0
0.0
0.0
0.0
0.0
0.0
0.0
0.0
0.0
0.0
0.0
0.0
0.0
-1.0
0.0
0.0
0.0
0.0
0.0
0.0
0.0
0.0
0.0
0.0
0.0
0.0
0.0
0.0
0.0
0.0
0.0
0.0
0.0
0.0
0.0
0.0
0.0
0.0
0.0
1.0
0.0
0.0
0.0
0.0
0.0
0.0
0.0
0.0
0.0
0.0
0.0
0.0
0.0
0.0
0.0
0.0
0.0
0.0
0.0
0.0
0.0
0.0
0.0
-1.0
0.0
0.0
0.0
0.0
0.0
0.0
0.0
0.0
0.0
0.0
0.0
0.0
0.0
0.0
0.0
0.0
0.0
0.0
0.0
0.0
0.0
-1.0
0.0
1.0
0.0
-1.0
-2.0
-1.0
0.0
0.0
0.0
0.0
0.0
0.0
0.0
0.0
0.0
1.0
0.0
0.0
0.0
0.0
0.0
0.0
0.0
0.0
0.0
0.0
0.0
0.0
0.0
0.0
0.0
0.0
0.0
0.0
0.0
0.0
0.0
0.0
0.0
0.0
0.0
0.0
0.0
0.0
0.0
0.0
0.0
0.0
0.0
0.0
0.0
0.0
0.0
0.0
0.0
0.0
0.0
0.0
0.0
0.0
0.0
0.0
0.0
1.0
0.0
0.0
0.0
0.0
0.0
0.0
0.0
0.0
0.0
0.0
0.0
0.0
0.0
0.0
0.0
0.0
0.0
0.0
0.0
0.0
0.0
0.0
0.0
0.0
0.0
0.0
0.0
0.0
0.0
0.0
0.0
0.0
0.0
0.0
0.0
0.0
0.0
0.0
0.0
0.0
0.0
0.0
0.0
0.0
-1.0
0.0
0.0
0.0
0.0
-1.0
0.0
0.0
0.0
0.0
0.0
0.0
0.0
0.0
0.0
0.0
0.0
0.0
0.0
0.0
0.0
0.0
0.0
0.0
0.0
0.0
0.0
0.0
0.0
0.0
0.0
0.0
0.0
0.0
0.0
0.0
0.0
0.0
0.0
0.0
0.0
0.0
0.0
0.0
0.0
0.0
0.0
0.0
0.0
0.0
0.0
0.0
0.0
0.0
0.0
0.0
0.0
0.0
0.0
0.0
0.0
0.0
0.0
0.0
0.0
0.0
0.0
0.0
0.0
0.0
0.0
0.0
0.0
0.0
0.0
0.0
0.0
0.0
0.0
0.0
0.0
0.0
1.0
0.0
0.0
0.0
0.0
0.0
0.0
0.0
0.0
0.0
0.0
0.0
0.0
0.0
0.0
0.0
0.0
-1.0
0.0
0.0
0.0
0.0
0.0
0.0
0.0
0.0
0.0
0.0
0.0
0.0
0.0
0.0
0.0
0.0
0.0
-1.0
0.0
0.0
-1.0
0.0
0.0
0.0
-1.0
0.0
0.0
0.0
0.0
1.0
0.0
0.0
0.0
0.0
0.0
0.0
0.0
0.0
0.0
0.0
0.0
0.0
0.0
0.0
0.0
0.0
0.0
0.0
0.0
0.0
0.0
0.0
0.0
0.0
0.0
0.0
0.0
0.0
0.0
0.0
0.0
0.0
0.0
0.0
0.0
0.0
0.0
0.0
0.0
0.0
1.0
0.0
0.0
0.0
0.0
0.0
0.0
0.0
0.0
1.0
0.0
0.0
0.0
0.0
0.0
0.0
0.0
0.0
0.0
0.0
0.0
0.0
0.0
0.0
0.0
0.0
0.0
0.0
0.0
0.0
0.0
0.0
0.0
0.0
1.0
0.0
0.0
0.0
0.0
0.0
0.0
0.0
0.0
0.0
0.0
0.0
0.0
0.0
0.0
0.0
0.0
0.0
0.0
0.0
0.0
0.0
0.0
0.0
0.0
0.0
0.0
0.0
0.0
0.0
0.0
0.0
0.0
0.0
0.0
0.0
0.0
0.0
0.0
0.0
0.0
0.0
0.0
0.0
0.0
0.0
0.0
0.0
0.0
0.0
0.0
0.0
0.0
0.0
0.0
0.0
0.0
0.0
0.0
0.0
0.0
0.0
0.0
0.0
0.0
0.0
0.0
0.0
0.0
0.0
0.0
0.0
0.0
-1.0
0.0
0.0
0.0
0.0
-1.0
0.0
0.0
0.0
0.0
0.0
0.0
0.0
1.0
0.0
0.0
0.0
0.0
0.0
0.0
0.0
0.0
0.0
0.0
0.0
0.0
0.0
0.0
0.0
0.0
0.0
0.0
0.0
0.0
0.0
-1.0
0.0
0.0
0.0
0.0
0.0
0.0
0.0
0.0
0.0
0.0
0.0
-1.0
0.0
0.0
0.0
0.0
0.0
0.0
0.0
0.0
0.0
0.0
0.0
0.0
0.0
0.0
0.0
0.0
0.0
1.0
0.0
0.0
0.0
0.0
0.0
0.0
0.0
-1.0
0.0
0.0
0.0
0.0
0.0
0.0
0.0
0.0
0.0
0.0
0.0
0.0
0.0
0.0
0.0
0.0
0.0
0.0
0.0
0.0
0.0
0.0
0.0
0.0
0.0
0.0
0.0
0.0
0.0
0.0
0.0
0.0
0.0
0.0
0.0
0.0
0.0
0.0
0.0
0.0
0.0
0.0
0.0
0.0
-1.0
0.0
0.0
0.0
0.0
0.0
0.0
0.0
0.0
0.0
0.0
0.0
0.0
0.0
0.0
0.0
0.0
0.0
0.0
0.0
-1.0
0.0
0.0
0.0
-1.0
0.0
0.0
0.0
0.0
0.0
0.0
0.0
-1.0
0.0
0.0
0.0
0.0
0.0
0.0
0.0
0.0
0.0
-1.0
0.0
0.0
0.0
0.0
0.0
0.0
0.0
0.0
0.0
0.0
0.0
0.0
1.0
0.0
0.0
0.0
-1.0
0.0
0.0
-1.0
-1.0
0.0
0.0
0.0
0.0
0.0
0.0
0.0
0.0
0.0
0.0
0.0
0.0
0.0
0.0
0.0
0.0
0.0
0.0
0.0
0.0
0.0
0.0
0.0
0.0
0.0
0.0
0.0
0.0
0.0
0.0
0.0
0.0
0.0
0.0
0.0
1.0
0.0
0.0
0.0
-1.0
0.0
0.0
0.0
0.0
0.0
0.0
0.0
0.0
0.0
0.0
0.0
0.0
-1.0
0.0
0.0
0.0
0.0
0.0
1.0
0.0
0.0
0.0
0.0
0.0
0.0
0.0
0.0
0.0
0.0
0.0
0.0
0.0
0.0
0.0
0.0
0.0
0.0
0.0
0.0
0.0
0.0
0.0
0.0
0.0
0.0
0.0
1.0
0.0
0.0
0.0
0.0
0.0
0.0
0.0
0.0
0.0
0.0
0.0
0.0
0.0
-1.0
0.0
0.0
0.0
-1.0
0.0
1.0
0.0
0.0
1.0
1.0
0.0
0.0
0.0
0.0
0.0
0.0
0.0
0.0
0.0
0.0
0.0
1.0
0.0
0.0
0.0
0.0
0.0
0.0
0.0
1.0
0.0
0.0
0.0
1.0
0.0
0.0
0.0
0.0
0.0
-1.0
0.0
0.0
0.0
0.0
0.0
0.0
0.0
0.0
0.0
0.0
0.0
0.0
0.0
0.0
0.0
1.0
0.0
0.0
1.0
0.0
0.0
0.0
0.0
0.0
0.0
0.0
0.0
0.0
0.0
0.0
1.0
0.0
0.0
0.0
0.0
0.0
0.0
0.0
0.0
-1.0
0.0
0.0
0.0
0.0
0.0
0.0
0.0
0.0
0.0
1.0
0.0
0.0
0.0
0.0
2.0
0.0
0.0
0.0
0.0
0.0
0.0
0.0
0.0
0.0
0.0
0.0
0.0
0.0
0.0
0.0
0.0
0.0
0.0
0.0
0.0
0.0
0.0
0.0
0.0
1.0
0.0
0.0
0.0
0.0
0.0
0.0
0.0
1.0
0.0
0.0
0.0
0.0
0.0
0.0
0.0
0.0
0.0
-1.0
0.0
0.0
0.0
0.0
0.0
0.0
0.0
0.0
0.0
0.0
0.0
0.0
0.0
0.0
0.0
-1.0
0.0
-1.0
0.0
0.0
0.0
0.0
0.0
0.0
0.0
0.0
1.0
0.0
0.0
0.0
0.0
0.0
0.0
0.0
0.0
0.0
0.0
0.0
0.0
1.0
0.0
0.0
0.0
0.0
0.0
0.0
0.0
0.0
0.0
0.0
0.0
0.0
0.0
0.0
0.0
0.0
0.0
0.0
0.0
0.0
0.0
0.0
0.0
0.0
-1.0
0.0
0.0
0.0
0.0
0.0
0.0
0.0
0.0
0.0
0.0
0.0
0.0
0.0
0.0
0.0
0.0
0.0
0.0
0.0
0.0
0.0
0.0
0.0
0.0
0.0
0.0
0.0
1.0
0.0
0.0
0.0
0.0
0.0
0.0
0.0
0.0
0.0
0.0
0.0
0.0
0.0
-2.0
0.0
0.0
0.0
0.0
0.0
0.0
0.0
0.0
0.0
0.0
0.0
0.0
1.0
0.0
0.0
0.0
0.0
0.0
0.0
0.0
0.0
0.0
0.0
0.0
-1.0
0.0
0.0
0.0
1.0
0.0
0.0
0.0
0.0
0.0
0.0
0.0
0.0
0.0
0.0
0.0
0.0
0.0
0.0
0.0
1.0
0.0
0.0
0.0
0.0
0.0
0.0
0.0
0.0
0.0
0.0
0.0
0.0
0.0
0.0
1.0
0.0
0.0
0.0
0.0
0.0
0.0
0.0
0.0
0.0
0.0
0.0
0.0
0.0
0.0
0.0
0.0
0.0
0.0
0.0
0.0
0.0
0.0
0.0
0.0
0.0
0.0
0.0
0.0
0.0
0.0
0.0
0.0
0.0
0.0
0.0
0.0
0.0
0.0
0.0
0.0
0.0
0.0
0.0
0.0
0.0
0.0
0.0
0.0
0.0
0.0
0.0
0.0
0.0
0.0
0.0
0.0
0.0
0.0
0.0
0.0
0.0
0.0
0.0
0.0
0.0
0.0
0.0
0.0
0.0
0.0
0.0
0.0
0.0
0.0
0.0
0.0
0.0
0.0
0.0
0.0
0.0
0.0
0.0
0.0
0.0
0.0
0.0
0.0
0.0
0.0
0.0
0.0
0.0
0.0
0.0
0.0
0.0
0.0
0.0
0.0
0.0
0.0
0.0
0.0
0.0
0.0
0.0
0.0
0.0
0.0
0.0
0.0
0.0
0.0
0.0
0.0
0.0
0.0
0.0
0.0
0.0
0.0
0.0
0.0
0.0
0.0
0.0
0.0
0.0
0.0
0.0
0.0
0.0
2212.0
286720.0
26552.0
290816.0
0.0
0.0
0.0
0.0
0.0
0.0
0.0
0.0
0.0
0.0
0.0
0.0
0.0
0.0
0.0
0.0
0.0
0.0
0.0
0.0
0.0
0.0
0.0
0.0
