0.08382365
0.006417673
0.0036686142
0.0029878686
0.0096210195
0.0016730418
0.001029353
0.0010568025
0.0062090573
0.0015056004
0.00117209
0.0022192851
0.0045881695
0.0014108999
0.00070544996
0.0052263686
0.0027106297
0.0011858147
0.001664807
0.00094563235
0.0035286222
0.0017100985
0.0016332401
0.0050177528
0.0014850133
0.0033941201
0.0014232522
0.0019324388
0.0024182934
0.0031621726
0.0025267187
0.00527166
0.0019722404
0.0008495594
0.0010403328
0.0016716693
0.011859519
0.0028849335
0.0031182535
0.0036425372
0.0017265681
0.0014012926
0.001265418
0.0006752556
0.0016016733
0.0027888606
0.0013903128
0.0019489084
0.0010417053
0.005403417
0.0011185636
0.0031786421
0.00968827
0.039341874
0.0037921367
0.004277991
0.0022824188
0.0069597987
0.0055639963
0.0043466147
0.0014507015
0.0038291933
0.0024951517
0.002956302
0.004901093
0.003635675
0.0038648776
0.005137158
0.0068705883
0.014962676
0.0053869477
0.002499269
0.0033982375
0.002458095
0.0025473055
0.0007205471
0.0024457427
0.0038470353
0.004719927
0.0026296538
0.0018940095
0.0010897417
0.002484172
0.0015783414
0.004533271
0.0069378396
0.0034215695
0.002740824
0.0030084557
0.0039609503
0.002976889
0.0058618225
0.0011226811
0.009815911
0.0026323989
0.0036370475
0.0006285916
0.0011679726
0.0034160796
0.006451985
0.0014410942
0.006645503
0.0026722006
0.0036493996
0.0022549694
0.0048914854
0.0046169916
0.00083720713
0.0009936688
0.0012791427
0.0012667904
0.0007617212
0.0009140655
0.00037880192
0.0016593171
0.00070544996
0.003513525
0.0040487885
0.0012777703
0.0009072031
0.003189622
0.002035374
0.0063380697
0.00050095184
0.0010073935
0.0022275199
0.0062474865
0.00060251466
0.006659228
0.0009099481
0.002621419
0.0061390614
0.0020628234
0.008233452
0.00057781016
0.00060251466
0.0031690348
0.020245316
0.0023496698
0.018885197
0.00068074546
0.0061157295
0.00088798854
0.00094700477
0.011018195
0.0005585956
0.002580245
0.00042821086
0.004068003
0.0023482973
0.0036699867
0.0012036568
0.0033584358
0.00246084
0.0033749056
0.00093053514
0.0011350333
0.0016579446
0.002102625
0.00036370475
0.0010952316
0.0027943503
0.0014685437
0.0011144462
0.0017595075
0.00087014644
0.00034860757
0.0015838312
0.0029604193
0.0047720806
0.0022343823
0.0011075839
0.0011309158
0.0012983573
0.00063545397
0.00031704074
0.00083720713
0.0008111302
0.0016057907
0.00041860357
0.001169345
0.0013875678
0.0021424268
0.00069996004
0.0034819583
0.0013614909
0.0035011729
0.001428742
0.0039678128
0.0012379686
0.0076789735
0.0018349934
0.008436577
0.00077544595
0.00410506
0.0024471153
0.0021067425
0.0034449014
0.002087528
0.007370168
0.0014575638
0.0010252356
0.0016606896
0.0002991986
0.000772701
0.0008646565
0.001242086
0.00066290336
0.0024237833
0.008475007
0.029210294
0.0042930883
0.0034545087
0.0030784518
0.0032060915
0.001218754
0.0027092572
0.0082842335
0.028436221
0.0045305258
0.0037907641
0.0049806964
0.00409957
0.00070682244
0.0012036568
0.002303006
0.002198698
0.00049408944
0.0008715189
0.0020738032
0.0021849733
0.0005654579
0.0062872884
0.0037372378
0.0012914949
0.0015810863
0.0026694555
0.0013011022
0.001615398
0.0005805551
0.0011556203
0.0011226811
0.0023922164
0.0012407135
0.010422543
0.03874622
0.0072754673
0.0013710982
0.0034352941
0.0028492492
0.0024155485
0.00091543794
0.0036315576
0.003752335
0.0069254874
0.031192143
0.032394364
0.0
0.0
0.0
0.0
0.0
0.0
0.0
0.0
0.0
0.0
0.0
0.0
0.0
0.0
0.0
0.0013259243
0.0
2.0631603e-06
6.8772005e-07
1.3754401e-05
0.0
6.8772005e-07
5.5017604e-06
6.8772005e-07
2.7508802e-06
3.4386003e-06
2.7508802e-06
1.3754401e-06
0.0
1.16912415e-05
3.7136884e-05
0.0012681558
5.5017604e-06
4.1263206e-06
5.5017604e-06
3.4386003e-06
4.8140405e-06
7.6336924e-05
3.4386003e-06
6.1894807e-06
4.1263206e-06
6.1894807e-06
2.7508802e-06
4.1263206e-06
5.5017604e-06
4.1263206e-06
4.1263206e-06
0.0034654215
3.7136884e-05
2.0631603e-06
6.8772005e-07
1.6505282e-05
0.0
6.8772005e-07
0.00015680018
6.8772005e-07
2.7508802e-06
3.4386003e-06
2.7508802e-06
1.3754401e-06
0.0
1.4442121e-05
0.0005206041
0.00230455
1.16912415e-05
4.6077246e-05
2.1319322e-05
9.971941e-05
1.3754401e-05
0.00016023878
6.0519367e-05
1.3754401e-05
1.6505282e-05
1.0315801e-05
1.8568442e-05
1.1003521e-05
6.1894807e-06
5.5017604e-06
1.7193002e-05
0.0
0.0
0.0
0.0
0.0
0.0
0.0
0.0
0.0
0.0
0.0
0.0
0.0
0.0
0.0
0.0
0.0
0.0
0.0
0.0
0.0
0.0
0.0
0.0
0.0
0.0
0.0
0.0
0.0
0.0
0.0
0.0
0.0019194267
1.8568442e-05
6.258253e-05
0.000724857
7.152289e-05
3.4386005e-05
0.00014923526
0.00012241417
6.877201e-05
0.00014717209
9.628081e-06
7.2210605e-05
7.564921e-06
0.0012867242
0.00011072293
0.000828015
0.0015246754
7.977553e-05
7.2210605e-05
0.0013630611
0.00013960717
0.00013754402
0.0006890955
0.00032322842
3.7824604e-05
5.4329885e-05
6.327024e-05
7.977553e-05
2.3382483e-05
0.0024702905
9.696853e-05
0.0012956646
0.0027584452
0.0007709342
0.000712478
0.016435135
0.0013369279
0.00095936947
0.0015790053
0.0011381768
0.00075030257
0.000896787
0.0007599307
0.0005790603
0.000614134
0.028503934
0.0010308924
0.017230825
0.0014682823
0.00027852663
0.00030947404
0.008612319
0.00092773436
0.0006588358
0.0007337973
0.00041056887
0.000356239
0.00069390953
0.00073792366
0.00048140404
0.00028402839
0.013561152
0.00033079335
0.008183181
0.0032928037
0.00016023878
0.00035142497
0.0027034276
0.0014283946
0.0007544289
0.0011278609
0.0006065691
0.0003012214
0.00069734815
0.0002400143
0.00016023878
0.0002021897
0.003276986
0.000270274
0.002736438
0.009485035
0.0028842979
0.0043250713
0.010878356
0.010158313
0.0050272336
0.005431613
0.0019565637
0.00498322
0.004988034
0.003901436
0.0009387379
0.0011024153
0.004218475
0.00078950264
0.007804935
0.049290273
0.01162522
0.018631712
0.021722326
0.03564453
0.019204583
0.0108694155
0.009772502
0.043990016
0.016148355
0.009652839
0.0067479094
0.0130893765
0.0076983385
0.010044152
0.034178313
0.016907599
0.008622634
0.0062616915
0.0137138255
0.0111073665
0.013056366
0.0064769476
0.008292529
0.018549185
0.008366803
0.003989464
0.007953483
0.010203015
0.02139222
0.008885344
0.022137022
0.00575828
0.015519779
0.008977498
0.021493316
0.008914915
0.01781745
0.0155878635
0.012722821
0.012105249
0.009193442
0.0060519367
0.016579555
0.013270934
0.030691572
0.009401133
0.02408327
2935.0
7.316184
21473.0
0.012108229
0.0015833838
0.0010711126
0.0014436735
0.0010711126
0.020304568
0.0056815534
0.003911889
0.006706096
0.005076142
0.005774694
0.0007916919
0.015833838
0.009686583
0.00414474
0.0047967215
0.001676524
0.015600988
0.001676524
0.008103199
0.011223397
0.024123318
0.005821264
0.011363107
0.004517301
0.03688353
0.030736273
0.01271364
0.0068923766
0.035672706
0.0039584595
0.021841383
0.007171797
0.008708611
0.00433102
0.01676524
0.009034602
0.025846412
0.045219578
0.008755181
0.040236577
0.009640013
0.0072183674
0.0022353653
0.0034927584
0.0035393285
0.012061659
0.015787268
0.0036790387
0.00051227125
0.0026079263
0.005914404
0.014716155
0.0021422252
0.0068923766
0.0010711126
0.0068923766
0.015414706
0.009826293
0.0061938246
0.0015833838
0.010198854
0.0076374984
0.015787268
0.0003725609
0.013877893
0.0077772085
0.021608531
0.013738182
0.02896661
0.018954035
0.0077772085
0.010571416
0.028221488
0.011176826
0.0031667675
0.0088948915
0.019606017
0.009779723
0.0071252272
0.0034927584
0.00023285055
0.013319052
0.009034602
0.016299538
0.0044707307
0.0019559446
0.0016299539
0.002002515
0.0031667675
0.021468822
0.00055884133
0.0021422252
0.000838262
0.043543056
0.00032599078
6.006391
0.0
0.0
0.0
108.0
728613.0
352256.0
0.0
0.0
76.0
0.0
1.0
0.0
0.0
53.0
1393483300.0
0.0
0.0
0.0
0.0
0.0
1.0
0.0
0.0
0.0
0.0
0.0
0.0
-1.0
0.0
0.0
-1.0
1.0
0.0
0.0
0.0
0.0
0.0
0.0
0.0
0.0
0.0
0.0
0.0
-1.0
0.0
0.0
0.0
0.0
0.0
0.0
0.0
0.0
0.0
0.0
0.0
0.0
-1.0
0.0
0.0
0.0
0.0
0.0
0.0
0.0
0.0
1.0
0.0
2.0
56.0
4.0
0.0
4.0
0.0
245760.0
512.0
4096.0
2.0
0.0
0.0
2.0
2.0
0.0
0.0
0.0
0.0
0.0
0.0
0.0
0.0
0.0
0.0
0.0
0.0
0.0
0.0
0.0
0.0
0.0
0.0
0.0
0.0
0.0
0.0
0.0
0.0
0.0
0.0
0.0
0.0
0.0
0.0
0.0
0.0
0.0
0.0
0.0
0.0
0.0
0.0
0.0
0.0
0.0
-285184.0
0.0
30208.0
0.0
0.0
0.0
0.0
0.0
0.0
0.0
0.0
0.0
0.0
0.0
0.0
0.0
0.0
0.0
0.0
0.0
0.0
0.0
0.0
0.0
0.0
0.0
0.0
0.0
0.0
0.0
0.0
0.0
0.0
0.0
0.0
0.0
0.0
0.0
0.0
0.0
0.0
0.0
0.0
0.0
0.0
0.0
0.0
0.0
0.0
0.0
-5.779121
0.0
6.975075
0.0
0.0
0.0
0.0
0.0
0.0
0.0
0.0
0.0
0.0
0.0
0.0
0.0
0.0
0.0
0.0
0.0
0.0
0.0
0.0
0.0
0.0
0.0
0.0
0.0
0.0
0.0
0.0
0.0
0.0
0.0
0.0
0.0
0.0
0.0
0.0
0.0
0.0
0.0
0.0
0.0
0.0
0.0
0.0
0.0
0.0
0.0
-315392.0
0.0
32768.0
0.0
0.0
0.0
0.0
0.0
0.0
0.0
0.0
0.0
-1.0
0.0
0.0
0.0
0.0
0.0
1.0
0.0
0.0
0.0
0.0
0.0
0.0
0.0
0.0
0.0
0.0
0.0
0.0
0.0
0.0
0.0
0.0
0.0
0.0
0.0
0.0
0.0
0.0
0.0
0.0
0.0
0.0
0.0
0.0
0.0
-2.0
0.0
0.0
0.0
1.0
0.0
0.0
0.0
0.0
0.0
0.0
1.0
0.0
0.0
0.0
0.0
0.0
0.0
0.0
0.0
0.0
0.0
0.0
0.0
-1.0
0.0
0.0
0.0
0.0
0.0
0.0
0.0
0.0
0.0
1.0
0.0
0.0
0.0
0.0
1.0
0.0
0.0
0.0
0.0
0.0
0.0
0.0
0.0
1.0
0.0
0.0
0.0
0.0
0.0
0.0
0.0
0.0
0.0
0.0
0.0
0.0
0.0
0.0
0.0
0.0
0.0
0.0
0.0
0.0
0.0
0.0
0.0
0.0
0.0
0.0
0.0
0.0
0.0
0.0
0.0
0.0
0.0
0.0
0.0
0.0
0.0
0.0
0.0
0.0
0.0
0.0
0.0
0.0
0.0
0.0
0.0
0.0
0.0
0.0
0.0
0.0
0.0
0.0
0.0
0.0
0.0
0.0
0.0
0.0
0.0
0.0
0.0
0.0
0.0
0.0
0.0
0.0
0.0
0.0
0.0
0.0
0.0
0.0
0.0
0.0
0.0
0.0
0.0
0.0
0.0
0.0
0.0
0.0
0.0
0.0
0.0
0.0
0.0
0.0
0.0
0.0
0.0
0.0
0.0
0.0
0.0
0.0
0.0
0.0
0.0
0.0
0.0
0.0
0.0
0.0
0.0
0.0
0.0
0.0
0.0
0.0
0.0
0.0
0.0
0.0
0.0
0.0
0.0
0.0
0.0
0.0
0.0
0.0
0.0
0.0
0.0
0.0
0.0
1.0
0.0
0.0
0.0
0.0
0.0
0.0
0.0
0.0
0.0
0.0
0.0
0.0
0.0
0.0
0.0
0.0
0.0
0.0
0.0
0.0
0.0
0.0
0.0
0.0
0.0
0.0
0.0
0.0
0.0
0.0
0.0
0.0
0.0
0.0
0.0
0.0
0.0
0.0
0.0
0.0
0.0
0.0
0.0
0.0
0.0
0.0
0.0
0.0
0.0
0.0
0.0
0.0
0.0
0.0
0.0
0.0
0.0
0.0
0.0
0.0
0.0
0.0
0.0
0.0
0.0
0.0
0.0
0.0
0.0
0.0
0.0
0.0
0.0
0.0
0.0
0.0
0.0
0.0
0.0
0.0
0.0
0.0
0.0
1.0
0.0
0.0
0.0
0.0
0.0
0.0
0.0
0.0
0.0
0.0
0.0
0.0
0.0
0.0
0.0
0.0
0.0
0.0
0.0
0.0
0.0
0.0
0.0
0.0
0.0
0.0
0.0
0.0
0.0
-1.0
0.0
0.0
0.0
0.0
0.0
0.0
0.0
0.0
0.0
0.0
0.0
0.0
0.0
0.0
0.0
0.0
0.0
0.0
0.0
0.0
0.0
0.0
0.0
0.0
0.0
1.0
0.0
0.0
0.0
0.0
0.0
0.0
0.0
0.0
0.0
0.0
0.0
0.0
0.0
0.0
0.0
0.0
0.0
0.0
0.0
0.0
0.0
0.0
0.0
-1.0
0.0
0.0
0.0
0.0
0.0
0.0
0.0
0.0
0.0
0.0
0.0
0.0
0.0
0.0
0.0
0.0
0.0
0.0
0.0
0.0
0.0
-1.0
0.0
1.0
0.0
-1.0
-2.0
-1.0
0.0
0.0
0.0
0.0
0.0
0.0
0.0
0.0
0.0
1.0
0.0
0.0
0.0
0.0
0.0
0.0
0.0
0.0
0.0
0.0
0.0
0.0
0.0
0.0
0.0
0.0
0.0
0.0
0.0
0.0
0.0
0.0
0.0
0.0
0.0
0.0
0.0
0.0
0.0
0.0
0.0
0.0
0.0
0.0
0.0
0.0
0.0
0.0
0.0
0.0
0.0
0.0
0.0
0.0
0.0
0.0
0.0
1.0
0.0
0.0
0.0
0.0
0.0
0.0
0.0
0.0
0.0
0.0
0.0
0.0
0.0
0.0
0.0
0.0
0.0
0.0
0.0
0.0
0.0
0.0
0.0
0.0
0.0
0.0
0.0
0.0
0.0
0.0
0.0
0.0
0.0
0.0
0.0
0.0
0.0
0.0
0.0
0.0
0.0
0.0
0.0
0.0
-1.0
0.0
0.0
0.0
0.0
-1.0
0.0
0.0
0.0
0.0
0.0
0.0
0.0
0.0
0.0
0.0
0.0
0.0
0.0
0.0
0.0
0.0
0.0
0.0
0.0
0.0
0.0
0.0
0.0
0.0
0.0
0.0
0.0
0.0
0.0
0.0
0.0
0.0
0.0
0.0
0.0
0.0
0.0
0.0
0.0
0.0
0.0
0.0
0.0
0.0
0.0
0.0
0.0
0.0
0.0
0.0
0.0
0.0
0.0
0.0
0.0
0.0
0.0
0.0
0.0
0.0
0.0
0.0
0.0
0.0
0.0
0.0
0.0
0.0
0.0
0.0
0.0
0.0
0.0
0.0
0.0
0.0
1.0
0.0
0.0
0.0
0.0
0.0
0.0
0.0
0.0
0.0
0.0
0.0
0.0
0.0
0.0
0.0
0.0
-1.0
0.0
0.0
0.0
0.0
0.0
0.0
0.0
0.0
0.0
0.0
0.0
0.0
0.0
0.0
0.0
0.0
0.0
-1.0
0.0
0.0
-1.0
0.0
0.0
0.0
-1.0
0.0
0.0
0.0
0.0
1.0
0.0
0.0
0.0
0.0
0.0
0.0
0.0
0.0
0.0
0.0
0.0
0.0
0.0
0.0
0.0
0.0
0.0
0.0
0.0
0.0
0.0
0.0
0.0
0.0
0.0
0.0
0.0
0.0
0.0
0.0
0.0
0.0
0.0
0.0
0.0
0.0
0.0
0.0
0.0
0.0
1.0
0.0
0.0
0.0
0.0
0.0
0.0
0.0
0.0
1.0
0.0
0.0
0.0
0.0
0.0
0.0
0.0
0.0
0.0
0.0
0.0
0.0
0.0
0.0
0.0
0.0
0.0
0.0
0.0
0.0
0.0
0.0
0.0
0.0
1.0
0.0
0.0
0.0
0.0
0.0
0.0
0.0
0.0
0.0
0.0
0.0
0.0
0.0
0.0
0.0
0.0
0.0
0.0
0.0
0.0
0.0
0.0
0.0
0.0
0.0
0.0
0.0
0.0
0.0
0.0
0.0
0.0
0.0
0.0
0.0
0.0
0.0
0.0
0.0
0.0
0.0
0.0
0.0
0.0
0.0
0.0
0.0
0.0
0.0
0.0
0.0
0.0
0.0
0.0
0.0
0.0
0.0
0.0
0.0
0.0
0.0
0.0
0.0
0.0
0.0
0.0
0.0
0.0
0.0
0.0
0.0
0.0
-1.0
0.0
0.0
0.0
0.0
-1.0
0.0
0.0
0.0
0.0
0.0
0.0
0.0
1.0
0.0
0.0
0.0
0.0
0.0
0.0
0.0
0.0
0.0
0.0
0.0
0.0
0.0
0.0
0.0
0.0
0.0
0.0
0.0
0.0
0.0
-1.0
0.0
0.0
0.0
0.0
0.0
0.0
0.0
0.0
0.0
0.0
0.0
-1.0
0.0
0.0
0.0
0.0
0.0
0.0
0.0
0.0
0.0
0.0
0.0
0.0
0.0
0.0
0.0
0.0
0.0
1.0
0.0
0.0
0.0
0.0
0.0
0.0
0.0
-1.0
0.0
0.0
0.0
0.0
0.0
0.0
0.0
0.0
0.0
0.0
0.0
0.0
0.0
0.0
0.0
0.0
0.0
0.0
0.0
0.0
0.0
0.0
0.0
0.0
0.0
0.0
0.0
0.0
0.0
0.0
0.0
0.0
0.0
0.0
0.0
0.0
0.0
0.0
0.0
0.0
0.0
0.0
0.0
0.0
-1.0
0.0
0.0
0.0
0.0
0.0
0.0
0.0
0.0
0.0
0.0
0.0
0.0
0.0
0.0
0.0
0.0
0.0
0.0
0.0
-1.0
0.0
0.0
0.0
-1.0
0.0
0.0
0.0
0.0
0.0
0.0
0.0
-1.0
0.0
0.0
0.0
0.0
0.0
0.0
0.0
0.0
0.0
-1.0
0.0
0.0
0.0
0.0
0.0
0.0
0.0
0.0
0.0
0.0
0.0
0.0
1.0
0.0
0.0
0.0
-1.0
0.0
0.0
-1.0
-1.0
0.0
0.0
0.0
0.0
0.0
0.0
0.0
0.0
0.0
0.0
0.0
0.0
0.0
0.0
0.0
0.0
0.0
0.0
0.0
0.0
0.0
0.0
0.0
0.0
0.0
0.0
0.0
0.0
0.0
0.0
0.0
0.0
0.0
0.0
0.0
1.0
0.0
0.0
0.0
-1.0
0.0
0.0
0.0
0.0
0.0
0.0
0.0
0.0
0.0
0.0
0.0
0.0
-1.0
0.0
0.0
0.0
0.0
0.0
1.0
0.0
0.0
0.0
0.0
0.0
0.0
0.0
0.0
0.0
0.0
0.0
0.0
0.0
0.0
0.0
0.0
0.0
0.0
0.0
0.0
0.0
0.0
0.0
0.0
0.0
0.0
0.0
1.0
0.0
0.0
0.0
0.0
0.0
0.0
0.0
0.0
0.0
0.0
0.0
0.0
0.0
-1.0
0.0
0.0
0.0
-1.0
0.0
1.0
0.0
0.0
1.0
1.0
0.0
0.0
0.0
0.0
0.0
0.0
0.0
0.0
0.0
0.0
0.0
1.0
0.0
0.0
0.0
0.0
0.0
0.0
0.0
1.0
0.0
0.0
0.0
1.0
0.0
0.0
0.0
0.0
0.0
-1.0
0.0
0.0
0.0
0.0
0.0
0.0
0.0
0.0
0.0
0.0
0.0
0.0
0.0
0.0
0.0
1.0
0.0
0.0
1.0
0.0
0.0
0.0
0.0
0.0
0.0
0.0
0.0
0.0
0.0
0.0
1.0
0.0
0.0
0.0
0.0
0.0
0.0
0.0
0.0
-1.0
0.0
0.0
0.0
0.0
0.0
0.0
0.0
0.0
0.0
1.0
0.0
0.0
0.0
0.0
2.0
0.0
0.0
0.0
0.0
0.0
0.0
0.0
0.0
0.0
0.0
0.0
0.0
0.0
0.0
0.0
0.0
0.0
0.0
0.0
0.0
0.0
0.0
0.0
0.0
1.0
0.0
0.0
0.0
0.0
0.0
0.0
0.0
1.0
0.0
0.0
0.0
0.0
0.0
0.0
0.0
0.0
0.0
-1.0
0.0
0.0
0.0
0.0
0.0
0.0
0.0
0.0
0.0
0.0
0.0
0.0
0.0
0.0
0.0
-1.0
0.0
-1.0
0.0
0.0
0.0
0.0
0.0
0.0
0.0
0.0
1.0
0.0
0.0
0.0
0.0
0.0
0.0
0.0
0.0
0.0
0.0
0.0
0.0
1.0
0.0
0.0
0.0
0.0
0.0
0.0
0.0
0.0
0.0
0.0
0.0
0.0
0.0
0.0
0.0
0.0
0.0
0.0
0.0
0.0
0.0
0.0
0.0
0.0
-1.0
0.0
0.0
0.0
0.0
0.0
0.0
0.0
0.0
0.0
0.0
0.0
0.0
0.0
0.0
0.0
0.0
0.0
0.0
0.0
0.0
0.0
0.0
0.0
0.0
0.0
0.0
0.0
1.0
0.0
0.0
0.0
0.0
0.0
0.0
0.0
0.0
0.0
0.0
0.0
0.0
0.0
-2.0
0.0
0.0
0.0
0.0
0.0
0.0
0.0
0.0
0.0
0.0
0.0
0.0
1.0
0.0
0.0
0.0
0.0
0.0
0.0
0.0
0.0
0.0
0.0
0.0
-1.0
0.0
0.0
0.0
1.0
0.0
0.0
0.0
0.0
0.0
0.0
0.0
0.0
0.0
0.0
0.0
0.0
0.0
0.0
0.0
1.0
0.0
0.0
0.0
0.0
0.0
0.0
0.0
0.0
0.0
0.0
0.0
0.0
0.0
0.0
1.0
0.0
0.0
0.0
0.0
0.0
0.0
0.0
0.0
0.0
0.0
0.0
0.0
0.0
0.0
0.0
0.0
0.0
0.0
0.0
0.0
0.0
0.0
0.0
0.0
0.0
0.0
0.0
0.0
0.0
0.0
0.0
0.0
0.0
0.0
0.0
0.0
0.0
0.0
0.0
0.0
0.0
0.0
0.0
0.0
0.0
0.0
0.0
0.0
0.0
0.0
0.0
0.0
0.0
0.0
0.0
0.0
0.0
0.0
0.0
0.0
0.0
0.0
0.0
0.0
0.0
0.0
0.0
0.0
0.0
0.0
0.0
0.0
0.0
0.0
0.0
0.0
0.0
0.0
0.0
0.0
0.0
0.0
0.0
0.0
0.0
0.0
0.0
0.0
0.0
0.0
0.0
0.0
0.0
0.0
0.0
0.0
0.0
0.0
0.0
0.0
0.0
0.0
0.0
0.0
0.0
0.0
0.0
0.0
0.0
0.0
0.0
0.0
0.0
0.0
0.0
0.0
0.0
0.0
0.0
0.0
0.0
0.0
0.0
0.0
0.0
0.0
0.0
0.0
0.0
0.0
0.0
0.0
0.0
100.0
286720.0
26560.0
319488.0
0.0
0.0
0.0
0.0
0.0
0.0
0.0
0.0
0.0
0.0
0.0
0.0
0.0
0.0
0.0
0.0
0.0
0.0
0.0
0.0
0.0
0.0
0.0
0.0
