0.04604223
0.007583006
0.0063608037
0.006211374
0.006867081
0.006209144
0.006093168
0.0059526595
0.0072707646
0.0060864775
0.005939278
0.0057541635
0.0065392274
0.0057251696
0.005796539
0.0068470086
0.0066730455
0.005896902
0.0057474724
0.0055891215
0.0062738224
0.00618238
0.005700636
0.0056538
0.005818842
0.0059415083
0.005669412
0.005571279
0.005850066
0.0056961756
0.0056783333
0.0056649516
0.005865678
0.0056493394
0.005613655
0.005464225
0.0061177015
0.0060485625
0.005631497
0.0056404183
0.0058902116
0.005847836
0.0054597645
0.005691715
0.0059682718
0.0056582605
0.0057340907
0.0055690487
0.006151156
0.006367495
0.0061756894
0.0057831574
0.005865678
0.0058054603
0.005789848
0.0056582605
0.0059035933
0.006287204
0.005856757
0.005818842
0.005676103
0.0056649516
0.0056047337
0.005680564
0.008182956
0.0061087804
0.0026429007
0.0033298319
0.0028235547
0.006746645
0.0027566457
0.0026049856
0.0027165003
0.0026495915
0.002584913
0.0024845495
0.0027031186
0.0028101727
0.0028480878
0.0027834093
0.004645706
0.0025046223
0.0029105362
0.0036086189
0.0029640633
0.0035394796
0.0031068022
0.0028547787
0.002591604
0.0029997479
0.0026941975
0.002825785
0.0026585127
0.0030800386
0.0027231914
0.002622828
0.0024756284
0.0053727827
0.0033499044
0.0037625092
0.0037357456
0.0062292162
0.0035260979
0.0035015645
0.0037669698
0.0045944094
0.0034034315
0.0030711174
0.0041015144
0.0036509943
0.0046590883
0.004688082
0.0034569586
0.002600525
0.005044929
0.004567646
0.0050471597
0.0045810277
0.0027410337
0.0028860029
0.0027187306
0.003227238
0.0026049856
0.0025492283
0.0025514585
0.0028770817
0.0025536888
0.0025403071
0.0030800386
0.002607216
0.002426562
0.0049401056
0.002669664
0.0038271877
0.0023841863
0.0023997985
0.002629519
0.006050793
0.0024667073
0.006717651
0.0026362098
0.003604158
0.0024979315
0.0025358463
0.0058835205
0.0024064893
0.0025113132
0.002502392
0.0024287922
0.0025157738
0.002442174
0.0024823193
0.0024555558
0.002533616
0.002448865
0.002404259
0.002502392
0.00248901
0.0023997985
0.0023596531
0.0024243316
0.002683046
0.002442174
0.0025514585
0.0026339795
0.0024867798
0.002493471
0.002473398
0.00241095
0.002435483
0.0024600164
0.0025157738
0.002502392
0.0024064893
0.0024377133
0.0024310225
0.0025693008
0.0024377133
0.0023953377
0.0024756284
0.0024577861
0.0025135435
0.0028213244
0.002555919
0.0026027553
0.0025893736
0.0024287922
0.0025358463
0.0025291555
0.002435483
0.0025693008
0.0026562824
0.003715673
0.0028971543
0.0027566457
0.0032160867
0.0030778083
0.0023886468
0.0027945607
0.0033030682
0.0027231914
0.002502392
0.00256261
0.0025670705
0.0026049856
0.0025425374
0.0025581494
0.0025447677
0.0028971543
0.002654052
0.0025982948
0.0025960645
0.002584913
0.0025202343
0.0024756284
0.0026094462
0.0029529117
0.002546998
0.0027187306
0.0027209609
0.002705349
0.0025693008
0.0024957012
0.0025536888
0.003595237
0.0025224646
0.0025670705
0.0025224646
0.0027343428
0.002812403
0.0025001618
0.0024912406
0.0038227271
0.0028748515
0.0026518218
0.0034435769
0.0032093958
0.0024444044
0.002509083
0.0025358463
0.003104572
0.0025982948
0.0024221013
0.0025514585
0.0029729845
0.0025380768
0.002683046
0.002948451
0.003550631
0.0027298823
0.0026116765
0.002698658
0.003564013
0.0027209609
0.0027744882
0.006367495
0.0
0.0
0.0
0.0
0.0
0.0
0.0
0.0
0.0
0.0
0.0
0.0
0.0
0.0
0.0
0.0
0.0
0.0
0.0
0.0
0.0
0.0
0.0
0.0
0.0
0.0
0.0
0.0
0.0
0.0
0.0
0.0
0.0
0.0
0.0
0.0
0.0
0.0
0.0
0.0
0.0
0.0
0.0
0.0
0.0
0.0
0.0
0.0
0.002051677
5.0396e-05
2.2398222e-06
8.959289e-06
8.06336e-05
4.3676533e-05
1.1199111e-05
3.3597335e-06
1.1199111e-06
1.1199111e-06
0.0
2.6877868e-05
0.0
2.2398222e-06
1.00792e-05
0.0
0.001980003
7.839378e-06
1.9038489e-05
8.959289e-06
4.3676533e-05
3.2477423e-05
8.7353066e-05
2.911769e-05
1.00792e-05
1.3438934e-05
3.3597335e-06
7.839378e-06
1.7918577e-05
6.719467e-06
6.719467e-06
1.9038489e-05
0.0015656358
0.0
0.0
8.3993335e-05
6.6074754e-05
2.3518134e-05
0.0069647273
0.0027639407
0.0
0.0
0.0
0.0
0.0
0.0
0.0
0.0
0.0048828125
1.1199111e-06
0.000100792
0.0002609393
0.00034493263
0.00026877868
0.006600756
0.0035478785
2.2398222e-06
3.3597335e-06
1.1199111e-06
1.1199111e-06
3.5837154e-05
1.1199111e-06
1.1199111e-06
1.1199111e-06
0.0011759066
0.0
0.0
0.0008544922
3.3597335e-05
1.5678756e-05
0.0032936586
0.0015074004
0.0
0.0
0.0
0.0
0.0
0.0
0.0
0.0
0.005028401
0.00011871058
0.000113111026
0.00040204808
0.0026093929
0.0013909296
0.00059915247
0.00025198
8.3993335e-05
6.0475202e-05
5.0396e-05
8.3993335e-05
0.00020494373
0.00032925387
6.383494e-05
7.7273864e-05
0.004185108
0.0003516521
0.00012543004
0.00076041964
0.0018859303
0.0004524441
0.0034179688
0.0015577964
9.5192445e-05
8.847298e-05
7.839378e-05
8.511324e-05
0.00025533975
0.0001803057
7.839378e-05
0.00016350702
0.0021771071
0.00014558845
0.00012878978
0.00011535085
0.001323735
0.00012543004
0.0007872975
0.0003729304
0.00010975129
9.407254e-05
9.5192445e-05
9.407254e-05
9.07128e-05
9.07128e-05
0.00066410727
0.00046588303
0.0070599196
0.00038972907
0.0005129193
0.0005700348
0.003680028
0.00045580382
0.001373011
0.0009284063
0.0005509963
0.00032365433
0.00026765876
0.00033485342
0.00035725164
0.0015029208
0.0011378297
0.001197185
0.0014693234
0.00010863138
0.00016798667
0.00018814507
0.00041996667
0.00019822427
0.00020830346
0.0001500681
0.0004905211
9.967209e-05
6.719467e-05
9.5192445e-05
0.00013886899
3.6957066e-05
0.00043676535
0.0003113353
0.010013125
0.0019083285
0.00080185634
0.0010560761
0.0040395195
0.003289179
0.0011400696
0.0016283508
0.0069602476
0.0014973212
0.00034493263
0.0007537002
0.002481723
0.001070635
0.0026687481
0.0039241686
0.011452211
0.002304777
0.0015432375
0.0013618119
0.0047036265
0.004073117
0.0017313826
0.0022319828
0.0074171713
0.0025601168
0.000604752
0.0011759066
0.0029890428
0.00126102
0.0026396306
0.0047025066
0.08792758
0.08827028
0.08835763
0.08846402
0.037615575
0.037967227
0.037751082
0.037634615
0.037728686
0.038026582
0.038257282
0.037905633
0.03817777
0.037727565
0.03758422
0.03794371
4662.0
6.357143
29637.0
0.008637851
0.0067145796
0.0075918613
0.0060397475
0.0077605695
0.009143976
0.0071532205
0.0072207036
0.008536627
0.007996761
0.007119479
0.0075918613
0.006849546
0.006444647
0.008840301
0.007018254
0.011235955
0.011505888
0.011877046
0.009717583
0.009076492
0.009110234
0.008739077
0.008266694
0.008165468
0.008502885
0.009177717
0.0070857373
0.006883288
0.006984513
0.007625603
0.007119479
0.0039140265
0.010088741
0.004285184
0.008064244
0.005904781
0.009413908
0.005904781
0.0058710393
0.0045213755
0.007018254
0.0033741607
0.003947768
0.006377164
0.0056011067
0.009380166
0.008030502
0.00840166
0.004015251
0.008232952
0.010189965
0.009312684
0.005938523
0.006613355
0.005837298
0.004150218
0.0035766102
0.0037453184
0.004015251
0.004150218
0.0036440936
0.0032054526
0.0031042278
0.0037453184
0.042919323
0.015015015
0.019873807
0.01973884
0.055909842
0.008874043
0.014306441
0.016634611
0.032391943
0.0056011067
0.01049364
0.024867564
0.017545635
0.03296555
0.031042278
0.014171475
0.004555117
0.039342713
0.031447176
0.029557647
0.015723588
0.007625603
0.008604109
0.006782063
0.014576375
0.0049937577
0.0039815097
0.0043189256
0.0033404191
0.0032054526
0.004285184
6.187582
2.0
0.0
0.0
2.0
448371.0
98304.0
0.0
0.0
6.0
0.0
0.0
0.0
0.0
0.0
1141321900.0
0.0
0.0
0.0
0.0
0.0
1.0
0.0
0.0
0.0
0.0
0.0
0.0
-1.0
0.0
-1.0
-1.0
0.0
0.0
0.0
0.0
0.0
0.0
0.0
0.0
0.0
0.0
0.0
0.0
-1.0
0.0
0.0
0.0
0.0
0.0
0.0
0.0
0.0
0.0
0.0
0.0
0.0
-1.0
0.0
0.0
0.0
0.0
0.0
0.0
0.0
0.0
0.0
0.0
2.0
50.0
4.0
0.0
4.0
0.0
42496.0
4096.0
4096.0
3.0
0.0
0.0
1.0
1.0
0.0
0.0
0.0
0.0
0.0
0.0
0.0
0.0
0.0
0.0
0.0
0.0
0.0
0.0
26112.0
0.0
0.0
0.0
0.0
0.0
0.0
0.0
0.0
0.0
0.0
0.0
0.0
0.0
0.0
0.0
0.0
0.0
-16384.0
0.0
0.0
0.0
0.0
0.0
0.0
0.0
0.0
-42496.0
0.0
0.0
0.0
0.0
0.0
0.0
0.0
0.0
0.0
0.0
0.0
0.0
0.0
0.0
0.0
0.0
0.0
0.0
0.0
0.0
0.0
0.0
5.2029037
0.0
0.0
0.0
0.0
0.0
0.0
0.0
0.0
0.0
0.0
0.0
0.0
0.0
0.0
0.0
0.0
0.0
-4.861815
0.0
0.0
0.0
0.0
0.0
0.0
0.0
0.0
-6.4578476
0.0
0.0
0.0
0.0
0.0
0.0
0.0
0.0
0.0
0.0
0.0
0.0
0.0
0.0
0.0
0.0
0.0
0.0
0.0
0.0
0.0
0.0
25860.0
0.0
0.0
0.0
0.0
0.0
0.0
0.0
0.0
0.0
0.0
0.0
0.0
0.0
0.0
0.0
0.0
0.0
-16832.0
0.0
0.0
0.0
0.0
0.0
0.0
0.0
0.0
-42342.0
0.0
0.0
0.0
0.0
0.0
0.0
0.0
0.0
0.0
0.0
0.0
-1.0
0.0
0.0
0.0
0.0
0.0
1.0
0.0
0.0
0.0
0.0
0.0
0.0
0.0
0.0
0.0
0.0
0.0
0.0
0.0
0.0
0.0
0.0
0.0
0.0
0.0
0.0
0.0
0.0
0.0
0.0
0.0
0.0
0.0
0.0
0.0
-2.0
0.0
0.0
0.0
1.0
0.0
0.0
0.0
0.0
0.0
0.0
0.0
0.0
0.0
0.0
0.0
0.0
0.0
0.0
0.0
0.0
0.0
0.0
0.0
-1.0
0.0
0.0
0.0
0.0
0.0
0.0
0.0
0.0
0.0
1.0
0.0
0.0
0.0
0.0
1.0
0.0
0.0
0.0
0.0
0.0
0.0
0.0
0.0
0.0
0.0
0.0
0.0
0.0
0.0
0.0
0.0
0.0
0.0
0.0
0.0
0.0
0.0
0.0
0.0
0.0
0.0
0.0
0.0
0.0
0.0
0.0
0.0
0.0
0.0
0.0
0.0
0.0
0.0
0.0
0.0
0.0
0.0
0.0
0.0
0.0
0.0
0.0
0.0
0.0
0.0
0.0
-1.0
0.0
0.0
0.0
0.0
0.0
0.0
0.0
0.0
0.0
0.0
0.0
0.0
0.0
0.0
0.0
0.0
0.0
0.0
0.0
0.0
-1.0
0.0
0.0
0.0
0.0
0.0
0.0
0.0
0.0
0.0
0.0
0.0
0.0
0.0
0.0
0.0
0.0
0.0
0.0
0.0
0.0
0.0
0.0
0.0
0.0
0.0
0.0
0.0
0.0
0.0
0.0
0.0
0.0
0.0
0.0
0.0
0.0
0.0
0.0
0.0
0.0
0.0
0.0
0.0
0.0
0.0
0.0
0.0
0.0
-1.0
0.0
0.0
0.0
0.0
0.0
0.0
0.0
0.0
0.0
0.0
0.0
0.0
0.0
0.0
0.0
0.0
1.0
0.0
0.0
0.0
0.0
0.0
0.0
0.0
0.0
0.0
0.0
0.0
0.0
0.0
0.0
0.0
0.0
0.0
0.0
0.0
0.0
0.0
0.0
0.0
0.0
0.0
0.0
0.0
0.0
0.0
0.0
0.0
0.0
0.0
0.0
0.0
0.0
0.0
0.0
0.0
0.0
0.0
0.0
0.0
0.0
0.0
0.0
0.0
0.0
0.0
0.0
0.0
0.0
0.0
0.0
0.0
0.0
0.0
0.0
0.0
0.0
0.0
0.0
0.0
0.0
0.0
0.0
0.0
0.0
0.0
0.0
0.0
0.0
0.0
0.0
0.0
0.0
0.0
0.0
0.0
0.0
0.0
0.0
0.0
0.0
0.0
0.0
0.0
0.0
0.0
0.0
0.0
0.0
0.0
0.0
0.0
0.0
0.0
0.0
0.0
0.0
1.0
0.0
0.0
0.0
0.0
0.0
0.0
0.0
0.0
0.0
0.0
0.0
0.0
-1.0
0.0
0.0
0.0
0.0
0.0
0.0
0.0
0.0
0.0
0.0
0.0
0.0
0.0
0.0
0.0
0.0
0.0
0.0
0.0
0.0
0.0
0.0
0.0
0.0
0.0
0.0
0.0
0.0
0.0
0.0
0.0
0.0
0.0
0.0
0.0
0.0
0.0
0.0
0.0
0.0
0.0
0.0
0.0
0.0
0.0
0.0
0.0
0.0
0.0
0.0
0.0
0.0
0.0
0.0
0.0
0.0
0.0
0.0
0.0
0.0
0.0
0.0
0.0
0.0
0.0
0.0
0.0
0.0
0.0
0.0
0.0
0.0
0.0
0.0
0.0
0.0
0.0
0.0
0.0
0.0
0.0
0.0
0.0
0.0
0.0
0.0
0.0
0.0
0.0
0.0
0.0
0.0
0.0
0.0
0.0
0.0
0.0
0.0
0.0
0.0
0.0
0.0
0.0
0.0
0.0
0.0
0.0
0.0
0.0
0.0
0.0
0.0
0.0
0.0
0.0
0.0
0.0
0.0
0.0
0.0
0.0
0.0
0.0
0.0
0.0
0.0
0.0
0.0
0.0
0.0
0.0
0.0
0.0
0.0
0.0
0.0
0.0
0.0
0.0
0.0
0.0
0.0
0.0
0.0
0.0
0.0
0.0
0.0
0.0
0.0
0.0
0.0
0.0
0.0
0.0
0.0
0.0
0.0
0.0
0.0
0.0
0.0
0.0
0.0
0.0
0.0
0.0
0.0
0.0
0.0
0.0
0.0
0.0
0.0
0.0
0.0
0.0
0.0
0.0
0.0
0.0
0.0
0.0
0.0
0.0
0.0
0.0
0.0
0.0
0.0
0.0
0.0
0.0
0.0
0.0
0.0
0.0
0.0
0.0
0.0
0.0
0.0
0.0
0.0
0.0
0.0
0.0
0.0
0.0
0.0
0.0
0.0
0.0
0.0
0.0
0.0
1.0
0.0
0.0
0.0
0.0
0.0
0.0
0.0
0.0
0.0
0.0
0.0
0.0
0.0
0.0
0.0
0.0
0.0
0.0
0.0
0.0
0.0
0.0
0.0
0.0
0.0
0.0
0.0
0.0
0.0
0.0
0.0
0.0
0.0
0.0
0.0
0.0
0.0
0.0
0.0
0.0
0.0
0.0
0.0
0.0
0.0
0.0
0.0
0.0
0.0
0.0
0.0
0.0
0.0
0.0
0.0
0.0
0.0
0.0
0.0
0.0
0.0
0.0
0.0
0.0
0.0
0.0
0.0
0.0
0.0
0.0
0.0
0.0
0.0
0.0
0.0
0.0
0.0
0.0
0.0
0.0
0.0
0.0
0.0
0.0
0.0
0.0
0.0
0.0
0.0
0.0
0.0
0.0
0.0
0.0
0.0
0.0
0.0
0.0
0.0
0.0
0.0
0.0
0.0
0.0
0.0
0.0
0.0
0.0
0.0
0.0
0.0
0.0
0.0
0.0
0.0
0.0
0.0
0.0
0.0
0.0
0.0
0.0
0.0
0.0
0.0
0.0
0.0
0.0
0.0
0.0
0.0
0.0
0.0
0.0
0.0
0.0
0.0
0.0
0.0
0.0
0.0
0.0
0.0
0.0
0.0
0.0
0.0
0.0
0.0
0.0
0.0
0.0
0.0
0.0
0.0
0.0
0.0
0.0
0.0
0.0
0.0
0.0
0.0
0.0
0.0
0.0
0.0
0.0
0.0
0.0
0.0
0.0
0.0
0.0
0.0
0.0
0.0
0.0
0.0
0.0
0.0
0.0
0.0
0.0
0.0
0.0
0.0
0.0
0.0
0.0
0.0
0.0
0.0
0.0
0.0
0.0
0.0
0.0
0.0
0.0
0.0
0.0
0.0
0.0
0.0
0.0
0.0
0.0
0.0
0.0
0.0
0.0
0.0
0.0
0.0
0.0
0.0
0.0
0.0
0.0
0.0
0.0
0.0
0.0
0.0
0.0
0.0
0.0
0.0
0.0
0.0
0.0
0.0
0.0
0.0
0.0
0.0
0.0
0.0
0.0
0.0
0.0
0.0
0.0
0.0
0.0
0.0
0.0
0.0
0.0
0.0
0.0
0.0
0.0
0.0
0.0
0.0
0.0
0.0
0.0
0.0
0.0
0.0
0.0
0.0
0.0
0.0
0.0
0.0
1.0
0.0
0.0
0.0
0.0
0.0
0.0
0.0
0.0
0.0
0.0
0.0
0.0
0.0
0.0
0.0
0.0
0.0
0.0
0.0
0.0
0.0
0.0
0.0
0.0
0.0
0.0
0.0
0.0
0.0
0.0
0.0
0.0
0.0
0.0
0.0
0.0
0.0
0.0
0.0
0.0
0.0
0.0
0.0
0.0
0.0
0.0
0.0
0.0
0.0
0.0
0.0
0.0
0.0
0.0
0.0
0.0
0.0
0.0
0.0
0.0
0.0
0.0
1.0
0.0
0.0
0.0
0.0
0.0
0.0
0.0
0.0
0.0
0.0
0.0
0.0
0.0
0.0
0.0
0.0
0.0
0.0
0.0
0.0
0.0
0.0
0.0
0.0
0.0
0.0
0.0
0.0
0.0
0.0
0.0
0.0
0.0
0.0
0.0
0.0
0.0
0.0
0.0
0.0
0.0
0.0
0.0
0.0
0.0
0.0
0.0
0.0
0.0
0.0
0.0
0.0
0.0
0.0
0.0
0.0
0.0
0.0
0.0
0.0
0.0
0.0
0.0
-1.0
0.0
0.0
0.0
0.0
0.0
0.0
0.0
0.0
0.0
0.0
0.0
0.0
0.0
0.0
0.0
0.0
0.0
0.0
0.0
0.0
1.0
0.0
0.0
0.0
0.0
0.0
0.0
0.0
0.0
0.0
0.0
0.0
0.0
0.0
0.0
0.0
0.0
0.0
0.0
0.0
0.0
0.0
0.0
0.0
0.0
0.0
0.0
0.0
0.0
0.0
0.0
0.0
0.0
0.0
0.0
0.0
0.0
0.0
0.0
0.0
0.0
0.0
0.0
0.0
0.0
0.0
0.0
0.0
0.0
0.0
0.0
0.0
0.0
0.0
0.0
0.0
0.0
0.0
0.0
0.0
0.0
0.0
0.0
0.0
0.0
0.0
0.0
0.0
0.0
0.0
0.0
0.0
0.0
0.0
0.0
0.0
0.0
0.0
0.0
0.0
0.0
0.0
0.0
0.0
0.0
0.0
0.0
0.0
0.0
0.0
0.0
0.0
0.0
0.0
0.0
0.0
0.0
0.0
0.0
0.0
0.0
0.0
0.0
0.0
0.0
0.0
0.0
0.0
0.0
0.0
0.0
0.0
0.0
0.0
0.0
0.0
0.0
0.0
0.0
0.0
0.0
0.0
0.0
0.0
0.0
0.0
0.0
0.0
0.0
0.0
0.0
0.0
0.0
0.0
0.0
0.0
0.0
0.0
0.0
0.0
0.0
0.0
0.0
0.0
0.0
0.0
0.0
0.0
0.0
0.0
0.0
0.0
0.0
0.0
0.0
0.0
0.0
0.0
0.0
0.0
0.0
0.0
0.0
0.0
0.0
0.0
0.0
0.0
0.0
0.0
0.0
0.0
0.0
0.0
0.0
0.0
0.0
0.0
0.0
0.0
0.0
0.0
0.0
0.0
0.0
0.0
0.0
0.0
0.0
0.0
0.0
0.0
0.0
0.0
0.0
0.0
0.0
0.0
0.0
0.0
0.0
0.0
0.0
0.0
0.0
0.0
0.0
0.0
0.0
0.0
0.0
0.0
0.0
0.0
0.0
0.0
0.0
0.0
0.0
0.0
0.0
0.0
0.0
0.0
0.0
0.0
0.0
0.0
0.0
0.0
0.0
0.0
0.0
0.0
0.0
0.0
0.0
0.0
0.0
0.0
0.0
0.0
0.0
0.0
0.0
0.0
0.0
0.0
0.0
0.0
0.0
0.0
0.0
0.0
0.0
0.0
0.0
0.0
0.0
0.0
0.0
0.0
0.0
0.0
0.0
0.0
0.0
0.0
0.0
0.0
0.0
0.0
0.0
0.0
0.0
0.0
0.0
0.0
0.0
0.0
0.0
0.0
0.0
0.0
0.0
0.0
0.0
0.0
0.0
0.0
0.0
0.0
0.0
0.0
0.0
0.0
0.0
0.0
0.0
0.0
0.0
0.0
0.0
0.0
0.0
0.0
0.0
0.0
0.0
0.0
0.0
0.0
0.0
0.0
0.0
0.0
0.0
0.0
0.0
0.0
0.0
0.0
0.0
0.0
0.0
0.0
0.0
0.0
0.0
0.0
0.0
0.0
0.0
0.0
0.0
0.0
0.0
0.0
0.0
0.0
0.0
0.0
0.0
0.0
0.0
0.0
0.0
0.0
0.0
0.0
-1.0
0.0
0.0
0.0
0.0
0.0
0.0
0.0
0.0
0.0
0.0
0.0
0.0
0.0
0.0
0.0
0.0
0.0
0.0
0.0
0.0
0.0
0.0
0.0
0.0
0.0
0.0
0.0
0.0
0.0
0.0
0.0
0.0
0.0
0.0
0.0
0.0
0.0
0.0
0.0
0.0
0.0
0.0
0.0
0.0
0.0
0.0
0.0
0.0
0.0
0.0
0.0
0.0
0.0
0.0
0.0
0.0
0.0
0.0
0.0
0.0
0.0
0.0
0.0
0.0
0.0
0.0
0.0
0.0
0.0
0.0
0.0
0.0
0.0
0.0
0.0
0.0
0.0
0.0
0.0
0.0
0.0
0.0
0.0
0.0
0.0
0.0
0.0
0.0
0.0
0.0
0.0
0.0
0.0
0.0
0.0
0.0
0.0
0.0
0.0
0.0
0.0
0.0
0.0
0.0
0.0
0.0
0.0
0.0
0.0
0.0
0.0
0.0
0.0
0.0
0.0
0.0
0.0
0.0
0.0
0.0
0.0
0.0
0.0
0.0
0.0
0.0
0.0
0.0
0.0
0.0
0.0
0.0
0.0
0.0
0.0
0.0
0.0
0.0
0.0
0.0
0.0
0.0
0.0
0.0
0.0
0.0
0.0
0.0
0.0
0.0
0.0
0.0
0.0
0.0
0.0
0.0
0.0
0.0
0.0
0.0
0.0
0.0
0.0
0.0
0.0
0.0
0.0
0.0
0.0
0.0
0.0
0.0
0.0
0.0
0.0
0.0
0.0
0.0
0.0
0.0
0.0
0.0
0.0
0.0
0.0
0.0
0.0
0.0
0.0
0.0
0.0
0.0
0.0
140.0
91260.0
0.0
0.0
0.0
0.0
0.0
0.0
0.0
0.0
0.0
0.0
0.0
0.0
0.0
0.0
0.0
0.0
0.0
0.0
0.0
0.0
0.0
0.0
0.0
0.0
0.0
0.0
