0.09190698
0.006354496
0.002969655
0.0027364502
0.009328195
0.00079127896
0.0022215124
0.001596038
0.0050698468
0.0011377162
0.00065782643
0.0013844011
0.0044955965
0.0010932321
0.008445252
0.041931044
0.005073891
0.0014450614
0.0008344151
0.0024371932
0.0030788435
0.0005917742
0.0006942226
0.0017739746
0.0015245937
0.0003990095
0.00047584577
0.0057263253
0.0018346348
0.00039092146
0.0029036028
0.0014625854
0.0013790091
0.0004825858
0.0007535348
0.0010420079
0.010220574
0.0008263271
0.0009961757
0.0012091605
0.0028995587
0.0008546352
0.0014032732
0.00092877547
0.001360137
0.00055672607
0.0012253366
0.0008910313
0.0014935896
0.0018090227
0.0011323242
0.0040197507
0.0023185685
0.008224179
0.0273308
0.005282832
0.004282612
0.004002227
0.003437413
0.004068279
0.005592873
0.001077056
0.0014207973
0.0007804949
0.0060660224
0.0017119664
0.0039051706
0.0038081142
0.0047314977
0.013028469
0.0016526541
0.0013102609
0.0012118565
0.0007575788
0.0033727086
0.0008330671
0.002120412
0.0017941947
0.00067535054
0.0015380738
0.0016607422
0.0017780187
0.0016701783
0.0023455287
0.007202391
0.004827206
0.0055632167
0.00067535054
0.004774634
0.001348005
0.0062628314
0.0016432181
0.00529766
0.0047018416
0.0011080601
0.0018696829
0.0031152396
0.00109458
0.0026420897
0.0018319389
0.003498073
0.002112324
0.002426409
0.002934607
0.0014868495
0.0032662163
0.0025544695
0.0055618687
0.0038040702
0.0011633283
0.0049903146
0.0015421178
0.004017055
0.001629738
0.0039051706
0.009107122
0.032489616
0.0071188146
0.004843382
0.003774414
0.005397412
0.001872379
0.0030815394
0.0061051147
0.0039240425
0.0027148821
0.0017294905
0.0027499301
0.008425032
0.0027431902
0.0069139176
0.01164272
0.0060215383
0.0044255005
0.0009853917
0.0033605765
0.0025652535
0.018590337
0.0008438511
0.016855454
0.0015138097
0.005142639
0.0005715541
0.00071039866
0.01028393
0.00049876183
0.00215546
0.0015232457
0.003233864
0.005440548
0.00039766147
0.0031071515
0.009485912
0.0026097377
0.0056481413
0.0028806867
0.0025342493
0.00087215926
0.0007481428
0.005346188
0.001075708
0.00057559815
0.0017402745
0.0014315813
0.0022484723
0.0031165876
0.0012819527
0.00084789516
0.003208252
0.0020610997
0.0051938635
0.0019411272
0.0015043736
0.0010083078
0.00084519916
0.0012536447
0.0010662719
0.00033295725
0.0005068499
0.0011094081
0.0017995867
0.0007265747
0.0023967528
0.002408885
0.00320286
0.0063383197
0.0014437133
0.0028860788
0.0023751848
0.0017537546
0.0026070417
0.005913698
0.0039752666
0.00581125
0.0015663818
0.003214992
0.0026016496
0.0011094081
0.0038499024
0.009035678
0.0018144147
0.003506161
0.0008263271
0.0009867396
0.0009072074
0.00039361746
0.0013924892
0.0014949376
0.0015933419
0.0012226405
0.0020233556
0.0049835746
0.00073196675
0.00270949
0.0031583759
0.0030747994
0.002453369
0.002667702
0.001077056
0.0009921317
0.001326437
0.0017497105
0.00079532294
0.0020058316
0.0020516636
0.0014113613
0.0013884451
0.0017807146
0.0014369733
0.0015448137
0.0022970005
0.0025908656
0.010294714
0.0032796962
0.001083796
0.0017753226
0.0030047032
0.0007575788
0.00087081123
0.0012738648
0.0011997245
0.0010029158
0.0011943325
0.0011471523
0.0031502878
0.0011700684
0.00964902
0.039128542
0.005594221
0.0028213745
0.0014693255
0.0028874266
0.0022633004
0.008058374
0.002956175
0.034336384
0.03457815
0.0
0.0
0.0
0.0
0.0
0.0
0.0
0.0
0.0
0.0
0.0
0.0
0.0
0.0
0.0
0.0
0.0
0.0
0.0
0.0
0.0
0.0
0.0
0.0
0.0
0.0
0.0
0.0
0.0
0.0
0.0
0.0
0.0
0.0
0.0
0.0
0.0
0.0
0.0
0.0
0.0
0.0
0.0
0.0
0.0
0.0
0.0
0.004653192
3.781985e-05
2.7014178e-06
6.7535444e-07
2.0935988e-05
0.0
6.7535444e-07
0.00017356609
2.0260634e-06
1.3507089e-05
4.727481e-06
2.7014178e-06
1.3507089e-06
0.0
1.4857797e-05
0.0006037669
0.0
0.0
0.0
0.0
0.0
0.0
0.0
0.0
0.0
0.0
0.0
0.0
0.0
0.0
0.0
0.0
0.0
0.0
0.0
0.0
0.0
0.0
0.0
0.0
0.0
0.0
0.0
0.0
0.0
0.0
0.0
0.0
0.0
0.0
0.0
0.0
0.0
0.0
0.0
0.0
0.0
0.0
0.0
0.0
0.0
0.0
0.0
0.0
0.0027777327
2.9715595e-05
6.2807965e-05
0.0001823457
4.5248747e-05
6.550938e-05
0.00018639783
8.239324e-05
7.158757e-05
1.6883861e-05
1.823457e-05
0.00031674124
5.470371e-05
6.4158674e-05
5.4028354e-05
0.00012088844
0.004018359
5.8755835e-05
0.00013507089
0.00023907547
0.0001749168
0.00015533152
0.0006834587
0.00033565116
0.00015398081
5.470371e-05
3.511843e-05
0.0003437554
8.104253e-05
5.200229e-05
8.982214e-05
0.00030458486
0.005055028
0.00019044995
0.00017964428
0.00039845912
0.00047342345
0.0001823457
0.0004018359
0.0005781034
0.00058080483
0.00016411113
9.319891e-05
0.00012223916
0.00017694286
8.104253e-05
0.0001364216
0.0008678304
0.006199078
0.0005301532
0.0002654143
0.0013500334
0.00071655103
0.00032687155
0.00056999916
0.0017194523
0.00052272435
0.00039238093
0.00019450208
0.00025866076
0.00037009423
0.00032281943
0.00056594703
0.0022928282
0.024010876
0.0023110628
0.0012568346
0.018362887
0.0022063828
0.0021807195
0.002502188
0.019277317
0.0015222488
0.0022968804
0.0012737184
0.0012730431
0.0012149626
0.0014297253
0.0014790262
0.021136567
0.013094447
0.001097451
0.001335851
0.0047511184
0.0019409686
0.001356787
0.0014141921
0.00565947
0.004232446
0.0017849618
0.000897546
0.0011757921
0.0014398557
0.0013885287
0.0012946544
0.009694713
0.044087812
0.006476649
0.010576726
0.0070567783
0.020162031
0.014378295
0.00874719
0.014460689
0.038645808
0.012070609
0.00706961
0.0067751557
0.012859424
0.007742263
0.012184745
0.029818248
0.0280576
0.009731857
0.008674928
0.02401763
0.016545508
0.024112854
0.022560215
0.034458607
0.030702963
0.024842912
0.016145699
0.013544909
0.014961802
0.015235321
0.016006576
0.029584575
0.01534743
0.010224866
0.0045437845
0.020028986
0.0062564835
0.009933113
0.0068150014
0.017742911
0.014977335
0.015106328
0.0035368311
0.013093771
0.011354734
0.0061875973
0.004998298
0.023808269
906.0
8.637969
7826.0
0.011883466
0.0014055711
0.0025555838
0.00472783
0.0023000257
0.010094557
0.0011500128
0.0056222845
0.005750064
0.0021722463
0.0030667007
0.0023000257
0.003961155
0.0034500384
0.0069000768
0.0054945056
0.0034500384
0.013289036
0.004472272
0.022872476
0.00472783
0.005877843
0.013289036
0.006644518
0.010350115
0.0046000513
0.031050345
0.0069000768
0.008688985
0.0023000257
0.0020444673
0.0017889087
0.005877843
0.0054945056
0.0051111677
0.0072834142
0.004983389
0.013416816
0.0048556095
0.00958344
0.0056222845
0.010989011
0.009072323
0.0017889087
0.0065167393
0.0035778175
0.0072834142
0.003961155
0.0020444673
0.0034500384
0.009711219
0.017761309
0.012011245
0.0030667007
0.015077945
0.0010222336
0.0034500384
0.0017889087
0.011883466
0.011883466
0.016483517
0.013544595
0.015077945
0.039355993
0.0016611295
0.03526706
0.0153335035
0.0319448
0.012650141
0.03986711
0.010222335
0.009838998
0.00792231
0.026578072
0.0040889345
0.0024278047
0.021466905
0.01737797
0.023639152
0.019933555
0.008944544
0.0015333503
0.032455917
0.032583695
0.07257859
0.0130334785
0.008305647
0.003322259
0.0056222845
0.010989011
0.007155635
0.011500128
0.0067722974
0.00319448
0.0015333503
0.0020444673
6.0005856
0.0
0.0
0.0
1.0
741837.0
319488.0
0.0
0.0
76.0
0.0
1.0
0.0
0.0
45.0
1393483300.0
0.0
0.0
0.0
0.0
0.0
1.0
0.0
0.0
0.0
0.0
0.0
0.0
-1.0
0.0
0.0
-1.0
1.0
0.0
0.0
0.0
0.0
0.0
0.0
0.0
0.0
0.0
0.0
0.0
-1.0
0.0
0.0
0.0
0.0
0.0
0.0
0.0
0.0
0.0
0.0
0.0
0.0
-1.0
0.0
0.0
0.0
0.0
0.0
0.0
0.0
0.0
1.0
0.0
2.0
56.0
4.0
0.0
4.0
0.0
245760.0
1024.0
4096.0
6.0
1.0
0.0
1.0
5.0
0.0
0.0
0.0
0.0
0.0
0.0
0.0
0.0
0.0
0.0
0.0
0.0
0.0
0.0
9728.0
0.0
0.0
0.0
0.0
0.0
0.0
0.0
0.0
0.0
0.0
0.0
0.0
0.0
0.0
0.0
0.0
0.0
-1024.0
0.0
0.0
0.0
0.0
0.0
0.0
0.0
0.0
-245760.0
-2560.0
26624.0
0.0
0.0
0.0
0.0
0.0
0.0
0.0
0.0
0.0
0.0
0.0
0.0
0.0
0.0
0.0
0.0
0.0
0.0
0.0
0.0
5.1368194
0.0
0.0
0.0
0.0
0.0
0.0
0.0
0.0
0.0
0.0
0.0
0.0
0.0
0.0
0.0
0.0
0.0
-1.0677483
0.0
0.0
0.0
0.0
0.0
0.0
0.0
0.0
-5.6699314
-4.7209964
6.0246463
0.0
0.0
0.0
0.0
0.0
0.0
0.0
0.0
0.0
0.0
0.0
0.0
0.0
0.0
0.0
0.0
0.0
0.0
0.0
0.0
9384.0
0.0
0.0
0.0
0.0
0.0
0.0
0.0
0.0
0.0
0.0
0.0
0.0
0.0
0.0
18576.0
0.0
0.0
-608.0
0.0
0.0
0.0
0.0
0.0
0.0
0.0
0.0
-245368.0
-2212.0
26552.0
0.0
0.0
0.0
0.0
0.0
0.0
0.0
0.0
0.0
-1.0
0.0
0.0
0.0
0.0
0.0
1.0
0.0
0.0
0.0
0.0
0.0
0.0
0.0
0.0
0.0
0.0
0.0
0.0
0.0
0.0
0.0
0.0
0.0
0.0
0.0
0.0
0.0
0.0
0.0
0.0
0.0
0.0
0.0
0.0
0.0
-2.0
0.0
0.0
0.0
1.0
0.0
0.0
0.0
0.0
0.0
0.0
1.0
0.0
0.0
0.0
0.0
0.0
0.0
0.0
0.0
0.0
0.0
0.0
0.0
-1.0
0.0
0.0
0.0
0.0
0.0
0.0
0.0
0.0
0.0
1.0
0.0
0.0
0.0
0.0
1.0
0.0
0.0
0.0
0.0
0.0
0.0
0.0
0.0
1.0
0.0
0.0
0.0
0.0
0.0
0.0
0.0
0.0
0.0
0.0
0.0
0.0
0.0
0.0
0.0
0.0
0.0
0.0
0.0
0.0
0.0
0.0
0.0
0.0
0.0
0.0
0.0
0.0
0.0
0.0
0.0
0.0
0.0
0.0
0.0
0.0
0.0
0.0
0.0
0.0
0.0
0.0
0.0
0.0
0.0
0.0
0.0
0.0
0.0
0.0
0.0
0.0
0.0
0.0
0.0
0.0
0.0
0.0
0.0
0.0
0.0
0.0
0.0
0.0
0.0
0.0
0.0
0.0
0.0
0.0
0.0
0.0
0.0
0.0
0.0
0.0
0.0
0.0
0.0
0.0
0.0
0.0
0.0
0.0
0.0
0.0
0.0
0.0
0.0
0.0
0.0
0.0
0.0
0.0
0.0
0.0
0.0
0.0
0.0
0.0
0.0
0.0
0.0
0.0
0.0
0.0
0.0
0.0
0.0
0.0
0.0
0.0
0.0
0.0
0.0
0.0
0.0
0.0
0.0
0.0
0.0
0.0
0.0
0.0
0.0
0.0
0.0
0.0
0.0
1.0
0.0
0.0
0.0
0.0
0.0
0.0
0.0
0.0
0.0
0.0
0.0
0.0
0.0
0.0
0.0
0.0
0.0
0.0
0.0
0.0
0.0
0.0
0.0
0.0
0.0
0.0
0.0
0.0
0.0
0.0
0.0
0.0
0.0
0.0
0.0
0.0
0.0
0.0
0.0
0.0
0.0
0.0
0.0
0.0
0.0
0.0
0.0
0.0
0.0
0.0
0.0
0.0
0.0
0.0
0.0
0.0
0.0
0.0
0.0
0.0
0.0
0.0
0.0
0.0
0.0
0.0
0.0
0.0
0.0
0.0
0.0
0.0
0.0
0.0
0.0
0.0
0.0
0.0
0.0
0.0
0.0
0.0
0.0
1.0
0.0
0.0
0.0
0.0
0.0
0.0
0.0
0.0
0.0
0.0
0.0
0.0
0.0
0.0
0.0
0.0
0.0
0.0
0.0
0.0
0.0
0.0
0.0
0.0
0.0
0.0
0.0
0.0
0.0
-1.0
0.0
0.0
0.0
0.0
0.0
0.0
0.0
0.0
0.0
0.0
0.0
0.0
0.0
0.0
0.0
0.0
0.0
0.0
0.0
0.0
0.0
0.0
0.0
0.0
0.0
1.0
0.0
0.0
0.0
0.0
0.0
0.0
0.0
0.0
0.0
0.0
0.0
0.0
0.0
0.0
0.0
0.0
0.0
0.0
0.0
0.0
0.0
0.0
0.0
-1.0
0.0
0.0
0.0
0.0
0.0
0.0
0.0
0.0
0.0
0.0
0.0
0.0
0.0
0.0
0.0
0.0
0.0
0.0
0.0
0.0
0.0
-1.0
0.0
1.0
0.0
-1.0
-2.0
-1.0
0.0
0.0
0.0
0.0
0.0
0.0
0.0
0.0
0.0
1.0
0.0
0.0
0.0
0.0
0.0
0.0
0.0
0.0
0.0
0.0
0.0
0.0
0.0
0.0
0.0
0.0
0.0
0.0
0.0
0.0
0.0
0.0
0.0
0.0
0.0
0.0
0.0
0.0
0.0
0.0
0.0
0.0
0.0
0.0
0.0
0.0
0.0
0.0
0.0
0.0
0.0
0.0
0.0
0.0
0.0
0.0
0.0
1.0
0.0
0.0
0.0
0.0
0.0
0.0
0.0
0.0
0.0
0.0
0.0
0.0
0.0
0.0
0.0
0.0
0.0
0.0
0.0
0.0
0.0
0.0
0.0
0.0
0.0
0.0
0.0
0.0
0.0
0.0
0.0
0.0
0.0
0.0
0.0
0.0
0.0
0.0
0.0
0.0
0.0
0.0
0.0
0.0
-1.0
0.0
0.0
0.0
0.0
-1.0
0.0
0.0
0.0
0.0
0.0
0.0
0.0
0.0
0.0
0.0
0.0
0.0
0.0
0.0
0.0
0.0
0.0
0.0
0.0
0.0
0.0
0.0
0.0
0.0
0.0
0.0
0.0
0.0
0.0
0.0
0.0
0.0
0.0
0.0
0.0
0.0
0.0
0.0
0.0
0.0
0.0
0.0
0.0
0.0
0.0
0.0
0.0
0.0
0.0
0.0
0.0
0.0
0.0
0.0
0.0
0.0
0.0
0.0
0.0
0.0
0.0
0.0
0.0
0.0
0.0
0.0
0.0
0.0
0.0
0.0
0.0
0.0
0.0
0.0
0.0
0.0
1.0
0.0
0.0
0.0
0.0
0.0
0.0
0.0
0.0
0.0
0.0
0.0
0.0
0.0
0.0
0.0
0.0
-1.0
0.0
0.0
0.0
0.0
0.0
0.0
0.0
0.0
0.0
0.0
0.0
0.0
0.0
0.0
0.0
0.0
0.0
-1.0
0.0
0.0
-1.0
0.0
0.0
0.0
-1.0
0.0
0.0
0.0
0.0
1.0
0.0
0.0
0.0
0.0
0.0
0.0
0.0
0.0
0.0
0.0
0.0
0.0
0.0
0.0
0.0
0.0
0.0
0.0
0.0
0.0
0.0
0.0
0.0
0.0
0.0
0.0
0.0
0.0
0.0
0.0
0.0
0.0
0.0
0.0
0.0
0.0
0.0
0.0
0.0
0.0
1.0
0.0
0.0
0.0
0.0
0.0
0.0
0.0
0.0
1.0
0.0
0.0
0.0
0.0
0.0
0.0
0.0
0.0
0.0
0.0
0.0
0.0
0.0
0.0
0.0
0.0
0.0
0.0
0.0
0.0
0.0
0.0
0.0
0.0
1.0
0.0
0.0
0.0
0.0
0.0
0.0
0.0
0.0
0.0
0.0
0.0
0.0
0.0
0.0
0.0
0.0
0.0
0.0
0.0
0.0
0.0
0.0
0.0
0.0
0.0
0.0
0.0
0.0
0.0
0.0
0.0
0.0
0.0
0.0
0.0
0.0
0.0
0.0
0.0
0.0
0.0
0.0
0.0
0.0
0.0
0.0
0.0
0.0
0.0
0.0
0.0
0.0
0.0
0.0
0.0
0.0
0.0
0.0
0.0
0.0
0.0
0.0
0.0
0.0
0.0
0.0
0.0
0.0
0.0
0.0
0.0
0.0
-1.0
0.0
0.0
0.0
0.0
-1.0
0.0
0.0
0.0
0.0
0.0
0.0
0.0
1.0
0.0
0.0
0.0
0.0
0.0
0.0
0.0
0.0
0.0
0.0
0.0
0.0
0.0
0.0
0.0
0.0
0.0
0.0
0.0
0.0
0.0
-1.0
0.0
0.0
0.0
0.0
0.0
0.0
0.0
0.0
0.0
0.0
0.0
-1.0
0.0
0.0
0.0
0.0
0.0
0.0
0.0
0.0
0.0
0.0
0.0
0.0
0.0
0.0
0.0
0.0
0.0
1.0
0.0
0.0
0.0
0.0
0.0
0.0
0.0
-1.0
0.0
0.0
0.0
0.0
0.0
0.0
0.0
0.0
0.0
0.0
0.0
0.0
0.0
0.0
0.0
0.0
0.0
0.0
0.0
0.0
0.0
0.0
0.0
0.0
0.0
0.0
0.0
0.0
0.0
0.0
0.0
0.0
0.0
0.0
0.0
0.0
0.0
0.0
0.0
0.0
0.0
0.0
0.0
0.0
-1.0
0.0
0.0
0.0
0.0
0.0
0.0
0.0
0.0
0.0
0.0
0.0
0.0
0.0
0.0
0.0
0.0
0.0
0.0
0.0
-1.0
0.0
0.0
0.0
-1.0
0.0
0.0
0.0
0.0
0.0
0.0
0.0
-1.0
0.0
0.0
0.0
0.0
0.0
0.0
0.0
0.0
0.0
-1.0
0.0
0.0
0.0
0.0
0.0
0.0
0.0
0.0
0.0
0.0
0.0
0.0
1.0
0.0
0.0
0.0
-1.0
0.0
0.0
-1.0
-1.0
0.0
0.0
0.0
0.0
0.0
0.0
0.0
0.0
0.0
0.0
0.0
0.0
0.0
0.0
0.0
0.0
0.0
0.0
0.0
0.0
0.0
0.0
0.0
0.0
0.0
0.0
0.0
0.0
0.0
0.0
0.0
0.0
0.0
0.0
0.0
1.0
0.0
0.0
0.0
-1.0
0.0
0.0
0.0
0.0
0.0
0.0
0.0
0.0
0.0
0.0
0.0
0.0
-1.0
0.0
0.0
0.0
0.0
0.0
1.0
0.0
0.0
0.0
0.0
0.0
0.0
0.0
0.0
0.0
0.0
0.0
0.0
0.0
0.0
0.0
0.0
0.0
0.0
0.0
0.0
0.0
0.0
0.0
0.0
0.0
0.0
0.0
1.0
0.0
0.0
0.0
0.0
0.0
0.0
0.0
0.0
0.0
0.0
0.0
0.0
0.0
-1.0
0.0
0.0
0.0
-1.0
0.0
1.0
0.0
0.0
1.0
1.0
0.0
0.0
0.0
0.0
0.0
0.0
0.0
0.0
0.0
0.0
0.0
1.0
0.0
0.0
0.0
0.0
0.0
0.0
0.0
1.0
0.0
0.0
0.0
1.0
0.0
0.0
0.0
0.0
0.0
-1.0
0.0
0.0
0.0
0.0
0.0
0.0
0.0
0.0
0.0
0.0
0.0
0.0
0.0
0.0
0.0
1.0
0.0
0.0
1.0
0.0
0.0
0.0
0.0
0.0
0.0
0.0
0.0
0.0
0.0
0.0
1.0
0.0
0.0
0.0
0.0
0.0
0.0
0.0
0.0
-1.0
0.0
0.0
0.0
0.0
0.0
0.0
0.0
0.0
0.0
1.0
0.0
0.0
0.0
0.0
2.0
0.0
0.0
0.0
0.0
0.0
0.0
0.0
0.0
0.0
0.0
0.0
0.0
0.0
0.0
0.0
0.0
0.0
0.0
0.0
0.0
0.0
0.0
0.0
0.0
1.0
0.0
0.0
0.0
0.0
0.0
0.0
0.0
1.0
0.0
0.0
0.0
0.0
0.0
0.0
0.0
0.0
0.0
-1.0
0.0
0.0
0.0
0.0
0.0
0.0
0.0
0.0
0.0
0.0
0.0
0.0
0.0
0.0
0.0
-1.0
0.0
-1.0
0.0
0.0
0.0
0.0
0.0
0.0
0.0
0.0
1.0
0.0
0.0
0.0
0.0
0.0
0.0
0.0
0.0
0.0
0.0
0.0
0.0
1.0
0.0
0.0
0.0
0.0
0.0
0.0
0.0
0.0
0.0
0.0
0.0
0.0
0.0
0.0
0.0
0.0
0.0
0.0
0.0
0.0
0.0
0.0
0.0
0.0
-1.0
0.0
0.0
0.0
0.0
0.0
0.0
0.0
0.0
0.0
0.0
0.0
0.0
0.0
0.0
0.0
0.0
0.0
0.0
0.0
0.0
0.0
0.0
0.0
0.0
0.0
0.0
0.0
1.0
0.0
0.0
0.0
0.0
0.0
0.0
0.0
0.0
0.0
0.0
0.0
0.0
0.0
-2.0
0.0
0.0
0.0
0.0
0.0
0.0
0.0
0.0
0.0
0.0
0.0
0.0
1.0
0.0
0.0
0.0
0.0
0.0
0.0
0.0
0.0
0.0
0.0
0.0
-1.0
0.0
0.0
0.0
1.0
0.0
0.0
0.0
0.0
0.0
0.0
0.0
0.0
0.0
0.0
0.0
0.0
0.0
0.0
0.0
1.0
0.0
0.0
0.0
0.0
0.0
0.0
0.0
0.0
0.0
0.0
0.0
0.0
0.0
0.0
1.0
0.0
0.0
0.0
0.0
0.0
0.0
0.0
0.0
0.0
0.0
0.0
0.0
0.0
0.0
0.0
0.0
0.0
0.0
0.0
0.0
0.0
0.0
0.0
0.0
0.0
0.0
0.0
0.0
0.0
0.0
0.0
0.0
0.0
0.0
0.0
0.0
0.0
0.0
0.0
0.0
0.0
0.0
0.0
0.0
0.0
0.0
0.0
0.0
0.0
0.0
0.0
0.0
0.0
0.0
0.0
0.0
0.0
0.0
0.0
0.0
0.0
0.0
0.0
0.0
0.0
0.0
0.0
0.0
0.0
0.0
0.0
0.0
0.0
0.0
0.0
0.0
0.0
0.0
0.0
0.0
0.0
0.0
0.0
0.0
0.0
0.0
0.0
0.0
0.0
0.0
0.0
0.0
0.0
0.0
0.0
0.0
0.0
0.0
0.0
0.0
0.0
0.0
0.0
0.0
0.0
0.0
0.0
0.0
0.0
0.0
0.0
0.0
0.0
0.0
0.0
0.0
0.0
0.0
0.0
0.0
0.0
0.0
0.0
0.0
0.0
0.0
0.0
0.0
0.0
0.0
0.0
0.0
0.0
2212.0
286720.0
26552.0
290816.0
0.0
0.0
0.0
0.0
0.0
0.0
0.0
0.0
0.0
0.0
0.0
0.0
0.0
0.0
0.0
0.0
0.0
0.0
0.0
0.0
0.0
0.0
0.0
0.0
