0.0029891895
7.441897e-05
4.044149e-05
3.6795125e-05
6.5634544e-05
3.049686e-05
1.4751198e-05
1.5911406e-05
8.270616e-05
1.5745662e-05
1.872905e-05
1.1436323e-05
5.154632e-05
2.1546695e-05
9.447397e-06
3.778959e-05
4.7236983e-05
7.4584714e-06
5.4695456e-06
5.8010332e-06
1.7237357e-05
2.4695826e-05
4.972314e-06
4.6408263e-06
1.5745662e-05
4.143595e-06
3.4806199e-06
3.4806199e-06
9.447397e-06
4.143595e-06
4.309339e-06
5.635289e-06
7.624215e-05
5.8010332e-06
4.4750827e-06
6.629752e-06
3.828682e-05
7.7899585e-06
3.6463637e-06
1.9889258e-06
8.784422e-06
7.4584714e-06
1.9889258e-06
9.281653e-06
4.972314e-06
3.9778515e-06
2.0552232e-05
2.6519008e-06
1.9723513e-05
4.6408263e-06
7.1269837e-06
3.5800662e-05
8.28719e-06
1.16020665e-05
6.132521e-06
3.6463637e-06
1.3093761e-05
1.1436323e-05
7.4584714e-06
2.5027315e-05
9.613141e-06
7.7899585e-06
5.138058e-06
5.138058e-06
0.00014369987
1.9060537e-05
8.618678e-06
1.3922479e-05
4.3424876e-05
6.69605e-05
2.7513472e-05
1.9557769e-05
1.9723513e-05
1.4088223e-05
5.8010332e-06
3.9778515e-06
1.3093761e-05
3.961277e-05
8.28719e-06
7.624215e-06
4.673975e-05
1.74031e-05
1.9060537e-05
3.0662603e-05
1.2430785e-05
2.9833885e-05
2.7679216e-05
2.4364339e-05
9.778884e-06
2.4695826e-05
3.8121075e-06
8.28719e-06
9.115909e-06
1.3922479e-05
1.7568844e-05
1.3756736e-05
6.629752e-06
4.3424876e-05
5.635289e-06
1.7237357e-05
2.1546695e-05
8.088298e-05
1.7734586e-05
1.1270578e-05
3.049686e-05
4.176744e-05
2.9668141e-05
7.4584714e-06
3.1822812e-05
1.2430785e-05
3.563492e-05
4.524806e-05
3.9944258e-05
2.8176446e-06
4.8231446e-05
3.4474713e-05
0.00010690476
8.867293e-05
1.6077149e-05
1.5579917e-05
2.2872646e-05
1.0773348e-05
3.1491322e-06
7.955703e-06
9.447397e-06
1.9723513e-05
5.635289e-06
4.309339e-06
4.011e-05
1.176781e-05
4.972314e-06
0.000112705784
1.8894794e-05
5.138058e-05
1.9889258e-06
2.8176446e-06
2.6021777e-05
6.3645624e-05
1.9889256e-05
0.00015811958
4.6408263e-06
5.668438e-05
6.2982645e-06
1.0939091e-05
0.99186164
1.657438e-06
1.4916942e-06
2.3204132e-06
3.8121075e-06
1.3756736e-05
5.4695456e-06
4.972314e-06
3.1491322e-06
2.486157e-06
9.944629e-07
1.8231818e-06
2.3204132e-06
4.9723144e-07
2.8176446e-06
0.0006719254
1.2265042e-05
1.0607603e-05
3.6463637e-06
9.115909e-06
2.8176446e-06
3.6463637e-06
1.8231818e-06
1.1602066e-06
5.635289e-06
2.3204132e-06
1.8231818e-06
1.9889258e-06
2.1546696e-06
1.657438e-07
6.629752e-07
8.28719e-07
3.6463637e-06
8.28719e-07
1.3259504e-06
6.629752e-06
1.5911406e-05
1.3259504e-06
4.309339e-06
6.4640085e-06
8.784422e-06
1.9889258e-06
3.314876e-06
2.486157e-06
2.486157e-06
3.8121075e-06
8.121447e-06
4.972314e-06
4.4087854e-05
2.4695826e-05
7.624215e-06
3.6960868e-05
2.834219e-05
1.9889258e-06
1.2265042e-05
3.1988555e-05
1.2762273e-05
1.0939091e-05
3.1491322e-06
2.6519008e-06
1.3093761e-05
1.4916942e-06
3.314876e-06
4.309339e-06
6.132521e-06
7.4584714e-06
9.281653e-06
5.138058e-06
3.8121075e-06
1.3259504e-06
2.1546696e-06
1.9889258e-06
8.9501655e-06
1.657438e-06
3.1491322e-06
4.8065704e-06
5.4695456e-06
3.314876e-07
2.1546696e-06
1.9889258e-06
1.2762273e-05
4.143595e-06
1.657438e-06
1.4916942e-06
8.784422e-06
3.4806199e-06
4.8065704e-06
1.8231818e-06
6.69605e-05
1.8563305e-05
3.314876e-06
4.259616e-05
2.3867107e-05
1.4916942e-06
2.9833884e-06
4.8065704e-06
2.3369876e-05
4.4750827e-06
9.944629e-07
9.281653e-06
2.1215206e-05
1.4916942e-06
2.0552232e-05
3.1159834e-05
4.309339e-05
1.1933554e-05
6.2982645e-06
7.1269837e-06
4.657401e-05
7.1269837e-06
1.2928017e-05
0.00022408563
0.00033950093
0.0
0.0
0.0
0.0
0.0
0.0
0.0
0.0
0.9921915
0.0
0.0
0.0
0.0
0.0
0.0
0.0001836753
0.0
5.802018e-07
6.6308775e-07
9.946316e-07
5.802018e-07
6.133562e-06
2.569465e-06
0.0
0.00031397206
0.0
8.288597e-08
0.0
0.0
0.0
0.0
0.0
0.0
0.0
0.0
0.0
0.0
0.0
0.0
0.0
0.0
0.0
0.0
0.0
0.0
0.0
0.0
0.0003006274
5.304702e-06
5.221816e-06
4.1442985e-07
2.9010089e-06
3.7298687e-06
4.9731584e-06
2.403693e-06
3.3983247e-06
6.6308775e-07
1.8234913e-06
6.6308775e-07
9.1174564e-07
1.0775176e-06
1.3261755e-06
4.0614127e-06
0.00022470386
8.288597e-08
1.6577194e-07
2.486579e-07
4.890272e-06
2.818123e-06
1.3427527e-05
7.5426233e-06
0.0
8.487523e-05
8.288597e-08
3.3154387e-07
1.6577194e-07
8.288597e-08
8.288597e-08
0.0
0.0
0.0
0.0
0.0
0.0
0.0
0.0
0.0
0.0
0.0
0.0
0.0
0.0
0.0
0.0
0.0
0.00035698988
1.6577194e-06
1.7654711e-05
8.703027e-06
2.387116e-05
1.2432895e-05
5.312991e-05
2.428559e-05
3.1496668e-06
4.973158e-07
2.486579e-07
9.946316e-07
1.0775176e-06
2.486579e-07
9.946316e-07
3.3154388e-06
0.0005395048
6.7966494e-06
3.72158e-05
1.9892634e-05
2.1218808e-05
1.2930212e-05
0.00010858062
6.1998704e-05
1.3095983e-05
2.0721493e-06
2.4865792e-06
3.3983247e-06
2.735237e-06
1.9063773e-06
1.6577194e-06
1.3261755e-05
0.00021931628
7.0453075e-06
3.8956405e-06
3.3154388e-06
1.0775176e-05
1.1355378e-05
5.304702e-06
9.366115e-06
1.9561088e-05
3.7298687e-06
1.9063773e-06
1.4090615e-06
9.697658e-06
1.9063773e-06
9.780544e-06
2.1135922e-05
0.00032748247
3.9785264e-06
2.8015458e-05
1.931243e-05
4.6416142e-05
2.2462098e-05
0.000116952106
7.119905e-05
1.2930212e-05
2.0721493e-06
1.0775176e-06
4.3929563e-06
3.4812108e-06
1.3261755e-06
1.9892632e-06
1.5914105e-05
5.1720846e-05
1.2432896e-06
9.946317e-06
5.96779e-06
9.614772e-06
5.470474e-06
4.5918827e-05
3.232553e-05
6.6308775e-07
1.5748334e-06
6.6308775e-07
8.288597e-07
3.3154387e-07
8.288597e-07
6.6308775e-07
1.9892632e-06
0.0
0.0
0.0
0.0
0.0
0.0
0.0
0.0
0.0
0.0
0.0
0.0
0.0
0.0
0.0
0.0
8.586986e-05
8.868798e-06
3.8127546e-06
3.3983247e-06
2.528022e-05
1.972686e-05
6.050676e-06
9.946317e-06
5.743998e-05
8.703027e-06
2.237921e-06
4.2271845e-06
1.9229545e-05
1.8234913e-06
2.3208071e-05
5.96779e-05
0.00046631647
6.5065484e-05
4.542151e-05
5.7274206e-05
0.00017762464
0.00011620613
3.9039292e-05
0.00010311015
0.0002789113
3.431479e-05
2.055572e-05
2.8015458e-05
0.00010675713
2.5114448e-05
9.150611e-05
0.0002120223
0.0003562439
6.655743e-05
5.097487e-05
6.233025e-05
0.0001299652
9.855142e-05
3.5309422e-05
0.00010998968
0.00020141291
2.055572e-05
2.9341634e-05
3.166244e-05
9.4738665e-05
3.1330896e-05
7.144771e-05
0.00013734205
0.0
0.0
0.0
0.0
0.0
0.0
0.0
0.0
0.0
0.0
0.0
0.0
0.0
0.0
0.0
0.0
243.0
17.11111
4158.0
0.07022607
0.0021645022
0.0007215007
0.00024050025
0.000962001
0.0014430014
0.0
0.00024050025
0.005050505
0.0045695044
0.0
0.0004810005
0.0
0.0031265032
0.024050023
0.0012025012
0.00937951
0.0031265032
0.0062530064
0.013227513
0.001924002
0.0033670033
0.0055315057
0.0016835016
0.0031265032
0.0012025012
0.001924002
0.0004810005
0.00024050025
0.00024050025
0.00024050025
0.0004810005
0.0026455026
0.01034151
0.0033670033
0.008658009
0.013468013
0.008417509
0.0074555073
0.0074555073
0.006012506
0.0036075036
0.000962001
0.0014430014
0.0036075036
0.006974507
0.0024050025
0.0031265032
0.00937951
0.0007215007
0.008417509
0.013468013
0.0045695044
0.0031265032
0.005291005
0.00986051
0.0012025012
0.0007215007
0.0007215007
0.0004810005
0.0036075036
0.0004810005
0.0004810005
0.0007215007
0.0016835016
0.053631555
0.005050505
0.02068302
0.018518519
0.103174604
0.007936508
0.0115440115
0.013468013
0.05098605
0.0012025012
0.0067340066
0.036315538
0.015392016
0.044973545
0.055315055
0.02020202
0.0
0.04858105
0.036796536
0.05146705
0.022847522
0.006974507
0.008898509
0.02068302
0.004810005
0.0024050025
0.008417509
0.0
0.0
0.0
0.0012025012
5.303963
1.0
0.0
0.0
1.0
6033408.0
57344.0
0.0
0.0
54.0
0.0
1.0
0.0
0.0
0.0
1083884500.0
0.0
0.0
0.0
0.0
0.0
1.0
0.0
0.0
0.0
0.0
0.0
0.0
-1.0
0.0
-1.0
-1.0
0.0
0.0
0.0
0.0
0.0
0.0
0.0
0.0
0.0
0.0
0.0
0.0
-1.0
0.0
0.0
0.0
0.0
0.0
0.0
0.0
0.0
0.0
0.0
0.0
0.0
-1.0
0.0
0.0
0.0
0.0
0.0
0.0
0.0
0.0
0.0
0.0
6.0
0.0
4.0
0.0
4.0
0.0
24576.0
4096.0
4096.0
5.0
0.0
0.0
1.0
1.0
0.0
0.0
4096.0
0.0
0.0
0.0
0.0
0.0
0.0
0.0
0.0
0.0
0.0
0.0
4096.0
0.0
0.0
0.0
0.0
0.0
0.0
0.0
0.0
0.0
0.0
0.0
0.0
0.0
0.0
0.0
0.0
0.0
-8192.0
0.0
0.0
0.0
0.0
0.0
0.0
0.0
0.0
-24576.0
0.0
4096.0
0.0
0.0
0.0
0.0
0.0
0.0
0.0
0.0
0.0
0.0
0.0
0.0
0.0
0.0
0.0
0.0
0.0
0.0
0.0
0.0
5.297788
0.0
0.0
0.0
0.0
0.0
0.0
0.0
0.0
0.0
0.0
0.0
0.0
0.0
0.0
0.0
0.0
0.0
-3.429211
0.0
0.0
0.0
0.0
0.0
0.0
0.0
0.0
-6.5496798
0.0
3.7997313
0.0
0.0
0.0
0.0
0.0
0.0
0.0
0.0
3942.0
0.0
0.0
0.0
0.0
0.0
0.0
0.0
0.0
0.0
0.0
0.0
2476.0
0.0
0.0
0.0
0.0
0.0
0.0
0.0
0.0
0.0
0.0
0.0
0.0
0.0
0.0
0.0
0.0
0.0
-13432.0
0.0
0.0
0.0
0.0
0.0
0.0
0.0
0.0
-23376.0
0.0
2392.0
0.0
0.0
0.0
0.0
0.0
0.0
0.0
0.0
0.0
-1.0
0.0
0.0
0.0
0.0
0.0
1.0
0.0
0.0
0.0
0.0
0.0
0.0
0.0
0.0
0.0
0.0
0.0
0.0
0.0
0.0
0.0
0.0
0.0
0.0
0.0
0.0
0.0
0.0
0.0
0.0
0.0
0.0
0.0
0.0
0.0
-2.0
0.0
0.0
0.0
1.0
0.0
0.0
0.0
0.0
0.0
0.0
0.0
0.0
0.0
0.0
0.0
0.0
0.0
0.0
0.0
0.0
0.0
0.0
0.0
-1.0
0.0
0.0
0.0
0.0
0.0
0.0
0.0
0.0
0.0
1.0
0.0
0.0
0.0
0.0
1.0
0.0
0.0
0.0
0.0
0.0
0.0
0.0
0.0
0.0
0.0
0.0
0.0
0.0
0.0
0.0
0.0
0.0
0.0
0.0
0.0
0.0
0.0
0.0
0.0
0.0
0.0
0.0
0.0
0.0
0.0
0.0
0.0
0.0
0.0
0.0
0.0
0.0
0.0
0.0
0.0
0.0
0.0
0.0
0.0
0.0
0.0
0.0
0.0
0.0
0.0
0.0
-1.0
0.0
0.0
0.0
0.0
0.0
0.0
0.0
0.0
0.0
0.0
0.0
0.0
0.0
0.0
0.0
0.0
0.0
0.0
0.0
0.0
0.0
0.0
0.0
0.0
0.0
0.0
0.0
0.0
0.0
0.0
0.0
0.0
0.0
0.0
0.0
0.0
0.0
0.0
0.0
0.0
0.0
0.0
0.0
0.0
0.0
0.0
0.0
0.0
0.0
0.0
0.0
0.0
0.0
0.0
0.0
0.0
0.0
0.0
0.0
0.0
0.0
0.0
0.0
0.0
0.0
0.0
0.0
0.0
0.0
-1.0
0.0
0.0
0.0
0.0
0.0
0.0
0.0
0.0
0.0
0.0
0.0
0.0
0.0
0.0
0.0
0.0
1.0
0.0
0.0
0.0
0.0
0.0
0.0
0.0
0.0
0.0
0.0
0.0
0.0
0.0
0.0
0.0
0.0
0.0
0.0
0.0
0.0
0.0
0.0
0.0
0.0
0.0
0.0
0.0
0.0
0.0
0.0
0.0
0.0
0.0
0.0
0.0
0.0
0.0
0.0
0.0
0.0
0.0
0.0
0.0
0.0
0.0
0.0
0.0
0.0
0.0
0.0
0.0
0.0
0.0
0.0
0.0
0.0
0.0
0.0
0.0
0.0
0.0
0.0
0.0
0.0
0.0
0.0
0.0
0.0
0.0
0.0
0.0
0.0
0.0
0.0
0.0
0.0
0.0
0.0
0.0
0.0
0.0
0.0
0.0
0.0
0.0
0.0
0.0
0.0
0.0
0.0
0.0
0.0
0.0
0.0
0.0
0.0
0.0
0.0
0.0
0.0
0.0
0.0
0.0
0.0
0.0
0.0
0.0
0.0
0.0
0.0
0.0
0.0
0.0
0.0
0.0
0.0
0.0
0.0
0.0
0.0
0.0
0.0
0.0
0.0
0.0
0.0
0.0
0.0
0.0
0.0
0.0
0.0
0.0
0.0
0.0
0.0
0.0
0.0
0.0
0.0
0.0
0.0
0.0
0.0
0.0
0.0
0.0
0.0
0.0
0.0
0.0
0.0
0.0
0.0
0.0
0.0
0.0
0.0
0.0
0.0
0.0
0.0
0.0
0.0
0.0
0.0
0.0
0.0
0.0
0.0
0.0
0.0
0.0
0.0
0.0
0.0
0.0
0.0
0.0
0.0
0.0
0.0
0.0
0.0
0.0
-1.0
0.0
0.0
0.0
0.0
0.0
0.0
0.0
0.0
0.0
0.0
0.0
0.0
0.0
0.0
0.0
0.0
0.0
0.0
0.0
0.0
0.0
0.0
0.0
0.0
0.0
0.0
0.0
0.0
0.0
0.0
0.0
0.0
0.0
0.0
0.0
0.0
1.0
0.0
0.0
0.0
0.0
0.0
0.0
0.0
0.0
0.0
0.0
0.0
0.0
0.0
0.0
0.0
0.0
0.0
0.0
0.0
0.0
0.0
1.0
0.0
0.0
0.0
0.0
1.0
0.0
0.0
0.0
0.0
0.0
0.0
0.0
0.0
0.0
0.0
0.0
0.0
0.0
0.0
0.0
0.0
1.0
0.0
0.0
0.0
0.0
0.0
0.0
0.0
0.0
0.0
0.0
0.0
0.0
0.0
0.0
0.0
0.0
0.0
0.0
0.0
0.0
0.0
0.0
0.0
0.0
0.0
0.0
0.0
0.0
0.0
0.0
0.0
0.0
0.0
0.0
0.0
0.0
0.0
0.0
0.0
0.0
0.0
0.0
0.0
0.0
-1.0
0.0
0.0
0.0
0.0
0.0
0.0
0.0
0.0
0.0
0.0
0.0
0.0
0.0
0.0
0.0
0.0
0.0
0.0
0.0
0.0
0.0
0.0
0.0
0.0
0.0
0.0
0.0
0.0
0.0
0.0
0.0
0.0
0.0
0.0
0.0
0.0
0.0
0.0
0.0
0.0
0.0
0.0
0.0
0.0
0.0
0.0
0.0
-1.0
0.0
0.0
0.0
0.0
0.0
0.0
0.0
0.0
0.0
0.0
0.0
0.0
0.0
0.0
0.0
0.0
0.0
0.0
0.0
0.0
0.0
0.0
0.0
0.0
0.0
0.0
0.0
0.0
0.0
0.0
1.0
0.0
0.0
0.0
0.0
0.0
0.0
0.0
0.0
0.0
0.0
0.0
0.0
0.0
0.0
0.0
0.0
0.0
0.0
0.0
0.0
0.0
0.0
0.0
0.0
0.0
0.0
0.0
-1.0
0.0
0.0
0.0
0.0
0.0
0.0
0.0
0.0
0.0
0.0
0.0
0.0
0.0
0.0
0.0
0.0
0.0
0.0
0.0
0.0
0.0
0.0
0.0
0.0
0.0
0.0
0.0
0.0
0.0
0.0
0.0
0.0
0.0
0.0
0.0
0.0
0.0
0.0
0.0
0.0
0.0
0.0
-1.0
0.0
0.0
1.0
0.0
0.0
0.0
0.0
0.0
0.0
0.0
0.0
0.0
0.0
0.0
0.0
0.0
0.0
0.0
0.0
0.0
0.0
0.0
0.0
0.0
0.0
0.0
0.0
0.0
0.0
0.0
0.0
0.0
0.0
0.0
0.0
0.0
0.0
0.0
0.0
0.0
0.0
0.0
0.0
0.0
0.0
0.0
-1.0
0.0
0.0
0.0
-1.0
0.0
0.0
0.0
0.0
0.0
0.0
0.0
0.0
0.0
0.0
0.0
0.0
0.0
0.0
0.0
0.0
0.0
0.0
0.0
0.0
0.0
0.0
0.0
0.0
0.0
0.0
0.0
0.0
0.0
0.0
0.0
0.0
0.0
0.0
1.0
0.0
0.0
0.0
0.0
0.0
0.0
0.0
0.0
0.0
0.0
-1.0
0.0
0.0
0.0
0.0
0.0
0.0
0.0
0.0
0.0
0.0
0.0
0.0
0.0
0.0
0.0
0.0
0.0
0.0
0.0
0.0
0.0
0.0
0.0
0.0
0.0
0.0
0.0
0.0
0.0
0.0
1.0
0.0
0.0
0.0
0.0
0.0
0.0
0.0
0.0
0.0
0.0
0.0
0.0
0.0
0.0
0.0
0.0
0.0
0.0
0.0
0.0
0.0
0.0
0.0
0.0
0.0
0.0
0.0
0.0
0.0
0.0
0.0
0.0
0.0
0.0
0.0
0.0
0.0
0.0
-1.0
0.0
0.0
0.0
0.0
0.0
0.0
0.0
0.0
0.0
0.0
0.0
0.0
0.0
0.0
0.0
0.0
0.0
0.0
-1.0
0.0
0.0
0.0
0.0
0.0
0.0
0.0
0.0
0.0
0.0
0.0
0.0
0.0
0.0
0.0
0.0
0.0
0.0
0.0
0.0
0.0
0.0
0.0
0.0
0.0
0.0
0.0
0.0
0.0
0.0
0.0
0.0
0.0
0.0
0.0
0.0
0.0
0.0
0.0
0.0
0.0
0.0
0.0
0.0
0.0
0.0
0.0
0.0
0.0
0.0
0.0
0.0
0.0
0.0
0.0
0.0
0.0
0.0
0.0
0.0
0.0
0.0
0.0
0.0
0.0
0.0
0.0
0.0
1.0
0.0
0.0
-2.0
0.0
0.0
0.0
0.0
0.0
0.0
0.0
0.0
0.0
0.0
0.0
0.0
0.0
0.0
1.0
0.0
0.0
0.0
-1.0
0.0
0.0
0.0
0.0
0.0
0.0
0.0
0.0
0.0
0.0
0.0
-1.0
0.0
0.0
0.0
0.0
0.0
0.0
1.0
0.0
0.0
0.0
0.0
0.0
0.0
0.0
0.0
0.0
0.0
0.0
0.0
0.0
0.0
0.0
0.0
0.0
1.0
0.0
1.0
0.0
0.0
0.0
0.0
0.0
1.0
0.0
0.0
0.0
0.0
0.0
0.0
0.0
0.0
-1.0
0.0
0.0
0.0
0.0
0.0
0.0
0.0
0.0
0.0
0.0
0.0
0.0
0.0
0.0
1.0
0.0
0.0
0.0
0.0
0.0
0.0
0.0
0.0
0.0
0.0
0.0
0.0
0.0
0.0
0.0
0.0
0.0
0.0
0.0
0.0
0.0
0.0
0.0
0.0
0.0
0.0
0.0
0.0
0.0
0.0
0.0
0.0
0.0
0.0
0.0
0.0
0.0
0.0
0.0
0.0
0.0
0.0
0.0
0.0
0.0
0.0
0.0
0.0
-1.0
0.0
0.0
0.0
0.0
0.0
0.0
0.0
0.0
0.0
0.0
0.0
0.0
0.0
0.0
0.0
0.0
0.0
0.0
0.0
0.0
0.0
0.0
0.0
1.0
0.0
0.0
0.0
0.0
0.0
0.0
1.0
0.0
0.0
0.0
0.0
0.0
0.0
0.0
0.0
0.0
0.0
0.0
0.0
0.0
0.0
0.0
0.0
0.0
0.0
0.0
0.0
0.0
0.0
0.0
0.0
1.0
0.0
0.0
0.0
0.0
0.0
0.0
0.0
0.0
0.0
0.0
-1.0
0.0
0.0
0.0
0.0
0.0
0.0
0.0
0.0
0.0
-1.0
0.0
0.0
0.0
0.0
0.0
0.0
0.0
0.0
0.0
0.0
0.0
0.0
0.0
0.0
1.0
0.0
0.0
0.0
0.0
0.0
0.0
0.0
0.0
0.0
0.0
0.0
0.0
0.0
0.0
0.0
0.0
0.0
0.0
-1.0
1.0
0.0
0.0
0.0
0.0
0.0
0.0
0.0
0.0
0.0
0.0
0.0
0.0
0.0
0.0
0.0
0.0
0.0
1.0
0.0
0.0
0.0
-1.0
0.0
0.0
0.0
0.0
0.0
0.0
0.0
0.0
1.0
0.0
0.0
0.0
0.0
0.0
0.0
0.0
0.0
0.0
0.0
0.0
0.0
0.0
0.0
0.0
0.0
0.0
0.0
0.0
0.0
0.0
0.0
0.0
0.0
-1.0
0.0
0.0
0.0
0.0
0.0
0.0
0.0
0.0
0.0
0.0
0.0
0.0
0.0
0.0
0.0
0.0
0.0
0.0
0.0
0.0
0.0
0.0
-1.0
0.0
0.0
0.0
0.0
0.0
0.0
0.0
0.0
0.0
0.0
0.0
0.0
0.0
0.0
0.0
0.0
0.0
0.0
0.0
0.0
0.0
0.0
0.0
-1.0
0.0
0.0
0.0
0.0
0.0
0.0
0.0
0.0
0.0
0.0
0.0
0.0
0.0
0.0
0.0
0.0
0.0
0.0
0.0
0.0
0.0
0.0
0.0
0.0
0.0
-1.0
-1.0
0.0
0.0
0.0
0.0
0.0
0.0
0.0
0.0
0.0
0.0
0.0
0.0
0.0
0.0
0.0
0.0
0.0
0.0
0.0
0.0
0.0
0.0
0.0
0.0
-1.0
0.0
0.0
0.0
0.0
0.0
0.0
0.0
0.0
0.0
0.0
0.0
0.0
0.0
0.0
0.0
0.0
0.0
0.0
0.0
0.0
0.0
0.0
0.0
0.0
0.0
0.0
0.0
0.0
0.0
0.0
0.0
0.0
0.0
0.0
0.0
0.0
0.0
0.0
0.0
0.0
0.0
0.0
0.0
0.0
0.0
0.0
0.0
0.0
0.0
0.0
0.0
0.0
0.0
0.0
0.0
0.0
0.0
0.0
0.0
0.0
0.0
0.0
0.0
0.0
0.0
0.0
0.0
0.0
0.0
0.0
0.0
0.0
0.0
0.0
0.0
0.0
0.0
0.0
0.0
0.0
0.0
0.0
0.0
0.0
0.0
0.0
0.0
0.0
0.0
0.0
0.0
0.0
0.0
0.0
0.0
0.0
0.0
0.0
0.0
0.0
0.0
0.0
0.0
0.0
0.0
0.0
0.0
0.0
0.0
0.0
0.0
0.0
0.0
0.0
0.0
0.0
0.0
0.0
0.0
0.0
0.0
0.0
0.0
0.0
0.0
0.0
0.0
0.0
0.0
0.0
0.0
0.0
0.0
0.0
0.0
0.0
0.0
0.0
0.0
0.0
0.0
0.0
0.0
0.0
0.0
0.0
0.0
0.0
0.0
0.0
0.0
0.0
0.0
0.0
0.0
0.0
0.0
0.0
0.0
0.0
0.0
0.0
0.0
0.0
0.0
0.0
0.0
0.0
80.0
29892.0
2392.0
49152.0
0.0
0.0
0.0
0.0
0.0
0.0
0.0
0.0
0.0
0.0
0.0
0.0
0.0
0.0
0.0
0.0
0.0
0.0
228.0
28672.0
0.0
0.0
0.0
0.0
