0.0296263
0.002274584
0.001224453
0.0019847478
0.0017978245
0.0014848855
0.0018503311
0.0068720584
0.0028563568
0.0022451803
0.003635554
0.002264083
0.0017243153
0.0033037127
0.008436753
0.0014785847
0.0024027
0.0009241154
0.0008653081
0.0009388173
0.00077079626
0.0013735716
0.0009388173
0.0018209275
0.0014239779
0.0022115763
0.0016634078
0.0011446429
0.0009073133
0.0009598199
0.0010921364
0.002186373
0.0012727589
0.00085480674
0.0016403049
0.00080230023
0.001480685
0.0010942366
0.0013777721
0.0018041254
0.0010228277
0.0010711338
0.0009346167
0.0011446429
0.0010879359
0.0008149018
0.000985023
0.009230653
0.004555469
0.0011551443
0.0030768842
0.002377497
0.0013147643
0.0009031128
0.001096337
0.0017306162
0.0011803474
0.0011215401
0.0017117138
0.0010984372
0.000768696
0.002186373
0.002072959
0.002009951
0.0017159143
0.004662582
0.0018503311
0.0044315537
0.002066658
0.0035620448
0.034080956
0.12622577
0.018427702
0.006286085
0.006178972
0.017367069
0.0026694334
0.004036704
0.0023438928
0.011412825
0.0029718713
0.0031440926
0.0025413174
0.016602574
0.004515564
0.006909863
0.013422777
0.010629428
0.0026631327
0.00097242143
0.0034990371
0.0042383294
0.0021758717
0.00360195
0.0009535191
0.0032554066
0.0011026377
0.00352424
0.008955519
0.0074181263
0.014390998
0.013111938
0.0038686832
0.011150293
0.008945017
0.008768595
0.0032701085
0.028143516
0.009031128
0.004458857
0.009444879
0.0044315537
0.007014876
0.0034276282
0.008938717
0.00504693
0.006920364
0.0013441679
0.0034948364
0.0030243779
0.007892786
0.0042278282
0.0021674708
0.0031125888
0.0014785847
0.0018293285
0.0014785847
0.0024846103
0.0028647578
0.0023585947
0.0016823101
0.0032449053
0.0017642203
0.0014596824
0.0017243153
0.0040052
0.0045113633
0.0022829853
0.0036145514
0.011830778
0.0037006622
0.0024804098
0.0019427426
0.0018293285
0.0018545316
0.00089471176
0.0012202524
0.0032449053
0.0017075132
0.0012118514
0.0014050755
0.003337317
0.0012412551
0.0015226902
0.0026757342
0.0041669207
0.0025392172
0.0022367793
0.0026127263
0.001617202
0.0009346167
0.0011635453
0.002266183
0.002690436
0.0020141515
0.0020834603
0.0023879982
0.0012664582
0.0020687585
0.0013126639
0.010308088
0.0020120514
0.0029760718
0.0029739714
0.0011845479
0.0015289909
0.002465708
0.0010480309
0.0010438304
0.0031608948
0.0014785847
0.0019994497
0.002249381
0.0023480933
0.0009934241
0.0024552066
0.0023396923
0.008239329
0.0037657702
0.002064558
0.0015478933
0.001825128
0.0015478933
0.0013987747
0.0009409175
0.002457307
0.0014953868
0.0010417302
0.0011719464
0.0052086506
0.0017117138
0.0010942366
0.011868582
0.0052296533
0.009579296
0.0016046005
0.001480685
0.0023669957
0.024600372
0.0010018251
0.015340316
0.0010858356
0.009201249
0.0011509438
0.00087790965
0.00552579
0.00076449546
0.0006909863
0.0012349542
0.0012433553
0.0012664582
0.00076449546
0.00077079626
0.000928316
0.00068258523
0.0007035879
0.0008212026
0.0008632078
0.0010690335
0.00085690705
0.00093671697
0.0014617826
0.001161445
0.0006909863
0.0008107013
0.0009871233
0.0008758094
0.0008044005
0.0008254031
0.0012706587
0.0007623952
0.0010543317
0.0010501312
0.0009031128
0.0008632078
0.00088841096
0.0010753343
0.0010753343
0.00076029496
0.0005964745
0.00072039
0.0015058881
0.0009241154
0.003410826
0.0013084634
0.0056728087
0.0
0.0
0.0
0.0
0.0
0.0
0.0
0.0
0.0
0.0
0.0
0.0
0.0
0.0
0.0
0.0
0.0020881142
8.436825e-06
8.436825e-06
5.2730156e-06
1.7928252e-05
2.1092062e-06
4.2184124e-06
3.1638094e-06
1.1600634e-05
1.0546031e-06
3.1638094e-06
1.0546031e-06
1.0546031e-06
1.0546031e-06
2.1092062e-06
1.0546031e-06
0.0
0.0
0.0
0.0
0.0019362513
0.0
9.4914285e-06
1.4764444e-05
1.4764444e-05
4.1129522e-05
4.9566348e-05
8.753206e-05
6.327619e-06
0.0
0.0
0.0
0.0038334823
4.2184125e-05
3.058349e-05
1.8982857e-05
0.0075741597
1.2655238e-05
4.1129522e-05
0.00021092063
0.00011073333
0.0001687365
0.00025626857
0.0004397695
3.691111e-05
2.1092062e-06
9.4914285e-06
0.00017084571
0.0
0.0
0.0
0.0
0.0016631092
0.00028685204
0.00011811555
1.687365e-05
4.1129522e-05
0.0
0.0
0.0
3.37473e-05
0.0
0.0
0.0
0.0016947472
7.065841e-05
7.382222e-06
8.436825e-06
0.006561741
0.00069603807
0.00055788504
0.00022463046
0.00025521396
0.00029212507
0.00014342602
0.00013920761
0.0001022965
2.7419681e-05
1.4764444e-05
3.1638094e-06
0.0016483447
2.9528888e-05
1.687365e-05
2.7419681e-05
0.011168247
0.008532794
0.03305021
0.011690276
5.8003174e-05
4.7457143e-05
0.00016240888
0.00021830286
7.487682e-05
7.171301e-05
6.8549205e-05
8.964127e-05
6.538539e-05
2.003746e-05
2.5310475e-05
2.3201268e-05
0.018658038
0.015145156
0.052042555
0.01927709
0.00013920761
9.4914285e-05
0.00012866159
6.222158e-05
7.487682e-05
2.8474284e-05
2.3201268e-05
2.3201268e-05
0.0016377986
7.2767616e-05
0.00010335111
7.2767616e-05
0.0058709756
0.0021450627
0.0009660165
0.00021092063
0.00045137014
0.00019193777
0.00022252127
0.00021302984
0.00031321714
0.00014237143
0.00013288
0.00021197523
0.008233286
0.0004418787
0.00033430918
0.00030899871
0.014766553
0.004139317
0.0021102608
0.0011927561
0.002741968
0.0011031149
0.0020037459
0.002149281
0.0016726005
0.0005663219
0.0004102406
0.0010219105
0.0065712323
0.0005283562
0.0005737041
0.00038493014
0.017774282
0.00453163
0.0023507103
0.0035613948
0.005506083
0.0036984931
0.0047900076
0.006679856
0.0018518831
0.0004924997
0.00045031554
0.00072978536
0.002224158
0.00041445903
0.00032481775
0.00055893965
0.011179848
0.0025848323
0.002205175
0.0016051059
0.0016905288
0.000991327
0.0028548106
0.0031079154
0.00212608
0.0018023168
0.00020986602
0.0006770552
0.004782625
0.0011590088
0.0012001384
0.0016124882
0.018130736
0.0042268494
0.0037143123
0.0030562398
0.0036636912
0.0020585854
0.003026711
0.002306417
0.004108734
0.0047847345
0.0009744533
0.0016694368
0.021212287
0.0066260714
0.011233632
0.010780153
0.07824206
0.019886652
0.019962583
0.0108423745
0.019042969
0.010261289
0.010478537
0.009901669
0.020135537
0.03165813
0.0038134449
0.0074992827
0.011749334
0.0051411903
0.0064794817
0.008361949
0.04551456
0.013156174
0.015951928
0.0059405793
0.011483573
0.008358784
0.0091170445
0.0074317884
0.013757298
0.021093117
0.002412932
0.0041150614
0.0067642243
0.007140718
0.0063740215
0.0063012536
0.008811209
0.0066229077
0.005838283
0.005679038
0.0063001993
0.006321291
0.006095606
0.006446789
0.0061040428
0.0060608042
0.006359257
0.006452062
7965.0
18.440804
146881.0
0.0007080562
0.00032679515
0.00078975497
0.00053785037
0.00044253512
0.00044934335
0.00051742565
0.00091230316
0.00057189155
0.00054465863
0.0005242339
0.00063997385
0.00044253512
0.00057189155
0.00072167267
0.0061818752
0.0061954916
0.0004221104
0.0019199216
0.00089187844
0.0006808232
0.0004221104
0.00057189155
0.000878262
0.0006195492
0.000585508
0.0013207971
0.0007489056
0.00044934335
0.0011642078
0.0011505913
0.0008986867
0.00063997385
0.009429402
0.0012799477
0.010144266
0.001491003
0.0029888141
0.037377197
0.24769711
0.029806443
0.0051061744
0.010763816
0.02318884
0.0018518392
0.009504292
0.0015727017
0.01606062
0.002403306
0.0012731395
0.0016612087
0.030405566
0.00970854
0.009837896
0.013446259
0.021942934
0.0011029337
0.0010212349
0.0091911135
0.0022603332
0.0017905652
0.0012731395
0.0006263574
0.0019539627
0.00085102906
0.009402169
0.026878903
0.011751009
0.044600733
0.034681138
0.009340895
0.022637373
0.027062723
0.026565723
0.008483058
0.02079915
0.026259353
0.010852323
0.028785206
0.010048951
0.017932884
0.0093272785
0.026388709
0.009905978
0.017885227
0.0014433453
0.009558759
0.0029207317
0.013779863
0.009613224
0.0019811958
0.0023828815
0.0014433453
0.0011233584
0.0012254819
0.0014841947
4.9824433
0.0
0.0
0.0
23.0
476131.0
425984.0
0.0
0.0
39.0
0.0
1.0
0.0
1.0
0.0
327680.0
0.0
0.0
0.0
0.0
0.0
1.0
0.0
0.0
0.0
0.0
0.0
0.0
-1.0
0.0
-1.0
-1.0
1.0
0.0
0.0
0.0
0.0
0.0
0.0
0.0
0.0
0.0
0.0
0.0
-1.0
0.0
0.0
0.0
0.0
0.0
0.0
0.0
0.0
0.0
0.0
0.0
0.0
-1.0
0.0
0.0
0.0
0.0
0.0
0.0
0.0
0.0
1.0
0.0
2.0
24.0
4.0
0.0
4.0
0.0
5632.0
1024.0
4096.0
9.0
1.0
0.0
1.0
6.0
0.0
0.0
-512.0
0.0
0.0
0.0
0.0
0.0
-512.0
0.0
0.0
0.0
0.0
0.0
512.0
0.0
0.0
0.0
0.0
0.0
0.0
0.0
0.0
0.0
0.0
0.0
0.0
0.0
0.0
0.0
0.0
0.0
-369152.0
0.0
0.0
0.0
0.0
0.0
0.0
0.0
0.0
-5632.0
-2560.0
16384.0
0.0
0.0
0.0
0.0
0.0
0.0
0.0
0.0
-1.8050417
0.0
0.0
0.0
0.0
0.0
-1.3741854
0.0
0.0
0.0
0.0
0.0
4.7489166
0.0
0.0
0.0
0.0
0.0
0.0
0.0
0.0
0.0
0.0
0.0
0.0
0.0
0.0
0.0
0.0
0.0
-6.7421527
0.0
0.0
0.0
0.0
0.0
0.0
0.0
0.0
-5.9819613
-9.484337
4.4009056
0.0
0.0
0.0
0.0
0.0
0.0
0.0
0.0
-32.0
0.0
0.0
0.0
0.0
0.0
-24.0
0.0
0.0
0.0
0.0
0.0
416.0
0.0
0.0
0.0
0.0
0.0
0.0
0.0
0.0
0.0
0.0
0.0
0.0
0.0
0.0
100.0
0.0
0.0
-368656.0
0.0
0.0
0.0
0.0
0.0
0.0
0.0
0.0
-5252.0
-2068.0
16176.0
0.0
0.0
0.0
0.0
0.0
0.0
0.0
0.0
0.0
-1.0
0.0
0.0
0.0
0.0
0.0
1.0
0.0
0.0
0.0
0.0
0.0
0.0
0.0
0.0
0.0
0.0
0.0
0.0
0.0
0.0
0.0
0.0
0.0
0.0
0.0
0.0
0.0
0.0
0.0
0.0
0.0
0.0
0.0
0.0
0.0
-2.0
0.0
0.0
0.0
1.0
0.0
0.0
0.0
0.0
0.0
0.0
1.0
0.0
-1.0
0.0
0.0
0.0
0.0
0.0
1.0
0.0
0.0
0.0
0.0
-1.0
0.0
0.0
0.0
0.0
0.0
0.0
0.0
1.0
1.0
0.0
0.0
0.0
0.0
0.0
1.0
0.0
0.0
0.0
0.0
0.0
0.0
0.0
1.0
0.0
0.0
0.0
0.0
0.0
0.0
0.0
0.0
1.0
0.0
0.0
-1.0
1.0
0.0
0.0
0.0
0.0
0.0
0.0
0.0
0.0
0.0
0.0
0.0
0.0
0.0
0.0
0.0
0.0
0.0
0.0
0.0
0.0
0.0
0.0
0.0
0.0
0.0
0.0
0.0
0.0
0.0
0.0
0.0
0.0
0.0
0.0
0.0
0.0
0.0
0.0
0.0
0.0
0.0
0.0
0.0
0.0
0.0
0.0
0.0
0.0
0.0
0.0
0.0
0.0
0.0
0.0
0.0
0.0
0.0
0.0
0.0
0.0
0.0
0.0
0.0
0.0
0.0
0.0
0.0
0.0
0.0
0.0
0.0
0.0
0.0
0.0
0.0
0.0
0.0
0.0
0.0
0.0
0.0
0.0
0.0
0.0
0.0
0.0
0.0
0.0
0.0
0.0
0.0
0.0
0.0
0.0
0.0
0.0
0.0
0.0
0.0
0.0
0.0
0.0
0.0
0.0
0.0
0.0
0.0
0.0
0.0
0.0
0.0
0.0
0.0
0.0
0.0
0.0
0.0
1.0
0.0
0.0
0.0
0.0
0.0
0.0
0.0
0.0
0.0
0.0
0.0
0.0
0.0
0.0
0.0
0.0
0.0
0.0
0.0
0.0
0.0
0.0
0.0
0.0
0.0
0.0
0.0
0.0
0.0
0.0
0.0
0.0
0.0
0.0
0.0
0.0
0.0
0.0
0.0
0.0
0.0
0.0
0.0
0.0
0.0
0.0
0.0
0.0
0.0
0.0
0.0
0.0
0.0
0.0
0.0
0.0
0.0
0.0
0.0
0.0
0.0
0.0
0.0
0.0
0.0
0.0
0.0
0.0
0.0
0.0
0.0
0.0
0.0
0.0
0.0
0.0
0.0
0.0
0.0
0.0
0.0
0.0
0.0
1.0
0.0
0.0
0.0
0.0
0.0
0.0
0.0
0.0
0.0
0.0
0.0
0.0
0.0
0.0
0.0
0.0
0.0
0.0
0.0
0.0
0.0
0.0
0.0
0.0
0.0
0.0
0.0
0.0
0.0
0.0
0.0
0.0
0.0
0.0
0.0
0.0
0.0
0.0
0.0
0.0
0.0
0.0
0.0
0.0
0.0
0.0
0.0
0.0
0.0
0.0
0.0
0.0
0.0
0.0
0.0
0.0
0.0
0.0
0.0
0.0
0.0
0.0
0.0
0.0
0.0
0.0
0.0
0.0
0.0
0.0
0.0
0.0
0.0
0.0
0.0
0.0
0.0
0.0
0.0
-1.0
0.0
0.0
0.0
0.0
0.0
0.0
0.0
0.0
0.0
0.0
0.0
0.0
0.0
0.0
0.0
0.0
0.0
0.0
0.0
0.0
0.0
0.0
0.0
0.0
0.0
0.0
-2.0
0.0
0.0
0.0
0.0
0.0
0.0
0.0
0.0
0.0
0.0
1.0
0.0
0.0
0.0
0.0
0.0
0.0
0.0
0.0
0.0
0.0
0.0
0.0
0.0
0.0
0.0
0.0
0.0
0.0
0.0
0.0
0.0
0.0
0.0
0.0
0.0
0.0
0.0
1.0
0.0
0.0
0.0
0.0
-1.0
0.0
0.0
1.0
0.0
0.0
0.0
0.0
0.0
0.0
0.0
0.0
0.0
0.0
0.0
0.0
0.0
0.0
0.0
0.0
0.0
0.0
0.0
0.0
0.0
0.0
0.0
0.0
0.0
0.0
0.0
0.0
0.0
0.0
0.0
0.0
0.0
0.0
0.0
0.0
0.0
0.0
0.0
0.0
0.0
0.0
0.0
0.0
0.0
0.0
0.0
0.0
0.0
0.0
0.0
0.0
0.0
0.0
0.0
0.0
0.0
0.0
0.0
0.0
0.0
0.0
0.0
0.0
0.0
0.0
0.0
0.0
0.0
0.0
0.0
0.0
0.0
0.0
0.0
0.0
0.0
0.0
0.0
0.0
0.0
0.0
0.0
0.0
0.0
0.0
0.0
0.0
0.0
0.0
0.0
0.0
0.0
0.0
0.0
0.0
0.0
0.0
0.0
0.0
0.0
0.0
0.0
0.0
0.0
0.0
0.0
0.0
0.0
0.0
0.0
0.0
0.0
0.0
0.0
0.0
0.0
0.0
0.0
0.0
0.0
0.0
0.0
0.0
0.0
0.0
0.0
0.0
0.0
0.0
0.0
0.0
0.0
0.0
0.0
0.0
0.0
0.0
0.0
0.0
0.0
0.0
0.0
0.0
0.0
0.0
0.0
0.0
0.0
0.0
0.0
0.0
0.0
0.0
0.0
0.0
0.0
0.0
0.0
0.0
0.0
0.0
0.0
0.0
0.0
0.0
0.0
0.0
0.0
0.0
0.0
0.0
0.0
0.0
0.0
0.0
0.0
0.0
0.0
0.0
-1.0
0.0
0.0
0.0
0.0
1.0
0.0
0.0
0.0
0.0
0.0
0.0
0.0
0.0
0.0
0.0
0.0
0.0
0.0
0.0
0.0
0.0
0.0
0.0
0.0
0.0
0.0
0.0
0.0
0.0
0.0
0.0
0.0
0.0
0.0
1.0
0.0
0.0
0.0
0.0
0.0
0.0
0.0
0.0
0.0
0.0
0.0
0.0
0.0
0.0
0.0
0.0
0.0
0.0
0.0
0.0
0.0
0.0
0.0
0.0
0.0
0.0
0.0
0.0
0.0
0.0
0.0
0.0
0.0
0.0
0.0
0.0
0.0
0.0
0.0
0.0
0.0
0.0
0.0
0.0
0.0
0.0
0.0
0.0
0.0
0.0
0.0
0.0
0.0
0.0
0.0
0.0
0.0
0.0
0.0
0.0
0.0
0.0
0.0
0.0
0.0
0.0
0.0
0.0
0.0
0.0
0.0
0.0
-1.0
0.0
0.0
0.0
0.0
0.0
0.0
0.0
0.0
0.0
0.0
0.0
0.0
0.0
0.0
0.0
0.0
0.0
0.0
0.0
0.0
0.0
0.0
0.0
0.0
0.0
0.0
0.0
0.0
0.0
0.0
0.0
0.0
0.0
1.0
0.0
0.0
0.0
0.0
0.0
0.0
0.0
0.0
0.0
0.0
0.0
0.0
-1.0
0.0
0.0
0.0
0.0
0.0
0.0
0.0
0.0
0.0
0.0
0.0
0.0
0.0
0.0
0.0
0.0
0.0
0.0
0.0
0.0
0.0
0.0
0.0
0.0
-1.0
0.0
0.0
0.0
0.0
0.0
0.0
0.0
0.0
0.0
0.0
0.0
0.0
0.0
0.0
0.0
0.0
1.0
0.0
0.0
0.0
0.0
0.0
0.0
0.0
0.0
0.0
0.0
0.0
0.0
0.0
0.0
0.0
0.0
0.0
0.0
0.0
0.0
0.0
0.0
0.0
0.0
0.0
0.0
0.0
0.0
0.0
0.0
0.0
0.0
0.0
0.0
0.0
0.0
0.0
0.0
-1.0
0.0
0.0
0.0
0.0
0.0
0.0
0.0
0.0
0.0
0.0
0.0
-1.0
0.0
0.0
0.0
0.0
0.0
0.0
0.0
0.0
0.0
0.0
0.0
0.0
0.0
0.0
0.0
0.0
0.0
0.0
0.0
0.0
0.0
0.0
0.0
0.0
0.0
0.0
0.0
0.0
0.0
0.0
0.0
0.0
0.0
0.0
0.0
0.0
0.0
0.0
0.0
0.0
0.0
0.0
0.0
0.0
0.0
0.0
0.0
0.0
0.0
0.0
0.0
0.0
-1.0
0.0
0.0
0.0
0.0
0.0
0.0
0.0
0.0
0.0
0.0
0.0
0.0
0.0
0.0
0.0
0.0
0.0
0.0
0.0
0.0
0.0
0.0
0.0
0.0
1.0
0.0
0.0
0.0
-1.0
0.0
0.0
0.0
0.0
0.0
0.0
0.0
0.0
0.0
0.0
0.0
0.0
0.0
0.0
0.0
0.0
0.0
0.0
0.0
0.0
0.0
0.0
0.0
0.0
0.0
0.0
1.0
-1.0
1.0
0.0
0.0
0.0
0.0
0.0
0.0
0.0
0.0
0.0
0.0
0.0
0.0
0.0
0.0
0.0
0.0
0.0
0.0
0.0
0.0
0.0
0.0
0.0
0.0
0.0
0.0
0.0
0.0
0.0
0.0
0.0
0.0
0.0
0.0
0.0
0.0
0.0
0.0
0.0
0.0
0.0
0.0
0.0
0.0
0.0
0.0
0.0
0.0
0.0
0.0
0.0
0.0
0.0
0.0
0.0
0.0
0.0
0.0
0.0
0.0
0.0
0.0
0.0
0.0
0.0
0.0
0.0
0.0
0.0
0.0
0.0
0.0
0.0
0.0
0.0
-1.0
0.0
0.0
0.0
0.0
0.0
0.0
0.0
0.0
0.0
0.0
0.0
0.0
0.0
0.0
0.0
0.0
0.0
0.0
0.0
0.0
0.0
1.0
0.0
0.0
0.0
0.0
1.0
0.0
0.0
0.0
0.0
0.0
0.0
0.0
0.0
0.0
0.0
0.0
0.0
-1.0
0.0
0.0
0.0
0.0
0.0
0.0
0.0
0.0
0.0
0.0
0.0
0.0
0.0
0.0
1.0
1.0
0.0
0.0
0.0
0.0
0.0
0.0
0.0
0.0
0.0
0.0
0.0
0.0
0.0
0.0
0.0
0.0
0.0
0.0
0.0
0.0
0.0
0.0
0.0
-1.0
0.0
0.0
0.0
0.0
0.0
0.0
0.0
0.0
0.0
0.0
0.0
0.0
0.0
0.0
2.0
0.0
0.0
0.0
0.0
0.0
0.0
0.0
0.0
0.0
0.0
0.0
0.0
0.0
0.0
0.0
0.0
0.0
0.0
0.0
0.0
0.0
0.0
0.0
0.0
0.0
0.0
0.0
0.0
0.0
0.0
0.0
0.0
0.0
0.0
0.0
0.0
0.0
0.0
0.0
0.0
0.0
0.0
0.0
0.0
1.0
0.0
0.0
0.0
0.0
0.0
0.0
0.0
0.0
0.0
0.0
0.0
0.0
0.0
0.0
0.0
0.0
0.0
0.0
0.0
0.0
0.0
0.0
0.0
0.0
1.0
0.0
0.0
0.0
0.0
0.0
0.0
0.0
0.0
0.0
0.0
0.0
0.0
0.0
0.0
0.0
0.0
0.0
0.0
0.0
0.0
0.0
0.0
0.0
0.0
0.0
0.0
0.0
0.0
0.0
0.0
0.0
0.0
0.0
0.0
0.0
0.0
0.0
0.0
0.0
1.0
0.0
0.0
0.0
0.0
0.0
0.0
0.0
0.0
0.0
0.0
0.0
0.0
0.0
0.0
0.0
0.0
0.0
0.0
0.0
0.0
0.0
0.0
0.0
0.0
0.0
0.0
0.0
0.0
0.0
0.0
0.0
0.0
0.0
0.0
0.0
0.0
0.0
0.0
0.0
-1.0
0.0
0.0
1.0
0.0
0.0
0.0
0.0
0.0
0.0
0.0
0.0
0.0
1.0
0.0
0.0
0.0
0.0
0.0
0.0
0.0
0.0
0.0
0.0
0.0
0.0
0.0
0.0
0.0
0.0
0.0
0.0
0.0
0.0
0.0
0.0
0.0
0.0
0.0
0.0
0.0
0.0
0.0
0.0
0.0
0.0
0.0
0.0
0.0
0.0
0.0
0.0
0.0
0.0
0.0
0.0
0.0
0.0
0.0
0.0
1.0
0.0
0.0
0.0
0.0
0.0
0.0
0.0
0.0
0.0
0.0
0.0
0.0
0.0
0.0
0.0
0.0
0.0
0.0
0.0
0.0
0.0
0.0
0.0
0.0
0.0
0.0
0.0
0.0
0.0
0.0
0.0
0.0
0.0
0.0
0.0
0.0
0.0
0.0
0.0
0.0
0.0
0.0
0.0
0.0
0.0
0.0
0.0
0.0
0.0
0.0
0.0
0.0
0.0
0.0
0.0
0.0
0.0
0.0
0.0
0.0
0.0
0.0
0.0
0.0
0.0
0.0
0.0
0.0
0.0
0.0
0.0
0.0
0.0
0.0
0.0
0.0
0.0
0.0
0.0
0.0
0.0
0.0
0.0
0.0
0.0
0.0
0.0
0.0
0.0
0.0
0.0
0.0
0.0
0.0
0.0
0.0
0.0
0.0
0.0
0.0
0.0
0.0
0.0
0.0
0.0
0.0
0.0
0.0
0.0
0.0
0.0
0.0
0.0
0.0
0.0
0.0
0.0
0.0
0.0
0.0
0.0
0.0
0.0
0.0
0.0
0.0
0.0
0.0
0.0
0.0
0.0
0.0
0.0
1140.0
397312.0
16176.0
409600.0
0.0
0.0
0.0
0.0
0.0
0.0
0.0
0.0
0.0
0.0
0.0
0.0
24.0
405508.0
0.0
0.0
0.0
0.0
164.0
397536.0
0.0
0.0
1398896300.0
0.0
