0.14852498
0.010093562
0.004438924
0.0024033862
0.011216902
0.0032050647
0.0013377805
0.0016033571
0.011012359
0.0028438144
0.0044488213
0.0025402983
0.0064414707
0.0016264508
0.0006944582
0.0076555354
0.0033287806
0.0012487051
0.0011249892
0.00075714086
0.0040710755
0.0012371583
0.0004866156
0.0011794242
0.002142758
0.0023126611
0.0014186081
0.0013509769
0.0023885402
0.0040380848
0.00052620465
0.00097158167
0.0023275071
0.0017518161
0.010959573
0.027941633
0.019481119
0.0037560125
0.003899523
0.0037296198
0.0014285054
0.0012091161
0.0014070614
0.0019778037
0.0008066272
0.00062187825
0.0006053828
0.0016478949
0.0010903488
0.0029526844
0.0020157432
0.0015439736
0.0010507598
0.0008297208
0.0004503256
0.0016759371
0.0011827233
0.003012068
0.001600058
0.002487513
0.0014631458
0.0019959486
0.0042162356
0.0007175518
0.0045263497
0.0023258575
0.0036933299
0.005811345
0.0058492846
0.017478572
0.0015555203
0.0040347856
0.0029790772
0.001929967
0.0018227466
0.00064827094
0.0015043844
0.0032792944
0.008780525
0.0005987846
0.0073652156
0.0011992188
0.0020652297
0.0018095502
0.0025518453
0.011030504
0.001596759
0.0008396181
0.0014895386
0.0008033281
0.0010326148
0.0012882942
0.0014961368
0.0050674
0.0012107656
0.0014252063
0.00073734636
0.0012652006
0.0009946753
0.0022169878
0.0013592246
0.0027036034
0.0021460573
0.0021081178
0.0044867606
0.001190971
0.00036619886
0.00071260316
0.0012388078
0.002020692
0.0014994359
0.00077363633
0.001542324
0.0005905369
0.0010771524
0.001321285
0.0050805965
0.004471915
0.001506034
0.0009418898
0.0022235857
0.0013592246
0.00068950956
0.0010656057
0.0029015485
0.0035052819
0.0019745047
0.0011282883
0.0031539288
0.0018887284
0.0060373326
0.007939257
0.008731038
0.00727614
0.0024594706
0.000706005
0.002487513
0.030476982
0.0003793952
0.025031837
0.0029658808
0.008368139
0.000981479
0.00046517153
0.013823182
0.00085281447
0.0003678484
0.00053280283
0.0013740705
0.002711851
0.0005361019
0.0017749098
0.0022499785
0.00086436124
0.00037444656
0.00043383017
0.00087590807
0.0011431343
0.00041898427
0.00048166697
0.0016379976
0.0013344814
0.00035135297
0.00097488076
0.0009550862
0.0009006512
0.0015984086
0.0008478658
0.003302388
0.00075384177
0.0003760961
0.00056744326
0.0066526127
0.002151006
0.0063886857
0.0007323977
0.0026689628
0.0012915933
0.0003826943
0.0036586896
0.001078802
0.0010952975
0.0022813198
0.0010854002
0.0031687748
0.002241731
0.00084456673
0.0021163654
0.0034013605
0.001857387
0.0011497324
0.0011035452
0.0073982067
0.0017897557
0.0016957317
0.0037032273
0.012434266
0.038764294
0.004377891
0.010774824
0.0018606861
0.0037312694
0.00064167276
0.0010441616
0.0008775576
0.0017930547
0.0003975402
0.00045857334
0.001951411
0.002066879
0.002302764
0.00076043996
0.0020008974
0.0011117929
0.00045197515
0.000836319
0.0023242082
0.0019134715
0.0006202287
0.0013641733
0.0012520042
0.0011035452
0.00057734054
0.0012190134
0.0016528434
0.002805875
0.0012338592
0.0016346985
0.0012734482
0.0034706413
0.0009946753
0.0008478658
0.008412677
0.006514051
0.002584836
0.0020619305
0.0037576621
0.0013443787
0.0005888874
0.00072579953
0.0012849951
0.00141201
0.0005245551
0.0011365361
0.0031555784
0.0012948924
0.002212039
0.0016099553
0.012891189
0.028583305
0.005111938
0.0043449
0.004551093
0.0057717557
0.004569238
0.044131912
0.042301185
0.0
0.0
0.0
0.0
0.0
0.0
0.0
0.0
0.0
0.0
0.0
0.0
0.0
0.0
0.0
0.0
0.0
0.0
0.0
0.0
0.0
0.0
0.0
0.0
0.0
0.0
0.0
0.0
0.0
0.0
0.0
0.0
0.0
0.0
0.0
0.0
0.0
0.0
0.0
0.0
0.0
0.0
0.0
0.0
0.0
0.0
0.0
0.0056924834
4.626692e-05
3.30478e-06
8.26195e-07
2.5612046e-05
0.0
8.26195e-07
0.00021233212
2.478585e-06
1.65239e-05
5.783365e-06
3.30478e-06
1.65239e-06
0.0
1.817629e-05
0.0007386183
0.0
0.0
0.0
0.0
0.0
0.0
0.0
0.0
0.0
0.0
0.0
0.0
0.0
0.0
0.0
0.0
0.0
0.0
0.0
0.0
0.0
0.0
0.0
0.0
0.0
0.0
0.0
0.0
0.0
0.0
0.0
0.0
0.0
0.0
0.0
0.0
0.0
0.0
0.0
0.0
0.0
0.0
0.0
0.0
0.0
0.0
0.0
0.0
0.00339814
3.635258e-05
7.6836135e-05
0.00022307265
5.5355067e-05
8.014092e-05
0.00022802982
0.00010079579
8.757667e-05
2.0654876e-05
2.2307266e-05
0.00038748546
6.69218e-05
7.848853e-05
6.60956e-05
0.0001478889
0.0049158605
7.187897e-05
0.000165239
0.00029247304
0.0002139845
0.00019002485
0.00083610934
0.00041061893
0.00018837246
6.69218e-05
4.296214e-05
0.00042053327
9.91434e-05
6.3617015e-05
0.000109883935
0.00037261395
0.0069656502
0.00017432714
0.0013590908
0.00017680573
0.0006626084
0.00022472504
0.0005130671
0.00035195908
0.0006816109
0.00019580821
0.00014706272
0.00013797457
0.0013946171
9.7491014e-05
0.000165239
0.0019803895
0.012559816
0.0006155153
0.0054545393
0.00049323845
0.0011781541
0.0006485631
0.0008832025
0.000766709
0.00081875926
0.000593208
0.00039492123
0.0004321
0.0059940447
0.00069317763
0.0008757667
0.006515374
0.025279915
0.0017746668
0.017098106
0.0019556035
0.002821456
0.0017523596
0.0029503424
0.0020555733
0.0012549902
0.0011789802
0.0010608344
0.001169066
0.018298566
0.001525156
0.0015747277
0.018080452
0.012777106
0.0010310913
0.0039855647
0.0012417712
0.0024678444
0.0012599474
0.0021679357
0.0015449846
0.0050530084
0.0015772063
0.00055024587
0.0012260734
0.0047977143
0.0011574992
0.0012574688
0.008665959
0.050797775
0.007483674
0.01373384
0.0046324753
0.022754237
0.012461499
0.0042177257
0.0087337075
0.044317927
0.010065534
0.0034047496
0.0073870094
0.016625522
0.004778712
0.010903295
0.03320147
0.021246431
0.0043366975
0.012222729
0.0047018756
0.011071013
0.007662959
0.0030775764
0.0052116383
0.019741103
0.0064922404
0.004657261
0.0044044456
0.013715663
0.0037814945
0.006918557
0.019658484
0.033660837
0.013043967
0.02938941
0.014588125
0.02565253
0.018025097
0.010898339
0.0120112235
0.037363842
0.008636217
0.01927926
0.013899079
0.03073528
0.009705313
0.018075494
0.03329318
1612.0
8.015509
12921.0
0.007352372
0.0030957356
0.022057116
0.025849393
0.067022674
0.003560096
0.0012382943
0.032737404
0.004953177
0.0015478678
0.0020122281
0.019890102
0.0010835074
0.0034827027
0.0034053093
0.011609009
0.002553982
0.0110672545
0.005572324
0.011918582
0.0037922761
0.0036374894
0.0011609008
0.007120192
0.0050305706
0.005572324
0.0098289605
0.0070427987
0.004179243
0.028171195
0.011609009
0.0034827027
0.0042566364
0.0047983904
0.0034053093
0.0086680595
0.006346258
0.023837164
0.003173129
0.0110672545
0.0041018496
0.0069654053
0.0023218016
0.0012382943
0.005107964
0.015169105
0.08466837
0.0014704744
0.030957356
0.0062688645
0.008977633
0.009906354
0.0037922761
0.0104481075
0.0022444082
0.0009287207
0.005107964
0.005107964
0.002553982
0.0086680595
0.0068106186
0.012615123
0.010602894
0.02553982
0.0018574414
0.022057116
0.009906354
0.021515362
0.008203699
0.027474653
0.0064236512
0.006733225
0.0075845523
0.016097825
0.0009287207
0.0028635554
0.017026545
0.016175218
0.012305549
0.011609009
0.007816733
0.00061914715
0.018883986
0.020818822
0.03258262
0.013156876
0.0034053093
0.0015478678
0.0056497175
0.006733225
0.0024765886
0.00046436035
0.0062688645
0.0037922761
0.016097825
0.0011609008
5.897399
0.0
0.0
0.0
1.0
606228.0
319488.0
0.0
0.0
76.0
0.0
1.0
0.0
0.0
45.0
1393483300.0
0.0
0.0
0.0
0.0
0.0
1.0
0.0
0.0
0.0
0.0
0.0
0.0
-1.0
0.0
0.0
-1.0
1.0
0.0
0.0
0.0
0.0
0.0
0.0
0.0
0.0
0.0
0.0
0.0
-1.0
0.0
0.0
0.0
0.0
0.0
0.0
0.0
0.0
0.0
0.0
0.0
0.0
-1.0
0.0
0.0
0.0
0.0
0.0
0.0
0.0
0.0
1.0
0.0
2.0
56.0
4.0
0.0
4.0
0.0
245760.0
1024.0
4096.0
6.0
1.0
0.0
1.0
5.0
0.0
0.0
0.0
0.0
0.0
0.0
0.0
0.0
0.0
0.0
0.0
0.0
0.0
0.0
9728.0
0.0
0.0
0.0
0.0
0.0
0.0
0.0
0.0
0.0
0.0
0.0
0.0
0.0
0.0
0.0
0.0
0.0
-1024.0
0.0
0.0
0.0
0.0
0.0
0.0
0.0
0.0
-245760.0
-2560.0
26624.0
0.0
0.0
0.0
0.0
0.0
0.0
0.0
0.0
0.0
0.0
0.0
0.0
0.0
0.0
0.0
0.0
0.0
0.0
0.0
0.0
5.1368194
0.0
0.0
0.0
0.0
0.0
0.0
0.0
0.0
0.0
0.0
0.0
0.0
0.0
0.0
0.0
0.0
0.0
-1.0677483
0.0
0.0
0.0
0.0
0.0
0.0
0.0
0.0
-5.6699314
-4.7209964
5.9611907
0.0
0.0
0.0
0.0
0.0
0.0
0.0
0.0
0.0
0.0
0.0
0.0
0.0
0.0
0.0
0.0
0.0
0.0
0.0
0.0
9384.0
0.0
0.0
0.0
0.0
0.0
0.0
0.0
0.0
0.0
0.0
0.0
0.0
0.0
0.0
18576.0
0.0
0.0
-608.0
0.0
0.0
0.0
0.0
0.0
0.0
0.0
0.0
-245368.0
-2212.0
26552.0
0.0
0.0
0.0
0.0
0.0
0.0
0.0
0.0
0.0
-1.0
0.0
0.0
0.0
0.0
0.0
1.0
0.0
0.0
0.0
0.0
0.0
0.0
0.0
0.0
0.0
0.0
0.0
0.0
0.0
0.0
0.0
0.0
0.0
0.0
0.0
0.0
0.0
0.0
0.0
0.0
0.0
0.0
0.0
0.0
0.0
-2.0
0.0
0.0
0.0
1.0
0.0
0.0
0.0
0.0
0.0
0.0
1.0
0.0
0.0
0.0
0.0
0.0
0.0
0.0
0.0
0.0
0.0
0.0
0.0
-1.0
0.0
0.0
0.0
0.0
0.0
0.0
0.0
0.0
0.0
1.0
0.0
0.0
0.0
0.0
1.0
0.0
0.0
0.0
0.0
0.0
0.0
0.0
0.0
1.0
0.0
0.0
0.0
0.0
0.0
0.0
0.0
0.0
0.0
0.0
0.0
0.0
0.0
0.0
0.0
0.0
0.0
0.0
0.0
0.0
0.0
0.0
0.0
0.0
0.0
0.0
0.0
0.0
0.0
0.0
0.0
0.0
0.0
0.0
0.0
0.0
0.0
0.0
0.0
0.0
0.0
0.0
0.0
0.0
0.0
0.0
0.0
0.0
0.0
0.0
0.0
0.0
0.0
0.0
0.0
0.0
0.0
0.0
0.0
0.0
0.0
0.0
0.0
0.0
0.0
0.0
0.0
0.0
0.0
0.0
0.0
0.0
0.0
0.0
0.0
0.0
0.0
0.0
0.0
0.0
0.0
0.0
0.0
0.0
0.0
0.0
0.0
0.0
0.0
0.0
0.0
0.0
0.0
0.0
0.0
0.0
0.0
0.0
0.0
0.0
0.0
0.0
0.0
0.0
0.0
0.0
0.0
0.0
0.0
0.0
0.0
0.0
0.0
0.0
0.0
0.0
0.0
0.0
0.0
0.0
0.0
0.0
0.0
0.0
0.0
0.0
0.0
0.0
0.0
1.0
0.0
0.0
0.0
0.0
0.0
0.0
0.0
0.0
0.0
0.0
0.0
0.0
0.0
0.0
0.0
0.0
0.0
0.0
0.0
0.0
0.0
0.0
0.0
0.0
0.0
0.0
0.0
0.0
0.0
0.0
0.0
0.0
0.0
0.0
0.0
0.0
0.0
0.0
0.0
0.0
0.0
0.0
0.0
0.0
0.0
0.0
0.0
0.0
0.0
0.0
0.0
0.0
0.0
0.0
0.0
0.0
0.0
0.0
0.0
0.0
0.0
0.0
0.0
0.0
0.0
0.0
0.0
0.0
0.0
0.0
0.0
0.0
0.0
0.0
0.0
0.0
0.0
0.0
0.0
0.0
0.0
0.0
0.0
1.0
0.0
0.0
0.0
0.0
0.0
0.0
0.0
0.0
0.0
0.0
0.0
0.0
0.0
0.0
0.0
0.0
0.0
0.0
0.0
0.0
0.0
0.0
0.0
0.0
0.0
0.0
0.0
0.0
0.0
-1.0
0.0
0.0
0.0
0.0
0.0
0.0
0.0
0.0
0.0
0.0
0.0
0.0
0.0
0.0
0.0
0.0
0.0
0.0
0.0
0.0
0.0
0.0
0.0
0.0
0.0
1.0
0.0
0.0
0.0
0.0
0.0
0.0
0.0
0.0
0.0
0.0
0.0
0.0
0.0
0.0
0.0
0.0
0.0
0.0
0.0
0.0
0.0
0.0
0.0
-1.0
0.0
0.0
0.0
0.0
0.0
0.0
0.0
0.0
0.0
0.0
0.0
0.0
0.0
0.0
0.0
0.0
0.0
0.0
0.0
0.0
0.0
-1.0
0.0
1.0
0.0
-1.0
-2.0
-1.0
0.0
0.0
0.0
0.0
0.0
0.0
0.0
0.0
0.0
1.0
0.0
0.0
0.0
0.0
0.0
0.0
0.0
0.0
0.0
0.0
0.0
0.0
0.0
0.0
0.0
0.0
0.0
0.0
0.0
0.0
0.0
0.0
0.0
0.0
0.0
0.0
0.0
0.0
0.0
0.0
0.0
0.0
0.0
0.0
0.0
0.0
0.0
0.0
0.0
0.0
0.0
0.0
0.0
0.0
0.0
0.0
0.0
1.0
0.0
0.0
0.0
0.0
0.0
0.0
0.0
0.0
0.0
0.0
0.0
0.0
0.0
0.0
0.0
0.0
0.0
0.0
0.0
0.0
0.0
0.0
0.0
0.0
0.0
0.0
0.0
0.0
0.0
0.0
0.0
0.0
0.0
0.0
0.0
0.0
0.0
0.0
0.0
0.0
0.0
0.0
0.0
0.0
-1.0
0.0
0.0
0.0
0.0
-1.0
0.0
0.0
0.0
0.0
0.0
0.0
0.0
0.0
0.0
0.0
0.0
0.0
0.0
0.0
0.0
0.0
0.0
0.0
0.0
0.0
0.0
0.0
0.0
0.0
0.0
0.0
0.0
0.0
0.0
0.0
0.0
0.0
0.0
0.0
0.0
0.0
0.0
0.0
0.0
0.0
0.0
0.0
0.0
0.0
0.0
0.0
0.0
0.0
0.0
0.0
0.0
0.0
0.0
0.0
0.0
0.0
0.0
0.0
0.0
0.0
0.0
0.0
0.0
0.0
0.0
0.0
0.0
0.0
0.0
0.0
0.0
0.0
0.0
0.0
0.0
0.0
1.0
0.0
0.0
0.0
0.0
0.0
0.0
0.0
0.0
0.0
0.0
0.0
0.0
0.0
0.0
0.0
0.0
-1.0
0.0
0.0
0.0
0.0
0.0
0.0
0.0
0.0
0.0
0.0
0.0
0.0
0.0
0.0
0.0
0.0
0.0
-1.0
0.0
0.0
-1.0
0.0
0.0
0.0
-1.0
0.0
0.0
0.0
0.0
1.0
0.0
0.0
0.0
0.0
0.0
0.0
0.0
0.0
0.0
0.0
0.0
0.0
0.0
0.0
0.0
0.0
0.0
0.0
0.0
0.0
0.0
0.0
0.0
0.0
0.0
0.0
0.0
0.0
0.0
0.0
0.0
0.0
0.0
0.0
0.0
0.0
0.0
0.0
0.0
0.0
1.0
0.0
0.0
0.0
0.0
0.0
0.0
0.0
0.0
1.0
0.0
0.0
0.0
0.0
0.0
0.0
0.0
0.0
0.0
0.0
0.0
0.0
0.0
0.0
0.0
0.0
0.0
0.0
0.0
0.0
0.0
0.0
0.0
0.0
1.0
0.0
0.0
0.0
0.0
0.0
0.0
0.0
0.0
0.0
0.0
0.0
0.0
0.0
0.0
0.0
0.0
0.0
0.0
0.0
0.0
0.0
0.0
0.0
0.0
0.0
0.0
0.0
0.0
0.0
0.0
0.0
0.0
0.0
0.0
0.0
0.0
0.0
0.0
0.0
0.0
0.0
0.0
0.0
0.0
0.0
0.0
0.0
0.0
0.0
0.0
0.0
0.0
0.0
0.0
0.0
0.0
0.0
0.0
0.0
0.0
0.0
0.0
0.0
0.0
0.0
0.0
0.0
0.0
0.0
0.0
0.0
0.0
-1.0
0.0
0.0
0.0
0.0
-1.0
0.0
0.0
0.0
0.0
0.0
0.0
0.0
1.0
0.0
0.0
0.0
0.0
0.0
0.0
0.0
0.0
0.0
0.0
0.0
0.0
0.0
0.0
0.0
0.0
0.0
0.0
0.0
0.0
0.0
-1.0
0.0
0.0
0.0
0.0
0.0
0.0
0.0
0.0
0.0
0.0
0.0
-1.0
0.0
0.0
0.0
0.0
0.0
0.0
0.0
0.0
0.0
0.0
0.0
0.0
0.0
0.0
0.0
0.0
0.0
1.0
0.0
0.0
0.0
0.0
0.0
0.0
0.0
-1.0
0.0
0.0
0.0
0.0
0.0
0.0
0.0
0.0
0.0
0.0
0.0
0.0
0.0
0.0
0.0
0.0
0.0
0.0
0.0
0.0
0.0
0.0
0.0
0.0
0.0
0.0
0.0
0.0
0.0
0.0
0.0
0.0
0.0
0.0
0.0
0.0
0.0
0.0
0.0
0.0
0.0
0.0
0.0
0.0
-1.0
0.0
0.0
0.0
0.0
0.0
0.0
0.0
0.0
0.0
0.0
0.0
0.0
0.0
0.0
0.0
0.0
0.0
0.0
0.0
-1.0
0.0
0.0
0.0
-1.0
0.0
0.0
0.0
0.0
0.0
0.0
0.0
-1.0
0.0
0.0
0.0
0.0
0.0
0.0
0.0
0.0
0.0
-1.0
0.0
0.0
0.0
0.0
0.0
0.0
0.0
0.0
0.0
0.0
0.0
0.0
1.0
0.0
0.0
0.0
-1.0
0.0
0.0
-1.0
-1.0
0.0
0.0
0.0
0.0
0.0
0.0
0.0
0.0
0.0
0.0
0.0
0.0
0.0
0.0
0.0
0.0
0.0
0.0
0.0
0.0
0.0
0.0
0.0
0.0
0.0
0.0
0.0
0.0
0.0
0.0
0.0
0.0
0.0
0.0
0.0
1.0
0.0
0.0
0.0
-1.0
0.0
0.0
0.0
0.0
0.0
0.0
0.0
0.0
0.0
0.0
0.0
0.0
-1.0
0.0
0.0
0.0
0.0
0.0
1.0
0.0
0.0
0.0
0.0
0.0
0.0
0.0
0.0
0.0
0.0
0.0
0.0
0.0
0.0
0.0
0.0
0.0
0.0
0.0
0.0
0.0
0.0
0.0
0.0
0.0
0.0
0.0
1.0
0.0
0.0
0.0
0.0
0.0
0.0
0.0
0.0
0.0
0.0
0.0
0.0
0.0
-1.0
0.0
0.0
0.0
-1.0
0.0
1.0
0.0
0.0
1.0
1.0
0.0
0.0
0.0
0.0
0.0
0.0
0.0
0.0
0.0
0.0
0.0
1.0
0.0
0.0
0.0
0.0
0.0
0.0
0.0
1.0
0.0
0.0
0.0
1.0
0.0
0.0
0.0
0.0
0.0
-1.0
0.0
0.0
0.0
0.0
0.0
0.0
0.0
0.0
0.0
0.0
0.0
0.0
0.0
0.0
0.0
1.0
0.0
0.0
1.0
0.0
0.0
0.0
0.0
0.0
0.0
0.0
0.0
0.0
0.0
0.0
1.0
0.0
0.0
0.0
0.0
0.0
0.0
0.0
0.0
-1.0
0.0
0.0
0.0
0.0
0.0
0.0
0.0
0.0
0.0
1.0
0.0
0.0
0.0
0.0
2.0
0.0
0.0
0.0
0.0
0.0
0.0
0.0
0.0
0.0
0.0
0.0
0.0
0.0
0.0
0.0
0.0
0.0
0.0
0.0
0.0
0.0
0.0
0.0
0.0
1.0
0.0
0.0
0.0
0.0
0.0
0.0
0.0
1.0
0.0
0.0
0.0
0.0
0.0
0.0
0.0
0.0
0.0
-1.0
0.0
0.0
0.0
0.0
0.0
0.0
0.0
0.0
0.0
0.0
0.0
0.0
0.0
0.0
0.0
-1.0
0.0
-1.0
0.0
0.0
0.0
0.0
0.0
0.0
0.0
0.0
1.0
0.0
0.0
0.0
0.0
0.0
0.0
0.0
0.0
0.0
0.0
0.0
0.0
1.0
0.0
0.0
0.0
0.0
0.0
0.0
0.0
0.0
0.0
0.0
0.0
0.0
0.0
0.0
0.0
0.0
0.0
0.0
0.0
0.0
0.0
0.0
0.0
0.0
-1.0
0.0
0.0
0.0
0.0
0.0
0.0
0.0
0.0
0.0
0.0
0.0
0.0
0.0
0.0
0.0
0.0
0.0
0.0
0.0
0.0
0.0
0.0
0.0
0.0
0.0
0.0
0.0
1.0
0.0
0.0
0.0
0.0
0.0
0.0
0.0
0.0
0.0
0.0
0.0
0.0
0.0
-2.0
0.0
0.0
0.0
0.0
0.0
0.0
0.0
0.0
0.0
0.0
0.0
0.0
1.0
0.0
0.0
0.0
0.0
0.0
0.0
0.0
0.0
0.0
0.0
0.0
-1.0
0.0
0.0
0.0
1.0
0.0
0.0
0.0
0.0
0.0
0.0
0.0
0.0
0.0
0.0
0.0
0.0
0.0
0.0
0.0
1.0
0.0
0.0
0.0
0.0
0.0
0.0
0.0
0.0
0.0
0.0
0.0
0.0
0.0
0.0
1.0
0.0
0.0
0.0
0.0
0.0
0.0
0.0
0.0
0.0
0.0
0.0
0.0
0.0
0.0
0.0
0.0
0.0
0.0
0.0
0.0
0.0
0.0
0.0
0.0
0.0
0.0
0.0
0.0
0.0
0.0
0.0
0.0
0.0
0.0
0.0
0.0
0.0
0.0
0.0
0.0
0.0
0.0
0.0
0.0
0.0
0.0
0.0
0.0
0.0
0.0
0.0
0.0
0.0
0.0
0.0
0.0
0.0
0.0
0.0
0.0
0.0
0.0
0.0
0.0
0.0
0.0
0.0
0.0
0.0
0.0
0.0
0.0
0.0
0.0
0.0
0.0
0.0
0.0
0.0
0.0
0.0
0.0
0.0
0.0
0.0
0.0
0.0
0.0
0.0
0.0
0.0
0.0
0.0
0.0
0.0
0.0
0.0
0.0
0.0
0.0
0.0
0.0
0.0
0.0
0.0
0.0
0.0
0.0
0.0
0.0
0.0
0.0
0.0
0.0
0.0
0.0
0.0
0.0
0.0
0.0
0.0
0.0
0.0
0.0
0.0
0.0
0.0
0.0
0.0
0.0
0.0
0.0
0.0
2212.0
286720.0
26552.0
290816.0
0.0
0.0
0.0
0.0
0.0
0.0
0.0
0.0
0.0
0.0
0.0
0.0
0.0
0.0
0.0
0.0
0.0
0.0
0.0
0.0
0.0
0.0
0.0
0.0
