0.7501184
0.0031147655
0.0016621947
0.0016794578
0.0020617133
0.0008483605
0.00025894726
0.00048336817
0.0032528706
0.00049323286
0.00063133804
0.00028607505
0.0018594878
0.0006929921
0.00020962396
0.0011985558
0.0014328414
0.00049323286
0.00018249615
0.0001381052
0.0009248116
0.001366255
0.0001997593
0.00014550368
0.0005178945
0.00012084204
0.0001307067
0.00013317287
0.00032060134
0.00011097739
0.00015783451
0.0001923608
0.0017065856
0.00017756382
0.00010604506
0.00021948862
0.000525293
0.000525293
0.00013563903
0.00010604506
0.00026387957
0.000115909716
0.00010851122
0.0002540149
0.0002564811
0.00016276684
0.00030827054
0.000115909716
0.0006387365
0.0003995186
0.00046117272
0.0012330821
0.00041184944
0.00055488694
0.00060174405
0.00052775914
0.0005524208
0.00064120267
0.0004537742
0.0014007813
0.000690526
0.0008434282
0.0005154283
0.00060421025
0.0006486012
0.00080890185
0.002130766
0.003033382
0.00075464626
0.00531705
0.00047350352
0.00041184944
0.0006559997
0.0003181352
0.00024415026
0.00017016534
0.0004488419
0.0036474569
0.0002540149
0.00024168409
0.001681924
0.0017707059
0.0012256836
0.00042911258
0.00034772916
0.0037584342
0.0004266464
0.00038718779
0.00020469163
0.00018249615
0.00018249615
0.00034772916
0.00026634574
0.0007472478
0.00041924792
0.0005228268
0.0002811427
0.0008828868
0.00033046602
0.0005302253
0.00074231543
0.0015413526
0.0006066764
0.00041924792
0.0016424654
0.00091987924
0.0018520893
0.00035759382
0.0010456536
0.00037485696
0.0008606913
0.00083849585
0.0005376238
0.00019729313
0.0009248116
0.00085575896
0.002374916
0.002130766
0.0003995186
0.00035019533
0.00032553368
0.00036745847
0.00038718779
0.00013317287
0.00040445093
0.0015857436
0.00022442095
0.00018742848
0.0006387365
0.00078917254
0.00020222546
0.0057288995
0.0006066764
0.0023157282
0.00020222546
0.00016523301
0.00075464626
0.0033293217
0.0008064357
0.011401077
0.00054008997
0.00240451
0.0002342856
0.00030827054
0.00041678175
0.00020222546
0.00021948862
0.00011097739
0.00038718779
0.0008878191
0.00019482698
0.00010111273
0.00029840588
0.00035759382
0.00029100737
0.00015290218
0.00025894726
7.645109e-05
9.1248075e-05
8.138342e-05
0.0002540149
0.00091494696
0.00024661643
0.00028607505
0.00025154874
0.00010851122
6.412027e-05
5.918794e-05
0.0001997593
8.384958e-05
9.61804e-05
0.00019482698
0.00024661643
7.645109e-05
8.138342e-05
6.90526e-05
0.00032799985
9.371424e-05
8.384958e-05
0.00010851122
0.00028607505
0.00014303753
9.1248075e-05
4.4390956e-05
0.0005795486
0.00017756382
0.0001726315
6.6586435e-05
0.00032553368
0.00025154874
0.0005992779
0.00011097739
0.0016942548
0.00083849585
0.0004981652
0.00071272143
0.0018964803
0.000115909716
0.00034772916
0.0013835181
0.00049076666
0.00054008997
0.00018989465
4.685712e-05
0.057321057
0.00036006
0.00030580437
0.00018742848
0.00063133804
0.0001726315
0.0005894133
0.00022195478
0.00038965396
0.00010111273
9.371424e-05
9.371424e-05
0.000525293
0.00016276684
0.00016030067
7.398493e-05
0.0005795486
0.00011097739
9.1248075e-05
9.371424e-05
0.00090508227
0.0003230675
0.00041431558
0.00015783451
0.0009297439
0.00059434556
0.0002762104
8.384958e-05
0.0029100738
0.0010086611
0.00020962396
0.0016030067
0.0015956083
0.0001307067
0.00020962396
0.00016769917
0.001065383
0.00010111273
0.0007472478
0.0004883005
0.0021258336
0.00030580437
0.00015783451
0.00044390955
0.002537683
0.00039458627
0.00040198475
0.00028854123
0.0031418933
0.0007768417
0.000840962
0.014281557
0.6750352
8.675048e-06
1.1153633e-05
4.95717e-06
2.6025144e-05
1.2392925e-06
1.2392925e-06
6.1964624e-06
1.3632218e-05
6.1964624e-06
2.478585e-06
2.478585e-06
0.038056195
1.2392925e-06
1.2392925e-06
1.982868e-05
0.014541859
1.982868e-05
1.1153633e-05
4.8332407e-05
8.798977e-05
7.807543e-05
0.00013756147
0.000110297035
8.551119e-05
4.95717e-05
2.478585e-05
2.2307266e-05
9.91434e-06
1.2392925e-06
0.0
0.0
0.009297173
8.055401e-05
7.311826e-05
2.974302e-05
7.435755e-05
2.974302e-05
3.2221604e-05
4.5853823e-05
8.427189e-05
2.478585e-05
3.2221604e-05
1.6110802e-05
3.470019e-05
3.098231e-05
1.487151e-05
0.0002515764
0.010175831
9.294694e-05
0.00010162198
6.3203915e-05
0.00012021137
5.2050287e-05
0.00021935477
0.00011773279
8.675048e-05
2.8503728e-05
3.7178776e-05
2.2307266e-05
0.0012777105
2.974302e-05
2.2307266e-05
0.00024290133
0.0042061587
3.098231e-05
0.0001326043
3.2221604e-05
6.816109e-05
4.5853823e-05
0.00027264436
0.00015367227
8.675048e-06
8.675048e-06
4.95717e-06
1.1153633e-05
3.34609e-05
2.478585e-05
1.1153633e-05
3.098231e-05
0.0019097498
7.435755e-06
3.098231e-05
4.5853823e-05
4.7093115e-05
2.8503728e-05
0.000182176
7.931472e-05
1.2392925e-06
2.478585e-06
3.7178775e-06
2.478585e-06
0.0
0.0
1.2392925e-06
0.00019580821
0.0020150896
4.7093115e-05
9.0468355e-05
3.470019e-05
0.000116493495
4.7093115e-05
4.7093115e-05
8.675048e-05
7.931472e-05
3.5939483e-05
3.2221604e-05
2.478585e-05
0.0018973568
0.00010038269
5.081099e-05
0.00037054846
0.0046969187
3.5939483e-05
5.8246747e-05
5.5768163e-05
0.00034948048
0.00014623652
0.0009492981
0.00046597398
3.7178776e-05
9.6664815e-05
5.5768163e-05
6.56825e-05
7.931472e-05
6.3203915e-05
5.452887e-05
0.00040400936
0.0031168207
5.948604e-05
5.2050287e-05
0.00054157083
0.00011153633
9.170765e-05
4.2135944e-05
5.5768163e-05
0.0001326043
3.5939483e-05
3.34609e-05
6.196462e-05
0.00044862388
4.461453e-05
0.0001152542
0.0001326043
0.006311717
9.418623e-05
0.0011636957
0.0010533986
0.000830326
0.0004634954
0.0032308355
0.0015255691
0.00020448327
0.0004771276
0.00023670487
0.00026892647
0.00033832685
0.00024537992
0.00027760153
0.0035827947
0.003943429
5.2050287e-05
0.00041020583
0.00036187342
0.00070267887
0.00037054846
0.0012479676
0.0008018222
0.00074977195
0.00029123374
0.000102861275
8.675048e-05
0.0012554033
0.0001474758
0.000444906
0.0017213773
0.0016631306
0.00026892647
0.0003990522
0.003928557
0.0005651174
0.00034948048
0.0010484415
0.0005936211
0.00041888087
0.00030610524
0.00028627657
0.0003284125
0.0014090756
0.00026273
0.00027388363
0.00058866397
0.008868378
0.0013347181
0.0005341351
0.0012107887
0.0049038804
0.0030982313
0.0014289042
0.0017994527
0.008008308
0.0009245122
0.0005105885
0.00063575705
0.0064901747
0.00084767607
0.0026620002
0.004965845
0.026063561
0.0044416245
0.0019816288
0.002736358
0.0110235065
0.0075348984
0.0036063413
0.0051034065
0.02019799
0.0015763801
0.0018118457
0.001851503
0.01587038
0.002287734
0.0076365205
0.015717948
0.0
0.0
0.0
0.0
0.0
0.0
0.0
0.0
0.0
0.0
0.0
0.0
0.0
0.0
0.0
0.0
0.0
0.0
0.0
0.0
0.0
0.0
0.0
0.0
0.0
0.0
0.0
0.0
0.0
0.0
0.0
0.0
591.0
15.901861
9398.0
0.04107257
0.0032985741
0.0012768675
0.0012768675
0.0021281124
0.007235582
0.001383273
0.0017024899
0.003085763
0.0024473292
0.0007448393
0.001383273
0.0023409235
0.004469036
0.00872526
0.0017024899
0.011811024
0.0062779314
0.009895722
0.009789317
0.008406044
0.011066184
0.012130241
0.012449457
0.009150883
0.013619919
0.010534156
0.008512449
0.011598213
0.014577569
0.012555863
0.014790381
0.004681847
0.014151948
0.012236646
0.011491807
0.010640562
0.013407107
0.011491807
0.010534156
0.0073419875
0.009150883
0.0045754416
0.0054266867
0.009789317
0.008618855
0.008193233
0.0076612043
0.0071291765
0.0056394977
0.0071291765
0.0077676103
0.00510747
0.0068099597
0.005320281
0.0041498193
0.0038306022
0.0026601404
0.0014896786
0.0021281124
0.0028729518
0.003617791
0.0021281124
0.0076612043
0.0026601404
0.030751223
0.008618855
0.017663332
0.020217067
0.055969354
0.011811024
0.011704618
0.015748031
0.03011279
0.0041498193
0.0082996385
0.035220258
0.012236646
0.031389657
0.032772932
0.015322409
0.0042562247
0.03011279
0.023515642
0.04149819
0.014683975
0.0077676103
0.006171526
0.007554799
0.007874016
0.0038306022
0.0026601404
0.007874016
0.00436263
0.0037241967
0.0031921687
6.08461
0.0
0.0
0.0
4.0
405488.0
479232.0
1.0
0.0
62.0
0.0
1.0
0.0
0.0
0.0
1040553540.0
0.0
0.0
0.0
0.0
0.0
1.0
0.0
0.0
0.0
0.0
0.0
0.0
-1.0
1.0
-1.0
-1.0
0.0
0.0
0.0
0.0
0.0
0.0
0.0
0.0
0.0
0.0
0.0
0.0
-1.0
0.0
0.0
0.0
0.0
0.0
0.0
0.0
0.0
0.0
0.0
0.0
0.0
-1.0
0.0
0.0
0.0
0.0
0.0
0.0
0.0
0.0
0.0
0.0
6.0
0.0
4.0
0.0
4.0
0.0
155648.0
4096.0
4096.0
11.0
1.0
0.0
6.0
9.0
0.0
0.0
0.0
0.0
0.0
-36864.0
0.0
0.0
0.0
0.0
32768.0
0.0
0.0
0.0
8192.0
0.0
0.0
-61440.0
0.0
0.0
0.0
0.0
0.0
0.0
0.0
0.0
0.0
0.0
0.0
-32768.0
0.0
0.0
-16384.0
-32768.0
0.0
0.0
0.0
0.0
0.0
0.0
0.0
-155648.0
-4096.0
16384.0
0.0
0.0
0.0
0.0
0.0
0.0
0.0
0.0
0.0
0.0
0.0
-1.1776646
0.0
0.0
0.0
0.0
0.0
0.0
0.0
0.0
4.957458
0.0
0.0
0.0
0.0
0.0
0.0
0.0
0.0
0.0
0.0
0.0
0.0
0.0
0.0
-0.04929209
0.0
0.0
-0.43904936
-0.04901273
0.0
0.0
0.0
0.0
0.0
0.0
0.0
-3.8995326
-4.1785336
2.9225495
0.0
0.0
0.0
0.0
0.0
0.0
0.0
0.0
0.0
0.0
0.0
-36864.0
0.0
0.0
0.0
0.0
32768.0
0.0
0.0
0.0
6748.0
0.0
0.0
-61440.0
0.0
0.0
0.0
0.0
0.0
0.0
0.0
0.0
0.0
0.0
0.0
-32768.0
0.0
0.0
-87716.0
-32768.0
0.0
0.0
0.0
0.0
0.0
0.0
0.0
-154608.0
-2532.0
13404.0
0.0
-4096.0
0.0
0.0
0.0
0.0
0.0
0.0
0.0
-1.0
0.0
0.0
0.0
0.0
0.0
1.0
0.0
0.0
0.0
0.0
0.0
0.0
0.0
0.0
0.0
0.0
0.0
0.0
0.0
0.0
0.0
0.0
0.0
0.0
0.0
0.0
0.0
0.0
0.0
0.0
0.0
0.0
0.0
0.0
0.0
-2.0
0.0
0.0
0.0
1.0
0.0
0.0
0.0
0.0
0.0
0.0
0.0
0.0
0.0
0.0
0.0
0.0
0.0
0.0
0.0
0.0
0.0
0.0
0.0
-1.0
0.0
0.0
0.0
0.0
0.0
0.0
0.0
0.0
0.0
1.0
0.0
0.0
0.0
0.0
1.0
0.0
0.0
0.0
0.0
0.0
0.0
0.0
0.0
1.0
0.0
0.0
0.0
0.0
0.0
0.0
0.0
0.0
0.0
0.0
0.0
0.0
0.0
0.0
0.0
0.0
0.0
0.0
0.0
0.0
0.0
0.0
0.0
0.0
0.0
0.0
0.0
0.0
0.0
0.0
0.0
0.0
0.0
0.0
0.0
0.0
0.0
0.0
0.0
0.0
0.0
0.0
-1.0
0.0
0.0
0.0
0.0
0.0
0.0
0.0
0.0
0.0
0.0
0.0
0.0
-1.0
0.0
0.0
0.0
0.0
0.0
0.0
0.0
0.0
0.0
0.0
0.0
0.0
0.0
0.0
0.0
0.0
0.0
0.0
0.0
0.0
0.0
0.0
0.0
0.0
0.0
0.0
0.0
0.0
0.0
0.0
0.0
0.0
0.0
0.0
0.0
0.0
0.0
0.0
0.0
0.0
0.0
0.0
0.0
0.0
0.0
0.0
0.0
0.0
0.0
0.0
0.0
0.0
0.0
0.0
0.0
0.0
-1.0
0.0
0.0
0.0
0.0
0.0
0.0
0.0
0.0
0.0
0.0
0.0
0.0
0.0
0.0
0.0
0.0
1.0
0.0
0.0
0.0
0.0
0.0
0.0
0.0
0.0
0.0
0.0
0.0
0.0
0.0
0.0
0.0
0.0
0.0
0.0
0.0
0.0
0.0
0.0
0.0
0.0
0.0
0.0
0.0
0.0
0.0
0.0
0.0
0.0
0.0
0.0
0.0
0.0
0.0
0.0
0.0
0.0
0.0
0.0
0.0
0.0
0.0
0.0
0.0
0.0
0.0
0.0
0.0
0.0
0.0
0.0
0.0
0.0
0.0
0.0
0.0
0.0
0.0
0.0
0.0
0.0
0.0
0.0
0.0
0.0
0.0
0.0
0.0
0.0
0.0
0.0
0.0
0.0
0.0
0.0
0.0
0.0
0.0
0.0
0.0
0.0
0.0
0.0
0.0
0.0
0.0
0.0
0.0
0.0
0.0
0.0
0.0
0.0
0.0
0.0
0.0
0.0
0.0
0.0
0.0
0.0
0.0
0.0
0.0
0.0
0.0
0.0
0.0
0.0
0.0
0.0
0.0
0.0
0.0
0.0
0.0
0.0
0.0
0.0
0.0
0.0
0.0
0.0
0.0
0.0
0.0
0.0
0.0
0.0
0.0
0.0
0.0
0.0
0.0
0.0
0.0
0.0
0.0
0.0
0.0
0.0
0.0
0.0
0.0
0.0
0.0
0.0
0.0
1.0
0.0
0.0
0.0
0.0
0.0
0.0
0.0
0.0
0.0
0.0
0.0
0.0
0.0
0.0
0.0
0.0
0.0
0.0
0.0
0.0
0.0
0.0
0.0
0.0
0.0
0.0
0.0
0.0
-1.0
0.0
0.0
0.0
0.0
0.0
0.0
0.0
0.0
0.0
0.0
0.0
0.0
0.0
0.0
0.0
0.0
0.0
0.0
0.0
0.0
0.0
0.0
0.0
0.0
0.0
0.0
0.0
0.0
0.0
0.0
0.0
0.0
0.0
0.0
0.0
0.0
0.0
0.0
0.0
0.0
0.0
0.0
0.0
0.0
0.0
0.0
0.0
0.0
0.0
0.0
0.0
0.0
0.0
0.0
0.0
0.0
0.0
0.0
0.0
0.0
1.0
0.0
0.0
1.0
0.0
0.0
0.0
0.0
0.0
0.0
0.0
0.0
0.0
0.0
0.0
0.0
0.0
0.0
0.0
0.0
0.0
0.0
0.0
0.0
0.0
0.0
0.0
0.0
-1.0
0.0
0.0
0.0
0.0
0.0
0.0
0.0
0.0
0.0
0.0
0.0
0.0
0.0
0.0
0.0
0.0
0.0
0.0
0.0
0.0
0.0
0.0
0.0
0.0
0.0
0.0
0.0
0.0
0.0
0.0
0.0
0.0
0.0
0.0
0.0
0.0
0.0
0.0
0.0
0.0
0.0
0.0
0.0
0.0
0.0
0.0
0.0
0.0
0.0
0.0
0.0
0.0
0.0
0.0
0.0
0.0
0.0
0.0
0.0
0.0
0.0
0.0
0.0
0.0
0.0
0.0
0.0
0.0
0.0
0.0
0.0
0.0
0.0
0.0
0.0
0.0
0.0
0.0
0.0
0.0
0.0
0.0
0.0
0.0
0.0
0.0
0.0
0.0
0.0
-1.0
0.0
0.0
0.0
0.0
0.0
0.0
0.0
0.0
0.0
0.0
0.0
0.0
0.0
0.0
0.0
0.0
0.0
0.0
0.0
0.0
0.0
0.0
0.0
0.0
0.0
0.0
0.0
0.0
0.0
0.0
1.0
0.0
0.0
0.0
0.0
0.0
0.0
0.0
0.0
0.0
0.0
0.0
0.0
0.0
0.0
0.0
-1.0
0.0
0.0
0.0
0.0
0.0
0.0
0.0
0.0
0.0
0.0
0.0
-1.0
0.0
-1.0
0.0
0.0
0.0
0.0
0.0
0.0
0.0
0.0
0.0
0.0
0.0
0.0
0.0
0.0
0.0
0.0
0.0
0.0
0.0
0.0
0.0
0.0
0.0
0.0
0.0
0.0
0.0
0.0
0.0
0.0
0.0
0.0
0.0
0.0
0.0
0.0
0.0
0.0
0.0
0.0
-1.0
0.0
0.0
1.0
0.0
0.0
0.0
0.0
0.0
0.0
0.0
0.0
0.0
0.0
0.0
0.0
0.0
0.0
0.0
0.0
0.0
0.0
0.0
0.0
0.0
0.0
0.0
0.0
0.0
0.0
0.0
0.0
0.0
0.0
0.0
0.0
0.0
0.0
0.0
0.0
0.0
0.0
0.0
0.0
0.0
0.0
0.0
-1.0
0.0
0.0
0.0
-1.0
0.0
0.0
0.0
0.0
0.0
0.0
0.0
0.0
0.0
0.0
0.0
0.0
0.0
0.0
0.0
0.0
0.0
0.0
0.0
0.0
0.0
0.0
0.0
0.0
0.0
0.0
0.0
0.0
0.0
0.0
0.0
0.0
0.0
0.0
1.0
0.0
0.0
0.0
0.0
0.0
0.0
0.0
0.0
0.0
0.0
-1.0
0.0
1.0
0.0
0.0
0.0
0.0
0.0
0.0
0.0
0.0
0.0
0.0
0.0
0.0
0.0
0.0
0.0
0.0
0.0
0.0
0.0
0.0
0.0
0.0
0.0
0.0
0.0
0.0
0.0
0.0
1.0
0.0
0.0
0.0
0.0
0.0
0.0
0.0
0.0
0.0
0.0
0.0
0.0
0.0
0.0
0.0
0.0
0.0
0.0
0.0
0.0
0.0
0.0
0.0
0.0
0.0
0.0
0.0
0.0
0.0
0.0
0.0
0.0
0.0
0.0
0.0
0.0
0.0
0.0
-1.0
0.0
0.0
0.0
0.0
0.0
0.0
0.0
0.0
0.0
0.0
0.0
0.0
0.0
0.0
0.0
0.0
0.0
0.0
-1.0
0.0
0.0
0.0
0.0
0.0
0.0
0.0
0.0
0.0
0.0
0.0
0.0
0.0
0.0
0.0
0.0
0.0
0.0
0.0
0.0
0.0
0.0
0.0
0.0
0.0
0.0
0.0
0.0
0.0
0.0
0.0
0.0
0.0
0.0
0.0
0.0
0.0
0.0
0.0
0.0
0.0
0.0
0.0
0.0
0.0
0.0
0.0
0.0
0.0
0.0
0.0
0.0
1.0
0.0
0.0
0.0
0.0
0.0
0.0
0.0
0.0
0.0
0.0
0.0
0.0
0.0
0.0
0.0
1.0
0.0
0.0
-2.0
0.0
0.0
0.0
0.0
0.0
0.0
0.0
0.0
0.0
0.0
1.0
0.0
0.0
0.0
1.0
0.0
0.0
1.0
-1.0
0.0
0.0
0.0
0.0
0.0
0.0
0.0
0.0
0.0
0.0
0.0
-1.0
-1.0
0.0
0.0
0.0
0.0
0.0
1.0
0.0
0.0
0.0
0.0
0.0
0.0
0.0
0.0
0.0
0.0
0.0
0.0
0.0
0.0
0.0
0.0
0.0
1.0
0.0
1.0
0.0
0.0
0.0
0.0
0.0
1.0
0.0
0.0
0.0
0.0
0.0
0.0
0.0
0.0
-1.0
0.0
0.0
0.0
0.0
0.0
0.0
0.0
0.0
0.0
0.0
0.0
0.0
0.0
0.0
1.0
0.0
0.0
0.0
0.0
0.0
0.0
0.0
0.0
0.0
1.0
0.0
0.0
0.0
0.0
0.0
0.0
0.0
0.0
0.0
0.0
0.0
0.0
0.0
0.0
0.0
0.0
0.0
0.0
0.0
0.0
0.0
0.0
0.0
0.0
0.0
0.0
0.0
0.0
0.0
0.0
0.0
0.0
0.0
0.0
0.0
0.0
0.0
0.0
-1.0
0.0
0.0
0.0
0.0
0.0
0.0
0.0
0.0
0.0
0.0
0.0
0.0
0.0
0.0
0.0
0.0
0.0
0.0
-1.0
0.0
0.0
0.0
0.0
1.0
0.0
0.0
0.0
0.0
0.0
0.0
1.0
0.0
0.0
0.0
0.0
0.0
0.0
0.0
0.0
0.0
0.0
0.0
0.0
0.0
0.0
0.0
0.0
0.0
0.0
0.0
0.0
-1.0
0.0
0.0
0.0
0.0
0.0
0.0
0.0
0.0
0.0
0.0
0.0
0.0
0.0
-1.0
-1.0
0.0
0.0
0.0
0.0
0.0
0.0
0.0
0.0
0.0
-1.0
0.0
0.0
0.0
0.0
0.0
0.0
0.0
0.0
0.0
0.0
0.0
-1.0
0.0
0.0
1.0
0.0
0.0
0.0
0.0
0.0
0.0
0.0
0.0
0.0
0.0
0.0
0.0
0.0
0.0
0.0
0.0
-1.0
0.0
-1.0
1.0
0.0
0.0
0.0
0.0
1.0
0.0
0.0
0.0
0.0
0.0
0.0
0.0
0.0
0.0
0.0
0.0
0.0
1.0
0.0
0.0
0.0
-1.0
0.0
0.0
0.0
0.0
0.0
0.0
0.0
0.0
1.0
0.0
0.0
0.0
0.0
0.0
0.0
0.0
0.0
0.0
0.0
0.0
0.0
0.0
0.0
0.0
0.0
0.0
0.0
0.0
0.0
0.0
0.0
0.0
0.0
-1.0
0.0
0.0
0.0
0.0
0.0
0.0
0.0
0.0
0.0
0.0
0.0
0.0
0.0
0.0
0.0
0.0
0.0
0.0
0.0
0.0
0.0
0.0
-1.0
0.0
0.0
0.0
0.0
0.0
0.0
0.0
0.0
0.0
0.0
0.0
0.0
0.0
0.0
0.0
0.0
0.0
0.0
0.0
0.0
0.0
0.0
0.0
-1.0
0.0
0.0
0.0
0.0
0.0
0.0
0.0
0.0
0.0
0.0
0.0
0.0
0.0
0.0
0.0
0.0
0.0
0.0
0.0
0.0
0.0
0.0
0.0
0.0
0.0
-1.0
-1.0
0.0
0.0
0.0
0.0
0.0
0.0
0.0
0.0
0.0
0.0
0.0
0.0
0.0
0.0
0.0
0.0
0.0
0.0
0.0
0.0
0.0
0.0
0.0
0.0
-1.0
0.0
0.0
0.0
0.0
0.0
0.0
0.0
0.0
0.0
0.0
0.0
0.0
0.0
0.0
0.0
0.0
0.0
0.0
0.0
0.0
0.0
0.0
0.0
0.0
0.0
0.0
0.0
0.0
0.0
0.0
0.0
0.0
0.0
0.0
0.0
0.0
0.0
0.0
0.0
0.0
0.0
0.0
0.0
0.0
0.0
0.0
0.0
0.0
0.0
0.0
0.0
0.0
0.0
0.0
0.0
0.0
0.0
0.0
0.0
0.0
0.0
0.0
0.0
0.0
0.0
0.0
0.0
0.0
0.0
0.0
0.0
0.0
0.0
0.0
0.0
0.0
0.0
0.0
0.0
0.0
0.0
0.0
0.0
0.0
0.0
0.0
0.0
0.0
0.0
0.0
0.0
0.0
0.0
0.0
0.0
0.0
0.0
0.0
0.0
0.0
0.0
0.0
0.0
0.0
0.0
0.0
0.0
0.0
0.0
0.0
0.0
0.0
0.0
0.0
0.0
0.0
0.0
0.0
0.0
0.0
0.0
0.0
0.0
0.0
0.0
0.0
0.0
0.0
0.0
0.0
0.0
0.0
0.0
0.0
0.0
0.0
0.0
0.0
0.0
0.0
0.0
0.0
0.0
0.0
0.0
0.0
0.0
0.0
0.0
0.0
0.0
0.0
0.0
0.0
0.0
0.0
0.0
0.0
0.0
0.0
0.0
0.0
0.0
0.0
0.0
0.0
0.0
0.0
100.0
258048.0
13404.0
262144.0
0.0
0.0
0.0
0.0
0.0
0.0
28.0
159744.0
0.0
0.0
0.0
0.0
0.0
0.0
0.0
0.0
0.0
0.0
468.0
258616.0
0.0
0.0
0.0
0.0
