0.2942933
0.0080556115
0.0064746034
0.0047430233
0.0065498897
0.0035133506
0.001380245
0.0023338688
0.0043414976
0.0011292913
0.0009536238
0.0009034331
0.003187111
0.0014806264
0.0013049588
0.0052449307
0.0025848222
0.0012045774
0.0006775748
0.00022585827
0.0024342502
0.006574985
0.0007277655
0.0004015258
0.0010038145
0.00045171654
0.00035133507
0.0005270026
0.0009034331
0.0008532423
0.00050190726
0.00045171654
0.0012296728
0.00042662115
0.00042662115
0.00050190726
0.0028608714
0.00050190726
0.000552098
0.0021080105
0.0012798635
0.0010791005
0.00030114435
0.00022585827
0.0011794821
0.0005270026
0.0013300542
0.00050190726
0.0010540052
0.00276049
0.0010038145
0.0010791005
0.0016562939
0.002710299
0.0017817707
0.0011543867
0.002208392
0.0047179284
0.0018319614
0.0023589642
0.0031118249
0.0030365388
0.0024593456
0.00173158
0.019273238
0.0068008434
0.003387874
0.0031369203
0.0029361574
0.009435857
0.0033125877
0.0022334873
0.0016562939
0.0019072476
0.0022585825
0.002158201
0.0017817707
0.0025095362
0.005320217
0.0015810078
0.012723349
0.0024844408
0.0025095362
0.0049186912
0.0017566753
0.0031369203
0.0046677375
0.002559727
0.0019072476
0.002635013
0.0017566753
0.0031118249
0.00276049
0.0029863482
0.0032623971
0.0019323429
0.0016813893
0.004843405
0.0024593456
0.0037643043
0.0040403535
0.0076791807
0.00346316
0.0023840594
0.0066753663
0.0041156393
0.00692632
0.0017566753
0.0044669746
0.0020327244
0.0036388275
0.0034882554
0.007980325
0.0021331059
0.0046175467
0.0055711702
0.0080556115
0.0073780366
0.0017566753
0.0042662118
0.0023589642
0.0026099177
0.0023589642
0.001104196
0.003739209
0.002835776
0.0013049588
0.0018068661
0.004943786
0.0025095362
0.0013049588
0.008457137
0.003387874
0.011242722
0.0016061031
0.0012045774
0.0027855851
0.01249749
0.0034380646
0.010364384
0.0028106805
0.016086128
0.0011543867
0.002082915
0.0026099177
0.0013551496
0.002158201
0.001104196
0.0024091548
0.0026852037
0.0013300542
0.0008532423
0.0018068661
0.0030365388
0.0008030516
0.00057719334
0.0012547681
0.000552098
0.0006524794
0.000552098
0.0010791005
0.0023840594
0.0011543867
0.0019825336
0.0010791005
0.0009536238
0.000552098
0.00022585827
0.00062738406
0.00035133507
0.0006524794
0.0004015258
0.0017566753
0.00042662115
0.00075286085
0.00022585827
0.0008532423
0.0004015258
0.0005270026
0.0006022887
0.0006524794
0.0011794821
0.0014053403
0.00030114435
0.0020327244
0.0008532423
0.0009536238
0.0006775748
0.0018319614
0.0010540052
0.0020578196
0.0016311986
0.0052449307
0.001455531
0.0019825336
0.0031369203
0.0021832965
0.0007779562
0.0031118249
0.002710299
0.0014806264
0.00035133507
0.0015810078
0.00042662115
0.0016562939
0.000276049
0.0023840594
0.0010289098
0.0012045774
0.0016813893
0.0007277655
0.000552098
0.0007277655
0.0002007629
0.00035133507
0.0005270026
0.0015810078
0.001380245
0.0009787191
0.0012547681
0.0011292913
0.00070267014
0.0004768119
0.00035133507
0.0014053403
0.0010289098
0.0015559124
0.0011543867
0.00057719334
0.0011794821
0.0018570569
0.00070267014
0.0066753663
0.0020327244
0.0005270026
0.0039901626
0.003387874
0.00050190726
0.00042662115
0.0012798635
0.0015559124
0.0004768119
0.0033627786
0.0012798635
0.0014053403
0.0021832965
0.0021832965
0.0015559124
0.004793214
0.0013049588
0.0021080105
0.0015057217
0.0055460753
0.00173158
0.003739209
0.08858663
0.0
0.0
0.0
0.0
0.0
0.0
0.0
0.0
0.0
0.0
0.0
0.0
0.0
0.0
0.0
0.0
0.024730785
2.6393582e-05
2.6393582e-05
6.598395e-05
0.0
0.0
0.0
7.918074e-05
0.0
0.0
1.3196791e-05
0.0
1.3196791e-05
0.0
0.0
0.002071896
0.0
0.0
0.0
0.0
0.0
0.0
0.0
0.0
0.0
0.0
0.0
0.0
0.0
0.0
0.0
0.0
0.023714632
0.00023754223
0.00022434544
0.00011877112
0.00019795186
0.00011877112
0.00032991977
0.0001451647
0.00018475507
0.00019795186
0.0002639358
0.00010557433
0.00017155828
0.00025073902
0.00019795186
0.000567462
0.04465794
9.237754e-05
0.00031672296
0.00032991977
0.00044869087
0.0003959037
0.0007918074
0.00062024913
0.00050147803
0.00077861064
0.00034311655
0.00048828125
0.0008709882
0.00046188766
0.000567462
0.0023886191
0.020072319
6.598395e-05
9.237754e-05
7.918074e-05
0.00095016893
0.00038270693
0.00283731
0.0021642738
6.598395e-05
5.2787163e-05
5.2787163e-05
5.2787163e-05
5.2787163e-05
5.2787163e-05
2.6393582e-05
2.6393582e-05
0.019636825
0.00010557433
0.0001319679
0.00010557433
0.0009897593
0.00038270693
0.0029032938
0.0021906672
0.00010557433
5.2787163e-05
0.0001451647
5.2787163e-05
5.2787163e-05
5.2787163e-05
9.237754e-05
2.6393582e-05
0.0
0.0
0.0
0.0
0.0
0.0
0.0
0.0
0.0
0.0
0.0
0.0
0.0
0.0
0.0
0.0
0.01669394
0.00030352618
0.0002771326
0.00025073902
0.00025073902
0.00018475507
0.00036951015
0.0014120566
0.00025073902
0.0003959037
0.0002903294
0.00022434544
0.00048828125
0.0009897593
0.0009633657
0.0036819046
0.05120355
0.0011481207
0.0012800887
0.0011613176
0.002085093
0.0012404983
0.0014252533
0.0015044342
0.0052523226
0.0061629014
0.002335832
0.0030352618
0.0043285475
0.0028241132
0.0048696157
0.045278188
0.021695524
0.0004091005
0.00089738175
0.0010425465
0.002071896
0.00093697215
0.0062684757
0.004473712
0.0021642738
0.0006730363
0.00047508447
0.00047508447
0.000818201
0.001134924
0.0025337837
0.007984058
0.011217272
2.6393582e-05
2.6393582e-05
0.0015836149
0.0020323058
0.0019663218
0.0023490288
0.0019795187
0.0018079603
0.0011481207
0.00032991977
0.00031672296
0.00017155828
0.0
0.0
0.002071896
0.0049356
0.00050147803
0.0009633657
0.010399071
0.01455606
0.013619088
0.022724872
0.014740815
0.011494405
0.0066907727
0.0025601774
0.0026129645
0.0014252533
0.00010557433
0.00022434544
0.0005542652
0.09206081
0.013843433
0.009422508
0.012734903
0.030774916
0.02364865
0.012299409
0.021048881
0.051718224
0.0048168288
0.005621833
0.0080236485
0.017538534
0.007258235
0.015704181
0.051863387
0.021365603
0.0039854306
0.0018739443
0.0041965796
0.012312606
0.008577914
0.006888725
0.0077861063
0.012207031
0.0012932855
0.002019109
0.0015836149
0.004961993
0.0014120566
0.0045001055
0.013144003
0.0
0.0
0.0
0.0
0.0
0.0
0.0
0.0
0.0
0.0
0.0
0.0
0.0
0.0
0.0
0.0
281.0
16.544483
4649.0
0.0023661002
0.0006453001
0.00043020005
0.00043020005
0.0008604001
0.00021510002
0.00021510002
0.00043020005
0.00021510002
0.00021510002
0.00043020005
0.00021510002
0.0008604001
0.0008604001
0.0064530005
0.0019359002
0.0023661002
0.0040869005
0.0066681006
0.0073134005
0.0049473005
0.009894601
0.0122607015
0.0075285006
0.0066681006
0.015917402
0.013121101
0.013981502
0.009034201
0.010109701
0.016992902
0.010109701
0.007958701
0.021725101
0.014841901
0.018928802
0.013121101
0.013766401
0.021510001
0.013336201
0.009679501
0.014196602
0.013981502
0.014411702
0.010755001
0.010970101
0.016777802
0.008388901
0.008388901
0.010324801
0.010324801
0.017423103
0.0064530005
0.008173801
0.009464401
0.0049473005
0.0047322004
0.0036567003
0.0045171003
0.0040869005
0.0051624007
0.0064530005
0.0030114003
0.0036567003
0.0036567003
0.028178103
0.008604001
0.014196602
0.024091203
0.056786407
0.009679501
0.013336201
0.014411702
0.024306303
0.009464401
0.006237901
0.031189503
0.013551301
0.024306303
0.020864703
0.014626801
0.009034201
0.026027102
0.0154872015
0.033555605
0.014626801
0.010324801
0.0088191
0.008388901
0.011400301
0.008173801
0.0055926004
0.010109701
0.0066681006
0.0055926004
0.0058077006
6.1295857
0.0
0.0
0.0
3.0
39848.0
180224.0
0.0
0.0
28.0
0.0
1.0
0.0
0.0
0.0
1299095800.0
0.0
0.0
0.0
0.0
0.0
1.0
0.0
0.0
0.0
0.0
0.0
0.0
-1.0
0.0
-1.0
-1.0
0.0
0.0
0.0
0.0
0.0
0.0
0.0
0.0
0.0
0.0
0.0
0.0
-1.0
0.0
0.0
0.0
0.0
0.0
0.0
0.0
0.0
0.0
0.0
0.0
0.0
-1.0
0.0
0.0
0.0
0.0
0.0
0.0
0.0
0.0
0.0
0.0
2.0
50.0
4.0
0.0
4.0
0.0
18944.0
1024.0
4096.0
4.0
0.0
0.0
2.0
3.0
0.0
0.0
0.0
0.0
0.0
0.0
0.0
0.0
0.0
0.0
0.0
0.0
0.0
0.0
2048.0
0.0
0.0
0.0
0.0
0.0
0.0
0.0
0.0
0.0
0.0
0.0
0.0
0.0
0.0
0.0
0.0
0.0
-2560.0
0.0
0.0
0.0
0.0
0.0
0.0
0.0
0.0
-18944.0
0.0
10240.0
0.0
0.0
0.0
0.0
0.0
0.0
0.0
0.0
0.0
0.0
0.0
0.0
0.0
0.0
0.0
0.0
0.0
0.0
0.0
0.0
5.7255936
0.0
0.0
0.0
0.0
0.0
0.0
0.0
0.0
0.0
0.0
0.0
0.0
0.0
0.0
0.0
0.0
0.0
-2.3341854
0.0
0.0
0.0
0.0
0.0
0.0
0.0
0.0
-6.3551383
0.0
3.22281
0.0
0.0
0.0
0.0
0.0
0.0
0.0
0.0
0.0
0.0
0.0
0.0
0.0
0.0
0.0
0.0
0.0
0.0
0.0
0.0
1960.0
0.0
0.0
0.0
0.0
0.0
0.0
0.0
0.0
0.0
0.0
0.0
0.0
0.0
0.0
0.0
0.0
0.0
-57344.0
0.0
0.0
0.0
0.0
0.0
0.0
0.0
0.0
-18886.0
0.0
94208.0
0.0
0.0
0.0
0.0
0.0
0.0
0.0
0.0
0.0
-1.0
0.0
0.0
0.0
0.0
0.0
1.0
0.0
0.0
0.0
0.0
0.0
0.0
0.0
0.0
0.0
0.0
0.0
0.0
0.0
0.0
0.0
0.0
0.0
0.0
0.0
0.0
0.0
0.0
0.0
0.0
0.0
0.0
0.0
0.0
0.0
-2.0
0.0
0.0
0.0
1.0
0.0
0.0
0.0
0.0
0.0
0.0
0.0
0.0
0.0
0.0
0.0
0.0
0.0
0.0
0.0
0.0
0.0
0.0
0.0
-1.0
0.0
0.0
0.0
0.0
0.0
0.0
0.0
0.0
0.0
1.0
0.0
0.0
0.0
0.0
1.0
0.0
0.0
0.0
0.0
0.0
0.0
0.0
0.0
1.0
0.0
0.0
0.0
0.0
0.0
0.0
0.0
0.0
0.0
0.0
0.0
0.0
0.0
0.0
0.0
0.0
0.0
0.0
0.0
0.0
0.0
0.0
0.0
0.0
0.0
0.0
0.0
0.0
0.0
0.0
0.0
0.0
0.0
0.0
0.0
0.0
0.0
0.0
0.0
0.0
0.0
0.0
0.0
0.0
0.0
0.0
0.0
0.0
0.0
0.0
0.0
0.0
0.0
0.0
0.0
0.0
0.0
0.0
0.0
0.0
0.0
0.0
0.0
0.0
0.0
0.0
0.0
0.0
0.0
0.0
0.0
0.0
0.0
0.0
0.0
0.0
0.0
0.0
0.0
0.0
0.0
0.0
0.0
0.0
0.0
0.0
0.0
0.0
0.0
0.0
0.0
0.0
0.0
0.0
0.0
0.0
0.0
0.0
0.0
0.0
0.0
0.0
0.0
0.0
0.0
0.0
0.0
0.0
0.0
0.0
0.0
0.0
0.0
0.0
0.0
0.0
0.0
0.0
0.0
0.0
0.0
0.0
0.0
0.0
0.0
0.0
0.0
0.0
0.0
1.0
0.0
0.0
0.0
0.0
0.0
0.0
0.0
0.0
0.0
0.0
0.0
0.0
0.0
0.0
0.0
0.0
0.0
0.0
0.0
0.0
0.0
0.0
0.0
0.0
0.0
0.0
0.0
0.0
0.0
0.0
0.0
0.0
0.0
0.0
0.0
0.0
0.0
0.0
0.0
0.0
0.0
0.0
0.0
0.0
0.0
0.0
0.0
0.0
0.0
0.0
0.0
0.0
0.0
0.0
0.0
0.0
0.0
0.0
0.0
0.0
0.0
0.0
0.0
0.0
0.0
0.0
0.0
0.0
0.0
0.0
0.0
0.0
0.0
0.0
0.0
0.0
0.0
0.0
0.0
0.0
0.0
0.0
0.0
0.0
0.0
0.0
0.0
0.0
0.0
0.0
0.0
0.0
0.0
0.0
0.0
0.0
0.0
0.0
0.0
0.0
0.0
0.0
0.0
0.0
0.0
0.0
0.0
0.0
0.0
0.0
0.0
0.0
0.0
0.0
0.0
0.0
0.0
0.0
0.0
0.0
0.0
0.0
0.0
0.0
0.0
0.0
0.0
0.0
0.0
0.0
0.0
0.0
0.0
0.0
0.0
0.0
0.0
0.0
0.0
0.0
0.0
0.0
0.0
0.0
0.0
0.0
0.0
0.0
0.0
0.0
0.0
0.0
0.0
0.0
0.0
0.0
0.0
0.0
0.0
0.0
0.0
0.0
0.0
0.0
0.0
0.0
0.0
0.0
0.0
0.0
0.0
0.0
0.0
0.0
0.0
0.0
0.0
0.0
0.0
0.0
0.0
0.0
0.0
0.0
0.0
0.0
0.0
0.0
0.0
0.0
0.0
0.0
0.0
0.0
0.0
0.0
0.0
0.0
0.0
0.0
0.0
0.0
0.0
0.0
0.0
0.0
0.0
0.0
0.0
0.0
0.0
0.0
0.0
0.0
0.0
0.0
0.0
0.0
0.0
0.0
0.0
0.0
0.0
0.0
0.0
0.0
0.0
0.0
0.0
0.0
0.0
0.0
0.0
0.0
0.0
0.0
0.0
0.0
0.0
0.0
0.0
0.0
0.0
0.0
1.0
0.0
0.0
0.0
0.0
0.0
0.0
0.0
0.0
0.0
0.0
0.0
0.0
0.0
0.0
0.0
0.0
0.0
0.0
0.0
0.0
0.0
0.0
0.0
0.0
0.0
0.0
0.0
0.0
0.0
0.0
0.0
0.0
0.0
0.0
0.0
0.0
0.0
0.0
0.0
0.0
0.0
0.0
0.0
0.0
0.0
0.0
0.0
0.0
0.0
0.0
0.0
0.0
0.0
0.0
0.0
0.0
0.0
0.0
0.0
0.0
0.0
0.0
0.0
0.0
0.0
-1.0
0.0
0.0
0.0
0.0
0.0
0.0
0.0
0.0
0.0
0.0
0.0
0.0
0.0
0.0
0.0
0.0
0.0
0.0
0.0
0.0
0.0
0.0
0.0
0.0
0.0
0.0
0.0
0.0
0.0
0.0
0.0
0.0
0.0
0.0
0.0
0.0
0.0
0.0
0.0
0.0
0.0
0.0
0.0
0.0
0.0
0.0
0.0
0.0
0.0
0.0
0.0
0.0
0.0
0.0
0.0
0.0
0.0
0.0
0.0
0.0
0.0
0.0
0.0
0.0
0.0
0.0
0.0
0.0
0.0
0.0
0.0
0.0
0.0
0.0
0.0
0.0
0.0
0.0
0.0
0.0
0.0
0.0
0.0
0.0
0.0
0.0
0.0
0.0
0.0
0.0
0.0
0.0
0.0
0.0
0.0
-1.0
0.0
0.0
0.0
0.0
0.0
0.0
0.0
0.0
0.0
0.0
0.0
-1.0
0.0
0.0
0.0
0.0
0.0
0.0
0.0
0.0
0.0
0.0
0.0
0.0
0.0
0.0
0.0
0.0
0.0
0.0
0.0
0.0
0.0
0.0
0.0
0.0
0.0
0.0
0.0
0.0
0.0
0.0
0.0
0.0
0.0
0.0
1.0
0.0
0.0
0.0
0.0
0.0
0.0
0.0
0.0
0.0
0.0
1.0
0.0
0.0
0.0
0.0
0.0
0.0
0.0
0.0
0.0
0.0
0.0
0.0
0.0
0.0
0.0
0.0
0.0
0.0
0.0
-1.0
0.0
0.0
0.0
0.0
0.0
0.0
0.0
0.0
0.0
0.0
0.0
0.0
0.0
0.0
0.0
0.0
0.0
0.0
0.0
0.0
0.0
0.0
0.0
-1.0
0.0
0.0
0.0
0.0
0.0
0.0
0.0
0.0
0.0
0.0
0.0
0.0
0.0
0.0
0.0
0.0
0.0
0.0
0.0
0.0
0.0
0.0
0.0
0.0
0.0
0.0
0.0
0.0
0.0
0.0
0.0
0.0
0.0
0.0
0.0
0.0
0.0
0.0
0.0
0.0
0.0
0.0
0.0
0.0
0.0
0.0
0.0
0.0
0.0
-1.0
0.0
0.0
0.0
0.0
0.0
0.0
0.0
0.0
0.0
0.0
0.0
0.0
0.0
0.0
0.0
0.0
0.0
0.0
0.0
0.0
0.0
0.0
0.0
0.0
0.0
0.0
0.0
0.0
0.0
0.0
0.0
0.0
0.0
0.0
0.0
0.0
0.0
0.0
0.0
0.0
0.0
0.0
0.0
0.0
0.0
0.0
0.0
0.0
0.0
0.0
0.0
0.0
0.0
0.0
0.0
0.0
0.0
0.0
0.0
0.0
0.0
0.0
0.0
0.0
0.0
0.0
0.0
0.0
0.0
-1.0
0.0
0.0
0.0
0.0
0.0
0.0
0.0
0.0
0.0
0.0
0.0
0.0
0.0
0.0
0.0
0.0
0.0
0.0
0.0
0.0
0.0
0.0
0.0
0.0
0.0
0.0
0.0
0.0
0.0
0.0
0.0
0.0
0.0
0.0
0.0
0.0
0.0
0.0
0.0
0.0
0.0
0.0
0.0
0.0
0.0
0.0
0.0
0.0
0.0
0.0
0.0
0.0
0.0
0.0
0.0
0.0
0.0
0.0
0.0
0.0
0.0
0.0
0.0
0.0
0.0
0.0
0.0
0.0
0.0
0.0
0.0
0.0
0.0
0.0
0.0
0.0
0.0
0.0
0.0
0.0
0.0
0.0
0.0
0.0
0.0
0.0
0.0
0.0
0.0
0.0
-1.0
0.0
0.0
0.0
0.0
0.0
0.0
0.0
0.0
0.0
0.0
1.0
0.0
0.0
0.0
1.0
0.0
0.0
0.0
-1.0
0.0
0.0
0.0
0.0
0.0
0.0
0.0
0.0
0.0
0.0
0.0
-1.0
0.0
0.0
0.0
0.0
0.0
0.0
0.0
0.0
0.0
0.0
0.0
0.0
0.0
0.0
0.0
0.0
0.0
0.0
0.0
0.0
0.0
0.0
0.0
0.0
0.0
0.0
0.0
0.0
0.0
0.0
0.0
0.0
0.0
0.0
0.0
0.0
0.0
0.0
0.0
0.0
0.0
-1.0
0.0
0.0
0.0
0.0
0.0
0.0
0.0
0.0
0.0
0.0
0.0
0.0
0.0
0.0
1.0
0.0
0.0
0.0
0.0
0.0
0.0
0.0
0.0
0.0
0.0
0.0
0.0
0.0
0.0
0.0
0.0
0.0
0.0
0.0
0.0
0.0
0.0
0.0
0.0
0.0
0.0
0.0
0.0
0.0
0.0
0.0
0.0
0.0
0.0
-1.0
0.0
0.0
0.0
0.0
0.0
0.0
0.0
0.0
0.0
0.0
0.0
0.0
0.0
-1.0
0.0
0.0
0.0
0.0
0.0
0.0
0.0
0.0
0.0
0.0
0.0
0.0
0.0
0.0
0.0
0.0
0.0
0.0
0.0
0.0
0.0
0.0
0.0
0.0
0.0
0.0
0.0
0.0
0.0
0.0
1.0
0.0
0.0
0.0
0.0
0.0
0.0
0.0
0.0
0.0
0.0
0.0
0.0
0.0
0.0
0.0
0.0
0.0
0.0
0.0
0.0
0.0
0.0
0.0
0.0
0.0
0.0
0.0
0.0
0.0
0.0
0.0
0.0
0.0
0.0
0.0
0.0
0.0
0.0
0.0
0.0
0.0
0.0
0.0
0.0
0.0
-1.0
0.0
0.0
0.0
0.0
0.0
0.0
0.0
0.0
0.0
0.0
0.0
-1.0
0.0
0.0
1.0
0.0
0.0
0.0
0.0
0.0
0.0
0.0
0.0
0.0
0.0
0.0
0.0
0.0
0.0
0.0
0.0
0.0
0.0
0.0
0.0
0.0
0.0
0.0
0.0
0.0
0.0
0.0
0.0
0.0
0.0
0.0
0.0
0.0
0.0
0.0
0.0
0.0
1.0
0.0
0.0
0.0
0.0
0.0
0.0
0.0
0.0
0.0
0.0
0.0
0.0
0.0
0.0
0.0
0.0
0.0
0.0
0.0
0.0
0.0
0.0
0.0
0.0
0.0
0.0
0.0
0.0
0.0
0.0
0.0
0.0
0.0
0.0
0.0
0.0
0.0
0.0
0.0
0.0
0.0
0.0
0.0
0.0
0.0
0.0
0.0
0.0
0.0
0.0
0.0
0.0
0.0
0.0
0.0
0.0
0.0
0.0
0.0
0.0
0.0
0.0
0.0
0.0
0.0
0.0
0.0
0.0
0.0
0.0
0.0
0.0
0.0
0.0
0.0
0.0
0.0
0.0
0.0
0.0
0.0
0.0
0.0
0.0
-1.0
0.0
0.0
0.0
0.0
0.0
0.0
0.0
0.0
0.0
0.0
0.0
0.0
0.0
0.0
0.0
0.0
0.0
0.0
0.0
0.0
0.0
0.0
0.0
0.0
0.0
0.0
-1.0
0.0
0.0
0.0
0.0
0.0
0.0
0.0
0.0
0.0
0.0
0.0
0.0
0.0
0.0
0.0
0.0
0.0
0.0
0.0
0.0
0.0
0.0
0.0
0.0
-1.0
0.0
0.0
0.0
0.0
0.0
0.0
0.0
0.0
0.0
0.0
0.0
0.0
0.0
0.0
0.0
1.0
0.0
0.0
0.0
0.0
0.0
0.0
0.0
0.0
0.0
0.0
0.0
0.0
0.0
0.0
0.0
0.0
0.0
0.0
0.0
0.0
0.0
0.0
0.0
0.0
0.0
0.0
0.0
0.0
0.0
0.0
0.0
0.0
0.0
0.0
0.0
0.0
0.0
0.0
0.0
0.0
0.0
0.0
0.0
0.0
0.0
0.0
0.0
0.0
0.0
0.0
0.0
0.0
0.0
0.0
0.0
0.0
0.0
0.0
0.0
0.0
0.0
0.0
0.0
0.0
0.0
0.0
0.0
0.0
0.0
0.0
0.0
0.0
0.0
0.0
0.0
0.0
0.0
0.0
0.0
0.0
0.0
0.0
0.0
0.0
0.0
0.0
0.0
0.0
0.0
0.0
0.0
0.0
0.0
0.0
0.0
0.0
0.0
0.0
0.0
0.0
0.0
0.0
0.0
0.0
0.0
0.0
0.0
0.0
0.0
0.0
0.0
0.0
0.0
0.0
0.0
0.0
0.0
0.0
0.0
0.0
0.0
0.0
0.0
0.0
0.0
0.0
0.0
0.0
0.0
0.0
0.0
0.0
0.0
0.0
0.0
0.0
0.0
0.0
0.0
0.0
0.0
0.0
0.0
0.0
0.0
0.0
0.0
0.0
0.0
0.0
0.0
0.0
40.0
30452.0
9820.0
86016.0
0.0
0.0
0.0
0.0
0.0
0.0
0.0
0.0
0.0
0.0
0.0
0.0
0.0
0.0
0.0
0.0
0.0
0.0
116.0
30608.0
0.0
0.0
0.0
0.0
