0.026479421
0.007136242
0.0066501647
0.00651321
0.0069341776
0.006671494
0.0064424872
0.006397584
0.007157571
0.0063032876
0.006449223
0.0062471586
0.00675681
0.00626961
0.006232565
0.0068645775
0.006750074
0.006317881
0.006349313
0.006400952
0.0065659713
0.00651321
0.0060832617
0.0062437905
0.006310023
0.006302165
0.0061528618
0.006267365
0.0063683973
0.0061854166
0.0061786813
0.006393094
0.0064065647
0.0062280744
0.0062494036
0.0062651196
0.0064458554
0.0062583843
0.006340333
0.006240423
0.0062067457
0.0062954295
0.0061798035
0.0063291066
0.0064851455
0.00623481
0.0061719455
0.006325739
0.0065042293
0.0065873004
0.0064290166
0.006301042
0.006298797
0.006237055
0.006347068
0.0062729777
0.0064941263
0.0064862682
0.0063291066
0.0063089
0.006387481
0.006219094
0.006240423
0.0062258295
0.005574733
0.0045296107
0.0028289019
0.003107302
0.0029456504
0.004904553
0.002823289
0.002751444
0.0028524762
0.002799715
0.0026874568
0.0026537795
0.0028064502
0.0029209536
0.0028199214
0.0028356374
0.0037527855
0.002748076
0.002914218
0.0032397662
0.0029782052
0.0031802696
0.0030388245
0.0029074824
0.0027570568
0.0029321793
0.002850231
0.0028547214
0.0028300246
0.0029557536
0.0029119728
0.0027694053
0.002703173
0.004187224
0.0031566953
0.003312734
0.0033542695
0.004598088
0.0033093663
0.0032307857
0.0034014178
0.0037898305
0.003130876
0.0029961665
0.0035473532
0.0032498694
0.0037527855
0.003810037
0.003206089
0.0026784763
0.004048024
0.0037718692
0.003980669
0.0037202307
0.002834515
0.0029321793
0.0029007471
0.003061276
0.0027694053
0.002716644
0.0028008374
0.00290636
0.0027536892
0.0027278697
0.003032089
0.0028008374
0.0027132763
0.003984037
0.0028109406
0.003395805
0.0026133666
0.002724502
0.0027536892
0.004456643
0.0027705277
0.0048630172
0.0027952245
0.0033194695
0.002724502
0.0026672503
0.004408372
0.0026436762
0.0027581793
0.0026672503
0.0027188892
0.0027346052
0.0026751084
0.0026829666
0.002654902
0.0027076632
0.0026773536
0.0027267472
0.0027469536
0.0026582698
0.0026537795
0.0026795988
0.0026908247
0.0028704375
0.002673986
0.0027121536
0.0027132763
0.0027143988
0.002700928
0.0026459214
0.0026829666
0.002681844
0.0026930699
0.0026919472
0.0027200116
0.0026616375
0.0027132763
0.0026638827
0.0027424633
0.0026852116
0.0026616375
0.0026784763
0.0026795988
0.0027143988
0.0028042053
0.00280196
0.0026560246
0.0027413408
0.0026807215
0.0027346052
0.0027637924
0.0026515343
0.002673986
0.0027929794
0.0032476243
0.002865947
0.0027817537
0.003096076
0.0030231082
0.0027256245
0.0028693147
0.0031061792
0.0028648246
0.0026751084
0.00276716
0.0027660374
0.0027772633
0.0027278697
0.002703173
0.0026885795
0.0028771728
0.0028086954
0.0027301149
0.002839005
0.0027637924
0.0027188892
0.0027536892
0.002743586
0.00297596
0.002703173
0.0027637924
0.0028378826
0.0027929794
0.0027761406
0.002700928
0.0027312376
0.0032420114
0.0027121536
0.0027952245
0.0027525665
0.0027828761
0.0028356374
0.0026661279
0.0027301149
0.0033273275
0.002970347
0.0028244117
0.0031993533
0.0031050567
0.0026728632
0.0027020504
0.0027110311
0.0029737148
0.0026863343
0.0027447084
0.0027536892
0.0029074824
0.0027267472
0.0028042053
0.0029804502
0.0032319082
0.0028468631
0.0028120633
0.0027828761
0.0032195598
0.0028558439
0.0028255342
0.0046811593
0.0
0.0
0.0
0.0
0.0
0.0
0.0
0.0
0.0
0.0
0.0
0.0
0.0
0.0
0.0
0.0
0.0
0.0
0.0
0.0
0.0
0.0
0.0
0.0
0.0
0.0
0.0
0.0
0.0
0.0
0.0
0.0
0.0
0.0
0.0
0.0
0.0
0.0
0.0
0.0
0.0
0.0
0.0
0.0
0.0
0.0
0.0
0.0
0.0010305659
2.531412e-05
1.125072e-06
4.500288e-06
4.0502593e-05
2.1938904e-05
5.6253602e-06
1.687608e-06
5.62536e-07
5.62536e-07
0.0
1.3500864e-05
0.0
1.125072e-06
5.062824e-06
0.0
0.0009883757
3.937752e-06
9.563112e-06
4.500288e-06
2.2501441e-05
1.7438617e-05
4.781556e-05
1.5188472e-05
5.062824e-06
6.750432e-06
1.687608e-06
3.937752e-06
9.000576e-06
3.375216e-06
3.375216e-06
9.563112e-06
0.0007864253
0.0
0.0
4.21902e-05
3.3189623e-05
1.1813256e-05
0.0034984115
0.0013883389
0.0
0.0
0.0
0.0
0.0
0.0
0.0
0.0
0.0024526569
5.62536e-07
5.062824e-05
0.00013107089
0.00017326108
0.00013500864
0.0033155873
0.001782114
1.125072e-06
1.687608e-06
5.62536e-07
5.62536e-07
1.8001152e-05
5.62536e-07
5.62536e-07
5.62536e-07
0.0005906628
0.0
0.0
0.00042921497
1.687608e-05
7.875504e-06
0.0016544184
0.00075717346
0.0
0.0
0.0
0.0
0.0
0.0
0.0
0.0
0.0025195987
5.9628816e-05
5.6816138e-05
0.00020195043
0.0013112715
0.0006997948
0.00030489452
0.00012713314
4.21902e-05
3.0376945e-05
2.531412e-05
4.21902e-05
0.00010294409
0.00016538559
3.2064552e-05
3.8814986e-05
0.0021021971
0.0001766363
6.300403e-05
0.00038196196
0.00094562303
0.00022726455
0.0017185475
0.00078248756
4.781556e-05
4.4440345e-05
3.937752e-05
4.2752737e-05
0.00012825821
9.05683e-05
3.937752e-05
8.213025e-05
0.00109357
7.312968e-05
6.469164e-05
5.7941208e-05
0.0006649176
6.300403e-05
0.00039546282
0.00018732449
5.5128527e-05
4.7253023e-05
4.781556e-05
4.7253023e-05
4.5565415e-05
4.5565415e-05
0.00033358386
0.00023401498
0.003547352
0.00020251297
0.00025089105
0.00029139366
0.001843993
0.000226702
0.0006952945
0.0004640922
0.0002762052
0.00015807262
0.00013388357
0.00016651065
0.00018563688
0.0007588611
0.000569849
0.0005974132
0.00073692214
5.4003456e-05
8.43804e-05
9.4506046e-05
0.000210951
9.9568875e-05
0.00010519423
7.537982e-05
0.00024639076
5.1190775e-05
3.375216e-05
4.781556e-05
6.975447e-05
1.8563687e-05
0.00021938904
0.00015638501
0.0050296346
0.0009585614
0.00040277577
0.00053047144
0.0020290674
0.0016521682
0.00057266164
0.00081792736
0.0034961612
0.0007521106
0.00017326108
0.00037858673
0.0012465798
0.0005377844
0.0013405232
0.001971126
0.0057541807
0.0011633245
0.00075548585
0.0007014824
0.0023620888
0.002046506
0.0008657429
0.0011160715
0.0037239883
0.0012786443
0.00030433197
0.0005934755
0.0015047838
0.00063622824
0.0013315227
0.0023598385
0.098677255
0.098699756
0.09893883
0.0988477
0.04219864
0.04242084
0.04237415
0.042326897
0.042522658
0.042427592
0.04248047
0.042136196
0.042380337
0.042269517
0.04216601
0.04235896
7446.0
6.1160355
45540.0
0.011769873
0.010518226
0.010759772
0.010298639
0.010496267
0.011330699
0.010254721
0.010232762
0.010342556
0.008805445
0.010913483
0.010079051
0.009595959
0.011462451
0.01249451
0.010649978
0.012736056
0.013504611
0.013548529
0.011835748
0.011462451
0.011616162
0.010649978
0.010935442
0.011989459
0.010518226
0.011242864
0.010035134
0.011001318
0.01027668
0.010342556
0.009771629
0.004721124
0.009178744
0.0064997803
0.0077294684
0.0061484408
0.008498023
0.0059288535
0.0064997803
0.0056653493
0.0073781293
0.005445762
0.0050065876
0.0072024595
0.007334212
0.008256478
0.0075977165
0.007773386
0.004830918
0.00805885
0.008783487
0.008366272
0.0061484408
0.0072902944
0.00685112
0.004830918
0.0051602987
0.005379886
0.0054018446
0.005204216
0.004743083
0.005226175
0.0051822574
0.0049407114
0.030083444
0.012736056
0.015436978
0.01576636
0.038757138
0.009222661
0.011945542
0.013306983
0.024000878
0.0060825646
0.009156785
0.018379446
0.013833992
0.024374176
0.023012737
0.011506368
0.005292051
0.028392622
0.023320159
0.02209047
0.012648221
0.007465964
0.008410189
0.007070707
0.011462451
0.006214317
0.0054018446
0.0046772067
0.0049187527
0.00496267
0.0053359685
6.3971057
2.0
0.0
0.0
5.0
890805.0
98304.0
0.0
0.0
95.0
0.0
0.0
0.0
0.0
0.0
1141321900.0
0.0
0.0
0.0
0.0
0.0
1.0
0.0
0.0
0.0
0.0
0.0
0.0
-1.0
0.0
-1.0
-1.0
0.0
0.0
0.0
0.0
0.0
0.0
0.0
0.0
0.0
0.0
0.0
0.0
-1.0
0.0
0.0
0.0
0.0
0.0
0.0
0.0
0.0
0.0
0.0
0.0
0.0
-1.0
0.0
0.0
0.0
0.0
0.0
0.0
0.0
0.0
0.0
0.0
2.0
50.0
4.0
0.0
4.0
0.0
42496.0
512.0
4096.0
3.0
0.0
0.0
1.0
1.0
0.0
0.0
0.0
0.0
0.0
0.0
0.0
0.0
0.0
0.0
0.0
0.0
0.0
0.0
26112.0
0.0
0.0
0.0
0.0
0.0
0.0
0.0
0.0
0.0
0.0
0.0
0.0
0.0
0.0
0.0
0.0
0.0
-16384.0
0.0
0.0
0.0
0.0
0.0
0.0
0.0
0.0
-42496.0
0.0
0.0
0.0
0.0
0.0
0.0
0.0
0.0
0.0
0.0
0.0
0.0
0.0
0.0
0.0
0.0
0.0
0.0
0.0
0.0
0.0
0.0
5.2029037
0.0
0.0
0.0
0.0
0.0
0.0
0.0
0.0
0.0
0.0
0.0
0.0
0.0
0.0
0.0
0.0
0.0
-4.8681355
0.0
0.0
0.0
0.0
0.0
0.0
0.0
0.0
-6.4578476
0.0
0.0
0.0
0.0
0.0
0.0
0.0
0.0
0.0
0.0
0.0
0.0
0.0
0.0
0.0
0.0
0.0
0.0
0.0
0.0
0.0
0.0
25860.0
0.0
0.0
0.0
0.0
0.0
0.0
0.0
0.0
0.0
0.0
0.0
0.0
0.0
0.0
0.0
0.0
0.0
-16832.0
0.0
0.0
0.0
0.0
0.0
0.0
0.0
0.0
-42342.0
0.0
0.0
0.0
0.0
0.0
0.0
0.0
0.0
0.0
0.0
0.0
-1.0
0.0
0.0
0.0
0.0
0.0
1.0
0.0
0.0
0.0
0.0
0.0
0.0
0.0
0.0
0.0
0.0
0.0
0.0
0.0
0.0
0.0
0.0
0.0
0.0
0.0
0.0
0.0
0.0
0.0
0.0
0.0
0.0
0.0
0.0
0.0
-2.0
0.0
0.0
0.0
1.0
0.0
0.0
0.0
0.0
0.0
0.0
0.0
0.0
0.0
0.0
0.0
0.0
0.0
0.0
0.0
0.0
0.0
0.0
0.0
-1.0
0.0
0.0
0.0
0.0
0.0
0.0
0.0
0.0
0.0
1.0
0.0
0.0
0.0
0.0
1.0
0.0
0.0
0.0
0.0
0.0
0.0
0.0
0.0
0.0
0.0
0.0
0.0
0.0
0.0
0.0
0.0
0.0
0.0
0.0
0.0
0.0
0.0
0.0
0.0
0.0
0.0
0.0
0.0
0.0
0.0
0.0
0.0
0.0
0.0
0.0
0.0
0.0
0.0
0.0
0.0
0.0
0.0
0.0
0.0
0.0
0.0
0.0
0.0
0.0
0.0
0.0
-1.0
0.0
0.0
0.0
0.0
0.0
0.0
0.0
0.0
0.0
0.0
0.0
0.0
0.0
0.0
0.0
0.0
0.0
0.0
0.0
0.0
-1.0
0.0
0.0
0.0
0.0
0.0
0.0
0.0
0.0
0.0
0.0
0.0
0.0
0.0
0.0
0.0
0.0
0.0
0.0
0.0
0.0
0.0
0.0
0.0
0.0
0.0
0.0
0.0
0.0
0.0
0.0
0.0
0.0
0.0
0.0
0.0
0.0
0.0
0.0
0.0
0.0
0.0
0.0
0.0
0.0
0.0
0.0
0.0
0.0
-1.0
0.0
0.0
0.0
0.0
0.0
0.0
0.0
0.0
0.0
0.0
0.0
0.0
0.0
0.0
0.0
0.0
1.0
0.0
0.0
0.0
0.0
0.0
0.0
0.0
0.0
0.0
0.0
0.0
0.0
0.0
0.0
0.0
0.0
0.0
0.0
0.0
0.0
0.0
0.0
0.0
0.0
0.0
0.0
0.0
0.0
0.0
0.0
0.0
0.0
0.0
0.0
0.0
0.0
0.0
0.0
0.0
0.0
0.0
0.0
0.0
0.0
0.0
0.0
0.0
0.0
0.0
0.0
0.0
0.0
0.0
0.0
0.0
0.0
0.0
0.0
0.0
0.0
0.0
0.0
0.0
0.0
0.0
0.0
0.0
0.0
0.0
0.0
0.0
0.0
0.0
0.0
0.0
0.0
0.0
0.0
0.0
0.0
0.0
0.0
0.0
0.0
0.0
0.0
0.0
0.0
0.0
0.0
0.0
0.0
0.0
0.0
0.0
0.0
0.0
0.0
0.0
0.0
1.0
0.0
0.0
0.0
0.0
0.0
0.0
0.0
0.0
0.0
0.0
0.0
0.0
-1.0
0.0
0.0
0.0
0.0
0.0
0.0
0.0
0.0
0.0
0.0
0.0
0.0
0.0
0.0
0.0
0.0
0.0
0.0
0.0
0.0
0.0
0.0
0.0
0.0
1.0
-1.0
0.0
0.0
0.0
0.0
0.0
0.0
0.0
0.0
0.0
0.0
0.0
0.0
0.0
0.0
0.0
0.0
0.0
0.0
0.0
0.0
0.0
0.0
0.0
0.0
0.0
0.0
0.0
0.0
0.0
0.0
0.0
0.0
0.0
0.0
0.0
0.0
0.0
0.0
0.0
0.0
0.0
0.0
0.0
0.0
0.0
0.0
0.0
0.0
0.0
0.0
0.0
0.0
0.0
-1.0
0.0
0.0
0.0
0.0
0.0
0.0
0.0
0.0
0.0
0.0
0.0
0.0
0.0
0.0
0.0
0.0
0.0
0.0
0.0
0.0
0.0
0.0
0.0
0.0
-1.0
0.0
0.0
0.0
1.0
0.0
0.0
0.0
0.0
0.0
0.0
0.0
0.0
0.0
0.0
0.0
0.0
0.0
0.0
0.0
0.0
0.0
0.0
1.0
0.0
0.0
1.0
0.0
0.0
0.0
0.0
1.0
0.0
0.0
0.0
0.0
0.0
0.0
0.0
0.0
0.0
0.0
0.0
0.0
0.0
0.0
0.0
0.0
1.0
0.0
0.0
0.0
0.0
0.0
0.0
0.0
0.0
0.0
0.0
0.0
0.0
0.0
0.0
0.0
0.0
0.0
0.0
0.0
0.0
0.0
0.0
0.0
0.0
0.0
0.0
0.0
0.0
0.0
0.0
0.0
0.0
0.0
1.0
0.0
0.0
0.0
0.0
1.0
0.0
-1.0
0.0
0.0
-1.0
0.0
0.0
0.0
0.0
0.0
0.0
0.0
0.0
-1.0
0.0
0.0
0.0
0.0
0.0
0.0
0.0
0.0
0.0
0.0
1.0
0.0
0.0
0.0
0.0
0.0
0.0
0.0
0.0
0.0
0.0
0.0
0.0
0.0
0.0
0.0
0.0
0.0
0.0
0.0
0.0
0.0
0.0
0.0
0.0
0.0
0.0
0.0
0.0
-1.0
0.0
0.0
0.0
0.0
0.0
0.0
0.0
0.0
0.0
0.0
0.0
0.0
0.0
0.0
0.0
-1.0
0.0
0.0
0.0
0.0
0.0
0.0
0.0
0.0
0.0
0.0
0.0
1.0
0.0
0.0
1.0
0.0
0.0
1.0
0.0
0.0
0.0
0.0
0.0
0.0
0.0
0.0
0.0
0.0
0.0
1.0
-1.0
0.0
0.0
0.0
0.0
0.0
0.0
0.0
0.0
0.0
0.0
0.0
-1.0
0.0
0.0
-1.0
0.0
0.0
0.0
-1.0
-1.0
0.0
0.0
0.0
0.0
0.0
0.0
0.0
0.0
0.0
0.0
0.0
0.0
0.0
0.0
0.0
0.0
0.0
0.0
0.0
1.0
0.0
0.0
0.0
0.0
0.0
0.0
1.0
0.0
0.0
0.0
0.0
0.0
0.0
0.0
0.0
0.0
0.0
1.0
0.0
0.0
0.0
0.0
0.0
0.0
0.0
0.0
0.0
0.0
0.0
0.0
0.0
0.0
0.0
0.0
0.0
1.0
0.0
-1.0
0.0
0.0
0.0
0.0
0.0
0.0
0.0
0.0
0.0
0.0
0.0
0.0
0.0
0.0
0.0
0.0
0.0
0.0
0.0
0.0
0.0
0.0
0.0
-1.0
0.0
0.0
0.0
0.0
0.0
0.0
0.0
0.0
0.0
0.0
0.0
0.0
0.0
0.0
0.0
0.0
0.0
0.0
0.0
0.0
0.0
0.0
0.0
0.0
0.0
0.0
0.0
0.0
0.0
0.0
0.0
-1.0
0.0
0.0
0.0
0.0
0.0
0.0
0.0
0.0
0.0
0.0
0.0
0.0
1.0
0.0
0.0
0.0
0.0
-1.0
0.0
0.0
0.0
0.0
0.0
0.0
0.0
0.0
0.0
0.0
0.0
0.0
0.0
0.0
0.0
0.0
0.0
0.0
0.0
0.0
0.0
0.0
0.0
0.0
0.0
0.0
0.0
0.0
0.0
0.0
2.0
0.0
0.0
0.0
0.0
0.0
0.0
0.0
1.0
0.0
0.0
1.0
0.0
0.0
0.0
0.0
0.0
0.0
0.0
0.0
0.0
0.0
0.0
0.0
0.0
0.0
0.0
0.0
0.0
0.0
0.0
0.0
0.0
0.0
1.0
0.0
0.0
0.0
0.0
-2.0
1.0
0.0
-1.0
0.0
0.0
0.0
-1.0
0.0
0.0
0.0
0.0
0.0
0.0
0.0
0.0
0.0
0.0
0.0
-1.0
0.0
0.0
0.0
0.0
0.0
0.0
0.0
0.0
0.0
0.0
0.0
0.0
0.0
1.0
0.0
1.0
0.0
0.0
0.0
0.0
0.0
0.0
0.0
0.0
0.0
0.0
0.0
0.0
0.0
0.0
0.0
0.0
0.0
0.0
0.0
0.0
0.0
0.0
0.0
0.0
0.0
-1.0
0.0
0.0
0.0
0.0
0.0
0.0
0.0
0.0
0.0
0.0
0.0
0.0
0.0
0.0
0.0
0.0
0.0
0.0
0.0
0.0
0.0
0.0
0.0
0.0
0.0
0.0
0.0
0.0
0.0
-1.0
0.0
1.0
0.0
0.0
0.0
0.0
0.0
-1.0
0.0
0.0
0.0
0.0
0.0
0.0
1.0
0.0
0.0
0.0
-1.0
0.0
0.0
0.0
0.0
0.0
0.0
0.0
0.0
0.0
1.0
0.0
-1.0
0.0
0.0
0.0
0.0
0.0
0.0
0.0
0.0
0.0
0.0
0.0
0.0
0.0
0.0
0.0
0.0
0.0
0.0
0.0
0.0
0.0
0.0
0.0
0.0
0.0
0.0
1.0
0.0
0.0
0.0
0.0
0.0
0.0
0.0
0.0
0.0
0.0
0.0
0.0
0.0
0.0
-1.0
0.0
0.0
0.0
0.0
0.0
0.0
0.0
0.0
0.0
0.0
0.0
0.0
0.0
0.0
1.0
0.0
0.0
0.0
0.0
0.0
0.0
0.0
0.0
0.0
0.0
0.0
0.0
0.0
0.0
0.0
0.0
0.0
0.0
0.0
0.0
0.0
0.0
0.0
0.0
0.0
0.0
0.0
0.0
0.0
0.0
0.0
0.0
1.0
0.0
-1.0
0.0
0.0
0.0
0.0
0.0
0.0
0.0
0.0
0.0
0.0
0.0
0.0
0.0
-1.0
0.0
0.0
0.0
0.0
0.0
0.0
0.0
0.0
0.0
0.0
0.0
0.0
0.0
0.0
0.0
0.0
0.0
0.0
0.0
0.0
0.0
0.0
0.0
1.0
0.0
0.0
1.0
0.0
0.0
0.0
1.0
0.0
0.0
0.0
0.0
0.0
0.0
0.0
0.0
0.0
0.0
0.0
0.0
0.0
0.0
0.0
0.0
0.0
0.0
-1.0
0.0
0.0
0.0
0.0
0.0
1.0
0.0
0.0
0.0
0.0
0.0
0.0
0.0
0.0
0.0
0.0
-1.0
1.0
0.0
0.0
0.0
0.0
0.0
0.0
0.0
0.0
-1.0
0.0
0.0
0.0
0.0
0.0
0.0
0.0
0.0
0.0
0.0
0.0
-1.0
0.0
0.0
1.0
0.0
0.0
0.0
0.0
0.0
0.0
0.0
-1.0
0.0
0.0
0.0
0.0
0.0
0.0
0.0
0.0
1.0
0.0
-1.0
0.0
0.0
0.0
0.0
0.0
0.0
0.0
0.0
0.0
0.0
0.0
0.0
0.0
0.0
0.0
0.0
0.0
1.0
1.0
0.0
0.0
0.0
0.0
0.0
0.0
1.0
0.0
0.0
0.0
0.0
0.0
0.0
0.0
0.0
0.0
0.0
0.0
0.0
0.0
0.0
0.0
0.0
0.0
0.0
-1.0
0.0
0.0
0.0
0.0
0.0
0.0
1.0
0.0
0.0
0.0
0.0
0.0
0.0
0.0
0.0
0.0
0.0
0.0
0.0
1.0
0.0
0.0
0.0
0.0
0.0
0.0
0.0
1.0
1.0
0.0
0.0
0.0
0.0
0.0
-1.0
0.0
0.0
0.0
0.0
0.0
0.0
0.0
0.0
-1.0
0.0
0.0
0.0
0.0
0.0
0.0
0.0
0.0
0.0
0.0
0.0
0.0
0.0
0.0
-1.0
0.0
0.0
0.0
0.0
0.0
0.0
0.0
0.0
0.0
-1.0
0.0
0.0
0.0
0.0
0.0
0.0
0.0
0.0
0.0
0.0
0.0
0.0
0.0
0.0
0.0
0.0
-2.0
0.0
0.0
0.0
0.0
0.0
0.0
0.0
0.0
0.0
0.0
0.0
0.0
0.0
0.0
0.0
0.0
0.0
0.0
0.0
0.0
0.0
0.0
0.0
0.0
-1.0
0.0
0.0
0.0
0.0
0.0
0.0
0.0
0.0
0.0
0.0
0.0
0.0
0.0
0.0
0.0
1.0
-1.0
0.0
0.0
0.0
0.0
0.0
0.0
0.0
0.0
0.0
0.0
0.0
0.0
0.0
0.0
0.0
0.0
0.0
1.0
0.0
0.0
0.0
0.0
0.0
0.0
0.0
0.0
0.0
0.0
0.0
0.0
0.0
0.0
0.0
0.0
0.0
0.0
0.0
0.0
0.0
0.0
0.0
0.0
0.0
0.0
0.0
0.0
0.0
0.0
0.0
0.0
0.0
0.0
0.0
0.0
0.0
0.0
0.0
0.0
0.0
0.0
0.0
0.0
0.0
0.0
0.0
0.0
0.0
0.0
0.0
0.0
0.0
0.0
0.0
0.0
0.0
0.0
0.0
0.0
0.0
0.0
0.0
0.0
0.0
0.0
0.0
0.0
0.0
0.0
0.0
0.0
0.0
0.0
0.0
0.0
0.0
0.0
0.0
0.0
0.0
0.0
0.0
0.0
0.0
0.0
0.0
0.0
0.0
0.0
0.0
0.0
0.0
0.0
0.0
0.0
0.0
0.0
0.0
0.0
0.0
0.0
0.0
0.0
0.0
0.0
0.0
0.0
0.0
0.0
0.0
0.0
0.0
0.0
0.0
0.0
0.0
0.0
0.0
0.0
0.0
0.0
0.0
0.0
0.0
0.0
0.0
0.0
0.0
0.0
0.0
0.0
0.0
140.0
91260.0
0.0
0.0
0.0
0.0
0.0
0.0
0.0
0.0
0.0
0.0
0.0
0.0
0.0
0.0
0.0
0.0
0.0
0.0
0.0
0.0
404.0
91804.0
0.0
0.0
0.0
0.0
