0.74089587
0.00091786793
0.00084188906
0.000930111
0.00059666816
0.00033848404
0.00029743387
0.00023369803
0.00059306726
0.00033308272
0.00028195002
0.00016780167
0.0002862711
0.00023261776
0.00017428328
0.00022685633
0.00071261695
0.0004418297
0.0002517025
0.00018616623
0.00032228002
0.00024774153
0.00016744158
0.00025962447
0.00036873156
0.00018148507
0.00016456086
0.00014763666
0.00019660882
0.00018796668
0.00013683397
0.00015915952
0.0005253705
0.00025962447
0.00027510832
0.00016744158
0.00038673604
0.00017680391
0.00017896444
0.00016095997
0.00029779394
0.00020525097
0.00019840927
0.00027654867
0.0002110124
0.00020309043
0.00016852184
0.00012423085
0.0002999545
0.0002005698
0.00015555864
0.00020705142
0.00072810083
0.00022073482
0.00014043487
0.00017464337
0.00022865678
0.00015699898
0.00013791425
0.00014187524
0.00021677383
0.0001533981
0.00011630888
0.00024630115
0.0007003739
0.0004076212
0.00058586546
0.00021857428
0.0006398789
0.00028483072
0.00020345052
0.00031399797
0.00038601586
0.00040906158
0.00019912944
0.00024594108
0.00034172487
0.00020705142
0.0003647706
0.00016059988
0.0005296915
0.00023333794
0.00032768137
0.00024017964
0.0003197594
0.00020561105
0.0002621451
0.0002452209
0.0003921374
0.00018436578
0.00023657875
0.00023549848
0.00014151513
0.00019984963
0.0001634806
0.0001670815
0.00030715627
0.00019264784
0.00020813168
0.00023441821
0.00016492096
0.00016240033
0.00030859662
0.00013503354
0.00023225768
0.00016492096
0.00028158992
0.00017104247
0.00026682625
0.0002448608
0.0001804048
0.00015123756
0.00020669133
0.0001533981
0.00017788417
0.00018652632
0.00019336802
0.00043606828
0.000265746
0.00026142492
0.00023441821
0.00022613615
0.0002754684
0.000414823
0.00023081731
0.00034892664
0.00023261776
0.0011223988
0.00069605286
0.0003496468
0.000354328
0.0004151831
0.0003532477
0.00038889656
0.00033488317
0.00023873929
0.00038025444
0.00032300022
0.00025242267
0.00041374273
0.00056750095
0.00050556555
0.00024918187
0.00029491325
0.00040654096
0.00032191994
0.000310037
0.00019336802
0.0004490315
0.00032480067
0.00026610607
0.00026718635
0.0003737728
0.0003579289
0.0002481016
0.00022145499
0.00031723877
0.00031111727
0.0002855509
0.00032552084
0.00038925666
0.00026034465
0.00023045723
0.00019912944
0.0002038106
0.0002855509
0.00018436578
0.0001908474
0.00026034465
0.00029347287
0.0002210949
0.0001735631
0.00023873929
0.00022649624
0.00022937696
0.00019336802
0.0002380191
0.00021641374
0.00021929445
0.00014043487
0.00018328552
0.00021605365
0.00016924202
0.00040185978
0.00020777159
0.00016384068
0.00020561105
0.00015231782
0.000177164
0.000177164
0.0002038106
0.0010903508
0.00054121437
0.00020885187
0.00022721643
0.00017104247
0.00024990205
0.00046703598
0.0001804048
0.00017860436
0.00023873929
0.00021281284
0.00029203252
0.00016960212
0.00028014957
0.00016960212
0.0001602398
0.00022757651
0.0003273213
0.00021137249
0.00025782402
0.00017500346
0.00021893436
0.00027042715
0.0002826702
0.0005066458
0.0003273213
0.00027330787
0.00031507824
0.0002722276
0.00020957204
0.00025998455
0.00032444057
0.0012253843
0.0003672912
0.00025674375
0.0002585442
0.0002517025
0.00022649624
0.00020453079
0.00023189759
0.00029707377
0.00035288764
0.00030211502
0.00027690877
0.00025026215
0.0003644105
0.0003028352
0.00027474822
0.0012898403
0.00032444057
0.00025242267
0.00028447065
0.00025098232
0.0003672912
0.00033524324
0.00028122985
0.0013092852
0.00040546068
0.00027510832
0.00030715627
0.0012700354
0.00037557326
0.0013427734
0.001667574
0.18002239
0.7070633
1.2067445e-05
2.1073001e-05
1.8011112e-07
1.9091778e-05
1.8011112e-07
1.0806667e-06
0.00018857635
3.0618892e-06
3.6022223e-07
5.4033336e-07
0.00016300057
5.4033336e-07
0.00016732323
0.00017146578
0.11033643
0.002846296
2.1973558e-05
2.233378e-05
6.1237783e-06
3.0799e-05
7.204445e-06
4.322667e-06
0.0004077716
2.5936002e-05
5.943667e-06
7.7447785e-06
0.00039462346
6.303889e-06
0.00041875837
0.00043442802
0.035566002
0.0013515538
8.825445e-06
7.7447785e-06
9.726001e-06
5.2232226e-06
5.0431113e-06
5.7635557e-06
0.00023252345
9.185667e-06
5.0431113e-06
1.0446445e-05
0.00024333013
1.5489557e-05
0.00023846712
0.00026116113
0.011607441
0.0016006476
1.0086223e-05
1.3508334e-05
3.1519445e-05
0.0005588848
0.00018839624
1.1887334e-05
3.1159223e-05
5.943667e-06
1.0446445e-05
9.545889e-06
2.6836557e-05
3.530178e-05
3.998467e-05
2.9898447e-05
0.0007157616
0.011456328
1.6570224e-05
1.2787889e-05
5.5294113e-05
1.6930446e-05
6.303889e-06
1.8191224e-05
6.0697446e-05
3.6022226e-05
0.00078258285
9.365778e-06
5.0251e-05
6.177811e-05
5.439356e-05
6.0517337e-05
0.012016114
0.0038401491
3.4581335e-05
5.7635557e-06
1.1707223e-05
0.00019361946
5.133167e-05
4.7009e-05
8.897489e-05
8.645334e-06
0.00011220923
5.4213448e-05
7.4746116e-05
3.9264225e-05
6.844223e-05
6.484e-05
0.0030507222
0.0008648936
7.564667e-06
8.645334e-06
0.0001716459
0.00046684803
1.4048667e-05
1.0626556e-05
7.204445e-06
6.8802445e-05
6.826212e-05
9.545889e-06
5.0431113e-06
5.5114004e-05
1.9452002e-05
3.854378e-05
0.0003969649
0.0027454337
0.00010608545
6.772178e-05
9.798045e-05
0.00023216323
0.000280433
0.00024585167
0.0007687143
0.00076493196
0.00016750334
7.6187e-05
5.6915116e-05
0.00015723701
0.0007211649
0.00070945773
0.0038682465
0.0023212722
0.00020262501
9.816056e-05
0.00027286835
0.00027737112
0.00012265568
0.0001343629
0.00040741137
0.00058356003
0.00051223603
0.00018659512
0.00014877178
0.00025863957
0.0005664495
0.00042344123
0.0023364015
0.0020918106
0.00015813757
7.204445e-05
8.663345e-05
7.1684226e-05
7.258478e-05
8.177045e-05
0.000116892115
0.00021397202
0.0002831347
0.0002186549
0.00025629814
0.0002217168
0.00011310978
0.00022387813
0.0016195592
0.0036236558
0.00032672158
0.0001586779
0.00020676757
0.00040867215
0.00020820845
0.00025485724
0.00041983902
0.00050377083
0.0004194788
0.00018605479
0.00033302547
0.00044973748
0.00054177427
0.0006085955
0.003891661
0.0015419313
0.00018749568
0.00018749568
0.0002330638
0.00022784057
8.627323e-05
7.1324e-05
0.00014552979
0.0003191569
0.00018929678
0.00014498945
0.00015003256
0.0001408469
0.00020154435
0.00020604712
0.001131278
0.00086651463
0.00022207701
0.00019019734
0.00015147345
0.00018353324
9.798045e-05
9.113623e-05
6.9703005e-05
0.00035247745
0.00011527112
0.00011761256
7.4746116e-05
0.000117792675
6.8082e-05
0.00022261735
0.00037859357
0.0018405556
0.00052034104
0.0005444759
0.00020424601
0.00052538415
0.0003931826
0.0003805748
0.00014444912
0.00075268437
0.00023558535
0.00034077023
0.00028097336
0.00041587657
0.00025125503
0.00018281279
0.0003641847
0.0005271853
0.00018857635
0.00017812989
0.00010158267
0.00019722169
0.00017362712
0.00016876412
0.00011761256
0.0003757118
0.00013760489
0.00015723701
0.00011599156
0.00028691703
0.00016660278
0.00017146578
0.00025557767
0.0027167962
0.0021056791
0.0022245524
0.0018854032
0.0022531901
0.0023767464
0.001873696
0.0017551829
0.0020948725
0.001935294
0.0022521093
0.0017885035
0.0017130369
0.0018140792
0.0016998887
0.0016024486
800.0
19.0775
15262.0
0.008124754
0.0023587996
0.0050452105
0.0034726772
0.0038658106
0.0020311885
0.0025553664
0.0020311885
0.007862666
0.0035381995
0.0026864107
0.0026208884
0.0030140218
0.002751933
0.003079544
0.0017035775
0.006683266
0.0064211767
0.0020311885
0.012187132
0.07128817
0.01362862
0.0026864107
0.0032105884
0.0036692438
0.002751933
0.0026208884
0.0019001442
0.011990565
0.0025553664
0.002489844
0.016052943
0.004979688
0.03230245
0.05844581
0.009304154
0.06663609
0.025357096
0.008911021
0.035119906
0.012776831
0.042589437
0.0047831214
0.017887564
0.01244922
0.003931333
0.043048095
0.0080592325
0.034792293
0.0041934215
0.012580264
0.00917311
0.007862666
0.0026208884
0.008255798
0.009107588
0.033219762
0.003341633
0.008124754
0.0145459315
0.0023587996
0.0028829772
0.0057659545
0.0066177435
0.003145066
0.006159088
0.008845499
0.0038002883
0.005569388
0.006879832
0.00917311
0.0028174552
0.0029484995
0.006093566
0.009238631
0.0026208884
0.012121609
0.011466387
0.0050452105
0.004127899
0.0102214655
0.003996855
0.0050452105
0.009631765
0.0060280436
0.0029484995
0.0038658106
0.011007732
0.0057659545
0.0054383436
0.010418031
0.037478704
0.0018346219
0.011204299
0.0036037217
0.0005241777
5.8149796
0.0
0.0
0.0
3.0
2777088.0
425984.0
0.0
0.0
0.0
0.0
1.0
0.0
0.0
0.0
1266129900.0
0.0
0.0
0.0
0.0
0.0
1.0
0.0
0.0
0.0
0.0
0.0
0.0
-1.0
0.0
0.0
0.0
0.0
0.0
0.0
0.0
0.0
0.0
0.0
0.0
0.0
0.0
0.0
0.0
-1.0
0.0
0.0
0.0
0.0
0.0
0.0
0.0
0.0
0.0
0.0
0.0
0.0
-1.0
0.0
0.0
0.0
0.0
0.0
0.0
0.0
0.0
0.0
0.0
8.0
0.0
4.0
0.0
4.0
0.0
86016.0
4096.0
4096.0
5.0
0.0
1.0
3.0
5.0
65536.0
0.0
0.0
0.0
0.0
0.0
0.0
0.0
0.0
0.0
0.0
0.0
0.0
0.0
8192.0
0.0
0.0
0.0
0.0
0.0
0.0
0.0
0.0
0.0
0.0
0.0
0.0
0.0
0.0
0.0
0.0
0.0
-4096.0
0.0
0.0
0.0
0.0
0.0
0.0
0.0
0.0
-20480.0
0.0
323584.0
0.0
0.0
0.0
0.0
0.0
0.0
0.0
0.0
0.0
0.0
0.0
0.0
0.0
0.0
0.0
0.0
0.0
0.0
0.0
0.0
0.42623508
0.0
0.0
0.0
0.0
0.0
0.0
0.0
0.0
0.0
0.0
0.0
0.0
0.0
0.0
0.0
0.0
0.0
-4.902001
0.0
0.0
0.0
0.0
0.0
0.0
0.0
0.0
-4.5376315
0.0
5.835341
0.0
0.0
0.0
0.0
0.0
0.0
63758.0
0.0
0.0
0.0
0.0
0.0
0.0
0.0
0.0
0.0
0.0
0.0
0.0
0.0
8180.0
0.0
0.0
0.0
0.0
0.0
0.0
0.0
0.0
0.0
0.0
0.0
0.0
0.0
0.0
0.0
0.0
0.0
-4064.0
0.0
0.0
0.0
0.0
0.0
0.0
0.0
0.0
-20474.0
0.0
323584.0
0.0
0.0
0.0
0.0
0.0
0.0
0.0
0.0
0.0
-1.0
0.0
0.0
0.0
0.0
0.0
1.0
0.0
0.0
0.0
0.0
0.0
0.0
0.0
0.0
0.0
0.0
0.0
0.0
0.0
0.0
0.0
0.0
0.0
0.0
0.0
0.0
0.0
0.0
0.0
0.0
0.0
0.0
0.0
0.0
0.0
-2.0
0.0
0.0
0.0
1.0
0.0
0.0
0.0
0.0
0.0
0.0
0.0
0.0
0.0
0.0
0.0
0.0
0.0
0.0
0.0
0.0
0.0
0.0
0.0
-1.0
0.0
0.0
0.0
0.0
0.0
0.0
0.0
0.0
0.0
1.0
0.0
0.0
0.0
0.0
1.0
0.0
0.0
0.0
0.0
0.0
0.0
0.0
0.0
1.0
0.0
0.0
0.0
0.0
0.0
0.0
0.0
0.0
0.0
0.0
0.0
0.0
0.0
0.0
0.0
0.0
0.0
0.0
0.0
0.0
0.0
0.0
0.0
0.0
0.0
0.0
0.0
0.0
0.0
0.0
0.0
0.0
0.0
0.0
0.0
0.0
0.0
0.0
0.0
0.0
0.0
0.0
0.0
0.0
0.0
0.0
0.0
0.0
0.0
0.0
0.0
0.0
0.0
0.0
0.0
0.0
0.0
0.0
0.0
0.0
0.0
0.0
0.0
0.0
0.0
0.0
0.0
0.0
0.0
0.0
0.0
0.0
0.0
0.0
0.0
0.0
0.0
0.0
0.0
0.0
0.0
0.0
0.0
0.0
0.0
0.0
0.0
0.0
0.0
0.0
0.0
0.0
0.0
0.0
0.0
0.0
0.0
0.0
0.0
0.0
0.0
0.0
0.0
0.0
0.0
0.0
0.0
0.0
0.0
0.0
0.0
0.0
0.0
0.0
0.0
0.0
0.0
0.0
0.0
0.0
0.0
0.0
0.0
0.0
0.0
0.0
0.0
0.0
0.0
0.0
0.0
0.0
0.0
0.0
0.0
0.0
0.0
0.0
0.0
0.0
0.0
0.0
0.0
0.0
0.0
0.0
0.0
0.0
0.0
0.0
0.0
0.0
0.0
0.0
0.0
0.0
0.0
0.0
0.0
0.0
0.0
0.0
0.0
0.0
0.0
0.0
0.0
0.0
0.0
0.0
0.0
0.0
0.0
0.0
0.0
0.0
0.0
0.0
0.0
0.0
0.0
0.0
0.0
0.0
0.0
0.0
0.0
0.0
0.0
0.0
0.0
0.0
0.0
0.0
0.0
0.0
0.0
0.0
0.0
0.0
0.0
0.0
0.0
0.0
0.0
0.0
0.0
0.0
0.0
0.0
0.0
0.0
0.0
0.0
0.0
0.0
0.0
0.0
0.0
0.0
0.0
0.0
0.0
0.0
0.0
0.0
0.0
0.0
0.0
0.0
0.0
0.0
0.0
0.0
0.0
0.0
0.0
0.0
0.0
0.0
0.0
0.0
0.0
0.0
0.0
0.0
0.0
0.0
0.0
0.0
0.0
0.0
0.0
0.0
0.0
0.0
0.0
0.0
0.0
0.0
0.0
0.0
0.0
0.0
0.0
0.0
0.0
0.0
0.0
0.0
0.0
0.0
0.0
0.0
0.0
0.0
0.0
0.0
0.0
0.0
0.0
0.0
0.0
0.0
0.0
0.0
0.0
0.0
0.0
0.0
0.0
0.0
0.0
0.0
0.0
0.0
0.0
0.0
0.0
0.0
0.0
0.0
0.0
0.0
0.0
0.0
0.0
0.0
0.0
0.0
0.0
0.0
0.0
0.0
0.0
0.0
0.0
0.0
0.0
0.0
0.0
0.0
0.0
0.0
0.0
0.0
0.0
0.0
0.0
0.0
0.0
0.0
0.0
0.0
0.0
0.0
0.0
0.0
0.0
0.0
0.0
0.0
0.0
0.0
0.0
0.0
0.0
0.0
0.0
0.0
0.0
0.0
0.0
0.0
0.0
0.0
0.0
0.0
0.0
0.0
0.0
0.0
0.0
0.0
0.0
0.0
0.0
0.0
0.0
0.0
0.0
0.0
0.0
0.0
0.0
0.0
0.0
0.0
0.0
0.0
0.0
0.0
0.0
0.0
0.0
0.0
0.0
0.0
0.0
0.0
0.0
0.0
0.0
0.0
0.0
0.0
0.0
0.0
0.0
0.0
0.0
0.0
0.0
0.0
0.0
0.0
0.0
0.0
0.0
0.0
0.0
0.0
0.0
0.0
0.0
0.0
0.0
0.0
0.0
0.0
0.0
0.0
0.0
0.0
0.0
0.0
0.0
0.0
0.0
0.0
0.0
0.0
0.0
0.0
0.0
0.0
0.0
0.0
0.0
0.0
0.0
0.0
0.0
0.0
0.0
0.0
0.0
0.0
0.0
0.0
0.0
0.0
0.0
0.0
0.0
0.0
0.0
0.0
0.0
0.0
0.0
0.0
0.0
0.0
0.0
0.0
0.0
0.0
0.0
0.0
0.0
0.0
0.0
0.0
0.0
0.0
0.0
0.0
0.0
0.0
0.0
0.0
0.0
0.0
0.0
0.0
0.0
0.0
0.0
0.0
0.0
0.0
0.0
0.0
0.0
0.0
0.0
0.0
0.0
0.0
0.0
0.0
0.0
0.0
0.0
0.0
0.0
0.0
0.0
0.0
0.0
0.0
0.0
0.0
0.0
0.0
0.0
0.0
0.0
0.0
0.0
0.0
0.0
0.0
0.0
0.0
0.0
0.0
0.0
0.0
0.0
0.0
0.0
0.0
0.0
0.0
0.0
0.0
0.0
0.0
0.0
0.0
0.0
0.0
0.0
0.0
0.0
0.0
0.0
0.0
0.0
0.0
0.0
0.0
0.0
0.0
0.0
0.0
0.0
0.0
0.0
0.0
0.0
0.0
0.0
0.0
0.0
0.0
0.0
0.0
0.0
0.0
0.0
0.0
0.0
0.0
0.0
0.0
0.0
0.0
0.0
0.0
0.0
0.0
0.0
0.0
0.0
0.0
0.0
0.0
0.0
0.0
0.0
0.0
0.0
0.0
0.0
0.0
0.0
0.0
0.0
0.0
0.0
0.0
0.0
0.0
0.0
0.0
0.0
0.0
0.0
0.0
0.0
0.0
0.0
0.0
0.0
0.0
0.0
0.0
0.0
0.0
0.0
0.0
0.0
0.0
0.0
0.0
0.0
0.0
0.0
0.0
0.0
0.0
0.0
0.0
0.0
0.0
0.0
0.0
0.0
0.0
0.0
0.0
0.0
0.0
0.0
0.0
0.0
0.0
0.0
0.0
0.0
0.0
0.0
0.0
0.0
0.0
0.0
0.0
0.0
0.0
0.0
0.0
0.0
0.0
0.0
0.0
0.0
0.0
0.0
0.0
0.0
0.0
0.0
0.0
0.0
0.0
0.0
0.0
0.0
0.0
0.0
0.0
0.0
0.0
0.0
0.0
0.0
0.0
0.0
0.0
0.0
0.0
0.0
0.0
0.0
0.0
0.0
0.0
0.0
0.0
0.0
0.0
0.0
0.0
0.0
0.0
0.0
0.0
0.0
0.0
0.0
0.0
0.0
0.0
0.0
0.0
0.0
0.0
0.0
0.0
0.0
0.0
0.0
0.0
0.0
0.0
0.0
0.0
0.0
0.0
0.0
0.0
0.0
0.0
0.0
0.0
0.0
0.0
0.0
0.0
0.0
0.0
0.0
0.0
0.0
0.0
0.0
0.0
0.0
0.0
0.0
0.0
0.0
0.0
0.0
0.0
0.0
0.0
0.0
0.0
0.0
0.0
0.0
0.0
0.0
0.0
0.0
0.0
0.0
0.0
0.0
0.0
0.0
0.0
0.0
0.0
0.0
0.0
0.0
0.0
0.0
0.0
0.0
0.0
0.0
0.0
0.0
0.0
0.0
0.0
0.0
0.0
0.0
0.0
0.0
0.0
0.0
0.0
0.0
0.0
0.0
0.0
0.0
0.0
0.0
0.0
0.0
0.0
0.0
0.0
0.0
0.0
0.0
0.0
0.0
0.0
0.0
0.0
0.0
0.0
0.0
0.0
0.0
0.0
0.0
0.0
0.0
0.0
0.0
0.0
0.0
0.0
0.0
0.0
0.0
0.0
0.0
0.0
0.0
0.0
0.0
0.0
0.0
0.0
0.0
0.0
0.0
0.0
0.0
0.0
0.0
0.0
0.0
0.0
0.0
0.0
0.0
0.0
0.0
0.0
0.0
0.0
0.0
0.0
0.0
0.0
0.0
0.0
0.0
0.0
0.0
0.0
0.0
0.0
0.0
0.0
0.0
0.0
0.0
0.0
0.0
0.0
0.0
0.0
0.0
0.0
0.0
0.0
0.0
0.0
0.0
0.0
0.0
0.0
0.0
0.0
0.0
0.0
0.0
0.0
0.0
0.0
0.0
0.0
0.0
0.0
0.0
0.0
0.0
0.0
0.0
0.0
0.0
0.0
0.0
0.0
0.0
0.0
0.0
0.0
0.0
0.0
0.0
0.0
0.0
0.0
0.0
0.0
0.0
0.0
0.0
0.0
0.0
0.0
0.0
0.0
0.0
0.0
0.0
0.0
0.0
0.0
0.0
0.0
0.0
0.0
0.0
0.0
0.0
0.0
0.0
0.0
0.0
0.0
0.0
0.0
0.0
0.0
0.0
0.0
0.0
0.0
0.0
0.0
0.0
0.0
0.0
0.0
0.0
0.0
0.0
0.0
0.0
0.0
0.0
0.0
0.0
0.0
0.0
0.0
0.0
0.0
0.0
0.0
0.0
0.0
0.0
0.0
0.0
0.0
0.0
0.0
0.0
0.0
0.0
0.0
0.0
0.0
0.0
0.0
0.0
0.0
0.0
0.0
0.0
0.0
0.0
0.0
0.0
0.0
0.0
0.0
0.0
0.0
0.0
0.0
0.0
0.0
0.0
0.0
0.0
0.0
0.0
0.0
0.0
0.0
0.0
0.0
0.0
0.0
0.0
0.0
0.0
0.0
0.0
0.0
0.0
0.0
0.0
0.0
0.0
0.0
0.0
0.0
0.0
0.0
0.0
0.0
0.0
0.0
0.0
0.0
0.0
0.0
0.0
0.0
0.0
0.0
0.0
0.0
0.0
0.0
0.0
0.0
0.0
0.0
0.0
0.0
0.0
0.0
0.0
0.0
0.0
0.0
0.0
0.0
0.0
0.0
0.0
0.0
0.0
0.0
0.0
0.0
0.0
0.0
0.0
0.0
0.0
0.0
0.0
0.0
0.0
0.0
0.0
0.0
0.0
0.0
0.0
0.0
0.0
0.0
0.0
0.0
0.0
0.0
0.0
0.0
0.0
0.0
0.0
0.0
0.0
0.0
0.0
0.0
0.0
0.0
0.0
0.0
0.0
0.0
0.0
0.0
0.0
0.0
0.0
0.0
0.0
0.0
0.0
0.0
0.0
0.0
0.0
0.0
0.0
0.0
0.0
0.0
0.0
0.0
0.0
0.0
0.0
0.0
0.0
0.0
0.0
0.0
0.0
0.0
0.0
0.0
0.0
0.0
0.0
0.0
0.0
0.0
0.0
0.0
0.0
0.0
0.0
0.0
0.0
0.0
0.0
0.0
0.0
0.0
0.0
0.0
0.0
0.0
0.0
0.0
0.0
0.0
0.0
0.0
0.0
0.0
0.0
0.0
0.0
0.0
0.0
0.0
0.0
0.0
0.0
0.0
0.0
0.0
0.0
0.0
0.0
0.0
0.0
0.0
0.0
0.0
0.0
0.0
0.0
0.0
0.0
0.0
0.0
0.0
0.0
0.0
0.0
0.0
0.0
0.0
0.0
0.0
0.0
0.0
0.0
0.0
0.0
0.0
0.0
0.0
0.0
0.0
0.0
0.0
0.0
0.0
0.0
0.0
0.0
0.0
0.0
0.0
0.0
0.0
0.0
0.0
0.0
0.0
0.0
0.0
0.0
0.0
0.0
0.0
0.0
0.0
0.0
0.0
0.0
0.0
0.0
0.0
0.0
0.0
0.0
0.0
0.0
0.0
0.0
0.0
0.0
0.0
0.0
0.0
0.0
0.0
0.0
0.0
0.0
0.0
0.0
0.0
0.0
0.0
0.0
0.0
0.0
0.0
0.0
0.0
0.0
0.0
0.0
0.0
0.0
0.0
0.0
0.0
0.0
0.0
0.0
0.0
0.0
0.0
0.0
0.0
0.0
0.0
0.0
0.0
0.0
0.0
0.0
0.0
0.0
0.0
0.0
0.0
0.0
0.0
0.0
0.0
0.0
0.0
0.0
0.0
0.0
0.0
0.0
0.0
0.0
0.0
0.0
0.0
0.0
0.0
0.0
0.0
0.0
0.0
0.0
0.0
0.0
0.0
0.0
0.0
0.0
0.0
0.0
0.0
0.0
0.0
0.0
0.0
0.0
0.0
0.0
0.0
0.0
0.0
0.0
0.0
0.0
0.0
0.0
0.0
0.0
0.0
0.0
0.0
0.0
0.0
0.0
0.0
0.0
0.0
0.0
0.0
0.0
0.0
0.0
0.0
0.0
0.0
0.0
0.0
0.0
0.0
0.0
0.0
0.0
0.0
0.0
0.0
0.0
0.0
0.0
0.0
0.0
0.0
0.0
0.0
0.0
0.0
0.0
0.0
0.0
0.0
0.0
0.0
0.0
0.0
0.0
0.0
0.0
0.0
0.0
0.0
0.0
0.0
0.0
0.0
120.0
29932.0
262664.0
102400.0
0.0
0.0
0.0
0.0
0.0
0.0
0.0
0.0
0.0
0.0
0.0
0.0
0.0
0.0
64.0
29736.0
0.0
0.0
456.0
24576.0
0.0
0.0
0.0
0.0
