0.7518762
0.0031220645
0.0016660899
0.0016833935
0.0020665447
0.00085034856
0.00025955407
0.00048450092
0.0032604935
0.0004943887
0.0006328175
0.00028674543
0.0018638454
0.0006946161
0.00021011519
0.0012013646
0.0014361992
0.0004943887
0.00018292382
0.00013842883
0.00092697877
0.0013694566
0.00020022741
0.00014584466
0.00051910814
0.00012112523
0.000131013
0.00013348495
0.00032135265
0.00011123745
0.00015820438
0.00019281158
0.0017105849
0.00017797993
0.00010629357
0.00022000297
0.000526524
0.000526524
0.00013595689
0.00010629357
0.00026449794
0.00011618134
0.00010876551
0.00025461018
0.0002570821
0.00016314827
0.00030899292
0.00011618134
0.00063528947
0.0004029268
0.00046225343
0.001226084
0.00040045482
0.00053146784
0.00060562615
0.00048697286
0.00054877147
0.0006254017
0.00046225343
0.0013818163
0.0006773125
0.0008083255
0.0005116923
0.0005561873
0.0006427053
0.0007910219
0.0021431749
0.003018243
0.000741583
0.005292431
0.00046966926
0.00036337567
0.00065012113
0.00029910516
0.00025213824
0.00014831661
0.00043506204
0.003618925
0.00024966628
0.00019281158
0.0016784496
0.0017550798
0.0012359717
0.00040787066
0.00033371238
0.0037301627
0.00042270232
0.00033865625
0.00019775548
0.00016314827
0.00019033965
0.00032629655
0.00025213824
0.00071191974
0.0004152865
0.00047461313
0.00027438573
0.0008701241
0.00033371238
0.0005141642
0.0007094478
0.0015078855
0.00056607503
0.0003707915
0.0016388985
0.00088495575
0.0018564295
0.00034854404
0.0009986651
0.00034360014
0.0008132694
0.0008182133
0.0005388837
0.00018045187
0.00091956294
0.00086270826
0.0023359866
0.0021233994
0.00035595987
0.00032629655
0.00032382458
0.00035101597
0.0003806793
0.00013842883
0.00036090374
0.0015770999
0.00018045187
0.00016314827
0.00063776143
0.0007737183
0.00019528353
0.0057472684
0.0005636031
0.0023087952
0.00015820438
0.00014090078
0.00075394276
0.0033198202
0.00080090965
0.011432738
0.00049686065
0.0023977852
0.00019033965
0.0002842735
0.0004152865
0.00018539575
0.00021258714
0.00011618134
0.00034854404
0.0008701241
0.00015078855
8.157414e-05
0.00029663322
0.00034360014
0.00028180156
0.00015078855
0.00024719434
6.427053e-05
7.910219e-05
7.910219e-05
0.00024719434
0.0009096752
0.00023977851
0.0002842735
0.00024225046
9.887774e-05
5.191081e-05
5.68547e-05
0.00019281158
7.663025e-05
8.898997e-05
0.00019281158
0.00023730657
6.6742476e-05
6.921442e-05
6.6742476e-05
0.00032135265
8.651802e-05
7.663025e-05
0.00010629357
0.00027685767
0.00013348495
7.910219e-05
4.202304e-05
0.00057349086
0.0001705641
0.00016562021
6.427053e-05
0.00031640875
0.00024225046
0.0005883225
0.00010876551
0.0016908093
0.00083304493
0.0004919167
0.00071191974
0.0018935087
0.00010629357
0.0003361843
0.0013818163
0.00048697286
0.0005388837
0.00019033965
4.6966925e-05
0.057455383
0.00036090374
0.000306521
0.0001878677
0.0006328175
0.00017303604
0.0005907945
0.0002224749
0.00039056706
0.00010134968
9.393385e-05
9.393385e-05
0.000526524
0.00016314827
0.00016067633
7.4158306e-05
0.0005809067
0.00011123745
9.146191e-05
9.393385e-05
0.00090720324
0.00032382458
0.0004152865
0.00015820438
0.0009319227
0.00059573835
0.00027685767
8.404608e-05
0.0029168932
0.0010110248
0.00021011519
0.0016067632
0.0015993475
0.000131013
0.00021011519
0.00016809216
0.0010678796
0.00010134968
0.00074899883
0.0004894448
0.0021308153
0.000306521
0.00015820438
0.0004449498
0.0025436298
0.00039551096
0.0004029268
0.0002892174
0.0031492559
0.00077866216
0.0008429327
0.014315024
0.6750352
8.675048e-06
1.1153633e-05
4.95717e-06
2.6025144e-05
1.2392925e-06
1.2392925e-06
6.1964624e-06
1.3632218e-05
6.1964624e-06
2.478585e-06
2.478585e-06
0.038056195
1.2392925e-06
1.2392925e-06
1.982868e-05
0.014541859
1.982868e-05
1.1153633e-05
4.8332407e-05
8.798977e-05
7.807543e-05
0.00013756147
0.000110297035
8.551119e-05
4.95717e-05
2.478585e-05
2.2307266e-05
9.91434e-06
1.2392925e-06
0.0
0.0
0.009297173
8.055401e-05
7.311826e-05
2.974302e-05
7.435755e-05
2.974302e-05
3.2221604e-05
4.5853823e-05
8.427189e-05
2.478585e-05
3.2221604e-05
1.6110802e-05
3.470019e-05
3.098231e-05
1.487151e-05
0.0002515764
0.010175831
9.294694e-05
0.00010162198
6.3203915e-05
0.00012021137
5.2050287e-05
0.00021935477
0.00011773279
8.675048e-05
2.8503728e-05
3.7178776e-05
2.2307266e-05
0.0012777105
2.974302e-05
2.2307266e-05
0.00024290133
0.0042061587
3.098231e-05
0.0001326043
3.2221604e-05
6.816109e-05
4.5853823e-05
0.00027264436
0.00015367227
8.675048e-06
8.675048e-06
4.95717e-06
1.1153633e-05
3.34609e-05
2.478585e-05
1.1153633e-05
3.098231e-05
0.0019097498
7.435755e-06
3.098231e-05
4.5853823e-05
4.7093115e-05
2.8503728e-05
0.000182176
7.931472e-05
1.2392925e-06
2.478585e-06
3.7178775e-06
2.478585e-06
0.0
0.0
1.2392925e-06
0.00019580821
0.0020150896
4.7093115e-05
9.0468355e-05
3.470019e-05
0.000116493495
4.7093115e-05
4.7093115e-05
8.675048e-05
7.931472e-05
3.5939483e-05
3.2221604e-05
2.478585e-05
0.0018973568
0.00010038269
5.081099e-05
0.00037054846
0.0046969187
3.5939483e-05
5.8246747e-05
5.5768163e-05
0.00034948048
0.00014623652
0.0009492981
0.00046597398
3.7178776e-05
9.6664815e-05
5.5768163e-05
6.56825e-05
7.931472e-05
6.3203915e-05
5.452887e-05
0.00040400936
0.0031168207
5.948604e-05
5.2050287e-05
0.00054157083
0.00011153633
9.170765e-05
4.2135944e-05
5.5768163e-05
0.0001326043
3.5939483e-05
3.34609e-05
6.196462e-05
0.00044862388
4.461453e-05
0.0001152542
0.0001326043
0.006311717
9.418623e-05
0.0011636957
0.0010533986
0.000830326
0.0004634954
0.0032308355
0.0015255691
0.00020448327
0.0004771276
0.00023670487
0.00026892647
0.00033832685
0.00024537992
0.00027760153
0.0035827947
0.003943429
5.2050287e-05
0.00041020583
0.00036187342
0.00070267887
0.00037054846
0.0012479676
0.0008018222
0.00074977195
0.00029123374
0.000102861275
8.675048e-05
0.0012554033
0.0001474758
0.000444906
0.0017213773
0.0016680877
0.00027388363
0.00040400936
0.0042049196
0.00096416957
0.00074853265
0.0015392012
0.0009269908
0.0007460541
0.0004994349
0.0003284125
0.00037054846
0.0014289042
0.00026273
0.00027388363
0.00058866397
0.008868378
0.0013347181
0.0005341351
0.0009877161
0.004601493
0.0027983226
0.0009864769
0.0014264256
0.007648913
0.0006741751
0.0003965736
0.00052174216
0.006430689
0.00084767607
0.0026620002
0.004965845
0.026063561
0.0044416245
0.0019816288
0.002736358
0.0110235065
0.0075348984
0.0036063413
0.0051034065
0.02019799
0.0015763801
0.0018118457
0.001851503
0.01587038
0.002287734
0.0076365205
0.015717948
0.0
0.0
0.0
0.0
0.0
0.0
0.0
0.0
0.0
0.0
0.0
0.0
0.0
0.0
0.0
0.0
0.0
0.0
0.0
0.0
0.0
0.0
0.0
0.0
0.0
0.0
0.0
0.0
0.0
0.0
0.0
0.0
571.0
15.649737
8936.0
0.04319606
0.0034691137
0.0013428828
0.0013428828
0.0022381379
0.0076096687
0.0014547897
0.0019024172
0.0032453
0.0025738585
0.0007833483
0.0014547897
0.0024619517
0.0047000893
0.009176365
0.0019024172
0.012309758
0.0067144134
0.010407341
0.009847807
0.00828111
0.010519248
0.012757386
0.011190689
0.009512086
0.013540735
0.011414503
0.0079453895
0.0115264105
0.013652641
0.0129812
0.013428827
0.0045881825
0.013988362
0.013205013
0.011078782
0.010519248
0.012421665
0.011862131
0.0089525515
0.007385855
0.008728738
0.005147717
0.0047000893
0.0097359
0.007497762
0.008616831
0.006154879
0.007497762
0.00503581
0.0079453895
0.007162041
0.00503581
0.0057072514
0.0055953446
0.0035810205
0.0034691137
0.0025738585
0.002126231
0.0019024172
0.0026857655
0.0031333931
0.0023500447
0.0072739483
0.0023500447
0.032453
0.009623993
0.018576544
0.019919427
0.05807968
0.010854969
0.011190689
0.016114593
0.030774396
0.004364369
0.0089525515
0.035138763
0.011638317
0.030886302
0.033683974
0.016002687
0.0039167413
0.03133393
0.025067145
0.04174127
0.014995524
0.006378693
0.0055953446
0.0077215754
0.0077215754
0.0035810205
0.0031333931
0.0062667863
0.004364369
0.002126231
0.0029095793
6.0610857
0.0
0.0
0.0
4.0
404540.0
479232.0
1.0
0.0
62.0
0.0
1.0
0.0
0.0
0.0
1040553540.0
0.0
0.0
0.0
0.0
0.0
1.0
0.0
0.0
0.0
0.0
0.0
0.0
-1.0
1.0
-1.0
-1.0
0.0
0.0
0.0
0.0
0.0
0.0
0.0
0.0
0.0
0.0
0.0
0.0
-1.0
0.0
0.0
0.0
0.0
0.0
0.0
0.0
0.0
0.0
0.0
0.0
0.0
-1.0
0.0
0.0
0.0
0.0
0.0
0.0
0.0
0.0
0.0
0.0
6.0
0.0
4.0
0.0
4.0
0.0
155648.0
4096.0
4096.0
11.0
1.0
0.0
6.0
9.0
0.0
0.0
0.0
0.0
0.0
-36864.0
0.0
0.0
0.0
0.0
32768.0
0.0
0.0
0.0
8192.0
0.0
0.0
-61440.0
0.0
0.0
0.0
0.0
0.0
0.0
0.0
0.0
0.0
0.0
0.0
-32768.0
0.0
0.0
-16384.0
-32768.0
0.0
0.0
0.0
0.0
0.0
0.0
0.0
-155648.0
-4096.0
16384.0
0.0
0.0
0.0
0.0
0.0
0.0
0.0
0.0
0.0
0.0
0.0
-1.1776608
0.0
0.0
0.0
0.0
0.0
0.0
0.0
0.0
4.957458
0.0
0.0
0.0
0.0
0.0
0.0
0.0
0.0
0.0
0.0
0.0
0.0
0.0
0.0
-0.04929209
0.0
0.0
-0.43904936
-0.04901273
0.0
0.0
0.0
0.0
0.0
0.0
0.0
-3.8995326
-4.1785336
2.9225397
0.0
0.0
0.0
0.0
0.0
0.0
0.0
0.0
0.0
0.0
0.0
-36864.0
0.0
0.0
0.0
0.0
32768.0
0.0
0.0
0.0
6748.0
0.0
0.0
-61440.0
0.0
0.0
0.0
0.0
0.0
0.0
0.0
0.0
0.0
0.0
0.0
-32768.0
0.0
0.0
-87716.0
-32768.0
0.0
0.0
0.0
0.0
0.0
0.0
0.0
-154608.0
-2532.0
13404.0
0.0
-4096.0
0.0
0.0
0.0
0.0
0.0
0.0
0.0
-1.0
0.0
0.0
0.0
0.0
0.0
1.0
0.0
0.0
0.0
0.0
0.0
0.0
0.0
0.0
0.0
0.0
0.0
0.0
0.0
0.0
0.0
0.0
0.0
0.0
0.0
0.0
0.0
0.0
0.0
0.0
0.0
0.0
0.0
0.0
0.0
-2.0
0.0
0.0
0.0
1.0
0.0
0.0
0.0
0.0
0.0
0.0
0.0
0.0
0.0
0.0
0.0
0.0
0.0
0.0
0.0
0.0
0.0
0.0
0.0
-1.0
0.0
0.0
0.0
0.0
0.0
0.0
0.0
0.0
0.0
1.0
0.0
0.0
0.0
0.0
1.0
0.0
0.0
0.0
0.0
0.0
0.0
0.0
0.0
1.0
0.0
0.0
0.0
0.0
0.0
0.0
0.0
0.0
0.0
0.0
0.0
0.0
0.0
0.0
0.0
0.0
0.0
0.0
0.0
0.0
0.0
0.0
0.0
0.0
0.0
0.0
0.0
0.0
0.0
0.0
0.0
0.0
0.0
0.0
0.0
0.0
0.0
0.0
0.0
0.0
0.0
0.0
-1.0
0.0
0.0
0.0
0.0
0.0
0.0
0.0
0.0
0.0
0.0
0.0
0.0
-1.0
0.0
0.0
0.0
0.0
0.0
0.0
0.0
0.0
0.0
0.0
0.0
0.0
0.0
0.0
0.0
0.0
0.0
0.0
0.0
0.0
0.0
0.0
0.0
0.0
0.0
0.0
0.0
0.0
0.0
0.0
0.0
0.0
0.0
0.0
0.0
0.0
0.0
0.0
0.0
0.0
0.0
0.0
0.0
0.0
0.0
0.0
0.0
0.0
0.0
0.0
0.0
0.0
0.0
0.0
0.0
0.0
-1.0
0.0
0.0
0.0
0.0
0.0
0.0
0.0
0.0
0.0
0.0
0.0
0.0
0.0
0.0
0.0
0.0
1.0
0.0
0.0
0.0
0.0
0.0
0.0
0.0
0.0
0.0
0.0
0.0
0.0
0.0
0.0
0.0
0.0
0.0
0.0
0.0
0.0
0.0
0.0
0.0
0.0
0.0
0.0
0.0
0.0
0.0
0.0
0.0
0.0
0.0
0.0
0.0
0.0
0.0
0.0
0.0
0.0
0.0
0.0
0.0
0.0
0.0
0.0
0.0
0.0
0.0
0.0
0.0
0.0
0.0
0.0
0.0
0.0
0.0
0.0
0.0
0.0
0.0
0.0
0.0
0.0
0.0
0.0
0.0
0.0
0.0
0.0
0.0
0.0
0.0
0.0
0.0
0.0
0.0
0.0
0.0
0.0
0.0
0.0
0.0
0.0
0.0
0.0
0.0
0.0
0.0
0.0
0.0
0.0
0.0
0.0
0.0
0.0
0.0
0.0
0.0
0.0
0.0
0.0
0.0
0.0
0.0
0.0
0.0
0.0
0.0
0.0
0.0
0.0
0.0
0.0
0.0
0.0
0.0
0.0
0.0
0.0
0.0
0.0
0.0
0.0
0.0
0.0
0.0
0.0
0.0
0.0
0.0
0.0
0.0
0.0
0.0
0.0
0.0
0.0
0.0
0.0
0.0
0.0
0.0
0.0
0.0
0.0
0.0
0.0
0.0
0.0
0.0
1.0
0.0
0.0
0.0
0.0
0.0
0.0
0.0
0.0
0.0
0.0
0.0
0.0
0.0
0.0
0.0
0.0
0.0
0.0
0.0
0.0
0.0
0.0
0.0
0.0
0.0
0.0
0.0
0.0
-1.0
0.0
0.0
0.0
0.0
0.0
0.0
0.0
0.0
0.0
0.0
0.0
0.0
0.0
0.0
0.0
0.0
0.0
0.0
0.0
0.0
0.0
0.0
0.0
0.0
0.0
0.0
0.0
0.0
0.0
0.0
0.0
0.0
0.0
0.0
0.0
0.0
0.0
0.0
0.0
0.0
0.0
0.0
0.0
0.0
0.0
0.0
0.0
0.0
0.0
0.0
0.0
0.0
0.0
0.0
0.0
0.0
0.0
0.0
0.0
0.0
1.0
0.0
0.0
1.0
0.0
0.0
0.0
0.0
0.0
0.0
0.0
0.0
0.0
0.0
0.0
0.0
0.0
0.0
0.0
0.0
0.0
0.0
0.0
0.0
0.0
0.0
0.0
0.0
-1.0
0.0
0.0
0.0
0.0
0.0
0.0
0.0
0.0
0.0
0.0
0.0
0.0
0.0
0.0
0.0
0.0
0.0
0.0
0.0
0.0
0.0
0.0
0.0
0.0
0.0
0.0
0.0
0.0
0.0
0.0
0.0
0.0
0.0
0.0
0.0
0.0
0.0
0.0
0.0
0.0
0.0
0.0
0.0
0.0
0.0
0.0
0.0
0.0
0.0
0.0
0.0
0.0
0.0
0.0
0.0
0.0
0.0
0.0
0.0
0.0
0.0
0.0
0.0
0.0
0.0
0.0
0.0
0.0
0.0
0.0
0.0
0.0
0.0
0.0
0.0
0.0
0.0
0.0
0.0
0.0
0.0
0.0
0.0
0.0
0.0
0.0
0.0
0.0
0.0
-1.0
0.0
0.0
0.0
0.0
0.0
0.0
0.0
0.0
0.0
0.0
0.0
0.0
0.0
0.0
0.0
0.0
0.0
0.0
0.0
0.0
0.0
0.0
0.0
0.0
0.0
0.0
0.0
0.0
0.0
0.0
1.0
0.0
0.0
0.0
0.0
0.0
0.0
0.0
0.0
0.0
0.0
0.0
0.0
0.0
0.0
0.0
-1.0
0.0
0.0
0.0
0.0
0.0
0.0
0.0
0.0
0.0
0.0
0.0
-1.0
0.0
-1.0
0.0
0.0
0.0
0.0
0.0
0.0
0.0
0.0
0.0
0.0
0.0
0.0
0.0
0.0
0.0
0.0
0.0
0.0
0.0
0.0
0.0
0.0
0.0
0.0
0.0
0.0
0.0
0.0
0.0
0.0
0.0
0.0
0.0
0.0
0.0
0.0
0.0
0.0
0.0
0.0
-1.0
0.0
0.0
1.0
0.0
0.0
0.0
0.0
0.0
0.0
0.0
0.0
0.0
0.0
0.0
0.0
0.0
0.0
0.0
0.0
0.0
0.0
0.0
0.0
0.0
0.0
0.0
0.0
0.0
0.0
0.0
0.0
0.0
0.0
0.0
0.0
0.0
0.0
0.0
0.0
0.0
0.0
0.0
0.0
0.0
0.0
0.0
-1.0
0.0
0.0
0.0
-1.0
0.0
0.0
0.0
0.0
0.0
0.0
0.0
0.0
0.0
0.0
0.0
0.0
0.0
0.0
0.0
0.0
0.0
0.0
0.0
0.0
0.0
0.0
0.0
0.0
0.0
0.0
0.0
0.0
0.0
0.0
0.0
0.0
0.0
0.0
1.0
0.0
0.0
0.0
0.0
0.0
0.0
0.0
0.0
0.0
0.0
-1.0
0.0
1.0
0.0
0.0
0.0
0.0
0.0
0.0
0.0
0.0
0.0
0.0
0.0
0.0
0.0
0.0
0.0
0.0
0.0
0.0
0.0
0.0
0.0
0.0
0.0
0.0
0.0
0.0
0.0
0.0
1.0
0.0
0.0
0.0
0.0
0.0
0.0
0.0
0.0
0.0
0.0
0.0
0.0
0.0
0.0
0.0
0.0
0.0
0.0
0.0
0.0
0.0
0.0
0.0
0.0
0.0
0.0
0.0
0.0
0.0
0.0
0.0
0.0
0.0
0.0
0.0
0.0
0.0
0.0
-1.0
0.0
0.0
0.0
0.0
0.0
0.0
0.0
0.0
0.0
0.0
0.0
0.0
0.0
0.0
0.0
0.0
0.0
0.0
-1.0
0.0
0.0
0.0
0.0
0.0
0.0
0.0
0.0
0.0
0.0
0.0
0.0
0.0
0.0
0.0
0.0
0.0
0.0
0.0
0.0
0.0
0.0
0.0
0.0
0.0
0.0
0.0
0.0
0.0
0.0
0.0
0.0
0.0
0.0
0.0
0.0
0.0
0.0
0.0
0.0
0.0
0.0
0.0
0.0
0.0
0.0
0.0
0.0
0.0
0.0
0.0
0.0
1.0
0.0
0.0
0.0
0.0
0.0
0.0
0.0
0.0
0.0
0.0
0.0
0.0
0.0
0.0
0.0
1.0
0.0
0.0
-2.0
0.0
0.0
0.0
0.0
0.0
0.0
0.0
0.0
0.0
0.0
1.0
0.0
0.0
0.0
1.0
0.0
0.0
1.0
-1.0
0.0
0.0
0.0
0.0
0.0
0.0
0.0
0.0
0.0
0.0
0.0
-1.0
-1.0
0.0
0.0
0.0
0.0
0.0
1.0
0.0
0.0
0.0
0.0
0.0
0.0
0.0
0.0
0.0
0.0
0.0
0.0
0.0
0.0
0.0
0.0
0.0
1.0
0.0
1.0
0.0
0.0
0.0
0.0
0.0
1.0
0.0
0.0
0.0
0.0
0.0
0.0
0.0
0.0
-1.0
0.0
0.0
0.0
0.0
0.0
0.0
0.0
0.0
0.0
0.0
0.0
0.0
0.0
0.0
1.0
0.0
0.0
0.0
0.0
0.0
0.0
0.0
0.0
0.0
1.0
0.0
0.0
0.0
0.0
0.0
0.0
0.0
0.0
0.0
0.0
0.0
0.0
0.0
0.0
0.0
0.0
0.0
0.0
0.0
0.0
0.0
0.0
0.0
0.0
0.0
0.0
0.0
0.0
0.0
0.0
0.0
0.0
0.0
0.0
0.0
0.0
0.0
0.0
-1.0
0.0
0.0
0.0
0.0
0.0
0.0
0.0
0.0
0.0
0.0
0.0
0.0
0.0
0.0
0.0
0.0
0.0
0.0
-1.0
0.0
0.0
0.0
0.0
1.0
0.0
0.0
0.0
0.0
0.0
0.0
1.0
0.0
0.0
0.0
0.0
0.0
0.0
0.0
0.0
0.0
0.0
0.0
0.0
0.0
0.0
0.0
0.0
0.0
0.0
0.0
0.0
-1.0
0.0
0.0
0.0
0.0
0.0
0.0
0.0
0.0
0.0
0.0
0.0
0.0
0.0
-1.0
-1.0
0.0
0.0
0.0
0.0
0.0
0.0
0.0
0.0
0.0
-1.0
0.0
0.0
0.0
0.0
0.0
0.0
0.0
0.0
0.0
0.0
0.0
-1.0
0.0
0.0
1.0
0.0
0.0
0.0
0.0
0.0
0.0
0.0
0.0
0.0
0.0
0.0
0.0
0.0
0.0
0.0
0.0
-1.0
0.0
-1.0
1.0
0.0
0.0
0.0
0.0
1.0
0.0
0.0
0.0
0.0
0.0
0.0
0.0
0.0
0.0
0.0
0.0
0.0
1.0
0.0
0.0
0.0
-1.0
0.0
0.0
0.0
0.0
0.0
0.0
0.0
0.0
1.0
0.0
0.0
0.0
0.0
0.0
0.0
0.0
0.0
0.0
0.0
0.0
0.0
0.0
0.0
0.0
0.0
0.0
0.0
0.0
0.0
0.0
0.0
0.0
0.0
-1.0
0.0
0.0
0.0
0.0
0.0
0.0
0.0
0.0
0.0
0.0
0.0
0.0
0.0
0.0
0.0
0.0
0.0
0.0
0.0
0.0
0.0
0.0
-1.0
0.0
0.0
0.0
0.0
0.0
0.0
0.0
0.0
0.0
0.0
0.0
0.0
0.0
0.0
0.0
0.0
0.0
0.0
0.0
0.0
0.0
0.0
0.0
-1.0
0.0
0.0
0.0
0.0
0.0
0.0
0.0
0.0
0.0
0.0
0.0
0.0
0.0
0.0
0.0
0.0
0.0
0.0
0.0
0.0
0.0
0.0
0.0
0.0
0.0
-1.0
-1.0
0.0
0.0
0.0
0.0
0.0
0.0
0.0
0.0
0.0
0.0
0.0
0.0
0.0
0.0
0.0
0.0
0.0
0.0
0.0
0.0
0.0
0.0
0.0
0.0
-1.0
0.0
0.0
0.0
0.0
0.0
0.0
0.0
0.0
0.0
0.0
0.0
0.0
0.0
0.0
0.0
0.0
0.0
0.0
0.0
0.0
0.0
0.0
0.0
0.0
0.0
0.0
0.0
0.0
0.0
0.0
0.0
0.0
0.0
0.0
0.0
0.0
0.0
0.0
0.0
0.0
0.0
0.0
0.0
0.0
0.0
0.0
0.0
0.0
0.0
0.0
0.0
0.0
0.0
0.0
0.0
0.0
0.0
0.0
0.0
0.0
0.0
0.0
0.0
0.0
0.0
0.0
0.0
0.0
0.0
0.0
0.0
0.0
0.0
0.0
0.0
0.0
0.0
0.0
0.0
0.0
0.0
0.0
0.0
0.0
0.0
0.0
0.0
0.0
0.0
0.0
0.0
0.0
0.0
0.0
0.0
0.0
0.0
0.0
0.0
0.0
0.0
0.0
0.0
0.0
0.0
0.0
0.0
0.0
0.0
0.0
0.0
0.0
0.0
0.0
0.0
0.0
0.0
0.0
0.0
0.0
0.0
0.0
0.0
0.0
0.0
0.0
0.0
0.0
0.0
0.0
0.0
0.0
0.0
0.0
0.0
0.0
0.0
0.0
0.0
0.0
0.0
0.0
0.0
0.0
0.0
0.0
0.0
0.0
0.0
0.0
0.0
0.0
0.0
0.0
0.0
0.0
0.0
0.0
0.0
0.0
0.0
0.0
0.0
0.0
0.0
0.0
0.0
0.0
100.0
258048.0
13404.0
262144.0
0.0
0.0
0.0
0.0
0.0
0.0
28.0
159744.0
0.0
0.0
0.0
0.0
0.0
0.0
0.0
0.0
0.0
0.0
468.0
258616.0
0.0
0.0
0.0
0.0
