0.18408011
0.020917963
0.006214007
0.0064837732
0.005043018
0.0056271995
0.004293375
0.003936563
0.0109692495
0.0031201353
0.0033613867
0.0025111912
0.0027546939
0.002413265
0.0021821437
0.016095936
0.011773296
0.0025809777
0.0016546173
0.0017435389
0.0029130268
0.0026151207
0.004151551
0.0014726468
0.0043399
0.0023340983
0.0015450598
0.0012884253
0.0018827368
0.002806846
0.0022279178
0.0016700003
0.011892984
0.0018977446
0.002173139
0.0022444264
0.019904932
0.0030169562
0.0009627546
0.0006171985
0.0051900954
0.00208009
0.0005691733
0.0010077782
0.0007657764
0.00059768825
0.0009184814
0.00070461934
0.0062091295
0.00073463505
0.001055053
0.0047608702
0.0015214224
0.0009638802
0.0004945092
0.0006423367
0.004132041
0.0017814337
0.00072412955
0.0027678257
0.0014677693
0.0008723322
0.0005481623
0.0007335094
0.011553805
0.011277661
0.0017487915
0.0032810946
0.0091379145
0.007683652
0.0015675717
0.0021528783
0.071205944
0.009569391
0.0009770121
0.0016583692
0.013060596
0.005759644
0.0014733972
0.0015285511
0.0060436674
0.0008749586
0.0011360955
0.0017375357
0.0021356193
0.002045572
0.0015600676
0.0024935568
0.00318617
0.0005474119
0.00050201314
0.0014370031
0.0036011375
0.0017180254
0.0015071649
0.002450034
0.003386525
0.0009890184
0.0005995642
0.001821955
0.0016895105
0.0019288859
0.0025877312
0.00078153465
0.0021007261
0.0011102069
0.0003920805
0.0006806067
0.0021228627
0.0009402428
0.0010077782
0.0012148868
0.0037294547
0.00048625487
0.0015356799
0.0015109169
0.011142215
0.0062042517
0.0011019525
0.0010025254
0.0027201758
0.0011792431
0.0005969379
0.0011503529
0.00210823
0.0014021099
0.0009060999
0.0014336264
0.0054572355
0.0026586435
0.0007008673
0.010853314
0.004552261
0.011313304
0.0006640981
0.001051301
0.002510816
0.018616132
0.0016032152
0.05109953
0.00092110777
0.01037944
0.0005500383
0.00069036183
0.0030225841
0.00045098638
0.00042960016
0.0008697058
0.0009068503
0.00066334766
0.0003478073
0.00049713557
0.001262912
0.00040971473
0.0003245451
0.00035343526
0.00084756926
0.000497886
0.00035531123
0.0004708718
0.0021566304
0.0006393351
0.0005883083
0.0006348327
0.0007492677
0.00065847015
0.00060331624
0.00076465076
0.0017015168
0.00082243106
0.0005995642
0.0006400855
0.00089859596
0.00065284217
0.0006280792
0.00073388463
0.0026181221
0.00043560332
0.00043147616
0.00047237257
0.0007200024
0.00048813084
0.0015814538
0.000957877
0.0025209463
0.0014794004
0.0020193083
0.0005639206
0.0008839633
0.0005519143
0.0006494654
0.0009394924
0.009545378
0.003976709
0.0014914067
0.0037080685
0.003245826
0.000784161
0.0020027997
0.0037579697
0.0028090973
0.0031827933
0.0009244846
0.0021307417
0.017902508
0.00093198847
0.0018928671
0.0023986322
0.0035467339
0.00084644364
0.0023577358
0.0012884253
0.0006836083
0.0007605236
0.0011229636
0.0014580141
0.0020358171
0.0008749586
0.0007766571
0.001581829
0.0005196474
0.00042322182
0.0008539476
0.00066860043
0.0028537458
0.0008160527
0.0009136039
0.0010392948
0.0010013998
0.0005230241
0.0006145721
0.0007710291
0.013360753
0.0038720295
0.0009049743
0.0034371766
0.0024466573
0.0009526243
0.00070199295
0.0008310606
0.0036589177
0.0012066325
0.0014490095
0.0011297171
0.00112559
0.000711748
0.002226792
0.0016114697
0.0033643884
0.0019255092
0.0014745229
0.0010734376
0.0012996811
0.0010314155
0.001818203
0.03411813
0.00075053767
3.5668372e-06
6.3827615e-06
3.1913808e-06
0.0
3.7545655e-07
1.8772828e-07
3.7545655e-07
1.8772828e-07
0.0
7.509131e-07
0.0
0.0
9.386414e-07
0.0
2.4404676e-06
0.013549101
7.546677e-05
6.43908e-05
4.5242516e-05
6.814537e-05
2.4216948e-05
2.1964208e-05
1.5018262e-05
1.2765523e-05
2.9661069e-05
3.059971e-05
9.123595e-05
3.942294e-05
4.2802047e-05
1.1826882e-05
0.00010343828
0.00421281
3.153835e-05
7.227539e-05
3.9986124e-05
6.908401e-05
8.635501e-06
1.2202338e-05
2.815924e-06
6.758218e-06
5.631848e-06
7.321403e-06
3.0036524e-06
1.6895546e-06
3.5480643e-05
9.5741425e-06
9.480278e-05
0.0034254778
2.3090579e-05
7.734405e-05
5.8383495e-05
7.30263e-05
1.4267349e-05
2.2339666e-05
1.9899197e-05
1.08882405e-05
6.945946e-06
5.631848e-06
1.2953251e-05
5.0686635e-06
1.8960556e-05
2.4780133e-05
4.5617973e-05
0.0044211885
0.00012896933
0.00032289265
3.3978817e-05
9.142367e-05
2.0462383e-05
7.246312e-05
3.172608e-05
2.4780133e-05
7.809496e-05
1.8585099e-05
2.1401023e-05
1.7271002e-05
3.2852447e-05
1.1263696e-05
5.5192115e-05
0.016542427
0.0005530475
0.0016424347
0.00017627685
0.00022583712
0.00011470198
0.00019749015
0.00011545289
0.000119770644
0.00048020892
0.00013553981
0.00013084662
0.00010456465
0.00012821841
0.00015506356
0.00032383128
0.0056615095
0.0002648846
0.00020237108
4.2238862e-05
0.00034485685
0.00014436305
0.0009955231
0.0005952864
1.952374e-05
3.059971e-05
6.476625e-05
2.5718775e-05
2.4592404e-05
4.8809354e-05
3.7733385e-05
0.0003399759
0.009698981
0.00025737548
0.00048584078
0.0003324668
0.00096436014
0.00031256757
0.0024586772
0.0014425041
5.331483e-05
3.5292916e-05
0.00011038423
3.153835e-05
6.213806e-05
5.0498908e-05
5.087436e-05
0.0001852878
0.008770102
0.00086467643
0.0009046626
0.00040924764
0.0011877568
0.00017515049
0.0007439672
0.00041187584
0.00012202338
0.0001002469
0.000151309
0.00018904237
0.00015450038
0.0003683229
0.00013591527
0.0003054339
0.018926766
0.0034874282
0.0021601892
0.00084853184
0.002860228
0.00049503945
0.0012880038
0.0007595486
0.00026676187
0.00025587363
0.00031050257
0.00057932944
0.00042464136
0.000965862
0.00032645947
0.0021847817
0.016821017
0.0028743076
0.0017490643
0.0010148591
0.0008808211
0.0008213112
0.0011886954
0.0008716224
0.00071862387
0.000492599
0.00041976044
0.0004036158
0.00052019506
0.0006478503
0.00059359684
0.0034307344
0.018358886
0.0048248046
0.0033740404
0.0014821148
0.0011870059
0.0014479482
0.0015224763
0.0013219825
0.0010788745
0.0008903952
0.0044317013
0.00097581156
0.0010968964
0.0011443916
0.0012200461
0.003701063
0.02270442
0.0036826655
0.0046719937
0.0021076254
0.011841149
0.0024890893
0.0012500826
0.0022172588
0.011102063
0.0012714836
0.001218732
0.0015241659
0.005027363
0.0014624033
0.0035334215
0.00463426
0.12978218
0.02746033
0.03624526
0.020512693
0.1284005
0.02477957
0.011608741
0.02807758
0.105205745
0.006823923
0.0053710938
0.011948905
0.050190095
0.013395351
0.026715612
0.040918007
0.005325851
0.0017025077
0.0017362988
0.0014659701
0.004722117
0.0013028343
0.0010758707
0.0015035158
0.004130961
0.00043909645
0.0004188218
0.000648038
0.0023004224
0.0007327035
0.0014537678
0.002183092
0.0010112922
0.00076123816
0.00083144853
0.0008032893
0.00077907235
0.0008147407
0.00084740546
0.00080948434
0.0008017875
0.00076255226
0.0007700614
0.00072538207
0.0007441549
0.0007205011
0.00076705776
0.00073795987
7182.0
7.6654134
55053.0
0.029662326
0.0007629012
0.0010172016
0.0015076381
0.037618294
0.0021797176
0.0007629012
0.00069024396
0.0077561624
0.00357837
0.00041777923
0.0029789475
0.0023976895
0.0016892812
0.002252375
0.0028154687
0.015693968
0.004286778
0.0030516048
0.010208345
0.0022887036
0.0020525674
0.000980873
0.001035366
0.009917716
0.019417653
0.001035366
0.010135688
0.005358473
0.0008718871
0.0008718871
0.00074473687
0.021324905
0.1428805
0.0017801028
0.009300129
0.018582094
0.012097433
0.0034875483
0.005667266
0.06902439
0.0065573175
0.0010898588
0.0029062903
0.014041015
0.004159628
0.0020344032
0.0019980746
0.008482735
0.0013441592
0.0024885111
0.010517138
0.016765662
0.026937678
0.03948922
0.04159628
0.0055219517
0.00096270867
0.0012351734
0.006520989
0.016529527
0.026083956
0.03491181
0.040560912
0.0043776
0.006593646
0.0012351734
0.014277151
0.005249487
0.015058217
0.009627087
0.0024703469
0.0061577028
0.0090095
0.00039961492
0.0020888962
0.0066118105
0.0045410786
0.0066299746
0.012660527
0.011280039
0.00079922983
0.010789603
0.009372787
0.02929904
0.015130874
0.006085045
0.0030516048
0.0045410786
0.0021615534
0.0005449294
0.0015439667
0.007665341
0.0014168165
0.0012533377
0.005158665
5.4810195
2.0
20.0
7.0
7.0
2665269.0
258048.0
0.0
0.0
1.0
0.0
1.0
0.0
1.0
0.0
0.0
0.0
0.0
0.0
0.0
0.0
1.0
0.0
0.0
0.0
0.0
0.0
0.0
-1.0
0.0
-1.0
-1.0
0.0
0.0
0.0
0.0
0.0
0.0
0.0
0.0
0.0
0.0
0.0
0.0
-1.0
0.0
0.0
0.0
0.0
0.0
0.0
0.0
0.0
0.0
0.0
0.0
0.0
-1.0
0.0
0.0
0.0
0.0
0.0
0.0
0.0
0.0
0.0
0.0
0.0
37.0
4.0
0.0
4.0
0.0
73728.0
512.0
4096.0
2.0
1.0
0.0
2.0
2.0
0.0
0.0
0.0
0.0
0.0
0.0
0.0
0.0
0.0
0.0
0.0
0.0
0.0
0.0
0.0
0.0
0.0
0.0
0.0
0.0
0.0
0.0
0.0
0.0
0.0
0.0
0.0
0.0
0.0
0.0
0.0
0.0
0.0
0.0
0.0
0.0
0.0
0.0
0.0
0.0
0.0
0.0
0.0
33413.0
0.0
0.0
0.0
0.0
0.0
0.0
0.0
0.0
0.0
0.0
0.0
0.0
0.0
0.0
0.0
0.0
0.0
0.0
0.0
0.0
0.0
0.0
0.0
0.0
0.0
0.0
0.0
0.0
0.0
0.0
0.0
0.0
0.0
0.0
0.0
0.0
0.0
0.0
0.0
0.0
0.0
0.0
0.0
0.0
0.0
0.0
0.0
0.0
0.0
7.8861675
0.0
0.0
0.0
0.0
0.0
0.0
0.0
0.0
0.0
0.0
0.0
0.0
0.0
0.0
0.0
0.0
0.0
0.0
0.0
0.0
0.0
0.0
0.0
0.0
0.0
0.0
0.0
0.0
0.0
0.0
0.0
0.0
0.0
188416.0
0.0
0.0
0.0
0.0
0.0
0.0
0.0
0.0
0.0
0.0
0.0
0.0
0.0
0.0
0.0
65536.0
0.0
0.0
0.0
0.0
0.0
0.0
1.0
0.0
0.0
-1.0
0.0
0.0
0.0
0.0
0.0
0.0
0.0
0.0
0.0
0.0
0.0
0.0
0.0
-1.0
0.0
0.0
-1.0
0.0
0.0
0.0
0.0
0.0
-1.0
0.0
0.0
0.0
0.0
-1.0
0.0
0.0
0.0
0.0
0.0
0.0
0.0
0.0
0.0
0.0
0.0
0.0
0.0
0.0
0.0
0.0
0.0
0.0
1.0
0.0
0.0
0.0
0.0
0.0
0.0
0.0
0.0
0.0
0.0
0.0
0.0
-1.0
0.0
0.0
0.0
0.0
0.0
0.0
0.0
0.0
0.0
1.0
0.0
0.0
0.0
0.0
1.0
0.0
0.0
0.0
0.0
0.0
0.0
0.0
0.0
1.0
0.0
0.0
0.0
0.0
0.0
0.0
0.0
0.0
0.0
-1.0
0.0
0.0
0.0
0.0
0.0
0.0
0.0
0.0
0.0
0.0
0.0
0.0
0.0
0.0
0.0
0.0
0.0
0.0
0.0
0.0
0.0
0.0
0.0
0.0
0.0
0.0
0.0
0.0
0.0
0.0
0.0
0.0
0.0
0.0
0.0
0.0
0.0
0.0
0.0
0.0
0.0
0.0
0.0
0.0
0.0
0.0
0.0
0.0
0.0
0.0
0.0
0.0
0.0
0.0
0.0
0.0
0.0
0.0
0.0
0.0
0.0
0.0
0.0
0.0
0.0
0.0
0.0
0.0
0.0
0.0
0.0
0.0
0.0
0.0
0.0
0.0
0.0
0.0
0.0
0.0
0.0
0.0
0.0
0.0
0.0
0.0
0.0
0.0
0.0
0.0
0.0
0.0
0.0
0.0
0.0
0.0
0.0
0.0
0.0
0.0
0.0
0.0
0.0
0.0
0.0
0.0
0.0
0.0
0.0
0.0
0.0
0.0
0.0
0.0
0.0
0.0
0.0
0.0
0.0
1.0
0.0
0.0
0.0
0.0
0.0
0.0
0.0
0.0
0.0
0.0
0.0
0.0
0.0
0.0
0.0
0.0
0.0
0.0
0.0
0.0
0.0
0.0
0.0
0.0
0.0
0.0
0.0
0.0
0.0
0.0
0.0
0.0
0.0
0.0
0.0
0.0
0.0
0.0
0.0
0.0
0.0
0.0
0.0
0.0
0.0
0.0
0.0
0.0
0.0
0.0
0.0
0.0
0.0
0.0
0.0
0.0
0.0
0.0
0.0
0.0
0.0
0.0
0.0
0.0
0.0
0.0
0.0
0.0
0.0
0.0
0.0
0.0
0.0
0.0
0.0
0.0
0.0
0.0
0.0
0.0
0.0
0.0
0.0
0.0
0.0
0.0
0.0
0.0
0.0
0.0
0.0
0.0
0.0
0.0
0.0
0.0
0.0
0.0
0.0
0.0
0.0
0.0
0.0
0.0
0.0
0.0
0.0
0.0
0.0
0.0
0.0
0.0
0.0
0.0
0.0
0.0
0.0
0.0
0.0
0.0
0.0
0.0
0.0
0.0
0.0
0.0
0.0
0.0
0.0
0.0
0.0
0.0
0.0
0.0
0.0
0.0
0.0
0.0
0.0
0.0
0.0
0.0
0.0
0.0
0.0
0.0
0.0
0.0
0.0
0.0
0.0
0.0
0.0
0.0
0.0
0.0
0.0
0.0
0.0
0.0
0.0
0.0
0.0
0.0
0.0
0.0
0.0
0.0
0.0
0.0
0.0
0.0
0.0
0.0
0.0
0.0
0.0
0.0
0.0
0.0
0.0
0.0
0.0
0.0
0.0
0.0
0.0
0.0
0.0
0.0
0.0
0.0
0.0
0.0
0.0
0.0
0.0
0.0
0.0
0.0
0.0
0.0
0.0
0.0
0.0
0.0
0.0
0.0
0.0
0.0
0.0
0.0
0.0
0.0
0.0
0.0
0.0
0.0
0.0
0.0
0.0
0.0
0.0
0.0
0.0
0.0
0.0
0.0
0.0
0.0
0.0
0.0
0.0
0.0
0.0
0.0
0.0
0.0
0.0
0.0
0.0
0.0
0.0
0.0
0.0
0.0
0.0
0.0
0.0
0.0
0.0
0.0
0.0
0.0
0.0
0.0
0.0
0.0
0.0
0.0
0.0
0.0
0.0
0.0
0.0
0.0
0.0
0.0
0.0
0.0
0.0
0.0
0.0
0.0
0.0
0.0
0.0
0.0
0.0
0.0
0.0
0.0
0.0
0.0
0.0
0.0
0.0
0.0
0.0
0.0
0.0
0.0
0.0
0.0
0.0
0.0
0.0
0.0
0.0
0.0
0.0
0.0
0.0
0.0
0.0
0.0
0.0
0.0
0.0
0.0
0.0
0.0
0.0
0.0
0.0
0.0
0.0
0.0
0.0
0.0
0.0
0.0
0.0
0.0
0.0
0.0
0.0
0.0
0.0
0.0
0.0
0.0
0.0
0.0
0.0
0.0
0.0
0.0
0.0
0.0
0.0
0.0
0.0
0.0
0.0
0.0
0.0
0.0
0.0
0.0
0.0
0.0
0.0
0.0
0.0
0.0
0.0
0.0
0.0
0.0
0.0
0.0
0.0
0.0
0.0
0.0
0.0
0.0
0.0
0.0
0.0
0.0
0.0
0.0
0.0
0.0
0.0
0.0
0.0
0.0
0.0
0.0
0.0
0.0
0.0
0.0
0.0
0.0
0.0
0.0
0.0
0.0
0.0
0.0
0.0
0.0
0.0
0.0
0.0
0.0
0.0
0.0
0.0
0.0
0.0
0.0
0.0
0.0
0.0
0.0
0.0
0.0
0.0
0.0
0.0
0.0
0.0
0.0
0.0
0.0
0.0
0.0
0.0
0.0
0.0
0.0
0.0
0.0
0.0
0.0
0.0
0.0
0.0
0.0
0.0
0.0
0.0
0.0
0.0
0.0
0.0
0.0
0.0
0.0
0.0
0.0
0.0
0.0
0.0
0.0
0.0
0.0
0.0
0.0
0.0
0.0
0.0
0.0
0.0
0.0
0.0
0.0
0.0
0.0
0.0
0.0
0.0
0.0
0.0
0.0
0.0
0.0
0.0
0.0
0.0
0.0
0.0
0.0
0.0
0.0
0.0
0.0
0.0
0.0
0.0
0.0
0.0
0.0
0.0
0.0
0.0
0.0
0.0
0.0
0.0
0.0
0.0
0.0
0.0
0.0
0.0
0.0
0.0
0.0
0.0
0.0
0.0
0.0
0.0
0.0
0.0
0.0
0.0
0.0
0.0
0.0
0.0
0.0
0.0
0.0
0.0
0.0
0.0
0.0
0.0
0.0
0.0
0.0
0.0
0.0
0.0
0.0
0.0
0.0
0.0
0.0
0.0
0.0
0.0
0.0
0.0
0.0
0.0
0.0
0.0
0.0
0.0
0.0
0.0
0.0
0.0
0.0
0.0
0.0
0.0
0.0
0.0
0.0
0.0
0.0
0.0
0.0
0.0
0.0
0.0
0.0
0.0
0.0
0.0
0.0
0.0
0.0
0.0
0.0
0.0
0.0
0.0
0.0
0.0
0.0
0.0
0.0
0.0
0.0
0.0
0.0
0.0
0.0
0.0
0.0
0.0
0.0
0.0
0.0
0.0
0.0
0.0
0.0
0.0
0.0
0.0
0.0
0.0
0.0
0.0
0.0
0.0
0.0
0.0
0.0
0.0
0.0
0.0
0.0
0.0
0.0
0.0
0.0
0.0
0.0
0.0
0.0
0.0
0.0
0.0
0.0
0.0
0.0
0.0
0.0
0.0
0.0
0.0
0.0
0.0
0.0
0.0
0.0
0.0
0.0
0.0
0.0
0.0
0.0
0.0
0.0
0.0
0.0
0.0
0.0
0.0
0.0
0.0
0.0
0.0
0.0
0.0
0.0
0.0
0.0
0.0
0.0
0.0
0.0
0.0
0.0
0.0
0.0
0.0
0.0
0.0
0.0
0.0
0.0
0.0
0.0
0.0
0.0
0.0
0.0
0.0
0.0
0.0
0.0
0.0
0.0
0.0
0.0
0.0
0.0
0.0
0.0
0.0
0.0
0.0
0.0
0.0
0.0
0.0
0.0
0.0
0.0
0.0
0.0
0.0
0.0
0.0
0.0
0.0
0.0
0.0
0.0
0.0
0.0
0.0
0.0
0.0
0.0
0.0
0.0
0.0
0.0
0.0
0.0
0.0
0.0
0.0
0.0
0.0
0.0
0.0
0.0
0.0
0.0
0.0
0.0
0.0
0.0
0.0
0.0
0.0
0.0
0.0
0.0
0.0
0.0
0.0
0.0
0.0
0.0
0.0
0.0
0.0
0.0
0.0
0.0
0.0
0.0
0.0
0.0
0.0
0.0
0.0
0.0
0.0
0.0
0.0
0.0
0.0
0.0
0.0
0.0
0.0
0.0
0.0
0.0
0.0
0.0
0.0
0.0
0.0
0.0
0.0
0.0
0.0
0.0
0.0
0.0
0.0
0.0
0.0
0.0
0.0
0.0
0.0
0.0
0.0
0.0
0.0
0.0
0.0
0.0
0.0
0.0
0.0
0.0
0.0
0.0
0.0
0.0
0.0
0.0
0.0
0.0
0.0
0.0
0.0
0.0
0.0
0.0
0.0
0.0
0.0
0.0
0.0
0.0
0.0
0.0
0.0
0.0
0.0
0.0
0.0
0.0
0.0
0.0
0.0
0.0
0.0
0.0
0.0
0.0
0.0
0.0
0.0
0.0
0.0
0.0
0.0
0.0
0.0
0.0
0.0
0.0
0.0
0.0
0.0
0.0
0.0
0.0
0.0
0.0
0.0
0.0
0.0
0.0
0.0
0.0
0.0
0.0
0.0
0.0
0.0
0.0
0.0
0.0
0.0
0.0
0.0
0.0
1.0
0.0
0.0
0.0
0.0
0.0
0.0
0.0
0.0
0.0
0.0
0.0
0.0
0.0
0.0
0.0
0.0
0.0
0.0
0.0
0.0
0.0
0.0
0.0
0.0
0.0
0.0
0.0
0.0
0.0
0.0
0.0
0.0
0.0
0.0
0.0
0.0
0.0
0.0
0.0
0.0
0.0
0.0
0.0
0.0
0.0
0.0
0.0
0.0
0.0
0.0
0.0
0.0
0.0
0.0
0.0
0.0
0.0
0.0
0.0
0.0
0.0
0.0
0.0
0.0
0.0
0.0
0.0
0.0
0.0
0.0
0.0
0.0
0.0
0.0
0.0
0.0
0.0
0.0
0.0
0.0
0.0
0.0
0.0
0.0
0.0
0.0
0.0
0.0
0.0
0.0
0.0
0.0
0.0
0.0
0.0
0.0
0.0
0.0
0.0
0.0
0.0
0.0
0.0
0.0
0.0
0.0
0.0
0.0
0.0
0.0
0.0
0.0
0.0
0.0
0.0
0.0
0.0
0.0
0.0
0.0
0.0
0.0
0.0
0.0
0.0
0.0
0.0
0.0
0.0
0.0
0.0
0.0
0.0
0.0
0.0
0.0
0.0
0.0
0.0
0.0
0.0
0.0
0.0
0.0
0.0
0.0
0.0
0.0
0.0
0.0
0.0
0.0
0.0
0.0
0.0
0.0
0.0
0.0
0.0
0.0
0.0
0.0
0.0
0.0
0.0
0.0
0.0
0.0
0.0
0.0
0.0
0.0
0.0
0.0
0.0
0.0
0.0
0.0
0.0
0.0
0.0
0.0
0.0
0.0
0.0
0.0
0.0
0.0
0.0
0.0
0.0
0.0
0.0
0.0
0.0
0.0
0.0
0.0
0.0
0.0
0.0
0.0
0.0
0.0
0.0
0.0
0.0
0.0
0.0
0.0
0.0
0.0
0.0
0.0
0.0
0.0
0.0
0.0
0.0
0.0
0.0
0.0
0.0
0.0
0.0
0.0
0.0
0.0
0.0
0.0
0.0
0.0
0.0
0.0
0.0
0.0
0.0
0.0
0.0
0.0
0.0
0.0
0.0
0.0
0.0
0.0
0.0
0.0
0.0
0.0
0.0
0.0
0.0
0.0
0.0
0.0
0.0
0.0
0.0
0.0
0.0
0.0
0.0
0.0
0.0
0.0
0.0
0.0
0.0
0.0
0.0
0.0
0.0
0.0
0.0
0.0
0.0
0.0
0.0
0.0
0.0
0.0
0.0
0.0
0.0
0.0
0.0
0.0
0.0
0.0
0.0
0.0
0.0
0.0
0.0
0.0
0.0
0.0
0.0
0.0
0.0
0.0
0.0
0.0
0.0
0.0
0.0
0.0
0.0
0.0
0.0
0.0
0.0
0.0
0.0
0.0
0.0
0.0
0.0
0.0
0.0
0.0
0.0
0.0
0.0
0.0
0.0
0.0
0.0
0.0
0.0
0.0
0.0
0.0
0.0
0.0
0.0
0.0
0.0
0.0
0.0
0.0
0.0
0.0
0.0
0.0
0.0
0.0
0.0
0.0
0.0
0.0
0.0
0.0
0.0
0.0
0.0
0.0
0.0
0.0
0.0
0.0
0.0
0.0
0.0
0.0
0.0
0.0
0.0
0.0
0.0
0.0
0.0
0.0
0.0
0.0
0.0
0.0
0.0
0.0
0.0
0.0
0.0
0.0
0.0
0.0
0.0
0.0
0.0
0.0
0.0
0.0
0.0
0.0
0.0
0.0
0.0
0.0
0.0
0.0
0.0
0.0
0.0
0.0
0.0
0.0
0.0
0.0
0.0
0.0
0.0
40.0
225885.0
4386.0
192512.0
0.0
0.0
0.0
0.0
0.0
0.0
0.0
0.0
0.0
0.0
0.0
0.0
24.0
225853.0
0.0
0.0
0.0
0.0
0.0
0.0
0.0
0.0
0.0
0.0
