0.0048784046
0.00012009562
6.7450965e-05
5.9773618e-05
0.0001146118
5.0725317e-05
2.440299e-05
2.6322326e-05
0.00014093412
2.5499754e-05
2.9612618e-05
1.8919172e-05
8.499918e-05
3.5644818e-05
1.5903073e-05
6.2241335e-05
7.84186e-05
1.2338591e-05
9.0483e-06
9.596682e-06
2.9064237e-05
4.0854444e-05
8.499918e-06
7.677345e-06
2.4951372e-05
6.8547724e-06
5.758009e-06
5.758009e-06
1.6451455e-05
6.8547724e-06
7.1289637e-06
9.322491e-06
0.00013106325
9.870872e-06
7.4031545e-06
1.0967636e-05
6.5531625e-05
1.2886972e-05
6.0322e-06
3.2902908e-06
1.535469e-05
1.2338591e-05
3.2902908e-06
1.562888e-05
1.0419254e-05
6.5805816e-06
3.4548055e-05
4.3870546e-06
3.3725482e-05
7.677345e-06
1.1790209e-05
5.9225236e-05
1.2338591e-05
1.9193363e-05
1.0145063e-05
6.306391e-06
2.0838508e-05
1.8644982e-05
1.2338591e-05
4.1402825e-05
1.1516018e-05
1.2886972e-05
8.499918e-06
8.499918e-06
0.00022538492
3.125776e-05
1.4532118e-05
2.3306227e-05
6.580582e-05
0.00011077312
4.551569e-05
3.31771e-05
2.6322326e-05
2.3306227e-05
9.596682e-06
6.5805816e-06
2.1935271e-05
6.33381e-05
1.4257927e-05
1.2612782e-05
7.677345e-05
2.9064237e-05
3.1531952e-05
5.0451126e-05
2.0290126e-05
4.880598e-05
4.5789882e-05
4.0306062e-05
1.4532118e-05
4.0854444e-05
6.306391e-06
1.3709545e-05
1.2886972e-05
2.3032037e-05
2.9064237e-05
2.2757846e-05
1.0967636e-05
7.9789555e-05
9.322491e-06
2.7967471e-05
3.3999673e-05
0.00014093412
2.6870708e-05
1.8919172e-05
4.9080172e-05
6.964449e-05
5.0451126e-05
1.20644e-05
5.4289798e-05
2.2209464e-05
6.1692954e-05
7.4031545e-05
6.580582e-05
5.483818e-06
8.033794e-05
5.8128473e-05
0.00017685314
0.00014915985
2.6870708e-05
2.5773945e-05
3.8660917e-05
1.7822409e-05
5.209627e-06
1.3161163e-05
1.535469e-05
3.262872e-05
9.322491e-06
7.1289637e-06
6.662839e-05
1.9467554e-05
8.2257275e-06
0.00018644982
3.1806147e-05
8.499918e-05
3.2902908e-06
4.6612454e-06
4.304797e-05
0.000105289306
3.290291e-05
0.00026157813
6.8547724e-06
9.377329e-05
1.0419254e-05
1.80966e-05
0.9876587
2.741909e-06
3.2902908e-06
4.935436e-06
7.1289637e-06
2.2483655e-05
1.1241827e-05
4.6612454e-06
4.3870546e-06
4.1128637e-06
1.3709545e-06
3.0161e-06
4.935436e-06
1.9193362e-06
1.6451455e-05
1.7822409e-05
2.1112699e-05
2.0564317e-05
7.1289637e-06
9.870872e-06
5.758009e-06
6.0322e-06
3.0161e-06
1.9193362e-06
8.2257275e-06
3.8386725e-06
3.0161e-06
3.2902908e-06
2.467718e-06
2.741909e-07
1.0967636e-06
1.3709545e-06
6.5805816e-06
1.3709545e-06
4.3870546e-06
8.774109e-06
2.6048136e-05
2.1935273e-06
7.1289637e-06
1.0693445e-05
1.3709545e-05
3.2902908e-06
6.306391e-06
4.1128637e-06
5.209627e-06
6.306391e-06
1.3435354e-05
8.2257275e-06
7.5402495e-05
4.4144734e-05
1.2612782e-05
6.087038e-05
4.798341e-05
3.2902908e-06
2.0290126e-05
5.2918844e-05
2.440299e-05
1.80966e-05
5.209627e-06
4.3870546e-06
2.1935271e-05
2.467718e-06
5.483818e-06
7.1289637e-06
1.1241827e-05
1.2338591e-05
1.535469e-05
8.499918e-06
5.209627e-06
2.1935273e-06
3.5644819e-06
3.2902908e-06
1.7548218e-05
2.741909e-06
5.209627e-06
7.951537e-06
8.499918e-06
5.483818e-07
3.5644819e-06
3.2902908e-06
2.4677182e-05
6.8547724e-06
2.741909e-06
2.467718e-06
1.4257927e-05
5.758009e-06
7.951537e-06
3.0161e-06
0.000111869886
3.070938e-05
5.483818e-06
7.046706e-05
4.003187e-05
2.467718e-06
4.935436e-06
7.951537e-06
3.92093e-05
8.2257275e-06
1.6451454e-06
1.535469e-05
3.61932e-05
2.467718e-06
3.3999673e-05
5.12737e-05
7.2112205e-05
1.9741745e-05
9.596682e-06
1.1790209e-05
7.9241174e-05
1.1790209e-05
2.138689e-05
0.0003707061
0.00056179776
0.0
0.0
0.0
0.0
0.0
0.0
0.0
0.0
0.98764044
0.0
0.0
0.0
0.0
0.0
0.0
0.0
0.0
0.0
0.0
0.0
0.0
0.0
0.0
0.0
0.0
0.0
0.0
0.0
0.0
0.0
0.0
0.0
0.0
0.0
0.0
0.0
0.0
0.0
0.0
0.0
0.0
0.0
0.0
0.0
0.0
0.0
0.0
0.00073969126
8.77809e-06
1.2618504e-05
2.7431531e-06
8.092302e-06
6.5835675e-06
2.8254477e-05
1.2481347e-05
5.623464e-06
9.601035e-07
3.154626e-06
1.7830495e-06
1.3715766e-06
1.7830495e-06
2.3316802e-06
6.4464098e-06
0.0003718344
1.3715766e-07
2.743153e-07
4.1147297e-07
8.092302e-06
4.6633604e-06
2.221954e-05
1.2481347e-05
0.0
0.00014044944
1.3715766e-07
5.486306e-07
2.743153e-07
1.3715766e-07
1.3715766e-07
0.0
0.0
0.0
0.0
0.0
0.0
0.0
0.0
0.0
0.0
0.0
0.0
0.0
0.0
0.0
0.0
0.0
0.000388019
1.5087342e-06
2.3865432e-05
7.2693556e-06
3.2369207e-05
1.7830494e-05
5.9389266e-05
2.68829e-05
9.601035e-07
8.2294594e-07
4.1147297e-07
8.2294594e-07
2.743153e-07
4.1147297e-07
4.1147297e-07
5.486306e-07
0.0010776477
1.2618504e-05
7.063619e-05
3.8815615e-05
4.2518874e-05
2.3728275e-05
0.00021904077
0.00011946432
2.5922796e-05
3.566099e-06
4.2518873e-06
6.857883e-06
6.1720943e-06
3.154626e-06
4.2518873e-06
2.6745744e-05
0.00036319348
1.09726125e-05
5.623464e-06
4.9376754e-06
1.7281864e-05
1.8790599e-05
8.77809e-06
1.5498816e-05
3.2643522e-05
6.4464098e-06
3.7032567e-06
2.3316802e-06
1.5910287e-05
3.7032567e-06
1.6458918e-05
3.5523834e-05
0.0005425957
6.5835675e-06
4.7868023e-05
3.0311841e-05
7.543671e-05
3.7032565e-05
0.00019503818
0.00011713264
2.1396594e-05
3.566099e-06
1.5087342e-06
7.2693556e-06
5.897779e-06
2.1945225e-06
3.2917837e-06
2.6471427e-05
8.558638e-05
2.0573648e-06
1.6458918e-05
9.875351e-06
1.5910287e-05
9.052405e-06
7.598534e-05
5.3491487e-05
1.0972612e-06
2.6059954e-06
1.0972612e-06
1.3715766e-06
5.486306e-07
1.3715766e-06
1.0972612e-06
3.2917837e-06
0.0
0.0
0.0
0.0
0.0
0.0
0.0
0.0
0.0
0.0
0.0
0.0
0.0
0.0
0.0
0.0
0.00021259436
2.0025018e-05
7.543671e-06
6.857883e-06
5.6508954e-05
4.855381e-05
1.6870392e-05
2.3865432e-05
0.0001386664
2.3591116e-05
5.897779e-06
1.0423982e-05
4.6084973e-05
9.052405e-06
6.322968e-05
0.00015293079
0.00078330736
0.00011178349
8.298038e-05
0.0001030054
0.00029132285
0.00018996335
6.350399e-05
0.00018118526
0.0004624956
4.978823e-05
3.442657e-05
5.3080013e-05
0.00017624759
4.4164764e-05
0.00014223249
0.0003204003
0.0005218849
0.00010218245
7.9139965e-05
9.038689e-05
0.00017830495
0.00014621006
4.718223e-05
0.00016266898
0.00028844253
3.154626e-05
4.4027605e-05
4.2518874e-05
0.0001532051
4.4850553e-05
0.000106982974
0.00020765669
0.0
0.0
0.0
0.0
0.0
0.0
0.0
0.0
0.0
0.0
0.0
0.0
0.0
0.0
0.0
0.0
241.0
17.091286
4119.0
0.069919884
0.0021849964
0.00072833215
0.00024277737
0.0009711095
0.0014566643
0.0
0.00024277737
0.0050983247
0.00461277
0.0
0.00048555474
0.0
0.0031561058
0.023792183
0.0012138869
0.009468318
0.0031561058
0.0063122115
0.013352755
0.001942219
0.0033988832
0.0055838795
0.0016994416
0.0029133286
0.0012138869
0.001942219
0.00048555474
0.00024277737
0.00024277737
0.00024277737
0.00048555474
0.0024277738
0.0101966495
0.0033988832
0.008497208
0.013595533
0.008497208
0.0075260988
0.0075260988
0.0060694343
0.0036416606
0.0009711095
0.0014566643
0.0036416606
0.007040544
0.0024277738
0.0031561058
0.008982763
0.00072833215
0.008497208
0.013352755
0.0043699928
0.0031561058
0.0053411024
0.009953872
0.0009711095
0.00072833215
0.00072833215
0.00048555474
0.0036416606
0.00048555474
0.00048555474
0.00072833215
0.0016994416
0.053896576
0.0050983247
0.020636076
0.018693857
0.10366594
0.008011653
0.011410536
0.012867201
0.05098325
0.0012138869
0.006554989
0.036416605
0.015537752
0.04515659
0.054867685
0.019907745
0.0
0.04904103
0.036659382
0.05171158
0.022821072
0.007040544
0.008982763
0.020636076
0.0048555476
0.0024277738
0.008497208
0.0
0.0
0.0
0.0012138869
5.302356
1.0
0.0
0.0
1.0
3647094.0
53248.0
0.0
0.0
54.0
0.0
1.0
0.0
0.0
0.0
1076624400.0
0.0
0.0
0.0
0.0
0.0
1.0
0.0
0.0
0.0
0.0
0.0
0.0
-1.0
0.0
-1.0
-1.0
0.0
0.0
0.0
0.0
0.0
0.0
0.0
0.0
0.0
0.0
0.0
0.0
-1.0
0.0
0.0
0.0
0.0
0.0
0.0
0.0
0.0
0.0
0.0
0.0
0.0
-1.0
0.0
0.0
0.0
0.0
0.0
0.0
0.0
0.0
0.0
0.0
6.0
0.0
4.0
0.0
4.0
0.0
24576.0
4096.0
4096.0
4.0
0.0
0.0
1.0
1.0
0.0
0.0
0.0
0.0
0.0
0.0
0.0
0.0
0.0
0.0
0.0
0.0
0.0
0.0
4096.0
0.0
0.0
0.0
0.0
0.0
0.0
0.0
0.0
0.0
0.0
0.0
0.0
0.0
0.0
0.0
0.0
0.0
-8192.0
0.0
0.0
0.0
0.0
0.0
0.0
0.0
0.0
-24576.0
0.0
4096.0
0.0
0.0
0.0
0.0
0.0
0.0
0.0
0.0
0.0
0.0
0.0
0.0
0.0
0.0
0.0
0.0
0.0
0.0
0.0
0.0
5.297788
0.0
0.0
0.0
0.0
0.0
0.0
0.0
0.0
0.0
0.0
0.0
0.0
0.0
0.0
0.0
0.0
0.0
-3.4053922
0.0
0.0
0.0
0.0
0.0
0.0
0.0
0.0
-6.547547
0.0
3.8160596
0.0
0.0
0.0
0.0
0.0
0.0
0.0
0.0
0.0
0.0
0.0
0.0
0.0
0.0
0.0
0.0
0.0
0.0
0.0
0.0
2476.0
0.0
0.0
0.0
0.0
0.0
0.0
0.0
0.0
0.0
0.0
0.0
0.0
0.0
0.0
0.0
0.0
0.0
-13368.0
0.0
0.0
0.0
0.0
0.0
0.0
0.0
0.0
-23376.0
0.0
2736.0
0.0
0.0
0.0
0.0
0.0
0.0
0.0
0.0
0.0
-1.0
0.0
0.0
0.0
0.0
0.0
1.0
0.0
0.0
0.0
0.0
0.0
0.0
0.0
0.0
0.0
0.0
0.0
0.0
0.0
0.0
0.0
0.0
0.0
0.0
0.0
0.0
0.0
0.0
0.0
0.0
0.0
0.0
0.0
0.0
0.0
-2.0
0.0
0.0
0.0
1.0
0.0
0.0
0.0
0.0
0.0
0.0
0.0
0.0
0.0
0.0
0.0
0.0
0.0
0.0
0.0
0.0
0.0
0.0
0.0
-1.0
0.0
0.0
0.0
0.0
0.0
0.0
0.0
0.0
0.0
1.0
0.0
0.0
0.0
0.0
1.0
0.0
0.0
0.0
0.0
0.0
0.0
0.0
0.0
0.0
0.0
0.0
0.0
0.0
0.0
0.0
0.0
0.0
0.0
0.0
0.0
0.0
0.0
0.0
0.0
0.0
0.0
0.0
0.0
0.0
0.0
0.0
0.0
0.0
0.0
0.0
0.0
0.0
0.0
0.0
0.0
0.0
0.0
0.0
0.0
0.0
0.0
0.0
0.0
0.0
0.0
0.0
-1.0
0.0
0.0
0.0
0.0
0.0
0.0
0.0
0.0
0.0
0.0
0.0
0.0
0.0
0.0
0.0
0.0
0.0
0.0
0.0
0.0
0.0
0.0
0.0
0.0
0.0
0.0
0.0
0.0
0.0
0.0
0.0
0.0
0.0
0.0
0.0
0.0
0.0
0.0
0.0
0.0
0.0
0.0
0.0
0.0
0.0
0.0
0.0
0.0
0.0
0.0
0.0
0.0
0.0
0.0
0.0
0.0
0.0
0.0
0.0
0.0
0.0
0.0
0.0
0.0
0.0
0.0
0.0
0.0
0.0
-1.0
0.0
0.0
0.0
0.0
0.0
0.0
0.0
0.0
0.0
0.0
0.0
0.0
0.0
0.0
0.0
0.0
1.0
0.0
0.0
0.0
0.0
0.0
0.0
0.0
0.0
0.0
0.0
0.0
0.0
0.0
0.0
0.0
0.0
0.0
0.0
0.0
0.0
0.0
0.0
0.0
0.0
0.0
0.0
0.0
0.0
0.0
0.0
0.0
0.0
0.0
0.0
0.0
0.0
0.0
0.0
0.0
0.0
0.0
0.0
0.0
0.0
0.0
0.0
0.0
0.0
0.0
0.0
0.0
0.0
0.0
0.0
0.0
0.0
0.0
0.0
0.0
0.0
0.0
0.0
0.0
0.0
0.0
0.0
0.0
0.0
0.0
0.0
0.0
0.0
0.0
0.0
0.0
0.0
0.0
0.0
0.0
0.0
0.0
0.0
0.0
0.0
0.0
0.0
0.0
0.0
0.0
0.0
0.0
0.0
0.0
0.0
0.0
0.0
0.0
0.0
0.0
0.0
0.0
0.0
0.0
0.0
0.0
0.0
0.0
0.0
0.0
0.0
0.0
0.0
0.0
0.0
0.0
0.0
0.0
0.0
0.0
0.0
0.0
0.0
0.0
0.0
0.0
0.0
0.0
0.0
0.0
0.0
0.0
0.0
0.0
0.0
0.0
0.0
0.0
0.0
0.0
0.0
0.0
0.0
0.0
0.0
0.0
0.0
0.0
0.0
0.0
0.0
0.0
0.0
0.0
0.0
0.0
0.0
0.0
0.0
0.0
0.0
0.0
0.0
0.0
0.0
0.0
0.0
0.0
0.0
0.0
0.0
0.0
0.0
0.0
0.0
0.0
0.0
0.0
0.0
0.0
0.0
0.0
0.0
0.0
0.0
0.0
-1.0
0.0
0.0
0.0
0.0
0.0
0.0
0.0
0.0
0.0
0.0
0.0
0.0
0.0
0.0
0.0
0.0
0.0
0.0
0.0
0.0
0.0
0.0
0.0
0.0
0.0
0.0
0.0
0.0
0.0
0.0
0.0
0.0
0.0
0.0
0.0
0.0
1.0
0.0
0.0
0.0
0.0
0.0
0.0
0.0
0.0
0.0
0.0
0.0
0.0
0.0
0.0
0.0
0.0
0.0
0.0
0.0
0.0
0.0
1.0
0.0
0.0
0.0
0.0
1.0
0.0
0.0
0.0
0.0
0.0
0.0
0.0
0.0
0.0
0.0
0.0
0.0
0.0
0.0
0.0
0.0
1.0
0.0
0.0
0.0
0.0
0.0
0.0
0.0
0.0
0.0
0.0
0.0
0.0
0.0
0.0
0.0
0.0
0.0
0.0
0.0
0.0
0.0
0.0
0.0
0.0
0.0
0.0
0.0
0.0
0.0
0.0
0.0
0.0
0.0
0.0
0.0
0.0
0.0
0.0
0.0
0.0
0.0
0.0
0.0
0.0
-1.0
0.0
0.0
0.0
0.0
0.0
0.0
0.0
0.0
0.0
0.0
0.0
0.0
0.0
0.0
0.0
0.0
0.0
0.0
0.0
0.0
0.0
0.0
0.0
0.0
0.0
0.0
0.0
0.0
0.0
0.0
0.0
0.0
0.0
0.0
0.0
0.0
0.0
0.0
0.0
0.0
0.0
0.0
0.0
0.0
0.0
0.0
0.0
-1.0
0.0
0.0
0.0
0.0
0.0
0.0
0.0
0.0
0.0
0.0
0.0
0.0
0.0
0.0
0.0
0.0
0.0
0.0
0.0
0.0
0.0
0.0
0.0
0.0
0.0
0.0
0.0
0.0
0.0
0.0
1.0
0.0
0.0
0.0
0.0
0.0
0.0
0.0
0.0
0.0
0.0
0.0
0.0
0.0
0.0
0.0
0.0
0.0
0.0
0.0
0.0
0.0
0.0
0.0
0.0
0.0
0.0
0.0
-1.0
0.0
0.0
0.0
0.0
0.0
0.0
0.0
0.0
0.0
0.0
0.0
0.0
0.0
0.0
0.0
0.0
0.0
0.0
0.0
0.0
0.0
0.0
0.0
0.0
0.0
0.0
0.0
0.0
0.0
0.0
0.0
0.0
0.0
0.0
0.0
0.0
0.0
0.0
0.0
0.0
0.0
0.0
-1.0
0.0
0.0
1.0
0.0
0.0
0.0
0.0
0.0
0.0
0.0
0.0
0.0
0.0
0.0
0.0
0.0
0.0
0.0
0.0
0.0
0.0
0.0
0.0
0.0
0.0
0.0
0.0
0.0
0.0
0.0
0.0
0.0
0.0
0.0
0.0
0.0
0.0
0.0
0.0
0.0
0.0
0.0
0.0
0.0
0.0
0.0
-1.0
0.0
0.0
0.0
-1.0
0.0
0.0
0.0
0.0
0.0
0.0
0.0
0.0
0.0
0.0
0.0
0.0
0.0
0.0
0.0
0.0
0.0
0.0
0.0
0.0
0.0
0.0
0.0
0.0
0.0
0.0
0.0
0.0
0.0
0.0
0.0
0.0
0.0
0.0
1.0
0.0
0.0
0.0
0.0
0.0
0.0
0.0
0.0
0.0
0.0
-1.0
0.0
0.0
0.0
0.0
0.0
0.0
0.0
0.0
0.0
0.0
0.0
0.0
0.0
0.0
0.0
0.0
0.0
0.0
0.0
0.0
0.0
0.0
0.0
0.0
0.0
0.0
0.0
0.0
0.0
0.0
1.0
0.0
0.0
0.0
0.0
0.0
0.0
0.0
0.0
0.0
0.0
0.0
0.0
0.0
0.0
0.0
0.0
0.0
0.0
0.0
0.0
0.0
0.0
0.0
0.0
0.0
0.0
0.0
0.0
0.0
0.0
0.0
0.0
0.0
0.0
0.0
0.0
0.0
0.0
-1.0
0.0
0.0
0.0
0.0
0.0
0.0
0.0
0.0
0.0
0.0
0.0
0.0
0.0
0.0
0.0
0.0
0.0
0.0
-1.0
0.0
0.0
0.0
0.0
0.0
0.0
0.0
0.0
0.0
0.0
0.0
0.0
0.0
0.0
0.0
0.0
0.0
0.0
0.0
0.0
0.0
0.0
0.0
0.0
0.0
0.0
0.0
0.0
0.0
0.0
0.0
0.0
0.0
0.0
0.0
0.0
0.0
0.0
0.0
0.0
0.0
0.0
0.0
0.0
0.0
0.0
0.0
0.0
0.0
0.0
0.0
0.0
0.0
0.0
0.0
0.0
0.0
0.0
0.0
0.0
0.0
0.0
0.0
0.0
0.0
0.0
0.0
0.0
1.0
0.0
0.0
-2.0
0.0
0.0
0.0
0.0
0.0
0.0
0.0
0.0
0.0
0.0
0.0
0.0
0.0
0.0
1.0
0.0
0.0
0.0
-1.0
0.0
0.0
0.0
0.0
0.0
0.0
0.0
0.0
0.0
0.0
0.0
-1.0
0.0
0.0
0.0
0.0
0.0
0.0
1.0
0.0
0.0
0.0
0.0
0.0
0.0
0.0
0.0
0.0
0.0
0.0
0.0
0.0
0.0
0.0
0.0
0.0
1.0
0.0
1.0
0.0
0.0
0.0
0.0
0.0
1.0
0.0
0.0
0.0
0.0
0.0
0.0
0.0
0.0
-1.0
0.0
0.0
0.0
0.0
0.0
0.0
0.0
0.0
0.0
0.0
0.0
0.0
0.0
0.0
1.0
0.0
0.0
0.0
0.0
0.0
0.0
0.0
0.0
0.0
0.0
0.0
0.0
0.0
0.0
0.0
0.0
0.0
0.0
0.0
0.0
0.0
0.0
0.0
0.0
0.0
0.0
0.0
0.0
0.0
0.0
0.0
0.0
0.0
0.0
0.0
0.0
0.0
0.0
0.0
0.0
0.0
0.0
0.0
0.0
0.0
0.0
0.0
0.0
-1.0
0.0
0.0
0.0
0.0
0.0
0.0
0.0
0.0
0.0
0.0
0.0
0.0
0.0
0.0
0.0
0.0
0.0
0.0
0.0
0.0
0.0
0.0
0.0
1.0
0.0
0.0
0.0
0.0
0.0
0.0
1.0
0.0
0.0
0.0
0.0
0.0
0.0
0.0
0.0
0.0
0.0
0.0
0.0
0.0
0.0
0.0
0.0
0.0
0.0
0.0
0.0
0.0
0.0
0.0
0.0
1.0
0.0
0.0
0.0
0.0
0.0
0.0
0.0
0.0
0.0
0.0
-1.0
0.0
0.0
0.0
0.0
0.0
0.0
0.0
0.0
0.0
-1.0
0.0
0.0
0.0
0.0
0.0
0.0
0.0
0.0
0.0
0.0
0.0
0.0
0.0
0.0
1.0
0.0
0.0
0.0
0.0
0.0
0.0
0.0
0.0
0.0
0.0
0.0
0.0
0.0
0.0
0.0
0.0
0.0
0.0
-1.0
1.0
0.0
0.0
0.0
0.0
0.0
0.0
0.0
0.0
0.0
0.0
0.0
0.0
0.0
0.0
0.0
0.0
0.0
1.0
0.0
0.0
0.0
-1.0
0.0
0.0
0.0
0.0
0.0
0.0
0.0
0.0
1.0
0.0
0.0
0.0
0.0
0.0
0.0
0.0
0.0
0.0
0.0
0.0
0.0
0.0
0.0
0.0
0.0
0.0
0.0
0.0
0.0
0.0
0.0
0.0
0.0
-1.0
0.0
0.0
0.0
0.0
0.0
0.0
0.0
0.0
0.0
0.0
0.0
0.0
0.0
0.0
0.0
0.0
0.0
0.0
0.0
0.0
0.0
0.0
-1.0
0.0
0.0
0.0
0.0
0.0
0.0
0.0
0.0
0.0
0.0
0.0
0.0
0.0
0.0
0.0
0.0
0.0
0.0
0.0
0.0
0.0
0.0
0.0
-1.0
0.0
0.0
0.0
0.0
0.0
0.0
0.0
0.0
0.0
0.0
0.0
0.0
0.0
0.0
0.0
0.0
0.0
0.0
0.0
0.0
0.0
0.0
0.0
0.0
0.0
-1.0
-1.0
0.0
0.0
0.0
0.0
0.0
0.0
0.0
0.0
0.0
0.0
0.0
0.0
0.0
0.0
0.0
0.0
0.0
0.0
0.0
0.0
0.0
0.0
0.0
0.0
-1.0
0.0
0.0
0.0
0.0
0.0
0.0
0.0
0.0
0.0
0.0
0.0
0.0
0.0
0.0
0.0
0.0
0.0
0.0
0.0
0.0
0.0
0.0
0.0
0.0
0.0
0.0
0.0
0.0
0.0
0.0
0.0
0.0
0.0
0.0
0.0
0.0
0.0
0.0
0.0
0.0
0.0
0.0
0.0
0.0
0.0
0.0
0.0
0.0
0.0
0.0
0.0
0.0
0.0
0.0
0.0
0.0
0.0
0.0
0.0
0.0
0.0
0.0
0.0
0.0
0.0
0.0
0.0
0.0
0.0
0.0
0.0
0.0
0.0
0.0
0.0
0.0
0.0
0.0
0.0
0.0
0.0
0.0
0.0
0.0
0.0
0.0
0.0
0.0
0.0
0.0
0.0
0.0
0.0
0.0
0.0
0.0
0.0
0.0
0.0
0.0
0.0
0.0
0.0
0.0
0.0
0.0
0.0
0.0
0.0
0.0
0.0
0.0
0.0
0.0
0.0
0.0
0.0
0.0
0.0
0.0
0.0
0.0
0.0
0.0
0.0
0.0
0.0
0.0
0.0
0.0
0.0
0.0
0.0
0.0
0.0
0.0
0.0
0.0
0.0
0.0
0.0
0.0
0.0
0.0
0.0
0.0
0.0
0.0
0.0
0.0
0.0
0.0
0.0
0.0
0.0
0.0
0.0
0.0
0.0
0.0
0.0
0.0
0.0
0.0
0.0
0.0
0.0
0.0
80.0
29892.0
2736.0
49152.0
0.0
0.0
0.0
0.0
0.0
0.0
0.0
0.0
0.0
0.0
0.0
0.0
0.0
0.0
0.0
0.0
0.0
0.0
228.0
28672.0
0.0
0.0
0.0
0.0
