0.017729402
0.0057382532
0.003926715
0.0059569757
0.0054706396
0.0024188154
0.0027713447
0.0029205908
0.0035844785
0.002562915
0.0032654006
0.0067315116
0.0029514693
0.0037517368
0.0032010705
0.0034866966
0.0030106532
0.003111008
0.0032859864
0.0024368276
0.0038906902
0.0029411765
0.0026709896
0.0026426844
0.0034403787
0.0030055067
0.0024471206
0.002601513
0.0028665534
0.0026735628
0.0026323916
0.003219083
0.0035252946
0.0032654006
0.0028433946
0.005040914
0.007145798
0.0021717874
0.0022875818
0.0035716123
0.0033606093
0.003764603
0.0030260924
0.0038057743
0.0029540425
0.004250939
0.0028897123
0.0027790645
0.0022412639
0.003566466
0.0026195254
0.008350059
0.002588647
0.0027095878
0.0025191703
0.0039344346
0.013969945
0.003134167
0.0034275127
0.0040708147
0.0028794196
0.003520148
0.0054268953
0.0032885596
0.0031521795
0.004549431
0.0034120735
0.0032937059
0.0038366527
0.00341722
0.0023390457
0.0036976996
0.0029540425
0.0026349647
0.0026735628
0.0038212135
0.004559724
0.0026504039
0.0023107405
0.0024960116
0.0026092327
0.0022412639
0.0019762237
0.0026452576
0.0066208635
0.002725027
0.0035330143
0.0027559055
0.0030698369
0.005882353
0.0036951264
0.003921569
0.004135145
0.0026658433
0.0028948588
0.004207195
0.003862385
0.0049482784
0.0025243168
0.0028382482
0.005612166
0.0032499614
0.0047372757
0.0028948588
0.0032010705
0.0028562606
0.00375431
0.0024857188
0.0030929958
0.0029900675
0.0028382482
0.003592198
0.004281818
0.0027276003
0.0025346098
0.004196902
0.0036925531
0.003381195
0.002328753
0.0026298184
0.0025088775
0.0046729455
0.00266327
0.0044902475
0.003929288
0.014445988
0.002503731
0.0031521795
0.0042123413
0.005836035
0.0029952137
0.004642067
0.0047141165
0.004585456
0.0029540425
0.0027559055
0.0031624723
0.0039061294
0.0032216562
0.007086614
0.003900983
0.00429983
0.003965313
0.004505687
0.0036976996
0.002305594
0.0034609644
0.0034455252
0.0031032886
0.00334517
0.002887139
0.0044181976
0.0043796
0.0036668212
0.002959189
0.0067315116
0.0038984097
0.0031187278
0.005414029
0.0035870515
0.0072796047
0.0031032886
0.0033992075
0.0031804848
0.0032113632
0.0037723226
0.0040296433
0.0044465032
0.0044825277
0.0026323916
0.0038186403
0.0051232567
0.002809943
0.0059646955
0.005378004
0.0031650455
0.005002316
0.0036591014
0.005457774
0.003839226
0.0033142916
0.0036668212
0.0026529771
0.0026195254
0.0027198805
0.002328753
0.0035227214
0.0028948588
0.0023261798
0.0040708147
0.005972415
0.0040347897
0.0044773817
0.0052287583
0.0028794196
0.0054912255
0.0031804848
0.0037388708
0.0028202357
0.0056893625
0.010563018
0.010138439
0.0063223713
0.005102671
0.0049174
0.0030749834
0.003864958
0.0035535998
0.003556173
0.00368998
0.004631774
0.0036951264
0.0052107456
0.005064073
0.0029746282
0.003615357
0.0031547528
0.003929288
0.0037929083
0.0046755187
0.002786784
0.0036359425
0.0038572385
0.004829911
0.0072976174
0.0033477433
0.004101693
0.004979157
0.0030415317
0.0031547528
0.0027430395
0.0037620298
0.002539756
0.0032010705
0.0039447276
0.0026066594
0.003478977
0.0037079924
0.004063095
0.0047964593
0.0031135813
0.0032139365
0.0049714376
0.003973033
0.0071406513
0.0035021359
0.0030672636
0.005501518
0.0033400236
0.0040193507
0.00334517
0.004819618
0.0042123413
0.006391848
0.0043667336
0.0038006278
0.0
0.0
0.0
0.0
0.0
0.0
0.0
0.0
0.0
0.0
0.0
0.0
0.0
0.0
0.0
0.0
0.0
0.0
0.0
0.0
0.0
0.0
0.0
0.0
0.0
0.0
0.0
0.0
0.0
0.0
0.0
0.0
0.0
0.0
0.0
0.0
0.0
0.0
0.0
0.0
0.0
0.0
0.0
0.0
0.0
0.0
0.0
0.0
0.0
0.0
0.0
0.0
0.0
0.0
0.0
0.0
0.0
0.0
0.0
0.0
0.0
0.0
0.0
0.0
0.0
0.0
0.0
0.0
0.0
0.0
0.0
0.0
0.0
0.0
0.0
0.0
0.0
0.0
0.0
0.0
0.0
0.0
0.0
0.0
0.0
0.0
0.0
0.0
0.0
0.0
0.0
0.0
0.0
0.0
0.0
0.0
0.0
0.0
0.0
0.0
0.0
0.0
0.0
0.0
0.0
0.0
0.0
0.0
0.0
0.0
0.0
0.0
0.0
0.0
0.0
0.0
0.0
0.0
0.0
0.0
0.0
0.0
0.0
0.0
0.0
0.0
0.0
0.0
0.0019880023
9.8172946e-05
4.3919477e-05
1.937624e-05
0.00018601191
6.7170964e-05
1.808449e-05
2.7126736e-05
1.808449e-05
0.0013563368
0.0013976728
0.000103339946
0.0014558015
0.00011109044
0.00018213666
0.003509683
0.001087653
3.1001986e-05
7.7504965e-06
5.166997e-06
5.166997e-06
2.5834986e-06
5.166997e-06
9.042245e-06
3.1001986e-05
5.1669973e-05
6.458747e-05
0.0001046317
0.00016405217
0.000113673945
0.00010075645
0.0008615968
0.0042136866
0.00016792741
0.00020022114
0.00014984292
0.0003397301
0.00014596767
0.00024930763
0.00014855117
0.00030485285
0.00068979413
0.0007169209
0.00016534391
0.0010979869
0.0002544746
0.00020538815
0.0015320147
0.0
0.0
0.0
0.0
0.0
0.0
0.0
0.0
0.0
0.0
0.0
0.0
0.0
0.0
0.0
0.0
0.0033004195
0.00047278026
0.00086805556
0.0011083209
0.00071562914
0.0006135809
0.0005761202
0.0022140583
0.0013899223
0.0013072503
0.0008641803
0.00046244627
0.0030020254
0.0014131737
0.00056966144
0.0022863962
0.0063554067
0.00067429314
0.0041206805
0.0037861173
0.0025176194
0.0019918776
0.0021933904
0.0017671131
0.0065633785
0.0028392652
0.0015953104
0.0032694177
0.008290447
0.004983569
0.0020603403
0.0025473298
0.013460028
0.006116433
0.010021391
0.018419053
0.0075722346
0.0074198083
0.0070878286
0.018448764
0.011738126
0.0073216353
0.009051288
0.008587549
0.022428643
0.011505611
0.010189319
0.010526465
0.04509497
0.039304055
0.041452236
0.044863746
0.040515717
0.045401115
0.045305524
0.04157237
0.04679362
0.046947338
0.052208632
0.0454502
0.044743612
0.0447927
0.047519583
0.047611296
1432.0
5.98324
8568.0
0.010854342
0.008286648
0.0074696545
0.006652661
0.006652661
0.005602241
0.0060690944
0.02369281
0.007819795
0.008169935
0.008870215
0.008169935
0.008870215
0.010270775
0.007819795
0.0061858078
0.005952381
0.022875817
0.008403362
0.0154061625
0.006302521
0.0046685343
0.007819795
0.005252101
0.038748834
0.0071195145
0.009453782
0.009103642
0.0058356677
0.0054855277
0.024859944
0.0064192344
0.0050186743
0.0154061625
0.006535948
0.0089869285
0.012488329
0.007352941
0.008753502
0.011321195
0.0067693745
0.009453782
0.0071195145
0.007002801
0.008053222
0.007236228
0.012254902
0.009103642
0.010154062
0.006535948
0.008053222
0.006535948
0.008169935
0.0053688143
0.010620915
0.006886088
0.013188609
0.01774043
0.009220355
0.008286648
0.007002801
0.008870215
0.024276378
0.0074696545
0.011204482
0.018674137
0.009803922
0.009920635
0.02089169
0.01739029
0.007819795
0.0077030812
0.0057189544
0.010270775
0.008286648
0.0077030812
0.031045752
0.011087769
0.028011205
0.010154062
0.008636788
0.0051353876
0.009803922
0.010387489
0.011204482
0.008053222
0.0074696545
0.0060690944
0.007586368
0.009570495
0.007236228
0.006652661
0.009570495
0.03478058
0.0061858078
0.009570495
6.380522
0.0
0.0
0.0
4.0
388620.0
253952.0
0.0
0.0
0.0
0.0
0.0
0.0
0.0
0.0
581539600.0
0.0
0.0
0.0
0.0
0.0
1.0
0.0
0.0
0.0
0.0
0.0
0.0
-1.0
0.0
-1.0
-1.0
0.0
0.0
0.0
0.0
0.0
0.0
0.0
0.0
0.0
0.0
0.0
0.0
-1.0
0.0
0.0
0.0
0.0
0.0
0.0
0.0
0.0
0.0
0.0
0.0
0.0
-1.0
0.0
0.0
0.0
0.0
0.0
0.0
0.0
0.0
0.0
0.0
5.0
12.0
4.0
0.0
4.0
0.0
13824.0
1024.0
4096.0
5.0
1.0
0.0
4.0
4.0
0.0
0.0
0.0
0.0
0.0
0.0
0.0
0.0
0.0
0.0
0.0
0.0
0.0
0.0
0.0
0.0
0.0
0.0
0.0
0.0
0.0
0.0
0.0
0.0
0.0
0.0
-31744.0
0.0
0.0
0.0
0.0
0.0
-128000.0
0.0
0.0
0.0
0.0
0.0
0.0
0.0
0.0
-9728.0
0.0
0.0
0.0
0.0
0.0
0.0
0.0
0.0
0.0
0.0
0.0
0.0
0.0
0.0
0.0
0.0
0.0
0.0
0.0
0.0
0.0
0.0
0.0
0.0
0.0
0.0
0.0
0.0
0.0
0.0
0.0
0.0
0.0
0.0
-7.3556333
0.0
0.0
0.0
0.0
0.0
-7.943435
0.0
0.0
0.0
0.0
0.0
0.0
0.0
0.0
0.0037550326
0.0
0.0
0.0
0.0
0.0
0.0
0.0
0.0
0.0
0.0
0.0
0.0
0.0
0.0
0.0
0.0
0.0
0.0
0.0
0.0
0.0
0.0
0.0
0.0
0.0
0.0
0.0
0.0
0.0
0.0
0.0
0.0
0.0
0.0
-32768.0
0.0
0.0
0.0
0.0
0.0
-129024.0
0.0
0.0
0.0
0.0
0.0
0.0
0.0
0.0
-9256.0
0.0
0.0
0.0
65536.0
0.0
0.0
0.0
0.0
0.0
0.0
0.0
-1.0
0.0
0.0
0.0
0.0
0.0
1.0
0.0
0.0
0.0
0.0
0.0
0.0
0.0
0.0
0.0
0.0
0.0
0.0
0.0
0.0
0.0
0.0
0.0
0.0
0.0
0.0
0.0
0.0
0.0
0.0
0.0
0.0
0.0
0.0
0.0
-2.0
0.0
0.0
0.0
1.0
0.0
0.0
0.0
0.0
0.0
0.0
0.0
0.0
0.0
0.0
0.0
0.0
0.0
0.0
0.0
0.0
0.0
0.0
0.0
-1.0
0.0
0.0
0.0
0.0
0.0
0.0
0.0
0.0
0.0
1.0
0.0
0.0
0.0
0.0
1.0
0.0
0.0
0.0
0.0
0.0
0.0
0.0
0.0
0.0
0.0
0.0
0.0
0.0
0.0
0.0
0.0
0.0
0.0
0.0
0.0
0.0
0.0
0.0
0.0
0.0
0.0
0.0
0.0
0.0
0.0
0.0
0.0
0.0
0.0
0.0
0.0
0.0
0.0
0.0
0.0
0.0
0.0
0.0
0.0
0.0
0.0
0.0
0.0
0.0
0.0
0.0
0.0
0.0
0.0
0.0
0.0
0.0
0.0
0.0
0.0
0.0
0.0
0.0
0.0
0.0
0.0
0.0
0.0
0.0
0.0
0.0
0.0
0.0
0.0
0.0
0.0
0.0
0.0
0.0
0.0
0.0
0.0
0.0
0.0
0.0
0.0
0.0
0.0
0.0
0.0
0.0
0.0
0.0
0.0
0.0
0.0
0.0
0.0
0.0
0.0
0.0
0.0
0.0
0.0
0.0
0.0
0.0
0.0
0.0
0.0
0.0
0.0
0.0
0.0
0.0
0.0
0.0
0.0
0.0
0.0
0.0
0.0
0.0
0.0
0.0
0.0
0.0
0.0
0.0
0.0
0.0
0.0
0.0
0.0
0.0
0.0
0.0
0.0
0.0
0.0
0.0
0.0
0.0
0.0
0.0
0.0
0.0
0.0
0.0
0.0
0.0
0.0
0.0
0.0
0.0
0.0
0.0
0.0
0.0
0.0
0.0
0.0
0.0
0.0
0.0
0.0
0.0
0.0
0.0
0.0
0.0
0.0
0.0
0.0
0.0
0.0
0.0
0.0
0.0
0.0
0.0
0.0
0.0
0.0
0.0
0.0
0.0
0.0
0.0
0.0
0.0
0.0
0.0
0.0
0.0
0.0
0.0
0.0
0.0
0.0
0.0
0.0
0.0
0.0
0.0
0.0
0.0
0.0
0.0
0.0
0.0
0.0
0.0
0.0
0.0
0.0
0.0
0.0
0.0
0.0
0.0
0.0
0.0
0.0
0.0
0.0
0.0
0.0
0.0
0.0
0.0
0.0
0.0
0.0
0.0
0.0
0.0
0.0
0.0
0.0
0.0
0.0
0.0
0.0
0.0
0.0
0.0
0.0
0.0
0.0
0.0
0.0
0.0
0.0
0.0
0.0
0.0
0.0
0.0
0.0
0.0
0.0
0.0
0.0
0.0
0.0
0.0
0.0
0.0
0.0
0.0
0.0
0.0
0.0
0.0
0.0
0.0
0.0
0.0
0.0
0.0
0.0
0.0
0.0
0.0
0.0
0.0
0.0
0.0
0.0
0.0
0.0
0.0
0.0
0.0
0.0
0.0
0.0
0.0
0.0
0.0
0.0
0.0
0.0
0.0
0.0
0.0
0.0
0.0
0.0
0.0
0.0
0.0
0.0
0.0
0.0
0.0
0.0
0.0
0.0
0.0
0.0
0.0
0.0
0.0
0.0
0.0
0.0
0.0
0.0
0.0
0.0
0.0
0.0
0.0
0.0
0.0
0.0
0.0
0.0
0.0
0.0
0.0
0.0
0.0
0.0
0.0
0.0
0.0
0.0
0.0
0.0
0.0
0.0
0.0
0.0
0.0
0.0
0.0
0.0
0.0
0.0
0.0
0.0
0.0
0.0
0.0
0.0
0.0
0.0
0.0
0.0
0.0
0.0
0.0
0.0
0.0
0.0
0.0
0.0
0.0
0.0
0.0
0.0
0.0
0.0
0.0
0.0
0.0
0.0
0.0
0.0
0.0
0.0
0.0
0.0
0.0
0.0
0.0
0.0
0.0
0.0
0.0
0.0
0.0
0.0
0.0
0.0
0.0
0.0
0.0
0.0
0.0
0.0
0.0
0.0
0.0
0.0
0.0
0.0
0.0
0.0
0.0
0.0
0.0
0.0
0.0
0.0
0.0
0.0
0.0
0.0
0.0
0.0
0.0
0.0
0.0
0.0
0.0
0.0
0.0
0.0
0.0
0.0
0.0
0.0
0.0
0.0
0.0
0.0
0.0
0.0
0.0
0.0
0.0
0.0
0.0
0.0
0.0
0.0
0.0
0.0
0.0
0.0
0.0
0.0
0.0
0.0
0.0
0.0
0.0
0.0
0.0
0.0
0.0
0.0
0.0
0.0
0.0
0.0
0.0
0.0
0.0
0.0
0.0
0.0
0.0
0.0
0.0
0.0
0.0
0.0
0.0
0.0
0.0
0.0
0.0
0.0
0.0
0.0
0.0
0.0
0.0
0.0
0.0
0.0
0.0
0.0
0.0
0.0
0.0
0.0
0.0
0.0
0.0
0.0
0.0
0.0
0.0
0.0
0.0
0.0
0.0
0.0
0.0
0.0
0.0
0.0
0.0
0.0
0.0
0.0
0.0
0.0
0.0
0.0
0.0
0.0
0.0
0.0
0.0
0.0
0.0
0.0
0.0
0.0
0.0
0.0
0.0
0.0
0.0
0.0
0.0
0.0
0.0
0.0
0.0
0.0
0.0
0.0
0.0
0.0
0.0
0.0
0.0
0.0
0.0
0.0
0.0
0.0
0.0
0.0
0.0
0.0
0.0
0.0
0.0
0.0
0.0
0.0
0.0
0.0
0.0
0.0
0.0
0.0
0.0
0.0
0.0
0.0
0.0
0.0
0.0
0.0
0.0
0.0
0.0
0.0
0.0
0.0
0.0
0.0
0.0
0.0
0.0
0.0
0.0
0.0
0.0
0.0
0.0
0.0
0.0
0.0
0.0
0.0
0.0
0.0
0.0
0.0
0.0
0.0
0.0
0.0
0.0
0.0
0.0
0.0
0.0
0.0
0.0
0.0
0.0
0.0
0.0
0.0
0.0
0.0
0.0
0.0
0.0
0.0
0.0
0.0
0.0
0.0
0.0
0.0
0.0
0.0
0.0
0.0
0.0
0.0
0.0
0.0
0.0
0.0
0.0
0.0
0.0
0.0
0.0
0.0
0.0
0.0
0.0
0.0
0.0
0.0
0.0
0.0
0.0
0.0
0.0
0.0
0.0
0.0
0.0
0.0
0.0
0.0
0.0
0.0
0.0
0.0
0.0
0.0
0.0
0.0
0.0
0.0
0.0
0.0
0.0
0.0
0.0
0.0
0.0
0.0
0.0
0.0
0.0
0.0
0.0
0.0
0.0
0.0
0.0
0.0
0.0
0.0
0.0
0.0
0.0
0.0
0.0
0.0
0.0
0.0
0.0
0.0
0.0
0.0
0.0
0.0
0.0
0.0
0.0
0.0
0.0
0.0
0.0
0.0
0.0
0.0
0.0
0.0
0.0
0.0
0.0
0.0
0.0
0.0
0.0
0.0
0.0
0.0
0.0
0.0
0.0
0.0
0.0
0.0
0.0
0.0
0.0
0.0
0.0
0.0
0.0
0.0
0.0
0.0
0.0
0.0
0.0
0.0
0.0
0.0
0.0
0.0
0.0
0.0
0.0
0.0
0.0
0.0
0.0
0.0
0.0
0.0
0.0
0.0
0.0
0.0
0.0
0.0
0.0
0.0
0.0
0.0
0.0
0.0
0.0
0.0
0.0
0.0
0.0
0.0
0.0
0.0
0.0
0.0
0.0
0.0
0.0
0.0
0.0
0.0
0.0
0.0
0.0
0.0
0.0
0.0
0.0
0.0
0.0
0.0
0.0
0.0
0.0
0.0
0.0
0.0
0.0
0.0
0.0
0.0
0.0
0.0
0.0
0.0
0.0
0.0
0.0
0.0
0.0
0.0
0.0
0.0
0.0
0.0
0.0
0.0
0.0
0.0
0.0
0.0
0.0
0.0
0.0
0.0
0.0
0.0
0.0
0.0
0.0
0.0
0.0
0.0
0.0
0.0
0.0
0.0
0.0
0.0
0.0
0.0
0.0
0.0
0.0
0.0
0.0
0.0
0.0
0.0
0.0
0.0
0.0
0.0
0.0
0.0
0.0
0.0
0.0
0.0
0.0
0.0
0.0
0.0
0.0
0.0
0.0
0.0
0.0
0.0
0.0
0.0
0.0
0.0
0.0
0.0
0.0
0.0
0.0
0.0
0.0
0.0
0.0
0.0
0.0
0.0
0.0
0.0
0.0
0.0
0.0
0.0
0.0
0.0
0.0
0.0
0.0
0.0
0.0
0.0
0.0
0.0
0.0
0.0
0.0
0.0
0.0
0.0
0.0
0.0
0.0
0.0
0.0
0.0
0.0
0.0
0.0
0.0
0.0
0.0
0.0
0.0
0.0
0.0
0.0
0.0
0.0
0.0
0.0
0.0
0.0
0.0
0.0
0.0
0.0
0.0
0.0
0.0
0.0
0.0
0.0
0.0
0.0
0.0
0.0
0.0
0.0
0.0
0.0
0.0
0.0
0.0
0.0
0.0
0.0
0.0
0.0
0.0
0.0
0.0
0.0
0.0
0.0
0.0
0.0
0.0
0.0
0.0
0.0
0.0
0.0
0.0
0.0
0.0
0.0
0.0
0.0
0.0
0.0
0.0
0.0
0.0
0.0
0.0
0.0
0.0
0.0
0.0
0.0
0.0
0.0
0.0
0.0
0.0
0.0
0.0
0.0
0.0
0.0
0.0
0.0
0.0
0.0
0.0
0.0
0.0
0.0
0.0
0.0
0.0
0.0
0.0
0.0
0.0
0.0
0.0
0.0
0.0
0.0
0.0
0.0
0.0
0.0
0.0
0.0
0.0
0.0
0.0
0.0
0.0
0.0
0.0
0.0
0.0
0.0
0.0
0.0
0.0
0.0
0.0
0.0
0.0
0.0
0.0
0.0
0.0
0.0
0.0
0.0
0.0
0.0
0.0
0.0
0.0
0.0
0.0
0.0
0.0
0.0
0.0
0.0
0.0
0.0
0.0
0.0
0.0
0.0
0.0
0.0
0.0
0.0
0.0
0.0
0.0
0.0
0.0
0.0
0.0
0.0
0.0
0.0
0.0
0.0
0.0
0.0
0.0
0.0
0.0
0.0
0.0
0.0
0.0
0.0
0.0
0.0
0.0
0.0
0.0
0.0
0.0
0.0
0.0
0.0
0.0
0.0
0.0
0.0
0.0
0.0
0.0
0.0
0.0
0.0
0.0
0.0
0.0
0.0
0.0
0.0
0.0
0.0
0.0
0.0
0.0
0.0
0.0
0.0
0.0
0.0
0.0
0.0
0.0
0.0
0.0
0.0
0.0
0.0
0.0
0.0
0.0
0.0
0.0
0.0
0.0
0.0
0.0
0.0
0.0
0.0
0.0
0.0
0.0
0.0
0.0
0.0
0.0
0.0
0.0
0.0
0.0
0.0
0.0
0.0
0.0
0.0
0.0
0.0
0.0
0.0
0.0
0.0
0.0
0.0
0.0
0.0
0.0
0.0
0.0
0.0
0.0
0.0
0.0
0.0
0.0
0.0
0.0
0.0
0.0
0.0
0.0
0.0
0.0
0.0
0.0
0.0
0.0
0.0
0.0
0.0
0.0
0.0
0.0
0.0
0.0
0.0
0.0
0.0
0.0
0.0
0.0
0.0
0.0
0.0
0.0
0.0
0.0
0.0
0.0
0.0
0.0
0.0
0.0
0.0
0.0
0.0
0.0
0.0
0.0
0.0
0.0
0.0
0.0
0.0
0.0
0.0
0.0
0.0
0.0
0.0
0.0
0.0
0.0
0.0
0.0
0.0
0.0
0.0
0.0
0.0
0.0
0.0
0.0
0.0
0.0
0.0
0.0
0.0
0.0
0.0
0.0
0.0
0.0
0.0
0.0
0.0
0.0
0.0
0.0
0.0
0.0
0.0
0.0
0.0
0.0
0.0
0.0
0.0
0.0
0.0
0.0
0.0
0.0
0.0
0.0
0.0
0.0
0.0
0.0
0.0
0.0
0.0
0.0
0.0
0.0
0.0
0.0
0.0
0.0
0.0
0.0
0.0
0.0
0.0
0.0
0.0
0.0
0.0
0.0
0.0
0.0
0.0
0.0
0.0
0.0
0.0
0.0
0.0
0.0
0.0
0.0
0.0
0.0
0.0
0.0
0.0
0.0
0.0
0.0
0.0
0.0
0.0
0.0
0.0
0.0
0.0
0.0
0.0
0.0
0.0
0.0
0.0
0.0
0.0
0.0
0.0
0.0
0.0
0.0
0.0
0.0
0.0
0.0
0.0
0.0
0.0
0.0
0.0
0.0
0.0
0.0
0.0
0.0
0.0
0.0
0.0
0.0
0.0
0.0
0.0
0.0
0.0
0.0
0.0
0.0
0.0
0.0
0.0
0.0
0.0
0.0
0.0
0.0
0.0
0.0
0.0
0.0
0.0
0.0
0.0
0.0
0.0
0.0
0.0
0.0
0.0
0.0
0.0
0.0
0.0
0.0
0.0
0.0
0.0
40.0
17452.0
0.0
0.0
0.0
0.0
0.0
0.0
0.0
0.0
0.0
0.0
0.0
0.0
0.0
0.0
0.0
0.0
0.0
0.0
0.0
0.0
52.0
17544.0
0.0
0.0
0.0
0.0
