0.032348663
0.007360348
0.006614298
0.006329812
0.006885721
0.0064923754
0.0064256084
0.0063341665
0.007075862
0.0063501326
0.0062804627
0.005956787
0.0066738077
0.006341424
0.0061687003
0.00677541
0.0067405747
0.006186118
0.0060975784
0.006045326
0.0064981813
0.006322555
0.0060525835
0.0061570886
0.006241273
0.0061193504
0.0060554864
0.005885666
0.0061106416
0.0060627437
0.006155637
0.006161443
0.006305137
0.0061004814
0.006000331
0.006081613
0.0064836666
0.0062877196
0.006145477
0.006152734
0.006130962
0.0061135446
0.006085967
0.0061280592
0.006329812
0.0060627437
0.0061440254
0.0060017826
0.006399482
0.006490924
0.0062673995
0.0061846664
0.0062572393
0.0061512827
0.006051132
0.0060525835
0.006161443
0.006363196
0.0062586907
0.006048229
0.0062485305
0.0059611415
0.0060496805
0.0061004814
0.0063922247
0.0050380137
0.0028158303
0.0032367532
0.0029348498
0.0054676454
0.0028259903
0.0027069708
0.0027882524
0.0027795436
0.0026939076
0.002660524
0.0027751892
0.0028927575
0.0028738885
0.0027505145
0.004011832
0.00260682
0.0028985634
0.0033383553
0.0030161315
0.003318035
0.0030248403
0.002859374
0.002717131
0.0028985634
0.0027955098
0.002926141
0.0028521167
0.0029900053
0.0027679321
0.0027403543
0.002574888
0.004548872
0.0031961123
0.0034544722
0.003438506
0.0050031785
0.0033586759
0.0032715884
0.0035328509
0.0040785996
0.003191758
0.003068384
0.0037447638
0.0033470641
0.0040597306
0.004069891
0.0032730398
0.0026822959
0.0042455173
0.00399006
0.004293415
0.0039552255
0.00280567
0.0029435586
0.0027780922
0.0031467627
0.0026735873
0.0026271406
0.0026851988
0.00287534
0.0026866503
0.002749063
0.00301468
0.0027185825
0.0025574705
0.004246969
0.002783898
0.0035284965
0.0025705337
0.0026213347
0.0028201845
0.0049001253
0.0027258398
0.005374752
0.002733097
0.003470438
0.0025792425
0.002631495
0.004733207
0.0025574705
0.0025981113
0.0026648785
0.0026489124
0.0026242377
0.0025792425
0.0026402036
0.0025850483
0.0026184318
0.0025298928
0.002593757
0.0026242377
0.0026213347
0.0026184318
0.0025371502
0.0026227862
0.0027751892
0.0025792425
0.0027055193
0.0026881017
0.0026532668
0.002590854
0.0026024657
0.0026053686
0.0026227862
0.0025864998
0.002641655
0.0026242377
0.0025719851
0.0025690822
0.0026039171
0.0026939076
0.002540053
0.002574888
0.002580694
0.002628592
0.002663427
0.0028477623
0.002730194
0.0026851988
0.0027272913
0.002612626
0.0026735873
0.0026851988
0.002644558
0.0026939076
0.0027751892
0.0033572244
0.002843408
0.0028448594
0.0030553208
0.0030451608
0.0026039171
0.002840505
0.00315402
0.002840505
0.0026677814
0.0026997135
0.0026373006
0.0028259903
0.0026373006
0.002647461
0.0026997135
0.002963879
0.0028230874
0.0026503638
0.0027316455
0.0026779417
0.0026300435
0.0026721358
0.0027345484
0.0028927575
0.0027214854
0.0027737378
0.0028201845
0.0028317962
0.0027418057
0.0026155289
0.0026619756
0.0033035204
0.0027026164
0.0026997135
0.0027069708
0.0027621263
0.0028042186
0.0026750388
0.0026590726
0.0034239914
0.0029682333
0.0027679321
0.003270137
0.003087253
0.0025792425
0.0026677814
0.0027040679
0.0030001656
0.0026808446
0.0025981113
0.002695359
0.0028288933
0.0026242377
0.0028492138
0.0030132285
0.0033659332
0.0027476116
0.0028463108
0.0028855002
0.0033760932
0.002754869
0.0029159808
0.0051904167
0.0
0.0
0.0
0.0
0.0
0.0
0.0
0.0
0.0
0.0
0.0
0.0
0.0
0.0
0.0
0.0
0.0
0.0
0.0
0.0
0.0
0.0
0.0
0.0
0.0
0.0
0.0
0.0
0.0
0.0
0.0
0.0
0.0
0.0
0.0
0.0
0.0
0.0
0.0
0.0
0.0
0.0
0.0
0.0
0.0
0.0
0.0
0.0
0.0013331316
3.2746135e-05
1.4553838e-06
5.821535e-06
5.2393814e-05
2.8379984e-05
7.276919e-06
2.1830756e-06
7.276919e-07
7.276919e-07
0.0
1.7464605e-05
0.0
1.4553838e-06
6.549227e-06
0.0
0.0012865593
5.0938434e-06
1.2370762e-05
5.821535e-06
2.8379984e-05
2.1103064e-05
5.6759967e-05
1.8919989e-05
6.549227e-06
8.732302e-06
2.1830756e-06
5.0938434e-06
1.164307e-05
4.366151e-06
4.366151e-06
1.2370762e-05
0.0010173132
0.0
0.0
5.4576893e-05
4.293382e-05
1.528153e-05
0.0045255157
0.0017959436
0.0
0.0
0.0
0.0
0.0
0.0
0.0
0.0
0.0031727366
7.276919e-07
6.549227e-05
0.00016955221
0.0002241291
0.00017464605
0.004289016
0.002305328
1.4553838e-06
2.1830756e-06
7.276919e-07
7.276919e-07
2.328614e-05
7.276919e-07
7.276919e-07
7.276919e-07
0.0007640765
0.0
0.0
0.0005552289
2.1830756e-05
1.0187687e-05
0.0021401418
0.0009794732
0.0
0.0
0.0
0.0
0.0
0.0
0.0
0.0
0.0032673366
7.713534e-05
7.349688e-05
0.0002612414
0.0016955221
0.0009037933
0.00038931516
0.00016373067
5.4576893e-05
3.9295363e-05
3.2746135e-05
5.4576893e-05
0.00013316762
0.00021394141
4.1478437e-05
5.021074e-05
0.0027193846
0.00022849525
8.1501494e-05
0.0004941028
0.0012254331
0.0002939875
0.0022209156
0.0010122193
6.185381e-05
5.7487658e-05
5.093843e-05
5.5304583e-05
0.00016591375
0.00011715839
5.093843e-05
0.00010624302
0.001414633
9.459994e-05
8.3684565e-05
7.4952266e-05
0.0008601318
8.1501494e-05
0.0005115674
0.00024232139
7.131381e-05
6.112612e-05
6.185381e-05
6.112612e-05
5.8943042e-05
5.8943042e-05
0.00043152127
0.00030271983
0.0045895525
0.0002612414
0.00032891674
0.00036530133
0.0023919232
0.0002939875
0.0008921502
0.0005981627
0.0003580244
0.0002066645
0.00017173529
0.00021612449
0.00023649987
0.000980201
0.0007400626
0.00078226876
0.0009547317
7.058611e-05
0.000109153785
0.00012225224
0.00027288444
0.00012880146
0.0001353507
9.751071e-05
0.00031872906
6.476458e-05
4.3661512e-05
6.185381e-05
9.023379e-05
2.4013832e-05
0.00028379983
0.00020229834
0.006506293
0.001239987
0.00052102737
0.00068621343
0.0026247846
0.002137231
0.00074079033
0.0010580639
0.004522605
0.00097292406
0.0002241291
0.0004897366
0.0016125652
0.00069567346
0.0017340897
0.0025498325
0.00745302
0.001501956
0.0009976656
0.00089360564
0.003055578
0.0026429768
0.0011119132
0.0014481068
0.004813682
0.0016511328
0.00038422132
0.00076625956
0.0019465758
0.0008252026
0.0017260851
0.0030592165
0.0956893
0.09542296
0.09630857
0.095396765
0.04117863
0.04103964
0.0409414
0.040716544
0.04107093
0.040729642
0.041078933
0.04102363
0.041113865
0.041044734
0.040781308
0.041276865
6130.0
6.1893964
37941.0
0.010990749
0.008724072
0.008434148
0.00977834
0.009277563
0.010832609
0.009962837
0.008908569
0.009303919
0.009409346
0.0095938435
0.0081705805
0.009672913
0.009119422
0.011307029
0.008434148
0.012282228
0.012282228
0.012651222
0.010832609
0.009303919
0.010384545
0.010252761
0.010331831
0.009672913
0.01009462
0.011227959
0.009093066
0.00954113
0.008776785
0.008697715
0.008355077
0.004744208
0.008908569
0.006325611
0.008276007
0.0059302603
0.009330276
0.007063599
0.005508553
0.0054558394
0.007142669
0.0049023484
0.0050868453
0.006879102
0.0062728976
0.009382989
0.0071690255
0.008249651
0.004032577
0.008117868
0.008961282
0.009435703
0.0064310376
0.007142669
0.0062728976
0.0049550617
0.0051395586
0.004586068
0.0046914946
0.005297699
0.004823278
0.004586068
0.0044015707
0.004058934
0.03502807
0.012703935
0.016736511
0.016868295
0.044832766
0.008908569
0.012414011
0.014838829
0.02749005
0.006220184
0.010147334
0.021138083
0.015445033
0.027516408
0.026224928
0.012651222
0.0051659155
0.032076117
0.026514852
0.024959806
0.013758204
0.0071953824
0.008539574
0.006325611
0.012914789
0.0057194065
0.004559711
0.0041380036
0.0041907174
0.004665138
0.004849635
6.333289
2.0
0.0
0.0
3.0
688962.0
98304.0
0.0
0.0
6.0
0.0
0.0
0.0
0.0
0.0
1141321900.0
0.0
0.0
0.0
0.0
0.0
1.0
0.0
0.0
0.0
0.0
0.0
0.0
-1.0
0.0
-1.0
-1.0
0.0
0.0
0.0
0.0
0.0
0.0
0.0
0.0
0.0
0.0
0.0
0.0
-1.0
0.0
0.0
0.0
0.0
0.0
0.0
0.0
0.0
0.0
0.0
0.0
0.0
-1.0
0.0
0.0
0.0
0.0
0.0
0.0
0.0
0.0
0.0
0.0
2.0
50.0
4.0
0.0
4.0
0.0
42496.0
4096.0
4096.0
3.0
0.0
0.0
1.0
1.0
0.0
0.0
0.0
0.0
0.0
0.0
0.0
0.0
0.0
0.0
0.0
0.0
0.0
0.0
26112.0
0.0
0.0
0.0
0.0
0.0
0.0
0.0
0.0
0.0
0.0
0.0
0.0
0.0
0.0
0.0
0.0
0.0
-16384.0
0.0
0.0
0.0
0.0
0.0
0.0
0.0
0.0
-42496.0
0.0
0.0
0.0
0.0
0.0
0.0
0.0
0.0
0.0
0.0
0.0
0.0
0.0
0.0
0.0
0.0
0.0
0.0
0.0
0.0
0.0
0.0
5.2029037
0.0
0.0
0.0
0.0
0.0
0.0
0.0
0.0
0.0
0.0
0.0
0.0
0.0
0.0
0.0
0.0
0.0
-4.861635
0.0
0.0
0.0
0.0
0.0
0.0
0.0
0.0
-6.4578476
0.0
0.0
0.0
0.0
0.0
0.0
0.0
0.0
0.0
0.0
0.0
0.0
0.0
0.0
0.0
0.0
0.0
0.0
0.0
0.0
0.0
0.0
25860.0
0.0
0.0
0.0
0.0
0.0
0.0
0.0
0.0
0.0
0.0
0.0
0.0
0.0
0.0
0.0
0.0
0.0
-16832.0
0.0
0.0
0.0
0.0
0.0
0.0
0.0
0.0
-42342.0
0.0
0.0
0.0
0.0
0.0
0.0
0.0
0.0
0.0
0.0
0.0
-1.0
0.0
0.0
0.0
0.0
0.0
1.0
0.0
0.0
0.0
0.0
0.0
0.0
0.0
0.0
0.0
0.0
0.0
0.0
0.0
0.0
0.0
0.0
0.0
0.0
0.0
0.0
0.0
0.0
0.0
0.0
0.0
0.0
0.0
0.0
0.0
-2.0
0.0
0.0
0.0
1.0
0.0
0.0
0.0
0.0
0.0
0.0
0.0
0.0
0.0
0.0
0.0
0.0
0.0
0.0
0.0
0.0
0.0
0.0
0.0
-1.0
0.0
0.0
0.0
0.0
0.0
0.0
0.0
0.0
0.0
1.0
0.0
0.0
0.0
0.0
1.0
0.0
0.0
0.0
0.0
0.0
0.0
0.0
0.0
0.0
0.0
0.0
0.0
0.0
0.0
0.0
0.0
0.0
0.0
0.0
0.0
0.0
0.0
0.0
0.0
0.0
0.0
0.0
0.0
0.0
0.0
0.0
0.0
0.0
0.0
0.0
0.0
0.0
0.0
0.0
0.0
0.0
0.0
0.0
0.0
0.0
0.0
0.0
0.0
0.0
0.0
0.0
-1.0
0.0
0.0
0.0
0.0
0.0
0.0
0.0
0.0
0.0
0.0
0.0
0.0
0.0
0.0
0.0
0.0
0.0
0.0
0.0
0.0
-1.0
0.0
0.0
0.0
0.0
0.0
0.0
0.0
0.0
0.0
0.0
0.0
0.0
0.0
0.0
0.0
0.0
0.0
0.0
0.0
0.0
0.0
0.0
0.0
0.0
0.0
0.0
0.0
0.0
0.0
0.0
0.0
0.0
0.0
0.0
0.0
0.0
0.0
0.0
0.0
0.0
0.0
0.0
0.0
0.0
0.0
0.0
0.0
0.0
-1.0
0.0
0.0
0.0
0.0
0.0
0.0
0.0
0.0
0.0
0.0
0.0
0.0
0.0
0.0
0.0
0.0
1.0
0.0
0.0
0.0
0.0
0.0
0.0
0.0
0.0
0.0
0.0
0.0
0.0
0.0
0.0
0.0
0.0
0.0
0.0
0.0
0.0
0.0
0.0
0.0
0.0
0.0
0.0
0.0
0.0
0.0
0.0
0.0
0.0
0.0
0.0
0.0
0.0
0.0
0.0
0.0
0.0
0.0
0.0
0.0
0.0
0.0
0.0
0.0
0.0
0.0
0.0
0.0
0.0
0.0
0.0
0.0
0.0
0.0
0.0
0.0
0.0
0.0
0.0
0.0
0.0
0.0
0.0
0.0
0.0
0.0
0.0
0.0
0.0
0.0
0.0
0.0
0.0
0.0
0.0
0.0
0.0
0.0
0.0
0.0
0.0
0.0
0.0
0.0
0.0
0.0
0.0
0.0
0.0
0.0
0.0
0.0
0.0
0.0
0.0
0.0
0.0
1.0
0.0
0.0
0.0
0.0
0.0
0.0
0.0
0.0
0.0
0.0
0.0
0.0
-1.0
0.0
0.0
0.0
0.0
0.0
0.0
0.0
0.0
0.0
0.0
0.0
0.0
0.0
0.0
0.0
0.0
0.0
0.0
0.0
0.0
0.0
0.0
0.0
0.0
0.0
0.0
0.0
0.0
0.0
0.0
0.0
0.0
0.0
0.0
0.0
0.0
0.0
0.0
0.0
0.0
0.0
0.0
0.0
0.0
0.0
0.0
0.0
0.0
0.0
0.0
0.0
0.0
0.0
0.0
0.0
0.0
0.0
0.0
0.0
0.0
0.0
0.0
0.0
0.0
0.0
0.0
0.0
0.0
0.0
0.0
0.0
0.0
0.0
0.0
0.0
0.0
0.0
0.0
0.0
0.0
0.0
0.0
0.0
0.0
0.0
0.0
0.0
0.0
0.0
0.0
0.0
0.0
0.0
0.0
0.0
0.0
0.0
0.0
0.0
0.0
0.0
0.0
0.0
0.0
0.0
0.0
0.0
0.0
0.0
0.0
0.0
0.0
0.0
0.0
0.0
0.0
0.0
0.0
0.0
0.0
0.0
0.0
0.0
0.0
0.0
0.0
0.0
0.0
0.0
0.0
0.0
0.0
0.0
0.0
0.0
0.0
0.0
0.0
0.0
0.0
0.0
0.0
0.0
0.0
0.0
0.0
0.0
0.0
0.0
0.0
0.0
0.0
0.0
0.0
0.0
0.0
0.0
0.0
0.0
0.0
0.0
0.0
0.0
0.0
0.0
0.0
0.0
0.0
0.0
0.0
0.0
0.0
0.0
0.0
0.0
0.0
0.0
0.0
0.0
0.0
0.0
0.0
0.0
0.0
0.0
0.0
0.0
0.0
0.0
0.0
0.0
0.0
0.0
0.0
0.0
0.0
0.0
0.0
0.0
0.0
0.0
0.0
0.0
0.0
0.0
0.0
0.0
0.0
0.0
0.0
0.0
0.0
0.0
0.0
0.0
0.0
1.0
0.0
0.0
0.0
0.0
0.0
0.0
0.0
0.0
0.0
0.0
0.0
0.0
0.0
0.0
0.0
0.0
0.0
0.0
0.0
0.0
0.0
0.0
0.0
0.0
0.0
0.0
0.0
0.0
0.0
0.0
0.0
0.0
0.0
0.0
0.0
0.0
0.0
0.0
0.0
0.0
0.0
0.0
0.0
0.0
0.0
0.0
0.0
0.0
0.0
0.0
0.0
0.0
0.0
0.0
0.0
0.0
0.0
0.0
0.0
0.0
0.0
0.0
0.0
0.0
0.0
0.0
0.0
0.0
0.0
0.0
0.0
0.0
0.0
0.0
0.0
0.0
0.0
0.0
0.0
0.0
0.0
0.0
0.0
0.0
0.0
0.0
0.0
0.0
0.0
0.0
0.0
0.0
0.0
0.0
0.0
0.0
0.0
0.0
0.0
0.0
0.0
0.0
0.0
0.0
0.0
0.0
0.0
0.0
0.0
0.0
0.0
0.0
0.0
0.0
0.0
0.0
0.0
0.0
0.0
0.0
0.0
0.0
0.0
0.0
0.0
0.0
0.0
0.0
0.0
0.0
0.0
0.0
0.0
0.0
0.0
0.0
0.0
0.0
0.0
0.0
0.0
0.0
0.0
0.0
0.0
0.0
0.0
0.0
0.0
0.0
0.0
0.0
0.0
0.0
0.0
0.0
0.0
0.0
0.0
0.0
0.0
0.0
0.0
0.0
0.0
0.0
0.0
0.0
0.0
0.0
0.0
0.0
0.0
0.0
0.0
0.0
0.0
0.0
0.0
0.0
0.0
0.0
0.0
0.0
0.0
0.0
0.0
0.0
0.0
0.0
0.0
0.0
0.0
0.0
0.0
0.0
0.0
0.0
0.0
0.0
0.0
0.0
0.0
0.0
0.0
0.0
0.0
0.0
0.0
0.0
0.0
0.0
0.0
0.0
0.0
0.0
0.0
0.0
0.0
0.0
0.0
0.0
0.0
0.0
0.0
0.0
0.0
0.0
0.0
0.0
0.0
0.0
0.0
0.0
0.0
0.0
0.0
0.0
0.0
0.0
0.0
0.0
0.0
0.0
0.0
0.0
0.0
0.0
0.0
0.0
0.0
0.0
0.0
0.0
0.0
0.0
0.0
0.0
0.0
0.0
0.0
0.0
0.0
0.0
0.0
0.0
0.0
0.0
0.0
1.0
0.0
0.0
0.0
0.0
0.0
0.0
0.0
0.0
0.0
0.0
0.0
0.0
0.0
0.0
0.0
0.0
0.0
0.0
0.0
0.0
0.0
0.0
0.0
0.0
0.0
0.0
0.0
0.0
0.0
0.0
0.0
0.0
0.0
0.0
0.0
0.0
0.0
0.0
0.0
0.0
0.0
0.0
0.0
0.0
0.0
0.0
0.0
0.0
0.0
0.0
0.0
0.0
0.0
0.0
0.0
0.0
0.0
0.0
0.0
0.0
0.0
0.0
1.0
0.0
0.0
0.0
0.0
0.0
0.0
0.0
0.0
0.0
0.0
0.0
0.0
0.0
0.0
0.0
0.0
0.0
0.0
0.0
0.0
0.0
0.0
0.0
0.0
0.0
0.0
0.0
0.0
0.0
0.0
0.0
0.0
0.0
0.0
0.0
0.0
0.0
0.0
0.0
0.0
0.0
0.0
0.0
0.0
0.0
0.0
0.0
0.0
0.0
0.0
0.0
0.0
0.0
0.0
0.0
0.0
0.0
0.0
0.0
0.0
0.0
0.0
0.0
-1.0
0.0
0.0
0.0
0.0
0.0
0.0
0.0
0.0
0.0
0.0
0.0
0.0
0.0
0.0
0.0
0.0
0.0
0.0
0.0
0.0
1.0
0.0
0.0
0.0
0.0
0.0
0.0
0.0
0.0
0.0
0.0
0.0
0.0
0.0
0.0
0.0
0.0
0.0
0.0
0.0
0.0
0.0
0.0
0.0
0.0
0.0
0.0
0.0
0.0
0.0
0.0
0.0
0.0
0.0
0.0
0.0
0.0
0.0
0.0
0.0
0.0
0.0
0.0
0.0
0.0
0.0
0.0
0.0
0.0
0.0
0.0
0.0
0.0
0.0
0.0
0.0
0.0
0.0
0.0
0.0
0.0
0.0
0.0
0.0
0.0
0.0
0.0
0.0
0.0
0.0
0.0
0.0
0.0
0.0
0.0
0.0
0.0
0.0
0.0
0.0
0.0
0.0
0.0
0.0
0.0
0.0
0.0
0.0
0.0
0.0
0.0
0.0
0.0
0.0
0.0
0.0
0.0
0.0
0.0
0.0
0.0
0.0
0.0
0.0
0.0
0.0
0.0
0.0
0.0
0.0
0.0
0.0
0.0
0.0
0.0
0.0
0.0
0.0
0.0
0.0
0.0
0.0
0.0
0.0
0.0
0.0
0.0
0.0
0.0
0.0
0.0
0.0
0.0
0.0
0.0
0.0
0.0
0.0
0.0
0.0
0.0
0.0
0.0
0.0
0.0
0.0
0.0
0.0
0.0
0.0
0.0
0.0
0.0
0.0
0.0
0.0
0.0
0.0
0.0
0.0
0.0
0.0
0.0
0.0
0.0
0.0
0.0
0.0
0.0
0.0
0.0
0.0
0.0
0.0
0.0
0.0
0.0
0.0
0.0
0.0
0.0
0.0
0.0
0.0
0.0
0.0
0.0
0.0
0.0
0.0
0.0
0.0
0.0
0.0
0.0
0.0
0.0
0.0
0.0
0.0
0.0
0.0
0.0
0.0
0.0
0.0
0.0
0.0
0.0
0.0
0.0
0.0
0.0
0.0
0.0
0.0
0.0
0.0
0.0
0.0
0.0
0.0
0.0
0.0
0.0
0.0
0.0
0.0
0.0
0.0
0.0
0.0
0.0
0.0
0.0
0.0
0.0
0.0
0.0
0.0
0.0
0.0
0.0
0.0
0.0
0.0
0.0
0.0
0.0
0.0
0.0
0.0
0.0
0.0
0.0
0.0
0.0
0.0
0.0
0.0
0.0
0.0
0.0
0.0
0.0
0.0
0.0
0.0
0.0
0.0
0.0
0.0
0.0
0.0
0.0
0.0
0.0
0.0
0.0
0.0
0.0
0.0
0.0
0.0
0.0
0.0
0.0
0.0
0.0
0.0
0.0
0.0
0.0
0.0
0.0
0.0
0.0
0.0
0.0
0.0
0.0
0.0
0.0
0.0
0.0
0.0
0.0
0.0
0.0
0.0
0.0
0.0
0.0
0.0
0.0
0.0
0.0
0.0
0.0
0.0
0.0
0.0
0.0
0.0
0.0
0.0
0.0
0.0
0.0
0.0
0.0
0.0
0.0
0.0
0.0
0.0
0.0
0.0
0.0
0.0
0.0
0.0
0.0
0.0
0.0
0.0
0.0
0.0
0.0
0.0
-1.0
0.0
0.0
0.0
0.0
0.0
0.0
0.0
0.0
0.0
0.0
0.0
0.0
0.0
0.0
0.0
0.0
0.0
0.0
0.0
0.0
0.0
0.0
0.0
0.0
0.0
0.0
0.0
0.0
0.0
0.0
0.0
0.0
0.0
0.0
0.0
0.0
0.0
0.0
0.0
0.0
0.0
0.0
0.0
0.0
0.0
0.0
0.0
0.0
0.0
0.0
0.0
0.0
0.0
0.0
0.0
0.0
0.0
0.0
0.0
0.0
0.0
0.0
0.0
0.0
0.0
0.0
0.0
0.0
0.0
0.0
0.0
0.0
0.0
0.0
0.0
0.0
0.0
0.0
0.0
0.0
0.0
0.0
0.0
0.0
0.0
0.0
0.0
0.0
0.0
0.0
0.0
0.0
0.0
0.0
0.0
0.0
0.0
0.0
0.0
0.0
0.0
0.0
0.0
0.0
0.0
0.0
0.0
0.0
0.0
0.0
0.0
0.0
0.0
0.0
0.0
0.0
0.0
0.0
0.0
0.0
0.0
0.0
0.0
0.0
0.0
0.0
0.0
0.0
0.0
0.0
0.0
0.0
0.0
0.0
0.0
0.0
0.0
0.0
0.0
0.0
0.0
0.0
0.0
0.0
0.0
0.0
0.0
0.0
0.0
0.0
0.0
0.0
0.0
0.0
0.0
0.0
0.0
0.0
0.0
0.0
0.0
0.0
0.0
0.0
0.0
0.0
0.0
0.0
0.0
0.0
0.0
0.0
0.0
0.0
0.0
0.0
0.0
0.0
0.0
0.0
0.0
0.0
0.0
0.0
0.0
0.0
0.0
0.0
0.0
0.0
0.0
0.0
0.0
140.0
91260.0
0.0
0.0
0.0
0.0
0.0
0.0
0.0
0.0
0.0
0.0
0.0
0.0
0.0
0.0
0.0
0.0
0.0
0.0
0.0
0.0
0.0
0.0
0.0
0.0
0.0
0.0
