0.15514345
0.0043101544
0.0031607798
0.0039896555
0.005746872
0.0033818134
0.001956147
0.0020335086
0.003702312
0.002055612
0.0022766455
0.0015803899
0.0035917952
0.0020777155
0.001956147
0.0030723664
0.005691614
0.0014588215
0.0017240617
0.0016245967
0.0028955396
0.002221387
0.0015472348
0.0015472348
0.002398214
0.0017019584
0.0015582866
0.0014809248
0.0023761108
0.0018677335
0.001679855
0.0016356483
0.025529375
0.001370408
0.0014919764
0.0015803899
0.0048074797
0.0028181777
0.0014698731
0.001679855
0.0021329739
0.0019450953
0.001956147
0.002121922
0.0020998188
0.0022545422
0.010233854
0.0015472348
0.0023540074
0.002331904
0.0025308342
0.0042548957
0.0034370718
0.0015140799
0.0014809248
0.0015914416
0.0018456301
0.0019229919
0.0015693383
0.0027297644
0.0022103356
0.002221387
0.001337253
0.0013151496
0.023551125
0.0020114053
0.0018014235
0.0026855576
0.00487379
0.004708015
0.002088767
0.0015361832
0.0023871623
0.0018345785
0.001989302
0.001436718
0.0022876973
0.002022457
0.0022545422
0.0023208524
0.0048074797
0.002088767
0.0020003538
0.0041996376
0.0024755758
0.00335971
0.002950798
0.0026081959
0.0023208524
0.0027076611
0.0020114053
0.0027850228
0.0020114053
0.002641351
0.0025197824
0.0022766455
0.0015140799
0.0111842975
0.005282702
0.0064873346
0.007647761
0.017229566
0.0081561385
0.010731179
0.009084479
0.01568233
0.0034591751
0.004354361
0.007924053
0.007879846
0.012112639
0.0104438355
0.012543654
0.0016245967
0.009360771
0.011681623
0.015339728
0.009194996
0.0025529375
0.004089121
0.003470227
0.004619601
0.0015693383
0.0016909067
0.0021329739
0.0017572168
0.0018124752
0.0020114053
0.0035365368
0.0022545422
0.0013925114
0.004420671
0.0024424207
0.0046417047
0.0014035631
0.0016688033
0.002022457
0.0068078334
0.0020335086
0.016964326
0.0016909067
0.0048848414
0.0012488395
0.0015030282
0.0025087309
0.0014588215
0.0015251315
0.0015251315
0.0016577516
0.0014035631
0.0017019584
0.0012377879
0.0016245967
0.0013040979
0.0011825295
0.0014919764
0.0015472348
0.001370408
0.0012819946
0.0012598912
0.0018124752
0.0022545422
0.0015030282
0.0020003538
0.0016024932
0.0014256664
0.0013925114
0.0012488395
0.0014919764
0.0015361832
0.0016245967
0.0013593563
0.0016688033
0.0014809248
0.001370408
0.0012819946
0.002298749
0.0015361832
0.0017240617
0.0014809248
0.0015140799
0.0014035631
0.0012488395
0.0016024932
0.0030060564
0.0022103356
0.0021771805
0.0014588215
0.0016356483
0.0014035631
0.0018345785
0.0015693383
0.007194642
0.0018787852
0.0022545422
0.0065425932
0.002541886
0.0016467
0.0027850228
0.0028513328
0.0019229919
0.002298749
0.0018345785
0.0013925114
0.0024755758
0.0016688033
0.0019229919
0.0016024932
0.0024203174
0.0023761108
0.0029286945
0.0019119403
0.0017240617
0.0016135449
0.0018566819
0.0020335086
0.0029618496
0.0016688033
0.0017351134
0.002331904
0.0023429557
0.0014035631
0.0018014235
0.0016909067
0.0029950046
0.0023098006
0.002055612
0.0017793201
0.0016909067
0.0017461651
0.0013925114
0.0014256664
0.010322267
0.0032712966
0.0025639893
0.004144379
0.0026302992
0.0015140799
0.0019008885
0.0015361832
0.0033486583
0.0016688033
0.0021108703
0.0020003538
0.0022766455
0.0023540074
0.002541886
0.0037907255
0.0039565004
0.002298749
0.0019671987
0.0019671987
0.0038238806
0.0020114053
0.0026855576
0.044836655
0.03448276
0.0
0.0
0.0
0.0
0.0
0.0
0.0
0.0
0.0
0.0
0.0
0.0
0.0
0.0
0.0
0.0
0.0
0.0
0.0
0.0
0.0
0.0
0.0
0.0
0.0
0.0
0.0
0.0
0.0
0.0
0.0
0.0
0.0
0.0
0.0
0.0
0.0
0.0
0.0
0.0
0.0
0.0
0.0
0.0
0.0
0.0
0.0
0.0
0.0
0.0
0.0
0.0
0.0
0.0
0.0
0.0
0.0
0.0
0.0
0.0
0.0
0.0
0.0
0.0
0.0
0.0
0.0
0.0
0.0
0.0
0.0
0.0
0.0
0.0
0.0
0.0
0.0
0.0
0.0
0.0
0.0
0.0
0.0
0.0
0.0
0.0
0.0
0.0
0.0
0.0
0.0
0.0
0.0
0.0
0.0
0.01731434
0.0002413344
0.00030868355
0.00023010955
0.0017117906
0.0002413344
0.00017398527
0.0002413344
0.0002581717
0.00019643498
0.00021327227
0.00021327227
0.0005836925
0.0005275682
0.0002974587
0.00023572198
0.0
0.0
0.0
0.0
0.0
0.0
0.0
0.0
0.0
0.0
0.0
0.0
0.0
0.0
0.0
0.0
0.018459275
0.00018521013
0.027197827
0.0012010597
1.1224856e-05
0.0
0.0840854
0.039208423
0.0
0.0
0.0
0.0
0.0
0.0
0.0
0.013559626
0.0029128501
0.0002188847
0.0029914242
0.00030868355
0.0005724677
0.00025255926
0.009580415
0.004063398
0.0
0.0
0.0
0.0
0.0
0.0
0.0
0.0020878233
0.015192843
0.001257184
0.0033899066
0.0014760686
0.002974587
0.0013469828
0.009877874
0.0043215696
0.0009933998
0.00010663614
5.0511855e-05
0.00016276042
0.00066787895
0.0005275682
0.0002974587
0.0033337823
0.0042654453
0.00021327227
0.000157148
0.00012347342
0.0030699982
0.00017398527
0.00011224856
0.00016276042
0.00013469828
0.00053318066
0.000550018
0.00060052983
0.0005949174
0.00042654455
0.00019643498
0.0001795977
0.022045618
0.0019980245
0.0029409123
0.0021776222
0.009108971
0.0022954831
0.008025772
0.0041644215
0.0025873294
0.0008194145
0.0009765625
0.001442394
0.0020260867
0.0011617726
0.0022337465
0.0049613863
0.018431215
0.0028791756
0.002531205
0.002200072
0.006785426
0.004181259
0.0035638919
0.0033113325
0.008429867
0.00049950613
0.0011224856
0.0020148617
0.0048435256
0.002099048
0.0054328307
0.01213407
0.04529791
0.0072288075
0.0076104524
0.008429867
0.01641074
0.016899021
0.0069650235
0.011000359
0.027910605
0.0030082616
0.0036929778
0.0051802713
0.015653063
0.008727326
0.01610767
0.029762706
0.019172054
0.019014906
0.01835264
0.01830774
0.019306753
0.018380702
0.018302128
0.019564925
0.018958783
0.018694999
0.018246004
0.018217942
0.018442439
0.019099092
0.01876796
0.018021507
679.0
28.377026
19268.0
0.1092485
0.00020759809
0.0005189952
0.00041519618
0.0016607847
0.00041519618
0.00036329665
0.0011417895
0.0006746938
0.00062279426
0.0014531866
0.000103799044
0.00077849283
0.0020759809
0.04151962
0.00077849283
0.0013493876
0.0011417895
0.0014012872
0.0013493876
0.0005189952
0.0007265933
0.00036329665
0.0005189952
0.00041519618
0.00062279426
0.0007265933
0.0005189952
0.0007265933
0.00041519618
0.00041519618
0.00041519618
0.0025949762
0.0017645838
0.000986091
0.0014531866
0.0016088852
0.0031139713
0.0012974881
0.0010379904
0.0014531866
0.0014531866
0.0007265933
0.00057089474
0.000986091
0.0011936891
0.0014012872
0.0011417895
0.0019202824
0.0011417895
0.00108989
0.0020240813
0.0011936891
0.0018683828
0.0011417895
0.0012974881
0.0010379904
0.0015050862
0.0009341914
0.0012974881
0.0012974881
0.0012974881
0.0011936891
0.0014012872
0.0005189952
0.046761468
0.01961802
0.02408138
0.023614284
0.07530621
0.028544737
0.044166494
0.027610546
0.06772888
0.002491177
0.015102761
0.029063733
0.029946024
0.051691923
0.044010796
0.05112103
0.00062279426
0.03679676
0.046398174
0.048058957
0.024600374
0.003684866
0.012144488
0.008822919
0.015050862
0.0015569857
0.00062279426
0.0004670957
0.0004670957
0.00062279426
0.0006746938
4.885811
0.0
0.0
0.0
2.0
90484.0
425984.0
0.0
0.0
0.0
0.0
0.0
0.0
0.0
0.0
708992500.0
0.0
0.0
0.0
0.0
0.0
1.0
0.0
0.0
0.0
0.0
0.0
0.0
-1.0
1.0
-1.0
-1.0
1.0
1.0
0.0
0.0
0.0
0.0
0.0
0.0
0.0
0.0
0.0
0.0
-1.0
0.0
0.0
0.0
0.0
0.0
0.0
0.0
0.0
0.0
0.0
0.0
0.0
-1.0
0.0
0.0
0.0
0.0
0.0
0.0
0.0
0.0
0.0
0.0
2.0
25.0
4.0
0.0
4.0
0.0
61440.0
1024.0
4096.0
4.0
0.0
0.0
2.0
4.0
0.0
0.0
0.0
0.0
0.0
0.0
0.0
0.0
0.0
0.0
0.0
0.0
0.0
0.0
0.0
0.0
0.0
-2048.0
0.0
0.0
0.0
0.0
0.0
0.0
0.0
0.0
0.0
0.0
-60416.0
0.0
0.0
0.0
0.0
0.0
352256.0
0.0
0.0
0.0
0.0
0.0
0.0
0.0
0.0
1024.0
0.0
0.0
0.0
0.0
0.0
0.0
0.0
0.0
0.0
0.0
0.0
0.0
0.0
0.0
0.0
0.0
0.0
0.0
0.0
0.0
0.0
0.0
0.0
0.0
0.0
0.0
0.0
0.0
0.0
0.0
0.0
0.0
0.0
0.0
0.0
0.0
0.0
0.0
0.0
0.0
6.926966
0.0
0.0
0.0
0.0
0.0
0.0
0.0
0.0
0.0
0.0
0.0
0.0
0.0
0.0
0.0
0.0
0.0
0.0
0.0
0.0
0.0
0.0
0.0
0.0
0.0
0.0
0.0
0.0
0.0
0.0
0.0
0.0
-4096.0
0.0
0.0
0.0
0.0
0.0
0.0
0.0
0.0
0.0
0.0
-61440.0
0.0
0.0
0.0
0.0
0.0
352256.0
0.0
0.0
0.0
0.0
0.0
0.0
0.0
0.0
4096.0
0.0
0.0
0.0
0.0
0.0
0.0
0.0
0.0
0.0
0.0
0.0
0.0
0.0
0.0
0.0
0.0
0.0
0.0
1.0
0.0
0.0
0.0
0.0
0.0
0.0
0.0
-1.0
0.0
0.0
0.0
0.0
0.0
0.0
0.0
0.0
0.0
0.0
-1.0
0.0
0.0
0.0
0.0
0.0
0.0
0.0
-1.0
0.0
0.0
0.0
0.0
0.0
0.0
0.0
0.0
0.0
0.0
0.0
0.0
0.0
0.0
0.0
0.0
0.0
0.0
0.0
0.0
0.0
0.0
0.0
-1.0
0.0
0.0
0.0
0.0
0.0
0.0
0.0
0.0
0.0
1.0
0.0
0.0
0.0
0.0
1.0
0.0
0.0
0.0
0.0
0.0
0.0
0.0
0.0
1.0
0.0
0.0
0.0
0.0
0.0
0.0
0.0
0.0
0.0
-1.0
0.0
0.0
0.0
0.0
0.0
0.0
0.0
0.0
0.0
0.0
0.0
0.0
0.0
0.0
0.0
0.0
0.0
0.0
0.0
0.0
0.0
0.0
0.0
0.0
0.0
0.0
0.0
0.0
0.0
0.0
0.0
0.0
0.0
0.0
0.0
0.0
0.0
0.0
0.0
0.0
0.0
0.0
0.0
0.0
0.0
0.0
0.0
0.0
0.0
0.0
0.0
0.0
0.0
0.0
0.0
0.0
0.0
0.0
0.0
0.0
0.0
0.0
0.0
0.0
0.0
0.0
0.0
0.0
0.0
0.0
0.0
0.0
0.0
0.0
0.0
0.0
0.0
0.0
0.0
0.0
0.0
0.0
0.0
0.0
0.0
0.0
0.0
0.0
0.0
0.0
0.0
0.0
0.0
0.0
0.0
0.0
0.0
0.0
0.0
0.0
0.0
0.0
0.0
0.0
0.0
0.0
0.0
0.0
0.0
0.0
0.0
0.0
0.0
0.0
0.0
0.0
0.0
0.0
0.0
0.0
0.0
0.0
0.0
0.0
0.0
0.0
0.0
0.0
0.0
0.0
0.0
0.0
0.0
0.0
0.0
0.0
0.0
0.0
0.0
0.0
0.0
0.0
0.0
0.0
0.0
0.0
0.0
0.0
0.0
0.0
0.0
0.0
0.0
0.0
0.0
0.0
0.0
0.0
0.0
0.0
0.0
0.0
0.0
0.0
0.0
0.0
0.0
0.0
0.0
0.0
0.0
0.0
0.0
0.0
0.0
0.0
0.0
0.0
0.0
0.0
0.0
0.0
0.0
0.0
0.0
0.0
0.0
0.0
0.0
0.0
0.0
0.0
0.0
0.0
0.0
0.0
0.0
0.0
0.0
0.0
0.0
0.0
0.0
0.0
0.0
0.0
0.0
0.0
0.0
0.0
0.0
0.0
0.0
0.0
0.0
0.0
0.0
0.0
0.0
0.0
0.0
0.0
0.0
0.0
0.0
0.0
0.0
0.0
0.0
0.0
0.0
0.0
0.0
0.0
0.0
0.0
0.0
0.0
0.0
0.0
0.0
0.0
0.0
0.0
0.0
0.0
0.0
0.0
0.0
0.0
0.0
0.0
0.0
0.0
0.0
0.0
0.0
0.0
0.0
0.0
0.0
0.0
0.0
0.0
0.0
0.0
0.0
0.0
0.0
0.0
0.0
0.0
0.0
0.0
0.0
0.0
0.0
0.0
0.0
0.0
0.0
0.0
0.0
0.0
0.0
0.0
0.0
0.0
0.0
0.0
0.0
0.0
0.0
0.0
0.0
0.0
0.0
0.0
0.0
0.0
0.0
0.0
0.0
0.0
0.0
0.0
0.0
0.0
0.0
0.0
0.0
0.0
0.0
0.0
0.0
0.0
0.0
0.0
0.0
0.0
0.0
0.0
0.0
0.0
0.0
0.0
0.0
0.0
0.0
0.0
0.0
0.0
0.0
0.0
0.0
0.0
0.0
0.0
0.0
0.0
0.0
0.0
0.0
0.0
0.0
0.0
0.0
0.0
0.0
0.0
0.0
0.0
0.0
0.0
0.0
0.0
0.0
0.0
0.0
0.0
0.0
0.0
0.0
0.0
0.0
0.0
0.0
0.0
0.0
0.0
0.0
0.0
0.0
0.0
0.0
0.0
0.0
0.0
0.0
0.0
0.0
0.0
0.0
0.0
0.0
0.0
0.0
0.0
0.0
0.0
0.0
0.0
0.0
0.0
0.0
0.0
0.0
0.0
0.0
0.0
0.0
0.0
0.0
0.0
0.0
0.0
0.0
0.0
0.0
0.0
0.0
0.0
0.0
0.0
0.0
0.0
0.0
0.0
0.0
0.0
0.0
0.0
0.0
0.0
0.0
0.0
0.0
0.0
0.0
0.0
0.0
0.0
0.0
0.0
0.0
0.0
0.0
0.0
0.0
0.0
0.0
0.0
0.0
0.0
0.0
0.0
0.0
0.0
0.0
0.0
0.0
0.0
0.0
0.0
0.0
0.0
0.0
0.0
0.0
0.0
0.0
0.0
0.0
0.0
0.0
0.0
0.0
0.0
0.0
0.0
0.0
0.0
0.0
0.0
0.0
0.0
0.0
0.0
0.0
0.0
0.0
0.0
0.0
0.0
0.0
0.0
0.0
0.0
0.0
0.0
0.0
0.0
0.0
0.0
0.0
0.0
0.0
0.0
0.0
0.0
0.0
0.0
0.0
0.0
0.0
0.0
0.0
0.0
0.0
0.0
0.0
0.0
0.0
0.0
0.0
0.0
0.0
0.0
0.0
0.0
0.0
0.0
0.0
0.0
0.0
0.0
0.0
0.0
0.0
0.0
0.0
0.0
0.0
0.0
0.0
0.0
0.0
0.0
0.0
0.0
0.0
0.0
0.0
0.0
0.0
0.0
0.0
0.0
0.0
0.0
0.0
0.0
0.0
0.0
0.0
0.0
0.0
0.0
0.0
0.0
0.0
0.0
0.0
0.0
0.0
0.0
0.0
0.0
0.0
0.0
0.0
0.0
0.0
0.0
0.0
0.0
0.0
0.0
0.0
0.0
0.0
0.0
0.0
0.0
0.0
0.0
0.0
0.0
0.0
0.0
0.0
0.0
0.0
0.0
0.0
0.0
0.0
0.0
0.0
0.0
0.0
0.0
0.0
0.0
0.0
0.0
0.0
0.0
0.0
0.0
0.0
0.0
0.0
0.0
0.0
0.0
0.0
0.0
0.0
0.0
0.0
0.0
0.0
0.0
0.0
0.0
0.0
0.0
0.0
0.0
0.0
0.0
0.0
0.0
0.0
0.0
0.0
0.0
0.0
0.0
0.0
0.0
0.0
0.0
0.0
0.0
0.0
0.0
0.0
0.0
0.0
0.0
0.0
0.0
0.0
0.0
0.0
0.0
0.0
0.0
0.0
0.0
0.0
0.0
0.0
0.0
0.0
0.0
0.0
0.0
0.0
0.0
0.0
0.0
0.0
0.0
0.0
0.0
0.0
0.0
0.0
0.0
0.0
0.0
0.0
0.0
0.0
0.0
0.0
0.0
0.0
0.0
0.0
0.0
0.0
0.0
0.0
0.0
0.0
0.0
0.0
0.0
0.0
0.0
0.0
0.0
0.0
0.0
0.0
0.0
0.0
0.0
0.0
0.0
0.0
0.0
0.0
0.0
0.0
0.0
0.0
0.0
0.0
0.0
0.0
0.0
0.0
0.0
0.0
0.0
0.0
0.0
0.0
0.0
0.0
0.0
0.0
0.0
0.0
0.0
0.0
0.0
0.0
0.0
0.0
0.0
0.0
0.0
0.0
0.0
0.0
0.0
0.0
0.0
0.0
0.0
0.0
0.0
0.0
0.0
0.0
0.0
0.0
0.0
0.0
0.0
0.0
0.0
0.0
0.0
0.0
0.0
0.0
0.0
0.0
0.0
0.0
0.0
0.0
0.0
0.0
0.0
0.0
0.0
0.0
0.0
0.0
0.0
0.0
0.0
0.0
0.0
0.0
0.0
0.0
0.0
0.0
0.0
0.0
0.0
0.0
0.0
0.0
0.0
0.0
0.0
0.0
0.0
0.0
0.0
0.0
0.0
0.0
0.0
0.0
0.0
0.0
0.0
0.0
0.0
0.0
0.0
0.0
0.0
0.0
0.0
0.0
0.0
0.0
0.0
0.0
0.0
0.0
0.0
0.0
0.0
0.0
0.0
0.0
0.0
0.0
0.0
0.0
0.0
0.0
0.0
0.0
0.0
0.0
0.0
0.0
0.0
0.0
0.0
0.0
0.0
0.0
0.0
0.0
0.0
0.0
0.0
0.0
0.0
0.0
0.0
0.0
0.0
0.0
0.0
0.0
0.0
0.0
0.0
0.0
0.0
0.0
0.0
0.0
0.0
0.0
0.0
0.0
0.0
0.0
0.0
0.0
0.0
0.0
0.0
0.0
0.0
0.0
0.0
0.0
0.0
0.0
0.0
0.0
0.0
0.0
0.0
0.0
0.0
0.0
0.0
0.0
0.0
0.0
0.0
0.0
0.0
0.0
0.0
0.0
0.0
0.0
0.0
0.0
0.0
0.0
0.0
0.0
0.0
0.0
0.0
0.0
0.0
0.0
0.0
0.0
0.0
0.0
0.0
0.0
0.0
0.0
0.0
0.0
0.0
0.0
0.0
0.0
0.0
0.0
0.0
0.0
0.0
0.0
0.0
0.0
0.0
0.0
0.0
0.0
0.0
0.0
0.0
0.0
0.0
0.0
0.0
0.0
0.0
0.0
0.0
0.0
0.0
0.0
0.0
0.0
0.0
0.0
0.0
0.0
0.0
0.0
0.0
0.0
0.0
0.0
0.0
0.0
0.0
0.0
0.0
0.0
0.0
0.0
0.0
0.0
0.0
0.0
0.0
0.0
0.0
0.0
0.0
0.0
0.0
0.0
0.0
0.0
0.0
0.0
0.0
0.0
0.0
0.0
0.0
0.0
0.0
0.0
0.0
0.0
0.0
0.0
0.0
0.0
0.0
0.0
0.0
0.0
0.0
0.0
0.0
0.0
0.0
0.0
0.0
0.0
0.0
0.0
0.0
0.0
0.0
0.0
0.0
0.0
0.0
0.0
0.0
0.0
0.0
0.0
0.0
0.0
0.0
0.0
0.0
0.0
0.0
0.0
0.0
0.0
0.0
0.0
0.0
0.0
0.0
0.0
0.0
0.0
0.0
0.0
0.0
0.0
0.0
0.0
0.0
0.0
0.0
0.0
0.0
0.0
0.0
0.0
0.0
0.0
0.0
0.0
0.0
0.0
0.0
0.0
0.0
0.0
0.0
0.0
0.0
0.0
0.0
0.0
0.0
0.0
0.0
0.0
0.0
0.0
0.0
0.0
0.0
0.0
0.0
0.0
0.0
0.0
0.0
0.0
0.0
0.0
0.0
0.0
0.0
0.0
0.0
0.0
0.0
0.0
0.0
0.0
0.0
0.0
0.0
0.0
0.0
0.0
0.0
0.0
0.0
0.0
0.0
0.0
0.0
0.0
0.0
0.0
0.0
0.0
0.0
0.0
0.0
0.0
0.0
0.0
0.0
0.0
0.0
0.0
0.0
0.0
0.0
0.0
0.0
0.0
0.0
0.0
0.0
0.0
0.0
0.0
0.0
0.0
0.0
0.0
0.0
0.0
0.0
0.0
0.0
0.0
0.0
0.0
0.0
0.0
0.0
0.0
0.0
0.0
0.0
0.0
0.0
0.0
0.0
0.0
0.0
0.0
0.0
0.0
0.0
0.0
0.0
0.0
0.0
0.0
0.0
0.0
0.0
0.0
0.0
0.0
0.0
0.0
0.0
0.0
0.0
0.0
0.0
0.0
0.0
0.0
0.0
0.0
0.0
0.0
0.0
0.0
0.0
0.0
0.0
0.0
0.0
0.0
0.0
0.0
0.0
0.0
0.0
0.0
0.0
0.0
0.0
0.0
0.0
0.0
0.0
0.0
0.0
0.0
0.0
0.0
0.0
0.0
0.0
0.0
0.0
0.0
0.0
0.0
0.0
0.0
0.0
0.0
0.0
0.0
0.0
0.0
0.0
0.0
0.0
0.0
0.0
0.0
0.0
0.0
0.0
0.0
0.0
0.0
0.0
0.0
0.0
0.0
0.0
0.0
0.0
0.0
0.0
0.0
0.0
0.0
0.0
0.0
0.0
0.0
0.0
0.0
0.0
0.0
0.0
0.0
0.0
0.0
0.0
0.0
0.0
0.0
0.0
0.0
0.0
0.0
0.0
0.0
0.0
0.0
0.0
0.0
0.0
0.0
0.0
0.0
0.0
0.0
0.0
0.0
0.0
0.0
0.0
0.0
0.0
0.0
0.0
0.0
0.0
0.0
0.0
0.0
0.0
0.0
0.0
0.0
0.0
0.0
0.0
0.0
0.0
0.0
0.0
0.0
0.0
0.0
0.0
0.0
0.0
0.0
0.0
0.0
0.0
0.0
0.0
0.0
0.0
0.0
0.0
0.0
0.0
0.0
0.0
0.0
0.0
0.0
0.0
0.0
0.0
0.0
0.0
0.0
0.0
0.0
0.0
0.0
0.0
0.0
0.0
0.0
0.0
0.0
0.0
0.0
0.0
0.0
0.0
0.0
0.0
0.0
0.0
0.0
0.0
0.0
0.0
0.0
0.0
0.0
0.0
0.0
0.0
0.0
0.0
0.0
0.0
0.0
0.0
0.0
0.0
0.0
0.0
0.0
0.0
0.0
0.0
0.0
0.0
180.0
421888.0
496.0
417792.0
0.0
0.0
0.0
0.0
0.0
0.0
0.0
0.0
0.0
0.0
0.0
0.0
24.0
416500.0
0.0
0.0
0.0
0.0
0.0
0.0
0.0
0.0
0.0
0.0
