0.06621254
0.0037364997
0.0037945246
0.0038326988
0.0037151221
0.0038403338
0.0035288315
0.0036784748
0.0036983255
0.0034921842
0.0036891636
0.0038662923
0.0037471885
0.0035379934
0.003770093
0.003716649
0.0036250306
0.0037364997
0.0035532631
0.003773147
0.0038006324
0.003599072
0.0037975786
0.0037303919
0.003660151
0.003716649
0.003557844
0.0036097611
0.0036800017
0.0037303919
0.0035379934
0.0036586241
0.0038006324
0.0036738939
0.003611288
0.003725811
0.003768566
0.0035441013
0.0035334125
0.0036494622
0.0037364997
0.0036479353
0.003718176
0.0036769477
0.0037334457
0.003547155
0.003599072
0.0036311387
0.003773147
0.0035776945
0.0036143418
0.0036738939
0.0038159022
0.003663205
0.0036509892
0.0036570972
0.0035670057
0.0036357194
0.003663205
0.0035746407
0.0037380266
0.0036861096
0.003612815
0.0037578773
0.003559371
0.003661678
0.0036525163
0.0036967983
0.0037899436
0.0037059602
0.0037517694
0.0037303919
0.0035838026
0.0036662589
0.0037090143
0.003669313
0.0035883833
0.0035257775
0.0036464084
0.003560898
0.0037273378
0.0036296116
0.0035822755
0.0037074871
0.0036464084
0.0036341925
0.0036433544
0.0037303919
0.0035624248
0.0036372466
0.0037548232
0.0036922174
0.0036311387
0.003663205
0.0036952714
0.003664732
0.0037670392
0.003820483
0.0037074871
0.0038235371
0.0037914705
0.0037334457
0.0035532631
0.0036372466
0.0037380266
0.0038113212
0.0036387735
0.0036800017
0.003557844
0.0036586241
0.0037303919
0.00365557
0.003611288
0.0034692797
0.0037426075
0.0038357528
0.0036265578
0.0038601845
0.0037502423
0.0036525163
0.0036265578
0.0037838358
0.0036540432
0.0037548232
0.0036235037
0.0038006324
0.00372123
0.0037487154
0.0035044
0.003820483
0.0037013793
0.0036509892
0.0037364997
0.0037105412
0.0036738939
0.0035166158
0.003599072
0.0036708398
0.0036464084
0.0039548567
0.0036143418
0.0035379934
0.0036143418
0.003716649
0.0036708398
0.0037517694
0.0037517694
0.0036998524
0.0037410806
0.0037364997
0.0037380266
0.0035975452
0.0036021261
0.0037594042
0.0037380266
0.0037456616
0.003664732
0.0036494622
0.0037029062
0.0036509892
0.0035853295
0.0035303584
0.003713595
0.0036769477
0.003660151
0.0036494622
0.003770093
0.0036586241
0.0035486822
0.0037639851
0.0035227237
0.0036540432
0.0036005992
0.0036509892
0.003719703
0.0037670392
0.0038281179
0.0037578773
0.0036494622
0.003768566
0.0037395535
0.003725811
0.0037532963
0.003825064
0.0036357194
0.0036876365
0.0036479353
0.0036464084
0.0034921842
0.0037059602
0.0035899105
0.003606707
0.0037914705
0.0037151221
0.0036403004
0.0036235037
0.0035853295
0.0036830558
0.0035624248
0.0036372466
0.0037471885
0.003455537
0.0036448813
0.0037319188
0.003563952
0.0036418275
0.003718176
0.0037975786
0.0035257775
0.0036433544
0.0036341925
0.0035761676
0.0036341925
0.0036586241
0.0036005992
0.0036662589
0.003718176
0.0035914374
0.0035624248
0.003773147
0.0035105078
0.00372123
0.0035395203
0.0035914374
0.0037151221
0.003612815
0.0035044
0.0035929643
0.0037273378
0.0036021261
0.0035532631
0.0037502423
0.0036341925
0.0037288647
0.0036280847
0.0037487154
0.003667786
0.0036906905
0.0037090143
0.0036967983
0.0036845827
0.003661678
0.003719703
0.0036845827
0.0036418275
0.0037395535
0.003724284
0.0038388069
0.0036830558
0.0037548232
0.0035838026
0.0036387735
0.003606707
0.003559371
0.0035685329
0.0009085481
0.05172414
0.0
0.0
0.0
0.0
0.0
0.0
0.0
0.0
0.0
0.0
0.0
0.0
0.0
0.0
0.0
0.0
0.0
0.0
0.0
0.0
0.0
0.0
0.0
0.0
0.0
0.0
0.0
0.0
0.0
0.0
0.0
0.0
0.0
0.0
0.0
0.0
0.0
0.0
0.0
0.0
0.0
0.0
0.0
0.0
0.0
0.0
0.0
0.0
0.0
0.0
0.0
0.0
0.0
0.0
0.0
0.0
0.0
0.0
0.0
0.0
0.0
0.0
0.0
0.0026962615
2.142927e-05
6.581847e-05
2.2194603e-05
2.3725264e-05
1.5306623e-05
1.9898609e-05
2.5255928e-05
5.1277184e-05
2.3725264e-05
4.132788e-05
1.9133278e-05
4.132788e-05
1.7602615e-05
1.9133278e-05
3.1378575e-05
0.0
0.0
0.0
0.0
0.0
0.0
0.0
0.0
0.0
0.0
0.0
0.0
0.0
0.0
0.0
0.0
0.0
0.0
0.0
0.0
0.0
0.0
0.0
0.0
0.0
0.0
0.0
0.0
0.0
0.0
0.0
0.0
0.0
0.0
0.0
0.0
0.0
0.0
0.0
0.0
0.0
0.0
0.0
0.0
0.0
0.0
0.0
0.0
0.001019421
2.755192e-05
8.11251e-05
2.755192e-05
5.2042516e-05
1.9898609e-05
1.9133278e-05
3.2909236e-05
5.8930495e-05
1.6071954e-05
4.6685196e-05
2.066394e-05
5.1277184e-05
2.2194603e-05
2.6021258e-05
4.5919867e-05
0.00082808826
1.5306623e-05
4.5154535e-05
3.673589e-05
4.745053e-05
3.520523e-05
0.00028087653
0.00012704496
5.7399833e-05
9.9493045e-06
2.2959932e-06
4.5919865e-06
1.5306623e-05
7.6533115e-06
1.0714635e-05
4.3623873e-05
0.0
0.0
0.0
0.0
0.0
0.0
0.0
0.0
0.0
0.0
0.0
0.0
0.0
0.0
0.0
0.0
0.0016347473
0.00010561569
9.260506e-05
0.00010178904
0.00010561569
0.00010867702
0.00010867702
9.719705e-05
8.265576e-05
0.00010485036
9.337039e-05
0.00011020768
8.495175e-05
0.00010867702
9.719705e-05
9.796238e-05
0.0012298871
9.5666386e-05
0.0001278103
0.00010561569
0.0001423516
0.00013699426
0.0003030711
0.00016837285
0.00021965003
6.352248e-05
6.658381e-05
7.11758e-05
0.000114799666
6.658381e-05
8.724775e-05
0.0001354636
0.0027972853
0.00035740962
0.00034746033
0.00031608174
0.00035817496
0.00035052164
0.00032143906
0.0003688896
0.00065282744
0.00023342599
0.00021276205
0.0002686312
0.000351287
0.00023419132
0.00029541782
0.0003711856
0.0012199378
0.00021352738
0.00025408991
0.0002655699
0.00025638592
0.00021123138
0.0002165887
0.00022959933
0.00026633524
0.00017373016
0.00023189533
0.0002701619
0.00021123138
0.00019362877
0.00023954864
0.0002487326
0.05826389
0.057945516
0.0576279
0.057833012
0.05751846
0.057743467
0.058025874
0.05824782
0.057335544
0.058620535
0.057823062
0.05832818
0.057702906
0.05731488
0.05780699
0.05505945
2940.0
5.7608843
16937.0
0.011040917
0.009446774
0.008324969
0.010863789
0.008561138
0.010863789
0.010214324
0.009741985
0.010037197
0.009682943
0.0103914505
0.009919112
0.010981874
0.009446774
0.009682943
0.010981874
0.009505816
0.009564858
0.011513255
0.010981874
0.0109228315
0.010568578
0.0103914505
0.007911673
0.0098600695
0.01062762
0.010509536
0.010332408
0.010509536
0.011159001
0.0103914505
0.008974435
0.0087973075
0.011867509
0.009978155
0.010273366
0.010273366
0.009978155
0.0098600695
0.010214324
0.0093286885
0.0096239
0.010037197
0.010214324
0.010214324
0.0096239
0.010037197
0.008620181
0.010450493
0.01062762
0.009682943
0.010450493
0.0103914505
0.010155281
0.009741985
0.0119855935
0.010096239
0.010214324
0.009446774
0.010037197
0.008679223
0.010686662
0.009682943
0.0087973075
0.010096239
0.012930271
0.0109228315
0.012044636
0.01139517
0.013343567
0.009387731
0.010981874
0.012339848
0.012930271
0.010096239
0.0103914505
0.013638779
0.010568578
0.011690382
0.0119855935
0.011159001
0.009741985
0.012989313
0.011572298
0.0114542125
0.011690382
0.010686662
0.010273366
0.009978155
0.01062762
0.011336128
0.009919112
0.010568578
0.009682943
0.0096239
0.009978155
6.57763
0.0
0.0
0.0
8.0
654891.0
360448.0
0.0
0.0
13.0
1.0
1.0
0.0
1.0
0.0
708992500.0
0.0
0.0
0.0
0.0
0.0
1.0
0.0
0.0
0.0
0.0
0.0
0.0
-1.0
2.0
-1.0
-1.0
0.0
1.0
0.0
0.0
0.0
0.0
0.0
0.0
0.0
0.0
0.0
0.0
-1.0
0.0
0.0
0.0
0.0
0.0
0.0
0.0
0.0
0.0
0.0
0.0
0.0
-1.0
0.0
0.0
0.0
0.0
0.0
0.0
0.0
0.0
0.0
0.0
2.0
25.0
1.0
0.0
4.0
0.0
203264.0
1024.0
4096.0
10.0
4.0
0.0
0.0
10.0
0.0
0.0
0.0
0.0
0.0
0.0
0.0
0.0
0.0
0.0
6144.0
0.0
0.0
0.0
512.0
0.0
0.0
0.0
0.0
0.0
0.0
0.0
-1536.0
0.0
0.0
0.0
0.0
0.0
0.0
0.0
0.0
0.0
0.0
0.0
0.0
-90624.0
0.0
0.0
0.0
0.0
0.0
0.0
-3584.0
30720.0
0.0
0.0
0.0
0.0
0.0
0.0
0.0
0.0
0.0
0.0
0.0
0.0
0.0
0.0
0.0
0.0
6.288305
0.0
0.0
0.0
0.20448816
0.0
0.0
0.0
0.0
0.0
0.0
0.0
-6.5987444
0.0
0.0
0.0
0.0
0.0
0.0
0.0
0.0
0.0
0.0
0.0
0.0
-7.996807
0.0
0.0
0.0
0.0
0.0
0.0
-7.3927345
7.8770914
0.0
0.0
0.0
0.0
0.0
0.0
0.0
0.0
-4096.0
0.0
0.0
-16384.0
0.0
0.0
0.0
0.0
8192.0
0.0
0.0
0.0
4096.0
0.0
4096.0
0.0
0.0
0.0
0.0
0.0
-4096.0
0.0
0.0
0.0
0.0
0.0
0.0
0.0
0.0
0.0
-4096.0
0.0
0.0
-204800.0
0.0
0.0
0.0
0.0
0.0
0.0
-12288.0
94208.0
0.0
0.0
0.0
0.0
0.0
0.0
0.0
0.0
0.0
0.0
0.0
0.0
0.0
0.0
0.0
0.0
0.0
0.0
0.0
0.0
0.0
0.0
0.0
0.0
0.0
0.0
0.0
0.0
0.0
0.0
0.0
0.0
0.0
0.0
0.0
0.0
0.0
0.0
0.0
0.0
0.0
0.0
0.0
0.0
0.0
0.0
0.0
0.0
0.0
0.0
0.0
0.0
0.0
0.0
0.0
0.0
0.0
0.0
0.0
0.0
0.0
0.0
0.0
0.0
0.0
0.0
0.0
0.0
0.0
0.0
0.0
0.0
0.0
0.0
0.0
0.0
0.0
0.0
0.0
0.0
0.0
0.0
0.0
0.0
0.0
0.0
0.0
0.0
0.0
0.0
0.0
0.0
0.0
0.0
0.0
0.0
0.0
0.0
0.0
0.0
0.0
0.0
0.0
0.0
0.0
0.0
0.0
0.0
0.0
0.0
0.0
0.0
0.0
0.0
0.0
0.0
0.0
0.0
0.0
0.0
0.0
0.0
0.0
0.0
0.0
0.0
0.0
0.0
0.0
0.0
0.0
-1.0
0.0
0.0
0.0
0.0
-1.0
0.0
0.0
0.0
0.0
0.0
0.0
0.0
0.0
0.0
0.0
0.0
0.0
0.0
0.0
0.0
0.0
0.0
0.0
0.0
0.0
0.0
0.0
-1.0
0.0
0.0
0.0
0.0
0.0
0.0
0.0
0.0
0.0
0.0
0.0
0.0
0.0
0.0
0.0
0.0
0.0
0.0
0.0
0.0
0.0
0.0
0.0
0.0
0.0
0.0
0.0
0.0
0.0
0.0
0.0
0.0
0.0
0.0
0.0
0.0
0.0
0.0
0.0
0.0
0.0
0.0
1.0
0.0
0.0
0.0
-1.0
0.0
0.0
0.0
0.0
0.0
0.0
0.0
0.0
0.0
0.0
0.0
0.0
0.0
0.0
0.0
0.0
1.0
0.0
0.0
0.0
0.0
0.0
0.0
0.0
0.0
0.0
0.0
0.0
0.0
0.0
0.0
0.0
0.0
0.0
0.0
0.0
0.0
0.0
0.0
0.0
0.0
0.0
0.0
0.0
0.0
0.0
0.0
0.0
0.0
0.0
0.0
0.0
0.0
0.0
0.0
0.0
0.0
0.0
0.0
0.0
0.0
0.0
0.0
0.0
0.0
0.0
0.0
0.0
0.0
0.0
0.0
0.0
0.0
0.0
0.0
0.0
0.0
0.0
0.0
0.0
0.0
0.0
0.0
0.0
0.0
0.0
0.0
0.0
0.0
0.0
0.0
0.0
0.0
0.0
0.0
0.0
0.0
0.0
0.0
0.0
0.0
0.0
0.0
0.0
0.0
0.0
0.0
0.0
0.0
0.0
0.0
0.0
0.0
0.0
0.0
0.0
0.0
0.0
0.0
0.0
0.0
0.0
0.0
0.0
0.0
0.0
0.0
0.0
0.0
0.0
-1.0
0.0
0.0
0.0
0.0
0.0
0.0
0.0
0.0
1.0
0.0
0.0
0.0
0.0
0.0
0.0
0.0
0.0
0.0
0.0
0.0
0.0
0.0
0.0
0.0
0.0
0.0
0.0
0.0
0.0
0.0
0.0
0.0
0.0
0.0
0.0
0.0
0.0
0.0
0.0
0.0
0.0
0.0
0.0
0.0
0.0
0.0
0.0
0.0
0.0
0.0
0.0
0.0
0.0
0.0
0.0
0.0
0.0
0.0
0.0
0.0
0.0
0.0
-1.0
0.0
0.0
0.0
0.0
0.0
0.0
0.0
0.0
0.0
0.0
0.0
0.0
0.0
0.0
0.0
0.0
0.0
0.0
0.0
0.0
0.0
0.0
0.0
0.0
0.0
0.0
0.0
0.0
0.0
0.0
0.0
0.0
0.0
0.0
0.0
0.0
0.0
0.0
0.0
0.0
0.0
0.0
0.0
0.0
0.0
1.0
0.0
0.0
0.0
0.0
0.0
0.0
0.0
0.0
0.0
0.0
0.0
0.0
0.0
0.0
0.0
0.0
0.0
0.0
0.0
0.0
0.0
0.0
0.0
0.0
0.0
0.0
0.0
0.0
0.0
0.0
0.0
0.0
0.0
0.0
0.0
0.0
0.0
0.0
0.0
0.0
0.0
0.0
0.0
0.0
0.0
0.0
-1.0
0.0
0.0
0.0
0.0
0.0
0.0
0.0
0.0
0.0
0.0
0.0
0.0
0.0
0.0
0.0
0.0
0.0
0.0
0.0
0.0
0.0
0.0
0.0
0.0
0.0
0.0
0.0
0.0
0.0
0.0
0.0
0.0
0.0
0.0
0.0
0.0
0.0
0.0
0.0
0.0
0.0
0.0
0.0
0.0
0.0
0.0
0.0
0.0
0.0
0.0
0.0
0.0
0.0
0.0
0.0
0.0
0.0
0.0
0.0
0.0
0.0
0.0
0.0
0.0
0.0
0.0
0.0
0.0
0.0
0.0
0.0
0.0
0.0
0.0
0.0
0.0
0.0
0.0
0.0
0.0
0.0
0.0
0.0
0.0
0.0
0.0
0.0
0.0
0.0
0.0
0.0
0.0
0.0
0.0
0.0
0.0
0.0
0.0
0.0
0.0
0.0
0.0
0.0
0.0
0.0
0.0
0.0
0.0
0.0
0.0
0.0
0.0
0.0
0.0
0.0
0.0
0.0
0.0
0.0
0.0
0.0
0.0
0.0
0.0
0.0
0.0
0.0
0.0
0.0
0.0
0.0
0.0
0.0
1.0
0.0
0.0
0.0
0.0
0.0
0.0
0.0
0.0
0.0
0.0
0.0
0.0
0.0
0.0
0.0
0.0
0.0
0.0
0.0
0.0
0.0
0.0
0.0
0.0
0.0
0.0
0.0
0.0
0.0
0.0
0.0
0.0
0.0
0.0
0.0
0.0
0.0
0.0
0.0
0.0
0.0
0.0
0.0
0.0
0.0
0.0
0.0
0.0
0.0
0.0
0.0
0.0
0.0
0.0
0.0
0.0
0.0
0.0
0.0
0.0
0.0
0.0
0.0
0.0
0.0
0.0
0.0
0.0
0.0
0.0
0.0
0.0
0.0
0.0
0.0
0.0
0.0
0.0
0.0
0.0
0.0
0.0
0.0
0.0
0.0
0.0
0.0
0.0
0.0
0.0
0.0
0.0
0.0
0.0
0.0
0.0
0.0
0.0
0.0
0.0
0.0
0.0
0.0
0.0
0.0
0.0
0.0
0.0
0.0
0.0
0.0
0.0
0.0
0.0
0.0
0.0
0.0
0.0
0.0
0.0
0.0
0.0
0.0
0.0
0.0
0.0
0.0
0.0
0.0
0.0
0.0
0.0
0.0
0.0
0.0
0.0
0.0
0.0
0.0
0.0
0.0
0.0
0.0
0.0
0.0
0.0
0.0
0.0
0.0
0.0
0.0
0.0
0.0
0.0
0.0
0.0
0.0
0.0
0.0
0.0
0.0
0.0
0.0
0.0
0.0
0.0
0.0
0.0
0.0
0.0
0.0
0.0
0.0
0.0
0.0
0.0
1.0
0.0
0.0
0.0
0.0
0.0
0.0
0.0
0.0
0.0
0.0
0.0
0.0
0.0
0.0
0.0
0.0
0.0
0.0
0.0
0.0
-1.0
0.0
0.0
0.0
0.0
0.0
0.0
0.0
0.0
0.0
0.0
0.0
0.0
0.0
0.0
0.0
0.0
0.0
0.0
0.0
0.0
0.0
0.0
0.0
0.0
0.0
0.0
0.0
0.0
0.0
0.0
0.0
0.0
0.0
0.0
0.0
0.0
0.0
0.0
0.0
1.0
0.0
0.0
0.0
0.0
0.0
0.0
0.0
0.0
0.0
0.0
0.0
0.0
0.0
0.0
0.0
0.0
0.0
0.0
0.0
0.0
0.0
0.0
0.0
0.0
0.0
0.0
0.0
0.0
0.0
0.0
0.0
0.0
0.0
0.0
0.0
0.0
0.0
0.0
0.0
0.0
-1.0
0.0
0.0
0.0
0.0
0.0
0.0
0.0
0.0
0.0
0.0
0.0
0.0
0.0
0.0
0.0
0.0
0.0
0.0
0.0
0.0
0.0
0.0
0.0
0.0
0.0
0.0
0.0
0.0
0.0
0.0
0.0
0.0
0.0
0.0
0.0
0.0
0.0
0.0
0.0
0.0
0.0
0.0
0.0
0.0
0.0
0.0
0.0
0.0
0.0
0.0
0.0
0.0
0.0
0.0
0.0
0.0
0.0
0.0
0.0
0.0
0.0
0.0
0.0
0.0
0.0
0.0
0.0
0.0
0.0
0.0
0.0
0.0
0.0
0.0
0.0
0.0
0.0
0.0
0.0
0.0
0.0
0.0
0.0
0.0
0.0
0.0
0.0
0.0
0.0
0.0
0.0
0.0
0.0
0.0
1.0
0.0
0.0
0.0
0.0
0.0
0.0
0.0
0.0
0.0
0.0
0.0
0.0
0.0
0.0
0.0
0.0
0.0
0.0
0.0
0.0
0.0
0.0
0.0
0.0
0.0
0.0
0.0
0.0
0.0
0.0
0.0
0.0
0.0
0.0
0.0
0.0
0.0
0.0
0.0
0.0
0.0
0.0
0.0
0.0
0.0
0.0
0.0
0.0
0.0
0.0
0.0
0.0
0.0
0.0
0.0
0.0
0.0
0.0
0.0
0.0
0.0
0.0
0.0
0.0
0.0
0.0
0.0
0.0
0.0
0.0
0.0
0.0
0.0
0.0
0.0
0.0
0.0
0.0
0.0
0.0
0.0
0.0
0.0
0.0
0.0
0.0
0.0
0.0
0.0
0.0
0.0
0.0
0.0
0.0
0.0
0.0
0.0
0.0
0.0
0.0
0.0
0.0
0.0
0.0
0.0
0.0
0.0
0.0
0.0
0.0
0.0
0.0
0.0
0.0
0.0
0.0
0.0
0.0
0.0
0.0
0.0
0.0
0.0
0.0
0.0
0.0
0.0
0.0
-1.0
0.0
0.0
0.0
0.0
0.0
0.0
0.0
0.0
0.0
0.0
0.0
0.0
0.0
0.0
0.0
0.0
0.0
1.0
0.0
0.0
0.0
0.0
0.0
0.0
0.0
0.0
0.0
0.0
0.0
0.0
0.0
0.0
0.0
0.0
0.0
0.0
0.0
0.0
0.0
0.0
0.0
0.0
0.0
0.0
0.0
0.0
0.0
0.0
0.0
0.0
0.0
0.0
0.0
0.0
0.0
0.0
0.0
0.0
0.0
0.0
0.0
0.0
0.0
0.0
0.0
0.0
0.0
0.0
0.0
0.0
0.0
0.0
0.0
0.0
0.0
0.0
0.0
0.0
0.0
0.0
0.0
0.0
0.0
0.0
0.0
0.0
0.0
0.0
0.0
0.0
0.0
0.0
0.0
0.0
0.0
0.0
0.0
0.0
0.0
0.0
0.0
0.0
0.0
0.0
0.0
0.0
0.0
0.0
0.0
0.0
0.0
0.0
0.0
0.0
0.0
0.0
0.0
0.0
0.0
0.0
0.0
0.0
0.0
0.0
0.0
0.0
0.0
0.0
0.0
0.0
0.0
0.0
1.0
1.0
0.0
0.0
0.0
0.0
0.0
0.0
0.0
0.0
0.0
0.0
0.0
0.0
0.0
0.0
0.0
0.0
0.0
0.0
0.0
0.0
0.0
0.0
0.0
0.0
0.0
0.0
0.0
0.0
0.0
0.0
0.0
0.0
0.0
0.0
0.0
0.0
0.0
0.0
0.0
0.0
0.0
0.0
0.0
0.0
0.0
0.0
0.0
0.0
0.0
0.0
0.0
0.0
0.0
0.0
0.0
0.0
0.0
0.0
0.0
0.0
0.0
0.0
0.0
0.0
0.0
0.0
0.0
0.0
0.0
0.0
0.0
0.0
0.0
0.0
0.0
0.0
0.0
0.0
0.0
0.0
0.0
0.0
0.0
0.0
0.0
0.0
0.0
0.0
0.0
0.0
0.0
0.0
0.0
0.0
0.0
0.0
0.0
0.0
0.0
0.0
0.0
0.0
0.0
0.0
0.0
0.0
0.0
0.0
0.0
0.0
0.0
0.0
0.0
0.0
0.0
0.0
0.0
0.0
0.0
0.0
0.0
0.0
0.0
0.0
0.0
0.0
0.0
0.0
0.0
0.0
0.0
0.0
0.0
0.0
0.0
0.0
0.0
0.0
0.0
0.0
0.0
0.0
0.0
0.0
0.0
0.0
0.0
0.0
0.0
0.0
0.0
0.0
0.0
0.0
0.0
0.0
0.0
0.0
0.0
0.0
0.0
0.0
0.0
0.0
0.0
0.0
0.0
0.0
0.0
0.0
0.0
0.0
0.0
0.0
0.0
0.0
0.0
0.0
0.0
0.0
0.0
0.0
0.0
0.0
0.0
0.0
0.0
0.0
0.0
0.0
0.0
0.0
0.0
0.0
0.0
0.0
0.0
0.0
0.0
0.0
0.0
0.0
0.0
0.0
0.0
0.0
0.0
0.0
0.0
0.0
0.0
0.0
0.0
0.0
0.0
0.0
0.0
0.0
0.0
0.0
0.0
0.0
0.0
0.0
0.0
0.0
0.0
0.0
0.0
0.0
0.0
0.0
0.0
0.0
0.0
0.0
0.0
0.0
0.0
0.0
0.0
0.0
0.0
0.0
0.0
0.0
0.0
0.0
0.0
0.0
0.0
732.0
352796.0
94208.0
253952.0
0.0
0.0
0.0
0.0
8.0
352452.0
0.0
0.0
0.0
0.0
0.0
0.0
24.0
352428.0
0.0
0.0
0.0
0.0
0.0
0.0
0.0
0.0
0.0
0.0
