0.07865117
0.013289622
0.005283642
0.0076059354
0.010284201
0.00075601676
0.0057023326
0.0010797818
0.007836469
0.0007729678
0.0011577567
0.0016747636
0.005273471
0.0005882014
0.0017679944
0.006453264
0.0041987747
0.0011458909
0.0013018405
0.003586842
0.003966545
0.00061871327
0.0014154125
0.00068312726
0.00202226
0.00080686994
0.0007966993
0.0031495048
0.0019493706
0.00064583495
0.0028155693
0.0013798154
0.001518814
0.00071024895
0.0010797818
0.0008678937
0.014393136
0.0007407608
0.001681544
0.002200246
0.0019307245
0.00091705174
0.0015984839
0.0008136503
0.0013916811
0.0005153119
0.0019341146
0.0006610909
0.0018680056
0.0025155356
0.0025307916
0.0025596083
0.0020103944
0.010112995
0.025626596
0.0038750097
0.0045835637
0.0034241118
0.0038258517
0.002149393
0.008067004
0.0028189593
0.00817549
0.00092213706
0.006092207
0.0035681957
0.004849695
0.008606047
0.005031071
0.01698495
0.0021934656
0.006368509
0.0016442518
0.0062939245
0.001957846
0.0026002908
0.0011035133
0.002361281
0.0037054992
0.00057294546
0.0016866294
0.00066956645
0.0013916811
0.00210193
0.0020595524
0.006453264
0.0023256838
0.00084416225
0.0011916588
0.0005187021
0.0041021537
0.0016374713
0.0015544111
0.0044682967
0.0030105063
0.0018239329
0.0006610909
0.0010780867
0.0013679496
0.0010255384
0.00093061256
0.0014899971
0.0016866294
0.0010136727
0.00076957763
0.0011391104
0.0012221707
0.00081195525
0.0011933538
0.0006983832
0.0017917259
0.0011577567
0.0010662209
0.0006526154
0.0017849455
0.0024307803
0.0053938236
0.013633729
0.03281723
0.0044682967
0.0030359328
0.0020815888
0.00662447
0.004625941
0.0016578126
0.0026070713
0.0032054433
0.0012204755
0.0025629986
0.0015052531
0.0023850126
0.007889018
0.0027731915
0.009258663
0.0018137622
0.00071533426
0.0018052867
0.024492571
0.0016781539
0.024667166
0.00075093145
0.007158428
0.0013340475
0.0006204084
0.013303183
0.00056786014
0.0010136727
0.0016391664
0.0014510098
0.0022392336
0.0010763915
0.0006797371
0.0014577901
0.0007339804
0.0038190712
0.0025138406
0.0017866405
0.0011069035
0.001164537
0.0011272448
0.0011425007
0.0007305902
0.0007814433
0.00082043075
0.00089332025
0.00043394684
0.00258673
0.0020358209
0.0020188699
0.0008594182
0.0025596083
0.0019849679
0.001100123
0.00046784893
0.0009407832
0.0011374154
0.0016442518
0.001486607
0.011213119
0.029328704
0.0035936222
0.0015238993
0.004561527
0.0035665007
0.0034681845
0.0027375943
0.0030613595
0.008873874
0.0037377062
0.010643563
0.024838371
0.010736794
0.00727539
0.008139893
0.0055548586
0.0053294096
0.0028986293
0.0010594405
0.006300705
0.009899412
0.0018324084
0.0015578014
0.0025019748
0.002246014
0.0010051972
0.002198551
0.0016357763
0.0008746741
0.0019341146
0.0007356755
0.00331393
0.0020612476
0.0007899189
0.0005915916
0.0011238545
0.004156397
0.0024511216
0.00075601676
0.0011764028
0.0014628755
0.0014730461
0.0004966657
0.0019798826
0.0005932867
0.0013730349
0.00072380976
0.0040496057
0.00057803077
0.0016832391
0.0024443413
0.0010696112
0.0007865287
0.008034797
0.002891849
0.0018527496
0.0025324866
0.0039733257
0.0005610797
0.0016764587
0.0011747077
0.0014781314
0.00074754126
0.0017713846
0.0020985398
0.0036936335
0.0012374265
0.0036122685
0.0025833398
0.007207586
0.0035665007
0.0023019523
0.0022019413
0.002734204
0.0049598766
0.0057175886
0.04887835
0.0
0.0
0.0
0.0
0.0
0.0
0.0
0.0
0.0
0.0
0.0
0.0
0.0
0.0
0.0
0.0
0.0
0.0
0.0
0.0
0.0
0.0
0.0
0.0
0.0
0.0
0.0
0.0
0.0
0.0
0.0
0.0
0.0
0.0
0.0
0.0
0.0
0.0
0.0
0.0
0.0
0.0
0.0
0.0
0.0
0.0
0.0
0.0
0.005850883
4.755435e-05
3.3967392e-06
8.491848e-07
2.6324728e-05
0.0
8.491848e-07
0.00021824049
2.5475545e-06
1.6983695e-05
5.9442937e-06
3.3967392e-06
1.6983696e-06
0.0
1.8682065e-05
0.0007591712
0.0
0.0
0.0
0.0
0.0
0.0
0.0
0.0
0.0
0.0
0.0
0.0
0.0
0.0
0.0
0.0
0.0
0.0
0.0
0.0
0.0
0.0
0.0
0.0
0.0
0.0
0.0
0.0
0.0
0.0
0.0
0.0
0.0
0.0
0.0
0.0
0.0
0.0
0.0
0.0
0.0
0.0
0.0
0.0
0.0
0.0
0.0
0.0
0.004620414
4.415761e-05
8.661685e-05
0.001461447
0.0001452106
8.491848e-05
0.00023947012
0.0013485054
0.00010275136
5.689538e-05
5.689538e-05
0.0027496603
0.00032863452
0.000100203804
0.00015455163
0.0005935802
0.003920686
6.453804e-05
0.00016474185
0.0010665761
0.00015200408
0.00015879756
0.00086786685
0.0010971468
0.00013756793
7.897418e-05
2.8023098e-05
0.0020142663
0.00016389266
9.086277e-05
0.000108695654
0.00032014266
0.005400815
0.00013077445
0.00016898777
0.0021891983
0.0004959239
0.00025730298
0.0006199049
0.0025263247
0.00027853262
0.00030910326
0.00021824049
0.004706182
0.00075152854
0.00039911683
0.0005298913
0.0018877378
0.00686481
0.00090013584
0.0009909987
0.011152344
0.0013833221
0.0014147419
0.0013009511
0.013171705
0.00089673913
0.0010011889
0.0008585258
0.020772759
0.0034111752
0.0017119566
0.0015472147
0.0021866509
0.009504076
0.00039487093
0.00070142664
0.0020295517
0.0014351223
0.00082116167
0.0020422894
0.0030681046
0.00049422553
0.00063094427
0.0005247962
0.0031861414
0.000905231
0.0011998981
0.0014648438
0.0029016645
0.011942086
0.0012508492
0.002173913
0.0022647758
0.0026188858
0.0011183764
0.0010368546
0.0033907949
0.0055290423
0.0017680028
0.0007311481
0.0032710598
0.0019726562
0.0015922214
0.0017620585
0.008012058
0.05936736
0.010546875
0.01621858
0.016083559
0.030890794
0.015482337
0.0038298233
0.020003397
0.05429263
0.013788213
0.005819463
0.0254161
0.021363791
0.007444803
0.014804687
0.042908456
0.038147077
0.015713315
0.011527684
0.044820823
0.03401834
0.015504416
0.0072673233
0.039663725
0.028590353
0.016591372
0.010956182
0.058286346
0.028943615
0.011414742
0.014008152
0.03324219
0.002077955
0.0014232337
0.0009502378
0.003963995
0.0028693953
0.001038553
0.0008160666
0.0027590015
0.0012296196
0.0014877717
0.001318784
0.004493037
0.0025254756
0.0011608356
0.0010495924
0.0021407949
2060.0
7.4257283
15297.0
0.0049682944
0.0018304243
0.0026148919
0.0018304243
0.003726221
0.0033993593
0.0028110086
0.017192913
0.0048375498
0.0022880302
0.0040530823
0.0029417532
0.0019611688
0.0034647316
0.008694516
0.004902922
0.009348238
0.0076485584
0.012943715
0.0066026016
0.005295156
0.015166372
0.047656402
0.005818134
0.0134666925
0.0071909525
0.014970256
0.0016996796
0.0066026016
0.00797542
0.018696476
0.0021572858
0.008367654
0.021245996
0.012289992
0.008433026
0.0013074459
0.011897758
0.008563771
0.03281689
0.006667974
0.025364451
0.0058835065
0.018696476
0.0027456365
0.0022226581
0.0138589265
0.0013074459
0.0020265412
0.0022226581
0.004902922
0.009021377
0.002876381
0.0018304243
0.003072498
0.0011113291
0.0008498398
0.0026148919
0.013139831
0.007256325
0.015754724
0.007583186
0.02104988
0.021572858
0.0013074459
0.018957965
0.009805844
0.01653919
0.0065372298
0.021442113
0.006667974
0.010851801
0.003726221
0.0162777
0.0076485584
0.00078446756
0.0100673335
0.009086749
0.017715892
0.01026345
0.007321697
0.0010459567
0.018761849
0.020853762
0.027390992
0.033470616
0.08661829
0.011309407
0.014578022
0.008040792
0.015035628
0.015035628
0.0044453163
0.0020919135
0.01111329
0.0018957965
5.992179
0.0
0.0
0.0
1.0
589934.0
401408.0
0.0
0.0
76.0
0.0
1.0
0.0
0.0
37.0
1393483300.0
0.0
0.0
0.0
0.0
0.0
1.0
0.0
0.0
0.0
0.0
0.0
0.0
-1.0
0.0
0.0
-1.0
1.0
0.0
0.0
0.0
0.0
0.0
0.0
0.0
0.0
0.0
0.0
0.0
-1.0
0.0
0.0
0.0
0.0
0.0
0.0
0.0
0.0
0.0
0.0
0.0
0.0
-1.0
0.0
0.0
0.0
0.0
0.0
0.0
0.0
0.0
1.0
0.0
2.0
56.0
4.0
0.0
4.0
0.0
245760.0
1024.0
4096.0
6.0
1.0
0.0
2.0
5.0
0.0
0.0
0.0
0.0
0.0
0.0
0.0
0.0
0.0
0.0
0.0
0.0
0.0
0.0
9728.0
0.0
0.0
0.0
0.0
0.0
0.0
0.0
0.0
0.0
0.0
0.0
0.0
0.0
0.0
0.0
0.0
0.0
-1024.0
0.0
0.0
0.0
0.0
0.0
0.0
0.0
0.0
-245760.0
-2560.0
26624.0
0.0
0.0
0.0
0.0
0.0
0.0
0.0
0.0
0.0
0.0
0.0
0.0
0.0
0.0
0.0
0.0
0.0
0.0
0.0
0.0
5.1368194
0.0
0.0
0.0
0.0
0.0
0.0
0.0
0.0
0.0
0.0
0.0
0.0
0.0
0.0
0.0
0.0
0.0
-1.0677483
0.0
0.0
0.0
0.0
0.0
0.0
0.0
0.0
-6.0850806
-4.7209964
4.7326956
0.0
0.0
0.0
0.0
0.0
0.0
0.0
0.0
0.0
0.0
0.0
0.0
0.0
0.0
0.0
0.0
0.0
0.0
0.0
0.0
9384.0
0.0
0.0
0.0
0.0
0.0
0.0
0.0
0.0
0.0
0.0
0.0
0.0
0.0
0.0
18576.0
0.0
0.0
-608.0
0.0
0.0
0.0
0.0
0.0
0.0
0.0
0.0
-245368.0
-2212.0
110592.0
0.0
0.0
0.0
0.0
0.0
0.0
0.0
0.0
0.0
-1.0
0.0
0.0
0.0
0.0
0.0
1.0
0.0
0.0
0.0
0.0
0.0
0.0
0.0
0.0
0.0
0.0
0.0
0.0
0.0
0.0
0.0
0.0
0.0
0.0
0.0
0.0
0.0
0.0
0.0
0.0
0.0
0.0
0.0
0.0
0.0
-2.0
0.0
0.0
0.0
1.0
0.0
0.0
0.0
0.0
0.0
0.0
1.0
0.0
0.0
0.0
0.0
0.0
0.0
0.0
0.0
0.0
0.0
0.0
0.0
-1.0
0.0
0.0
0.0
0.0
0.0
0.0
0.0
0.0
0.0
1.0
0.0
0.0
0.0
0.0
1.0
0.0
0.0
0.0
0.0
0.0
0.0
0.0
0.0
1.0
0.0
0.0
0.0
0.0
0.0
0.0
0.0
0.0
0.0
0.0
0.0
0.0
0.0
0.0
0.0
0.0
0.0
0.0
0.0
0.0
0.0
0.0
0.0
0.0
0.0
0.0
0.0
0.0
0.0
0.0
0.0
0.0
0.0
0.0
0.0
0.0
0.0
0.0
0.0
0.0
0.0
0.0
0.0
0.0
0.0
0.0
0.0
0.0
0.0
0.0
0.0
0.0
0.0
0.0
0.0
0.0
0.0
0.0
0.0
0.0
0.0
0.0
0.0
0.0
0.0
0.0
0.0
0.0
0.0
0.0
0.0
0.0
0.0
0.0
0.0
0.0
0.0
0.0
0.0
0.0
0.0
0.0
0.0
0.0
0.0
0.0
0.0
0.0
0.0
0.0
0.0
0.0
0.0
0.0
0.0
0.0
0.0
0.0
0.0
0.0
0.0
0.0
0.0
0.0
0.0
0.0
0.0
0.0
0.0
0.0
0.0
0.0
0.0
0.0
0.0
0.0
0.0
0.0
0.0
0.0
0.0
0.0
0.0
0.0
0.0
0.0
0.0
0.0
0.0
1.0
0.0
0.0
0.0
0.0
0.0
0.0
0.0
0.0
0.0
0.0
0.0
0.0
0.0
0.0
0.0
0.0
0.0
0.0
0.0
0.0
0.0
0.0
0.0
0.0
0.0
0.0
0.0
0.0
0.0
0.0
0.0
0.0
0.0
0.0
0.0
0.0
0.0
0.0
0.0
0.0
0.0
0.0
0.0
0.0
0.0
0.0
0.0
0.0
0.0
0.0
0.0
0.0
0.0
0.0
0.0
0.0
0.0
0.0
0.0
0.0
0.0
0.0
0.0
0.0
0.0
0.0
0.0
0.0
0.0
0.0
0.0
0.0
0.0
0.0
0.0
0.0
0.0
0.0
0.0
0.0
0.0
0.0
0.0
1.0
0.0
0.0
0.0
0.0
0.0
0.0
0.0
0.0
0.0
0.0
0.0
0.0
0.0
0.0
0.0
0.0
0.0
0.0
0.0
0.0
0.0
0.0
0.0
0.0
0.0
0.0
0.0
0.0
0.0
-1.0
0.0
0.0
0.0
0.0
0.0
0.0
0.0
0.0
0.0
0.0
0.0
0.0
0.0
0.0
0.0
0.0
0.0
0.0
0.0
0.0
0.0
0.0
0.0
0.0
0.0
1.0
0.0
0.0
0.0
0.0
0.0
0.0
0.0
0.0
0.0
0.0
0.0
0.0
0.0
0.0
0.0
0.0
0.0
0.0
0.0
0.0
0.0
0.0
0.0
-1.0
0.0
0.0
0.0
0.0
0.0
0.0
0.0
0.0
0.0
0.0
0.0
0.0
0.0
0.0
0.0
0.0
0.0
0.0
0.0
0.0
0.0
-1.0
0.0
1.0
0.0
-1.0
-2.0
-1.0
0.0
0.0
0.0
0.0
0.0
0.0
0.0
0.0
0.0
1.0
0.0
0.0
0.0
0.0
0.0
0.0
0.0
0.0
0.0
0.0
0.0
0.0
0.0
0.0
0.0
0.0
0.0
0.0
0.0
0.0
0.0
0.0
0.0
0.0
0.0
0.0
0.0
0.0
0.0
0.0
0.0
0.0
0.0
0.0
0.0
0.0
0.0
0.0
0.0
0.0
0.0
0.0
0.0
0.0
0.0
0.0
0.0
1.0
0.0
0.0
0.0
0.0
0.0
0.0
0.0
0.0
0.0
0.0
0.0
0.0
0.0
0.0
0.0
0.0
0.0
0.0
0.0
0.0
0.0
0.0
0.0
0.0
0.0
0.0
0.0
0.0
0.0
0.0
0.0
0.0
0.0
0.0
0.0
0.0
0.0
0.0
0.0
0.0
0.0
0.0
0.0
0.0
-1.0
0.0
0.0
0.0
0.0
-1.0
0.0
0.0
0.0
0.0
0.0
0.0
0.0
0.0
0.0
0.0
0.0
0.0
0.0
0.0
0.0
0.0
0.0
0.0
0.0
0.0
0.0
0.0
0.0
0.0
0.0
0.0
0.0
0.0
0.0
0.0
0.0
0.0
0.0
0.0
0.0
0.0
0.0
0.0
0.0
0.0
0.0
0.0
0.0
0.0
0.0
0.0
0.0
0.0
0.0
0.0
0.0
0.0
0.0
0.0
0.0
0.0
0.0
0.0
0.0
0.0
0.0
0.0
0.0
0.0
0.0
0.0
0.0
0.0
0.0
0.0
0.0
0.0
0.0
0.0
0.0
0.0
1.0
0.0
0.0
0.0
0.0
0.0
0.0
0.0
0.0
0.0
0.0
0.0
0.0
0.0
0.0
0.0
0.0
-1.0
0.0
0.0
0.0
0.0
0.0
0.0
0.0
0.0
0.0
0.0
0.0
0.0
0.0
0.0
0.0
0.0
0.0
-1.0
0.0
0.0
-1.0
0.0
0.0
0.0
-1.0
0.0
0.0
0.0
0.0
1.0
0.0
0.0
0.0
0.0
0.0
0.0
0.0
0.0
0.0
0.0
0.0
0.0
0.0
0.0
0.0
0.0
0.0
0.0
0.0
0.0
0.0
0.0
0.0
0.0
0.0
0.0
0.0
0.0
0.0
0.0
0.0
0.0
0.0
0.0
0.0
0.0
0.0
0.0
0.0
0.0
1.0
0.0
0.0
0.0
0.0
0.0
0.0
0.0
0.0
1.0
0.0
0.0
0.0
0.0
0.0
0.0
0.0
0.0
0.0
0.0
0.0
0.0
0.0
0.0
0.0
0.0
0.0
0.0
0.0
0.0
0.0
0.0
0.0
0.0
1.0
0.0
0.0
0.0
0.0
0.0
0.0
0.0
0.0
0.0
0.0
0.0
0.0
0.0
0.0
0.0
0.0
0.0
0.0
0.0
0.0
0.0
0.0
0.0
0.0
0.0
0.0
0.0
0.0
0.0
0.0
0.0
0.0
0.0
0.0
0.0
0.0
0.0
0.0
0.0
0.0
0.0
0.0
0.0
0.0
0.0
0.0
0.0
0.0
0.0
0.0
0.0
0.0
0.0
0.0
0.0
0.0
0.0
0.0
0.0
0.0
0.0
0.0
0.0
0.0
0.0
0.0
0.0
0.0
0.0
0.0
0.0
0.0
-1.0
0.0
0.0
0.0
0.0
-1.0
0.0
0.0
0.0
0.0
0.0
0.0
0.0
1.0
0.0
0.0
0.0
0.0
0.0
0.0
0.0
0.0
0.0
0.0
0.0
0.0
0.0
0.0
0.0
0.0
0.0
0.0
0.0
0.0
0.0
-1.0
0.0
0.0
0.0
0.0
0.0
0.0
0.0
0.0
0.0
0.0
0.0
-1.0
0.0
0.0
0.0
0.0
0.0
0.0
0.0
0.0
0.0
0.0
0.0
0.0
0.0
0.0
0.0
0.0
0.0
1.0
0.0
0.0
0.0
0.0
0.0
0.0
0.0
-1.0
0.0
0.0
0.0
0.0
0.0
0.0
0.0
0.0
0.0
0.0
0.0
0.0
0.0
0.0
0.0
0.0
0.0
0.0
0.0
0.0
0.0
0.0
0.0
0.0
0.0
0.0
0.0
0.0
0.0
0.0
0.0
0.0
0.0
0.0
0.0
0.0
0.0
0.0
0.0
0.0
0.0
0.0
0.0
0.0
-1.0
0.0
0.0
0.0
0.0
0.0
0.0
0.0
0.0
0.0
0.0
0.0
0.0
0.0
0.0
0.0
0.0
0.0
0.0
0.0
-1.0
0.0
0.0
0.0
-1.0
0.0
0.0
0.0
0.0
0.0
0.0
0.0
-1.0
0.0
0.0
0.0
0.0
0.0
0.0
0.0
0.0
0.0
-1.0
0.0
0.0
0.0
0.0
0.0
0.0
0.0
0.0
0.0
0.0
0.0
0.0
1.0
0.0
0.0
0.0
-1.0
0.0
0.0
-1.0
-1.0
0.0
0.0
0.0
0.0
0.0
0.0
0.0
0.0
0.0
0.0
0.0
0.0
0.0
0.0
0.0
0.0
0.0
0.0
0.0
0.0
0.0
0.0
0.0
0.0
0.0
0.0
0.0
0.0
0.0
0.0
0.0
0.0
0.0
0.0
0.0
1.0
0.0
0.0
0.0
-1.0
0.0
0.0
0.0
0.0
0.0
0.0
0.0
0.0
0.0
0.0
0.0
0.0
-1.0
0.0
0.0
0.0
0.0
0.0
1.0
0.0
0.0
0.0
0.0
0.0
0.0
0.0
0.0
0.0
0.0
0.0
0.0
0.0
0.0
0.0
0.0
0.0
0.0
0.0
0.0
0.0
0.0
0.0
0.0
0.0
0.0
0.0
1.0
0.0
0.0
0.0
0.0
0.0
0.0
0.0
0.0
0.0
0.0
0.0
0.0
0.0
-1.0
0.0
0.0
0.0
-1.0
0.0
1.0
0.0
0.0
1.0
1.0
0.0
0.0
0.0
0.0
0.0
0.0
0.0
0.0
0.0
0.0
0.0
1.0
0.0
0.0
0.0
0.0
0.0
0.0
0.0
1.0
0.0
0.0
0.0
1.0
0.0
0.0
0.0
0.0
0.0
-1.0
0.0
0.0
0.0
0.0
0.0
0.0
0.0
0.0
0.0
0.0
0.0
0.0
0.0
0.0
0.0
1.0
0.0
0.0
1.0
0.0
0.0
0.0
0.0
0.0
0.0
0.0
0.0
0.0
0.0
0.0
1.0
0.0
0.0
0.0
0.0
0.0
0.0
0.0
0.0
-1.0
0.0
0.0
0.0
0.0
0.0
0.0
0.0
0.0
0.0
1.0
0.0
0.0
0.0
0.0
2.0
0.0
0.0
0.0
0.0
0.0
0.0
0.0
0.0
0.0
0.0
0.0
0.0
0.0
0.0
0.0
0.0
0.0
0.0
0.0
0.0
0.0
0.0
0.0
0.0
1.0
0.0
0.0
0.0
0.0
0.0
0.0
0.0
1.0
0.0
0.0
0.0
0.0
0.0
0.0
0.0
0.0
0.0
-1.0
0.0
0.0
0.0
0.0
0.0
0.0
0.0
0.0
0.0
0.0
0.0
0.0
0.0
0.0
0.0
-1.0
0.0
-1.0
0.0
0.0
0.0
0.0
0.0
0.0
0.0
0.0
1.0
0.0
0.0
0.0
0.0
0.0
0.0
0.0
0.0
0.0
0.0
0.0
0.0
1.0
0.0
0.0
0.0
0.0
0.0
0.0
0.0
0.0
0.0
0.0
0.0
0.0
0.0
0.0
0.0
0.0
0.0
0.0
0.0
0.0
0.0
0.0
0.0
0.0
-1.0
0.0
0.0
0.0
0.0
0.0
0.0
0.0
0.0
0.0
0.0
0.0
0.0
0.0
0.0
0.0
0.0
0.0
0.0
0.0
0.0
0.0
0.0
0.0
0.0
0.0
0.0
0.0
1.0
0.0
0.0
0.0
0.0
0.0
0.0
0.0
0.0
0.0
0.0
0.0
0.0
0.0
-2.0
0.0
0.0
0.0
0.0
0.0
0.0
0.0
0.0
0.0
0.0
0.0
0.0
1.0
0.0
0.0
0.0
0.0
0.0
0.0
0.0
0.0
0.0
0.0
0.0
-1.0
0.0
0.0
0.0
1.0
0.0
0.0
0.0
0.0
0.0
0.0
0.0
0.0
0.0
0.0
0.0
0.0
0.0
0.0
0.0
1.0
0.0
0.0
0.0
0.0
0.0
0.0
0.0
0.0
0.0
0.0
0.0
0.0
0.0
0.0
1.0
0.0
0.0
0.0
0.0
0.0
0.0
0.0
0.0
0.0
0.0
0.0
0.0
0.0
0.0
0.0
0.0
0.0
0.0
0.0
0.0
0.0
0.0
0.0
0.0
0.0
0.0
0.0
0.0
0.0
0.0
0.0
0.0
0.0
0.0
0.0
0.0
0.0
0.0
0.0
0.0
0.0
0.0
0.0
0.0
0.0
0.0
0.0
0.0
0.0
0.0
0.0
0.0
0.0
0.0
0.0
0.0
0.0
0.0
0.0
0.0
0.0
0.0
0.0
0.0
0.0
0.0
0.0
0.0
0.0
0.0
0.0
0.0
0.0
0.0
0.0
0.0
0.0
0.0
0.0
0.0
0.0
0.0
0.0
0.0
0.0
0.0
0.0
0.0
0.0
0.0
0.0
0.0
0.0
0.0
0.0
0.0
0.0
0.0
0.0
0.0
0.0
0.0
0.0
0.0
0.0
0.0
0.0
0.0
0.0
0.0
0.0
0.0
0.0
0.0
0.0
0.0
0.0
0.0
0.0
0.0
0.0
0.0
0.0
0.0
0.0
0.0
0.0
0.0
0.0
0.0
0.0
0.0
0.0
2212.0
286720.0
26552.0
290816.0
0.0
0.0
0.0
0.0
0.0
0.0
0.0
0.0
0.0
0.0
0.0
0.0
0.0
0.0
0.0
0.0
0.0
0.0
0.0
0.0
0.0
0.0
0.0
0.0
