0.060314253
0.007985163
0.004407945
0.0034721044
0.0142613975
0.0013461186
0.0015037875
0.0018682906
0.017294403
0.028271882
0.0046503823
0.0039671506
0.01186924
0.0033381707
0.00063406595
0.006911997
0.0034805813
0.0021836283
0.00093923137
0.0012562644
0.005014885
0.0018767674
0.00083411887
0.0008324235
0.0033229126
0.0017038403
0.0006391521
0.000788344
0.002994012
0.0016038138
0.00065101957
0.0007120527
0.0018564231
0.0015088735
0.00073070166
0.0012020128
0.014793742
0.0012376154
0.0012325293
0.0013579861
0.002341297
0.002429456
0.0011901452
0.002368423
0.0021717607
0.007915652
0.00094940356
0.0015410854
0.0010748605
0.0028041312
0.0030465683
0.0022819594
0.0020869926
0.0011884498
0.00045435742
0.0010002644
0.001417324
0.0012020128
0.0009816155
0.0019886615
0.0016428073
0.0037535348
0.0005662514
0.0005238673
0.0044571105
0.0018615092
0.0045198393
0.0055370573
0.006706858
0.016555225
0.00082394667
0.0011562379
0.008214036
0.0018988071
0.006976421
0.0017750456
0.004090912
0.004282488
0.0043130047
0.0034958397
0.0018648999
0.00075952284
0.00071035733
0.0035314423
0.002887204
0.006632262
0.0013969796
0.0014851384
0.0014512312
0.00062558916
0.0005950726
0.001534304
0.0023887672
0.0057710176
0.0017258801
0.0017377476
0.0012189663
0.001249483
0.0008052977
0.0016970589
0.0012681319
0.002256529
0.0019293237
0.0014630987
0.0019734032
0.0016021185
0.010167095
0.04008348
0.004606303
0.0027685286
0.0012477875
0.0030024888
0.0014851384
0.0058371364
0.0011019863
0.007983467
0.00447576
0.006310143
0.0010053506
0.002322648
0.0038230447
0.0008612447
0.0018547277
0.0015732973
0.0017275754
0.0040417467
0.0014953106
0.0028295617
0.0026328994
0.0010918141
0.0009782248
0.00797499
0.002988926
0.005908342
0.0028482107
0.0010850327
0.002271787
0.024854029
0.00040349652
0.0236944
0.0021141183
0.007461295
0.0017886085
0.0038925547
0.013451014
0.0012206617
0.006715335
0.00041536408
0.007378222
0.0020090058
0.0018852443
0.00078664866
0.001688582
0.0035839984
0.00032381443
0.0006594964
0.0013952842
0.0008188606
0.001068079
0.00077308575
0.0017479198
0.0010443439
0.00036958925
0.0007120527
0.0014020656
0.00048487398
0.00071035733
0.002248052
0.0034212435
0.00070018513
0.0007493507
0.0025057474
0.0017513105
0.0011647147
0.0011409797
0.0036212965
0.0051640775
0.0008409003
0.00040349652
0.0010816419
0.0012104895
0.00073748315
0.0019886615
0.001464794
0.0035110977
0.0009171917
0.0009782248
0.0018988071
0.003119469
0.001949668
0.010979174
0.03772523
0.008861665
0.002453191
0.0014987014
0.005069137
0.0028227803
0.0018106482
0.001590251
0.010923227
0.0032567934
0.0024752307
0.0010799465
0.0018767674
0.0018377741
0.0009341453
0.002005615
0.0013630723
0.0062660635
0.0016038138
0.0021480257
0.001646198
0.0017275754
0.00035602634
0.00031533762
0.00091380096
0.0024650586
0.00085615856
0.0006171123
0.0017445291
0.0018665952
0.0006747547
0.0007679997
0.0015580391
0.0029465419
0.0011952313
0.0007188341
0.004121429
0.0016478933
0.0027787008
0.0013885028
0.010565505
0.03630282
0.0069984607
0.0036619853
0.0036077336
0.0059388583
0.0005204766
0.004328263
0.0011443704
0.0044181175
0.002498966
0.0012020128
0.0010460393
0.010312896
0.00085615856
0.006939123
0.002504052
0.005670991
0.0008476818
0.00130543
0.005008104
0.0033585152
0.0034381973
0.0039891903
0.039847825
0.0
0.0
0.0
0.0
0.0
0.0
0.0
0.0
0.0
0.0
0.0
0.0
0.0
0.0
0.0
0.0
0.0
0.0
0.0
0.0
0.0
0.0
0.0
0.0
0.0
0.0
0.0
0.0
0.0
0.0
0.0
0.0
0.0
0.0
0.0
0.0
0.0
0.0
0.0
0.0
0.0
0.0
0.0
0.0
0.0
0.0
0.0
0.0
0.005850883
4.755435e-05
3.3967392e-06
8.491848e-07
2.6324728e-05
0.0
8.491848e-07
0.00021824049
2.5475545e-06
1.6983695e-05
5.9442937e-06
3.3967392e-06
1.6983696e-06
0.0
1.8682065e-05
0.0007591712
0.0
0.0
0.0
0.0
0.0
0.0
0.0
0.0
0.0
0.0
0.0
0.0
0.0
0.0
0.0
0.0
0.0
0.0
0.0
0.0
0.0
0.0
0.0
0.0
0.0
0.0
0.0
0.0
0.0
0.0
0.0
0.0
0.0
0.0
0.0
0.0
0.0
0.0
0.0
0.0
0.0
0.0
0.0
0.0
0.0
0.0
0.0
0.0
0.0022545855
1.0190218e-05
5.2649455e-05
0.00020805027
2.2078804e-05
3.5665762e-05
0.00018002717
8.5767664e-05
6.1141305e-05
1.3586957e-05
1.0190218e-05
0.00037533967
1.4436141e-05
3.396739e-05
2.122962e-05
9.935462e-05
0.0018486753
2.122962e-05
9.1711954e-05
5.9442933e-05
0.00010529891
9.51087e-05
0.0007829484
0.00035241168
1.3586957e-05
1.5285326e-05
1.1039402e-05
1.0190218e-05
8.491847e-06
5.9442937e-06
2.122962e-05
3.5665762e-05
0.00230214
0.00011973506
5.0951086e-05
6.538723e-05
0.00028702445
7.897418e-05
0.0008992867
0.00017408287
5.3498643e-05
4.670516e-05
5.4347827e-05
0.00039317255
0.0001171875
3.5665762e-05
0.00046535325
7.387908e-05
0.0072316574
0.0003184443
0.00047214673
0.00045601223
0.0007820992
0.0003243886
0.0041389265
0.00057829486
0.0004959239
0.00034731659
0.0001613451
0.003970788
0.00047299592
0.00014945652
0.0037075407
0.0007404891
0.021501359
0.0014962635
0.0021221128
0.0014308763
0.0020872962
0.0012415082
0.02103176
0.0018826426
0.0008755095
0.0009808084
0.0008780571
0.018581862
0.0022172215
0.0012627378
0.018053668
0.0017476223
0.012543309
0.0011064878
0.0020550273
0.0013867187
0.0031165082
0.0011107337
0.004538893
0.001470788
0.005348166
0.0014172894
0.00034816575
0.0038986073
0.0018758492
0.0011115829
0.003727072
0.007118716
0.05721977
0.00885445
0.014487092
0.004971977
0.02611583
0.014181386
0.004701936
0.010071332
0.05176885
0.011707711
0.0038366169
0.009288383
0.016782438
0.005899287
0.013575917
0.038710937
0.018362772
0.0032455842
0.0053150477
0.0022401495
0.009752887
0.006554008
0.0034502377
0.0041983696
0.016881794
0.0062695313
0.0017790421
0.0041482677
0.0068580164
0.002789572
0.006762908
0.0109570315
0.04238536
0.013640455
0.020215694
0.015202955
0.034464166
0.011516644
0.037523776
0.02974015
0.016642323
0.023430707
0.016723845
0.033251528
0.02156335
0.0142569635
0.04149966
0.033159815
1866.0
7.039657
13136.0
0.0063946405
0.002359927
0.0012180269
0.0015986601
0.0035779537
0.0034257004
0.00015225336
0.0036540804
0.003730207
0.0022838002
0.0011419001
0.003730207
0.0009135201
0.013550548
0.0043392205
0.018879415
0.0017509136
0.010429354
0.0057856273
0.024056029
0.016443362
0.0024360537
0.0016747868
0.0012941535
0.0027405603
0.0022838002
0.011038368
0.005861754
0.017128501
0.004034714
0.0006090134
0.0006090134
0.003730207
0.0045676003
0.0014464068
0.008526187
0.013246042
0.008526187
0.0014464068
0.0034257004
0.016138855
0.014692448
0.03707369
0.0052527403
0.01880329
0.006090134
0.018955542
0.0020554203
0.0013702802
0.0018270402
0.0005328867
0.010124847
0.008069428
0.0015225335
0.0031211937
0.0056333737
0.0015986601
0.0012180269
0.0008373934
0.007841048
0.0062423875
0.009059074
0.010581608
0.03159257
0.002588307
0.021848356
0.0076887943
0.031744823
0.006090134
0.02748173
0.01880329
0.0057095005
0.008526187
0.018498782
0.03067905
0.053745434
0.014159561
0.016367234
0.0112667475
0.0159866
0.010124847
0.03958587
0.018574908
0.06272838
0.027557855
0.030755177
0.002588307
0.009363581
0.0049482337
0.0061662607
0.0028928136
0.0036540804
0.009439708
0.0064707673
0.0159866
0.013702801
5.8941765
0.0
0.0
0.0
1.0
589844.0
319488.0
0.0
0.0
76.0
0.0
1.0
0.0
0.0
33.0
1393483300.0
0.0
0.0
0.0
0.0
0.0
1.0
0.0
0.0
0.0
0.0
0.0
0.0
-1.0
0.0
0.0
-1.0
1.0
0.0
0.0
0.0
0.0
0.0
0.0
0.0
0.0
0.0
0.0
0.0
-1.0
0.0
0.0
0.0
0.0
0.0
0.0
0.0
0.0
0.0
0.0
0.0
0.0
-1.0
0.0
0.0
0.0
0.0
0.0
0.0
0.0
0.0
1.0
0.0
2.0
56.0
4.0
0.0
4.0
0.0
245760.0
1024.0
4096.0
6.0
1.0
0.0
1.0
4.0
0.0
0.0
0.0
0.0
0.0
0.0
0.0
0.0
0.0
0.0
0.0
0.0
0.0
0.0
9728.0
0.0
0.0
0.0
0.0
0.0
0.0
0.0
0.0
0.0
0.0
0.0
0.0
0.0
0.0
0.0
0.0
0.0
-1024.0
0.0
0.0
0.0
0.0
0.0
0.0
0.0
0.0
-245760.0
-2560.0
26624.0
0.0
0.0
0.0
0.0
0.0
0.0
0.0
0.0
0.0
0.0
0.0
0.0
0.0
0.0
0.0
0.0
0.0
0.0
0.0
0.0
5.1368194
0.0
0.0
0.0
0.0
0.0
0.0
0.0
0.0
0.0
0.0
0.0
0.0
0.0
0.0
0.0
0.0
0.0
-1.0677483
0.0
0.0
0.0
0.0
0.0
0.0
0.0
0.0
-6.0850806
-4.7209964
6.954795
0.0
0.0
0.0
0.0
0.0
0.0
0.0
0.0
0.0
0.0
0.0
0.0
0.0
0.0
0.0
0.0
0.0
0.0
0.0
0.0
9384.0
0.0
0.0
0.0
0.0
0.0
0.0
0.0
0.0
0.0
0.0
0.0
0.0
0.0
0.0
18576.0
0.0
0.0
-608.0
0.0
0.0
0.0
0.0
0.0
0.0
0.0
0.0
-245368.0
-2212.0
26552.0
0.0
0.0
0.0
0.0
0.0
0.0
0.0
0.0
0.0
-1.0
0.0
0.0
0.0
0.0
0.0
1.0
0.0
0.0
0.0
0.0
0.0
0.0
0.0
0.0
0.0
0.0
0.0
0.0
0.0
0.0
0.0
0.0
0.0
0.0
0.0
0.0
0.0
0.0
0.0
0.0
0.0
0.0
0.0
0.0
0.0
-2.0
0.0
0.0
0.0
1.0
0.0
0.0
0.0
0.0
0.0
0.0
1.0
0.0
0.0
0.0
0.0
0.0
0.0
0.0
0.0
0.0
0.0
0.0
0.0
-1.0
0.0
0.0
0.0
0.0
0.0
0.0
0.0
0.0
0.0
1.0
0.0
0.0
0.0
0.0
1.0
0.0
0.0
0.0
0.0
0.0
0.0
0.0
0.0
0.0
0.0
0.0
0.0
0.0
0.0
0.0
0.0
0.0
0.0
0.0
0.0
0.0
0.0
0.0
0.0
0.0
0.0
0.0
0.0
0.0
0.0
0.0
0.0
0.0
0.0
0.0
0.0
0.0
0.0
0.0
0.0
0.0
0.0
0.0
0.0
0.0
0.0
0.0
0.0
0.0
0.0
0.0
0.0
0.0
0.0
0.0
0.0
0.0
0.0
0.0
0.0
0.0
0.0
0.0
0.0
0.0
0.0
0.0
0.0
0.0
0.0
0.0
0.0
0.0
0.0
0.0
0.0
0.0
0.0
0.0
0.0
0.0
0.0
0.0
0.0
0.0
0.0
0.0
0.0
0.0
0.0
0.0
0.0
0.0
0.0
0.0
0.0
0.0
0.0
0.0
0.0
0.0
0.0
0.0
0.0
0.0
0.0
0.0
0.0
0.0
0.0
0.0
0.0
0.0
0.0
0.0
0.0
0.0
0.0
0.0
0.0
0.0
0.0
0.0
0.0
0.0
0.0
0.0
0.0
0.0
0.0
0.0
0.0
0.0
0.0
0.0
0.0
0.0
0.0
1.0
0.0
0.0
0.0
0.0
0.0
0.0
0.0
0.0
0.0
0.0
0.0
0.0
0.0
0.0
0.0
0.0
0.0
0.0
0.0
0.0
0.0
0.0
0.0
0.0
0.0
0.0
0.0
0.0
0.0
0.0
0.0
0.0
0.0
0.0
0.0
0.0
0.0
0.0
0.0
0.0
0.0
0.0
0.0
0.0
0.0
0.0
0.0
0.0
0.0
0.0
0.0
0.0
0.0
0.0
0.0
0.0
0.0
0.0
0.0
0.0
0.0
0.0
0.0
0.0
0.0
0.0
0.0
0.0
0.0
0.0
0.0
0.0
0.0
0.0
0.0
0.0
0.0
0.0
0.0
0.0
0.0
0.0
0.0
1.0
0.0
0.0
0.0
0.0
0.0
0.0
0.0
0.0
0.0
0.0
0.0
0.0
0.0
0.0
0.0
0.0
0.0
0.0
0.0
0.0
0.0
0.0
0.0
0.0
0.0
0.0
0.0
0.0
0.0
-1.0
0.0
0.0
0.0
0.0
0.0
0.0
0.0
0.0
0.0
0.0
0.0
0.0
0.0
0.0
0.0
0.0
0.0
0.0
0.0
0.0
0.0
0.0
0.0
0.0
0.0
1.0
0.0
0.0
0.0
0.0
0.0
0.0
0.0
0.0
0.0
0.0
0.0
0.0
0.0
0.0
0.0
0.0
0.0
0.0
0.0
0.0
0.0
0.0
0.0
-1.0
0.0
0.0
0.0
0.0
0.0
0.0
0.0
0.0
0.0
0.0
0.0
0.0
0.0
0.0
0.0
0.0
0.0
0.0
0.0
0.0
0.0
-1.0
0.0
1.0
0.0
-1.0
-2.0
-1.0
0.0
0.0
0.0
0.0
0.0
0.0
0.0
0.0
0.0
1.0
0.0
0.0
0.0
0.0
0.0
0.0
0.0
0.0
0.0
0.0
0.0
0.0
0.0
0.0
0.0
0.0
0.0
0.0
0.0
0.0
0.0
0.0
0.0
0.0
0.0
0.0
0.0
0.0
0.0
0.0
0.0
0.0
0.0
0.0
0.0
0.0
0.0
0.0
0.0
0.0
0.0
0.0
0.0
0.0
0.0
0.0
0.0
1.0
0.0
0.0
0.0
0.0
0.0
0.0
0.0
0.0
0.0
0.0
0.0
0.0
0.0
0.0
0.0
0.0
0.0
0.0
0.0
0.0
0.0
0.0
0.0
0.0
0.0
0.0
0.0
0.0
0.0
0.0
0.0
0.0
0.0
0.0
0.0
0.0
0.0
0.0
0.0
0.0
0.0
0.0
0.0
0.0
-1.0
0.0
0.0
0.0
0.0
-1.0
0.0
0.0
0.0
0.0
0.0
0.0
0.0
0.0
0.0
0.0
0.0
0.0
0.0
0.0
0.0
0.0
0.0
0.0
0.0
0.0
0.0
0.0
0.0
0.0
0.0
0.0
0.0
0.0
0.0
0.0
0.0
0.0
0.0
0.0
0.0
0.0
0.0
0.0
0.0
0.0
0.0
0.0
0.0
0.0
0.0
0.0
0.0
0.0
0.0
0.0
0.0
0.0
0.0
0.0
0.0
0.0
0.0
0.0
0.0
0.0
0.0
0.0
0.0
0.0
0.0
0.0
0.0
0.0
0.0
0.0
0.0
0.0
0.0
0.0
0.0
0.0
1.0
0.0
0.0
0.0
0.0
0.0
0.0
0.0
0.0
0.0
0.0
0.0
0.0
0.0
0.0
0.0
0.0
-1.0
0.0
0.0
0.0
0.0
0.0
0.0
0.0
0.0
0.0
0.0
0.0
0.0
0.0
0.0
0.0
0.0
0.0
-1.0
0.0
0.0
-1.0
0.0
0.0
0.0
-1.0
0.0
0.0
0.0
0.0
1.0
0.0
0.0
0.0
0.0
0.0
0.0
0.0
0.0
0.0
0.0
0.0
0.0
0.0
0.0
0.0
0.0
0.0
0.0
0.0
0.0
0.0
0.0
0.0
0.0
0.0
0.0
0.0
0.0
0.0
0.0
0.0
0.0
0.0
0.0
0.0
0.0
0.0
0.0
0.0
0.0
1.0
0.0
0.0
0.0
0.0
0.0
0.0
0.0
0.0
1.0
0.0
0.0
0.0
0.0
0.0
0.0
0.0
0.0
0.0
0.0
0.0
0.0
0.0
0.0
0.0
0.0
0.0
0.0
0.0
0.0
0.0
0.0
0.0
0.0
1.0
0.0
0.0
0.0
0.0
0.0
0.0
0.0
0.0
0.0
0.0
0.0
0.0
0.0
0.0
0.0
0.0
0.0
0.0
0.0
0.0
0.0
0.0
0.0
0.0
0.0
0.0
0.0
0.0
0.0
0.0
0.0
0.0
0.0
0.0
0.0
0.0
0.0
0.0
0.0
0.0
0.0
0.0
0.0
0.0
0.0
0.0
0.0
0.0
0.0
0.0
0.0
0.0
0.0
0.0
0.0
0.0
0.0
0.0
0.0
0.0
0.0
0.0
0.0
0.0
0.0
0.0
0.0
0.0
0.0
0.0
0.0
0.0
-1.0
0.0
0.0
0.0
0.0
-1.0
0.0
0.0
0.0
0.0
0.0
0.0
0.0
1.0
0.0
0.0
0.0
0.0
0.0
0.0
0.0
0.0
0.0
0.0
0.0
0.0
0.0
0.0
0.0
0.0
0.0
0.0
0.0
0.0
0.0
-1.0
0.0
0.0
0.0
0.0
0.0
0.0
0.0
0.0
0.0
0.0
0.0
-1.0
0.0
0.0
0.0
0.0
0.0
0.0
0.0
0.0
0.0
0.0
0.0
0.0
0.0
0.0
0.0
0.0
0.0
1.0
0.0
0.0
0.0
0.0
0.0
0.0
0.0
-1.0
0.0
0.0
0.0
0.0
0.0
0.0
0.0
0.0
0.0
0.0
0.0
0.0
0.0
0.0
0.0
0.0
0.0
0.0
0.0
0.0
0.0
0.0
0.0
0.0
0.0
0.0
0.0
0.0
0.0
0.0
0.0
0.0
0.0
0.0
0.0
0.0
0.0
0.0
0.0
0.0
0.0
0.0
0.0
0.0
-1.0
0.0
0.0
0.0
0.0
0.0
0.0
0.0
0.0
0.0
0.0
0.0
0.0
0.0
0.0
0.0
0.0
0.0
0.0
0.0
-1.0
0.0
0.0
0.0
-1.0
0.0
0.0
0.0
0.0
0.0
0.0
0.0
-1.0
0.0
0.0
0.0
0.0
0.0
0.0
0.0
0.0
0.0
-1.0
0.0
0.0
0.0
0.0
0.0
0.0
0.0
0.0
0.0
0.0
0.0
0.0
1.0
0.0
0.0
0.0
-1.0
0.0
0.0
-1.0
-1.0
0.0
0.0
0.0
0.0
0.0
0.0
0.0
0.0
0.0
0.0
0.0
0.0
0.0
0.0
0.0
0.0
0.0
0.0
0.0
0.0
0.0
0.0
0.0
0.0
0.0
0.0
0.0
0.0
0.0
0.0
0.0
0.0
0.0
0.0
0.0
1.0
0.0
0.0
0.0
-1.0
0.0
0.0
0.0
0.0
0.0
0.0
0.0
0.0
0.0
0.0
0.0
0.0
-1.0
0.0
0.0
0.0
0.0
0.0
1.0
0.0
0.0
0.0
0.0
0.0
0.0
0.0
0.0
0.0
0.0
0.0
0.0
0.0
0.0
0.0
0.0
0.0
0.0
0.0
0.0
0.0
0.0
0.0
0.0
0.0
0.0
0.0
1.0
0.0
0.0
0.0
0.0
0.0
0.0
0.0
0.0
0.0
0.0
0.0
0.0
0.0
-1.0
0.0
0.0
0.0
-1.0
0.0
1.0
0.0
0.0
1.0
1.0
0.0
0.0
0.0
0.0
0.0
0.0
0.0
0.0
0.0
0.0
0.0
1.0
0.0
0.0
0.0
0.0
0.0
0.0
0.0
1.0
0.0
0.0
0.0
1.0
0.0
0.0
0.0
0.0
0.0
-1.0
0.0
0.0
0.0
0.0
0.0
0.0
0.0
0.0
0.0
0.0
0.0
0.0
0.0
0.0
0.0
1.0
0.0
0.0
1.0
0.0
0.0
0.0
0.0
0.0
0.0
0.0
0.0
0.0
0.0
0.0
1.0
0.0
0.0
0.0
0.0
0.0
0.0
0.0
0.0
-1.0
0.0
0.0
0.0
0.0
0.0
0.0
0.0
0.0
0.0
1.0
0.0
0.0
0.0
0.0
2.0
0.0
0.0
0.0
0.0
0.0
0.0
0.0
0.0
0.0
0.0
0.0
0.0
0.0
0.0
0.0
0.0
0.0
0.0
0.0
0.0
0.0
0.0
0.0
0.0
1.0
0.0
0.0
0.0
0.0
0.0
0.0
0.0
1.0
0.0
0.0
0.0
0.0
0.0
0.0
0.0
0.0
0.0
-1.0
0.0
0.0
0.0
0.0
0.0
0.0
0.0
0.0
0.0
0.0
0.0
0.0
0.0
0.0
0.0
-1.0
0.0
-1.0
0.0
0.0
0.0
0.0
0.0
0.0
0.0
0.0
1.0
0.0
0.0
0.0
0.0
0.0
0.0
0.0
0.0
0.0
0.0
0.0
0.0
1.0
0.0
0.0
0.0
0.0
0.0
0.0
0.0
0.0
0.0
0.0
0.0
0.0
0.0
0.0
0.0
0.0
0.0
0.0
0.0
0.0
0.0
0.0
0.0
0.0
-1.0
0.0
0.0
0.0
0.0
0.0
0.0
0.0
0.0
0.0
0.0
0.0
0.0
0.0
0.0
0.0
0.0
0.0
0.0
0.0
0.0
0.0
0.0
0.0
0.0
0.0
0.0
0.0
1.0
0.0
0.0
0.0
0.0
0.0
0.0
0.0
0.0
0.0
0.0
0.0
0.0
0.0
-2.0
0.0
0.0
0.0
0.0
0.0
0.0
0.0
0.0
0.0
0.0
0.0
0.0
1.0
0.0
0.0
0.0
0.0
0.0
0.0
0.0
0.0
0.0
0.0
0.0
-1.0
0.0
0.0
0.0
1.0
0.0
0.0
0.0
0.0
0.0
0.0
0.0
0.0
0.0
0.0
0.0
0.0
0.0
0.0
0.0
1.0
0.0
0.0
0.0
0.0
0.0
0.0
0.0
0.0
0.0
0.0
0.0
0.0
0.0
0.0
1.0
0.0
0.0
0.0
0.0
0.0
0.0
0.0
0.0
0.0
0.0
0.0
0.0
0.0
0.0
0.0
0.0
0.0
0.0
0.0
0.0
0.0
0.0
0.0
0.0
0.0
0.0
0.0
0.0
0.0
0.0
0.0
0.0
0.0
0.0
0.0
0.0
0.0
0.0
0.0
0.0
0.0
0.0
0.0
0.0
0.0
0.0
0.0
0.0
0.0
0.0
0.0
0.0
0.0
0.0
0.0
0.0
0.0
0.0
0.0
0.0
0.0
0.0
0.0
0.0
0.0
0.0
0.0
0.0
0.0
0.0
0.0
0.0
0.0
0.0
0.0
0.0
0.0
0.0
0.0
0.0
0.0
0.0
0.0
0.0
0.0
0.0
0.0
0.0
0.0
0.0
0.0
0.0
0.0
0.0
0.0
0.0
0.0
0.0
0.0
0.0
0.0
0.0
0.0
0.0
0.0
0.0
0.0
0.0
0.0
0.0
0.0
0.0
0.0
0.0
0.0
0.0
0.0
0.0
0.0
0.0
0.0
0.0
0.0
0.0
0.0
0.0
0.0
0.0
0.0
0.0
0.0
0.0
0.0
2212.0
286720.0
26552.0
290816.0
0.0
0.0
0.0
0.0
0.0
0.0
0.0
0.0
0.0
0.0
0.0
0.0
0.0
0.0
0.0
0.0
0.0
0.0
0.0
0.0
0.0
0.0
0.0
0.0
