0.0025077185
2.2601991e-05
2.2050723e-05
3.1284464e-05
2.356671e-05
1.8467481e-05
1.0749727e-05
2.1361637e-05
1.8467481e-05
9.509374e-06
2.5496149e-05
1.3919519e-05
3.6797144e-05
1.8605297e-05
1.4195153e-05
2.8941573e-05
1.4608604e-05
1.0060642e-05
7.028668e-06
1.4608604e-05
9.095923e-06
1.2403531e-05
7.304302e-06
1.1714446e-05
1.4884238e-05
8.269021e-06
7.166485e-06
1.1025361e-05
7.85557e-06
8.958106e-06
1.0887545e-05
1.6813676e-05
5.6780613e-05
1.8191846e-05
2.218854e-05
9.785008e-06
6.2017657e-06
4.4101444e-06
8.682472e-06
1.13009955e-05
1.3781701e-05
1.5022055e-05
7.717753e-06
1.51598715e-05
6.7530336e-06
1.019846e-05
2.4117979e-05
1.9156565e-05
1.6813676e-05
8.682472e-06
1.2265715e-05
2.2739809e-05
9.2337405e-06
1.571114e-05
1.5022055e-05
2.1086003e-05
8.544655e-06
8.682472e-06
1.9156565e-05
1.0060642e-05
1.3643885e-05
1.0474093e-05
8.820289e-06
3.9691302e-05
2.2877624e-05
2.5633964e-05
1.51598715e-05
4.3136726e-05
2.0672553e-05
1.4608604e-05
2.3842344e-05
2.039692e-05
2.1086003e-05
1.6813676e-05
1.3781701e-05
1.8605297e-05
1.7640577e-05
1.6124592e-05
1.6400225e-05
1.9570016e-05
1.5848957e-05
3.9966935e-06
1.571114e-05
1.6400225e-05
1.0474093e-05
7.6488446e-05
1.51598715e-05
1.6675858e-05
8.682472e-06
6.4774e-06
8.820289e-06
1.5848957e-05
8.820289e-06
1.0887545e-05
7.166485e-06
1.06119105e-05
7.442119e-06
4.5893066e-05
1.8191846e-05
2.8803757e-05
2.3842344e-05
7.359429e-05
1.7502762e-05
2.0948186e-05
1.4057336e-05
4.3274544e-05
1.433297e-05
2.728777e-05
3.8037495e-05
1.6124592e-05
3.8175313e-05
5.457554e-05
2.218854e-05
2.218854e-05
4.286109e-05
3.472989e-05
3.9415667e-05
2.2050723e-05
1.7227127e-05
2.3428893e-05
3.914003e-05
2.1086003e-05
1.0749727e-05
1.7778395e-05
1.3919519e-05
8.958106e-06
1.7502762e-05
2.9768476e-05
3.5005523e-05
2.8390306e-05
1.44707865e-05
2.4255794e-05
1.8329663e-05
1.6951493e-05
1.805403e-05
5.126793e-05
1.7364944e-05
8.682472e-06
1.2403531e-05
1.2403531e-05
1.3506067e-05
9.647191e-06
2.6874319e-05
2.2326356e-05
0.9932355
8.131204e-06
7.442119e-06
1.2541349e-05
1.6951493e-05
6.8908507e-06
9.509374e-06
1.0060642e-05
1.0887545e-05
9.509374e-06
1.019846e-05
9.371557e-06
2.177509e-05
7.993387e-06
2.7839038e-05
1.2265715e-05
5.5126807e-06
9.9228255e-06
9.785008e-06
1.019846e-05
2.1912905e-05
8.682472e-06
7.304302e-06
1.6813676e-05
1.2403531e-05
1.433297e-05
2.7976854e-05
1.6813676e-05
1.3781701e-05
6.2017657e-06
7.442119e-06
1.0887545e-05
8.544655e-06
7.028668e-06
1.1025361e-05
7.166485e-06
1.8329663e-05
8.820289e-06
1.157663e-05
1.9156565e-05
9.095923e-06
9.509374e-06
1.7364944e-05
9.785008e-06
3.362735e-05
9.2337405e-06
2.5633964e-05
1.2679166e-05
4.1896372e-05
1.571114e-05
1.3506067e-05
2.8941573e-05
1.0887545e-05
2.453143e-05
9.9228255e-06
1.9570016e-05
1.9294383e-05
1.0749727e-05
1.433297e-05
1.4195153e-05
1.4884238e-05
8.131204e-06
1.6400225e-05
1.157663e-05
1.13009955e-05
1.1438812e-05
9.095923e-06
7.717753e-06
1.1438812e-05
6.339583e-06
1.1714446e-05
1.0060642e-05
6.615217e-06
7.85557e-06
1.157663e-05
7.717753e-06
9.785008e-06
1.0060642e-05
2.9492841e-05
8.544655e-06
1.4195153e-05
8.406838e-06
8.682472e-06
1.2265715e-05
1.6951493e-05
7.028668e-06
1.0474093e-05
2.1086003e-05
1.5297688e-05
8.269021e-06
1.3643885e-05
1.29548e-05
1.9570016e-05
7.85557e-06
9.509374e-06
1.3781701e-05
1.5435506e-05
5.6504978e-06
1.3230434e-05
1.7916213e-05
1.8880932e-05
1.2403531e-05
1.433297e-05
2.6874319e-05
1.0474093e-05
7.304302e-06
2.9217208e-05
1.7364944e-05
2.3704526e-05
6.339583e-06
1.571114e-05
2.8528122e-05
0.0005646527
0.0
0.0
0.0
0.0
0.0
0.0
0.0
0.0
0.99322414
0.0
0.0
0.0
0.0
0.0
0.0
0.00013151336
0.0
4.824914e-07
5.514187e-07
8.27128e-07
4.824914e-07
5.1006227e-06
2.1367475e-06
0.0
0.0
0.0
6.8927335e-08
0.0
0.0
0.0
0.0
0.0
0.0
0.0
0.0
0.0
0.0
0.0
0.0
0.0
0.0
0.0
0.0
0.0
0.0
0.0
0.0
0.0002501373
4.480277e-06
4.273495e-06
3.4463667e-07
2.2746021e-06
2.9638754e-06
4.066713e-06
2.1367475e-06
2.8260208e-06
5.514187e-07
1.5164014e-06
5.514187e-07
7.582007e-07
8.960554e-07
1.1717647e-06
3.3774395e-06
0.000186862
6.8927335e-08
1.3785467e-07
2.06782e-07
4.066713e-06
2.3435293e-06
1.1166228e-05
6.2723875e-06
0.0
7.058159e-05
6.8927335e-08
2.7570934e-07
1.3785467e-07
6.8927335e-08
6.8927335e-08
0.0
0.0
0.0
0.0
0.0
0.0
0.0
0.0
0.0
0.0
0.0
0.0
0.0
0.0
0.0
0.0
0.0
0.00029687004
1.3785467e-06
1.4681523e-05
7.2373705e-06
1.9851073e-05
1.03391e-05
4.4182423e-05
2.019571e-05
2.6192388e-06
4.13564e-07
2.06782e-07
8.27128e-07
8.960554e-07
2.06782e-07
8.27128e-07
2.7570934e-06
0.00044864803
5.6520416e-06
3.0948373e-05
1.654256e-05
1.7645398e-05
1.0752665e-05
9.029481e-05
5.1557647e-05
1.0890519e-05
1.7231835e-06
2.06782e-06
2.8260208e-06
2.2746021e-06
1.5853287e-06
1.3785467e-06
1.1028374e-05
0.0
0.0
0.0
0.0
0.0
0.0
0.0
0.0
0.0
0.0
0.0
0.0
0.0
0.0
0.0
0.0
0.0005097866
9.925537e-06
2.8535916e-05
2.3711003e-05
5.079945e-05
8.050713e-05
0.00010552775
6.7135225e-05
2.433135e-05
8.409135e-06
8.891627e-06
1.3785468e-05
1.5026159e-05
8.753772e-06
1.0545882e-05
2.247031e-05
4.301066e-05
1.03391e-06
8.27128e-06
4.9627683e-06
7.995571e-06
4.5492043e-06
3.8185743e-05
2.688166e-05
5.514187e-07
1.3096194e-06
5.514187e-07
6.8927335e-07
2.7570934e-07
6.8927335e-07
5.514187e-07
1.654256e-06
7.657827e-05
3.7220761e-06
2.894948e-06
4.273495e-06
4.755986e-06
3.1706575e-06
4.273495e-06
4.066713e-06
6.20346e-06
4.13564e-06
3.3774395e-06
4.6181317e-06
6.341315e-06
2.9638754e-06
4.342422e-06
5.4452594e-06
0.0
0.0
0.0
0.0
0.0
0.0
0.0
0.0
0.0
0.0
0.0
0.0
0.0
0.0
0.0
0.0
0.0
0.0
0.0
0.0
0.0
0.0
0.0
0.0
0.0
0.0
0.0
0.0
0.0
0.0
0.0
0.0
0.0
0.0
0.0
0.0
0.0
0.0
0.0
0.0
0.0
0.0
0.0
0.0
0.0
0.0
0.0
0.0
0.00026206175
0.00014529882
0.00015798146
0.00018272636
0.00021712111
0.00013075516
0.00017604041
0.00020099212
0.00028225745
0.00017417938
0.00018313993
0.0001946508
0.00024841412
0.00015550006
0.00018031392
0.00021415723
314.0
15.748407
4945.0
0.059453994
0.002628918
0.0018200203
0.0
0.00040444895
0.0014155713
0.0016177958
0.0010111224
0.004246714
0.006066734
0.00020222447
0.002628918
0.00040444895
0.0024266937
0.020424671
0.0020222447
0.008088979
0.0032355916
0.0056622853
0.0113245705
0.0018200203
0.003437816
0.005257836
0.0032355916
0.0028311426
0.0014155713
0.0038422649
0.0012133468
0.0014155713
0.0
0.00040444895
0.005055612
0.003033367
0.010313448
0.0040444895
0.009100101
0.0113245705
0.007280081
0.008088979
0.007280081
0.0056622853
0.0038422649
0.003437816
0.002628918
0.004246714
0.006066734
0.0024266937
0.0036400405
0.0082912035
0.0008088979
0.007482305
0.009908999
0.003437816
0.08372093
0.0038422649
0.007280081
0.0018200203
0.0020222447
0.0014155713
0.003033367
0.0036400405
0.00020222447
0.0010111224
0.0016177958
0.0012133468
0.046511628
0.004448938
0.020020222
0.016986856
0.087563194
0.0082912035
0.010717897
0.011122346
0.043276038
0.0014155713
0.0070778565
0.03255814
0.013144591
0.038624875
0.04853387
0.017391304
0.0014155713
0.04206269
0.032153692
0.041051567
0.019615773
0.0070778565
0.00950455
0.020626895
0.004448938
0.0028311426
0.007886754
0.0006066734
0.00040444895
0.0012133468
0.0032355916
5.458825
1.0
0.0
0.0
1.0
7255998.0
57344.0
0.0
0.0
54.0
0.0
1.0
0.0
0.0
0.0
1083884500.0
0.0
0.0
0.0
0.0
0.0
1.0
0.0
0.0
0.0
0.0
0.0
0.0
-1.0
0.0
-1.0
-1.0
0.0
0.0
0.0
0.0
0.0
0.0
0.0
0.0
0.0
0.0
0.0
0.0
-1.0
0.0
0.0
0.0
0.0
0.0
0.0
0.0
0.0
0.0
0.0
0.0
0.0
-1.0
0.0
0.0
0.0
0.0
0.0
0.0
0.0
0.0
0.0
0.0
6.0
0.0
4.0
0.0
4.0
0.0
24576.0
4096.0
4096.0
5.0
0.0
0.0
2.0
2.0
0.0
0.0
0.0
0.0
0.0
0.0
0.0
0.0
0.0
0.0
0.0
0.0
0.0
0.0
4096.0
0.0
0.0
0.0
0.0
0.0
0.0
0.0
0.0
0.0
0.0
0.0
0.0
0.0
0.0
0.0
0.0
0.0
-8192.0
0.0
0.0
0.0
-4096.0
0.0
0.0
0.0
0.0
-24576.0
0.0
4096.0
0.0
0.0
0.0
0.0
0.0
0.0
0.0
0.0
0.0
0.0
0.0
0.0
0.0
0.0
0.0
0.0
0.0
0.0
0.0
0.0
5.297788
0.0
0.0
0.0
0.0
0.0
0.0
0.0
0.0
0.0
0.0
0.0
0.0
0.0
0.0
0.0
0.0
0.0
-3.429211
0.0
0.0
0.0
-5.415727
0.0
0.0
0.0
0.0
-7.8354425
0.0
3.7997313
0.0
0.0
0.0
0.0
0.0
0.0
0.0
0.0
0.0
0.0
0.0
0.0
0.0
0.0
0.0
0.0
0.0
0.0
0.0
0.0
2476.0
0.0
0.0
0.0
0.0
0.0
0.0
0.0
0.0
0.0
0.0
0.0
0.0
0.0
0.0
0.0
0.0
0.0
-13432.0
0.0
0.0
0.0
-1024.0
0.0
0.0
0.0
0.0
-23376.0
0.0
2392.0
0.0
0.0
0.0
0.0
0.0
0.0
0.0
0.0
0.0
-1.0
0.0
0.0
0.0
0.0
0.0
1.0
0.0
0.0
0.0
0.0
0.0
0.0
0.0
0.0
0.0
0.0
0.0
0.0
0.0
0.0
0.0
0.0
0.0
0.0
0.0
0.0
0.0
0.0
0.0
0.0
0.0
0.0
0.0
0.0
0.0
-2.0
0.0
0.0
0.0
1.0
0.0
0.0
0.0
0.0
0.0
0.0
0.0
0.0
0.0
0.0
0.0
0.0
0.0
0.0
0.0
0.0
0.0
0.0
0.0
-1.0
0.0
0.0
0.0
0.0
0.0
0.0
0.0
0.0
0.0
1.0
0.0
0.0
0.0
0.0
0.0
0.0
0.0
0.0
0.0
0.0
0.0
0.0
0.0
1.0
0.0
0.0
0.0
0.0
0.0
0.0
0.0
0.0
0.0
0.0
0.0
0.0
0.0
0.0
0.0
0.0
0.0
0.0
0.0
0.0
0.0
0.0
0.0
0.0
0.0
0.0
0.0
0.0
0.0
0.0
0.0
0.0
0.0
0.0
0.0
0.0
0.0
0.0
0.0
0.0
0.0
0.0
-1.0
0.0
0.0
0.0
0.0
0.0
0.0
0.0
0.0
0.0
0.0
0.0
0.0
0.0
0.0
0.0
0.0
0.0
0.0
0.0
0.0
0.0
0.0
0.0
0.0
0.0
0.0
0.0
0.0
0.0
0.0
0.0
0.0
0.0
0.0
0.0
0.0
0.0
0.0
0.0
0.0
0.0
0.0
0.0
0.0
0.0
0.0
0.0
0.0
0.0
0.0
0.0
0.0
0.0
0.0
0.0
0.0
0.0
0.0
0.0
0.0
0.0
0.0
0.0
0.0
0.0
0.0
0.0
0.0
0.0
-1.0
0.0
0.0
0.0
0.0
0.0
0.0
0.0
0.0
0.0
0.0
0.0
0.0
0.0
0.0
0.0
0.0
1.0
0.0
0.0
0.0
0.0
0.0
0.0
0.0
0.0
0.0
0.0
0.0
0.0
0.0
0.0
0.0
0.0
0.0
0.0
0.0
0.0
0.0
0.0
0.0
0.0
0.0
0.0
0.0
0.0
0.0
0.0
0.0
0.0
0.0
0.0
0.0
0.0
0.0
0.0
0.0
0.0
0.0
0.0
0.0
0.0
0.0
0.0
0.0
0.0
0.0
0.0
0.0
0.0
0.0
0.0
0.0
0.0
0.0
0.0
0.0
0.0
0.0
0.0
0.0
0.0
0.0
0.0
0.0
0.0
0.0
0.0
0.0
0.0
0.0
0.0
0.0
0.0
0.0
0.0
0.0
0.0
0.0
0.0
0.0
0.0
0.0
0.0
0.0
0.0
0.0
0.0
0.0
0.0
0.0
0.0
0.0
0.0
0.0
0.0
0.0
0.0
0.0
0.0
0.0
0.0
0.0
0.0
0.0
0.0
0.0
0.0
0.0
0.0
0.0
0.0
0.0
0.0
0.0
0.0
0.0
0.0
0.0
0.0
0.0
0.0
0.0
0.0
0.0
0.0
0.0
0.0
0.0
0.0
0.0
0.0
0.0
0.0
0.0
0.0
0.0
0.0
0.0
0.0
0.0
0.0
0.0
0.0
0.0
0.0
0.0
0.0
0.0
0.0
0.0
0.0
0.0
0.0
0.0
0.0
0.0
0.0
0.0
0.0
0.0
0.0
0.0
0.0
0.0
0.0
0.0
0.0
0.0
0.0
0.0
0.0
0.0
0.0
0.0
0.0
0.0
0.0
0.0
0.0
0.0
0.0
0.0
-1.0
0.0
0.0
0.0
0.0
0.0
0.0
0.0
0.0
0.0
0.0
0.0
0.0
0.0
0.0
0.0
0.0
0.0
0.0
0.0
0.0
0.0
0.0
0.0
0.0
0.0
0.0
0.0
0.0
0.0
0.0
0.0
0.0
0.0
0.0
0.0
0.0
1.0
0.0
0.0
0.0
0.0
0.0
0.0
0.0
0.0
0.0
0.0
0.0
0.0
0.0
0.0
0.0
0.0
0.0
0.0
0.0
0.0
0.0
1.0
0.0
0.0
0.0
0.0
1.0
0.0
0.0
0.0
0.0
0.0
0.0
0.0
0.0
0.0
0.0
0.0
0.0
0.0
0.0
0.0
0.0
1.0
0.0
0.0
0.0
0.0
0.0
0.0
0.0
0.0
0.0
0.0
0.0
0.0
0.0
0.0
0.0
0.0
0.0
0.0
0.0
0.0
0.0
0.0
0.0
0.0
0.0
0.0
0.0
0.0
0.0
0.0
0.0
0.0
0.0
0.0
0.0
0.0
0.0
0.0
0.0
0.0
0.0
0.0
0.0
0.0
-1.0
0.0
0.0
0.0
0.0
0.0
0.0
0.0
0.0
0.0
0.0
0.0
0.0
0.0
0.0
0.0
0.0
0.0
0.0
0.0
0.0
0.0
0.0
0.0
0.0
0.0
0.0
0.0
0.0
0.0
0.0
0.0
0.0
0.0
0.0
0.0
0.0
0.0
0.0
0.0
0.0
0.0
0.0
0.0
0.0
0.0
0.0
0.0
-1.0
0.0
0.0
0.0
0.0
0.0
0.0
0.0
0.0
0.0
0.0
0.0
0.0
0.0
0.0
0.0
0.0
0.0
0.0
0.0
0.0
0.0
0.0
0.0
0.0
0.0
0.0
0.0
0.0
0.0
0.0
1.0
0.0
0.0
0.0
0.0
0.0
0.0
0.0
0.0
0.0
0.0
0.0
0.0
0.0
0.0
0.0
0.0
0.0
0.0
0.0
0.0
0.0
0.0
0.0
0.0
0.0
0.0
0.0
-1.0
0.0
0.0
0.0
0.0
0.0
0.0
0.0
0.0
0.0
0.0
0.0
0.0
0.0
0.0
0.0
0.0
0.0
0.0
0.0
0.0
0.0
0.0
0.0
0.0
0.0
0.0
0.0
0.0
0.0
0.0
0.0
0.0
0.0
0.0
0.0
0.0
0.0
0.0
0.0
0.0
0.0
0.0
-1.0
0.0
0.0
1.0
0.0
0.0
0.0
0.0
0.0
0.0
0.0
0.0
0.0
0.0
0.0
0.0
0.0
0.0
0.0
0.0
0.0
0.0
0.0
0.0
0.0
0.0
0.0
0.0
0.0
0.0
0.0
0.0
0.0
0.0
0.0
0.0
0.0
0.0
0.0
0.0
0.0
0.0
0.0
0.0
0.0
0.0
0.0
-1.0
0.0
0.0
0.0
-1.0
0.0
0.0
0.0
0.0
0.0
0.0
0.0
0.0
0.0
0.0
0.0
0.0
0.0
0.0
0.0
0.0
0.0
0.0
0.0
0.0
0.0
0.0
0.0
0.0
0.0
0.0
0.0
0.0
0.0
0.0
0.0
0.0
0.0
0.0
1.0
0.0
0.0
0.0
0.0
0.0
0.0
0.0
0.0
0.0
0.0
-1.0
0.0
0.0
0.0
0.0
0.0
0.0
0.0
0.0
0.0
0.0
0.0
0.0
0.0
0.0
0.0
0.0
0.0
0.0
0.0
0.0
0.0
0.0
0.0
0.0
0.0
0.0
0.0
0.0
0.0
0.0
1.0
0.0
0.0
0.0
0.0
0.0
0.0
0.0
0.0
0.0
0.0
0.0
0.0
0.0
0.0
0.0
0.0
0.0
0.0
0.0
0.0
0.0
0.0
0.0
0.0
0.0
0.0
0.0
0.0
0.0
0.0
0.0
0.0
0.0
0.0
0.0
0.0
0.0
0.0
-1.0
0.0
0.0
0.0
0.0
0.0
0.0
0.0
0.0
0.0
0.0
0.0
0.0
0.0
0.0
0.0
0.0
0.0
0.0
-1.0
0.0
0.0
0.0
0.0
0.0
0.0
0.0
0.0
0.0
0.0
0.0
0.0
0.0
0.0
0.0
0.0
0.0
0.0
0.0
0.0
0.0
0.0
0.0
0.0
0.0
0.0
0.0
0.0
0.0
0.0
0.0
0.0
0.0
0.0
0.0
0.0
0.0
0.0
0.0
0.0
0.0
0.0
0.0
0.0
0.0
0.0
0.0
0.0
0.0
0.0
0.0
0.0
0.0
0.0
0.0
0.0
0.0
0.0
0.0
0.0
0.0
0.0
0.0
0.0
0.0
0.0
0.0
0.0
1.0
0.0
0.0
-2.0
0.0
0.0
0.0
0.0
0.0
0.0
0.0
0.0
0.0
0.0
0.0
0.0
0.0
0.0
1.0
0.0
0.0
0.0
-1.0
0.0
0.0
0.0
0.0
0.0
0.0
0.0
0.0
0.0
0.0
0.0
-1.0
0.0
0.0
0.0
0.0
0.0
0.0
1.0
0.0
0.0
0.0
0.0
0.0
0.0
0.0
0.0
0.0
0.0
0.0
0.0
0.0
0.0
0.0
0.0
0.0
1.0
0.0
1.0
0.0
0.0
0.0
0.0
0.0
1.0
0.0
0.0
0.0
0.0
0.0
0.0
0.0
0.0
-1.0
0.0
0.0
0.0
0.0
0.0
0.0
0.0
0.0
0.0
0.0
0.0
0.0
0.0
0.0
1.0
0.0
0.0
0.0
0.0
0.0
0.0
0.0
0.0
0.0
0.0
0.0
0.0
0.0
0.0
0.0
0.0
0.0
0.0
0.0
0.0
0.0
0.0
0.0
0.0
0.0
0.0
0.0
0.0
0.0
0.0
0.0
0.0
0.0
0.0
0.0
0.0
0.0
0.0
0.0
0.0
0.0
0.0
0.0
0.0
0.0
0.0
0.0
0.0
-1.0
0.0
0.0
0.0
0.0
0.0
0.0
0.0
0.0
0.0
0.0
0.0
0.0
0.0
0.0
0.0
0.0
0.0
0.0
0.0
0.0
0.0
0.0
0.0
1.0
0.0
0.0
0.0
0.0
0.0
0.0
1.0
0.0
0.0
0.0
0.0
0.0
0.0
0.0
0.0
0.0
0.0
0.0
0.0
0.0
0.0
0.0
0.0
0.0
0.0
0.0
0.0
0.0
0.0
0.0
0.0
1.0
0.0
0.0
0.0
0.0
0.0
0.0
0.0
0.0
0.0
0.0
-1.0
0.0
0.0
0.0
0.0
0.0
0.0
0.0
0.0
0.0
-1.0
0.0
0.0
0.0
0.0
0.0
0.0
0.0
0.0
0.0
0.0
0.0
0.0
0.0
0.0
1.0
0.0
0.0
0.0
0.0
0.0
0.0
0.0
0.0
0.0
0.0
0.0
0.0
0.0
0.0
0.0
0.0
0.0
0.0
-1.0
1.0
0.0
0.0
0.0
0.0
0.0
0.0
0.0
0.0
0.0
0.0
0.0
0.0
0.0
0.0
0.0
0.0
0.0
1.0
0.0
0.0
0.0
-1.0
0.0
0.0
0.0
0.0
0.0
0.0
0.0
0.0
1.0
0.0
0.0
0.0
0.0
0.0
0.0
0.0
0.0
0.0
0.0
0.0
0.0
0.0
0.0
0.0
0.0
0.0
0.0
0.0
0.0
0.0
0.0
0.0
0.0
-1.0
0.0
0.0
0.0
0.0
0.0
0.0
0.0
0.0
0.0
0.0
0.0
0.0
0.0
0.0
0.0
0.0
0.0
0.0
0.0
0.0
0.0
0.0
-1.0
0.0
0.0
0.0
0.0
0.0
0.0
0.0
0.0
0.0
0.0
0.0
0.0
0.0
0.0
0.0
0.0
0.0
0.0
0.0
0.0
0.0
0.0
0.0
-1.0
0.0
0.0
0.0
0.0
0.0
0.0
0.0
0.0
0.0
0.0
0.0
0.0
0.0
0.0
0.0
0.0
0.0
0.0
0.0
0.0
0.0
0.0
0.0
0.0
0.0
-1.0
-1.0
0.0
0.0
0.0
0.0
0.0
0.0
0.0
0.0
0.0
0.0
0.0
0.0
0.0
0.0
0.0
0.0
0.0
0.0
0.0
0.0
0.0
0.0
0.0
0.0
-1.0
0.0
0.0
0.0
0.0
0.0
0.0
0.0
0.0
0.0
0.0
0.0
0.0
0.0
0.0
0.0
0.0
0.0
0.0
0.0
0.0
0.0
0.0
0.0
0.0
0.0
0.0
0.0
0.0
0.0
0.0
0.0
0.0
0.0
0.0
0.0
0.0
0.0
0.0
0.0
0.0
0.0
0.0
0.0
0.0
0.0
0.0
0.0
0.0
0.0
0.0
0.0
0.0
0.0
0.0
0.0
0.0
0.0
0.0
0.0
0.0
0.0
0.0
0.0
0.0
0.0
0.0
0.0
0.0
0.0
0.0
0.0
0.0
0.0
0.0
0.0
0.0
0.0
0.0
0.0
0.0
0.0
0.0
0.0
0.0
0.0
0.0
0.0
0.0
0.0
0.0
0.0
0.0
0.0
0.0
0.0
0.0
0.0
0.0
0.0
0.0
0.0
0.0
0.0
0.0
0.0
0.0
0.0
0.0
0.0
0.0
0.0
0.0
0.0
0.0
0.0
0.0
0.0
0.0
0.0
0.0
0.0
0.0
0.0
0.0
0.0
0.0
0.0
0.0
0.0
0.0
0.0
0.0
0.0
0.0
0.0
0.0
0.0
0.0
0.0
0.0
0.0
0.0
0.0
0.0
0.0
0.0
0.0
0.0
0.0
0.0
0.0
0.0
0.0
0.0
0.0
0.0
0.0
0.0
0.0
0.0
0.0
0.0
0.0
0.0
0.0
0.0
0.0
0.0
80.0
29892.0
2392.0
49152.0
0.0
0.0
0.0
0.0
0.0
0.0
0.0
0.0
0.0
0.0
0.0
0.0
0.0
0.0
0.0
0.0
0.0
0.0
228.0
28672.0
0.0
0.0
0.0
0.0
