0.3515755
0.004570277
0.0033583506
0.0041614342
0.007052536
0.0033875536
0.0018397921
0.0017959875
0.0038694039
0.0019420028
0.0019858072
0.0016061676
0.003621178
0.0014455509
0.0015331601
0.0029057034
0.0060742344
0.0014309494
0.0013287388
0.0012995356
0.0031101247
0.002058815
0.0013725433
0.0011389189
0.0022048303
0.0010805128
0.0010513098
0.0013871448
0.002058815
0.0011535204
0.0012557311
0.0012265281
0.0075635896
0.0008468884
0.0010367082
0.0011243174
0.005125135
0.0026574775
0.0008468884
0.0009929036
0.0015769646
0.0015331601
0.0013579418
0.001752183
0.0015623631
0.0018689951
0.003285343
0.0010075052
0.0024092516
0.0021610255
0.002058815
0.0042490438
0.0034021551
0.0012557311
0.0012411296
0.0011535204
0.0012411296
0.001474754
0.0010951143
0.002642876
0.0018835966
0.0017959875
0.0008468884
0.0010659113
0.025523465
0.0017083783
0.0016937768
0.0024384547
0.0051105334
0.005285752
0.001810589
0.0013871448
0.0021318225
0.0014601524
0.002058815
0.0008760915
0.0019274012
0.0019566042
0.0017375814
0.002146424
0.005577782
0.0019420028
0.0019127997
0.004263645
0.0025260637
0.0038694039
0.0028618989
0.0025990712
0.002029612
0.0027450866
0.0019274012
0.0031539293
0.0012849341
0.0025552667
0.0024238531
0.0021318225
0.0010951143
0.004365856
0.0012995356
0.0027158835
0.004336653
0.008279065
0.0025260637
0.0022778378
0.00411763
0.0032999446
0.0032999446
0.001810589
0.003314546
0.0025552667
0.004015419
0.0038402008
0.002759688
0.0008176854
0.0047893
0.0033291476
0.008337471
0.005490173
0.0018397921
0.0016353708
0.0030225154
0.0018251905
0.0010221067
0.0011243174
0.0016645738
0.0014309494
0.0014893555
0.0016061676
0.003504366
0.0022924393
0.0009929036
0.005066729
0.0023654469
0.0050521274
0.00093449757
0.0010367082
0.0018251905
0.008074643
0.001810589
0.02115761
0.0017959875
0.005738399
0.0012119266
0.001197325
0.0024092516
0.0020150105
0.0013433403
0.0010951143
0.0011243174
0.001197325
0.000890693
0.0009637006
0.0009783021
0.0010075052
0.0010951143
0.0009490991
0.0012265281
0.001197325
0.0010221067
0.0010659113
0.002175627
0.0032123353
0.0013579418
0.0014893555
0.0017229798
0.001781386
0.0010075052
0.00093449757
0.0010075052
0.0009929036
0.001503957
0.00093449757
0.0014163479
0.0009052945
0.0010951143
0.0008614899
0.0027742896
0.0010951143
0.0012703326
0.0011827234
0.0012119266
0.002058815
0.002088018
0.003533569
0.0034167566
0.0018543936
0.0018251905
0.0010951143
0.0014163479
0.0010075052
0.0010221067
0.001197325
0.008337471
0.0016791753
0.0021610255
0.007768011
0.0022924393
0.0011827234
0.0027450866
0.0028618989
0.001781386
0.0018981982
0.0012557311
0.0013433403
0.0015477616
0.001197325
0.0012119266
0.0009490991
0.0017375814
0.0013579418
0.002672079
0.0016791753
0.0015477616
0.0009929036
0.0013141372
0.0016499723
0.0031685308
0.0010659113
0.0011827234
0.0019712057
0.0020734165
0.0012411296
0.0015331601
0.0010805128
0.0019274012
0.0014017463
0.0012703326
0.0015185586
0.0015185586
0.001503957
0.0010805128
0.0012411296
0.012776334
0.0026866805
0.0014455509
0.0045264727
0.0025698682
0.0013287388
0.0013725433
0.0010805128
0.0025990712
0.0011389189
0.001503957
0.0016499723
0.002117221
0.0011827234
0.0016207692
0.0013871448
0.004015419
0.0019420028
0.002117221
0.0017667845
0.0038840056
0.0016353708
0.0027450866
0.040490028
0.21538462
0.0
0.0
0.0
0.0
0.0
0.0
0.0
0.0
0.0
0.0
0.0
0.0
0.0
0.0
0.0
0.0
0.0
0.0
0.0
0.0
0.0
0.0
0.0
0.0
0.0
0.0
0.0
0.0
0.0
0.0
0.0
0.0
0.0
0.0
0.0
0.0
0.0
0.0
0.0
0.0
0.0
0.0
0.0
0.0
0.0
0.0
0.0
0.0
0.0
0.0
0.0
0.0
0.0
0.0
0.0
0.0
0.0
0.0
0.0
0.0
0.0
0.0
0.0
0.012875601
7.5120195e-05
5.2584135e-05
3.7560098e-05
0.0014948918
5.2584135e-05
4.5072116e-05
3.7560098e-05
3.7560098e-05
0.00024038462
7.5120195e-05
0.00011268029
6.7608176e-05
5.2584135e-05
7.5120195e-05
5.2584135e-05
0.0
0.0
0.0
0.0
0.0
0.0
0.0
0.0
0.0
0.0
0.0
0.0
0.0
0.0
0.0
0.0
0.011200421
0.00010516827
0.00013521635
0.00022536058
0.0015925481
0.00030048078
0.00021784856
0.00012770433
0.00075120194
0.00012019231
5.2584135e-05
4.5072116e-05
0.00017277645
0.00015024039
9.765625e-05
9.014423e-05
0.011027644
6.7608176e-05
8.2632214e-05
0.00018028847
0.0005709135
0.0002328726
0.0007136418
0.00027794472
0.00045823317
0.00015024039
0.00025540867
0.00021033654
0.00011268029
0.00010516827
0.00031550482
0.0006234976
0.0
0.0
0.0
0.0
0.0
0.0
0.0
0.0
0.0
0.0
0.0
0.0
0.0
0.0
0.0
0.0
0.011207933
0.00041316106
0.0018780048
0.00045823317
0.003538161
0.00060847355
0.006242488
0.0025165265
0.000788762
0.00036057693
0.00012770433
0.00015775241
0.00024038462
0.00020282452
0.00017277645
0.0018554687
0.020177284
0.0016676682
0.0046875
0.001998197
0.0040640025
0.0017728365
0.013198618
0.0058218148
0.0013221154
0.00048828125
8.2632214e-05
0.00030048078
0.00089393026
0.00036808895
0.00039813702
0.004296875
0.008195613
0.00045072116
0.00048076923
0.00045072116
0.0005033053
0.00045823317
0.00036808895
0.0004657452
0.0004732572
0.0005784255
0.0004732572
0.00043569712
0.0005709135
0.00043569712
0.00048076923
0.00056340144
0.011861478
0.0017953726
0.0008789062
0.0017953726
0.004011418
0.001539964
0.0014272836
0.0009465144
0.0010967548
0.00043569712
6.0096154e-05
0.0008638822
0.0009990985
0.0005183293
0.0005709135
0.001968149
0.015392127
0.0011192908
0.0029672475
0.0012169471
0.0060321516
0.0017427885
0.009532752
0.0042217546
0.0025916467
0.00072866585
0.0030949519
0.002726863
0.0010817308
0.0005033053
0.002411358
0.0061748796
0.07239333
0.012252104
0.012026743
0.0128380405
0.026945613
0.0263747
0.010712139
0.016766828
0.04686749
0.0044696513
0.007158954
0.012342247
0.025232872
0.012454928
0.02321965
0.047175482
0.010336539
0.010389122
0.0105994595
0.010314003
0.010817308
0.010697115
0.010501803
0.0107497
0.010426682
0.011283053
0.010426682
0.010389122
0.010727163
0.010674579
0.011170372
0.009728065
294.0
16.044218
4717.0
0.08077168
0.0012719949
0.0012719949
0.0004239983
0.0059359763
0.0014839941
0.0008479966
0.0010599957
0.0023319907
0.0025439898
0.0050879796
0.0010599957
0.0012719949
0.0059359763
0.031587873
0.0014839941
0.0050879796
0.0033919865
0.004239983
0.0038159848
0.0021199915
0.0016959932
0.0016959932
0.0010599957
0.0012719949
0.0016959932
0.0012719949
0.0014839941
0.0021199915
0.0010599957
0.0004239983
0.0010599957
0.011023956
0.0069959722
0.004239983
0.005723977
0.004239983
0.011659954
0.0050879796
0.0038159848
0.004027984
0.004451982
0.0029679881
0.0016959932
0.0031799872
0.004027984
0.0036039855
0.0048759803
0.0063599744
0.0036039855
0.004027984
0.007843968
0.0050879796
0.005511978
0.0029679881
0.005299979
0.0033919865
0.0050879796
0.0031799872
0.004451982
0.004239983
0.004027984
0.004451982
0.004027984
0.0010599957
0.051091794
0.00996396
0.027135892
0.019503921
0.10684757
0.011447954
0.020987917
0.013143947
0.03519186
0.004239983
0.0150519395
0.030315878
0.020987917
0.043459825
0.044095825
0.022047913
0.00063599745
0.052999787
0.028195888
0.034131862
0.014415942
0.0061479756
0.008479966
0.027135892
0.009751961
0.0012719949
0.0023319907
0.0019079924
0.00021199915
0.0010599957
0.0016959932
5.449903
0.0
0.0
0.0
1.0
68486.0
413696.0
0.0
0.0
0.0
0.0
0.0
0.0
0.0
0.0
708992500.0
0.0
0.0
0.0
0.0
0.0
1.0
0.0
0.0
0.0
0.0
0.0
0.0
-1.0
1.0
-1.0
-1.0
1.0
1.0
0.0
0.0
0.0
0.0
0.0
0.0
0.0
0.0
0.0
0.0
-1.0
0.0
0.0
0.0
0.0
0.0
0.0
0.0
0.0
0.0
0.0
0.0
0.0
-1.0
0.0
0.0
0.0
0.0
0.0
0.0
0.0
0.0
0.0
0.0
2.0
25.0
4.0
0.0
4.0
0.0
57344.0
1024.0
4096.0
4.0
0.0
0.0
2.0
4.0
0.0
0.0
0.0
0.0
0.0
0.0
0.0
0.0
0.0
0.0
0.0
0.0
0.0
0.0
0.0
0.0
0.0
-2048.0
0.0
0.0
0.0
0.0
0.0
0.0
0.0
0.0
0.0
0.0
-53760.0
0.0
0.0
0.0
0.0
0.0
344064.0
0.0
0.0
0.0
0.0
0.0
0.0
0.0
0.0
1024.0
0.0
0.0
0.0
0.0
0.0
0.0
0.0
0.0
0.0
0.0
0.0
0.0
0.0
0.0
0.0
0.0
0.0
0.0
0.0
0.0
0.0
0.0
0.0
0.0
0.0
0.0
0.0
0.0
0.0
0.0
0.0
0.0
0.0
0.0
0.0
0.0
0.0
0.0
0.0
0.0
5.806617
0.0
0.0
0.0
0.0
0.0
0.0
0.0
0.0
0.0
0.0
0.0
0.0
0.0
0.0
0.0
0.0
0.0
0.0
0.0
0.0
0.0
0.0
0.0
0.0
0.0
0.0
0.0
0.0
0.0
0.0
0.0
0.0
-4096.0
0.0
0.0
0.0
0.0
0.0
0.0
0.0
0.0
0.0
0.0
-57344.0
0.0
0.0
0.0
0.0
0.0
344064.0
0.0
0.0
0.0
0.0
0.0
0.0
0.0
0.0
4096.0
0.0
0.0
0.0
0.0
0.0
0.0
0.0
0.0
0.0
0.0
0.0
0.0
0.0
0.0
0.0
0.0
0.0
0.0
1.0
0.0
0.0
0.0
0.0
0.0
0.0
0.0
-1.0
0.0
0.0
0.0
0.0
0.0
0.0
0.0
0.0
0.0
0.0
-1.0
0.0
0.0
0.0
0.0
0.0
0.0
0.0
-1.0
0.0
0.0
0.0
0.0
0.0
0.0
0.0
0.0
0.0
0.0
0.0
0.0
0.0
0.0
0.0
0.0
0.0
0.0
0.0
0.0
0.0
0.0
0.0
-1.0
0.0
0.0
0.0
0.0
0.0
0.0
0.0
0.0
0.0
1.0
0.0
0.0
0.0
0.0
1.0
0.0
0.0
0.0
0.0
0.0
0.0
0.0
0.0
1.0
0.0
0.0
0.0
0.0
0.0
0.0
0.0
0.0
0.0
-1.0
0.0
0.0
0.0
0.0
0.0
0.0
0.0
0.0
0.0
0.0
0.0
0.0
0.0
0.0
0.0
0.0
0.0
0.0
0.0
0.0
0.0
0.0
0.0
0.0
0.0
0.0
0.0
0.0
0.0
0.0
0.0
0.0
0.0
0.0
0.0
0.0
0.0
0.0
0.0
0.0
0.0
0.0
0.0
0.0
0.0
0.0
0.0
0.0
0.0
0.0
0.0
0.0
0.0
0.0
0.0
0.0
0.0
0.0
0.0
0.0
0.0
0.0
0.0
0.0
0.0
0.0
0.0
0.0
0.0
0.0
0.0
0.0
0.0
0.0
0.0
0.0
0.0
0.0
0.0
0.0
0.0
0.0
0.0
0.0
0.0
0.0
0.0
0.0
0.0
0.0
0.0
0.0
0.0
0.0
0.0
0.0
0.0
0.0
0.0
0.0
0.0
0.0
0.0
0.0
0.0
0.0
0.0
0.0
0.0
0.0
0.0
0.0
0.0
0.0
0.0
0.0
0.0
0.0
0.0
0.0
0.0
0.0
0.0
0.0
0.0
0.0
0.0
0.0
0.0
0.0
0.0
0.0
0.0
0.0
0.0
0.0
0.0
0.0
0.0
0.0
0.0
0.0
0.0
0.0
0.0
0.0
0.0
0.0
0.0
0.0
0.0
0.0
0.0
0.0
0.0
0.0
0.0
0.0
0.0
0.0
0.0
0.0
0.0
0.0
0.0
0.0
0.0
0.0
0.0
0.0
0.0
0.0
0.0
0.0
0.0
0.0
0.0
0.0
0.0
0.0
0.0
0.0
0.0
0.0
0.0
0.0
0.0
0.0
0.0
0.0
0.0
0.0
0.0
0.0
0.0
0.0
0.0
0.0
0.0
0.0
0.0
0.0
0.0
0.0
0.0
0.0
0.0
0.0
0.0
0.0
0.0
0.0
0.0
0.0
0.0
0.0
0.0
0.0
0.0
0.0
0.0
0.0
0.0
0.0
0.0
0.0
0.0
0.0
0.0
0.0
0.0
0.0
0.0
0.0
0.0
0.0
0.0
0.0
0.0
0.0
0.0
0.0
0.0
0.0
0.0
0.0
0.0
0.0
0.0
0.0
0.0
0.0
0.0
0.0
0.0
0.0
0.0
0.0
0.0
0.0
0.0
0.0
0.0
0.0
0.0
0.0
0.0
0.0
0.0
0.0
0.0
0.0
0.0
0.0
0.0
0.0
0.0
0.0
0.0
0.0
0.0
0.0
0.0
0.0
0.0
0.0
0.0
0.0
0.0
0.0
0.0
0.0
0.0
0.0
0.0
0.0
0.0
0.0
0.0
0.0
0.0
0.0
0.0
0.0
0.0
0.0
0.0
0.0
0.0
0.0
0.0
0.0
0.0
0.0
0.0
0.0
0.0
0.0
0.0
0.0
0.0
0.0
0.0
0.0
0.0
0.0
0.0
0.0
0.0
0.0
0.0
0.0
0.0
0.0
0.0
0.0
0.0
0.0
0.0
0.0
0.0
0.0
0.0
0.0
0.0
0.0
0.0
0.0
0.0
0.0
0.0
0.0
0.0
0.0
0.0
0.0
0.0
0.0
0.0
0.0
0.0
0.0
0.0
0.0
0.0
0.0
0.0
0.0
0.0
0.0
0.0
0.0
0.0
0.0
0.0
0.0
0.0
0.0
0.0
0.0
0.0
0.0
0.0
0.0
0.0
0.0
0.0
0.0
0.0
0.0
0.0
0.0
0.0
0.0
0.0
0.0
0.0
0.0
0.0
0.0
0.0
0.0
0.0
0.0
0.0
0.0
0.0
0.0
0.0
0.0
0.0
0.0
0.0
0.0
0.0
0.0
0.0
0.0
0.0
0.0
0.0
0.0
0.0
0.0
0.0
0.0
0.0
0.0
0.0
0.0
0.0
0.0
0.0
0.0
0.0
0.0
0.0
0.0
0.0
0.0
0.0
0.0
0.0
0.0
0.0
0.0
0.0
0.0
0.0
0.0
0.0
0.0
0.0
0.0
0.0
0.0
0.0
0.0
0.0
0.0
0.0
0.0
0.0
0.0
0.0
0.0
0.0
0.0
0.0
0.0
0.0
0.0
0.0
0.0
0.0
0.0
0.0
0.0
0.0
0.0
0.0
0.0
0.0
0.0
0.0
0.0
0.0
0.0
0.0
0.0
0.0
0.0
0.0
0.0
0.0
0.0
0.0
0.0
0.0
0.0
0.0
0.0
0.0
0.0
0.0
0.0
0.0
0.0
0.0
0.0
0.0
0.0
0.0
0.0
0.0
0.0
0.0
0.0
0.0
0.0
0.0
0.0
0.0
0.0
0.0
0.0
0.0
0.0
0.0
0.0
0.0
0.0
0.0
0.0
0.0
0.0
0.0
0.0
0.0
0.0
0.0
0.0
0.0
0.0
0.0
0.0
0.0
0.0
0.0
0.0
0.0
0.0
0.0
0.0
0.0
0.0
0.0
0.0
0.0
0.0
0.0
0.0
0.0
0.0
0.0
0.0
0.0
0.0
0.0
0.0
0.0
0.0
0.0
0.0
0.0
0.0
0.0
0.0
0.0
0.0
0.0
0.0
0.0
0.0
0.0
0.0
0.0
0.0
0.0
0.0
0.0
0.0
0.0
0.0
0.0
0.0
0.0
0.0
0.0
0.0
0.0
0.0
0.0
0.0
0.0
0.0
0.0
0.0
0.0
0.0
0.0
0.0
0.0
0.0
0.0
0.0
0.0
0.0
0.0
0.0
0.0
0.0
0.0
0.0
0.0
0.0
0.0
0.0
0.0
0.0
0.0
0.0
0.0
0.0
0.0
0.0
0.0
0.0
0.0
0.0
0.0
0.0
0.0
0.0
0.0
0.0
0.0
0.0
0.0
0.0
0.0
0.0
0.0
0.0
0.0
0.0
0.0
0.0
0.0
0.0
0.0
0.0
0.0
0.0
0.0
0.0
0.0
0.0
0.0
0.0
0.0
0.0
0.0
0.0
0.0
0.0
0.0
0.0
0.0
0.0
0.0
0.0
0.0
0.0
0.0
0.0
0.0
0.0
0.0
0.0
0.0
0.0
0.0
0.0
0.0
0.0
0.0
0.0
0.0
0.0
0.0
0.0
0.0
0.0
0.0
0.0
0.0
0.0
0.0
0.0
0.0
0.0
0.0
0.0
0.0
0.0
0.0
0.0
0.0
0.0
0.0
0.0
0.0
0.0
0.0
0.0
0.0
0.0
0.0
0.0
0.0
0.0
0.0
0.0
0.0
0.0
0.0
0.0
0.0
0.0
0.0
0.0
0.0
0.0
0.0
0.0
0.0
0.0
0.0
0.0
0.0
0.0
0.0
0.0
0.0
0.0
0.0
0.0
0.0
0.0
0.0
0.0
0.0
0.0
0.0
0.0
0.0
0.0
0.0
0.0
0.0
0.0
0.0
0.0
0.0
0.0
0.0
0.0
0.0
0.0
0.0
0.0
0.0
0.0
0.0
0.0
0.0
0.0
0.0
0.0
0.0
0.0
0.0
0.0
0.0
0.0
0.0
0.0
0.0
0.0
0.0
0.0
0.0
0.0
0.0
0.0
0.0
0.0
0.0
0.0
0.0
0.0
0.0
0.0
0.0
0.0
0.0
0.0
0.0
0.0
0.0
0.0
0.0
0.0
0.0
0.0
0.0
0.0
0.0
0.0
0.0
0.0
0.0
0.0
0.0
0.0
0.0
0.0
0.0
0.0
0.0
0.0
0.0
0.0
0.0
0.0
0.0
0.0
0.0
0.0
0.0
0.0
0.0
0.0
0.0
0.0
0.0
0.0
0.0
0.0
0.0
0.0
0.0
0.0
0.0
0.0
0.0
0.0
0.0
0.0
0.0
0.0
0.0
0.0
0.0
0.0
0.0
0.0
0.0
0.0
0.0
0.0
0.0
0.0
0.0
0.0
0.0
0.0
0.0
0.0
0.0
0.0
0.0
0.0
0.0
0.0
0.0
0.0
0.0
0.0
0.0
0.0
0.0
0.0
0.0
0.0
0.0
0.0
0.0
0.0
0.0
0.0
0.0
0.0
0.0
0.0
0.0
0.0
0.0
0.0
0.0
0.0
0.0
0.0
0.0
0.0
0.0
0.0
0.0
0.0
0.0
0.0
0.0
0.0
0.0
0.0
0.0
0.0
0.0
0.0
0.0
0.0
0.0
0.0
0.0
0.0
0.0
0.0
0.0
0.0
0.0
0.0
0.0
0.0
0.0
0.0
0.0
0.0
0.0
0.0
0.0
0.0
0.0
0.0
0.0
0.0
0.0
0.0
0.0
0.0
0.0
0.0
0.0
0.0
0.0
0.0
0.0
0.0
0.0
0.0
0.0
0.0
0.0
0.0
0.0
0.0
0.0
0.0
0.0
0.0
0.0
0.0
0.0
0.0
0.0
0.0
0.0
0.0
0.0
0.0
0.0
0.0
0.0
0.0
0.0
0.0
0.0
0.0
0.0
0.0
0.0
0.0
0.0
0.0
0.0
0.0
0.0
0.0
0.0
0.0
0.0
0.0
0.0
0.0
0.0
0.0
0.0
0.0
0.0
0.0
0.0
0.0
0.0
0.0
0.0
0.0
0.0
0.0
0.0
0.0
0.0
0.0
0.0
0.0
0.0
0.0
0.0
0.0
0.0
0.0
0.0
0.0
0.0
0.0
0.0
0.0
0.0
0.0
0.0
0.0
0.0
0.0
0.0
0.0
0.0
0.0
0.0
0.0
0.0
0.0
0.0
0.0
0.0
0.0
0.0
0.0
0.0
0.0
0.0
0.0
0.0
0.0
0.0
0.0
0.0
0.0
0.0
0.0
0.0
0.0
0.0
0.0
0.0
0.0
0.0
0.0
0.0
0.0
0.0
0.0
0.0
0.0
0.0
0.0
0.0
0.0
0.0
0.0
0.0
0.0
0.0
0.0
0.0
0.0
0.0
0.0
0.0
0.0
0.0
0.0
0.0
0.0
0.0
0.0
0.0
0.0
0.0
0.0
0.0
0.0
0.0
0.0
0.0
0.0
0.0
0.0
0.0
0.0
0.0
0.0
0.0
0.0
0.0
0.0
0.0
0.0
0.0
0.0
0.0
0.0
0.0
0.0
0.0
0.0
0.0
0.0
0.0
0.0
0.0
0.0
0.0
0.0
0.0
0.0
0.0
0.0
0.0
0.0
0.0
0.0
0.0
0.0
0.0
0.0
0.0
0.0
0.0
0.0
0.0
0.0
0.0
0.0
0.0
0.0
0.0
0.0
0.0
0.0
0.0
0.0
0.0
0.0
0.0
0.0
0.0
0.0
0.0
0.0
0.0
0.0
0.0
0.0
0.0
0.0
0.0
0.0
0.0
0.0
0.0
0.0
0.0
0.0
0.0
0.0
0.0
0.0
0.0
0.0
0.0
0.0
0.0
0.0
0.0
0.0
0.0
0.0
0.0
0.0
0.0
0.0
0.0
0.0
0.0
0.0
0.0
0.0
0.0
0.0
0.0
0.0
0.0
0.0
0.0
0.0
0.0
0.0
0.0
0.0
0.0
0.0
0.0
0.0
0.0
0.0
0.0
0.0
0.0
0.0
0.0
0.0
0.0
0.0
0.0
0.0
0.0
0.0
0.0
0.0
0.0
0.0
0.0
0.0
0.0
0.0
0.0
0.0
0.0
0.0
0.0
0.0
0.0
0.0
0.0
0.0
0.0
0.0
0.0
0.0
0.0
0.0
0.0
0.0
0.0
0.0
0.0
0.0
0.0
0.0
0.0
0.0
0.0
0.0
0.0
0.0
0.0
0.0
0.0
0.0
0.0
0.0
0.0
0.0
0.0
0.0
0.0
0.0
0.0
0.0
0.0
0.0
0.0
0.0
0.0
0.0
0.0
0.0
0.0
0.0
0.0
0.0
0.0
0.0
0.0
0.0
0.0
0.0
0.0
0.0
0.0
0.0
0.0
0.0
0.0
0.0
0.0
0.0
0.0
0.0
0.0
0.0
0.0
0.0
0.0
0.0
0.0
0.0
0.0
0.0
0.0
0.0
0.0
0.0
0.0
0.0
0.0
0.0
0.0
0.0
0.0
0.0
0.0
0.0
0.0
0.0
0.0
0.0
0.0
0.0
0.0
0.0
0.0
0.0
0.0
0.0
0.0
0.0
0.0
0.0
0.0
0.0
0.0
0.0
0.0
0.0
0.0
0.0
0.0
0.0
0.0
0.0
0.0
0.0
0.0
0.0
0.0
0.0
0.0
0.0
0.0
0.0
0.0
0.0
180.0
409600.0
496.0
405504.0
0.0
0.0
0.0
0.0
0.0
0.0
0.0
0.0
0.0
0.0
0.0
0.0
24.0
401524.0
0.0
0.0
0.0
0.0
0.0
0.0
0.0
0.0
0.0
0.0
