0.1595242
0.01715766
0.008056641
0.004532878
0.018961588
0.0033420138
0.0017415364
0.0029541017
0.011493598
0.0037516276
0.004012044
0.00316569
0.010940213
0.0022460937
0.00557997
0.013940429
0.0068684896
0.0033718534
0.0012125651
0.0011230469
0.005360243
0.0027072483
0.004543728
0.0011311849
0.0040825736
0.0013237847
0.001030816
0.0014512804
0.005965169
0.0012586806
0.003217231
0.0013373481
0.0074842665
0.00085720484
0.00084364146
0.0010199653
0.032918293
0.0012993707
0.0023383247
0.001812066
0.0022081162
0.0023654513
0.00081380206
0.0009440104
0.0029758029
0.0017496744
0.001546224
0.0008002387
0.0038194444
0.0066758897
0.0020155164
0.002601454
0.003938802
0.0017578125
0.0022515191
0.0018337674
0.003108724
0.003507487
0.0029161242
0.0020643447
0.0036756727
0.002102322
0.0015923394
0.0021050347
0.005110677
0.0057237414
0.0023898655
0.004597982
0.014740668
0.0046739364
0.0028998482
0.002411567
0.0023166232
0.0018310547
0.0010823568
0.0014919705
0.004115126
0.0021430121
0.001470269
0.0017388238
0.0042236326
0.0015407986
0.0018771702
0.0033935546
0.005300564
0.0031955296
0.0028157553
0.0033040366
0.0020209418
0.0010715061
0.0013888889
0.0028157553
0.0033854167
0.0024983725
0.0025960286
0.0029785156
0.0015652126
0.0025580511
0.0015516493
0.013194445
0.0024549696
0.0037000868
0.003648546
0.0014078777
0.0017876519
0.0030192058
0.0012668186
0.0012532552
0.003963216
0.0016737196
0.002460395
0.0027235243
0.002935113
0.0011555989
0.003092448
0.0028700086
0.010481771
0.0047336156
0.0025499132
0.0018988715
0.002259657
0.0017035591
0.0016547309
0.0010579427
0.0028727213
0.0017415364
0.0012315538
0.0013264974
0.006366645
0.0020914713
0.0012830946
0.015161132
0.0066026477
0.012285699
0.0018853082
0.0017822266
0.002918837
0.031599935
0.0011284723
0.019637045
0.0012668186
0.011770291
0.0013726129
0.0010335286
0.0070366752
0.00081380206
0.00072157115
0.001529948
0.0014865452
0.0015109592
0.0008789062
0.0008951823
0.0010850695
0.00073784724
0.00078396266
0.0009440104
0.001022678
0.0012613932
0.0009033203
0.0011149088
0.0018066406
0.0011420356
0.0007486979
0.0009657118
0.0011393229
0.00085991755
0.00097384985
0.0009874132
0.0015489366
0.0008761936
0.0012830946
0.0012803819
0.0010877821
0.0010579427
0.0011067708
0.001321072
0.0013373481
0.00083821616
0.0007269965
0.00081380206
0.0018880208
0.0011257596
0.0043240017
0.0015679253
0.0029649523
0.0019883898
0.0023980034
0.0013373481
0.0023817273
0.0017116971
0.0018229167
0.0019422743
0.008778212
0.0034261069
0.0028618707
0.004595269
0.002826606
0.0020426433
0.0041829427
0.010625542
0.0017035591
0.0027533637
0.0010253906
0.0009928385
0.0010715061
0.00080566405
0.0017306858
0.0011962891
0.002319336
0.0017198351
0.0028401692
0.0021185982
0.0014268663
0.0009168837
0.0011990017
0.0013726129
0.0027560764
0.0012234158
0.0010742188
0.0020562066
0.00101454
0.0009955512
0.0012803819
0.0016954211
0.002275933
0.0012044271
0.0013319227
0.0011691623
0.0014567057
0.0013400607
0.0010009765
0.0011284723
0.011905924
0.0057373047
0.0014024522
0.003938802
0.003032769
0.0015950521
0.0011420356
0.0013834635
0.0022243923
0.0014729818
0.0013590495
0.002194553
0.0013916015
0.000922309
0.002766927
0.0026557075
0.0025553384
0.0020317924
0.002593316
0.00234375
0.0021050347
0.0022298177
0.0044325087
0.04051378
0.0
0.0
0.0
0.0
0.0
0.0
0.0
0.0
0.0
0.0
0.0
0.0
0.0
0.0
0.0
0.0
0.0
0.0
0.0
0.0
0.0
0.0
0.0
0.0
0.0
0.0
0.0
0.0
0.0
0.0
0.0
0.0
0.0
0.0
0.0
0.0
0.0
0.0
0.0
0.0
0.0
0.0
0.0
0.0
0.0
0.0
0.0
0.0
0.009724822
0.0
9.11277e-05
0.00017681494
0.00018497562
0.00012241035
0.0005454061
0.00029650505
0.0
0.0
0.0
0.0
0.0
0.0
0.0
0.0
0.0067407293
0.00052500435
0.00043251654
8.5687236e-05
0.00018361551
1.7681494e-05
0.00023257965
4.8964135e-05
7.208609e-05
1.3601149e-06
1.3601149e-06
1.3601149e-06
5.4404595e-06
4.0803448e-06
2.7202298e-06
1.3601149e-06
0.0
0.0
0.0
0.0
0.0
0.0
0.0
0.0
0.0
0.0
0.0
0.0
0.0
0.0
0.0
0.0
0.008068202
0.0013152311
0.00013057103
0.000114249655
0.00029650505
0.00012105022
0.00021217793
0.00016457391
0.000114249655
6.5285516e-05
5.848494e-05
7.0725975e-05
0.00015097276
6.800574e-05
6.256528e-05
0.00012921092
0.011380081
0.0010636098
0.00044067722
0.000568528
0.00063109334
0.00036179056
0.00079022674
0.00042979632
0.00033322815
8.9767585e-05
9.11277e-05
8.5687236e-05
0.000104728846
7.752655e-05
7.480632e-05
0.00019041609
0.011578659
0.0015233287
0.0005100431
0.00041619517
0.0011982613
0.00091399724
0.0011792196
0.0005114032
0.00033322815
9.248781e-05
8.9767585e-05
0.00026658253
0.00032370735
5.7124827e-05
9.656816e-05
0.00040803448
0.029285993
0.0019327233
0.0015654922
0.0012948294
0.006838658
0.0020850562
0.0061137164
0.0034342902
0.002344838
0.00032234724
0.00026658253
0.00041755527
0.002922887
0.00029378483
0.00027746343
0.0018851192
0.009421516
0.00029786516
0.0032479544
0.0025991795
0.0032873978
0.0021149786
0.0065312716
0.003730795
0.0005957303
0.00025026113
0.00014281206
0.000402594
0.0003182669
0.00015913344
9.384793e-05
0.00023257965
0.016439708
0.0028086372
0.00331596
0.011901005
0.0022333087
0.0024550073
0.006383019
0.0036151854
0.0043523675
0.0011860202
0.0015518911
0.0013057103
0.0019000805
0.0010010445
0.0013301923
0.0022877133
0.021927772
0.0025624565
0.003718554
0.0016212569
0.0027419915
0.0018239141
0.0016947031
0.0014498825
0.010025407
0.0011574578
0.00062837306
0.0017980719
0.0029188066
0.0010160059
0.0019136816
0.0042830016
0.084306724
0.012892529
0.024137959
0.0100471685
0.019693105
0.014075829
0.0071882075
0.012113184
0.057487976
0.0051548355
0.003102422
0.009844512
0.017832467
0.00804236
0.016766137
0.034361944
0.050601713
0.012325361
0.017297942
0.00864081
0.012707554
0.012918372
0.008801304
0.009611932
0.034493875
0.0067611313
0.0035281382
0.006191243
0.015237368
0.006402061
0.012322641
0.021712875
0.0113460785
0.008775461
0.007193648
0.008015157
0.008838027
0.0074683907
0.008591846
0.008200132
0.008313023
0.0076547265
0.008729218
0.008820345
0.00899308
0.008922353
0.0081715705
0.008457194
1347.0
15.0683
20297.0
0.04094201
0.0011331724
0.0014287826
0.0021185398
0.008080012
0.0043356162
0.0014287826
0.0015273193
0.0061092773
0.0047790315
0.001478051
0.0018229295
0.009902941
0.017785879
0.00995221
0.0011824408
0.018623441
0.012809775
0.011775139
0.015223925
0.016061487
0.010149283
0.017096123
0.006651229
0.010149283
0.012464896
0.012070749
0.007882939
0.008080012
0.0063063507
0.005518057
0.0063063507
0.012366359
0.0063063507
0.008375622
0.014090752
0.008030743
0.007735133
0.0058629354
0.013893679
0.006060009
0.005912204
0.002561955
0.00241415
0.009853673
0.008621964
0.0076365964
0.0042370795
0.005813667
0.0038922008
0.007291718
0.0076365964
0.008966843
0.004877568
0.0054687886
0.0122185545
0.005370252
0.0043848846
0.00512391
0.007735133
0.0032024437
0.0070946445
0.006503424
0.015618072
0.0022170765
0.026161501
0.012267822
0.023451742
0.02197369
0.04212445
0.008375622
0.008227817
0.009065379
0.03305907
0.008966843
0.004581958
0.026703455
0.010986845
0.02379662
0.027245406
0.01872198
0.0042370795
0.033256147
0.023747351
0.03828152
0.013745874
0.012070749
0.0101000145
0.009558063
0.009262453
0.0039414694
0.0010346357
0.0026604917
0.00088683056
0.0015273193
0.0014287826
6.139678
4.0
0.0
0.0
10.0
368640.0
1490944.0
0.0
2.0
214.0
1.0
0.0
0.0
1.0
0.0
1469288100.0
0.0
0.0
0.0
0.0
0.0
1.0
0.0
0.0
0.0
0.0
-1.0
0.0
-1.0
1.0
-1.0
-1.0
1.0
0.0
0.0
0.0
0.0
0.0
0.0
0.0
0.0
0.0
0.0
1.0
0.0
0.0
0.0
0.0
0.0
0.0
0.0
0.0
0.0
0.0
0.0
0.0
0.0
-1.0
0.0
0.0
0.0
0.0
0.0
0.0
0.0
0.0
1.0
0.0
2.0
25.0
4.0
0.0
4.0
0.0
230400.0
1024.0
4096.0
10.0
1.0
0.0
1.0
5.0
0.0
0.0
-512.0
0.0
0.0
-8704.0
0.0
0.0
-512.0
0.0
0.0
0.0
0.0
0.0
61952.0
0.0
0.0
0.0
0.0
0.0
0.0
0.0
0.0
0.0
0.0
0.0
0.0
0.0
0.0
0.0
0.0
0.0
-38400.0
0.0
0.0
0.0
0.0
0.0
512.0
0.0
0.0
-230400.0
-26624.0
0.0
0.0
0.0
0.0
0.0
0.0
0.0
0.0
0.0
-2.2660353
0.0
0.0
-6.6541524
0.0
0.0
-1.8252748
0.0
0.0
0.0
0.0
0.0
6.923494
0.0
0.0
0.0
0.0
0.0
0.0
0.0
0.0
0.0
0.0
0.0
0.0
0.0
0.0
0.0
0.0
0.0
-7.1383367
0.0
0.0
0.0
0.0
0.0
3.8166714
0.0
0.0
-6.3319287
-10.489689
0.0
0.0
0.0
0.0
0.0
0.0
0.0
0.0
0.0
-32.0
0.0
0.0
-8600.0
0.0
0.0
-48.0
0.0
0.0
0.0
0.0
0.0
61856.0
0.0
0.0
0.0
0.0
0.0
0.0
0.0
0.0
0.0
0.0
0.0
0.0
0.0
0.0
1093560.0
0.0
0.0
-38024.0
0.0
0.0
0.0
0.0
0.0
85.0
0.0
0.0
-230392.0
-25800.0
0.0
0.0
0.0
0.0
0.0
0.0
0.0
0.0
0.0
0.0
-1.0
0.0
0.0
0.0
0.0
0.0
1.0
0.0
0.0
0.0
0.0
0.0
0.0
0.0
0.0
0.0
0.0
0.0
0.0
0.0
0.0
0.0
0.0
0.0
0.0
0.0
0.0
0.0
0.0
0.0
0.0
0.0
0.0
0.0
0.0
0.0
-2.0
0.0
0.0
0.0
1.0
0.0
0.0
0.0
0.0
0.0
0.0
1.0
0.0
-1.0
0.0
0.0
0.0
0.0
0.0
1.0
0.0
0.0
0.0
0.0
-1.0
0.0
0.0
0.0
0.0
0.0
0.0
0.0
1.0
1.0
0.0
0.0
0.0
0.0
0.0
1.0
0.0
0.0
0.0
0.0
0.0
0.0
0.0
1.0
0.0
0.0
0.0
0.0
0.0
0.0
0.0
0.0
1.0
0.0
0.0
-1.0
1.0
0.0
0.0
0.0
0.0
0.0
0.0
0.0
0.0
0.0
0.0
0.0
0.0
0.0
0.0
0.0
0.0
0.0
0.0
0.0
0.0
0.0
0.0
0.0
0.0
0.0
0.0
0.0
0.0
0.0
1.0
-1.0
0.0
0.0
0.0
0.0
0.0
0.0
0.0
0.0
0.0
0.0
0.0
0.0
-1.0
0.0
0.0
0.0
0.0
0.0
0.0
0.0
-1.0
0.0
-1.0
0.0
0.0
0.0
0.0
0.0
0.0
0.0
0.0
0.0
0.0
0.0
0.0
0.0
0.0
0.0
0.0
0.0
0.0
0.0
0.0
0.0
0.0
0.0
0.0
0.0
0.0
0.0
0.0
0.0
0.0
0.0
0.0
0.0
0.0
0.0
0.0
0.0
0.0
0.0
0.0
0.0
0.0
0.0
0.0
0.0
0.0
0.0
0.0
0.0
0.0
0.0
0.0
0.0
0.0
0.0
0.0
0.0
0.0
0.0
0.0
0.0
0.0
0.0
1.0
0.0
0.0
0.0
0.0
0.0
0.0
0.0
0.0
0.0
0.0
0.0
0.0
0.0
0.0
0.0
0.0
0.0
0.0
0.0
0.0
0.0
-1.0
0.0
0.0
0.0
0.0
0.0
0.0
0.0
0.0
0.0
0.0
0.0
0.0
0.0
0.0
0.0
0.0
0.0
0.0
0.0
0.0
0.0
0.0
0.0
0.0
0.0
0.0
0.0
0.0
0.0
0.0
0.0
0.0
0.0
0.0
0.0
0.0
0.0
0.0
0.0
0.0
0.0
0.0
0.0
0.0
0.0
0.0
0.0
0.0
0.0
0.0
0.0
0.0
0.0
0.0
0.0
0.0
0.0
0.0
0.0
0.0
0.0
1.0
0.0
0.0
0.0
0.0
0.0
0.0
0.0
0.0
0.0
0.0
0.0
0.0
0.0
0.0
0.0
0.0
0.0
0.0
0.0
0.0
0.0
0.0
0.0
0.0
0.0
0.0
0.0
0.0
0.0
-1.0
0.0
0.0
0.0
0.0
0.0
0.0
0.0
0.0
0.0
0.0
0.0
0.0
0.0
0.0
0.0
0.0
0.0
0.0
0.0
0.0
0.0
0.0
0.0
0.0
0.0
1.0
0.0
0.0
0.0
1.0
0.0
0.0
0.0
0.0
0.0
0.0
0.0
2.0
0.0
0.0
-1.0
0.0
1.0
0.0
0.0
-1.0
0.0
0.0
0.0
-1.0
0.0
2.0
0.0
0.0
0.0
0.0
0.0
0.0
0.0
0.0
0.0
-1.0
0.0
0.0
0.0
0.0
-1.0
0.0
0.0
0.0
0.0
0.0
0.0
0.0
-1.0
0.0
-1.0
-2.0
0.0
0.0
0.0
0.0
0.0
0.0
0.0
0.0
0.0
0.0
0.0
0.0
0.0
0.0
1.0
0.0
0.0
0.0
0.0
0.0
0.0
0.0
0.0
0.0
0.0
0.0
0.0
0.0
0.0
0.0
0.0
0.0
0.0
0.0
0.0
0.0
0.0
1.0
0.0
0.0
0.0
1.0
0.0
0.0
1.0
1.0
0.0
0.0
0.0
0.0
0.0
0.0
0.0
0.0
0.0
0.0
0.0
0.0
0.0
0.0
0.0
0.0
0.0
0.0
0.0
-1.0
0.0
0.0
0.0
1.0
0.0
0.0
0.0
0.0
0.0
0.0
0.0
-1.0
0.0
0.0
-1.0
0.0
0.0
0.0
0.0
0.0
0.0
0.0
0.0
0.0
0.0
0.0
0.0
0.0
0.0
0.0
0.0
0.0
0.0
0.0
0.0
0.0
-1.0
0.0
0.0
-1.0
0.0
-1.0
1.0
0.0
0.0
0.0
0.0
1.0
0.0
0.0
0.0
0.0
-1.0
0.0
0.0
0.0
0.0
0.0
0.0
0.0
0.0
0.0
0.0
0.0
0.0
-1.0
0.0
0.0
0.0
0.0
0.0
0.0
1.0
0.0
0.0
0.0
0.0
0.0
0.0
0.0
0.0
0.0
0.0
0.0
0.0
0.0
0.0
0.0
0.0
0.0
0.0
0.0
0.0
0.0
-1.0
0.0
0.0
0.0
-1.0
-1.0
0.0
0.0
0.0
1.0
0.0
0.0
0.0
0.0
1.0
0.0
0.0
0.0
0.0
1.0
0.0
0.0
0.0
-1.0
1.0
0.0
1.0
0.0
0.0
0.0
0.0
0.0
0.0
0.0
0.0
0.0
0.0
0.0
2.0
0.0
0.0
0.0
1.0
0.0
0.0
0.0
0.0
-2.0
0.0
0.0
0.0
0.0
0.0
0.0
0.0
0.0
0.0
0.0
0.0
0.0
1.0
0.0
-1.0
0.0
0.0
0.0
-2.0
0.0
-1.0
0.0
0.0
0.0
-1.0
0.0
0.0
0.0
0.0
0.0
0.0
0.0
0.0
0.0
0.0
1.0
0.0
0.0
-1.0
0.0
0.0
0.0
0.0
0.0
0.0
0.0
0.0
0.0
1.0
0.0
2.0
0.0
0.0
1.0
0.0
0.0
0.0
0.0
0.0
0.0
-1.0
0.0
1.0
0.0
0.0
0.0
0.0
0.0
0.0
0.0
1.0
1.0
0.0
0.0
0.0
0.0
0.0
0.0
0.0
-1.0
-1.0
0.0
0.0
0.0
0.0
-1.0
0.0
0.0
0.0
0.0
0.0
0.0
0.0
1.0
0.0
0.0
0.0
0.0
1.0
0.0
-1.0
0.0
0.0
0.0
0.0
0.0
0.0
0.0
0.0
0.0
0.0
0.0
0.0
0.0
0.0
0.0
-1.0
-1.0
0.0
0.0
0.0
0.0
1.0
0.0
0.0
0.0
-1.0
-1.0
0.0
0.0
0.0
0.0
-1.0
0.0
0.0
0.0
0.0
0.0
0.0
0.0
0.0
0.0
0.0
0.0
1.0
0.0
0.0
1.0
1.0
0.0
0.0
0.0
0.0
1.0
0.0
0.0
0.0
0.0
0.0
0.0
1.0
0.0
0.0
0.0
0.0
0.0
1.0
0.0
0.0
0.0
0.0
0.0
0.0
0.0
0.0
0.0
-1.0
0.0
-1.0
0.0
0.0
0.0
0.0
0.0
2.0
0.0
0.0
0.0
0.0
1.0
0.0
0.0
0.0
1.0
0.0
-1.0
0.0
0.0
0.0
-1.0
0.0
0.0
-1.0
1.0
0.0
0.0
-1.0
-1.0
1.0
0.0
0.0
0.0
0.0
0.0
-1.0
1.0
0.0
1.0
-1.0
0.0
0.0
0.0
0.0
0.0
0.0
0.0
0.0
0.0
0.0
0.0
0.0
0.0
0.0
0.0
0.0
0.0
-1.0
0.0
0.0
0.0
-1.0
0.0
0.0
0.0
-1.0
0.0
0.0
0.0
0.0
0.0
0.0
0.0
0.0
0.0
0.0
0.0
0.0
0.0
0.0
0.0
0.0
1.0
0.0
0.0
0.0
0.0
0.0
0.0
0.0
0.0
0.0
0.0
0.0
1.0
0.0
0.0
0.0
0.0
0.0
0.0
1.0
0.0
0.0
0.0
0.0
0.0
0.0
0.0
-1.0
0.0
0.0
0.0
0.0
-1.0
0.0
0.0
2.0
0.0
-1.0
0.0
0.0
0.0
0.0
0.0
0.0
0.0
0.0
0.0
1.0
0.0
0.0
-1.0
0.0
0.0
0.0
0.0
0.0
0.0
0.0
0.0
0.0
0.0
0.0
0.0
1.0
-2.0
0.0
0.0
0.0
0.0
0.0
-1.0
0.0
0.0
0.0
0.0
-1.0
-1.0
0.0
0.0
1.0
0.0
0.0
0.0
1.0
-1.0
0.0
-1.0
0.0
0.0
-1.0
0.0
0.0
0.0
0.0
0.0
0.0
0.0
0.0
-1.0
0.0
0.0
1.0
0.0
0.0
0.0
0.0
0.0
0.0
-1.0
0.0
1.0
0.0
0.0
1.0
0.0
-1.0
3.0
0.0
0.0
0.0
0.0
0.0
0.0
0.0
0.0
0.0
0.0
0.0
0.0
0.0
0.0
0.0
0.0
0.0
0.0
0.0
0.0
0.0
0.0
0.0
0.0
0.0
0.0
0.0
0.0
0.0
0.0
0.0
0.0
0.0
0.0
0.0
0.0
0.0
0.0
-2.0
0.0
1.0
0.0
0.0
0.0
0.0
0.0
0.0
0.0
0.0
0.0
0.0
0.0
0.0
0.0
0.0
0.0
0.0
0.0
0.0
0.0
0.0
0.0
1.0
0.0
0.0
0.0
0.0
0.0
0.0
0.0
0.0
0.0
0.0
0.0
0.0
-1.0
0.0
0.0
-1.0
-2.0
0.0
0.0
0.0
0.0
1.0
1.0
0.0
0.0
0.0
0.0
0.0
0.0
0.0
0.0
0.0
0.0
0.0
0.0
0.0
0.0
0.0
0.0
1.0
0.0
0.0
0.0
0.0
0.0
0.0
0.0
0.0
0.0
0.0
0.0
0.0
-1.0
0.0
0.0
0.0
0.0
0.0
0.0
0.0
0.0
0.0
0.0
0.0
0.0
-1.0
0.0
0.0
0.0
0.0
0.0
0.0
0.0
0.0
0.0
0.0
0.0
0.0
0.0
0.0
0.0
0.0
0.0
1.0
0.0
0.0
1.0
0.0
0.0
0.0
-1.0
-1.0
-1.0
-1.0
0.0
1.0
0.0
0.0
0.0
0.0
0.0
0.0
0.0
0.0
0.0
0.0
0.0
1.0
0.0
0.0
-1.0
0.0
0.0
0.0
1.0
0.0
0.0
0.0
0.0
0.0
0.0
0.0
0.0
0.0
0.0
0.0
0.0
0.0
-1.0
0.0
0.0
0.0
0.0
0.0
0.0
1.0
0.0
0.0
0.0
0.0
0.0
0.0
0.0
-1.0
0.0
-1.0
0.0
0.0
0.0
0.0
0.0
-1.0
1.0
1.0
1.0
0.0
0.0
0.0
0.0
0.0
0.0
0.0
0.0
0.0
-1.0
0.0
0.0
0.0
0.0
0.0
0.0
0.0
0.0
0.0
0.0
0.0
0.0
2.0
1.0
1.0
0.0
0.0
0.0
0.0
0.0
0.0
0.0
0.0
0.0
0.0
1.0
0.0
0.0
0.0
0.0
0.0
0.0
0.0
0.0
0.0
0.0
0.0
0.0
-1.0
0.0
0.0
0.0
0.0
0.0
1.0
0.0
0.0
0.0
-1.0
0.0
-2.0
0.0
1.0
0.0
0.0
0.0
0.0
0.0
0.0
0.0
0.0
0.0
0.0
0.0
0.0
0.0
1.0
0.0
0.0
0.0
1.0
0.0
0.0
0.0
0.0
0.0
0.0
0.0
0.0
0.0
0.0
0.0
0.0
0.0
0.0
0.0
0.0
0.0
0.0
0.0
1.0
-1.0
-1.0
1.0
0.0
1.0
0.0
-1.0
0.0
0.0
0.0
0.0
-1.0
-1.0
1.0
0.0
0.0
0.0
0.0
0.0
2.0
0.0
0.0
0.0
0.0
0.0
0.0
-1.0
0.0
0.0
0.0
1.0
-1.0
0.0
0.0
1.0
0.0
0.0
0.0
0.0
0.0
-2.0
0.0
1.0
0.0
0.0
-1.0
0.0
0.0
0.0
0.0
0.0
0.0
0.0
0.0
0.0
-1.0
0.0
0.0
-1.0
0.0
0.0
1.0
0.0
0.0
0.0
0.0
0.0
0.0
0.0
0.0
0.0
0.0
0.0
0.0
0.0
0.0
0.0
0.0
0.0
0.0
0.0
0.0
0.0
0.0
0.0
0.0
0.0
0.0
0.0
0.0
0.0
0.0
0.0
0.0
0.0
0.0
0.0
0.0
0.0
0.0
0.0
0.0
0.0
0.0
0.0
0.0
0.0
0.0
0.0
0.0
0.0
0.0
0.0
0.0
0.0
0.0
-1.0
0.0
0.0
0.0
0.0
0.0
0.0
0.0
0.0
0.0
0.0
0.0
0.0
0.0
0.0
0.0
0.0
0.0
0.0
0.0
0.0
0.0
0.0
0.0
0.0
0.0
0.0
0.0
0.0
0.0
0.0
0.0
0.0
0.0
0.0
-1.0
0.0
0.0
0.0
0.0
0.0
0.0
0.0
0.0
0.0
0.0
0.0
0.0
0.0
0.0
0.0
0.0
0.0
0.0
0.0
0.0
0.0
0.0
0.0
0.0
0.0
0.0
0.0
0.0
0.0
0.0
0.0
0.0
0.0
0.0
0.0
0.0
0.0
0.0
0.0
0.0
0.0
85.0
1458176.0
6288.0
1462272.0
0.0
0.0
0.0
0.0
0.0
0.0
8600.0
1478656.0
0.0
0.0
0.0
0.0
0.0
0.0
24.0
1474564.0
0.0
0.0
0.0
0.0
892.0
1463364.0
0.0
0.0
0.0
0.0
