0.25599253
0.0113335885
0.008727726
0.0049434756
0.016612377
0.004143514
0.003357923
0.0039710673
0.009815099
0.0022178579
0.0058152904
0.0040285494
0.007252347
0.003357923
0.0015520215
0.002625024
0.0037315579
0.002601073
0.0032190075
0.0021124736
0.005326691
0.0017723702
0.0018873347
0.0018346426
0.003305231
0.0022274381
0.002447787
0.004320751
0.0044069747
0.001034681
0.0020310404
0.0026154437
0.003439356
0.001666986
0.0024621575
0.0036644952
0.0029651274
0.001968768
0.0013652041
0.0020022993
0.0055662002
0.0012981414
0.003333972
0.0016765664
0.00378904
0.0012694002
0.0021268441
0.002926806
0.0042536883
0.0037076068
0.0038513124
0.002931596
0.004569841
0.002902855
0.0035782717
0.002447787
0.0030992527
0.0022178579
0.0036070128
0.0014274765
0.004464457
0.0014610079
0.0018921249
0.0036261736
0.014212493
0.0046177427
0.0032908602
0.004996168
0.0040572905
0.004162675
0.0032285878
0.0031423643
0.0043159607
0.002677716
0.002577122
0.0027687296
0.0039710673
0.0029651274
0.0032237978
0.0034680974
0.0043542823
0.0039327457
0.0037459284
0.003056141
0.0037650892
0.002601073
0.0027112474
0.0028118414
0.0037986203
0.0030465606
0.0026058631
0.0017100978
0.0032237978
0.0016286644
0.0023088714
0.0024382065
0.0032285878
0.0025100594
0.0013268825
0.0019639777
0.0047279173
0.0043734433
0.002045411
0.0019591877
0.0046273232
0.0032621191
0.0014993293
0.0025100594
0.012243724
0.002500479
0.002955547
0.003937536
0.003908795
0.0022897106
0.002926806
0.002902855
0.0071325926
0.0023615635
0.0014322667
0.0019496072
0.004967427
0.0017340487
0.0010155202
0.001034681
0.001566392
0.0017963211
0.0015280705
0.0058679823
0.0031232038
0.0011256946
0.0011831769
0.00090055563
0.0015089097
0.0016957271
0.001211918
0.0015711822
0.0011688063
0.0012694002
0.0033675034
0.0014178961
0.0011783866
0.0014466373
0.0009963595
0.0019208661
0.0011448553
0.0010442614
0.0011065338
0.0012933512
0.0012933512
0.0009867791
0.0011975474
0.0013699943
0.0011161142
0.0011256946
0.0013316728
0.0010298907
0.001087373
0.0013460433
0.0018154819
0.002802261
0.0017388389
0.0016957271
0.0025340104
0.0015328607
0.0012454493
0.0010921633
0.00090534583
0.0015041196
0.0014226864
0.001135275
0.0013747844
0.0012262886
0.0016526155
0.0017388389
0.0015616019
0.0018059015
0.0013364629
0.0011448553
0.0011065338
0.0012310788
0.0013843648
0.0017867407
0.0012071278
0.0018921249
0.001968768
0.0014514275
0.0020837325
0.0010969534
0.0022609695
0.00084307336
0.0012981414
0.0032429583
0.0024956889
0.001187967
0.0018921249
0.0016717762
0.0020885228
0.0011544357
0.0014993293
0.0019639777
0.0012214984
0.0010490515
0.00078080094
0.0014466373
0.0016334547
0.001087373
0.000934087
0.0020549914
0.0024429967
0.0016478252
0.0011448553
0.0012167082
0.0020549914
0.0010634221
0.0017819506
0.0016478252
0.0012646101
0.00095324777
0.0015184901
0.0019160758
0.0015855528
0.0011783866
0.001288561
0.002174746
0.0031758957
0.0030130292
0.0018298525
0.001413106
0.00176758
0.00085744396
0.0010586319
0.0022609695
0.0024621575
0.0009963595
0.001312512
0.001590343
0.0020262504
0.0014466373
0.0010682123
0.0028166315
0.0038704732
0.002299291
0.001211918
0.0020358306
0.0040860316
0.010059399
0.0016478252
0.0015759724
0.004900364
0.0017867407
0.0023615635
0.004521939
0.0067589576
0.006093121
0.017881779
0.057410423
0.034653466
0.0
0.0
0.0
0.0
0.0
0.0
0.0
0.0
0.0
0.0
0.0
0.0
0.0
0.0
0.0
0.0
0.0
0.0
0.0
0.0
0.0
0.0
0.0
0.0
0.0
0.0
0.0
0.0
0.0
0.0
0.0
0.009028369
4.3510212e-05
4.3510212e-05
9.6689355e-06
0.00017887531
0.00010877552
0.00029731978
0.000113609996
1.4503404e-05
2.4172339e-06
0.0
1.4503404e-05
9.6689355e-06
4.8344677e-06
7.251702e-06
2.417234e-05
0.0
0.0
0.0
0.0
0.0
0.0
0.0
0.0
0.0
0.0
0.0
0.0
0.0
0.0
0.0
0.0
0.0
0.0
0.0
0.0
0.0
0.0
0.0
0.0
0.0
0.0
0.0
0.0
0.0
0.0
0.0
0.0
0.0
0.0
0.0
0.0
0.0
0.0
0.0
0.0
0.0
0.0
0.0
0.0
0.0
0.0
0.0
0.0
0.0034324722
0.0004060953
5.3179145e-05
0.00836363
0.012586537
0.009178237
0.0
0.0
0.00018854425
2.417234e-05
0.0
0.0
0.0
0.0
0.0
0.0004205987
0.029313795
0.0007348391
0.0014116646
0.0028910118
0.0029103495
0.0022190206
0.00542669
0.003388962
0.00019096148
5.559638e-05
3.8675742e-05
3.8675742e-05
0.00010877552
4.1092975e-05
4.1092975e-05
0.00069374614
0.011750174
0.0006212291
0.0006913289
0.00094513845
0.0006454015
0.00039400914
0.0017839186
0.0011941135
0.00021029935
6.2848085e-05
6.0430848e-05
2.6589572e-05
0.00010635829
3.8675742e-05
8.218595e-05
0.0011892791
0.03308468
0.0024341545
0.0019579595
0.0015784537
0.0032850208
0.0013343131
0.0028595878
0.0024655785
0.0007275874
0.0005293742
0.00042301594
0.0003988436
0.00063573255
0.00038917465
0.0005632155
0.006739248
0.09300549
0.009852645
0.009033203
0.009125058
0.011426264
0.005081026
0.0131279975
0.006693321
0.0018612702
0.0017984221
0.0015180229
0.0016002088
0.0024510752
0.0015760366
0.0031520731
0.036618676
0.08582147
0.010307086
0.010427947
0.008228264
0.014836982
0.007326636
0.015027943
0.008235516
0.0028813428
0.0020087215
0.0021126624
0.0022093519
0.0025477645
0.002035311
0.0039860187
0.03487827
0.0019579595
0.00027556467
0.00019579595
0.00017162361
0.00092821784
9.427212e-05
0.00014503404
9.427212e-05
0.00017645808
0.00023688893
8.7020424e-05
0.00018129255
7.7351484e-05
6.2848085e-05
7.976872e-05
0.00018612701
0.0054194382
0.0009354695
0.00041092976
0.00049311575
0.0014769299
0.0005148708
0.0005849706
0.00051003636
0.00049311575
0.00045202274
0.00044477105
0.0006840772
0.00044960552
0.0005656327
0.0005922223
0.00082427677
0.00724445
0.0015421952
0.001208617
0.0012835512
0.0013198097
0.0012110341
0.0013173925
0.0016364674
0.001322227
0.0010345761
0.0012110341
0.0013729889
0.0015180229
0.0013294787
0.001539778
0.0036113474
0.032108117
0.018092996
0.016429938
0.01542437
0.015927155
0.018663462
0.015525893
0.020444965
0.017237294
0.015078705
0.018494256
0.019028466
0.016471032
0.019062307
0.019313699
0.044479523
409.0
31.08802
12715.0
0.0016515926
0.0008651199
0.0015729454
0.0007078254
0.0013370035
0.0010224144
0.0018875344
0.0013370035
0.0020448288
0.0017302398
0.0016515926
0.0010224144
0.0014942981
0.0004718836
0.0020448288
0.0009437672
0.018560754
0.018718049
0.02076288
0.01958317
0.018875344
0.02044829
0.019897759
0.018718049
0.017459692
0.0201337
0.0018088871
0.0004718836
0.0007078254
0.0009437672
0.00062917813
0.00031458907
0.00039323635
0.021392057
0.019111285
0.022099882
0.022493118
0.023436885
0.020212349
0.022021234
0.022257177
0.022257177
0.02076288
0.020290995
0.022414472
0.01981911
0.018167518
0.021077467
0.023830121
0.02076288
0.021234762
0.0244593
0.02327959
0.021549352
0.021785293
0.02272906
0.017695636
0.019740464
0.019504523
0.0015729454
0.0017302398
0.0008651199
0.0007078254
0.0038537162
0.0011010617
0.010617381
0.0030672434
0.0077860793
0.008965788
0.028470311
0.0036964216
0.005898545
0.003539127
0.013605977
0.0018875344
0.0038537162
0.01038144
0.010302792
0.011010617
0.0147856865
0.0040896577
0.0007864727
0.014077861
0.011718443
0.017774282
0.00660637
0.0036964216
0.004718836
0.0040110108
0.0036964216
0.0016515926
0.0007864727
0.00062917813
0.0016515926
0.00039323635
0.0014156508
5.956381
3.0
0.0
0.0
9.0
208760.0
212992.0
0.0
0.0
1.0
0.0
1.0
0.0
0.0
0.0
1309306000.0
0.0
0.0
0.0
0.0
0.0
1.0
0.0
0.0
0.0
0.0
0.0
0.0
-1.0
0.0
-1.0
-1.0
0.0
0.0
0.0
0.0
0.0
0.0
0.0
0.0
0.0
0.0
0.0
0.0
-1.0
0.0
0.0
0.0
0.0
0.0
0.0
0.0
0.0
0.0
0.0
0.0
0.0
-1.0
0.0
0.0
0.0
0.0
0.0
0.0
0.0
0.0
1.0
0.0
6.0
0.0
4.0
0.0
4.0
0.0
192512.0
4096.0
4096.0
3.0
1.0
0.0
1.0
1.0
0.0
0.0
0.0
0.0
0.0
0.0
0.0
0.0
0.0
0.0
0.0
0.0
0.0
0.0
0.0
0.0
0.0
0.0
0.0
0.0
0.0
0.0
0.0
0.0
0.0
0.0
0.0
0.0
0.0
0.0
0.0
0.0
0.0
0.0
0.0
0.0
0.0
0.0
0.0
0.0
0.0
-192512.0
0.0
4096.0
0.0
0.0
0.0
0.0
0.0
0.0
0.0
0.0
0.0
0.0
0.0
0.0
0.0
0.0
0.0
0.0
0.0
0.0
0.0
0.0
0.0
0.0
0.0
0.0
0.0
0.0
0.0
0.0
0.0
0.0
0.0
0.0
0.0
0.0
0.0
0.0
0.0
0.0
0.0
0.0
0.0
0.0
0.0
0.0
0.0
0.0
0.0
-6.517805
0.0
0.0
0.0
0.0
0.0
0.0
0.0
0.0
0.0
0.0
0.0
0.0
0.0
0.0
0.0
0.0
0.0
0.0
0.0
0.0
0.0
0.0
0.0
0.0
0.0
0.0
0.0
0.0
0.0
0.0
0.0
0.0
0.0
0.0
0.0
0.0
0.0
0.0
0.0
0.0
-9180.0
0.0
0.0
0.0
0.0
0.0
0.0
0.0
0.0
-189928.0
0.0
16.0
0.0
0.0
0.0
0.0
0.0
0.0
0.0
0.0
0.0
-1.0
0.0
0.0
0.0
0.0
0.0
1.0
0.0
0.0
0.0
0.0
0.0
0.0
0.0
0.0
0.0
0.0
0.0
0.0
0.0
0.0
0.0
0.0
0.0
0.0
0.0
0.0
0.0
0.0
0.0
0.0
0.0
0.0
0.0
0.0
0.0
-2.0
0.0
0.0
0.0
1.0
0.0
0.0
0.0
0.0
0.0
0.0
0.0
0.0
0.0
0.0
0.0
0.0
0.0
0.0
0.0
0.0
0.0
0.0
0.0
-1.0
0.0
0.0
0.0
0.0
0.0
0.0
0.0
0.0
0.0
1.0
0.0
0.0
0.0
0.0
1.0
0.0
0.0
0.0
0.0
0.0
0.0
0.0
0.0
0.0
0.0
0.0
0.0
0.0
0.0
0.0
0.0
0.0
0.0
0.0
0.0
0.0
0.0
0.0
0.0
0.0
0.0
0.0
0.0
0.0
0.0
0.0
0.0
-1.0
0.0
0.0
0.0
0.0
0.0
0.0
0.0
0.0
0.0
0.0
0.0
0.0
0.0
0.0
0.0
0.0
0.0
0.0
0.0
0.0
0.0
0.0
0.0
0.0
0.0
0.0
0.0
0.0
0.0
0.0
0.0
0.0
0.0
0.0
0.0
0.0
0.0
0.0
0.0
0.0
0.0
0.0
0.0
0.0
0.0
0.0
0.0
0.0
0.0
0.0
0.0
0.0
0.0
0.0
0.0
0.0
0.0
0.0
0.0
0.0
0.0
0.0
0.0
0.0
0.0
0.0
0.0
0.0
0.0
0.0
0.0
0.0
0.0
0.0
0.0
0.0
0.0
0.0
0.0
0.0
0.0
0.0
0.0
0.0
0.0
0.0
0.0
0.0
0.0
0.0
0.0
0.0
0.0
0.0
0.0
0.0
0.0
0.0
0.0
0.0
0.0
0.0
0.0
0.0
0.0
0.0
0.0
0.0
0.0
0.0
0.0
0.0
0.0
0.0
0.0
0.0
0.0
0.0
0.0
0.0
0.0
0.0
0.0
0.0
0.0
0.0
0.0
0.0
0.0
0.0
0.0
0.0
0.0
0.0
0.0
0.0
0.0
0.0
0.0
0.0
0.0
0.0
0.0
0.0
0.0
0.0
0.0
0.0
0.0
0.0
0.0
0.0
0.0
0.0
0.0
0.0
0.0
0.0
0.0
0.0
0.0
0.0
0.0
0.0
0.0
0.0
0.0
0.0
0.0
0.0
0.0
0.0
0.0
0.0
0.0
0.0
0.0
0.0
0.0
0.0
0.0
0.0
0.0
0.0
0.0
0.0
0.0
0.0
0.0
0.0
0.0
0.0
0.0
0.0
0.0
0.0
0.0
0.0
0.0
0.0
0.0
0.0
0.0
0.0
0.0
0.0
0.0
0.0
0.0
0.0
0.0
0.0
0.0
0.0
0.0
0.0
0.0
0.0
0.0
0.0
0.0
0.0
0.0
0.0
0.0
0.0
0.0
0.0
0.0
0.0
0.0
0.0
0.0
0.0
0.0
0.0
0.0
0.0
0.0
0.0
0.0
0.0
0.0
0.0
0.0
0.0
0.0
0.0
0.0
0.0
0.0
0.0
0.0
0.0
0.0
0.0
0.0
0.0
0.0
0.0
0.0
0.0
0.0
0.0
0.0
0.0
0.0
0.0
0.0
0.0
0.0
0.0
0.0
0.0
0.0
0.0
0.0
0.0
0.0
0.0
0.0
0.0
0.0
0.0
0.0
0.0
0.0
0.0
0.0
0.0
0.0
0.0
0.0
0.0
0.0
0.0
0.0
0.0
0.0
0.0
0.0
0.0
0.0
0.0
0.0
0.0
0.0
0.0
0.0
0.0
0.0
0.0
0.0
0.0
0.0
0.0
0.0
0.0
0.0
0.0
0.0
0.0
0.0
0.0
0.0
0.0
0.0
0.0
0.0
0.0
0.0
0.0
0.0
0.0
0.0
0.0
0.0
0.0
0.0
0.0
0.0
0.0
0.0
0.0
0.0
0.0
0.0
0.0
0.0
0.0
0.0
0.0
0.0
0.0
0.0
0.0
0.0
0.0
0.0
0.0
0.0
0.0
0.0
0.0
0.0
0.0
0.0
0.0
0.0
0.0
0.0
0.0
0.0
0.0
0.0
0.0
0.0
0.0
0.0
0.0
0.0
0.0
0.0
0.0
0.0
0.0
0.0
0.0
0.0
0.0
0.0
0.0
0.0
0.0
0.0
0.0
0.0
0.0
0.0
0.0
0.0
0.0
0.0
0.0
0.0
0.0
0.0
0.0
0.0
0.0
0.0
0.0
0.0
0.0
0.0
0.0
0.0
0.0
0.0
0.0
0.0
0.0
0.0
0.0
0.0
0.0
0.0
0.0
0.0
0.0
0.0
0.0
0.0
0.0
0.0
0.0
0.0
0.0
0.0
0.0
0.0
0.0
0.0
0.0
0.0
0.0
0.0
0.0
0.0
0.0
0.0
0.0
0.0
0.0
0.0
0.0
0.0
0.0
0.0
0.0
0.0
0.0
0.0
0.0
0.0
0.0
0.0
0.0
0.0
0.0
0.0
0.0
0.0
0.0
0.0
0.0
0.0
0.0
0.0
0.0
0.0
0.0
0.0
0.0
0.0
0.0
0.0
0.0
0.0
0.0
0.0
0.0
0.0
0.0
0.0
0.0
0.0
0.0
0.0
0.0
0.0
0.0
0.0
0.0
0.0
0.0
0.0
0.0
0.0
0.0
0.0
0.0
0.0
0.0
0.0
0.0
0.0
0.0
0.0
0.0
0.0
0.0
0.0
0.0
0.0
0.0
0.0
0.0
0.0
0.0
0.0
0.0
0.0
0.0
0.0
0.0
0.0
0.0
0.0
0.0
0.0
0.0
0.0
0.0
0.0
0.0
0.0
0.0
0.0
0.0
0.0
0.0
0.0
0.0
0.0
0.0
0.0
0.0
0.0
0.0
0.0
0.0
0.0
0.0
0.0
0.0
0.0
0.0
0.0
0.0
0.0
0.0
0.0
0.0
0.0
0.0
0.0
0.0
0.0
0.0
0.0
0.0
0.0
0.0
0.0
0.0
0.0
0.0
0.0
0.0
0.0
0.0
0.0
0.0
0.0
0.0
0.0
0.0
0.0
0.0
0.0
0.0
0.0
0.0
0.0
0.0
0.0
0.0
0.0
0.0
0.0
0.0
0.0
0.0
0.0
0.0
0.0
0.0
0.0
0.0
0.0
0.0
0.0
0.0
0.0
0.0
0.0
0.0
0.0
0.0
0.0
0.0
0.0
0.0
0.0
0.0
0.0
0.0
0.0
0.0
0.0
0.0
0.0
0.0
0.0
0.0
0.0
0.0
0.0
0.0
0.0
0.0
0.0
0.0
0.0
0.0
0.0
0.0
0.0
0.0
0.0
0.0
0.0
0.0
0.0
0.0
0.0
0.0
0.0
0.0
0.0
0.0
0.0
0.0
0.0
0.0
0.0
0.0
0.0
0.0
0.0
0.0
0.0
0.0
0.0
0.0
0.0
0.0
0.0
0.0
0.0
0.0
0.0
0.0
0.0
0.0
0.0
0.0
0.0
0.0
0.0
0.0
0.0
0.0
0.0
0.0
0.0
0.0
0.0
0.0
0.0
0.0
0.0
0.0
0.0
0.0
0.0
0.0
0.0
0.0
0.0
0.0
0.0
0.0
0.0
0.0
0.0
0.0
0.0
0.0
0.0
1.0
0.0
0.0
0.0
0.0
0.0
0.0
0.0
0.0
0.0
0.0
0.0
0.0
0.0
0.0
0.0
0.0
0.0
0.0
0.0
0.0
0.0
0.0
0.0
0.0
0.0
0.0
0.0
0.0
0.0
0.0
0.0
0.0
0.0
0.0
0.0
0.0
0.0
0.0
0.0
0.0
0.0
0.0
0.0
0.0
0.0
0.0
0.0
0.0
0.0
0.0
0.0
0.0
0.0
0.0
0.0
0.0
0.0
0.0
0.0
0.0
0.0
0.0
0.0
0.0
0.0
0.0
0.0
0.0
0.0
0.0
0.0
0.0
0.0
0.0
0.0
0.0
0.0
0.0
0.0
0.0
0.0
0.0
0.0
0.0
0.0
0.0
0.0
0.0
0.0
0.0
0.0
0.0
0.0
0.0
0.0
0.0
0.0
0.0
0.0
0.0
0.0
0.0
0.0
0.0
0.0
0.0
0.0
0.0
0.0
0.0
0.0
0.0
0.0
0.0
0.0
0.0
0.0
0.0
0.0
0.0
0.0
0.0
0.0
0.0
0.0
0.0
0.0
0.0
0.0
0.0
0.0
0.0
0.0
0.0
0.0
0.0
0.0
0.0
0.0
0.0
0.0
0.0
0.0
0.0
0.0
0.0
0.0
0.0
0.0
0.0
0.0
0.0
0.0
0.0
0.0
0.0
0.0
0.0
0.0
0.0
0.0
0.0
0.0
0.0
0.0
0.0
0.0
0.0
0.0
0.0
0.0
0.0
0.0
0.0
0.0
0.0
0.0
0.0
0.0
0.0
0.0
0.0
0.0
0.0
0.0
0.0
0.0
0.0
0.0
0.0
0.0
0.0
0.0
0.0
0.0
0.0
0.0
0.0
0.0
0.0
0.0
0.0
0.0
0.0
0.0
0.0
0.0
0.0
0.0
0.0
0.0
0.0
0.0
0.0
0.0
0.0
0.0
0.0
0.0
0.0
0.0
0.0
0.0
0.0
0.0
0.0
0.0
0.0
0.0
0.0
0.0
0.0
0.0
0.0
0.0
0.0
0.0
0.0
0.0
0.0
0.0
0.0
0.0
0.0
0.0
0.0
0.0
0.0
0.0
0.0
0.0
0.0
0.0
0.0
0.0
0.0
0.0
0.0
0.0
0.0
0.0
0.0
0.0
0.0
0.0
0.0
0.0
0.0
0.0
0.0
0.0
0.0
0.0
0.0
0.0
0.0
0.0
0.0
0.0
0.0
0.0
0.0
0.0
0.0
0.0
0.0
0.0
0.0
0.0
0.0
0.0
0.0
0.0
0.0
0.0
0.0
0.0
0.0
0.0
0.0
0.0
0.0
0.0
0.0
0.0
0.0
0.0
0.0
0.0
0.0
0.0
0.0
0.0
0.0
0.0
0.0
0.0
0.0
0.0
0.0
0.0
0.0
0.0
0.0
0.0
0.0
0.0
0.0
0.0
0.0
0.0
0.0
0.0
0.0
0.0
0.0
0.0
0.0
0.0
0.0
0.0
0.0
0.0
0.0
0.0
0.0
0.0
0.0
0.0
0.0
0.0
0.0
0.0
0.0
0.0
0.0
0.0
0.0
0.0
0.0
0.0
0.0
0.0
0.0
0.0
0.0
0.0
0.0
0.0
0.0
0.0
0.0
0.0
0.0
0.0
0.0
0.0
0.0
0.0
0.0
0.0
0.0
0.0
0.0
0.0
0.0
0.0
0.0
0.0
0.0
0.0
0.0
0.0
0.0
0.0
0.0
0.0
0.0
0.0
0.0
0.0
0.0
0.0
0.0
0.0
0.0
0.0
0.0
0.0
0.0
0.0
0.0
0.0
0.0
0.0
0.0
0.0
0.0
0.0
0.0
0.0
0.0
0.0
0.0
0.0
0.0
0.0
0.0
0.0
0.0
0.0
0.0
0.0
0.0
0.0
0.0
0.0
0.0
0.0
0.0
0.0
0.0
0.0
0.0
0.0
0.0
0.0
0.0
0.0
0.0
0.0
0.0
0.0
0.0
0.0
0.0
0.0
0.0
0.0
0.0
0.0
0.0
0.0
0.0
0.0
0.0
0.0
0.0
0.0
0.0
0.0
0.0
0.0
0.0
0.0
0.0
0.0
0.0
0.0
0.0
0.0
0.0
0.0
0.0
0.0
0.0
0.0
0.0
0.0
0.0
0.0
0.0
0.0
0.0
0.0
0.0
0.0
0.0
0.0
0.0
0.0
0.0
0.0
0.0
0.0
0.0
0.0
0.0
0.0
0.0
0.0
0.0
0.0
0.0
0.0
0.0
0.0
0.0
0.0
0.0
0.0
0.0
0.0
0.0
0.0
0.0
0.0
0.0
0.0
0.0
0.0
0.0
0.0
0.0
0.0
0.0
0.0
0.0
0.0
0.0
0.0
0.0
0.0
0.0
0.0
0.0
0.0
0.0
0.0
0.0
0.0
0.0
0.0
0.0
0.0
0.0
0.0
0.0
0.0
0.0
0.0
0.0
0.0
0.0
0.0
0.0
0.0
0.0
0.0
0.0
0.0
0.0
0.0
0.0
0.0
0.0
0.0
0.0
0.0
0.0
0.0
0.0
0.0
0.0
0.0
0.0
0.0
0.0
0.0
0.0
0.0
0.0
0.0
0.0
0.0
0.0
0.0
0.0
0.0
0.0
0.0
0.0
0.0
0.0
0.0
0.0
0.0
0.0
0.0
0.0
0.0
0.0
0.0
0.0
0.0
0.0
0.0
0.0
0.0
0.0
0.0
0.0
0.0
0.0
0.0
0.0
0.0
0.0
0.0
0.0
0.0
0.0
0.0
0.0
0.0
0.0
0.0
0.0
0.0
0.0
0.0
0.0
0.0
0.0
0.0
0.0
0.0
0.0
0.0
0.0
0.0
0.0
0.0
0.0
0.0
0.0
0.0
0.0
0.0
0.0
0.0
0.0
0.0
0.0
0.0
0.0
40.0
193476.0
16.0
208896.0
0.0
0.0
0.0
0.0
0.0
0.0
0.0
0.0
0.0
0.0
0.0
0.0
0.0
0.0
0.0
0.0
0.0
0.0
0.0
0.0
0.0
0.0
0.0
0.0
