0.6069564
0.003989419
0.0026667668
0.0023743347
0.0026614012
0.0016338641
0.0015064281
0.0013146034
0.0031805353
0.0009604653
0.0024534792
0.0009886354
0.003238217
0.0022066557
0.0009135152
0.0027338385
0.0025071364
0.0008263221
0.0007579091
0.000819615
0.0015855726
0.0027593256
0.000739129
0.00079412776
0.0012904576
0.0007444948
0.0007659577
0.0008424193
0.0010825356
0.0011415586
0.0007337633
0.0007283976
0.0062457076
0.0007324219
0.00075254333
0.0008370536
0.0020336108
0.0010074155
0.0006962032
0.0007055932
0.0009631482
0.0007337633
0.00071095896
0.0010020497
0.00084912643
0.0008062006
0.0011200957
0.0007498605
0.0014031379
0.0016674
0.0016016698
0.0028210315
0.0008638822
0.0011294858
0.0008410779
0.00070693466
0.0013159448
0.0014031379
0.002073854
0.0020671468
0.0014514294
0.0013870407
0.0008048592
0.0010422927
0.0017130086
0.001310579
0.0041155135
0.0011992402
0.0021154382
0.0065408223
0.002000075
0.0011965573
0.0012059474
0.0009363195
0.0007351047
0.0006962032
0.0010114397
0.0015815484
0.0010141226
0.000888028
0.005765475
0.0010811941
0.0008853451
0.0031362681
0.0011066814
0.0017223987
0.0027204242
0.0026627425
0.0011791188
0.003011515
0.00067339884
0.0011965573
0.00091217377
0.0014715509
0.0015386225
0.0013025305
0.0008062006
0.0024226261
0.0008933937
0.0013280177
0.0018243475
0.0032958984
0.0016633756
0.0010691213
0.0034971132
0.0023582375
0.0032972398
0.0010463169
0.0017143501
0.0012850919
0.0017894703
0.002198607
0.0015211839
0.0006666917
0.002043001
0.0023394574
0.005126953
0.005613893
0.0014017965
0.0011013157
0.0010396098
0.001024854
0.0007458362
0.00065461884
0.0012086303
0.0016566685
0.0010074155
0.0008397364
0.0025567694
0.0012153374
0.0008142492
0.0046212333
0.0017384959
0.0052892664
0.000779372
0.00068547175
0.0015225253
0.0030504165
0.0013159448
0.007322877
0.0012314346
0.00566755
0.0005996201
0.00069888606
0.0010087569
0.0005875472
0.00057547435
0.0006344973
0.0011429001
0.000779372
0.0007579091
0.00069888606
0.0008182735
0.0008062006
0.0005566943
0.00060230296
0.00074717763
0.00074717763
0.0006881546
0.00061840017
0.0011616801
0.0018095918
0.0014742338
0.001223386
0.0010007083
0.0009430267
0.000611693
0.00070291036
0.00084778504
0.0007176661
0.0009644896
0.0014420394
0.0007914449
0.00067742314
0.0006130344
0.0007257147
0.0011200957
0.0007082761
0.00072034897
0.00067742314
0.00079949346
0.0007632748
0.0009644896
0.000779372
0.0011683872
0.0007498605
0.00068144745
0.00071900757
0.00090814946
0.0011911916
0.0010919257
0.00080351776
0.003844544
0.0013950893
0.0009309538
0.0025044535
0.0023340916
0.0008638822
0.0017277644
0.0016593514
0.0011764358
0.0013669193
0.0007538848
0.0007632748
0.0010436341
0.0006532774
0.0008330293
0.0007914449
0.0021959243
0.0012944819
0.00094973383
0.0009913183
0.00095644104
0.00079010346
0.0016794729
0.0010355855
0.001102657
0.0007310804
0.0007096175
0.0009014423
0.0008182735
0.0006438874
0.0007619334
0.0007283976
0.0011496072
0.0007364462
0.0007216904
0.0006921789
0.0011522901
0.0006264488
0.0009188809
0.00069888606
0.005346948
0.0013132619
0.0007123004
0.0020725124
0.0019866608
0.0007324219
0.001055707
0.00071498327
0.001763983
0.0008182735
0.0010946086
0.0011616801
0.0013307006
0.00088668655
0.0012287517
0.0018605662
0.0023957975
0.0012247274
0.0009322952
0.001164363
0.0026681083
0.0013628949
0.0026761568
0.019904168
0.5667125
0.0
0.0
0.0
0.0
0.0
0.0
0.0
0.0
0.0
0.0
0.0
0.0
0.0
0.0
0.0
0.0
0.0
0.0
0.0
0.0
0.0
0.0
0.0
0.0
0.0
0.0
0.0
0.0
0.0
0.0
0.0
0.0
0.0
0.0
0.0
0.0
0.0
0.0
0.0
0.0
0.0
0.0
0.0
0.0
0.0
0.0
0.0
0.0012190241
9.40294e-06
2.2164073e-05
3.358193e-06
3.4925208e-05
9.40294e-06
2.2164073e-05
1.4776049e-05
1.6119326e-05
2.6865544e-06
3.358193e-06
4.70147e-06
7.3880246e-06
6.716386e-07
2.0149157e-06
3.358193e-06
0.0
0.0
0.0
0.0
0.0
0.0
0.0
0.0
0.0
0.0
0.0
0.0
0.0
0.0
0.0
0.0
0.0
0.0
0.0
0.0
0.0
0.0
0.0
0.0
0.0
0.0
0.0
0.0
0.0
0.0
0.0
0.0
0.0029276726
1.6119326e-05
6.649222e-05
3.0895375e-05
9.335776e-05
5.9775834e-05
0.00035395354
0.00019544683
3.3581928e-05
1.1417856e-05
1.880588e-05
3.3581928e-05
0.00010410398
0.00010947709
1.4776049e-05
5.708928e-05
0.00090805534
1.8134242e-05
9.40294e-06
6.716386e-06
3.4253568e-05
7.3880246e-06
4.768634e-05
8.731302e-06
1.5447687e-05
1.0746217e-05
1.2761133e-05
1.410441e-05
1.9477518e-05
1.0746217e-05
0.00015984998
9.201449e-05
0.0037759522
0.00010947709
0.00032641634
0.00016589473
0.00069716084
0.0004439531
0.00032104325
0.00022902875
0.00014373066
3.0223737e-05
5.104453e-05
6.7163855e-05
9.8730874e-05
7.9253354e-05
7.65668e-05
0.00026193904
0.0046913954
0.00021693927
0.00046678883
0.0003814907
0.00078447384
0.0005091021
0.0017858869
0.0009470104
0.00022231237
9.6044314e-05
0.00012089495
0.00010544726
0.0001531336
0.00010544726
0.00014171575
0.00027604346
0.0024689434
5.3731088e-05
0.003114388
0.0025804355
0.00050775876
0.00029552096
0.0071764584
0.003462297
0.00010947709
3.761176e-05
0.00021223779
0.00010679053
0.0004264905
5.2387808e-05
4.70147e-06
2.3507351e-05
0.0046101273
0.00014708885
0.0014043963
0.00095842825
0.00087716
0.0005158184
0.0030035677
0.0016401415
0.0004909678
0.00013835754
0.0001847006
0.00046880374
0.00039425184
0.00084156316
0.00037544596
0.00045537096
0.00085432426
4.9029615e-05
0.0009926818
0.00095171185
0.00019343192
0.0002834315
0.0014755899
0.00063066866
0.0006682804
8.865629e-05
0.0002263422
0.0008026081
0.00024313317
0.0011357409
7.992499e-05
0.00095305516
0.01339113
0.0023903616
0.0011914868
0.002331929
0.0045839334
0.0058210916
0.0023534216
0.0032117758
0.009805923
0.00083954824
0.0017583498
0.0010638755
0.0036799079
0.0015689477
0.0033461035
0.011438005
0.028727325
0.006545118
0.0036711765
0.0065404167
0.012052555
0.013583219
0.005188408
0.009014062
0.019034237
0.0019732742
0.0045187846
0.0026502858
0.008990554
0.0036825943
0.0077036945
0.020182068
0.00915309
0.00857884
0.00868563
0.0086567495
0.008404885
0.008869659
0.008781003
0.008661451
0.008607049
0.008554661
0.008617795
0.008543243
0.0085486155
0.008725257
0.008752794
0.008786376
2382.0
12.20529
29073.0
0.10841674
0.0011694699
0.0022357514
0.0014446394
0.002373336
0.008289478
0.0012726585
0.0014790355
0.0036115984
0.0025797132
0.0016854126
0.0012038661
0.0017886012
0.002958071
0.008874213
0.0026829017
0.00997489
0.022976644
0.0188835
0.006363292
0.0026141093
0.0022013553
0.0039555603
0.0019261858
0.0029924673
0.0030612596
0.028652014
0.0026141093
0.004127541
0.0018917896
0.0013070547
0.006879235
0.0020981666
0.009424552
0.0023045437
0.006328896
0.0073951776
0.010456437
0.004884257
0.006260104
0.005503388
0.0069480273
0.0020637705
0.0018229972
0.0044715027
0.004712276
0.0051938226
0.0045746914
0.0069824234
0.002373336
0.005468992
0.016063014
0.007876724
0.0060537267
0.005537784
0.0075327624
0.0016854126
0.005744161
0.0012038661
0.002132563
0.0017886012
0.0039899563
0.0020981666
0.003336429
0.001582224
0.046434835
0.0087022325
0.018711518
0.023045437
0.06363292
0.006500877
0.010559626
0.018711518
0.043064013
0.0083926665
0.01097238
0.021635193
0.01699171
0.030406218
0.040897053
0.013792866
0.0012726585
0.030303031
0.038626906
0.044680633
0.020981668
0.010731607
0.009321364
0.0025797132
0.010284456
0.004368314
0.0008599044
0.0015478279
0.0013070547
0.0008599044
0.0014446394
5.6185493
0.0
4.0
0.0
3.0
745472.0
417792.0
0.0
0.0
205.0
0.0
0.0
0.0
0.0
0.0
1165639600.0
0.0
0.0
0.0
0.0
0.0
1.0
0.0
0.0
0.0
0.0
0.0
0.0
-1.0
0.0
-1.0
-1.0
0.0
0.0
0.0
0.0
0.0
0.0
0.0
0.0
0.0
0.0
0.0
0.0
-1.0
0.0
0.0
0.0
0.0
0.0
0.0
0.0
0.0
0.0
0.0
0.0
0.0
-1.0
0.0
0.0
0.0
0.0
0.0
0.0
0.0
0.0
0.0
0.0
7.0
10.0
4.0
0.0
4.0
0.0
167936.0
4096.0
4096.0
3.0
0.0
0.0
1.0
1.0
0.0
0.0
0.0
0.0
0.0
0.0
0.0
0.0
0.0
0.0
0.0
0.0
0.0
0.0
20480.0
0.0
0.0
0.0
0.0
0.0
0.0
0.0
0.0
0.0
0.0
0.0
0.0
0.0
0.0
0.0
0.0
0.0
-151552.0
0.0
0.0
0.0
0.0
0.0
0.0
0.0
0.0
-184320.0
0.0
0.0
0.0
0.0
0.0
0.0
0.0
0.0
0.0
0.0
0.0
0.0
0.0
0.0
0.0
0.0
0.0
0.0
0.0
0.0
0.0
0.0
5.5479054
0.0
0.0
0.0
0.0
0.0
0.0
0.0
0.0
0.0
0.0
0.0
0.0
0.0
0.0
0.0
0.0
0.0
-7.3903337
0.0
0.0
0.0
0.0
0.0
0.0
0.0
0.0
-6.620116
0.0
0.0
0.0
0.0
0.0
0.0
0.0
0.0
0.0
0.0
0.0
0.0
0.0
0.0
0.0
0.0
0.0
0.0
0.0
0.0
0.0
0.0
14174.0
0.0
0.0
0.0
0.0
0.0
0.0
0.0
0.0
0.0
0.0
0.0
0.0
0.0
0.0
0.0
0.0
0.0
-225524.0
0.0
0.0
0.0
0.0
0.0
0.0
0.0
0.0
-166783.0
0.0
0.0
0.0
0.0
0.0
0.0
0.0
0.0
0.0
0.0
0.0
-1.0
0.0
0.0
0.0
0.0
0.0
1.0
0.0
0.0
0.0
0.0
0.0
0.0
0.0
0.0
0.0
0.0
0.0
0.0
0.0
0.0
0.0
0.0
0.0
0.0
0.0
0.0
0.0
0.0
0.0
0.0
0.0
0.0
0.0
0.0
0.0
-2.0
0.0
0.0
0.0
1.0
0.0
0.0
0.0
0.0
0.0
0.0
0.0
0.0
0.0
0.0
0.0
0.0
0.0
0.0
0.0
0.0
0.0
0.0
0.0
-1.0
0.0
0.0
0.0
0.0
0.0
0.0
0.0
0.0
0.0
1.0
0.0
0.0
0.0
0.0
1.0
0.0
0.0
0.0
0.0
0.0
0.0
0.0
0.0
0.0
0.0
0.0
0.0
0.0
0.0
0.0
0.0
0.0
0.0
0.0
0.0
0.0
0.0
0.0
0.0
0.0
0.0
0.0
0.0
0.0
0.0
0.0
0.0
0.0
0.0
0.0
0.0
0.0
0.0
0.0
0.0
0.0
0.0
0.0
0.0
0.0
0.0
1.0
0.0
0.0
0.0
0.0
-1.0
0.0
0.0
0.0
0.0
0.0
0.0
0.0
0.0
0.0
0.0
0.0
0.0
0.0
0.0
0.0
0.0
0.0
0.0
0.0
0.0
-1.0
0.0
-1.0
0.0
0.0
0.0
0.0
0.0
0.0
0.0
0.0
0.0
0.0
0.0
0.0
0.0
0.0
0.0
0.0
0.0
0.0
0.0
0.0
0.0
0.0
0.0
0.0
0.0
0.0
0.0
0.0
0.0
0.0
0.0
0.0
0.0
0.0
0.0
0.0
0.0
0.0
0.0
0.0
0.0
0.0
0.0
0.0
0.0
0.0
-1.0
0.0
0.0
0.0
0.0
0.0
0.0
0.0
0.0
0.0
0.0
0.0
0.0
0.0
0.0
0.0
0.0
1.0
0.0
0.0
0.0
0.0
0.0
0.0
0.0
0.0
0.0
0.0
0.0
0.0
0.0
0.0
0.0
0.0
0.0
0.0
0.0
0.0
0.0
0.0
0.0
0.0
0.0
0.0
0.0
0.0
0.0
-1.0
0.0
0.0
0.0
0.0
0.0
0.0
0.0
0.0
0.0
0.0
0.0
0.0
0.0
0.0
0.0
0.0
0.0
0.0
0.0
0.0
0.0
0.0
0.0
0.0
0.0
0.0
0.0
0.0
0.0
0.0
0.0
0.0
0.0
0.0
0.0
0.0
0.0
0.0
0.0
0.0
0.0
0.0
0.0
0.0
0.0
0.0
0.0
0.0
0.0
0.0
0.0
0.0
0.0
0.0
0.0
0.0
0.0
0.0
0.0
0.0
0.0
0.0
0.0
0.0
0.0
0.0
0.0
0.0
0.0
0.0
0.0
0.0
0.0
0.0
0.0
0.0
0.0
0.0
0.0
0.0
0.0
0.0
0.0
-1.0
0.0
0.0
0.0
0.0
0.0
0.0
0.0
0.0
0.0
0.0
0.0
0.0
0.0
0.0
0.0
0.0
0.0
0.0
0.0
0.0
0.0
0.0
0.0
0.0
0.0
0.0
0.0
0.0
0.0
0.0
0.0
0.0
0.0
0.0
0.0
0.0
0.0
0.0
0.0
0.0
0.0
0.0
0.0
0.0
0.0
0.0
0.0
0.0
0.0
0.0
0.0
0.0
0.0
0.0
0.0
0.0
0.0
-1.0
-1.0
0.0
0.0
0.0
0.0
0.0
0.0
0.0
0.0
1.0
0.0
0.0
0.0
-1.0
-1.0
0.0
0.0
0.0
0.0
0.0
0.0
0.0
0.0
0.0
0.0
1.0
0.0
0.0
0.0
0.0
0.0
0.0
0.0
0.0
0.0
-1.0
0.0
1.0
-1.0
0.0
0.0
0.0
0.0
0.0
0.0
0.0
0.0
1.0
0.0
0.0
0.0
0.0
0.0
1.0
0.0
0.0
0.0
0.0
1.0
0.0
0.0
0.0
0.0
0.0
0.0
1.0
0.0
0.0
0.0
1.0
0.0
0.0
1.0
0.0
-1.0
0.0
0.0
1.0
0.0
0.0
0.0
0.0
0.0
1.0
0.0
-1.0
0.0
-1.0
0.0
0.0
0.0
0.0
0.0
1.0
0.0
0.0
0.0
0.0
0.0
0.0
0.0
0.0
0.0
0.0
0.0
0.0
0.0
0.0
0.0
0.0
0.0
0.0
0.0
0.0
0.0
0.0
0.0
0.0
0.0
0.0
0.0
0.0
0.0
0.0
0.0
0.0
0.0
0.0
0.0
0.0
0.0
0.0
0.0
0.0
0.0
0.0
0.0
0.0
0.0
0.0
0.0
0.0
0.0
0.0
0.0
0.0
0.0
-1.0
0.0
0.0
0.0
-1.0
0.0
0.0
0.0
0.0
0.0
0.0
0.0
0.0
0.0
0.0
0.0
0.0
0.0
-1.0
1.0
0.0
0.0
0.0
0.0
0.0
0.0
0.0
0.0
0.0
0.0
0.0
1.0
0.0
0.0
0.0
0.0
0.0
0.0
0.0
0.0
-1.0
0.0
0.0
0.0
0.0
0.0
0.0
0.0
0.0
0.0
0.0
-1.0
0.0
0.0
0.0
0.0
-1.0
0.0
0.0
0.0
0.0
0.0
0.0
0.0
0.0
0.0
0.0
-1.0
0.0
0.0
0.0
1.0
0.0
-1.0
0.0
0.0
0.0
0.0
0.0
0.0
-1.0
0.0
-1.0
-1.0
0.0
0.0
1.0
0.0
0.0
0.0
0.0
0.0
0.0
0.0
0.0
0.0
0.0
0.0
0.0
-2.0
0.0
0.0
0.0
0.0
0.0
0.0
-1.0
0.0
0.0
0.0
0.0
0.0
-1.0
0.0
0.0
0.0
0.0
0.0
0.0
0.0
0.0
0.0
0.0
0.0
0.0
0.0
0.0
0.0
0.0
0.0
0.0
0.0
0.0
0.0
1.0
0.0
0.0
0.0
0.0
0.0
0.0
0.0
-1.0
0.0
0.0
1.0
-1.0
0.0
0.0
0.0
0.0
1.0
0.0
0.0
-1.0
0.0
0.0
0.0
0.0
0.0
0.0
0.0
0.0
1.0
0.0
0.0
1.0
0.0
0.0
0.0
0.0
0.0
0.0
0.0
0.0
0.0
0.0
0.0
0.0
0.0
0.0
-1.0
0.0
0.0
0.0
0.0
0.0
1.0
0.0
-1.0
0.0
0.0
0.0
-1.0
0.0
0.0
-1.0
0.0
0.0
0.0
0.0
0.0
0.0
0.0
0.0
0.0
2.0
-1.0
0.0
0.0
0.0
0.0
0.0
-2.0
0.0
0.0
0.0
0.0
0.0
0.0
0.0
0.0
0.0
0.0
0.0
1.0
0.0
0.0
1.0
0.0
-1.0
1.0
0.0
-1.0
1.0
0.0
0.0
0.0
0.0
-1.0
0.0
0.0
0.0
0.0
0.0
0.0
0.0
0.0
0.0
0.0
0.0
0.0
0.0
0.0
-1.0
0.0
0.0
0.0
0.0
-1.0
0.0
0.0
1.0
0.0
0.0
0.0
0.0
0.0
1.0
0.0
2.0
0.0
0.0
0.0
0.0
0.0
-1.0
0.0
0.0
-1.0
0.0
0.0
0.0
0.0
1.0
0.0
2.0
0.0
0.0
0.0
0.0
0.0
0.0
0.0
0.0
-1.0
0.0
0.0
0.0
0.0
0.0
0.0
0.0
0.0
1.0
-1.0
0.0
0.0
0.0
-1.0
0.0
0.0
0.0
0.0
0.0
0.0
-1.0
0.0
0.0
0.0
0.0
0.0
0.0
0.0
0.0
0.0
1.0
0.0
0.0
0.0
0.0
0.0
0.0
0.0
0.0
-1.0
0.0
0.0
0.0
1.0
0.0
-1.0
0.0
1.0
0.0
0.0
0.0
0.0
0.0
0.0
0.0
0.0
0.0
1.0
0.0
0.0
0.0
0.0
0.0
0.0
0.0
0.0
0.0
0.0
0.0
0.0
0.0
0.0
0.0
0.0
-1.0
0.0
-1.0
0.0
0.0
0.0
0.0
0.0
0.0
0.0
0.0
1.0
0.0
0.0
0.0
-1.0
0.0
0.0
0.0
0.0
0.0
0.0
0.0
0.0
0.0
0.0
0.0
1.0
0.0
1.0
-2.0
0.0
1.0
0.0
0.0
0.0
0.0
0.0
1.0
0.0
0.0
1.0
1.0
-1.0
0.0
1.0
0.0
0.0
0.0
-1.0
0.0
0.0
0.0
0.0
0.0
0.0
-1.0
0.0
1.0
1.0
0.0
-1.0
0.0
0.0
0.0
0.0
0.0
0.0
0.0
0.0
0.0
0.0
0.0
0.0
0.0
0.0
0.0
0.0
1.0
0.0
-1.0
0.0
0.0
0.0
0.0
1.0
1.0
0.0
1.0
0.0
0.0
0.0
0.0
0.0
0.0
0.0
0.0
-1.0
0.0
1.0
0.0
0.0
0.0
-1.0
0.0
0.0
0.0
0.0
0.0
0.0
0.0
0.0
0.0
0.0
0.0
0.0
0.0
0.0
1.0
0.0
0.0
0.0
0.0
-1.0
0.0
1.0
-1.0
-1.0
0.0
0.0
0.0
0.0
0.0
0.0
0.0
1.0
0.0
0.0
0.0
0.0
0.0
0.0
0.0
0.0
0.0
0.0
0.0
0.0
0.0
1.0
0.0
1.0
0.0
-1.0
0.0
0.0
0.0
-1.0
0.0
0.0
0.0
0.0
0.0
0.0
-2.0
0.0
0.0
-1.0
0.0
0.0
0.0
0.0
0.0
0.0
0.0
0.0
0.0
1.0
0.0
0.0
1.0
0.0
0.0
0.0
0.0
1.0
0.0
0.0
0.0
0.0
0.0
1.0
0.0
0.0
0.0
-1.0
0.0
0.0
1.0
0.0
0.0
0.0
0.0
1.0
0.0
0.0
0.0
0.0
0.0
0.0
0.0
0.0
0.0
0.0
0.0
0.0
0.0
-1.0
0.0
1.0
0.0
0.0
0.0
-1.0
0.0
0.0
1.0
0.0
0.0
0.0
0.0
0.0
0.0
0.0
-1.0
1.0
0.0
0.0
0.0
0.0
0.0
0.0
1.0
0.0
-1.0
-1.0
0.0
0.0
0.0
-1.0
0.0
0.0
0.0
0.0
0.0
0.0
0.0
0.0
0.0
1.0
0.0
0.0
-1.0
0.0
0.0
0.0
0.0
1.0
0.0
0.0
0.0
0.0
0.0
1.0
0.0
0.0
0.0
0.0
-1.0
0.0
0.0
0.0
0.0
0.0
0.0
0.0
0.0
0.0
-1.0
0.0
0.0
0.0
0.0
0.0
0.0
0.0
0.0
1.0
0.0
0.0
0.0
-1.0
0.0
0.0
1.0
0.0
1.0
-1.0
-1.0
0.0
1.0
0.0
1.0
0.0
0.0
0.0
0.0
0.0
0.0
0.0
0.0
0.0
0.0
0.0
0.0
0.0
0.0
0.0
1.0
0.0
0.0
0.0
0.0
-1.0
0.0
-2.0
0.0
0.0
0.0
0.0
0.0
0.0
-2.0
0.0
0.0
0.0
1.0
0.0
0.0
0.0
0.0
0.0
1.0
0.0
0.0
0.0
0.0
0.0
-1.0
0.0
0.0
0.0
0.0
0.0
2.0
0.0
0.0
0.0
0.0
0.0
0.0
0.0
0.0
0.0
0.0
0.0
0.0
0.0
0.0
0.0
0.0
0.0
-1.0
0.0
0.0
0.0
0.0
0.0
0.0
0.0
0.0
0.0
0.0
0.0
0.0
0.0
0.0
0.0
0.0
0.0
0.0
0.0
0.0
0.0
1.0
0.0
0.0
0.0
-1.0
-1.0
0.0
0.0
1.0
0.0
0.0
0.0
0.0
-1.0
1.0
0.0
0.0
0.0
0.0
0.0
0.0
0.0
0.0
0.0
0.0
0.0
0.0
0.0
0.0
0.0
-1.0
0.0
0.0
0.0
0.0
0.0
0.0
0.0
0.0
0.0
-1.0
0.0
0.0
0.0
0.0
0.0
1.0
0.0
0.0
0.0
0.0
0.0
0.0
0.0
0.0
0.0
0.0
0.0
0.0
0.0
0.0
-1.0
-1.0
0.0
0.0
0.0
0.0
0.0
0.0
0.0
0.0
0.0
0.0
0.0
0.0
0.0
0.0
0.0
0.0
0.0
0.0
0.0
0.0
0.0
0.0
0.0
0.0
0.0
0.0
0.0
0.0
0.0
0.0
0.0
0.0
0.0
0.0
0.0
0.0
0.0
0.0
0.0
0.0
0.0
0.0
0.0
0.0
0.0
0.0
0.0
0.0
0.0
0.0
0.0
0.0
0.0
0.0
0.0
0.0
0.0
0.0
0.0
0.0
0.0
0.0
0.0
0.0
0.0
0.0
0.0
0.0
0.0
0.0
0.0
0.0
0.0
0.0
0.0
0.0
0.0
0.0
0.0
0.0
0.0
0.0
0.0
0.0
0.0
0.0
0.0
0.0
0.0
0.0
0.0
0.0
0.0
0.0
0.0
0.0
0.0
0.0
0.0
0.0
0.0
0.0
0.0
0.0
0.0
0.0
0.0
0.0
0.0
0.0
0.0
0.0
0.0
0.0
0.0
0.0
0.0
0.0
0.0
0.0
0.0
0.0
0.0
0.0
0.0
0.0
0.0
0.0
0.0
0.0
0.0
0.0
0.0
0.0
0.0
0.0
180.0
181592.0
0.0
0.0
0.0
0.0
0.0
0.0
0.0
0.0
0.0
0.0
0.0
0.0
0.0
0.0
0.0
0.0
72.0
181488.0
0.0
0.0
852.0
172032.0
0.0
0.0
0.0
0.0
