0.004935136
4.448023e-05
4.339535e-05
6.156715e-05
4.637878e-05
3.6343605e-05
2.1155232e-05
4.2039246e-05
3.6343605e-05
1.8714245e-05
5.0175873e-05
2.7393315e-05
7.241599e-05
3.6614827e-05
2.7935757e-05
5.6956396e-05
2.8749419e-05
1.9799128e-05
1.38322675e-05
2.8749419e-05
1.7900582e-05
2.4409885e-05
1.4374709e-05
2.3053779e-05
2.9291861e-05
1.6273256e-05
1.4103489e-05
2.1697675e-05
1.5459593e-05
1.7629362e-05
2.1426455e-05
3.3088952e-05
0.00011174303
3.5801164e-05
4.3666572e-05
1.9256686e-05
1.2204942e-05
8.67907e-06
1.7086919e-05
2.2240116e-05
2.7122094e-05
2.9563082e-05
1.5188372e-05
2.9834304e-05
1.3289826e-05
2.0070349e-05
4.7463665e-05
3.769971e-05
3.3088952e-05
1.7086919e-05
2.4138664e-05
4.4751454e-05
1.8171802e-05
3.0919186e-05
2.9563082e-05
4.14968e-05
1.6815698e-05
1.7086919e-05
3.769971e-05
1.9799128e-05
2.6850872e-05
2.0612792e-05
1.735814e-05
7.811163e-05
4.5022676e-05
5.0447095e-05
2.9834304e-05
8.4892155e-05
4.068314e-05
2.8749419e-05
4.692122e-05
4.0140698e-05
4.14968e-05
3.3088952e-05
2.7122094e-05
3.6614827e-05
3.471628e-05
3.173285e-05
3.2275293e-05
3.851337e-05
3.1190408e-05
7.8654075e-06
3.0919186e-05
3.2275293e-05
2.0612792e-05
0.00015052762
2.9834304e-05
3.2817734e-05
1.7086919e-05
1.2747384e-05
1.735814e-05
3.1190408e-05
1.735814e-05
2.1426455e-05
1.4103489e-05
2.0884012e-05
1.4645931e-05
9.031657e-05
3.5801164e-05
5.6685174e-05
4.692122e-05
0.00014483198
3.444506e-05
4.1225583e-05
2.7664535e-05
8.5163374e-05
2.8206978e-05
5.3701744e-05
7.485698e-05
3.173285e-05
7.51282e-05
0.00010740349
4.3666572e-05
4.3666572e-05
8.434971e-05
6.8347676e-05
7.756919e-05
4.339535e-05
3.3902616e-05
4.6107558e-05
7.702674e-05
4.14968e-05
2.1155232e-05
3.49875e-05
2.7393315e-05
1.7629362e-05
3.444506e-05
5.8583722e-05
6.889012e-05
5.5871515e-05
2.8478198e-05
4.7734884e-05
3.6072386e-05
3.3360175e-05
3.552994e-05
0.00010089419
3.4173838e-05
1.7086919e-05
2.4409885e-05
2.4409885e-05
2.6579652e-05
1.8985465e-05
5.288808e-05
4.393779e-05
0.98668766
1.6002035e-05
1.4645931e-05
2.4681105e-05
3.3360175e-05
1.3561047e-05
1.8714245e-05
1.9799128e-05
2.1426455e-05
1.8714245e-05
2.0070349e-05
1.8443023e-05
4.285291e-05
1.5730815e-05
5.478663e-05
2.4138664e-05
1.08488375e-05
1.9527908e-05
1.9256686e-05
2.0070349e-05
4.3124128e-05
1.7086919e-05
1.4374709e-05
3.3088952e-05
2.4409885e-05
2.8206978e-05
5.505785e-05
3.3088952e-05
2.7122094e-05
1.2204942e-05
1.4645931e-05
2.1426455e-05
1.6815698e-05
1.38322675e-05
2.1697675e-05
1.4103489e-05
3.6072386e-05
1.735814e-05
2.2782559e-05
3.769971e-05
1.7900582e-05
1.8714245e-05
3.4173838e-05
1.9256686e-05
6.6177905e-05
1.8171802e-05
5.0447095e-05
2.4952325e-05
8.2451166e-05
3.0919186e-05
2.6579652e-05
5.6956396e-05
2.1426455e-05
4.827733e-05
1.9527908e-05
3.851337e-05
3.797093e-05
2.1155232e-05
2.8206978e-05
2.7935757e-05
2.9291861e-05
1.6002035e-05
3.2275293e-05
2.2782559e-05
2.2240116e-05
2.2511338e-05
1.7900582e-05
1.5188372e-05
2.2511338e-05
1.2476163e-05
2.3053779e-05
1.9799128e-05
1.3018605e-05
1.5459593e-05
2.2782559e-05
1.5188372e-05
1.9256686e-05
1.9799128e-05
5.804128e-05
1.6815698e-05
2.7935757e-05
1.6544476e-05
1.7086919e-05
2.4138664e-05
3.3360175e-05
1.38322675e-05
2.0612792e-05
4.14968e-05
3.0105524e-05
1.6273256e-05
2.6850872e-05
2.5494768e-05
3.851337e-05
1.5459593e-05
1.8714245e-05
2.7122094e-05
3.0376745e-05
1.1120058e-05
2.603721e-05
3.5258723e-05
3.7157268e-05
2.4409885e-05
2.8206978e-05
5.288808e-05
2.0612792e-05
1.4374709e-05
5.7498837e-05
3.4173838e-05
4.6650002e-05
1.2476163e-05
3.0919186e-05
5.6142733e-05
0.0011114199
0.0
0.0
0.0
0.0
0.0
0.0
0.0
0.0
0.986663
0.0
0.0
0.0
0.0
0.0
0.0
0.00025886096
0.0
9.496996e-07
1.085371e-06
1.6280565e-06
9.496996e-07
1.0039681e-05
4.2058123e-06
0.0
0.0
0.0
1.3567137e-07
0.0
0.0
0.0
0.0
0.0
0.0
0.0
0.0
0.0
0.0
0.0
0.0
0.0
0.0
0.0
0.0
0.0
0.0
0.0
0.0
0.00049235136
8.818639e-06
8.411625e-06
6.7835686e-07
4.477155e-06
5.8338687e-06
8.00461e-06
4.2058123e-06
5.562526e-06
1.085371e-06
2.9847702e-06
1.085371e-06
1.4923851e-06
1.7637278e-06
2.3064133e-06
6.647897e-06
0.00036780507
1.3567137e-07
2.7134274e-07
4.070141e-07
8.00461e-06
4.6128266e-06
2.1978762e-05
1.2346094e-05
0.0
0.00013892748
1.3567137e-07
5.426855e-07
2.7134274e-07
1.3567137e-07
1.3567137e-07
0.0
0.0
0.0
0.0
0.0
0.0
0.0
0.0
0.0
0.0
0.0
0.0
0.0
0.0
0.0
0.0
0.0
0.0005843366
2.7134274e-06
2.8898e-05
1.4245494e-05
3.9073355e-05
2.0350704e-05
8.6965345e-05
3.975171e-05
5.155512e-06
8.140282e-07
4.070141e-07
1.6280565e-06
1.7637278e-06
4.070141e-07
1.6280565e-06
5.426855e-06
0.00088308495
1.1125052e-05
6.0916445e-05
3.256113e-05
3.473187e-05
2.1164733e-05
0.0001777295
0.00010148218
2.1436075e-05
3.3917843e-06
4.070141e-06
5.562526e-06
4.477155e-06
3.1204415e-06
2.7134274e-06
2.170742e-05
0.0
0.0
0.0
0.0
0.0
0.0
0.0
0.0
0.0
0.0
0.0
0.0
0.0
0.0
0.0
0.0
0.0010034255
1.9536677e-05
5.6167944e-05
4.667095e-05
9.99898e-05
0.00015846416
0.00020771286
0.0001321439
4.7891994e-05
1.6551907e-05
1.7501607e-05
2.7134274e-05
2.9576358e-05
1.7230264e-05
2.075772e-05
4.4228866e-05
8.465893e-05
2.0350706e-06
1.6280565e-05
9.768339e-06
1.5737878e-05
8.95431e-06
7.516194e-05
5.2911833e-05
1.085371e-06
2.577756e-06
1.085371e-06
1.3567137e-06
5.426855e-07
1.3567137e-06
1.085371e-06
3.256113e-06
0.00015073089
7.326254e-06
5.6981976e-06
8.411625e-06
9.361324e-06
6.240883e-06
8.411625e-06
8.00461e-06
1.2210423e-05
8.140282e-06
6.647897e-06
9.089981e-06
1.2481766e-05
5.8338687e-06
8.547296e-06
1.0718038e-05
0.0
0.0
0.0
0.0
0.0
0.0
0.0
0.0
0.0
0.0
0.0
0.0
0.0
0.0
0.0
0.0
0.0
0.0
0.0
0.0
0.0
0.0
0.0
0.0
0.0
0.0
0.0
0.0
0.0
0.0
0.0
0.0
0.0
0.0
0.0
0.0
0.0
0.0
0.0
0.0
0.0
0.0
0.0
0.0
0.0
0.0
0.0
0.0
0.00051582255
0.00028599525
0.00031095877
0.0003596648
0.0004273648
0.00025736858
0.00034650468
0.0003956177
0.00055557425
0.00034284155
0.00036047882
0.00038313595
0.0004889596
0.0003060746
0.0003549163
0.00042153095
314.0
15.748407
4945.0
0.059453994
0.002628918
0.0018200203
0.0
0.00040444895
0.0014155713
0.0016177958
0.0010111224
0.004246714
0.006066734
0.00020222447
0.002628918
0.00040444895
0.0024266937
0.020424671
0.0020222447
0.008088979
0.0032355916
0.0056622853
0.0113245705
0.0018200203
0.003437816
0.005257836
0.0032355916
0.0028311426
0.0014155713
0.0038422649
0.0012133468
0.0014155713
0.0
0.00040444895
0.005055612
0.003033367
0.010313448
0.0040444895
0.009100101
0.0113245705
0.007280081
0.008088979
0.007280081
0.0056622853
0.0038422649
0.003437816
0.002628918
0.004246714
0.006066734
0.0024266937
0.0036400405
0.0082912035
0.0008088979
0.007482305
0.009908999
0.003437816
0.08372093
0.0038422649
0.007280081
0.0018200203
0.0020222447
0.0014155713
0.003033367
0.0036400405
0.00020222447
0.0010111224
0.0016177958
0.0012133468
0.046511628
0.004448938
0.020020222
0.016986856
0.087563194
0.0082912035
0.010717897
0.011122346
0.043276038
0.0014155713
0.0070778565
0.03255814
0.013144591
0.038624875
0.04853387
0.017391304
0.0014155713
0.04206269
0.032153692
0.041051567
0.019615773
0.0070778565
0.00950455
0.020626895
0.004448938
0.0028311426
0.007886754
0.0006066734
0.00040444895
0.0012133468
0.0032355916
5.458825
1.0
0.0
0.0
1.0
3687031.0
57344.0
0.0
0.0
54.0
0.0
1.0
0.0
0.0
0.0
1083884500.0
0.0
0.0
0.0
0.0
0.0
1.0
0.0
0.0
0.0
0.0
0.0
0.0
-1.0
0.0
-1.0
-1.0
0.0
0.0
0.0
0.0
0.0
0.0
0.0
0.0
0.0
0.0
0.0
0.0
-1.0
0.0
0.0
0.0
0.0
0.0
0.0
0.0
0.0
0.0
0.0
0.0
0.0
-1.0
0.0
0.0
0.0
0.0
0.0
0.0
0.0
0.0
0.0
0.0
6.0
0.0
4.0
0.0
4.0
0.0
24576.0
4096.0
4096.0
5.0
0.0
0.0
2.0
2.0
0.0
0.0
0.0
0.0
0.0
0.0
0.0
0.0
0.0
0.0
0.0
0.0
0.0
0.0
4096.0
0.0
0.0
0.0
0.0
0.0
0.0
0.0
0.0
0.0
0.0
0.0
0.0
0.0
0.0
0.0
0.0
0.0
-8192.0
0.0
0.0
0.0
-4096.0
0.0
0.0
0.0
0.0
-24576.0
0.0
4096.0
0.0
0.0
0.0
0.0
0.0
0.0
0.0
0.0
0.0
0.0
0.0
0.0
0.0
0.0
0.0
0.0
0.0
0.0
0.0
0.0
5.297788
0.0
0.0
0.0
0.0
0.0
0.0
0.0
0.0
0.0
0.0
0.0
0.0
0.0
0.0
0.0
0.0
0.0
-3.429211
0.0
0.0
0.0
-5.415727
0.0
0.0
0.0
0.0
-7.8354425
0.0
3.7997313
0.0
0.0
0.0
0.0
0.0
0.0
0.0
0.0
0.0
0.0
0.0
0.0
0.0
0.0
0.0
0.0
0.0
0.0
0.0
0.0
2476.0
0.0
0.0
0.0
0.0
0.0
0.0
0.0
0.0
0.0
0.0
0.0
0.0
0.0
0.0
0.0
0.0
0.0
-13432.0
0.0
0.0
0.0
-1024.0
0.0
0.0
0.0
0.0
-23376.0
0.0
2392.0
0.0
0.0
0.0
0.0
0.0
0.0
0.0
0.0
0.0
-1.0
0.0
0.0
0.0
0.0
0.0
1.0
0.0
0.0
0.0
0.0
0.0
0.0
0.0
0.0
0.0
0.0
0.0
0.0
0.0
0.0
0.0
0.0
0.0
0.0
0.0
0.0
0.0
0.0
0.0
0.0
0.0
0.0
0.0
0.0
0.0
-2.0
0.0
0.0
0.0
1.0
0.0
0.0
0.0
0.0
0.0
0.0
0.0
0.0
0.0
0.0
0.0
0.0
0.0
0.0
0.0
0.0
0.0
0.0
0.0
-1.0
0.0
0.0
0.0
0.0
0.0
0.0
0.0
0.0
0.0
1.0
0.0
0.0
0.0
0.0
0.0
0.0
0.0
0.0
0.0
0.0
0.0
0.0
0.0
1.0
0.0
0.0
0.0
0.0
0.0
0.0
0.0
0.0
0.0
0.0
0.0
0.0
0.0
0.0
0.0
0.0
0.0
0.0
0.0
0.0
0.0
0.0
0.0
0.0
0.0
0.0
0.0
0.0
0.0
0.0
0.0
0.0
0.0
0.0
0.0
0.0
0.0
0.0
0.0
0.0
0.0
0.0
-1.0
0.0
0.0
0.0
0.0
0.0
0.0
0.0
0.0
0.0
0.0
0.0
0.0
0.0
0.0
0.0
0.0
0.0
0.0
0.0
0.0
0.0
0.0
0.0
0.0
0.0
0.0
0.0
0.0
0.0
0.0
0.0
0.0
0.0
0.0
0.0
0.0
0.0
0.0
0.0
0.0
0.0
0.0
0.0
0.0
0.0
0.0
0.0
0.0
0.0
0.0
0.0
0.0
0.0
0.0
0.0
0.0
0.0
0.0
0.0
0.0
0.0
0.0
0.0
0.0
0.0
0.0
0.0
0.0
0.0
-1.0
0.0
0.0
0.0
0.0
0.0
0.0
0.0
0.0
0.0
0.0
0.0
0.0
0.0
0.0
0.0
0.0
1.0
0.0
0.0
0.0
0.0
0.0
0.0
0.0
0.0
0.0
0.0
0.0
0.0
0.0
0.0
0.0
0.0
0.0
0.0
0.0
0.0
0.0
0.0
0.0
0.0
0.0
0.0
0.0
0.0
0.0
0.0
0.0
0.0
0.0
0.0
0.0
0.0
0.0
0.0
0.0
0.0
0.0
0.0
0.0
0.0
0.0
0.0
0.0
0.0
0.0
0.0
0.0
0.0
0.0
0.0
0.0
0.0
0.0
0.0
0.0
0.0
0.0
0.0
0.0
0.0
0.0
0.0
0.0
0.0
0.0
0.0
0.0
0.0
0.0
0.0
0.0
0.0
0.0
0.0
0.0
0.0
0.0
0.0
0.0
0.0
0.0
0.0
0.0
0.0
0.0
0.0
0.0
0.0
0.0
0.0
0.0
0.0
0.0
0.0
0.0
0.0
0.0
0.0
0.0
0.0
0.0
0.0
0.0
0.0
0.0
0.0
0.0
0.0
0.0
0.0
0.0
0.0
0.0
0.0
0.0
0.0
0.0
0.0
0.0
0.0
0.0
0.0
0.0
0.0
0.0
0.0
0.0
0.0
0.0
0.0
0.0
0.0
0.0
0.0
0.0
0.0
0.0
0.0
0.0
0.0
0.0
0.0
0.0
0.0
0.0
0.0
0.0
0.0
0.0
0.0
0.0
0.0
0.0
0.0
0.0
0.0
0.0
0.0
0.0
0.0
0.0
0.0
0.0
0.0
0.0
0.0
0.0
0.0
0.0
0.0
0.0
0.0
0.0
0.0
0.0
0.0
0.0
0.0
0.0
0.0
0.0
-1.0
0.0
0.0
0.0
0.0
0.0
0.0
0.0
0.0
0.0
0.0
0.0
0.0
0.0
0.0
0.0
0.0
0.0
0.0
0.0
0.0
0.0
0.0
0.0
0.0
0.0
0.0
0.0
0.0
0.0
0.0
0.0
0.0
0.0
0.0
0.0
0.0
1.0
0.0
0.0
0.0
0.0
0.0
0.0
0.0
0.0
0.0
0.0
0.0
0.0
0.0
0.0
0.0
0.0
0.0
0.0
0.0
0.0
0.0
1.0
0.0
0.0
0.0
0.0
1.0
0.0
0.0
0.0
0.0
0.0
0.0
0.0
0.0
0.0
0.0
0.0
0.0
0.0
0.0
0.0
0.0
1.0
0.0
0.0
0.0
0.0
0.0
0.0
0.0
0.0
0.0
0.0
0.0
0.0
0.0
0.0
0.0
0.0
0.0
0.0
0.0
0.0
0.0
0.0
0.0
0.0
0.0
0.0
0.0
0.0
0.0
0.0
0.0
0.0
0.0
0.0
0.0
0.0
0.0
0.0
0.0
0.0
0.0
0.0
0.0
0.0
-1.0
0.0
0.0
0.0
0.0
0.0
0.0
0.0
0.0
0.0
0.0
0.0
0.0
0.0
0.0
0.0
0.0
0.0
0.0
0.0
0.0
0.0
0.0
0.0
0.0
0.0
0.0
0.0
0.0
0.0
0.0
0.0
0.0
0.0
0.0
0.0
0.0
0.0
0.0
0.0
0.0
0.0
0.0
0.0
0.0
0.0
0.0
0.0
-1.0
0.0
0.0
0.0
0.0
0.0
0.0
0.0
0.0
0.0
0.0
0.0
0.0
0.0
0.0
0.0
0.0
0.0
0.0
0.0
0.0
0.0
0.0
0.0
0.0
0.0
0.0
0.0
0.0
0.0
0.0
1.0
0.0
0.0
0.0
0.0
0.0
0.0
0.0
0.0
0.0
0.0
0.0
0.0
0.0
0.0
0.0
0.0
0.0
0.0
0.0
0.0
0.0
0.0
0.0
0.0
0.0
0.0
0.0
-1.0
0.0
0.0
0.0
0.0
0.0
0.0
0.0
0.0
0.0
0.0
0.0
0.0
0.0
0.0
0.0
0.0
0.0
0.0
0.0
0.0
0.0
0.0
0.0
0.0
0.0
0.0
0.0
0.0
0.0
0.0
0.0
0.0
0.0
0.0
0.0
0.0
0.0
0.0
0.0
0.0
0.0
0.0
-1.0
0.0
0.0
1.0
0.0
0.0
0.0
0.0
0.0
0.0
0.0
0.0
0.0
0.0
0.0
0.0
0.0
0.0
0.0
0.0
0.0
0.0
0.0
0.0
0.0
0.0
0.0
0.0
0.0
0.0
0.0
0.0
0.0
0.0
0.0
0.0
0.0
0.0
0.0
0.0
0.0
0.0
0.0
0.0
0.0
0.0
0.0
-1.0
0.0
0.0
0.0
-1.0
0.0
0.0
0.0
0.0
0.0
0.0
0.0
0.0
0.0
0.0
0.0
0.0
0.0
0.0
0.0
0.0
0.0
0.0
0.0
0.0
0.0
0.0
0.0
0.0
0.0
0.0
0.0
0.0
0.0
0.0
0.0
0.0
0.0
0.0
1.0
0.0
0.0
0.0
0.0
0.0
0.0
0.0
0.0
0.0
0.0
-1.0
0.0
0.0
0.0
0.0
0.0
0.0
0.0
0.0
0.0
0.0
0.0
0.0
0.0
0.0
0.0
0.0
0.0
0.0
0.0
0.0
0.0
0.0
0.0
0.0
0.0
0.0
0.0
0.0
0.0
0.0
1.0
0.0
0.0
0.0
0.0
0.0
0.0
0.0
0.0
0.0
0.0
0.0
0.0
0.0
0.0
0.0
0.0
0.0
0.0
0.0
0.0
0.0
0.0
0.0
0.0
0.0
0.0
0.0
0.0
0.0
0.0
0.0
0.0
0.0
0.0
0.0
0.0
0.0
0.0
-1.0
0.0
0.0
0.0
0.0
0.0
0.0
0.0
0.0
0.0
0.0
0.0
0.0
0.0
0.0
0.0
0.0
0.0
0.0
-1.0
0.0
0.0
0.0
0.0
0.0
0.0
0.0
0.0
0.0
0.0
0.0
0.0
0.0
0.0
0.0
0.0
0.0
0.0
0.0
0.0
0.0
0.0
0.0
0.0
0.0
0.0
0.0
0.0
0.0
0.0
0.0
0.0
0.0
0.0
0.0
0.0
0.0
0.0
0.0
0.0
0.0
0.0
0.0
0.0
0.0
0.0
0.0
0.0
0.0
0.0
0.0
0.0
0.0
0.0
0.0
0.0
0.0
0.0
0.0
0.0
0.0
0.0
0.0
0.0
0.0
0.0
0.0
0.0
1.0
0.0
0.0
-2.0
0.0
0.0
0.0
0.0
0.0
0.0
0.0
0.0
0.0
0.0
0.0
0.0
0.0
0.0
1.0
0.0
0.0
0.0
-1.0
0.0
0.0
0.0
0.0
0.0
0.0
0.0
0.0
0.0
0.0
0.0
-1.0
0.0
0.0
0.0
0.0
0.0
0.0
1.0
0.0
0.0
0.0
0.0
0.0
0.0
0.0
0.0
0.0
0.0
0.0
0.0
0.0
0.0
0.0
0.0
0.0
1.0
0.0
1.0
0.0
0.0
0.0
0.0
0.0
1.0
0.0
0.0
0.0
0.0
0.0
0.0
0.0
0.0
-1.0
0.0
0.0
0.0
0.0
0.0
0.0
0.0
0.0
0.0
0.0
0.0
0.0
0.0
0.0
1.0
0.0
0.0
0.0
0.0
0.0
0.0
0.0
0.0
0.0
0.0
0.0
0.0
0.0
0.0
0.0
0.0
0.0
0.0
0.0
0.0
0.0
0.0
0.0
0.0
0.0
0.0
0.0
0.0
0.0
0.0
0.0
0.0
0.0
0.0
0.0
0.0
0.0
0.0
0.0
0.0
0.0
0.0
0.0
0.0
0.0
0.0
0.0
0.0
-1.0
0.0
0.0
0.0
0.0
0.0
0.0
0.0
0.0
0.0
0.0
0.0
0.0
0.0
0.0
0.0
0.0
0.0
0.0
0.0
0.0
0.0
0.0
0.0
1.0
0.0
0.0
0.0
0.0
0.0
0.0
1.0
0.0
0.0
0.0
0.0
0.0
0.0
0.0
0.0
0.0
0.0
0.0
0.0
0.0
0.0
0.0
0.0
0.0
0.0
0.0
0.0
0.0
0.0
0.0
0.0
1.0
0.0
0.0
0.0
0.0
0.0
0.0
0.0
0.0
0.0
0.0
-1.0
0.0
0.0
0.0
0.0
0.0
0.0
0.0
0.0
0.0
-1.0
0.0
0.0
0.0
0.0
0.0
0.0
0.0
0.0
0.0
0.0
0.0
0.0
0.0
0.0
1.0
0.0
0.0
0.0
0.0
0.0
0.0
0.0
0.0
0.0
0.0
0.0
0.0
0.0
0.0
0.0
0.0
0.0
0.0
-1.0
1.0
0.0
0.0
0.0
0.0
0.0
0.0
0.0
0.0
0.0
0.0
0.0
0.0
0.0
0.0
0.0
0.0
0.0
1.0
0.0
0.0
0.0
-1.0
0.0
0.0
0.0
0.0
0.0
0.0
0.0
0.0
1.0
0.0
0.0
0.0
0.0
0.0
0.0
0.0
0.0
0.0
0.0
0.0
0.0
0.0
0.0
0.0
0.0
0.0
0.0
0.0
0.0
0.0
0.0
0.0
0.0
-1.0
0.0
0.0
0.0
0.0
0.0
0.0
0.0
0.0
0.0
0.0
0.0
0.0
0.0
0.0
0.0
0.0
0.0
0.0
0.0
0.0
0.0
0.0
-1.0
0.0
0.0
0.0
0.0
0.0
0.0
0.0
0.0
0.0
0.0
0.0
0.0
0.0
0.0
0.0
0.0
0.0
0.0
0.0
0.0
0.0
0.0
0.0
-1.0
0.0
0.0
0.0
0.0
0.0
0.0
0.0
0.0
0.0
0.0
0.0
0.0
0.0
0.0
0.0
0.0
0.0
0.0
0.0
0.0
0.0
0.0
0.0
0.0
0.0
-1.0
-1.0
0.0
0.0
0.0
0.0
0.0
0.0
0.0
0.0
0.0
0.0
0.0
0.0
0.0
0.0
0.0
0.0
0.0
0.0
0.0
0.0
0.0
0.0
0.0
0.0
-1.0
0.0
0.0
0.0
0.0
0.0
0.0
0.0
0.0
0.0
0.0
0.0
0.0
0.0
0.0
0.0
0.0
0.0
0.0
0.0
0.0
0.0
0.0
0.0
0.0
0.0
0.0
0.0
0.0
0.0
0.0
0.0
0.0
0.0
0.0
0.0
0.0
0.0
0.0
0.0
0.0
0.0
0.0
0.0
0.0
0.0
0.0
0.0
0.0
0.0
0.0
0.0
0.0
0.0
0.0
0.0
0.0
0.0
0.0
0.0
0.0
0.0
0.0
0.0
0.0
0.0
0.0
0.0
0.0
0.0
0.0
0.0
0.0
0.0
0.0
0.0
0.0
0.0
0.0
0.0
0.0
0.0
0.0
0.0
0.0
0.0
0.0
0.0
0.0
0.0
0.0
0.0
0.0
0.0
0.0
0.0
0.0
0.0
0.0
0.0
0.0
0.0
0.0
0.0
0.0
0.0
0.0
0.0
0.0
0.0
0.0
0.0
0.0
0.0
0.0
0.0
0.0
0.0
0.0
0.0
0.0
0.0
0.0
0.0
0.0
0.0
0.0
0.0
0.0
0.0
0.0
0.0
0.0
0.0
0.0
0.0
0.0
0.0
0.0
0.0
0.0
0.0
0.0
0.0
0.0
0.0
0.0
0.0
0.0
0.0
0.0
0.0
0.0
0.0
0.0
0.0
0.0
0.0
0.0
0.0
0.0
0.0
0.0
0.0
0.0
0.0
0.0
0.0
0.0
80.0
29892.0
2392.0
49152.0
0.0
0.0
0.0
0.0
0.0
0.0
0.0
0.0
0.0
0.0
0.0
0.0
0.0
0.0
0.0
0.0
0.0
0.0
228.0
28672.0
0.0
0.0
0.0
0.0
