0.0016759485
4.2010903e-05
2.3583392e-05
2.1005451e-05
4.0101317e-05
1.8045592e-05
8.49766e-06
9.452453e-06
4.898089e-05
8.879577e-06
1.0407246e-05
6.6835523e-06
2.950311e-05
1.269875e-05
5.7287593e-06
2.1769285e-05
2.7593524e-05
4.3920486e-06
3.1508175e-06
3.3417762e-06
1.0311766e-05
1.4226419e-05
3.0553383e-06
2.673421e-06
8.688618e-06
2.5779416e-06
2.100545e-06
2.100545e-06
5.7287593e-06
2.4824624e-06
2.4824624e-06
3.246297e-06
4.5639117e-05
3.4372556e-06
2.4824624e-06
3.914652e-06
2.3010516e-05
4.4875283e-06
2.100545e-06
1.1457519e-06
5.5378005e-06
4.6784867e-06
1.2412312e-06
5.7287593e-06
3.819173e-06
2.2915037e-06
1.2030395e-05
1.5276692e-06
1.2316833e-05
3.1508175e-06
4.3920486e-06
2.0814492e-05
4.6784867e-06
7.1609493e-06
4.105611e-06
2.2915037e-06
7.733825e-06
7.0654696e-06
4.2965694e-06
1.4512857e-05
4.0101313e-06
4.5830075e-06
2.8643797e-06
3.0553383e-06
7.867496e-05
1.08846425e-05
5.060404e-06
8.306701e-06
2.3010516e-05
3.8573646e-05
1.5849568e-05
1.1552998e-05
9.166015e-06
8.211222e-06
3.3417762e-06
2.2915037e-06
7.638346e-06
2.2055723e-05
4.9649248e-06
4.4875283e-06
2.673421e-05
1.0120808e-05
1.0980122e-05
1.7663675e-05
7.0654696e-06
1.699532e-05
1.5849568e-05
1.4321899e-05
5.155883e-06
1.4321899e-05
2.1960243e-06
4.773966e-06
4.773966e-06
8.020263e-06
1.0025329e-05
8.020263e-06
3.819173e-06
2.797544e-05
3.5327348e-06
1.0216288e-05
1.2125874e-05
4.9840204e-05
9.83437e-06
6.588073e-06
1.7090799e-05
2.4347228e-05
1.7472716e-05
4.2965694e-06
1.8904906e-05
7.829304e-06
2.1482847e-05
2.5779416e-05
2.2915037e-05
1.9095864e-06
2.797544e-05
2.0432575e-05
6.148868e-05
5.1845273e-05
8.020263e-06
8.115742e-06
1.2316833e-05
5.4423213e-06
1.9095864e-06
4.5830075e-06
1.0025329e-05
1.1362039e-05
3.1508175e-06
2.4824624e-06
2.53975e-05
8.593139e-06
3.0553383e-06
6.521238e-05
1.1457519e-05
2.959859e-05
1.1457519e-06
1.6231485e-06
1.49902535e-05
3.666406e-05
1.1552998e-05
9.108727e-05
2.386983e-06
3.274941e-05
3.6282142e-06
6.301635e-06
0.99570256
1.3367105e-06
1.0502725e-06
1.8141071e-06
2.4824624e-06
7.829304e-06
3.914652e-06
1.6231485e-06
1.3367105e-06
1.5276692e-06
4.773966e-07
1.2412312e-06
1.8141071e-06
6.6835526e-07
5.63328e-06
6.3971147e-06
7.447387e-06
7.1609493e-06
2.5779416e-06
3.4372556e-06
2.100545e-06
2.100545e-06
9.547932e-07
6.6835526e-07
2.8643797e-06
1.4321898e-06
9.547932e-07
1.2412312e-06
9.547932e-07
1.9095864e-07
3.819173e-07
4.773966e-07
2.2915037e-06
4.773966e-07
1.5276692e-06
3.1508175e-06
9.070535e-06
8.593139e-07
2.386983e-06
3.7236935e-06
4.6784867e-06
1.2412312e-06
2.1960243e-06
1.4321898e-06
1.8141071e-06
2.1960243e-06
4.5830075e-06
2.8643797e-06
2.6447771e-05
1.537217e-05
4.3920486e-06
2.1196409e-05
1.689984e-05
1.1457519e-06
7.1609493e-06
1.852299e-05
8.49766e-06
6.301635e-06
1.8141071e-06
1.6231485e-06
7.733825e-06
9.547932e-07
2.0050657e-06
2.5779416e-06
3.914652e-06
4.2965694e-06
5.251363e-06
2.9598589e-06
1.8141071e-06
7.638346e-07
1.2412312e-06
1.2412312e-06
6.206156e-06
9.547932e-07
1.8141071e-06
2.7689002e-06
3.0553383e-06
3.819173e-07
1.2412312e-06
1.2412312e-06
8.688618e-06
2.386983e-06
9.547932e-07
8.593139e-07
4.9649248e-06
2.0050657e-06
2.8643797e-06
1.1457519e-06
3.9051043e-05
1.0693684e-05
1.8141071e-06
2.4633666e-05
1.3844502e-05
8.593139e-07
1.7186278e-06
2.8643797e-06
1.3844502e-05
2.8643797e-06
5.7287593e-07
5.346842e-06
1.260327e-05
8.593139e-07
1.1743957e-05
1.7854632e-05
2.5111061e-05
6.874511e-06
3.3417762e-06
4.105611e-06
2.7593524e-05
4.20109e-06
7.3519077e-06
0.00013023379
0.00019556079
0.0
0.0
0.0
0.0
0.0
0.0
0.0
0.0
0.99569774
0.0
0.0
0.0
0.0
0.0
0.0
0.0
0.0
0.0
0.0
0.0
0.0
0.0
0.0
0.0
0.0
0.0
0.0
0.0
0.0
0.0
0.0
0.0
0.0
0.0
0.0
0.0
0.0
0.0
0.0
0.0
0.0
0.0
0.0
0.0
0.0
0.0
0.0
0.00017073374
8.1165365e-07
2.434961e-06
8.1165365e-07
2.005262e-06
1.8142847e-06
9.357889e-06
4.058268e-06
2.3872167e-07
9.5488666e-08
1.9097733e-07
3.8195466e-07
2.86466e-07
9.5488666e-08
4.7744334e-07
1.7665403e-06
0.00012943489
4.7744333e-08
9.5488666e-08
1.43233e-07
2.8169156e-06
1.6233073e-06
7.734582e-06
4.3447344e-06
0.0
4.8890197e-05
4.7744333e-08
1.9097733e-07
9.5488666e-08
4.7744333e-08
4.7744333e-08
0.0
8.121311e-05
2.3394723e-06
2.0530063e-06
2.1962394e-06
1.0981197e-06
8.1165365e-07
1.8142847e-06
5.2518766e-07
2.005262e-06
2.86466e-07
9.0714235e-07
2.3872167e-07
2.86466e-07
5.2518766e-07
3.8195466e-07
1.0981197e-06
0.00013506872
5.2518766e-07
8.307514e-06
2.5304496e-06
1.1267663e-05
6.2067634e-06
2.0673297e-05
9.357889e-06
3.3421034e-07
2.86466e-07
1.43233e-07
2.86466e-07
9.5488666e-08
1.43233e-07
1.43233e-07
1.9097733e-07
0.00017932772
1.0503753e-06
1.5373675e-05
5.39511e-06
7.591349e-06
4.583456e-06
5.1086437e-05
2.2010137e-05
1.8142847e-06
3.3421034e-07
2.3872167e-07
6.2067636e-07
8.5939797e-07
2.86466e-07
6.684207e-07
2.1007506e-06
0.0003117705
7.734582e-06
1.1840595e-05
1.1983828e-05
1.3559391e-05
1.0599242e-05
2.9553743e-05
2.5256752e-05
2.1102995e-05
3.5330806e-06
2.7691713e-06
2.578194e-06
7.352627e-06
2.3394723e-06
6.731951e-06
2.0195854e-05
0.00018887658
2.291728e-06
1.6662772e-05
1.0551497e-05
2.6259384e-05
1.289097e-05
6.789244e-05
4.077366e-05
7.448116e-06
1.2413527e-06
5.2518766e-07
2.5304496e-06
2.0530063e-06
7.639093e-07
1.145864e-06
9.2146565e-06
0.0
0.0
0.0
0.0
0.0
0.0
0.0
0.0
0.0
0.0
0.0
0.0
0.0
0.0
0.0
0.0
2.4874798e-05
1.1936083e-06
6.302252e-06
3.5330806e-06
5.586087e-06
3.1988702e-06
2.6450361e-05
1.8668034e-05
2.6259384e-06
1.2413527e-06
6.2067636e-07
4.7744334e-07
6.2067636e-07
7.16165e-07
5.2518766e-07
1.145864e-06
7.4003714e-05
6.9706725e-06
2.6259384e-06
2.3872167e-06
1.9670666e-05
1.6901495e-05
5.872553e-06
8.307514e-06
4.826952e-05
8.212025e-06
2.0530063e-06
3.6285694e-06
1.6042097e-05
3.151126e-06
2.2010137e-05
5.3234933e-05
0.00027266788
3.8911632e-05
2.8885323e-05
3.5855996e-05
0.000101408965
6.6125904e-05
2.2105627e-05
6.307026e-05
0.00016099389
1.7331193e-05
1.1983828e-05
1.8477058e-05
6.135147e-05
1.5373675e-05
4.9510872e-05
0.00011153076
0.00018166719
3.5569527e-05
2.754848e-05
3.1463514e-05
6.206764e-05
5.0895458e-05
1.642405e-05
5.662478e-05
0.00010040633
1.0981196e-05
1.5325932e-05
1.4800743e-05
5.333042e-05
1.5612397e-05
3.724058e-05
7.228492e-05
0.0
0.0
0.0
0.0
0.0
0.0
0.0
0.0
0.0
0.0
0.0
0.0
0.0
0.0
0.0
0.0
242.0
17.384298
4207.0
0.068457335
0.0021392917
0.0007130972
0.00023769907
0.0009507963
0.0014261944
0.0
0.00023769907
0.0049916804
0.0045162826
0.0
0.00047539815
0.0
0.003090088
0.023532208
0.0011884953
0.010696459
0.0040408843
0.006893273
0.013548847
0.002852389
0.0042785835
0.006893273
0.0019015926
0.0042785835
0.0026146898
0.0021392917
0.00047539815
0.00023769907
0.00023769907
0.00023769907
0.00047539815
0.0023769906
0.009983361
0.003327787
0.008557167
0.013548847
0.008319467
0.0073686712
0.0073686712
0.005942477
0.0038031852
0.0009507963
0.0014261944
0.003565486
0.006893273
0.0026146898
0.003327787
0.008794866
0.0007130972
0.008319467
0.013311148
0.0042785835
0.003090088
0.0052293795
0.01022106
0.0009507963
0.0007130972
0.0007130972
0.00047539815
0.0042785835
0.00047539815
0.00047539815
0.0007130972
0.0016638935
0.05324459
0.0054670786
0.021392917
0.019253625
0.1033991
0.009270264
0.011171857
0.012598051
0.049916804
0.0011884953
0.006417875
0.03565486
0.015450439
0.04421203
0.05371999
0.019491324
0.0
0.048015215
0.036367957
0.050867602
0.022343714
0.006893273
0.008794866
0.02044212
0.0049916804
0.0023769906
0.008319467
0.0
0.0
0.0
0.0011884953
5.334095
2.0
0.0
0.0
1.0
10473472.0
53248.0
0.0
0.0
54.0
0.0
1.0
0.0
0.0
0.0
1076624400.0
0.0
0.0
0.0
0.0
0.0
1.0
0.0
0.0
0.0
0.0
0.0
0.0
-1.0
0.0
-1.0
-1.0
0.0
0.0
0.0
0.0
0.0
0.0
0.0
0.0
0.0
0.0
0.0
0.0
-1.0
0.0
0.0
0.0
0.0
0.0
0.0
0.0
0.0
0.0
0.0
0.0
0.0
-1.0
0.0
0.0
0.0
0.0
0.0
0.0
0.0
0.0
0.0
0.0
6.0
0.0
4.0
0.0
4.0
0.0
24576.0
4096.0
4096.0
4.0
0.0
0.0
1.0
1.0
0.0
0.0
0.0
0.0
0.0
0.0
0.0
0.0
0.0
0.0
0.0
0.0
0.0
0.0
4096.0
0.0
0.0
0.0
0.0
0.0
0.0
0.0
0.0
0.0
0.0
0.0
0.0
0.0
0.0
0.0
0.0
0.0
-8192.0
0.0
0.0
0.0
0.0
0.0
0.0
0.0
0.0
-24576.0
0.0
4096.0
0.0
0.0
0.0
0.0
0.0
0.0
0.0
0.0
0.0
0.0
0.0
0.0
0.0
0.0
0.0
0.0
0.0
0.0
0.0
0.0
5.6636963
0.0
0.0
0.0
0.0
0.0
0.0
0.0
0.0
0.0
0.0
0.0
0.0
0.0
0.0
0.0
0.0
0.0
-3.530284
0.0
0.0
0.0
0.0
0.0
0.0
0.0
0.0
-6.547547
0.0
3.8160596
0.0
0.0
0.0
0.0
0.0
0.0
0.0
0.0
0.0
0.0
0.0
0.0
0.0
0.0
0.0
0.0
0.0
0.0
0.0
0.0
2476.0
0.0
0.0
0.0
0.0
0.0
0.0
0.0
0.0
0.0
0.0
0.0
0.0
0.0
0.0
0.0
0.0
0.0
-13368.0
0.0
0.0
0.0
0.0
0.0
0.0
0.0
0.0
-23376.0
0.0
2736.0
0.0
0.0
0.0
0.0
0.0
0.0
0.0
0.0
0.0
-1.0
0.0
0.0
0.0
0.0
0.0
1.0
0.0
0.0
0.0
0.0
0.0
0.0
0.0
0.0
0.0
0.0
0.0
0.0
0.0
0.0
0.0
0.0
0.0
0.0
0.0
0.0
0.0
0.0
0.0
0.0
0.0
0.0
0.0
0.0
0.0
-2.0
0.0
0.0
0.0
1.0
0.0
0.0
0.0
0.0
0.0
0.0
0.0
0.0
0.0
0.0
0.0
0.0
0.0
0.0
0.0
0.0
0.0
0.0
0.0
-1.0
0.0
0.0
0.0
0.0
0.0
0.0
0.0
0.0
0.0
1.0
0.0
0.0
0.0
0.0
1.0
0.0
0.0
0.0
0.0
0.0
0.0
0.0
0.0
0.0
0.0
0.0
0.0
0.0
0.0
0.0
0.0
0.0
0.0
0.0
0.0
0.0
0.0
0.0
0.0
0.0
0.0
0.0
0.0
0.0
0.0
0.0
0.0
0.0
0.0
0.0
0.0
0.0
0.0
0.0
0.0
0.0
0.0
0.0
0.0
0.0
0.0
0.0
0.0
0.0
0.0
0.0
-1.0
0.0
0.0
0.0
0.0
0.0
0.0
0.0
0.0
0.0
0.0
0.0
0.0
0.0
0.0
0.0
0.0
0.0
0.0
0.0
0.0
0.0
0.0
0.0
0.0
0.0
0.0
0.0
0.0
0.0
0.0
0.0
0.0
0.0
0.0
0.0
0.0
0.0
0.0
0.0
0.0
0.0
0.0
0.0
0.0
0.0
0.0
0.0
0.0
0.0
0.0
0.0
0.0
0.0
0.0
0.0
0.0
0.0
0.0
0.0
0.0
0.0
0.0
0.0
0.0
0.0
0.0
0.0
0.0
0.0
-1.0
0.0
0.0
0.0
0.0
0.0
0.0
0.0
0.0
0.0
0.0
0.0
0.0
0.0
0.0
0.0
0.0
1.0
0.0
0.0
0.0
0.0
0.0
0.0
0.0
0.0
0.0
0.0
0.0
0.0
0.0
0.0
0.0
0.0
0.0
0.0
0.0
0.0
0.0
0.0
0.0
0.0
0.0
0.0
0.0
0.0
0.0
0.0
0.0
0.0
0.0
0.0
0.0
0.0
0.0
0.0
0.0
0.0
0.0
0.0
0.0
0.0
0.0
0.0
0.0
0.0
0.0
0.0
0.0
0.0
0.0
0.0
0.0
0.0
0.0
0.0
0.0
0.0
0.0
0.0
0.0
0.0
0.0
0.0
0.0
0.0
0.0
0.0
0.0
0.0
0.0
0.0
0.0
0.0
0.0
0.0
0.0
0.0
0.0
0.0
0.0
0.0
0.0
0.0
0.0
0.0
0.0
0.0
0.0
0.0
0.0
0.0
0.0
0.0
0.0
0.0
0.0
0.0
0.0
0.0
0.0
0.0
0.0
0.0
0.0
0.0
0.0
0.0
0.0
0.0
0.0
0.0
0.0
0.0
0.0
0.0
0.0
0.0
0.0
0.0
0.0
0.0
0.0
0.0
0.0
0.0
0.0
0.0
0.0
0.0
0.0
0.0
0.0
0.0
0.0
0.0
0.0
0.0
0.0
0.0
0.0
0.0
0.0
0.0
0.0
0.0
0.0
0.0
0.0
0.0
0.0
0.0
0.0
0.0
0.0
0.0
0.0
0.0
0.0
0.0
0.0
0.0
0.0
0.0
0.0
0.0
0.0
0.0
0.0
0.0
0.0
0.0
0.0
0.0
0.0
0.0
0.0
0.0
0.0
0.0
0.0
0.0
0.0
-1.0
0.0
0.0
0.0
0.0
0.0
0.0
0.0
0.0
0.0
0.0
0.0
0.0
0.0
0.0
0.0
0.0
0.0
0.0
0.0
0.0
0.0
0.0
0.0
0.0
0.0
0.0
0.0
0.0
0.0
0.0
0.0
0.0
0.0
0.0
0.0
0.0
1.0
0.0
0.0
0.0
0.0
0.0
0.0
0.0
0.0
0.0
0.0
0.0
0.0
0.0
0.0
0.0
0.0
0.0
0.0
0.0
0.0
0.0
1.0
0.0
0.0
0.0
0.0
1.0
0.0
0.0
0.0
0.0
0.0
0.0
0.0
0.0
0.0
0.0
0.0
0.0
0.0
0.0
0.0
0.0
1.0
0.0
0.0
0.0
0.0
0.0
0.0
0.0
0.0
0.0
0.0
0.0
0.0
0.0
0.0
0.0
0.0
0.0
0.0
0.0
0.0
0.0
0.0
0.0
0.0
0.0
0.0
0.0
0.0
0.0
0.0
0.0
0.0
0.0
0.0
0.0
0.0
0.0
0.0
0.0
0.0
0.0
0.0
0.0
0.0
-1.0
0.0
0.0
0.0
0.0
0.0
0.0
0.0
0.0
0.0
0.0
0.0
0.0
0.0
0.0
0.0
0.0
0.0
0.0
0.0
0.0
0.0
0.0
0.0
0.0
0.0
0.0
0.0
0.0
0.0
0.0
0.0
0.0
0.0
0.0
0.0
0.0
0.0
0.0
0.0
0.0
0.0
0.0
0.0
0.0
0.0
0.0
0.0
-1.0
0.0
0.0
0.0
0.0
0.0
0.0
0.0
0.0
0.0
0.0
0.0
0.0
0.0
0.0
0.0
0.0
0.0
0.0
0.0
0.0
0.0
0.0
0.0
0.0
0.0
0.0
0.0
0.0
0.0
0.0
1.0
0.0
0.0
0.0
0.0
0.0
0.0
0.0
0.0
0.0
0.0
0.0
0.0
0.0
0.0
0.0
0.0
0.0
0.0
0.0
0.0
0.0
0.0
0.0
0.0
0.0
0.0
0.0
-1.0
0.0
0.0
0.0
0.0
0.0
0.0
0.0
0.0
0.0
0.0
0.0
0.0
0.0
0.0
0.0
0.0
0.0
0.0
0.0
0.0
0.0
0.0
0.0
0.0
0.0
0.0
0.0
0.0
0.0
0.0
0.0
0.0
0.0
0.0
0.0
0.0
0.0
0.0
0.0
0.0
0.0
0.0
-1.0
0.0
0.0
1.0
0.0
0.0
0.0
0.0
0.0
0.0
0.0
0.0
0.0
0.0
0.0
0.0
0.0
0.0
0.0
0.0
0.0
0.0
0.0
0.0
0.0
0.0
0.0
0.0
0.0
0.0
0.0
0.0
0.0
0.0
0.0
0.0
0.0
0.0
0.0
0.0
0.0
0.0
0.0
0.0
0.0
0.0
0.0
-1.0
0.0
0.0
0.0
-1.0
0.0
0.0
0.0
0.0
0.0
0.0
0.0
0.0
0.0
0.0
0.0
0.0
0.0
0.0
0.0
0.0
0.0
0.0
0.0
0.0
0.0
0.0
0.0
0.0
0.0
0.0
0.0
0.0
0.0
0.0
0.0
0.0
0.0
0.0
1.0
0.0
0.0
0.0
0.0
0.0
0.0
0.0
0.0
0.0
0.0
-1.0
0.0
0.0
0.0
0.0
0.0
0.0
0.0
0.0
0.0
0.0
0.0
0.0
0.0
0.0
0.0
0.0
0.0
0.0
0.0
0.0
0.0
0.0
0.0
0.0
0.0
0.0
0.0
0.0
0.0
0.0
1.0
0.0
0.0
0.0
0.0
0.0
0.0
0.0
0.0
0.0
0.0
0.0
0.0
0.0
0.0
0.0
0.0
0.0
0.0
0.0
0.0
0.0
0.0
0.0
0.0
0.0
0.0
0.0
0.0
0.0
0.0
0.0
0.0
0.0
0.0
0.0
0.0
0.0
0.0
-1.0
0.0
0.0
0.0
0.0
0.0
0.0
0.0
0.0
0.0
0.0
0.0
0.0
0.0
0.0
0.0
0.0
0.0
0.0
-1.0
0.0
0.0
0.0
0.0
0.0
0.0
0.0
0.0
0.0
0.0
0.0
0.0
0.0
0.0
0.0
0.0
0.0
0.0
0.0
0.0
0.0
0.0
0.0
0.0
0.0
0.0
0.0
0.0
0.0
0.0
0.0
0.0
0.0
0.0
0.0
0.0
0.0
0.0
0.0
0.0
0.0
0.0
0.0
0.0
0.0
0.0
0.0
0.0
0.0
0.0
0.0
0.0
0.0
0.0
0.0
0.0
0.0
0.0
0.0
0.0
0.0
0.0
0.0
0.0
0.0
0.0
0.0
0.0
1.0
0.0
0.0
-2.0
0.0
0.0
0.0
0.0
0.0
0.0
0.0
0.0
0.0
0.0
0.0
0.0
0.0
0.0
1.0
0.0
0.0
0.0
-1.0
0.0
0.0
0.0
0.0
0.0
0.0
0.0
0.0
0.0
0.0
0.0
-1.0
0.0
0.0
0.0
0.0
0.0
0.0
1.0
0.0
0.0
0.0
0.0
0.0
0.0
0.0
0.0
0.0
0.0
0.0
0.0
0.0
0.0
0.0
0.0
0.0
1.0
0.0
1.0
0.0
0.0
0.0
0.0
0.0
1.0
0.0
0.0
0.0
0.0
0.0
0.0
0.0
0.0
-1.0
0.0
0.0
0.0
0.0
0.0
0.0
0.0
0.0
0.0
0.0
0.0
0.0
0.0
0.0
1.0
0.0
0.0
0.0
0.0
0.0
0.0
0.0
0.0
0.0
0.0
0.0
0.0
0.0
0.0
0.0
0.0
0.0
0.0
0.0
0.0
0.0
0.0
0.0
0.0
0.0
0.0
0.0
0.0
0.0
0.0
0.0
0.0
0.0
0.0
0.0
0.0
0.0
0.0
0.0
0.0
0.0
0.0
0.0
0.0
0.0
0.0
0.0
0.0
-1.0
0.0
0.0
0.0
0.0
0.0
0.0
0.0
0.0
0.0
0.0
0.0
0.0
0.0
0.0
0.0
0.0
0.0
0.0
0.0
0.0
0.0
0.0
0.0
1.0
0.0
0.0
0.0
0.0
0.0
0.0
1.0
0.0
0.0
0.0
0.0
0.0
0.0
0.0
0.0
0.0
0.0
0.0
0.0
0.0
0.0
0.0
0.0
0.0
0.0
0.0
0.0
0.0
0.0
0.0
0.0
1.0
0.0
0.0
0.0
0.0
0.0
0.0
0.0
0.0
0.0
0.0
-1.0
0.0
0.0
0.0
0.0
0.0
0.0
0.0
0.0
0.0
-1.0
0.0
0.0
0.0
0.0
0.0
0.0
0.0
0.0
0.0
0.0
0.0
0.0
0.0
0.0
1.0
0.0
0.0
0.0
0.0
0.0
0.0
0.0
0.0
0.0
0.0
0.0
0.0
0.0
0.0
0.0
0.0
0.0
0.0
-1.0
1.0
0.0
0.0
0.0
0.0
0.0
0.0
0.0
0.0
0.0
0.0
0.0
0.0
0.0
0.0
0.0
0.0
0.0
1.0
0.0
0.0
0.0
-1.0
0.0
0.0
0.0
0.0
0.0
0.0
0.0
0.0
1.0
0.0
0.0
0.0
0.0
0.0
0.0
0.0
0.0
0.0
0.0
0.0
0.0
0.0
0.0
0.0
0.0
0.0
0.0
0.0
0.0
0.0
0.0
0.0
0.0
-1.0
0.0
0.0
0.0
0.0
0.0
0.0
0.0
0.0
0.0
0.0
0.0
0.0
0.0
0.0
0.0
0.0
0.0
0.0
0.0
0.0
0.0
0.0
-1.0
0.0
0.0
0.0
0.0
0.0
0.0
0.0
0.0
0.0
0.0
0.0
0.0
0.0
0.0
0.0
0.0
0.0
0.0
0.0
0.0
0.0
0.0
0.0
-1.0
0.0
0.0
0.0
0.0
0.0
0.0
0.0
0.0
0.0
0.0
0.0
0.0
0.0
0.0
0.0
0.0
0.0
0.0
0.0
0.0
0.0
0.0
0.0
0.0
0.0
-1.0
-1.0
0.0
0.0
0.0
0.0
0.0
0.0
0.0
0.0
0.0
0.0
0.0
0.0
0.0
0.0
0.0
0.0
0.0
0.0
0.0
0.0
0.0
0.0
0.0
0.0
-1.0
0.0
0.0
0.0
0.0
0.0
0.0
0.0
0.0
0.0
0.0
0.0
0.0
0.0
0.0
0.0
0.0
0.0
0.0
0.0
0.0
0.0
0.0
0.0
0.0
0.0
0.0
0.0
0.0
0.0
0.0
0.0
0.0
0.0
0.0
0.0
0.0
0.0
0.0
0.0
0.0
0.0
0.0
0.0
0.0
0.0
0.0
0.0
0.0
0.0
0.0
0.0
0.0
0.0
0.0
0.0
0.0
0.0
0.0
0.0
0.0
0.0
0.0
0.0
0.0
0.0
0.0
0.0
0.0
0.0
0.0
0.0
0.0
0.0
0.0
0.0
0.0
0.0
0.0
0.0
0.0
0.0
0.0
0.0
0.0
0.0
0.0
0.0
0.0
0.0
0.0
0.0
0.0
0.0
0.0
0.0
0.0
0.0
0.0
0.0
0.0
0.0
0.0
0.0
0.0
0.0
0.0
0.0
0.0
0.0
0.0
0.0
0.0
0.0
0.0
0.0
0.0
0.0
0.0
0.0
0.0
0.0
0.0
0.0
0.0
0.0
0.0
0.0
0.0
0.0
0.0
0.0
0.0
0.0
0.0
0.0
0.0
0.0
0.0
0.0
0.0
0.0
0.0
0.0
0.0
0.0
0.0
0.0
0.0
0.0
0.0
0.0
0.0
0.0
0.0
0.0
0.0
0.0
0.0
0.0
0.0
0.0
0.0
0.0
0.0
0.0
0.0
0.0
0.0
80.0
29892.0
2736.0
49152.0
0.0
0.0
0.0
0.0
0.0
0.0
0.0
0.0
0.0
0.0
0.0
0.0
0.0
0.0
0.0
0.0
0.0
0.0
228.0
28672.0
0.0
0.0
0.0
0.0
