0.2543987
0.009281116
0.0051391423
0.00457656
0.0077035045
0.0030465752
0.0031433154
0.0035540897
0.00779578
0.002097032
0.0025554323
0.0015910058
0.0050126356
0.002711705
0.0013112031
0.0046539526
0.0049397084
0.0032177311
0.0013603175
0.0014615227
0.0032400559
0.0042446665
0.0011683252
0.0009525199
0.0023857646
0.0014511045
0.0012576239
0.0010834914
0.0020360113
0.0011147459
0.0010879562
0.0013737122
0.0073314263
0.0010328888
0.0011534421
0.0009927043
0.0031195024
0.0013097149
0.0008736393
0.0010001458
0.002492923
0.0010462835
0.0008334549
0.0014927773
0.0015136136
0.0010894446
0.0016133306
0.0008974523
0.002564362
0.0011415355
0.0011087926
0.0049873344
0.0014183616
0.0012561355
0.0010671199
0.0010983745
0.0016669098
0.0018336007
0.0013528758
0.0026417542
0.0014168733
0.0017710916
0.00086470944
0.0010165173
0.0046866955
0.0028054686
0.0024289256
0.008163393
0.0067271716
0.014884612
0.0029096506
0.0020136866
0.0022815827
0.0019526657
0.0010120524
0.00097186794
0.0020434528
0.010087781
0.002049406
0.0014005018
0.009118889
0.004027373
0.0041910876
0.004198529
0.002445297
0.0051778383
0.002949835
0.0029289986
0.0017829981
0.0026625907
0.0007992237
0.0012114862
0.002320279
0.0032638689
0.0017383487
0.0018306241
0.0018231826
0.0042610383
0.0011519537
0.0026938452
0.0035585547
0.008077071
0.0038472873
0.001796393
0.0059011583
0.0048876177
0.0060693375
0.0012278577
0.0043488485
0.0018321124
0.0051986747
0.0051778383
0.0028709543
0.0008751276
0.005523127
0.004575072
0.01029168
0.00778685
0.0018008578
0.002926022
0.0020092216
0.0015374266
0.0009971692
0.001201068
0.0015850526
0.0028277934
0.0012546473
0.0016356552
0.004345872
0.001748767
0.0010715849
0.010180056
0.0025807335
0.006721218
0.001367759
0.0016773279
0.002860536
0.008766159
0.0016981643
0.020236582
0.0016713747
0.017466834
0.0010433069
0.0011980914
0.0015493331
0.000824525
0.00085131463
0.0011817199
0.0017710916
0.0042759213
0.00096144975
0.001015029
0.0015716577
0.002044941
0.0007307613
0.00087959255
0.0014808708
0.00097484456
0.00089447567
0.0007754107
0.0015225435
0.0016981643
0.00078434055
0.0011832083
0.0012933434
0.0013141797
0.0009138237
0.00089447567
0.0014064551
0.00090638216
0.0010924212
0.00089001074
0.0015180785
0.0008885224
0.0010120524
0.0008319666
0.0023039074
0.001034377
0.0013454343
0.0012591121
0.0021074503
0.0013231096
0.0015284967
0.0013618057
0.002296466
0.0009212653
0.00089447567
0.0008989406
0.0014704525
0.0010537251
0.001134094
0.0010492601
0.006265795
0.002021128
0.0018916449
0.0027771906
0.0039976067
0.0012129745
0.00578507
0.004141973
0.0022533047
0.0015597512
0.0010433069
0.0009703796
0.0107738925
0.00091680035
0.0012338109
0.0011370706
0.0018514604
0.0011549303
0.0011980914
0.001196603
0.0018529488
0.00081410684
0.0010537251
0.0009227536
0.0029870428
0.0009971692
0.00077243405
0.001224881
0.0019705254
0.000967403
0.0008319666
0.0009242419
0.0028248166
0.0009569848
0.0009688913
0.0008632211
0.0024795283
0.0012606005
0.00096293807
0.00094656664
0.015878804
0.0040869056
0.0016222604
0.0033353078
0.0043681967
0.0009391251
0.00095847313
0.0015255201
0.0036374351
0.0012382758
0.0011519537
0.0010834914
0.0022815827
0.0008185718
0.0016520267
0.0016297019
0.003120991
0.001997315
0.0011251641
0.0014927773
0.009965739
0.0033546558
0.0066884756
0.064969294
0.053387403
2.2364027e-06
0.0
7.4546756e-07
0.0
0.0
0.0
7.4546756e-07
2.2364027e-06
0.0
0.0
0.0
0.0
0.0
0.0
4.174618e-05
0.0
0.0
0.0
0.0
0.0
0.0
0.0
0.0
0.0
0.0
0.0
0.0
0.0
0.0
0.0
0.0
0.0041142353
0.00012076575
0.0001379115
1.2672948e-05
2.2364027e-05
5.2182727e-06
9.691078e-06
5.9637405e-06
7.4546756e-06
5.9637405e-06
8.945611e-06
3.7273378e-06
7.4546756e-06
3.7273378e-06
5.9637405e-06
0.0001080928
0.0053807846
0.00019233063
5.441913e-05
9.467438e-05
4.9946328e-05
4.0255247e-05
3.6527912e-05
3.7273378e-05
7.231035e-05
1.1182014e-05
2.9073235e-05
1.4909351e-05
1.9382156e-05
1.7145754e-05
4.323712e-05
1.3418416e-05
0.0025263897
9.914718e-05
1.4909351e-05
1.7891221e-05
5.6655535e-05
0.0001080928
1.565482e-05
1.6400287e-05
8.647424e-05
1.7145754e-05
1.7145754e-05
1.4909351e-05
1.565482e-05
1.4163884e-05
1.7145754e-05
1.565482e-05
0.007283218
0.00014685711
0.00015878459
5.8891936e-05
0.00021991292
7.7528624e-05
0.00027880486
0.0001766758
5.0691793e-05
7.827409e-05
7.380129e-05
4.323712e-05
9.541985e-05
5.9637405e-05
0.00014163884
0.00021693106
0.0057438277
0.0001356751
7.1564886e-05
8.200143e-05
0.00022364027
7.231035e-05
4.8455393e-05
8.572877e-05
0.00034664242
8.0510494e-05
7.231035e-05
8.4237836e-05
0.00012523856
6.261928e-05
9.616531e-05
0.00030265984
0.022449756
0.0005076634
0.0014148974
0.00039137047
0.0022647304
0.0013537691
0.0052719465
0.0026024273
0.00020127624
0.00018413049
0.0001379115
9.765625e-05
0.00016847567
0.00014834804
0.00022885854
0.0007447221
0.040479634
0.0008751789
0.003364295
0.0015326813
0.00510198
0.0036520455
0.0121585755
0.0071721436
0.0011599475
0.0017220301
0.00036602456
0.00031458732
0.00038018846
0.0002966961
0.00030415077
0.0020358718
0.024765179
0.0018524869
0.0022222388
0.0012188394
0.0044392594
0.0029311785
0.009420473
0.0062253997
0.0013075501
0.0004897722
0.00056506443
0.00068508467
0.00065824785
0.00047113548
0.0005605916
0.0032562022
0.021769889
0.000998181
0.0022371481
0.0017645217
0.0034433147
0.002332568
0.007109524
0.0042543835
0.0012471672
0.001667611
0.00068955746
0.0007231035
0.0013634602
0.0005844466
0.00076186785
0.0024883708
0.015740547
0.001124165
0.00090947043
0.001331405
0.0013880606
0.0010115994
0.0016832658
0.0013373687
0.0015774093
0.001758558
0.0009802899
0.0010429091
0.0014394978
0.0010048903
0.0014081883
0.0044303136
0.015809877
0.0016303376
0.0011741114
0.0014983898
0.003482079
0.0020776181
0.0015371541
0.001723521
0.008148706
0.0022118022
0.0019270336
0.0019113788
0.0035879354
0.001941943
0.0050900523
0.014950352
0.059124522
0.0114146
0.0050087967
0.0062298723
0.026329914
0.019408993
0.011369871
0.009453274
0.043580778
0.0050020874
0.0044772783
0.0072041983
0.02180418
0.0059667225
0.019190572
0.051304568
0.032647006
0.0070387046
0.0043997495
0.006627952
0.012711713
0.011158904
0.0064274212
0.010224087
0.020264044
0.0022296936
0.002409351
0.0034507692
0.011851443
0.0037757931
0.009823026
0.019845838
0.007073742
0.0062567093
0.0066286977
0.0063610747
0.006688335
0.0064393487
0.006479604
0.006364802
0.0066443523
0.0063543655
0.0064214575
0.0064072935
0.006398348
0.006395366
0.006329765
0.0065735327
2302.0
16.546047
38089.0
0.03714983
0.00094515475
0.0020478354
0.0017590381
0.0044107223
0.003071753
0.0017327837
0.003675602
0.009451548
0.0025204127
0.0013914779
0.0019165638
0.0030454986
0.003255533
0.008296358
0.0034918217
0.009372785
0.0037543648
0.0046207565
0.0066948463
0.0036493477
0.0025729213
0.004016908
0.002179107
0.0024416498
0.0030192444
0.0025991756
0.0016540209
0.002021581
0.0024941585
0.0016015122
0.0024153956
0.0020478354
0.015726326
0.0029142273
0.010554228
0.017196566
0.007613747
0.006642338
0.00897897
0.0034918217
0.010738009
0.0015227493
0.0021265983
0.005119588
0.00769251
0.008637665
0.00506708
0.012392029
0.0027829558
0.007561238
0.021712305
0.0075087296
0.0057496917
0.009950379
0.012234503
0.0058547086
0.0024941585
0.0014964951
0.0015490036
0.017249074
0.016330173
0.0041744336
0.0046732654
0.0030192444
0.03284413
0.006642338
0.022972511
0.020320827
0.06718475
0.011919452
0.010344194
0.009372785
0.041009214
0.0030454986
0.003071753
0.029614849
0.01142062
0.04190186
0.050959595
0.0141510675
0.0016802752
0.05074956
0.037333615
0.055029012
0.02100344
0.006379795
0.020635879
0.007114915
0.008007561
0.0017065294
0.004725774
0.0013914779
0.0015490036
0.0014439864
0.008401375
5.772051
8.0
17.0
6.0
6.0
671902.0
217088.0
0.0
0.0
2.0
1.0
1.0
0.0
0.0
0.0
1155406700.0
0.0
0.0
0.0
0.0
0.0
1.0
0.0
0.0
0.0
0.0
0.0
0.0
-1.0
0.0
-1.0
-1.0
0.0
0.0
0.0
0.0
0.0
0.0
0.0
0.0
0.0
0.0
0.0
0.0
-1.0
0.0
0.0
0.0
0.0
0.0
0.0
0.0
0.0
0.0
0.0
0.0
0.0
-1.0
0.0
0.0
0.0
0.0
0.0
0.0
0.0
0.0
0.0
0.0
6.0
0.0
4.0
0.0
4.0
0.0
0.0
4096.0
4096.0
5.0
0.0
0.0
0.0
5.0
0.0
0.0
0.0
0.0
0.0
0.0
0.0
0.0
0.0
0.0
0.0
0.0
0.0
0.0
0.0
0.0
0.0
-80384.0
0.0
0.0
0.0
0.0
0.0
0.0
0.0
0.0
0.0
0.0
0.0
0.0
0.0
0.0
0.0
0.0
0.0
0.0
0.0
0.0
0.0
0.0
0.0
0.0
0.0
512.0
0.0
0.0
0.0
0.0
0.0
0.0
0.0
0.0
0.0
0.0
0.0
0.0
0.0
0.0
0.0
0.0
0.0
0.0
0.0
0.0
0.0
0.0
0.0
-30.829527
0.0
0.0
0.0
0.0
0.0
0.0
0.0
0.0
0.0
0.0
0.0
0.0
0.0
0.0
0.0
0.0
0.0
0.0
0.0
0.0
0.0
0.0
0.0
0.0
0.0
4.674848
0.0
0.0
0.0
0.0
0.0
0.0
0.0
0.0
0.0
0.0
0.0
0.0
0.0
0.0
0.0
0.0
0.0
0.0
0.0
0.0
0.0
0.0
0.0
-200704.0
0.0
0.0
0.0
0.0
0.0
0.0
0.0
0.0
0.0
0.0
0.0
0.0
0.0
0.0
0.0
0.0
0.0
0.0
0.0
0.0
0.0
0.0
0.0
0.0
0.0
12288.0
0.0
0.0
0.0
0.0
0.0
0.0
0.0
0.0
0.0
0.0
0.0
0.0
0.0
0.0
0.0
0.0
0.0
0.0
0.0
0.0
0.0
0.0
0.0
0.0
0.0
0.0
0.0
0.0
0.0
0.0
0.0
0.0
0.0
0.0
0.0
0.0
0.0
0.0
0.0
0.0
0.0
0.0
0.0
0.0
0.0
0.0
0.0
0.0
0.0
0.0
0.0
0.0
0.0
0.0
0.0
0.0
0.0
0.0
0.0
0.0
0.0
0.0
0.0
0.0
0.0
0.0
0.0
0.0
0.0
0.0
0.0
0.0
0.0
0.0
0.0
0.0
0.0
0.0
0.0
0.0
0.0
0.0
0.0
0.0
0.0
0.0
0.0
0.0
0.0
0.0
0.0
0.0
0.0
0.0
0.0
0.0
0.0
0.0
0.0
0.0
0.0
0.0
0.0
0.0
0.0
0.0
0.0
0.0
0.0
0.0
0.0
0.0
0.0
0.0
0.0
0.0
0.0
0.0
0.0
0.0
0.0
0.0
0.0
0.0
0.0
0.0
0.0
0.0
0.0
0.0
0.0
0.0
0.0
0.0
0.0
0.0
-1.0
0.0
0.0
0.0
0.0
0.0
0.0
0.0
0.0
0.0
0.0
0.0
0.0
0.0
0.0
0.0
0.0
0.0
0.0
0.0
0.0
0.0
0.0
0.0
0.0
0.0
0.0
0.0
0.0
0.0
0.0
0.0
0.0
0.0
0.0
0.0
0.0
0.0
0.0
0.0
0.0
0.0
0.0
0.0
0.0
0.0
0.0
0.0
0.0
0.0
0.0
0.0
0.0
0.0
0.0
0.0
0.0
0.0
0.0
0.0
0.0
0.0
0.0
0.0
0.0
0.0
0.0
0.0
0.0
0.0
0.0
0.0
0.0
0.0
0.0
0.0
0.0
0.0
0.0
0.0
0.0
0.0
0.0
0.0
0.0
0.0
0.0
1.0
0.0
0.0
0.0
0.0
0.0
0.0
0.0
0.0
0.0
0.0
0.0
0.0
0.0
0.0
0.0
0.0
0.0
0.0
0.0
0.0
0.0
0.0
0.0
0.0
0.0
0.0
0.0
0.0
0.0
0.0
0.0
0.0
0.0
0.0
0.0
0.0
0.0
0.0
0.0
0.0
0.0
0.0
0.0
0.0
0.0
0.0
0.0
0.0
0.0
0.0
0.0
0.0
0.0
0.0
0.0
0.0
0.0
0.0
0.0
0.0
0.0
0.0
0.0
0.0
0.0
0.0
0.0
0.0
0.0
0.0
0.0
0.0
0.0
0.0
0.0
0.0
0.0
0.0
0.0
0.0
0.0
0.0
0.0
0.0
0.0
0.0
0.0
0.0
0.0
0.0
0.0
0.0
0.0
0.0
0.0
0.0
0.0
0.0
0.0
0.0
0.0
0.0
0.0
0.0
0.0
0.0
0.0
0.0
0.0
0.0
0.0
0.0
0.0
0.0
0.0
0.0
0.0
0.0
0.0
0.0
0.0
0.0
0.0
0.0
0.0
0.0
0.0
0.0
0.0
0.0
0.0
0.0
0.0
0.0
0.0
0.0
0.0
0.0
0.0
0.0
0.0
0.0
0.0
0.0
0.0
0.0
0.0
0.0
0.0
0.0
0.0
0.0
0.0
0.0
0.0
0.0
0.0
0.0
0.0
0.0
0.0
0.0
0.0
0.0
0.0
0.0
0.0
0.0
0.0
0.0
0.0
0.0
0.0
0.0
0.0
0.0
0.0
0.0
0.0
0.0
0.0
0.0
0.0
0.0
0.0
0.0
0.0
0.0
0.0
0.0
0.0
0.0
0.0
0.0
0.0
0.0
0.0
0.0
0.0
0.0
0.0
0.0
0.0
0.0
0.0
0.0
0.0
0.0
0.0
0.0
0.0
0.0
0.0
0.0
0.0
0.0
0.0
0.0
0.0
0.0
0.0
0.0
0.0
0.0
0.0
0.0
0.0
0.0
0.0
0.0
0.0
0.0
0.0
0.0
0.0
0.0
0.0
0.0
0.0
0.0
0.0
0.0
0.0
0.0
0.0
0.0
0.0
0.0
0.0
0.0
0.0
0.0
0.0
0.0
0.0
0.0
0.0
0.0
0.0
0.0
0.0
0.0
0.0
0.0
0.0
0.0
0.0
0.0
0.0
0.0
0.0
0.0
0.0
0.0
0.0
0.0
0.0
0.0
0.0
0.0
0.0
0.0
0.0
0.0
0.0
0.0
0.0
0.0
0.0
0.0
0.0
0.0
0.0
0.0
0.0
0.0
0.0
0.0
0.0
0.0
0.0
0.0
0.0
0.0
0.0
0.0
0.0
0.0
0.0
0.0
0.0
0.0
0.0
0.0
0.0
0.0
0.0
0.0
0.0
0.0
0.0
0.0
0.0
0.0
0.0
0.0
0.0
0.0
0.0
0.0
0.0
0.0
0.0
0.0
0.0
0.0
0.0
0.0
0.0
0.0
0.0
0.0
0.0
0.0
0.0
0.0
0.0
0.0
0.0
0.0
0.0
0.0
0.0
0.0
0.0
0.0
0.0
0.0
0.0
0.0
0.0
0.0
0.0
0.0
0.0
0.0
0.0
0.0
0.0
0.0
0.0
0.0
0.0
0.0
0.0
0.0
0.0
0.0
0.0
0.0
0.0
0.0
0.0
0.0
0.0
0.0
0.0
0.0
0.0
0.0
0.0
0.0
0.0
0.0
0.0
0.0
0.0
0.0
0.0
0.0
0.0
0.0
0.0
0.0
0.0
0.0
0.0
0.0
0.0
0.0
0.0
0.0
0.0
0.0
0.0
0.0
0.0
0.0
-1.0
0.0
0.0
0.0
0.0
0.0
0.0
0.0
0.0
0.0
0.0
0.0
0.0
0.0
0.0
0.0
0.0
0.0
0.0
0.0
0.0
0.0
0.0
0.0
0.0
0.0
0.0
0.0
0.0
0.0
0.0
0.0
0.0
0.0
0.0
0.0
0.0
0.0
0.0
0.0
0.0
0.0
0.0
0.0
0.0
0.0
0.0
0.0
0.0
0.0
0.0
0.0
0.0
0.0
0.0
0.0
0.0
0.0
0.0
0.0
0.0
0.0
0.0
0.0
0.0
0.0
0.0
0.0
0.0
0.0
0.0
0.0
0.0
0.0
0.0
0.0
0.0
0.0
0.0
0.0
0.0
0.0
0.0
0.0
0.0
0.0
0.0
0.0
0.0
0.0
0.0
0.0
0.0
0.0
0.0
0.0
0.0
0.0
0.0
0.0
0.0
0.0
0.0
0.0
0.0
0.0
0.0
0.0
0.0
0.0
0.0
0.0
0.0
0.0
0.0
0.0
0.0
0.0
0.0
0.0
0.0
0.0
0.0
0.0
0.0
0.0
0.0
0.0
0.0
1.0
0.0
0.0
0.0
0.0
0.0
0.0
0.0
0.0
0.0
0.0
0.0
0.0
0.0
0.0
0.0
0.0
0.0
0.0
0.0
0.0
0.0
0.0
0.0
0.0
0.0
0.0
0.0
0.0
0.0
0.0
0.0
0.0
0.0
0.0
0.0
0.0
0.0
0.0
0.0
0.0
0.0
0.0
0.0
0.0
0.0
0.0
0.0
0.0
0.0
0.0
0.0
0.0
0.0
0.0
0.0
0.0
0.0
0.0
0.0
0.0
0.0
0.0
0.0
0.0
0.0
0.0
0.0
0.0
0.0
0.0
0.0
0.0
0.0
0.0
0.0
0.0
0.0
0.0
0.0
0.0
0.0
0.0
0.0
0.0
0.0
0.0
0.0
0.0
0.0
0.0
0.0
0.0
0.0
0.0
0.0
0.0
0.0
0.0
0.0
0.0
0.0
0.0
0.0
0.0
0.0
0.0
0.0
0.0
0.0
0.0
0.0
0.0
0.0
0.0
0.0
0.0
0.0
0.0
0.0
0.0
0.0
0.0
0.0
0.0
0.0
0.0
0.0
0.0
0.0
0.0
0.0
0.0
0.0
0.0
0.0
0.0
0.0
0.0
0.0
0.0
0.0
0.0
0.0
0.0
0.0
0.0
0.0
0.0
0.0
0.0
0.0
0.0
0.0
0.0
0.0
0.0
0.0
0.0
0.0
0.0
0.0
0.0
0.0
0.0
0.0
0.0
0.0
0.0
0.0
0.0
0.0
0.0
0.0
0.0
0.0
0.0
0.0
0.0
0.0
0.0
0.0
0.0
0.0
0.0
0.0
0.0
0.0
0.0
0.0
0.0
0.0
0.0
0.0
0.0
0.0
0.0
0.0
0.0
0.0
0.0
0.0
0.0
0.0
0.0
0.0
0.0
0.0
0.0
0.0
0.0
0.0
0.0
0.0
0.0
0.0
0.0
0.0
0.0
0.0
0.0
0.0
0.0
0.0
0.0
0.0
0.0
0.0
0.0
0.0
0.0
0.0
0.0
0.0
0.0
0.0
0.0
0.0
0.0
0.0
0.0
0.0
0.0
0.0
0.0
0.0
0.0
0.0
0.0
0.0
0.0
0.0
0.0
0.0
0.0
0.0
0.0
0.0
0.0
0.0
0.0
0.0
0.0
0.0
0.0
0.0
0.0
0.0
0.0
0.0
0.0
0.0
0.0
0.0
0.0
0.0
0.0
0.0
0.0
0.0
0.0
0.0
0.0
0.0
0.0
0.0
0.0
0.0
0.0
0.0
0.0
0.0
0.0
0.0
0.0
0.0
0.0
0.0
0.0
0.0
0.0
0.0
0.0
0.0
0.0
0.0
0.0
0.0
0.0
0.0
0.0
0.0
0.0
0.0
0.0
0.0
0.0
0.0
0.0
0.0
0.0
0.0
0.0
0.0
0.0
0.0
0.0
0.0
0.0
0.0
0.0
0.0
0.0
0.0
0.0
0.0
0.0
0.0
0.0
0.0
0.0
0.0
0.0
0.0
0.0
0.0
0.0
0.0
0.0
0.0
0.0
0.0
0.0
0.0
0.0
0.0
0.0
0.0
0.0
0.0
0.0
0.0
0.0
0.0
0.0
0.0
0.0
0.0
0.0
0.0
0.0
0.0
0.0
0.0
0.0
0.0
0.0
0.0
0.0
0.0
0.0
0.0
0.0
0.0
0.0
0.0
0.0
0.0
0.0
0.0
0.0
0.0
0.0
0.0
0.0
0.0
0.0
0.0
0.0
0.0
0.0
0.0
0.0
0.0
0.0
0.0
0.0
0.0
0.0
0.0
0.0
0.0
0.0
0.0
0.0
0.0
0.0
0.0
0.0
0.0
0.0
0.0
0.0
0.0
0.0
0.0
0.0
0.0
0.0
0.0
0.0
0.0
0.0
0.0
0.0
0.0
0.0
0.0
0.0
0.0
0.0
0.0
0.0
0.0
0.0
0.0
0.0
0.0
0.0
0.0
0.0
0.0
0.0
0.0
0.0
0.0
0.0
0.0
0.0
0.0
0.0
0.0
0.0
0.0
0.0
0.0
0.0
0.0
0.0
0.0
0.0
0.0
0.0
0.0
0.0
0.0
0.0
0.0
0.0
0.0
0.0
0.0
0.0
0.0
0.0
0.0
0.0
0.0
0.0
0.0
0.0
0.0
0.0
0.0
0.0
0.0
0.0
0.0
0.0
0.0
0.0
0.0
0.0
0.0
0.0
0.0
0.0
0.0
0.0
0.0
0.0
0.0
0.0
0.0
0.0
0.0
0.0
0.0
0.0
0.0
0.0
0.0
0.0
0.0
0.0
0.0
0.0
0.0
0.0
0.0
0.0
0.0
0.0
0.0
0.0
0.0
0.0
0.0
0.0
0.0
0.0
0.0
0.0
0.0
0.0
0.0
0.0
0.0
0.0
0.0
0.0
0.0
0.0
0.0
0.0
0.0
0.0
0.0
0.0
0.0
0.0
0.0
0.0
0.0
0.0
0.0
0.0
0.0
0.0
0.0
0.0
0.0
0.0
0.0
0.0
0.0
0.0
0.0
0.0
0.0
0.0
0.0
0.0
0.0
0.0
0.0
0.0
0.0
0.0
0.0
0.0
0.0
0.0
0.0
0.0
0.0
0.0
0.0
0.0
0.0
0.0
0.0
0.0
0.0
0.0
0.0
0.0
0.0
0.0
0.0
0.0
0.0
0.0
0.0
0.0
0.0
0.0
0.0
0.0
0.0
0.0
0.0
0.0
0.0
0.0
0.0
0.0
0.0
0.0
0.0
0.0
0.0
0.0
0.0
0.0
0.0
0.0
0.0
0.0
0.0
0.0
0.0
0.0
0.0
0.0
0.0
0.0
0.0
0.0
0.0
0.0
0.0
0.0
0.0
0.0
0.0
0.0
0.0
0.0
0.0
0.0
0.0
0.0
0.0
0.0
0.0
0.0
0.0
0.0
0.0
0.0
0.0
0.0
0.0
0.0
0.0
0.0
0.0
0.0
0.0
0.0
0.0
0.0
0.0
0.0
0.0
0.0
0.0
0.0
0.0
0.0
0.0
0.0
0.0
0.0
0.0
0.0
0.0
0.0
0.0
0.0
0.0
0.0
0.0
0.0
0.0
0.0
0.0
0.0
0.0
0.0
0.0
0.0
0.0
0.0
0.0
0.0
0.0
0.0
0.0
0.0
0.0
0.0
0.0
0.0
0.0
0.0
0.0
0.0
0.0
0.0
0.0
0.0
0.0
0.0
0.0
0.0
0.0
0.0
0.0
0.0
0.0
0.0
0.0
0.0
156.0
203746.0
9358.0
184320.0
0.0
0.0
0.0
0.0
8.0
203902.0
0.0
0.0
0.0
0.0
0.0
0.0
0.0
0.0
0.0
0.0
0.0
0.0
0.0
0.0
0.0
0.0
0.0
0.0
