0.08872458
0.0072716493
0.012731199
0.031930447
0.016820412
0.0040456178
0.0033451912
0.0034265686
0.006242807
0.0009009637
0.0017452539
0.0026898128
0.0056658993
0.001788849
0.0015243725
0.011609354
0.0029194131
0.0009619968
0.0030879807
0.0026389519
0.0045542265
0.0016231879
0.008999465
0.03984294
0.004419082
0.0018193655
0.0011334706
0.0028627396
0.0025909974
0.0018019275
0.002883084
0.0032536415
0.002797347
0.00086608774
0.0017714109
0.0033190341
0.013944593
0.0010811565
0.0027668306
0.0057458235
0.0019457911
0.0028118787
0.0005638289
0.003310315
0.0013034911
0.001849882
0.0012221137
0.002327974
0.0011828782
0.003839268
0.0017772237
0.0048245154
0.0027915344
0.0008777131
0.00089224475
0.0013209292
0.0012889594
0.0013267418
0.00086899404
0.0044917404
0.0022160802
0.0015359978
0.0029586486
0.0019908391
0.0041037444
0.0016304537
0.0041720434
0.005219777
0.0056833373
0.014134958
0.001380509
0.0025125262
0.011230077
0.0008312117
0.00598269
0.0009910602
0.002961555
0.0040092887
0.0011174857
0.00464287
0.0020649508
0.0009169486
0.0010186703
0.006988282
0.0019225404
0.010593589
0.0017379881
0.0032362037
0.0037593439
0.00088207255
0.0044437856
0.0024616655
0.00493205
0.004439426
0.001015764
0.0019123682
0.001937072
0.00079778885
0.0030153221
0.0012569898
0.0023686627
0.0020664039
0.0019850265
0.0017612388
0.0016348133
0.0010709843
0.0016086563
0.001111673
0.002500901
0.0005420314
0.0005827201
0.0014226508
0.0009968728
0.0009489183
0.0016086563
0.0015418106
0.0044350666
0.004594915
0.0036895918
0.003778235
0.003464351
0.001223567
0.0017379881
0.0019254467
0.0021666724
0.002579372
0.00076291285
0.0022727537
0.003752078
0.0010593589
0.0014647926
0.0072324136
0.0025285112
0.00528081
0.0045542265
0.0015258257
0.0027668306
0.021874528
0.0022727537
0.023310257
0.006321278
0.006645334
0.005681884
0.0014081191
0.012991316
0.0025241517
0.0005667353
0.002848208
0.001572327
0.0016653298
0.00038944883
0.0011930504
0.0016725956
0.00035893233
0.0018513352
0.0012613492
0.0021070926
0.0005798138
0.00030807147
0.0010041386
0.007044955
0.00065973797
0.0055423803
0.0009561841
0.0037491717
0.00034730698
0.0004272312
0.004469943
0.0020707634
0.00021070926
0.00072367734
0.0012264733
0.0010361084
0.00019036492
0.00035021332
0.00092130806
0.0007832572
0.00024267894
0.0018091933
0.001806287
0.0009358398
0.0006713633
0.0021303433
0.001432823
0.0022451435
0.0008675409
0.0008719004
0.0018920238
0.0027377673
0.0016101093
0.009545856
0.029339448
0.008367337
0.0039569745
0.004560039
0.0057632616
0.0027319547
0.0010956882
0.0020591381
0.009756565
0.0022291588
0.009439775
0.041639056
0.004804171
0.0017641451
0.0010302956
0.0034469129
0.0016464386
0.0016667829
0.00061033026
0.0030371197
0.0021216243
0.0005216871
0.00068734813
0.0013964938
0.0016885804
0.0019603227
0.0016784082
0.0014546205
0.0020155432
0.0011945035
0.0005914391
0.0028467549
0.0019167277
0.001102954
0.0003865425
0.00082975853
0.004256327
0.00082394585
0.0022364245
0.0006277683
0.0011450958
0.0067208987
0.002483463
0.00061614293
0.0026534835
0.00309234
0.0012526303
0.0035762447
0.0019661353
0.0023090828
0.0009300271
0.0006452063
0.0012351922
0.0027668306
0.00041705903
0.0011915972
0.0016304537
0.0031897023
0.000685895
0.0011421895
0.002500901
0.0021521407
0.0025343238
0.003672154
0.03614027
0.034277197
0.0
0.0
0.0
0.0
0.0
0.0
0.0
0.0
0.0
0.0
0.0
0.0
0.0
0.0
0.0
0.00140299
0.0
2.1830756e-06
7.276919e-07
1.4553838e-05
0.0
7.276919e-07
5.821535e-06
7.276919e-07
2.9107675e-06
3.6384595e-06
2.9107675e-06
1.4553838e-06
0.0
1.2370762e-05
3.9295363e-05
0.0013418638
5.821535e-06
4.366151e-06
5.821535e-06
3.6384595e-06
5.0938434e-06
8.0773796e-05
3.6384595e-06
6.549227e-06
4.366151e-06
6.549227e-06
2.9107675e-06
4.366151e-06
5.821535e-06
4.366151e-06
4.366151e-06
0.0036668393
3.9295363e-05
2.1830756e-06
7.276919e-07
1.7464605e-05
0.0
7.276919e-07
0.00016591375
7.276919e-07
2.9107675e-06
3.6384595e-06
2.9107675e-06
1.4553838e-06
0.0
1.528153e-05
0.00055086275
0.0024384954
1.2370762e-05
4.8755355e-05
2.2558448e-05
0.00010551532
1.4553838e-05
0.00016955221
6.403688e-05
1.4553838e-05
1.7464605e-05
1.0915378e-05
1.9647681e-05
1.164307e-05
6.549227e-06
5.821535e-06
1.8192297e-05
0.0
0.0
0.0
0.0
0.0
0.0
0.0
0.0
0.0
0.0
0.0
0.0
0.0
0.0
0.0
0.0
0.0
0.0
0.0
0.0
0.0
0.0
0.0
0.0
0.0
0.0
0.0
0.0
0.0
0.0
0.0
0.0
0.002030988
1.8919989e-05
6.621996e-05
4.5844587e-05
5.6759967e-05
2.1103064e-05
0.00015790913
8.0046106e-05
7.276919e-05
0.00015572605
1.0187687e-05
5.1666124e-05
8.00461e-06
1.528153e-05
2.1103064e-05
0.00016809683
0.0018985481
0.00038567669
4.8027665e-05
3.5656903e-05
0.00012297992
0.00010405994
0.0007153211
0.00029107675
2.9835366e-05
2.8379984e-05
1.6736913e-05
0.0002488706
0.00047081665
4.0023053e-05
1.600922e-05
1.8919989e-05
0.0037476132
0.0012232501
0.000118613774
0.0003412875
0.00048682585
0.00021757987
0.00087468565
0.0005188443
0.000118613774
7.20415e-05
4.3661512e-05
0.0009110702
0.001501956
9.89661e-05
5.6759967e-05
0.00010042148
0.009663749
0.0106374
0.0010755286
0.00039950284
0.0004286105
0.0004904643
0.00045262434
0.0005224828
0.00043370435
0.00031800134
0.00036384593
0.0060347486
0.0136041995
0.0009409056
0.00048682585
0.00034710902
0.0148696555
0.013319672
0.0018083144
0.001577636
0.0017253575
0.00092707947
0.0017326344
0.001565993
0.0009969379
0.000701495
0.0005603227
0.0082454765
0.017224466
0.0011875931
0.0010063979
0.001105364
0.012298721
0.0057844226
0.0068715946
0.00637167
0.003955005
0.0021124894
0.0046237544
0.006069678
0.0070717097
0.0014059007
0.00039368132
0.0033684857
0.0055377353
0.00087977946
0.0012290715
0.00654195
0.05395326
0.015165099
0.019957677
0.011941424
0.023804985
0.013612932
0.008187989
0.015441622
0.04769074
0.009506566
0.0033379227
0.009350841
0.019264914
0.004811499
0.011615418
0.034890644
0.028249
0.014002975
0.0075985584
0.0047874846
0.016130019
0.012268158
0.0026939153
0.0055719367
0.021680852
0.009698678
0.006309089
0.0110580055
0.01891999
0.005665809
0.0080628265
0.012101516
0.030488107
0.024866687
0.009916257
0.008570028
0.023780243
0.022577368
0.005895032
0.0073431386
0.019589465
0.011012161
0.01890398
0.019697163
0.027872782
0.011760228
0.0112406565
0.0072914725
3543.0
7.6311035
27037.0
0.023375375
0.007878093
0.021563044
0.0063986387
0.011983578
0.00355069
0.0033287718
0.022080852
0.014720568
0.015164404
0.00073972705
0.028923327
0.006620557
0.014387691
0.0078411065
0.013610978
0.0048821983
0.018973999
0.018937012
0.03972334
0.01915893
0.0044753486
0.008432888
0.012057551
0.007878093
0.0076561747
0.006842475
0.0055109663
0.017827421
0.011946592
0.03602471
0.006102748
0.0015904132
0.0015904132
0.0031808263
0.0033287718
0.0017013722
0.0046972665
0.0019602766
0.004105485
0.018826053
0.0040315124
0.0069904206
0.0035137034
0.010097275
0.003883567
0.004105485
0.002515072
0.0025890446
0.0015164404
0.00029589082
0.009468506
0.000628768
0.0055109663
0.0010356179
0.0026630173
0.0015904132
0.00051780895
0.0008506861
0.0043274034
0.008136997
0.0043274034
0.00355069
0.013019196
0.011465769
0.00902467
0.022154825
0.008876724
0.020157563
0.01956578
0.01368495
0.013832896
0.013426046
0.011798646
0.0045493213
0.0054369937
0.0128712505
0.004734253
0.0057698707
0.010467137
0.007767134
0.0040684985
0.012057551
0.010319192
0.013352073
0.021932907
0.04157266
0.01956578
0.036727447
0.011872619
0.020157563
0.010504124
0.02056441
0.0070274067
0.0030328808
0.006916448
6.1227655
0.0
0.0
0.0
3.0
688152.0
352256.0
0.0
0.0
76.0
0.0
1.0
0.0
0.0
51.0
1393483300.0
0.0
0.0
0.0
0.0
0.0
1.0
0.0
0.0
0.0
0.0
0.0
0.0
-1.0
0.0
0.0
-1.0
1.0
0.0
0.0
0.0
0.0
0.0
0.0
0.0
0.0
0.0
0.0
0.0
-1.0
0.0
0.0
0.0
0.0
0.0
0.0
0.0
0.0
0.0
0.0
0.0
0.0
-1.0
0.0
0.0
0.0
0.0
0.0
0.0
0.0
0.0
1.0
0.0
2.0
56.0
4.0
0.0
4.0
0.0
245760.0
512.0
4096.0
2.0
0.0
0.0
2.0
2.0
0.0
0.0
0.0
0.0
0.0
0.0
0.0
0.0
0.0
0.0
0.0
0.0
0.0
0.0
0.0
0.0
0.0
0.0
0.0
0.0
0.0
0.0
0.0
0.0
0.0
0.0
0.0
0.0
0.0
0.0
0.0
0.0
0.0
0.0
0.0
0.0
0.0
0.0
0.0
0.0
0.0
-285184.0
0.0
30208.0
0.0
0.0
0.0
0.0
0.0
0.0
0.0
0.0
0.0
0.0
0.0
0.0
0.0
0.0
0.0
0.0
0.0
0.0
0.0
0.0
0.0
0.0
0.0
0.0
0.0
0.0
0.0
0.0
0.0
0.0
0.0
0.0
0.0
0.0
0.0
0.0
0.0
0.0
0.0
0.0
0.0
0.0
0.0
0.0
0.0
0.0
0.0
-5.779121
0.0
6.911915
0.0
0.0
0.0
0.0
0.0
0.0
0.0
0.0
0.0
0.0
0.0
0.0
0.0
0.0
0.0
0.0
0.0
0.0
0.0
0.0
0.0
0.0
0.0
0.0
0.0
0.0
0.0
0.0
0.0
0.0
0.0
0.0
0.0
0.0
0.0
0.0
0.0
0.0
0.0
0.0
0.0
0.0
0.0
0.0
0.0
0.0
0.0
-315392.0
0.0
32768.0
0.0
0.0
0.0
0.0
0.0
0.0
0.0
0.0
0.0
-1.0
0.0
0.0
0.0
0.0
0.0
1.0
0.0
0.0
0.0
0.0
0.0
0.0
0.0
0.0
0.0
0.0
0.0
0.0
0.0
0.0
0.0
0.0
0.0
0.0
0.0
0.0
0.0
0.0
0.0
0.0
0.0
0.0
0.0
0.0
0.0
-2.0
0.0
0.0
0.0
1.0
0.0
0.0
0.0
0.0
0.0
0.0
1.0
0.0
0.0
0.0
0.0
0.0
0.0
0.0
0.0
0.0
0.0
0.0
0.0
-1.0
0.0
0.0
0.0
0.0
0.0
0.0
0.0
0.0
0.0
1.0
0.0
0.0
0.0
0.0
1.0
0.0
0.0
0.0
0.0
0.0
0.0
0.0
0.0
1.0
0.0
0.0
0.0
0.0
0.0
0.0
0.0
0.0
0.0
0.0
0.0
0.0
0.0
0.0
0.0
0.0
0.0
0.0
0.0
0.0
0.0
0.0
0.0
0.0
0.0
0.0
0.0
0.0
0.0
0.0
0.0
0.0
0.0
0.0
0.0
0.0
0.0
0.0
0.0
0.0
0.0
0.0
0.0
0.0
0.0
0.0
0.0
0.0
0.0
0.0
0.0
0.0
0.0
0.0
0.0
0.0
0.0
0.0
0.0
0.0
0.0
0.0
0.0
0.0
0.0
0.0
0.0
0.0
0.0
0.0
0.0
0.0
0.0
0.0
0.0
0.0
0.0
0.0
0.0
0.0
0.0
0.0
0.0
0.0
0.0
0.0
0.0
0.0
0.0
0.0
0.0
0.0
0.0
0.0
0.0
0.0
0.0
0.0
0.0
0.0
0.0
0.0
0.0
0.0
0.0
0.0
0.0
0.0
0.0
0.0
0.0
0.0
0.0
0.0
0.0
0.0
0.0
0.0
0.0
0.0
0.0
0.0
0.0
0.0
0.0
0.0
0.0
0.0
0.0
1.0
0.0
0.0
0.0
0.0
0.0
0.0
0.0
0.0
0.0
0.0
0.0
0.0
0.0
0.0
0.0
0.0
0.0
0.0
0.0
0.0
0.0
0.0
0.0
0.0
0.0
0.0
0.0
0.0
0.0
0.0
0.0
0.0
0.0
0.0
0.0
0.0
0.0
0.0
0.0
0.0
0.0
0.0
0.0
0.0
0.0
0.0
0.0
0.0
0.0
0.0
0.0
0.0
0.0
0.0
0.0
0.0
0.0
0.0
0.0
0.0
0.0
0.0
0.0
0.0
0.0
0.0
0.0
0.0
0.0
0.0
0.0
0.0
0.0
0.0
0.0
0.0
0.0
0.0
0.0
0.0
0.0
0.0
0.0
1.0
0.0
0.0
0.0
0.0
0.0
0.0
0.0
0.0
0.0
0.0
0.0
0.0
0.0
0.0
0.0
0.0
0.0
0.0
0.0
0.0
0.0
0.0
0.0
0.0
0.0
0.0
0.0
0.0
0.0
-1.0
0.0
0.0
0.0
0.0
0.0
0.0
0.0
0.0
0.0
0.0
0.0
0.0
0.0
0.0
0.0
0.0
0.0
0.0
0.0
0.0
0.0
0.0
0.0
0.0
0.0
1.0
0.0
0.0
0.0
0.0
0.0
0.0
0.0
0.0
0.0
0.0
0.0
0.0
0.0
0.0
0.0
0.0
0.0
0.0
0.0
0.0
0.0
0.0
0.0
-1.0
0.0
0.0
0.0
0.0
0.0
0.0
0.0
0.0
0.0
0.0
0.0
0.0
0.0
0.0
0.0
0.0
0.0
0.0
0.0
0.0
0.0
-1.0
0.0
1.0
0.0
-1.0
-2.0
-1.0
0.0
0.0
0.0
0.0
0.0
0.0
0.0
0.0
0.0
1.0
0.0
0.0
0.0
0.0
0.0
0.0
0.0
0.0
0.0
0.0
0.0
0.0
0.0
0.0
0.0
0.0
0.0
0.0
0.0
0.0
0.0
0.0
0.0
0.0
0.0
0.0
0.0
0.0
0.0
0.0
0.0
0.0
0.0
0.0
0.0
0.0
0.0
0.0
0.0
0.0
0.0
0.0
0.0
0.0
0.0
0.0
0.0
1.0
0.0
0.0
0.0
0.0
0.0
0.0
0.0
0.0
0.0
0.0
0.0
0.0
0.0
0.0
0.0
0.0
0.0
0.0
0.0
0.0
0.0
0.0
0.0
0.0
0.0
0.0
0.0
0.0
0.0
0.0
0.0
0.0
0.0
0.0
0.0
0.0
0.0
0.0
0.0
0.0
0.0
0.0
0.0
0.0
-1.0
0.0
0.0
0.0
0.0
-1.0
0.0
0.0
0.0
0.0
0.0
0.0
0.0
0.0
0.0
0.0
0.0
0.0
0.0
0.0
0.0
0.0
0.0
0.0
0.0
0.0
0.0
0.0
0.0
0.0
0.0
0.0
0.0
0.0
0.0
0.0
0.0
0.0
0.0
0.0
0.0
0.0
0.0
0.0
0.0
0.0
0.0
0.0
0.0
0.0
0.0
0.0
0.0
0.0
0.0
0.0
0.0
0.0
0.0
0.0
0.0
0.0
0.0
0.0
0.0
0.0
0.0
0.0
0.0
0.0
0.0
0.0
0.0
0.0
0.0
0.0
0.0
0.0
0.0
0.0
0.0
0.0
1.0
0.0
0.0
0.0
0.0
0.0
0.0
0.0
0.0
0.0
0.0
0.0
0.0
0.0
0.0
0.0
0.0
-1.0
0.0
0.0
0.0
0.0
0.0
0.0
0.0
0.0
0.0
0.0
0.0
0.0
0.0
0.0
0.0
0.0
0.0
-1.0
0.0
0.0
-1.0
0.0
0.0
0.0
-1.0
0.0
0.0
0.0
0.0
1.0
0.0
0.0
0.0
0.0
0.0
0.0
0.0
0.0
0.0
0.0
0.0
0.0
0.0
0.0
0.0
0.0
0.0
0.0
0.0
0.0
0.0
0.0
0.0
0.0
0.0
0.0
0.0
0.0
0.0
0.0
0.0
0.0
0.0
0.0
0.0
0.0
0.0
0.0
0.0
0.0
1.0
0.0
0.0
0.0
0.0
0.0
0.0
0.0
0.0
1.0
0.0
0.0
0.0
0.0
0.0
0.0
0.0
0.0
0.0
0.0
0.0
0.0
0.0
0.0
0.0
0.0
0.0
0.0
0.0
0.0
0.0
0.0
0.0
0.0
1.0
0.0
0.0
0.0
0.0
0.0
0.0
0.0
0.0
0.0
0.0
0.0
0.0
0.0
0.0
0.0
0.0
0.0
0.0
0.0
0.0
0.0
0.0
0.0
0.0
0.0
0.0
0.0
0.0
0.0
0.0
0.0
0.0
0.0
0.0
0.0
0.0
0.0
0.0
0.0
0.0
0.0
0.0
0.0
0.0
0.0
0.0
0.0
0.0
0.0
0.0
0.0
0.0
0.0
0.0
0.0
0.0
0.0
0.0
0.0
0.0
0.0
0.0
0.0
0.0
0.0
0.0
0.0
0.0
0.0
0.0
0.0
0.0
-1.0
0.0
0.0
0.0
0.0
-1.0
0.0
0.0
0.0
0.0
0.0
0.0
0.0
1.0
0.0
0.0
0.0
0.0
0.0
0.0
0.0
0.0
0.0
0.0
0.0
0.0
0.0
0.0
0.0
0.0
0.0
0.0
0.0
0.0
0.0
-1.0
0.0
0.0
0.0
0.0
0.0
0.0
0.0
0.0
0.0
0.0
0.0
-1.0
0.0
0.0
0.0
0.0
0.0
0.0
0.0
0.0
0.0
0.0
0.0
0.0
0.0
0.0
0.0
0.0
0.0
1.0
0.0
0.0
0.0
0.0
0.0
0.0
0.0
-1.0
0.0
0.0
0.0
0.0
0.0
0.0
0.0
0.0
0.0
0.0
0.0
0.0
0.0
0.0
0.0
0.0
0.0
0.0
0.0
0.0
0.0
0.0
0.0
0.0
0.0
0.0
0.0
0.0
0.0
0.0
0.0
0.0
0.0
0.0
0.0
0.0
0.0
0.0
0.0
0.0
0.0
0.0
0.0
0.0
-1.0
0.0
0.0
0.0
0.0
0.0
0.0
0.0
0.0
0.0
0.0
0.0
0.0
0.0
0.0
0.0
0.0
0.0
0.0
0.0
-1.0
0.0
0.0
0.0
-1.0
0.0
0.0
0.0
0.0
0.0
0.0
0.0
-1.0
0.0
0.0
0.0
0.0
0.0
0.0
0.0
0.0
0.0
-1.0
0.0
0.0
0.0
0.0
0.0
0.0
0.0
0.0
0.0
0.0
0.0
0.0
1.0
0.0
0.0
0.0
-1.0
0.0
0.0
-1.0
-1.0
0.0
0.0
0.0
0.0
0.0
0.0
0.0
0.0
0.0
0.0
0.0
0.0
0.0
0.0
0.0
0.0
0.0
0.0
0.0
0.0
0.0
0.0
0.0
0.0
0.0
0.0
0.0
0.0
0.0
0.0
0.0
0.0
0.0
0.0
0.0
1.0
0.0
0.0
0.0
-1.0
0.0
0.0
0.0
0.0
0.0
0.0
0.0
0.0
0.0
0.0
0.0
0.0
-1.0
0.0
0.0
0.0
0.0
0.0
1.0
0.0
0.0
0.0
0.0
0.0
0.0
0.0
0.0
0.0
0.0
0.0
0.0
0.0
0.0
0.0
0.0
0.0
0.0
0.0
0.0
0.0
0.0
0.0
0.0
0.0
0.0
0.0
1.0
0.0
0.0
0.0
0.0
0.0
0.0
0.0
0.0
0.0
0.0
0.0
0.0
0.0
-1.0
0.0
0.0
0.0
-1.0
0.0
1.0
0.0
0.0
1.0
1.0
0.0
0.0
0.0
0.0
0.0
0.0
0.0
0.0
0.0
0.0
0.0
1.0
0.0
0.0
0.0
0.0
0.0
0.0
0.0
1.0
0.0
0.0
0.0
1.0
0.0
0.0
0.0
0.0
0.0
-1.0
0.0
0.0
0.0
0.0
0.0
0.0
0.0
0.0
0.0
0.0
0.0
0.0
0.0
0.0
0.0
1.0
0.0
0.0
1.0
0.0
0.0
0.0
0.0
0.0
0.0
0.0
0.0
0.0
0.0
0.0
1.0
0.0
0.0
0.0
0.0
0.0
0.0
0.0
0.0
-1.0
0.0
0.0
0.0
0.0
0.0
0.0
0.0
0.0
0.0
1.0
0.0
0.0
0.0
0.0
2.0
0.0
0.0
0.0
0.0
0.0
0.0
0.0
0.0
0.0
0.0
0.0
0.0
0.0
0.0
0.0
0.0
0.0
0.0
0.0
0.0
0.0
0.0
0.0
0.0
1.0
0.0
0.0
0.0
0.0
0.0
0.0
0.0
1.0
0.0
0.0
0.0
0.0
0.0
0.0
0.0
0.0
0.0
-1.0
0.0
0.0
0.0
0.0
0.0
0.0
0.0
0.0
0.0
0.0
0.0
0.0
0.0
0.0
0.0
-1.0
0.0
-1.0
0.0
0.0
0.0
0.0
0.0
0.0
0.0
0.0
1.0
0.0
0.0
0.0
0.0
0.0
0.0
0.0
0.0
0.0
0.0
0.0
0.0
1.0
0.0
0.0
0.0
0.0
0.0
0.0
0.0
0.0
0.0
0.0
0.0
0.0
0.0
0.0
0.0
0.0
0.0
0.0
0.0
0.0
0.0
0.0
0.0
0.0
-1.0
0.0
0.0
0.0
0.0
0.0
0.0
0.0
0.0
0.0
0.0
0.0
0.0
0.0
0.0
0.0
0.0
0.0
0.0
0.0
0.0
0.0
0.0
0.0
0.0
0.0
0.0
0.0
1.0
0.0
0.0
0.0
0.0
0.0
0.0
0.0
0.0
0.0
0.0
0.0
0.0
0.0
-2.0
0.0
0.0
0.0
0.0
0.0
0.0
0.0
0.0
0.0
0.0
0.0
0.0
1.0
0.0
0.0
0.0
0.0
0.0
0.0
0.0
0.0
0.0
0.0
0.0
-1.0
0.0
0.0
0.0
1.0
0.0
0.0
0.0
0.0
0.0
0.0
0.0
0.0
0.0
0.0
0.0
0.0
0.0
0.0
0.0
1.0
0.0
0.0
0.0
0.0
0.0
0.0
0.0
0.0
0.0
0.0
0.0
0.0
0.0
0.0
1.0
0.0
0.0
0.0
0.0
0.0
0.0
0.0
0.0
0.0
0.0
0.0
0.0
0.0
0.0
0.0
0.0
0.0
0.0
0.0
0.0
0.0
0.0
0.0
0.0
0.0
0.0
0.0
0.0
0.0
0.0
0.0
0.0
0.0
0.0
0.0
0.0
0.0
0.0
0.0
0.0
0.0
0.0
0.0
0.0
0.0
0.0
0.0
0.0
0.0
0.0
0.0
0.0
0.0
0.0
0.0
0.0
0.0
0.0
0.0
0.0
0.0
0.0
0.0
0.0
0.0
0.0
0.0
0.0
0.0
0.0
0.0
0.0
0.0
0.0
0.0
0.0
0.0
0.0
0.0
0.0
0.0
0.0
0.0
0.0
0.0
0.0
0.0
0.0
0.0
0.0
0.0
0.0
0.0
0.0
0.0
0.0
0.0
0.0
0.0
0.0
0.0
0.0
0.0
0.0
0.0
0.0
0.0
0.0
0.0
0.0
0.0
0.0
0.0
0.0
0.0
0.0
0.0
0.0
0.0
0.0
0.0
0.0
0.0
0.0
0.0
0.0
0.0
0.0
0.0
0.0
0.0
0.0
0.0
100.0
286720.0
26560.0
319488.0
0.0
0.0
0.0
0.0
0.0
0.0
0.0
0.0
0.0
0.0
0.0
0.0
0.0
0.0
0.0
0.0
0.0
0.0
0.0
0.0
0.0
0.0
0.0
0.0
