0.022068014
0.0015247279
0.004597915
0.0011232755
0.0028872928
0.0011371187
0.005875443
0.0007910391
0.00091365015
0.0008958518
0.024172178
0.00111141
0.0019340906
0.0015148399
0.001965732
0.0020329705
0.0009986869
0.0010046196
0.002404759
0.0014911087
0.0013803632
0.000727756
0.0029070687
0.004991457
0.0016453613
0.0020349482
0.0029782623
0.0014100273
0.0019024491
0.001455512
0.0024186021
0.0026618466
0.0025629667
0.0015860334
0.002772592
0.0016255854
0.0019261802
0.0017264428
0.003864226
0.0042913873
0.0019340906
0.0035043033
0.010900519
0.0035379224
0.0022346855
0.0018984939
0.0018470763
0.0014179376
0.0009452917
0.0012280882
0.0031404253
0.0016928237
0.0012379762
0.0013783857
0.0031819548
0.0012280882
0.0015089071
0.0026222947
0.0039809044
0.0024561763
0.0021654696
0.0025293475
0.0015702127
0.000870143
0.0012004018
0.005594624
0.0025629667
0.0055036545
0.002252484
0.0023414758
0.004696795
0.0054858564
0.007977629
0.00974758
0.0052623875
0.006134508
0.0027943456
0.004415976
0.0013902512
0.0055827587
0.0010204405
0.0009650677
0.0029881503
0.011578835
0.005216903
0.0054799234
0.0057389885
0.007868862
0.0023375205
0.0021555815
0.011090368
0.0036981078
0.0019934184
0.0014396912
0.0017224876
0.0013605873
0.0013052145
0.004271611
0.012195845
0.0046789963
0.017768716
0.014707395
0.008003338
0.008580796
0.010914362
0.021575592
0.008155613
0.012310546
0.01173902
0.0048253387
0.01207719
0.026561115
0.0078886375
0.017739052
0.011466112
0.011930848
0.00812595
0.0008879414
0.008564976
0.0006486521
0.0040876945
0.004536609
0.0011390963
0.0011311859
0.0007257784
0.0006921592
0.00083850144
0.00056757056
0.0007198456
0.00076533033
0.0007949943
0.0012696178
0.00074555434
0.0009986869
0.0013625649
0.0008879414
0.0005972345
0.0010975668
0.0008918966
0.0009749557
0.00075741997
0.00091562775
0.0011588723
0.00067436084
0.0013230129
0.0009630901
0.00084641186
0.0008187255
0.0008305911
0.0010006644
0.0010085749
0.00065260724
0.0005576826
0.00062096573
0.0014001392
0.0008523446
0.0031839325
0.0011826034
0.0021832678
0.0014733103
0.0018174123
0.0010362612
0.001789726
0.001283461
0.0013724528
0.0014456239
0.006425215
0.002537258
0.0021318505
0.0033836698
0.002090321
0.0015089071
0.003083075
0.0077739367
0.0012676402
0.0020428584
0.0007791735
0.00075741997
0.0007989495
0.0006170105
0.0013170801
0.00089782936
0.0017521516
0.0012992817
0.00212394
0.0015959213
0.001071858
0.0007020472
0.0009255158
0.0010342837
0.0020468137
0.0009255158
0.0009710005
0.0015385711
0.0008108151
0.00086223264
0.0010184628
0.0012795058
0.0017442412
0.0010857012
0.0010145076
0.0008879414
0.0011133875
0.0010046196
0.00074753194
0.00084245665
0.008705385
0.004234037
0.0011133875
0.0029130015
0.0022781927
0.0011964466
0.0008721206
0.0010362612
0.001647339
0.0011074548
0.001052082
0.0016354733
0.0010461492
0.000727756
0.0020487914
0.0019597993
0.0018984939
0.0015108847
0.001971665
0.0017659948
0.0015721902
0.0016572269
0.0032669916
0.029567065
0.11633417
0.012534015
0.0061186873
0.003387625
0.013859006
0.0025194595
0.0014218928
0.0021911783
0.008410723
0.0027745697
0.0029980382
0.002345431
0.008013226
0.0016849133
0.00409956
0.010204405
0.00505474
0.0025036389
0.00095320214
0.00086223264
0.003996725
0.0020230825
0.003381692
0.0009037622
0.003067254
0.0069413683
0.0
0.0
0.0
0.0
0.0
0.0
0.0
0.0
0.0
0.0
0.0
0.0
0.0
0.0
0.0
0.0
0.0019650343
7.939532e-06
7.939532e-06
4.9622076e-06
1.6871507e-05
1.984883e-06
3.969766e-06
2.9773246e-06
1.0916857e-05
9.924415e-07
2.9773246e-06
9.924415e-07
9.924415e-07
9.924415e-07
1.984883e-06
9.924415e-07
8.931974e-06
1.3894182e-05
1.6871507e-05
3.672034e-05
5.756161e-05
7.6418e-05
0.0
0.0
0.0
0.0
0.0
0.0
0.0
0.0
0.0018221227
0.0
1.984883e-05
0.00016871507
7.741044e-05
0.00012504763
0.00027986852
0.00035926385
0.0
0.0
0.0
0.0
0.0
0.0
0.0
0.0
0.007099927
0.0
0.00011115346
1.5879064e-05
3.870522e-05
0.0
0.0
0.0
3.175813e-05
0.0
0.0
0.0
0.0
0.0
0.0
0.0
0.0015809594
0.00025406503
0.0019293064
0.00017069995
0.00024414062
0.00028086096
0.00017466971
0.00014489646
0.0002768912
0.00012802496
1.2901741e-05
4.9622076e-06
9.924415e-06
9.924415e-06
3.969766e-06
3.969766e-06
0.0061908504
0.0005766085
0.0015452316
0.00015482088
0.0001359645
5.756161e-05
0.007383765
0.006959
0.025751874
0.009061984
2.481104e-05
7.939532e-06
1.4886624e-05
2.0841273e-05
7.939532e-06
1.984883e-05
0.0015392769
0.00015978309
0.0027867758
0.00019352611
0.0002481104
0.00029475515
0.026373142
0.023618124
0.083834514
0.031350236
7.443312e-05
4.3667427e-05
8.237265e-05
3.771278e-05
5.4584285e-05
3.5727895e-05
0.0028244888
0.0009120538
0.000840598
0.00017764705
0.00043766672
0.00016871507
0.00035132433
0.00029277027
0.00026895167
8.6342414e-05
7.542556e-05
7.939532e-05
0.00019054877
7.840288e-05
9.3289505e-05
6.649359e-05
0.0070195394
0.0019680117
0.0037792174
0.00074135384
0.0029654154
0.0010767991
0.0020216035
0.001818153
0.0025019452
0.0006311928
0.0001766546
0.00016573774
0.0013715542
0.00017069995
0.00021039761
0.00020345052
0.014484685
0.004266506
0.010047479
0.004020381
0.005367124
0.003789142
0.0053254412
0.0062245936
0.0016682943
0.0006560039
0.000543858
0.0004972132
0.0013288793
0.0003463621
0.0004039237
0.0003413999
0.01472684
0.005688675
0.0022171144
0.0010549654
0.0015253826
0.0008812881
0.0034269008
0.0025337033
0.0031053496
0.0011839828
0.00039300686
0.000662951
0.0014082746
0.0004148406
0.00049820566
0.00039697663
0.012353913
0.0024959906
0.005158711
0.0035201903
0.0033762862
0.001858843
0.0020493919
0.0019382384
0.005330404
0.0026041667
0.00074631604
0.0011492473
0.0027460859
0.00089319743
0.0016216495
0.0012693327
0.016836772
0.0037792174
0.02167691
0.010555608
0.016119236
0.008927012
0.010171534
0.008708674
0.028807601
0.015801655
0.0038943407
0.0058464734
0.015309404
0.005402852
0.011695924
0.0081112245
0.06982521
0.019308943
0.016534077
0.006436976
0.011298947
0.008653098
0.0093646785
0.0078125
0.02189723
0.013578585
0.0028234962
0.004513624
0.01230826
0.004834183
0.0075058355
0.007654702
0.046117768
0.01378799
0.005384988
0.005279789
0.0059278533
0.0056837127
0.005755169
0.006033052
0.0054852245
0.0056112646
0.005886171
0.005994347
0.0063615507
0.006497515
0.005854413
0.00602809
0.0076963846
0.0060489313
2193.0
58.003647
127202.0
0.0016430559
0.000998412
0.0012499803
0.00077042816
0.00097482745
0.0010613041
0.0019417934
0.001014135
0.0013128724
0.0015487177
0.0014229337
0.0016666405
0.0008018742
0.0017688401
0.0009669659
0.0011556422
0.00032232198
0.00044024465
0.0016273329
0.0014543796
0.0010927501
0.0008175972
0.0010062734
0.00069967454
0.0010377195
0.0025785759
0.001367903
0.0017845632
0.0019260703
0.002610022
0.0008018742
0.00059747486
0.00078615115
0.014205752
0.0005188598
0.014638134
0.0005188598
0.0018395938
0.0132859545
0.017711986
0.028057735
0.0036949106
0.016501313
0.019221395
0.0018867628
0.014480905
0.001305011
0.017782738
0.0011399192
0.00064464397
0.0040486786
0.04249147
0.016572066
0.01752331
0.016446283
0.027947674
0.004363139
0.0032625273
0.019111335
0.0024056225
0.0012657034
0.0014465181
0.0015015487
0.0012814264
0.00070753606
0.013954183
0.040290248
0.013568969
0.06702725
0.054511722
0.013545385
0.027986981
0.03963774
0.043057498
0.013474631
0.0135139385
0.041013505
0.014009214
0.03951982
0.0155500695
0.028002704
0.015762331
0.04181538
0.013804815
0.027696105
0.0002751529
0.024166286
0.0001415072
0.014072106
0.013616138
0.00029087593
0.000117922675
5.503058e-05
8.6476626e-05
0.00022798384
0.00014936872
5.4748006
0.0
0.0
0.0
40.0
505664.0
425984.0
0.0
0.0
39.0
0.0
1.0
0.0
1.0
0.0
327680.0
0.0
0.0
0.0
0.0
0.0
1.0
0.0
0.0
0.0
0.0
0.0
0.0
-1.0
0.0
-1.0
-1.0
1.0
0.0
0.0
0.0
0.0
0.0
0.0
0.0
0.0
0.0
0.0
0.0
-1.0
0.0
0.0
0.0
0.0
0.0
0.0
0.0
0.0
0.0
0.0
0.0
0.0
-1.0
0.0
0.0
0.0
0.0
0.0
0.0
0.0
0.0
1.0
0.0
2.0
24.0
4.0
0.0
4.0
0.0
5632.0
1024.0
4096.0
9.0
1.0
0.0
1.0
6.0
0.0
0.0
-512.0
0.0
0.0
0.0
0.0
0.0
-512.0
0.0
0.0
0.0
0.0
0.0
512.0
0.0
0.0
0.0
0.0
0.0
0.0
0.0
0.0
0.0
0.0
0.0
0.0
0.0
0.0
0.0
0.0
0.0
-369152.0
0.0
0.0
0.0
0.0
0.0
0.0
0.0
0.0
-5632.0
-2560.0
16384.0
0.0
0.0
0.0
0.0
0.0
0.0
0.0
0.0
-1.8050417
0.0
0.0
0.0
0.0
0.0
-1.3741854
0.0
0.0
0.0
0.0
0.0
4.7489166
0.0
0.0
0.0
0.0
0.0
0.0
0.0
0.0
0.0
0.0
0.0
0.0
0.0
0.0
0.0
0.0
0.0
-6.7422147
0.0
0.0
0.0
0.0
0.0
0.0
0.0
0.0
-5.9819613
-9.484337
5.1002192
0.0
0.0
0.0
0.0
0.0
0.0
0.0
0.0
-32.0
0.0
0.0
0.0
0.0
0.0
-24.0
0.0
0.0
0.0
0.0
0.0
416.0
0.0
0.0
0.0
0.0
0.0
0.0
0.0
0.0
0.0
0.0
0.0
0.0
0.0
0.0
100.0
0.0
0.0
-368656.0
0.0
0.0
0.0
0.0
0.0
0.0
0.0
0.0
-5252.0
-2068.0
16176.0
0.0
0.0
0.0
0.0
0.0
0.0
0.0
0.0
0.0
-1.0
0.0
0.0
0.0
0.0
0.0
1.0
0.0
0.0
0.0
0.0
0.0
0.0
0.0
0.0
0.0
0.0
0.0
0.0
0.0
0.0
0.0
0.0
0.0
0.0
0.0
0.0
0.0
0.0
0.0
0.0
0.0
0.0
0.0
0.0
0.0
-2.0
0.0
0.0
0.0
1.0
0.0
0.0
0.0
0.0
0.0
0.0
1.0
0.0
-1.0
0.0
0.0
0.0
0.0
0.0
1.0
0.0
0.0
0.0
0.0
-1.0
0.0
0.0
0.0
0.0
0.0
0.0
0.0
1.0
1.0
0.0
0.0
0.0
0.0
0.0
1.0
0.0
0.0
0.0
0.0
0.0
0.0
0.0
1.0
0.0
0.0
0.0
0.0
0.0
0.0
0.0
0.0
1.0
0.0
0.0
-1.0
1.0
0.0
0.0
0.0
0.0
0.0
0.0
0.0
0.0
0.0
0.0
0.0
0.0
0.0
0.0
0.0
0.0
0.0
0.0
0.0
0.0
0.0
0.0
0.0
0.0
0.0
0.0
0.0
0.0
0.0
0.0
0.0
0.0
0.0
0.0
0.0
0.0
0.0
0.0
0.0
0.0
0.0
0.0
0.0
0.0
0.0
0.0
0.0
0.0
0.0
0.0
0.0
0.0
0.0
0.0
0.0
0.0
0.0
0.0
0.0
0.0
0.0
0.0
0.0
0.0
0.0
0.0
0.0
0.0
0.0
0.0
0.0
0.0
0.0
0.0
0.0
0.0
0.0
0.0
0.0
0.0
0.0
0.0
0.0
0.0
0.0
0.0
0.0
0.0
0.0
0.0
0.0
0.0
0.0
0.0
0.0
0.0
0.0
0.0
0.0
0.0
0.0
0.0
0.0
0.0
0.0
0.0
0.0
0.0
0.0
0.0
0.0
0.0
0.0
0.0
0.0
0.0
0.0
1.0
0.0
0.0
0.0
0.0
0.0
0.0
0.0
0.0
0.0
0.0
0.0
0.0
0.0
0.0
0.0
0.0
0.0
0.0
0.0
0.0
0.0
0.0
0.0
0.0
0.0
0.0
0.0
0.0
0.0
0.0
0.0
0.0
0.0
0.0
0.0
0.0
0.0
0.0
0.0
0.0
0.0
0.0
0.0
0.0
0.0
0.0
0.0
0.0
0.0
0.0
0.0
0.0
0.0
0.0
0.0
0.0
0.0
0.0
0.0
0.0
0.0
0.0
0.0
0.0
0.0
0.0
0.0
0.0
0.0
0.0
0.0
0.0
0.0
0.0
0.0
0.0
0.0
0.0
0.0
0.0
0.0
0.0
0.0
1.0
0.0
0.0
0.0
0.0
0.0
0.0
0.0
0.0
0.0
0.0
0.0
0.0
0.0
0.0
0.0
0.0
0.0
0.0
0.0
0.0
0.0
0.0
0.0
0.0
0.0
0.0
0.0
0.0
0.0
0.0
0.0
0.0
0.0
0.0
0.0
0.0
0.0
0.0
0.0
0.0
0.0
0.0
0.0
0.0
0.0
0.0
0.0
0.0
0.0
0.0
0.0
0.0
0.0
0.0
0.0
0.0
0.0
0.0
0.0
0.0
0.0
0.0
0.0
0.0
0.0
0.0
0.0
0.0
0.0
0.0
0.0
0.0
0.0
0.0
0.0
0.0
0.0
0.0
0.0
-1.0
0.0
0.0
0.0
0.0
0.0
0.0
0.0
0.0
0.0
0.0
0.0
0.0
0.0
0.0
0.0
0.0
0.0
0.0
0.0
0.0
0.0
0.0
0.0
0.0
0.0
0.0
-2.0
0.0
0.0
0.0
0.0
0.0
0.0
0.0
0.0
0.0
0.0
1.0
0.0
0.0
0.0
0.0
0.0
0.0
0.0
0.0
0.0
0.0
0.0
0.0
0.0
0.0
0.0
0.0
0.0
0.0
0.0
0.0
0.0
0.0
0.0
0.0
0.0
0.0
0.0
1.0
0.0
0.0
0.0
0.0
-1.0
0.0
0.0
1.0
0.0
0.0
0.0
0.0
0.0
0.0
0.0
0.0
0.0
0.0
0.0
0.0
0.0
0.0
0.0
0.0
0.0
0.0
0.0
0.0
0.0
0.0
0.0
0.0
0.0
0.0
0.0
0.0
0.0
0.0
0.0
0.0
0.0
0.0
0.0
0.0
0.0
0.0
0.0
0.0
0.0
0.0
0.0
0.0
0.0
0.0
0.0
0.0
0.0
0.0
0.0
0.0
0.0
0.0
0.0
0.0
0.0
0.0
0.0
0.0
0.0
0.0
0.0
0.0
0.0
0.0
0.0
0.0
0.0
0.0
0.0
0.0
0.0
0.0
0.0
0.0
0.0
0.0
0.0
0.0
0.0
0.0
0.0
0.0
0.0
0.0
0.0
0.0
0.0
0.0
0.0
0.0
0.0
0.0
0.0
0.0
0.0
0.0
0.0
0.0
0.0
0.0
0.0
0.0
0.0
0.0
0.0
0.0
0.0
0.0
0.0
0.0
0.0
0.0
0.0
0.0
0.0
0.0
0.0
0.0
0.0
0.0
0.0
0.0
0.0
0.0
0.0
0.0
0.0
0.0
0.0
0.0
0.0
0.0
0.0
0.0
0.0
0.0
0.0
0.0
0.0
0.0
0.0
0.0
0.0
0.0
0.0
0.0
0.0
0.0
0.0
0.0
0.0
0.0
0.0
0.0
0.0
0.0
0.0
0.0
0.0
0.0
0.0
0.0
0.0
0.0
0.0
0.0
0.0
0.0
0.0
0.0
0.0
0.0
0.0
0.0
0.0
0.0
0.0
0.0
-1.0
0.0
0.0
0.0
0.0
1.0
0.0
0.0
0.0
0.0
0.0
0.0
0.0
0.0
0.0
0.0
0.0
0.0
0.0
0.0
0.0
0.0
0.0
0.0
0.0
0.0
0.0
0.0
0.0
0.0
0.0
0.0
0.0
0.0
0.0
1.0
0.0
0.0
0.0
0.0
0.0
0.0
0.0
0.0
0.0
0.0
0.0
0.0
0.0
0.0
0.0
0.0
0.0
0.0
0.0
0.0
0.0
0.0
0.0
0.0
0.0
0.0
0.0
0.0
0.0
0.0
0.0
0.0
0.0
0.0
0.0
0.0
0.0
0.0
0.0
0.0
0.0
0.0
0.0
0.0
0.0
0.0
0.0
0.0
0.0
0.0
0.0
0.0
0.0
0.0
0.0
0.0
0.0
0.0
0.0
0.0
0.0
0.0
0.0
0.0
0.0
0.0
0.0
0.0
0.0
0.0
0.0
0.0
-1.0
0.0
0.0
0.0
0.0
0.0
0.0
0.0
0.0
0.0
0.0
0.0
0.0
0.0
0.0
0.0
0.0
0.0
0.0
0.0
0.0
0.0
0.0
0.0
0.0
0.0
0.0
0.0
0.0
0.0
0.0
0.0
0.0
0.0
1.0
0.0
0.0
0.0
0.0
0.0
0.0
0.0
0.0
0.0
0.0
0.0
0.0
-1.0
0.0
0.0
0.0
0.0
0.0
0.0
0.0
0.0
0.0
0.0
0.0
0.0
0.0
0.0
0.0
0.0
0.0
0.0
0.0
0.0
0.0
0.0
0.0
0.0
-1.0
0.0
0.0
0.0
0.0
0.0
0.0
0.0
0.0
0.0
0.0
0.0
0.0
0.0
0.0
0.0
0.0
1.0
0.0
0.0
0.0
0.0
0.0
0.0
0.0
0.0
0.0
0.0
0.0
0.0
0.0
0.0
0.0
0.0
0.0
0.0
0.0
0.0
0.0
0.0
0.0
0.0
0.0
0.0
0.0
0.0
0.0
0.0
0.0
0.0
0.0
0.0
0.0
0.0
0.0
0.0
-1.0
0.0
0.0
0.0
0.0
0.0
0.0
0.0
0.0
0.0
0.0
0.0
-1.0
0.0
0.0
0.0
0.0
0.0
0.0
0.0
0.0
0.0
0.0
0.0
0.0
0.0
0.0
0.0
0.0
0.0
0.0
0.0
0.0
0.0
0.0
0.0
0.0
0.0
0.0
0.0
0.0
0.0
0.0
0.0
0.0
0.0
0.0
0.0
0.0
0.0
0.0
0.0
0.0
0.0
0.0
0.0
0.0
0.0
0.0
0.0
0.0
0.0
0.0
0.0
0.0
-1.0
0.0
0.0
0.0
0.0
0.0
0.0
0.0
0.0
0.0
0.0
0.0
0.0
0.0
0.0
0.0
0.0
0.0
0.0
0.0
0.0
0.0
0.0
0.0
0.0
1.0
0.0
0.0
0.0
-1.0
0.0
0.0
0.0
0.0
0.0
0.0
0.0
0.0
0.0
0.0
0.0
0.0
0.0
0.0
0.0
0.0
0.0
0.0
0.0
0.0
0.0
0.0
0.0
0.0
0.0
0.0
1.0
-1.0
1.0
0.0
0.0
0.0
0.0
0.0
0.0
0.0
0.0
0.0
0.0
0.0
0.0
0.0
0.0
0.0
0.0
0.0
0.0
0.0
0.0
0.0
0.0
0.0
0.0
0.0
0.0
0.0
0.0
0.0
0.0
0.0
0.0
0.0
0.0
0.0
0.0
0.0
0.0
0.0
0.0
0.0
0.0
0.0
0.0
0.0
0.0
0.0
0.0
0.0
0.0
0.0
0.0
0.0
0.0
0.0
0.0
0.0
0.0
0.0
0.0
0.0
0.0
0.0
0.0
0.0
0.0
0.0
0.0
0.0
0.0
0.0
0.0
0.0
0.0
0.0
-1.0
0.0
0.0
0.0
0.0
0.0
0.0
0.0
0.0
0.0
0.0
0.0
0.0
0.0
0.0
0.0
0.0
0.0
0.0
0.0
0.0
0.0
1.0
0.0
0.0
0.0
0.0
1.0
0.0
0.0
0.0
0.0
0.0
0.0
0.0
0.0
0.0
0.0
0.0
0.0
-1.0
0.0
0.0
0.0
0.0
0.0
0.0
0.0
0.0
0.0
0.0
0.0
0.0
0.0
0.0
1.0
1.0
0.0
0.0
0.0
0.0
0.0
0.0
0.0
0.0
0.0
0.0
0.0
0.0
0.0
0.0
0.0
0.0
0.0
0.0
0.0
0.0
0.0
0.0
0.0
-1.0
0.0
0.0
0.0
0.0
0.0
0.0
0.0
0.0
0.0
0.0
0.0
0.0
0.0
0.0
2.0
0.0
0.0
0.0
0.0
0.0
0.0
0.0
0.0
0.0
0.0
0.0
0.0
0.0
0.0
0.0
0.0
0.0
0.0
0.0
0.0
0.0
0.0
0.0
0.0
0.0
0.0
0.0
0.0
0.0
0.0
0.0
0.0
0.0
0.0
0.0
0.0
0.0
0.0
0.0
0.0
0.0
0.0
0.0
0.0
1.0
0.0
0.0
0.0
0.0
0.0
0.0
0.0
0.0
0.0
0.0
0.0
0.0
0.0
0.0
0.0
0.0
0.0
0.0
0.0
0.0
0.0
0.0
0.0
0.0
1.0
0.0
0.0
0.0
0.0
0.0
0.0
0.0
0.0
0.0
0.0
0.0
0.0
0.0
0.0
0.0
0.0
0.0
0.0
0.0
0.0
0.0
0.0
0.0
0.0
0.0
0.0
0.0
0.0
0.0
0.0
0.0
0.0
0.0
0.0
0.0
0.0
0.0
0.0
0.0
1.0
0.0
0.0
0.0
0.0
0.0
0.0
0.0
0.0
0.0
0.0
0.0
0.0
0.0
0.0
0.0
0.0
0.0
0.0
0.0
0.0
0.0
0.0
0.0
0.0
0.0
0.0
0.0
0.0
0.0
0.0
0.0
0.0
0.0
0.0
0.0
0.0
0.0
0.0
0.0
-1.0
0.0
0.0
1.0
0.0
0.0
0.0
0.0
0.0
0.0
0.0
0.0
0.0
1.0
0.0
0.0
0.0
0.0
0.0
0.0
0.0
0.0
0.0
0.0
0.0
0.0
0.0
0.0
0.0
0.0
0.0
0.0
0.0
0.0
0.0
0.0
0.0
0.0
0.0
0.0
0.0
0.0
0.0
0.0
0.0
0.0
0.0
0.0
0.0
0.0
0.0
0.0
0.0
0.0
0.0
0.0
0.0
0.0
0.0
0.0
1.0
0.0
0.0
0.0
0.0
0.0
0.0
0.0
0.0
0.0
0.0
0.0
0.0
0.0
0.0
0.0
0.0
0.0
0.0
0.0
0.0
0.0
0.0
0.0
0.0
0.0
0.0
0.0
0.0
0.0
0.0
0.0
0.0
0.0
0.0
0.0
0.0
0.0
0.0
0.0
0.0
0.0
0.0
0.0
0.0
0.0
0.0
0.0
0.0
0.0
0.0
0.0
0.0
0.0
0.0
0.0
0.0
0.0
0.0
0.0
0.0
0.0
0.0
0.0
0.0
0.0
0.0
0.0
0.0
0.0
0.0
0.0
0.0
0.0
0.0
0.0
0.0
0.0
0.0
0.0
0.0
0.0
0.0
0.0
0.0
0.0
0.0
0.0
0.0
0.0
0.0
0.0
0.0
0.0
0.0
0.0
0.0
0.0
0.0
0.0
0.0
0.0
0.0
0.0
0.0
0.0
0.0
0.0
0.0
0.0
0.0
0.0
0.0
0.0
0.0
0.0
0.0
0.0
0.0
0.0
0.0
0.0
0.0
0.0
0.0
0.0
0.0
0.0
0.0
0.0
0.0
0.0
0.0
0.0
1140.0
397312.0
16176.0
409600.0
0.0
0.0
0.0
0.0
0.0
0.0
0.0
0.0
0.0
0.0
0.0
0.0
24.0
405508.0
0.0
0.0
0.0
0.0
164.0
397536.0
0.0
0.0
1902867600.0
0.0
