0.295813
0.0051425225
0.0032942116
0.0034690518
0.00425167
0.0025559973
0.0019176919
0.0020647796
0.0051563988
0.0020287016
0.0022590465
0.0020398025
0.0035634101
0.0023839325
0.0019204671
0.0033635928
0.0030860687
0.0020592292
0.0017844803
0.0016290668
0.002769691
0.00281687
0.0017595032
0.001792806
0.0023839325
0.001723425
0.0015458096
0.0016235163
0.0021119588
0.0018177832
0.0014903047
0.001964871
0.0034329738
0.0017733793
0.0018066822
0.001964871
0.0023978087
0.0021452617
0.0016346172
0.001631842
0.0020231511
0.0017012231
0.0016179658
0.001815008
0.0020842063
0.0017872555
0.0020287016
0.0018455356
0.0023367533
0.0022257436
0.0021064084
0.0031998535
0.002125835
0.0021785647
0.0022840237
0.0021175093
0.002217418
0.0025004926
0.0023312028
0.003457951
0.0025199193
0.002630929
0.0023034504
0.0022146427
0.0025837498
0.0025532222
0.0041989405
0.005150848
0.0026753328
0.006976957
0.0023728316
0.0022562714
0.0024311116
0.0020148254
0.0019010404
0.0018483108
0.00207033
0.005353441
0.0020536787
0.0020481283
0.0038104067
0.0035523092
0.0030638666
0.0021646884
0.0021563626
0.005700346
0.0023006753
0.001964871
0.0020980826
0.0018649623
0.0018927148
0.0019926233
0.002009275
0.0025143689
0.0023645058
0.0021535875
0.002092532
0.002550447
0.0020231511
0.0023756067
0.0027863425
0.0035439834
0.0026586815
0.002056454
0.0038936639
0.0028446226
0.0039436184
0.0022923495
0.0030971696
0.0022257436
0.0026975349
0.0027752416
0.0023478544
0.0017844803
0.002689209
0.0026004014
0.0044736895
0.003976921
0.0020259263
0.0020314767
0.002264597
0.002136936
0.001851086
0.0021119588
0.0030028112
0.0032026288
0.0019926233
0.001942669
0.0028807006
0.0028418473
0.0019870729
0.007878911
0.0027502642
0.004651305
0.0019093661
0.0020064996
0.002667007
0.0054783267
0.0025226946
0.014447907
0.0027114109
0.0045763734
0.0018427604
0.0016706954
0.0022368447
0.0018011318
0.0016623697
0.0016651449
0.0028196455
0.0027280624
0.0019010404
0.0017317507
0.0020647796
0.0017456269
0.002136936
0.0018316593
0.002561548
0.0017789298
0.001504181
0.0017900307
0.0019509948
0.002100858
0.0015985391
0.0021119588
0.0020897568
0.0019149167
0.0016817964
0.0019149167
0.0023506295
0.0017900307
0.0018982652
0.0018011318
0.0018233337
0.0016790212
0.0016346172
0.0019232424
0.001851086
0.0017872555
0.0017622784
0.0015902134
0.002045353
0.0018594118
0.0016540439
0.0015929886
0.002264597
0.0016845716
0.001723425
0.0017761546
0.002000949
0.001998174
0.002250721
0.0018594118
0.004215592
0.0025948507
0.0022673723
0.0025310202
0.0042100414
0.001942669
0.0023312028
0.003413547
0.002286799
0.0021341608
0.001770604
0.0017955813
0.06474916
0.0019926233
0.0020620045
0.0018677375
0.0024311116
0.0018205584
0.00264203
0.0020037245
0.0021424864
0.0017567279
0.0018816137
0.0018732881
0.0022812486
0.0018261089
0.0017039983
0.0017456269
0.0022118676
0.0015319333
0.0018982652
0.0017289754
0.0024893917
0.0018316593
0.0018594118
0.0019482195
0.0021896656
0.002192441
0.0015014056
0.0017539526
0.0050981184
0.0027086358
0.00201205
0.0034607262
0.0035661852
0.0017206498
0.0017511774
0.0020259263
0.0026808833
0.0017761546
0.0017872555
0.0019731966
0.004090706
0.0017289754
0.0018899394
0.0023645058
0.0038908885
0.0018594118
0.0019315681
0.0022257436
0.005100894
0.0024172354
0.0031637754
0.01620741
0.21995814
5.580357e-06
1.3950893e-06
0.0
9.765625e-06
0.0
0.0
1.3950893e-06
6.9754465e-06
2.7901785e-06
4.1852677e-06
1.3950893e-06
0.040001396
1.3950893e-06
5.580357e-06
0.0
0.005330636
3.6272322e-05
5.580357e-06
1.8136161e-05
1.8136161e-05
1.3950893e-05
4.1852677e-06
1.953125e-05
1.3950893e-05
4.1852677e-06
1.3950893e-05
1.3950893e-06
1.3950893e-05
1.1160714e-05
4.1852677e-06
0.00020507812
0.008240792
2.6506696e-05
1.1160714e-05
2.2321428e-05
7.672991e-05
3.0691965e-05
0.00013253349
9.9051336e-05
2.9296874e-05
2.7901786e-05
6.9754465e-06
6.9754465e-06
0.0024483816
1.1160714e-05
6.9754465e-06
0.0002511161
0.009405692
5.4408483e-05
6.8359375e-05
9.765625e-05
7.952009e-05
3.90625e-05
0.00021623884
9.347098e-05
2.2321428e-05
4.6037945e-05
1.674107e-05
1.953125e-05
0.0010114397
0.00021484375
2.5111607e-05
1.8136161e-05
0.0047739954
9.4866075e-05
9.4866075e-05
5.4408483e-05
9.9051336e-05
5.719866e-05
0.00021902901
0.000103236605
6.55692e-05
1.3950893e-05
2.9296874e-05
1.1160714e-05
1.674107e-05
1.953125e-05
1.1160714e-05
5.0223214e-05
0.004638672
8.370536e-05
0.00011858259
2.6506696e-05
8.231027e-05
3.348214e-05
0.00015206473
0.00012695312
7.533482e-05
6.4174106e-05
3.4877234e-05
1.8136161e-05
4.8828126e-05
6.277902e-05
1.3950893e-05
0.00013392857
0.00017020089
1.2555804e-05
8.649554e-05
2.092634e-05
0.00010184152
4.8828126e-05
5.580357e-06
2.5111607e-05
6.138393e-05
4.1852677e-06
6.9754465e-06
6.9754465e-06
0.002077288
9.347098e-05
2.5111607e-05
0.00011021205
0.0036788504
1.2555804e-05
0.00015764509
8.231027e-05
9.0680805e-05
5.301339e-05
0.0004268973
0.00025390624
1.3950893e-05
0.00016601563
1.5345982e-05
3.4877234e-05
0.00010044643
5.1618303e-05
8.5100444e-05
0.00049107143
0.0065890066
9.4866075e-05
0.00017159598
0.00072544644
0.0005022322
0.0002734375
0.0011579241
0.0005998884
0.00018136161
5.859375e-05
7.952009e-05
0.000103236605
0.00053571427
6.696428e-05
0.0001422991
0.00014648438
0.0050041853
6.696428e-05
0.0010518973
0.00101423
0.0007617187
0.00040039062
0.0029157365
0.0014732142
0.0001422991
0.00015345983
9.0680805e-05
9.347098e-05
0.00010881697
0.00038643973
0.0002594866
0.00036272322
0.004421038
6.975447e-05
0.00078543526
0.0003655134
0.00045898437
0.0003780692
0.0019628906
0.0011272321
0.0003515625
0.00046316965
0.0002469308
0.0002734375
0.00047154017
0.0002999442
0.00031529018
0.0022949218
0.002654855
0.00029436385
0.0005566406
0.0045200894
0.000765904
0.00064034597
0.0011118861
0.00094029016
0.0007784598
0.0004924665
0.00033621653
0.00033482144
0.0015039062
0.0004185268
0.0005719866
0.0012220982
0.0058356584
0.00083844864
0.00037109375
0.0021888951
0.0047223773
0.0039732144
0.0037486048
0.003141741
0.0072614397
0.0018010603
0.0007798549
0.00109375
0.005839844
0.0008663504
0.0016908483
0.004418248
0.030129744
0.0048367744
0.002234933
0.0031389508
0.012857143
0.008599331
0.004015067
0.005968192
0.023867188
0.001967076
0.0021637834
0.0018066406
0.0190053
0.0030594307
0.0080329245
0.01688895
0.00484375
0.0009137835
0.00062779017
0.0009249442
0.0017801339
0.0012625558
0.0010114397
0.0009667969
0.0034598215
0.0005719866
0.0008468192
0.0008244978
0.0027315847
0.0010351562
0.0012876674
0.002625558
0.026305804
0.025048828
0.02546038
0.025260882
0.025719866
0.025417132
0.026160715
0.025160436
0.026316965
0.025975168
0.025673829
0.025139509
0.026757812
0.025041852
0.025828684
0.026160715
1336.0
11.651197
15566.0
0.028844919
0.0035975846
0.003212129
0.007323654
0.0042400104
0.0067454707
0.0037260696
0.003533342
0.0040472825
0.004175768
0.0034690993
0.002762431
0.003533342
0.0040472825
0.00796608
0.0042400104
0.009058204
0.008287293
0.008608506
0.008030322
0.009957599
0.010535783
0.013233972
0.010856996
0.009443659
0.014390338
0.01169215
0.012912759
0.010278813
0.013041244
0.0138121545
0.009315174
0.0072594117
0.01419761
0.010086085
0.011627907
0.007901837
0.010086085
0.014775793
0.010343055
0.008415778
0.012270332
0.00796608
0.008287293
0.00970063
0.008672749
0.011756392
0.008158808
0.010150327
0.008480021
0.008608506
0.008929718
0.0068097133
0.007644867
0.009636387
0.005524862
0.0072594117
0.006424258
0.002890916
0.005781832
0.005524862
0.0040472825
0.005010921
0.007002441
0.005524862
0.020621868
0.008030322
0.016895799
0.017088527
0.04015161
0.012398818
0.010407298
0.014583066
0.021457022
0.0060388027
0.009443659
0.02839522
0.013490941
0.025440061
0.024540665
0.014261853
0.005396377
0.023063086
0.01715277
0.032057047
0.015353977
0.009572145
0.009186689
0.009507902
0.008287293
0.004753951
0.0065527433
0.010664268
0.0073878965
0.006873956
0.0052678916
6.3448935
0.0
0.0
0.0
3.0
360329.0
274432.0
1.0
0.0
65.0
1.0
1.0
0.0
0.0
0.0
1329399600.0
0.0
0.0
0.0
0.0
0.0
1.0
0.0
0.0
0.0
0.0
0.0
0.0
-1.0
1.0
-1.0
-1.0
0.0
0.0
0.0
0.0
0.0
0.0
0.0
0.0
0.0
0.0
0.0
0.0
-1.0
0.0
0.0
0.0
0.0
0.0
0.0
0.0
0.0
0.0
0.0
0.0
0.0
-1.0
0.0
0.0
0.0
0.0
0.0
0.0
0.0
0.0
0.0
0.0
6.0
0.0
4.0
0.0
4.0
0.0
155648.0
4096.0
4096.0
6.0
0.0
0.0
1.0
2.0
0.0
0.0
0.0
0.0
0.0
-8192.0
0.0
0.0
0.0
0.0
0.0
0.0
0.0
0.0
8192.0
0.0
0.0
0.0
0.0
0.0
0.0
0.0
0.0
0.0
0.0
0.0
0.0
0.0
0.0
0.0
0.0
0.0
-8192.0
0.0
0.0
0.0
0.0
0.0
0.0
0.0
0.0
-155648.0
-4096.0
12288.0
0.0
0.0
0.0
0.0
0.0
0.0
0.0
0.0
0.0
0.0
0.0
-5.9692855
0.0
0.0
0.0
0.0
0.0
0.0
0.0
0.0
5.06178
0.0
0.0
0.0
0.0
0.0
0.0
0.0
0.0
0.0
0.0
0.0
0.0
0.0
0.0
0.0
0.0
0.0
-0.8712558
0.0
0.0
0.0
0.0
0.0
0.0
0.0
0.0
-3.8905249
-4.2082253
2.6595054
0.0
0.0
0.0
0.0
0.0
0.0
0.0
0.0
0.0
0.0
0.0
-5041.0
0.0
0.0
0.0
0.0
0.0
0.0
0.0
0.0
7190.0
0.0
0.0
0.0
0.0
0.0
0.0
0.0
0.0
0.0
0.0
0.0
0.0
0.0
0.0
0.0
0.0
0.0
-78372.0
0.0
0.0
0.0
0.0
0.0
0.0
0.0
0.0
-153280.0
-2633.0
10640.0
0.0
0.0
0.0
0.0
0.0
0.0
0.0
0.0
0.0
-1.0
0.0
0.0
0.0
0.0
0.0
1.0
0.0
0.0
0.0
0.0
0.0
0.0
0.0
0.0
0.0
0.0
0.0
0.0
0.0
0.0
0.0
0.0
0.0
0.0
0.0
0.0
0.0
0.0
0.0
0.0
0.0
0.0
0.0
0.0
0.0
-2.0
0.0
0.0
0.0
1.0
0.0
0.0
0.0
0.0
0.0
0.0
0.0
0.0
0.0
0.0
0.0
0.0
0.0
0.0
0.0
0.0
0.0
0.0
0.0
-1.0
0.0
0.0
0.0
0.0
0.0
0.0
0.0
0.0
0.0
1.0
0.0
0.0
0.0
0.0
1.0
0.0
0.0
0.0
0.0
0.0
0.0
0.0
0.0
0.0
0.0
0.0
0.0
0.0
0.0
0.0
0.0
0.0
0.0
0.0
0.0
0.0
0.0
0.0
0.0
0.0
0.0
0.0
0.0
0.0
0.0
0.0
0.0
0.0
0.0
0.0
0.0
0.0
0.0
0.0
0.0
0.0
0.0
0.0
0.0
0.0
0.0
0.0
0.0
0.0
0.0
0.0
-1.0
0.0
0.0
0.0
0.0
0.0
0.0
0.0
0.0
0.0
0.0
0.0
0.0
-1.0
0.0
0.0
0.0
0.0
0.0
0.0
0.0
0.0
0.0
0.0
0.0
0.0
0.0
0.0
0.0
0.0
0.0
0.0
0.0
0.0
0.0
0.0
0.0
0.0
0.0
0.0
0.0
0.0
0.0
0.0
0.0
0.0
0.0
0.0
0.0
0.0
0.0
0.0
0.0
0.0
0.0
0.0
0.0
0.0
0.0
0.0
0.0
0.0
0.0
0.0
0.0
0.0
0.0
0.0
0.0
0.0
-1.0
0.0
0.0
0.0
0.0
0.0
0.0
0.0
0.0
0.0
0.0
0.0
0.0
0.0
0.0
0.0
0.0
1.0
0.0
0.0
0.0
0.0
0.0
0.0
0.0
0.0
0.0
0.0
0.0
0.0
0.0
0.0
0.0
0.0
0.0
0.0
0.0
0.0
0.0
0.0
0.0
0.0
0.0
0.0
0.0
0.0
0.0
0.0
0.0
0.0
0.0
0.0
0.0
0.0
0.0
0.0
0.0
0.0
0.0
0.0
0.0
0.0
0.0
0.0
0.0
0.0
0.0
0.0
0.0
0.0
0.0
0.0
0.0
0.0
0.0
0.0
0.0
0.0
0.0
0.0
0.0
0.0
0.0
0.0
0.0
0.0
0.0
0.0
0.0
0.0
0.0
0.0
0.0
0.0
0.0
0.0
0.0
0.0
0.0
0.0
0.0
0.0
0.0
0.0
0.0
0.0
0.0
0.0
0.0
0.0
0.0
0.0
0.0
0.0
0.0
0.0
0.0
0.0
0.0
0.0
0.0
0.0
0.0
0.0
0.0
0.0
0.0
0.0
0.0
0.0
0.0
0.0
0.0
0.0
0.0
0.0
0.0
0.0
0.0
0.0
0.0
0.0
0.0
0.0
0.0
0.0
0.0
0.0
0.0
0.0
0.0
0.0
0.0
0.0
0.0
0.0
0.0
-1.0
0.0
0.0
0.0
0.0
0.0
0.0
0.0
0.0
0.0
0.0
0.0
1.0
0.0
0.0
0.0
0.0
0.0
0.0
0.0
0.0
0.0
0.0
0.0
0.0
0.0
0.0
0.0
0.0
0.0
0.0
0.0
0.0
0.0
0.0
0.0
0.0
0.0
0.0
0.0
0.0
-1.0
0.0
0.0
0.0
0.0
0.0
0.0
0.0
0.0
0.0
0.0
0.0
0.0
0.0
0.0
0.0
0.0
0.0
0.0
0.0
0.0
0.0
0.0
0.0
0.0
0.0
0.0
0.0
0.0
0.0
0.0
0.0
0.0
0.0
0.0
0.0
0.0
0.0
0.0
0.0
0.0
0.0
0.0
0.0
0.0
0.0
0.0
0.0
0.0
0.0
0.0
0.0
0.0
0.0
0.0
0.0
0.0
0.0
0.0
0.0
0.0
0.0
0.0
0.0
1.0
0.0
0.0
0.0
0.0
0.0
0.0
0.0
0.0
0.0
0.0
0.0
0.0
0.0
0.0
0.0
0.0
0.0
0.0
0.0
0.0
0.0
0.0
0.0
0.0
-1.0
0.0
0.0
0.0
0.0
0.0
0.0
0.0
0.0
0.0
0.0
0.0
0.0
0.0
0.0
0.0
0.0
0.0
0.0
0.0
0.0
0.0
0.0
0.0
0.0
0.0
0.0
0.0
0.0
0.0
0.0
0.0
0.0
0.0
0.0
0.0
0.0
0.0
0.0
0.0
0.0
0.0
0.0
0.0
0.0
0.0
0.0
0.0
0.0
0.0
0.0
0.0
0.0
0.0
0.0
0.0
0.0
0.0
0.0
0.0
0.0
0.0
0.0
0.0
0.0
0.0
0.0
0.0
0.0
0.0
0.0
0.0
0.0
0.0
0.0
0.0
0.0
0.0
0.0
0.0
0.0
0.0
0.0
0.0
0.0
0.0
0.0
0.0
0.0
0.0
-1.0
0.0
0.0
0.0
0.0
0.0
0.0
0.0
0.0
0.0
0.0
0.0
0.0
0.0
0.0
0.0
0.0
0.0
0.0
0.0
0.0
0.0
0.0
0.0
0.0
0.0
0.0
0.0
0.0
0.0
0.0
1.0
0.0
0.0
0.0
0.0
0.0
0.0
0.0
0.0
0.0
0.0
0.0
0.0
0.0
0.0
0.0
-1.0
0.0
0.0
0.0
0.0
0.0
0.0
0.0
0.0
0.0
0.0
0.0
-1.0
0.0
0.0
0.0
0.0
0.0
0.0
-1.0
0.0
0.0
0.0
0.0
0.0
0.0
0.0
0.0
0.0
0.0
0.0
0.0
0.0
0.0
0.0
0.0
0.0
0.0
0.0
0.0
0.0
0.0
0.0
0.0
0.0
0.0
0.0
0.0
0.0
0.0
0.0
0.0
0.0
0.0
0.0
-1.0
0.0
0.0
1.0
0.0
0.0
0.0
0.0
0.0
0.0
0.0
0.0
0.0
0.0
0.0
0.0
0.0
0.0
0.0
0.0
0.0
0.0
0.0
0.0
0.0
0.0
0.0
0.0
0.0
0.0
0.0
0.0
0.0
0.0
0.0
0.0
0.0
0.0
0.0
0.0
0.0
0.0
0.0
0.0
0.0
0.0
0.0
-1.0
0.0
0.0
0.0
-1.0
0.0
0.0
0.0
0.0
0.0
0.0
0.0
0.0
0.0
0.0
0.0
0.0
0.0
0.0
0.0
0.0
0.0
0.0
0.0
0.0
0.0
0.0
0.0
0.0
0.0
0.0
0.0
0.0
0.0
0.0
0.0
0.0
0.0
0.0
1.0
0.0
0.0
0.0
0.0
0.0
0.0
0.0
0.0
0.0
0.0
-1.0
0.0
1.0
0.0
0.0
0.0
0.0
0.0
0.0
0.0
0.0
0.0
0.0
0.0
0.0
0.0
0.0
0.0
0.0
0.0
0.0
0.0
0.0
0.0
0.0
0.0
0.0
0.0
0.0
0.0
0.0
1.0
0.0
0.0
0.0
0.0
0.0
0.0
0.0
0.0
0.0
0.0
0.0
0.0
0.0
0.0
0.0
0.0
0.0
0.0
0.0
0.0
0.0
0.0
0.0
0.0
0.0
0.0
0.0
0.0
0.0
0.0
0.0
0.0
0.0
0.0
0.0
0.0
0.0
0.0
-1.0
0.0
0.0
0.0
0.0
0.0
0.0
0.0
0.0
0.0
0.0
0.0
0.0
0.0
0.0
0.0
0.0
0.0
0.0
-1.0
0.0
0.0
0.0
0.0
0.0
0.0
0.0
0.0
0.0
0.0
0.0
0.0
0.0
0.0
0.0
0.0
0.0
0.0
0.0
0.0
0.0
0.0
0.0
0.0
0.0
0.0
0.0
0.0
0.0
0.0
0.0
0.0
0.0
0.0
0.0
0.0
0.0
0.0
0.0
0.0
0.0
0.0
0.0
0.0
0.0
0.0
0.0
0.0
0.0
0.0
0.0
0.0
1.0
0.0
0.0
0.0
0.0
0.0
0.0
0.0
0.0
0.0
0.0
0.0
0.0
0.0
0.0
0.0
1.0
0.0
0.0
-2.0
0.0
0.0
0.0
0.0
0.0
0.0
0.0
0.0
0.0
0.0
1.0
0.0
0.0
0.0
1.0
0.0
0.0
1.0
-1.0
0.0
0.0
0.0
0.0
0.0
0.0
0.0
0.0
0.0
0.0
0.0
-1.0
-1.0
0.0
0.0
0.0
0.0
0.0
1.0
0.0
0.0
0.0
0.0
0.0
0.0
0.0
0.0
0.0
0.0
0.0
0.0
0.0
0.0
0.0
0.0
0.0
1.0
0.0
1.0
0.0
0.0
0.0
0.0
0.0
0.0
0.0
0.0
0.0
0.0
0.0
0.0
0.0
0.0
-1.0
0.0
0.0
0.0
0.0
0.0
0.0
0.0
0.0
0.0
0.0
0.0
0.0
0.0
0.0
1.0
0.0
0.0
0.0
0.0
0.0
0.0
0.0
0.0
0.0
1.0
0.0
0.0
0.0
0.0
0.0
0.0
0.0
0.0
0.0
0.0
0.0
0.0
0.0
0.0
0.0
0.0
0.0
0.0
0.0
0.0
0.0
0.0
0.0
0.0
0.0
0.0
0.0
0.0
0.0
0.0
0.0
0.0
0.0
0.0
0.0
-1.0
0.0
0.0
-1.0
0.0
0.0
0.0
0.0
0.0
0.0
0.0
0.0
0.0
0.0
0.0
0.0
0.0
0.0
0.0
0.0
0.0
0.0
-1.0
0.0
0.0
0.0
0.0
1.0
0.0
0.0
0.0
0.0
0.0
0.0
1.0
0.0
0.0
0.0
0.0
0.0
0.0
0.0
0.0
0.0
0.0
0.0
0.0
0.0
0.0
0.0
0.0
0.0
0.0
0.0
0.0
-1.0
0.0
0.0
0.0
0.0
0.0
0.0
0.0
0.0
0.0
0.0
0.0
0.0
0.0
-1.0
-1.0
0.0
0.0
0.0
0.0
0.0
0.0
0.0
0.0
0.0
-1.0
0.0
0.0
0.0
0.0
0.0
0.0
0.0
0.0
0.0
0.0
0.0
-1.0
0.0
0.0
1.0
0.0
0.0
0.0
0.0
0.0
0.0
0.0
0.0
0.0
0.0
0.0
0.0
0.0
0.0
0.0
0.0
-1.0
0.0
-1.0
1.0
0.0
0.0
0.0
0.0
1.0
0.0
0.0
0.0
0.0
0.0
0.0
0.0
0.0
0.0
0.0
0.0
0.0
1.0
0.0
0.0
0.0
-1.0
0.0
0.0
0.0
0.0
0.0
0.0
0.0
0.0
1.0
0.0
0.0
0.0
0.0
0.0
0.0
0.0
0.0
0.0
0.0
0.0
0.0
0.0
0.0
0.0
0.0
0.0
1.0
0.0
0.0
0.0
0.0
0.0
0.0
-1.0
0.0
0.0
0.0
0.0
0.0
0.0
0.0
0.0
0.0
0.0
0.0
0.0
0.0
0.0
0.0
0.0
0.0
0.0
0.0
0.0
0.0
0.0
-1.0
0.0
0.0
0.0
0.0
0.0
0.0
0.0
0.0
0.0
0.0
0.0
0.0
0.0
0.0
0.0
0.0
0.0
0.0
0.0
0.0
0.0
0.0
0.0
-1.0
0.0
0.0
0.0
0.0
0.0
0.0
0.0
0.0
0.0
0.0
0.0
0.0
0.0
0.0
0.0
0.0
0.0
0.0
0.0
0.0
0.0
0.0
0.0
0.0
0.0
-1.0
-1.0
0.0
0.0
0.0
0.0
0.0
0.0
0.0
0.0
0.0
0.0
0.0
0.0
0.0
0.0
0.0
0.0
0.0
0.0
0.0
0.0
0.0
0.0
0.0
0.0
-1.0
0.0
0.0
0.0
0.0
0.0
0.0
0.0
0.0
0.0
0.0
0.0
0.0
0.0
0.0
0.0
0.0
0.0
0.0
0.0
0.0
0.0
0.0
0.0
0.0
0.0
0.0
0.0
0.0
0.0
0.0
0.0
0.0
0.0
0.0
0.0
0.0
0.0
0.0
0.0
0.0
0.0
0.0
0.0
0.0
0.0
0.0
0.0
0.0
0.0
0.0
0.0
0.0
0.0
0.0
0.0
0.0
0.0
0.0
0.0
0.0
0.0
0.0
0.0
0.0
0.0
0.0
0.0
0.0
0.0
0.0
0.0
0.0
0.0
0.0
0.0
0.0
0.0
0.0
0.0
0.0
0.0
0.0
0.0
0.0
0.0
0.0
0.0
0.0
0.0
0.0
0.0
0.0
0.0
0.0
0.0
0.0
0.0
0.0
0.0
0.0
0.0
0.0
0.0
0.0
0.0
0.0
0.0
0.0
0.0
0.0
0.0
0.0
0.0
0.0
0.0
0.0
0.0
0.0
0.0
0.0
0.0
0.0
0.0
0.0
0.0
0.0
0.0
0.0
0.0
0.0
0.0
0.0
0.0
0.0
0.0
0.0
0.0
0.0
0.0
0.0
0.0
0.0
0.0
0.0
0.0
0.0
0.0
0.0
0.0
0.0
0.0
0.0
0.0
0.0
0.0
0.0
0.0
0.0
0.0
0.0
0.0
0.0
0.0
0.0
0.0
0.0
0.0
0.0
100.0
249856.0
10640.0
253952.0
0.0
0.0
0.0
0.0
4028.0
266240.0
28.0
159744.0
0.0
0.0
0.0
0.0
0.0
0.0
0.0
0.0
0.0
0.0
484.0
250440.0
0.0
0.0
0.0
0.0
