0.33638078
0.006813527
0.0038745578
0.0036671013
0.0057070917
0.0028413425
0.001954567
0.0019464315
0.0067057307
0.0017308393
0.0016047382
0.0015681281
0.0048691295
0.0024162596
0.0013138921
0.00482235
0.004405403
0.0014033832
0.0011633843
0.0010637238
0.0031301547
0.004364725
0.0011938927
0.000931521
0.0019220248
0.0013444003
0.0012081298
0.0010555882
0.0015742298
0.0010860965
0.0010006732
0.0012854176
0.004122692
0.0010332154
0.0011186388
0.0010657577
0.0025606658
0.0010494866
0.00087253825
0.0009620293
0.0015660942
0.00094169046
0.00083592825
0.0013708409
0.0013993154
0.0009742327
0.0012366043
0.0008623688
0.001755246
0.0010006732
0.0010535544
0.003343713
0.0012935532
0.0011247405
0.00091524987
0.00095999544
0.0014521965
0.0015620264
0.00095796154
0.0022942263
0.0014298237
0.0014298237
0.000894911
0.0009783005
0.0021396508
0.0019749058
0.001993211
0.009591819
0.0066365786
0.015231792
0.0017796525
0.001295587
0.0019301603
0.0011898249
0.0011430454
0.0009721988
0.0017430426
0.011340963
0.0012691466
0.0011572826
0.00810708
0.0046698083
0.004509131
0.0028372747
0.0022332098
0.005387771
0.0023125315
0.002064397
0.0014908403
0.0026989703
0.0008420299
0.0011837232
0.002597276
0.002119312
0.0014867726
0.0012040621
0.001789822
0.0027315125
0.0010921982
0.0019850754
0.0031321885
0.005373534
0.0024060903
0.0012976209
0.005133535
0.0032237135
0.00562777
0.0012549093
0.0033091367
0.0014643999
0.0035186273
0.0039009985
0.0023308364
0.00087457214
0.0042284545
0.0032603235
0.00813352
0.0063884445
0.0014684676
0.0016515176
0.0016901614
0.0013444003
0.0009396566
0.000931521
0.0015111793
0.002924732
0.0011430454
0.0011796554
0.0027132074
0.0018223643
0.0010637238
0.010311816
0.0025708352
0.0067911544
0.0009762666
0.0016413481
0.0021640575
0.008174199
0.0019443976
0.019478552
0.0016840599
0.0197816
0.00087660603
0.0010901643
0.0014481287
0.0008562671
0.0008888093
0.0012650788
0.001863042
0.0028820203
0.0010433849
0.00083999604
0.0015132132
0.0009030466
0.0007688099
0.0008989788
0.0014460948
0.00095796154
0.00084813155
0.00075864047
0.0016006704
0.0018488048
0.00081355544
0.001334231
0.001295587
0.0010189782
0.00092338544
0.0008969449
0.0014094849
0.0008542332
0.0008562671
0.0008969449
0.0015213487
0.00081152155
0.0008562671
0.00081355544
0.0025626996
0.0010250799
0.0014725354
0.0013647393
0.0021599897
0.000931521
0.0015762637
0.0010128765
0.0019098214
0.00090508047
0.00083999604
0.00079525047
0.0012935532
0.001023046
0.0011247405
0.0009783005
0.004584385
0.002025753
0.0014033832
0.0027721901
0.0045376057
0.0012793159
0.0058860737
0.004025066
0.0023267686
0.001496942
0.0011369438
0.0008074538
0.0065308167
0.00090711436
0.00091931765
0.0008623688
0.0017938898
0.0010840626
0.0012630449
0.0011308421
0.0016413481
0.00083389436
0.0008623688
0.00083186047
0.002300328
0.000858301
0.0007830471
0.0010352493
0.0019077875
0.0009010127
0.0007871149
0.00090711436
0.0027864275
0.0009376227
0.0010067748
0.0008644027
0.0024203274
0.0013240615
0.0009640632
0.0009884699
0.015229758
0.0047796383
0.00094372436
0.0032440524
0.0041369293
0.00088067376
0.00095185987
0.00079525047
0.0034250685
0.00095999544
0.00087253825
0.0010210121
0.0023979547
0.0008176232
0.0015538909
0.0014216881
0.0028454103
0.002117278
0.0011979605
0.001551857
0.010433849
0.0032094764
0.007907759
0.059454635
0.22964509
0.0
0.0
0.0
0.0
0.0
0.0
0.0
0.0
0.0
0.0
0.0
0.0
0.0
0.0
0.0
0.0
0.0
0.0
0.0
0.0
0.0
0.0
0.0
0.0
0.0
0.0
0.0
0.0
0.0
0.0
0.0
0.0018950206
0.0
8.155011e-06
5.0968815e-06
3.567817e-05
8.155011e-06
7.3395095e-05
4.689131e-05
0.0
0.0
0.0
0.0
1.5290645e-05
0.0
0.0
0.0
0.0018593423
3.6697547e-05
2.1406902e-05
3.0581289e-06
3.87363e-05
1.4271268e-05
2.9561912e-05
4.0775052e-05
1.0193763e-06
2.0387527e-06
3.0581289e-06
1.22325155e-05
1.0193763e-05
7.135634e-06
4.0775053e-06
4.0775053e-06
0.0017400753
1.3251892e-05
9.174387e-06
1.3251892e-05
5.708507e-05
0.00013863518
1.0193763e-05
1.22325155e-05
1.22325155e-05
1.22325155e-05
1.3251892e-05
1.1213139e-05
1.0193763e-05
1.1213139e-05
1.22325155e-05
1.1213139e-05
0.008282432
0.0001590227
0.00017125522
5.9123824e-05
0.00028848348
9.174387e-05
0.00033333607
0.00023037904
5.3007567e-05
0.00010091825
8.562761e-05
5.0968814e-05
0.00011518952
6.5240085e-05
7.237572e-05
0.0002793091
0.0031009428
4.7910686e-05
2.752316e-05
2.6503783e-05
0.00022528216
5.3007567e-05
2.752316e-05
3.7716924e-05
0.0001294608
4.383318e-05
3.7716924e-05
4.4852557e-05
9.072449e-05
3.1600666e-05
6.625946e-05
0.00018450711
0.008505676
0.000300716
0.0005443469
0.00014169331
0.00076351286
0.00022834029
0.0015382388
0.001124372
0.00015188707
0.00016513896
8.9705114e-05
9.276324e-05
0.00018654586
7.3395095e-05
0.00014067393
0.00056677323
0.0119430125
0.00073700905
0.00065749773
0.0003618786
0.0026544558
0.0018552649
0.0046901503
0.0029949276
0.00060041266
0.0008970511
0.00018246836
0.000108053886
0.00012232516
0.00013863518
0.00011315077
0.0011712634
0.012704487
0.00043323493
0.0016840097
0.00057798636
0.0036228634
0.0021580197
0.009596408
0.0056901583
0.00041998303
0.00026911535
0.00023751467
0.00017125522
0.00019572025
0.00018246836
0.00015392582
0.0015688201
0.006444497
0.00014882894
0.00094394246
0.00052294007
0.001541297
0.001313976
0.005205955
0.00302347
0.00021203027
0.0001549452
0.00020591401
0.00013557705
0.00014475144
0.00014475144
0.00019164274
0.0005423082
0.0021763684
0.00021101089
0.00016615834
0.00027319285
0.0003129485
0.000197759
0.0001508677
0.00014780957
0.0007074472
0.00021712715
0.00022732091
0.00020999151
0.00024159218
0.0002497472
0.00047604874
0.0023853406
0.009845137
0.0015698395
0.0010958295
0.0012212128
0.0040428466
0.0022558798
0.0014454756
0.0012701428
0.009630048
0.0018165286
0.0013883905
0.0014057199
0.0031600664
0.0010825776
0.0048715994
0.016529188
0.05387404
0.010956257
0.0044302093
0.0053884233
0.028808594
0.019609742
0.011145861
0.007696291
0.04551821
0.005093823
0.0045362245
0.007544404
0.019829927
0.0052915826
0.019059278
0.053931125
0.025519066
0.004989847
0.0031712798
0.0051977998
0.00992057
0.009100991
0.0041294936
0.008979686
0.016760586
0.001763521
0.0020030744
0.0024648518
0.008702416
0.0029358037
0.008534218
0.015263122
0.009672862
0.008555626
0.009064294
0.008698338
0.009145844
0.008805373
0.008860419
0.008703435
0.009085701
0.008689163
0.008780908
0.008761539
0.008749307
0.008745229
0.008655524
0.00898886
1629.0
15.900553
25902.0
0.03806656
0.0009265694
0.0015056753
0.0012354258
0.0018145317
0.0025866728
0.0015056753
0.0032429928
0.0030113505
0.0025866728
0.0014284612
0.0016214964
0.0025866728
0.0025480657
0.0077986256
0.0026638869
0.0042081694
0.002702494
0.0042853835
0.004015134
0.0024708516
0.0011196047
0.0029341364
0.0020461741
0.0017373175
0.0021619953
0.0025480657
0.0014670682
0.0016214964
0.0016987105
0.0010423906
0.0014284612
0.0018145317
0.014477647
0.0035518492
0.012817543
0.008841016
0.0098061925
0.007335341
0.004748668
0.003976527
0.0063701645
0.0015442823
0.0023164235
0.005482202
0.0077214115
0.004864489
0.006061308
0.008609374
0.0023164235
0.0089568375
0.026445834
0.008647981
0.0032815998
0.011890974
0.013821326
0.0015828894
0.0029341364
0.0010037835
0.0017759246
0.024361053
0.002007567
0.0013126399
0.003320207
0.0025866728
0.035981778
0.0074897693
0.023666127
0.023395877
0.07841093
0.014632075
0.010308084
0.01023087
0.04567215
0.0035132421
0.0036290635
0.033665355
0.012045402
0.049417034
0.060111187
0.014632075
0.0019689598
0.058721334
0.042969655
0.0612694
0.024978766
0.006679021
0.01247008
0.008107482
0.008609374
0.0015828894
0.0013126399
0.0009265694
0.0019303529
0.0010423906
0.0014284612
5.5331554
11.0
4.0
6.0
5.0
491669.0
217088.0
0.0
0.0
2.0
1.0
1.0
0.0
0.0
0.0
1155406700.0
0.0
0.0
0.0
0.0
0.0
1.0
0.0
0.0
0.0
0.0
0.0
0.0
-1.0
0.0
-1.0
-1.0
0.0
0.0
0.0
0.0
0.0
0.0
0.0
0.0
0.0
0.0
0.0
0.0
-1.0
0.0
0.0
0.0
0.0
0.0
0.0
0.0
0.0
0.0
0.0
0.0
0.0
-1.0
0.0
0.0
0.0
0.0
0.0
0.0
0.0
0.0
0.0
0.0
6.0
0.0
4.0
0.0
4.0
0.0
0.0
4096.0
4096.0
5.0
0.0
0.0
0.0
5.0
0.0
0.0
0.0
0.0
0.0
0.0
0.0
0.0
0.0
0.0
0.0
0.0
0.0
0.0
0.0
0.0
0.0
-80384.0
0.0
0.0
0.0
0.0
0.0
0.0
0.0
0.0
0.0
0.0
0.0
0.0
0.0
0.0
0.0
0.0
0.0
0.0
0.0
0.0
0.0
0.0
0.0
0.0
0.0
512.0
0.0
0.0
0.0
0.0
0.0
0.0
0.0
0.0
0.0
0.0
0.0
0.0
0.0
0.0
0.0
0.0
0.0
0.0
0.0
0.0
0.0
0.0
0.0
-30.829527
0.0
0.0
0.0
0.0
0.0
0.0
0.0
0.0
0.0
0.0
0.0
0.0
0.0
0.0
0.0
0.0
0.0
0.0
0.0
0.0
0.0
0.0
0.0
0.0
0.0
4.674848
0.0
0.0
0.0
0.0
0.0
0.0
0.0
0.0
0.0
0.0
0.0
0.0
0.0
0.0
0.0
0.0
0.0
0.0
0.0
0.0
0.0
0.0
0.0
-200704.0
0.0
0.0
0.0
0.0
0.0
0.0
0.0
0.0
0.0
0.0
0.0
0.0
0.0
0.0
0.0
0.0
0.0
0.0
0.0
0.0
0.0
0.0
0.0
0.0
0.0
12288.0
0.0
0.0
0.0
0.0
0.0
0.0
0.0
0.0
0.0
0.0
0.0
0.0
0.0
0.0
0.0
0.0
0.0
0.0
0.0
0.0
0.0
0.0
0.0
0.0
0.0
0.0
0.0
0.0
0.0
0.0
0.0
0.0
0.0
0.0
0.0
0.0
0.0
0.0
0.0
0.0
0.0
0.0
0.0
0.0
0.0
0.0
0.0
0.0
0.0
0.0
0.0
0.0
0.0
0.0
0.0
0.0
0.0
0.0
0.0
0.0
0.0
0.0
0.0
0.0
0.0
0.0
0.0
0.0
0.0
0.0
0.0
0.0
0.0
0.0
0.0
0.0
0.0
0.0
0.0
0.0
0.0
0.0
0.0
0.0
0.0
0.0
0.0
0.0
0.0
0.0
0.0
0.0
0.0
0.0
0.0
0.0
0.0
0.0
0.0
0.0
0.0
0.0
0.0
0.0
0.0
0.0
0.0
0.0
0.0
0.0
0.0
0.0
0.0
0.0
0.0
0.0
0.0
0.0
0.0
0.0
0.0
0.0
0.0
0.0
0.0
0.0
0.0
0.0
0.0
0.0
0.0
0.0
0.0
0.0
0.0
0.0
-1.0
0.0
0.0
0.0
0.0
0.0
0.0
0.0
0.0
0.0
0.0
0.0
0.0
0.0
0.0
0.0
0.0
0.0
0.0
0.0
0.0
0.0
0.0
0.0
0.0
0.0
0.0
0.0
0.0
0.0
0.0
0.0
0.0
0.0
0.0
0.0
0.0
0.0
0.0
0.0
0.0
0.0
0.0
0.0
0.0
0.0
0.0
0.0
0.0
0.0
0.0
0.0
0.0
0.0
0.0
0.0
0.0
0.0
0.0
0.0
0.0
0.0
0.0
0.0
0.0
0.0
0.0
0.0
0.0
0.0
0.0
0.0
0.0
0.0
0.0
0.0
0.0
0.0
0.0
0.0
0.0
0.0
0.0
0.0
0.0
0.0
0.0
1.0
0.0
0.0
0.0
0.0
0.0
0.0
0.0
0.0
0.0
0.0
0.0
0.0
0.0
0.0
0.0
0.0
0.0
0.0
0.0
0.0
0.0
0.0
0.0
0.0
0.0
0.0
0.0
0.0
0.0
0.0
0.0
0.0
0.0
0.0
0.0
0.0
0.0
0.0
0.0
0.0
0.0
0.0
0.0
0.0
0.0
0.0
0.0
0.0
0.0
0.0
0.0
0.0
0.0
0.0
0.0
0.0
0.0
0.0
0.0
0.0
0.0
0.0
0.0
0.0
0.0
0.0
0.0
0.0
0.0
0.0
0.0
0.0
0.0
0.0
0.0
0.0
0.0
0.0
0.0
0.0
0.0
0.0
0.0
0.0
0.0
0.0
0.0
0.0
0.0
0.0
0.0
0.0
0.0
0.0
0.0
0.0
0.0
0.0
0.0
0.0
0.0
0.0
0.0
0.0
0.0
0.0
0.0
0.0
0.0
0.0
0.0
0.0
0.0
0.0
0.0
0.0
0.0
0.0
0.0
0.0
0.0
0.0
0.0
0.0
0.0
0.0
0.0
0.0
0.0
0.0
0.0
0.0
0.0
0.0
0.0
0.0
0.0
0.0
0.0
0.0
0.0
0.0
0.0
0.0
0.0
0.0
0.0
0.0
0.0
0.0
0.0
0.0
0.0
0.0
0.0
0.0
0.0
0.0
0.0
0.0
0.0
0.0
0.0
0.0
0.0
0.0
0.0
0.0
0.0
0.0
0.0
0.0
0.0
0.0
0.0
0.0
0.0
0.0
0.0
0.0
0.0
0.0
0.0
0.0
0.0
0.0
0.0
0.0
0.0
0.0
0.0
0.0
0.0
0.0
0.0
0.0
0.0
0.0
0.0
0.0
0.0
0.0
0.0
0.0
0.0
0.0
0.0
0.0
0.0
0.0
0.0
0.0
0.0
0.0
0.0
0.0
0.0
0.0
0.0
0.0
0.0
0.0
0.0
0.0
0.0
0.0
0.0
0.0
0.0
0.0
0.0
0.0
0.0
0.0
0.0
0.0
0.0
0.0
0.0
0.0
0.0
0.0
0.0
0.0
0.0
0.0
0.0
0.0
0.0
0.0
0.0
0.0
0.0
0.0
0.0
0.0
0.0
0.0
0.0
0.0
0.0
0.0
0.0
0.0
0.0
0.0
0.0
0.0
0.0
0.0
0.0
0.0
0.0
0.0
0.0
0.0
0.0
0.0
0.0
0.0
0.0
0.0
0.0
0.0
0.0
0.0
0.0
0.0
0.0
0.0
0.0
0.0
0.0
0.0
0.0
0.0
0.0
0.0
0.0
0.0
0.0
0.0
0.0
0.0
0.0
0.0
0.0
0.0
0.0
0.0
0.0
0.0
0.0
0.0
0.0
0.0
0.0
0.0
0.0
0.0
0.0
0.0
0.0
0.0
0.0
0.0
0.0
0.0
0.0
0.0
0.0
0.0
0.0
0.0
0.0
0.0
0.0
0.0
0.0
0.0
0.0
0.0
0.0
0.0
0.0
0.0
0.0
0.0
0.0
0.0
0.0
0.0
0.0
0.0
0.0
0.0
0.0
0.0
0.0
0.0
0.0
0.0
0.0
0.0
0.0
0.0
0.0
0.0
0.0
0.0
0.0
0.0
0.0
0.0
0.0
0.0
0.0
0.0
0.0
0.0
0.0
0.0
0.0
0.0
0.0
0.0
0.0
0.0
0.0
0.0
0.0
0.0
0.0
0.0
0.0
0.0
0.0
0.0
0.0
0.0
0.0
0.0
0.0
0.0
0.0
0.0
0.0
0.0
0.0
0.0
0.0
0.0
0.0
0.0
0.0
0.0
0.0
0.0
-1.0
0.0
0.0
0.0
0.0
0.0
0.0
0.0
0.0
0.0
0.0
0.0
0.0
0.0
0.0
0.0
0.0
0.0
0.0
0.0
0.0
0.0
0.0
0.0
0.0
0.0
0.0
0.0
0.0
0.0
0.0
0.0
0.0
0.0
0.0
0.0
0.0
0.0
0.0
0.0
0.0
0.0
0.0
0.0
0.0
0.0
0.0
0.0
0.0
0.0
0.0
0.0
0.0
0.0
0.0
0.0
0.0
0.0
0.0
0.0
0.0
0.0
0.0
0.0
0.0
0.0
0.0
0.0
0.0
0.0
0.0
0.0
0.0
0.0
0.0
0.0
0.0
0.0
0.0
0.0
0.0
0.0
0.0
0.0
0.0
0.0
0.0
0.0
0.0
0.0
0.0
0.0
0.0
0.0
0.0
0.0
0.0
0.0
0.0
0.0
0.0
0.0
0.0
0.0
0.0
0.0
0.0
0.0
0.0
0.0
0.0
0.0
0.0
0.0
0.0
0.0
0.0
0.0
0.0
0.0
0.0
0.0
0.0
0.0
0.0
0.0
0.0
0.0
0.0
1.0
0.0
0.0
0.0
0.0
0.0
0.0
0.0
0.0
0.0
0.0
0.0
0.0
0.0
0.0
0.0
0.0
0.0
0.0
0.0
0.0
0.0
0.0
0.0
0.0
0.0
0.0
0.0
0.0
0.0
0.0
0.0
0.0
0.0
0.0
0.0
0.0
0.0
0.0
0.0
0.0
0.0
0.0
0.0
0.0
0.0
0.0
0.0
0.0
0.0
0.0
0.0
0.0
0.0
0.0
0.0
0.0
0.0
0.0
0.0
0.0
0.0
0.0
0.0
0.0
0.0
0.0
0.0
0.0
0.0
0.0
0.0
0.0
0.0
0.0
0.0
0.0
0.0
0.0
0.0
0.0
0.0
0.0
0.0
0.0
0.0
0.0
0.0
0.0
0.0
0.0
0.0
0.0
0.0
0.0
0.0
0.0
0.0
0.0
0.0
0.0
0.0
0.0
0.0
0.0
0.0
0.0
0.0
0.0
0.0
0.0
0.0
0.0
0.0
0.0
0.0
0.0
0.0
0.0
0.0
0.0
0.0
0.0
0.0
0.0
0.0
0.0
0.0
0.0
0.0
0.0
0.0
0.0
0.0
0.0
0.0
0.0
0.0
0.0
0.0
0.0
0.0
0.0
0.0
0.0
0.0
0.0
0.0
0.0
0.0
0.0
0.0
0.0
0.0
0.0
0.0
0.0
0.0
0.0
0.0
0.0
0.0
0.0
0.0
0.0
0.0
0.0
0.0
0.0
0.0
0.0
0.0
0.0
0.0
0.0
0.0
0.0
0.0
0.0
0.0
0.0
0.0
0.0
0.0
0.0
0.0
0.0
0.0
0.0
0.0
0.0
0.0
0.0
0.0
0.0
0.0
0.0
0.0
0.0
0.0
0.0
0.0
0.0
0.0
0.0
0.0
0.0
0.0
0.0
0.0
0.0
0.0
0.0
0.0
0.0
0.0
0.0
0.0
0.0
0.0
0.0
0.0
0.0
0.0
0.0
0.0
0.0
0.0
0.0
0.0
0.0
0.0
0.0
0.0
0.0
0.0
0.0
0.0
0.0
0.0
0.0
0.0
0.0
0.0
0.0
0.0
0.0
0.0
0.0
0.0
0.0
0.0
0.0
0.0
0.0
0.0
0.0
0.0
0.0
0.0
0.0
0.0
0.0
0.0
0.0
0.0
0.0
0.0
0.0
0.0
0.0
0.0
0.0
0.0
0.0
0.0
0.0
0.0
0.0
0.0
0.0
0.0
0.0
0.0
0.0
0.0
0.0
0.0
0.0
0.0
0.0
0.0
0.0
0.0
0.0
0.0
0.0
0.0
0.0
0.0
0.0
0.0
0.0
0.0
0.0
0.0
0.0
0.0
0.0
0.0
0.0
0.0
0.0
0.0
0.0
0.0
0.0
0.0
0.0
0.0
0.0
0.0
0.0
0.0
0.0
0.0
0.0
0.0
0.0
0.0
0.0
0.0
0.0
0.0
0.0
0.0
0.0
0.0
0.0
0.0
0.0
0.0
0.0
0.0
0.0
0.0
0.0
0.0
0.0
0.0
0.0
0.0
0.0
0.0
0.0
0.0
0.0
0.0
0.0
0.0
0.0
0.0
0.0
0.0
0.0
0.0
0.0
0.0
0.0
0.0
0.0
0.0
0.0
0.0
0.0
0.0
0.0
0.0
0.0
0.0
0.0
0.0
0.0
0.0
0.0
0.0
0.0
0.0
0.0
0.0
0.0
0.0
0.0
0.0
0.0
0.0
0.0
0.0
0.0
0.0
0.0
0.0
0.0
0.0
0.0
0.0
0.0
0.0
0.0
0.0
0.0
0.0
0.0
0.0
0.0
0.0
0.0
0.0
0.0
0.0
0.0
0.0
0.0
0.0
0.0
0.0
0.0
0.0
0.0
0.0
0.0
0.0
0.0
0.0
0.0
0.0
0.0
0.0
0.0
0.0
0.0
0.0
0.0
0.0
0.0
0.0
0.0
0.0
0.0
0.0
0.0
0.0
0.0
0.0
0.0
0.0
0.0
0.0
0.0
0.0
0.0
0.0
0.0
0.0
0.0
0.0
0.0
0.0
0.0
0.0
0.0
0.0
0.0
0.0
0.0
0.0
0.0
0.0
0.0
0.0
0.0
0.0
0.0
0.0
0.0
0.0
0.0
0.0
0.0
0.0
0.0
0.0
0.0
0.0
0.0
0.0
0.0
0.0
0.0
0.0
0.0
0.0
0.0
0.0
0.0
0.0
0.0
0.0
0.0
0.0
0.0
0.0
0.0
0.0
0.0
0.0
0.0
0.0
0.0
0.0
0.0
0.0
0.0
0.0
0.0
0.0
0.0
0.0
0.0
0.0
0.0
0.0
0.0
0.0
0.0
0.0
0.0
0.0
0.0
0.0
0.0
0.0
0.0
0.0
0.0
0.0
0.0
0.0
0.0
0.0
0.0
0.0
0.0
0.0
0.0
0.0
0.0
0.0
0.0
0.0
0.0
0.0
0.0
0.0
0.0
0.0
0.0
0.0
0.0
0.0
0.0
0.0
0.0
0.0
0.0
0.0
0.0
0.0
0.0
0.0
0.0
0.0
0.0
0.0
0.0
0.0
0.0
0.0
0.0
0.0
0.0
0.0
0.0
0.0
0.0
0.0
0.0
0.0
0.0
0.0
0.0
0.0
0.0
0.0
0.0
0.0
0.0
0.0
0.0
0.0
0.0
0.0
0.0
0.0
0.0
0.0
0.0
0.0
0.0
0.0
0.0
0.0
0.0
0.0
0.0
0.0
0.0
0.0
0.0
0.0
0.0
0.0
0.0
0.0
0.0
0.0
0.0
0.0
0.0
0.0
0.0
0.0
0.0
0.0
0.0
0.0
0.0
0.0
0.0
0.0
0.0
0.0
0.0
0.0
0.0
0.0
0.0
0.0
0.0
0.0
0.0
0.0
0.0
0.0
0.0
0.0
0.0
0.0
0.0
0.0
0.0
0.0
0.0
0.0
0.0
0.0
0.0
0.0
0.0
0.0
0.0
0.0
0.0
0.0
0.0
0.0
0.0
0.0
0.0
0.0
0.0
0.0
0.0
0.0
0.0
0.0
0.0
0.0
0.0
0.0
0.0
0.0
0.0
0.0
0.0
0.0
0.0
0.0
0.0
0.0
0.0
0.0
0.0
0.0
0.0
0.0
0.0
0.0
0.0
0.0
0.0
0.0
0.0
0.0
0.0
0.0
0.0
0.0
0.0
0.0
0.0
0.0
0.0
0.0
0.0
0.0
0.0
0.0
0.0
0.0
0.0
0.0
0.0
0.0
0.0
156.0
203746.0
9358.0
184320.0
0.0
0.0
0.0
0.0
8.0
203902.0
0.0
0.0
0.0
0.0
0.0
0.0
0.0
0.0
0.0
0.0
0.0
0.0
0.0
0.0
0.0
0.0
0.0
0.0
