0.027189303
0.0025624668
0.0025581566
0.0011228303
0.0029611685
0.0024547097
0.008698164
0.0039352938
0.0022973842
0.0016594613
0.0019504058
0.0014956703
0.0015366181
0.0010517106
0.0024870369
0.0017198053
0.0013986888
0.0013814477
0.005282259
0.0018534244
0.0012780008
0.0121981185
0.005379241
0.009898579
0.0016874782
0.00156679
0.0024353133
0.025232432
0.0011357612
0.015732555
0.0011723987
0.009463239
0.0014417917
0.000909471
0.005678806
0.00074783515
0.001400844
0.0014223953
0.0013318793
0.0013297242
0.00089869526
0.0008771438
0.0010193833
0.00072412856
0.0007499903
0.000894385
0.00095472904
0.0010948135
0.00085343723
0.0010452451
0.0015861864
0.0010387796
0.0007499903
0.00088791957
0.001012918
0.0007974035
0.0009202467
0.0009374879
0.0013555859
0.00083619606
0.0011292958
0.0011400714
0.0009590393
0.0009331776
0.0010818825
0.0033555601
0.0011616229
0.00328013
0.0009633496
0.00081895496
0.004040896
0.0032413374
0.008305927
0.0013598962
0.004672353
0.0040021036
0.002043077
0.0033814218
0.0019784227
0.0037111589
0.0015430835
0.001594807
0.0070580984
0.009566687
0.0046163197
0.005997767
0.004652957
0.0063275043
0.0034094388
0.008512821
0.0036896074
0.00245902
0.0009568842
0.00085559237
0.0009331776
0.0007650763
0.0014698086
0.0033296982
0.008926609
0.003816761
0.013683013
0.0110020125
0.0035215062
0.005312431
0.007986966
0.008165843
0.0045947684
0.003297371
0.0077412794
0.004086154
0.0074438695
0.0031572867
0.0057887184
0.0036400391
0.008680922
0.003398663
0.0061055245
0.001073262
0.0033598703
0.0011680883
0.003252113
0.0032197859
0.009504188
0.004590458
0.0012348979
0.0031723727
0.002461175
0.0012995522
0.0010948135
0.001191795
0.0018210971
0.0015258424
0.0011702435
0.0019439404
0.0011443817
0.0007887829
0.0022413502
0.0025409155
0.0020969557
0.0019935088
0.0021120417
0.0020754042
0.0017047194
0.0018103215
0.0039439145
0.032225877
0.12680224
0.013685168
0.0064223306
0.0036400391
0.0151010975
0.0027025512
0.0014116197
0.0023771245
0.009159365
0.0030172023
0.0032176308
0.0025581566
0.008717559
0.0018124765
0.0045064073
0.0111442525
0.00551717
0.0027176372
0.0010064525
0.000924557
0.0042822724
0.002193937
0.003668056
0.0009331776
0.003277975
0.001073262
0.0008577475
0.0011831743
0.00476718
0.0010387796
0.0025861734
0.0010991237
0.00596544
0.000715508
0.000730594
0.0008405064
0.026221644
0.0010818825
0.0019159236
0.0014956703
0.00178877
0.0019159236
0.000700422
0.0007844726
0.0024051412
0.0014267057
0.0014353263
0.00068533595
0.003116339
0.00544174
0.0017068745
0.0021163519
0.0032068552
0.0016206687
0.0018361831
0.0014956703
0.0025279846
0.002816774
0.0023361766
0.0016616165
0.0029482378
0.001728426
0.0013620513
0.0017176502
0.004129257
0.0045839925
0.0019396301
0.0036852972
0.011739072
0.0037499515
0.002368504
0.0019547162
0.0018749757
0.0015172218
0.00089222984
0.0011982603
0.0033059916
0.0017327362
0.001252139
0.0014439469
0.0033965078
0.0012564493
0.0015258424
0.002728413
0.0042434796
0.0025667772
0.002504278
0.0027262578
0.0016486855
0.0009439533
0.0012607595
0.0022801429
0.002728413
0.002025836
0.0021443688
0.0024094516
0.0012844661
0.0020840247
0.0012650698
0.010527881
0.0019999743
0.0029891855
0.0029719444
0.0011659332
0.0014698086
0.0024547097
0.0010667966
0.0010818825
0.0032478028
0.007799468
0.0
0.0
0.0
0.0
0.0
0.0
0.0
0.0
0.0
0.0
0.0
0.0
0.0
0.0
0.0
0.0
0.002138931
8.642146e-06
8.642146e-06
5.4013412e-06
1.836456e-05
2.1605365e-06
4.321073e-06
3.2408047e-06
1.1882951e-05
1.0802682e-06
3.2408047e-06
1.0802682e-06
1.0802682e-06
1.0802682e-06
2.1605365e-06
1.0802682e-06
7.993985e-05
0.0
0.0
0.0
0.0
0.0
0.0
0.0
0.0
0.0019833725
0.0
1.4043488e-05
1.08026825e-05
3.672912e-05
2.2685634e-05
6.481609e-05
0.00033488317
0.0
0.0
0.0
0.0
0.0
0.0
0.0
0.0
0.007728239
0.0
2.9167242e-05
0.00017608372
0.00013719407
9.398334e-05
0.0003500069
4.213046e-05
4.4291e-05
1.0802682e-06
4.321073e-06
3.2408047e-06
5.4013412e-06
3.2408047e-06
3.2408047e-06
2.1605365e-06
0.00358433
0.000265746
0.00013071246
6.913717e-05
9.398334e-05
1.51237555e-05
0.0001566389
0.0017532754
0.00018148507
5.4013412e-06
1.836456e-05
3.5648853e-05
3.5648853e-05
0.00020092989
0.00011342816
0.0
0.0049746353
0.0005444552
0.00036837146
9.290307e-05
0.00019984963
0.00027006707
5.5093682e-05
0.0018180915
0.00017500346
0.00013503354
5.4013413e-05
0.0051442375
0.004533886
0.017653745
0.00600089
3.9969924e-05
0.0028745937
0.00085665274
5.2933145e-05
6.589636e-05
5.8334484e-05
4.213046e-05
0.00031759887
0.00571894
0.00032516074
0.00029059217
0.0003165186
0.018048042
0.01590587
0.057343878
0.021475732
0.00016312051
0.005976044
0.0012228637
0.00015771916
0.00019552856
0.00021605365
0.00023441821
0.00072810083
0.004565214
0.00034892664
0.00021389312
0.00021389312
0.00034352532
0.00027006707
0.00044723105
0.00034892664
0.000132873
0.0055396156
0.00083504734
0.000265746
0.00039321763
0.000459114
0.00016528105
0.00094415445
0.0032148783
0.0018742654
0.00034892664
0.00038025444
0.00040294006
0.0017446332
0.00024306036
0.00022901686
0.0006189937
0.019903943
0.0027708882
0.001316847
0.001095392
0.0037193636
0.001039218
0.003132778
0.010659006
0.0026520586
0.00092038856
0.0006600439
0.0007010941
0.0018980313
0.0004763983
0.00052501034
0.00079399714
0.017299416
0.003349912
0.002568878
0.0029091623
0.0048914547
0.003563805
0.008078246
0.0028691925
0.004896856
0.00066544523
0.000591987
0.0008404487
0.0016668539
0.0005206893
0.00082208414
0.0006027897
0.015007086
0.0021767404
0.0026866272
0.002025503
0.0017608373
0.0011915358
0.0037107214
0.004321073
0.0112391105
0.0018418573
0.0012649941
0.0021648575
0.0041655144
0.0017467937
0.0036912765
0.0022523594
0.025833534
0.0044366615
0.0051971707
0.00889817
0.0051647625
0.0028907978
0.003386641
0.017773654
0.06104164
0.0081009315
0.004001314
0.0106211975
0.021714471
0.008685357
0.018893892
0.013632986
0.10258876
0.021940248
0.028648714
0.012026627
0.02106307
0.015575307
0.014222812
0.0031986742
0.008355875
0.0030938883
0.002130289
0.0023625467
0.004280023
0.0025472725
0.0032548483
0.0023830717
0.016030101
0.004160113
0.00467108
0.0027157944
0.0037031595
0.0033931227
0.0045166016
0.0064697266
0.006173733
0.005883141
0.0065658703
0.0065820743
0.006700904
0.007124369
0.0064275963
0.0066857804
0.008060962
0.0066458103
0.0056876126
0.006084071
0.006366021
0.0061153984
0.0064092316
462.0
154.94156
71583.0
0.0007124597
0.00019557716
0.017476216
0.00019557716
0.00022351676
0.00030733555
0.00012572817
0.00020954695
0.00018160736
0.00032130533
0.00027939596
0.00026542615
0.00032130533
0.00030733555
0.0005308523
0.00029336574
0.00022351676
0.00039115432
0.00030733555
0.00039115432
0.00022351676
0.00030733555
0.00019557716
0.00026542615
0.00022351676
0.00027939596
0.00034924495
0.00015366777
0.00039115432
0.00026542615
0.00032130533
0.00025145634
0.00016763757
0.014654317
0.00026542615
0.016498331
0.00022351676
0.00023748656
0.014794015
0.014835925
0.031166619
0.00025145634
0.015087381
0.015478536
0.00039115432
0.014668287
0.00040512413
0.014933714
0.00030733555
0.00026542615
0.00029336574
0.04400486
0.014626378
0.015380747
0.0151292905
0.030007124
0.00015366777
0.00036321473
0.014807985
0.0006705503
0.00029336574
0.00027939596
0.00032130533
0.0005727617
0.00023748656
0.015450596
0.045806967
0.01589763
0.07398405
0.060363494
0.0150454715
0.029602
0.04555551
0.045723148
0.015646173
0.015227079
0.044382047
0.01595351
0.042957127
0.015255019
0.030817373
0.014947684
0.044437926
0.015688082
0.031250436
0.0004190939
0.014109495
0.00027939596
0.01582778
0.0150454715
0.00026542615
0.00036321473
0.00032130533
0.00060070126
0.00026542615
0.00025145634
5.202366
0.0
0.0
0.0
18.0
464006.0
425984.0
0.0
0.0
39.0
0.0
1.0
0.0
1.0
0.0
327680.0
0.0
0.0
0.0
0.0
0.0
1.0
0.0
0.0
0.0
0.0
0.0
0.0
-1.0
0.0
-1.0
-1.0
1.0
0.0
0.0
0.0
0.0
0.0
0.0
0.0
0.0
0.0
0.0
0.0
-1.0
0.0
0.0
0.0
0.0
0.0
0.0
0.0
0.0
0.0
0.0
0.0
0.0
-1.0
0.0
0.0
0.0
0.0
0.0
0.0
0.0
0.0
1.0
0.0
2.0
24.0
4.0
0.0
4.0
0.0
5632.0
1024.0
4096.0
9.0
1.0
0.0
1.0
6.0
0.0
0.0
-512.0
0.0
0.0
0.0
0.0
0.0
-512.0
0.0
0.0
0.0
0.0
0.0
512.0
0.0
0.0
0.0
0.0
0.0
0.0
0.0
0.0
0.0
0.0
0.0
0.0
0.0
0.0
0.0
0.0
0.0
-369152.0
0.0
0.0
0.0
0.0
0.0
0.0
0.0
0.0
-5632.0
-2560.0
16384.0
0.0
0.0
0.0
0.0
0.0
0.0
0.0
0.0
-1.8050417
0.0
0.0
0.0
0.0
0.0
-1.3741854
0.0
0.0
0.0
0.0
0.0
4.7489166
0.0
0.0
0.0
0.0
0.0
0.0
0.0
0.0
0.0
0.0
0.0
0.0
0.0
0.0
0.0
0.0
0.0
-6.74216
0.0
0.0
0.0
0.0
0.0
0.0
0.0
0.0
-5.9819613
-5.454756
4.9392056
0.0
0.0
0.0
0.0
0.0
0.0
0.0
0.0
-32.0
0.0
0.0
0.0
0.0
0.0
-24.0
0.0
0.0
0.0
0.0
0.0
416.0
0.0
0.0
0.0
0.0
0.0
0.0
0.0
0.0
0.0
0.0
0.0
0.0
0.0
0.0
100.0
0.0
0.0
-368656.0
0.0
0.0
0.0
0.0
0.0
0.0
0.0
0.0
-5252.0
-2068.0
16176.0
0.0
0.0
0.0
0.0
0.0
0.0
0.0
0.0
0.0
-1.0
0.0
0.0
0.0
0.0
0.0
1.0
0.0
0.0
0.0
0.0
0.0
0.0
0.0
0.0
0.0
0.0
0.0
0.0
0.0
0.0
0.0
0.0
0.0
0.0
0.0
0.0
0.0
0.0
0.0
0.0
0.0
0.0
0.0
0.0
0.0
-2.0
0.0
0.0
0.0
1.0
0.0
0.0
0.0
0.0
0.0
0.0
1.0
0.0
-1.0
0.0
0.0
0.0
0.0
0.0
1.0
0.0
0.0
0.0
0.0
-1.0
0.0
0.0
0.0
0.0
0.0
0.0
0.0
1.0
1.0
0.0
0.0
0.0
0.0
0.0
1.0
0.0
0.0
0.0
0.0
0.0
0.0
0.0
1.0
0.0
0.0
0.0
0.0
0.0
0.0
0.0
0.0
1.0
0.0
0.0
-1.0
1.0
0.0
0.0
0.0
0.0
0.0
0.0
0.0
0.0
0.0
0.0
0.0
0.0
0.0
0.0
0.0
0.0
0.0
0.0
0.0
0.0
0.0
0.0
0.0
0.0
0.0
0.0
0.0
0.0
0.0
0.0
0.0
0.0
0.0
0.0
0.0
0.0
0.0
0.0
0.0
0.0
0.0
0.0
0.0
0.0
0.0
0.0
0.0
0.0
0.0
0.0
0.0
0.0
0.0
0.0
0.0
0.0
0.0
0.0
0.0
0.0
0.0
0.0
0.0
0.0
0.0
0.0
0.0
0.0
0.0
0.0
0.0
0.0
0.0
0.0
0.0
0.0
0.0
0.0
0.0
0.0
0.0
0.0
0.0
0.0
0.0
0.0
0.0
0.0
0.0
0.0
0.0
0.0
0.0
0.0
0.0
0.0
0.0
0.0
0.0
0.0
0.0
0.0
0.0
0.0
0.0
0.0
0.0
0.0
0.0
0.0
0.0
0.0
0.0
0.0
0.0
0.0
0.0
1.0
0.0
0.0
0.0
0.0
0.0
0.0
0.0
0.0
0.0
0.0
0.0
0.0
0.0
0.0
0.0
0.0
0.0
0.0
0.0
0.0
0.0
0.0
0.0
0.0
0.0
0.0
0.0
0.0
0.0
0.0
0.0
0.0
0.0
0.0
0.0
0.0
0.0
0.0
0.0
0.0
0.0
0.0
0.0
0.0
0.0
0.0
0.0
0.0
0.0
0.0
0.0
0.0
0.0
0.0
0.0
0.0
0.0
0.0
0.0
0.0
0.0
0.0
0.0
0.0
0.0
0.0
0.0
0.0
0.0
0.0
0.0
0.0
0.0
0.0
0.0
0.0
0.0
0.0
0.0
0.0
0.0
0.0
0.0
1.0
0.0
0.0
0.0
0.0
0.0
0.0
0.0
0.0
0.0
0.0
0.0
0.0
0.0
0.0
0.0
0.0
0.0
0.0
0.0
0.0
0.0
0.0
0.0
0.0
0.0
0.0
0.0
0.0
0.0
0.0
0.0
0.0
0.0
0.0
0.0
0.0
0.0
0.0
0.0
0.0
0.0
0.0
0.0
0.0
0.0
0.0
0.0
0.0
0.0
0.0
0.0
0.0
0.0
0.0
0.0
0.0
0.0
0.0
0.0
0.0
0.0
0.0
0.0
0.0
0.0
0.0
0.0
0.0
0.0
0.0
0.0
0.0
0.0
0.0
0.0
0.0
0.0
0.0
0.0
-1.0
0.0
0.0
0.0
0.0
0.0
0.0
0.0
0.0
0.0
0.0
0.0
0.0
0.0
0.0
0.0
0.0
0.0
0.0
0.0
0.0
0.0
0.0
0.0
0.0
0.0
0.0
-2.0
0.0
0.0
0.0
0.0
0.0
0.0
0.0
0.0
0.0
0.0
1.0
0.0
0.0
0.0
0.0
0.0
0.0
0.0
0.0
0.0
0.0
0.0
0.0
0.0
0.0
0.0
0.0
0.0
0.0
0.0
0.0
0.0
0.0
0.0
0.0
0.0
0.0
0.0
1.0
0.0
0.0
0.0
0.0
-1.0
0.0
0.0
1.0
0.0
0.0
0.0
0.0
0.0
0.0
0.0
0.0
0.0
0.0
0.0
0.0
0.0
0.0
0.0
0.0
0.0
0.0
0.0
0.0
0.0
0.0
0.0
0.0
0.0
0.0
0.0
0.0
0.0
0.0
0.0
0.0
0.0
0.0
0.0
0.0
0.0
0.0
0.0
0.0
0.0
0.0
0.0
0.0
0.0
0.0
0.0
0.0
0.0
0.0
0.0
0.0
0.0
0.0
0.0
0.0
0.0
0.0
0.0
0.0
0.0
0.0
0.0
0.0
0.0
0.0
0.0
0.0
0.0
0.0
0.0
0.0
0.0
0.0
0.0
0.0
0.0
0.0
0.0
0.0
0.0
0.0
0.0
0.0
0.0
0.0
0.0
0.0
0.0
0.0
0.0
0.0
0.0
0.0
0.0
0.0
0.0
0.0
0.0
0.0
0.0
0.0
0.0
0.0
0.0
0.0
0.0
0.0
0.0
0.0
0.0
0.0
0.0
0.0
0.0
0.0
0.0
0.0
0.0
0.0
0.0
0.0
0.0
0.0
0.0
0.0
0.0
0.0
0.0
0.0
0.0
0.0
0.0
0.0
0.0
0.0
0.0
0.0
0.0
0.0
0.0
0.0
0.0
0.0
0.0
0.0
0.0
0.0
0.0
0.0
0.0
0.0
0.0
0.0
0.0
0.0
0.0
0.0
0.0
0.0
0.0
0.0
0.0
0.0
0.0
0.0
0.0
0.0
0.0
0.0
0.0
0.0
0.0
0.0
0.0
0.0
0.0
0.0
0.0
0.0
-1.0
0.0
0.0
0.0
0.0
1.0
0.0
0.0
0.0
0.0
0.0
0.0
0.0
0.0
0.0
0.0
0.0
0.0
0.0
0.0
0.0
0.0
0.0
0.0
0.0
0.0
0.0
0.0
0.0
0.0
0.0
0.0
0.0
0.0
0.0
1.0
0.0
0.0
0.0
0.0
0.0
0.0
0.0
0.0
0.0
0.0
0.0
0.0
0.0
0.0
0.0
0.0
0.0
0.0
0.0
0.0
0.0
0.0
0.0
0.0
0.0
0.0
0.0
0.0
0.0
0.0
0.0
0.0
0.0
0.0
0.0
0.0
0.0
0.0
0.0
0.0
0.0
0.0
0.0
0.0
0.0
0.0
0.0
0.0
0.0
0.0
0.0
0.0
0.0
0.0
0.0
0.0
0.0
0.0
0.0
0.0
0.0
0.0
0.0
0.0
0.0
0.0
0.0
0.0
0.0
0.0
0.0
0.0
-1.0
0.0
0.0
0.0
0.0
0.0
0.0
0.0
0.0
0.0
0.0
0.0
0.0
0.0
0.0
0.0
0.0
0.0
0.0
0.0
0.0
0.0
0.0
0.0
0.0
0.0
0.0
0.0
0.0
0.0
0.0
0.0
0.0
0.0
1.0
0.0
0.0
0.0
0.0
0.0
0.0
0.0
0.0
0.0
0.0
0.0
0.0
-1.0
0.0
0.0
0.0
0.0
0.0
0.0
0.0
0.0
0.0
0.0
0.0
0.0
0.0
0.0
0.0
0.0
0.0
0.0
0.0
0.0
0.0
0.0
0.0
0.0
-1.0
0.0
0.0
0.0
0.0
0.0
0.0
0.0
0.0
0.0
0.0
0.0
0.0
0.0
0.0
0.0
0.0
1.0
0.0
0.0
0.0
0.0
0.0
0.0
0.0
0.0
0.0
0.0
0.0
0.0
0.0
0.0
0.0
0.0
0.0
0.0
0.0
0.0
0.0
0.0
0.0
0.0
0.0
0.0
0.0
0.0
0.0
0.0
0.0
0.0
0.0
0.0
0.0
0.0
0.0
0.0
-1.0
0.0
0.0
0.0
0.0
0.0
0.0
0.0
0.0
0.0
0.0
0.0
-1.0
0.0
0.0
0.0
0.0
0.0
0.0
0.0
0.0
0.0
0.0
0.0
0.0
0.0
0.0
0.0
0.0
0.0
0.0
0.0
0.0
0.0
0.0
0.0
0.0
0.0
0.0
0.0
0.0
0.0
0.0
0.0
0.0
0.0
0.0
0.0
0.0
0.0
0.0
0.0
0.0
0.0
0.0
0.0
0.0
0.0
0.0
0.0
0.0
0.0
0.0
0.0
0.0
-1.0
0.0
0.0
0.0
0.0
0.0
0.0
0.0
0.0
0.0
0.0
0.0
0.0
0.0
0.0
0.0
0.0
0.0
0.0
0.0
0.0
0.0
0.0
0.0
0.0
1.0
0.0
0.0
0.0
-1.0
0.0
0.0
0.0
0.0
0.0
0.0
0.0
0.0
0.0
0.0
0.0
0.0
0.0
0.0
0.0
0.0
0.0
0.0
0.0
0.0
0.0
0.0
0.0
0.0
0.0
0.0
1.0
-1.0
1.0
0.0
0.0
0.0
0.0
0.0
0.0
0.0
0.0
0.0
0.0
0.0
0.0
0.0
0.0
0.0
0.0
0.0
0.0
0.0
0.0
0.0
0.0
0.0
0.0
0.0
0.0
0.0
0.0
0.0
0.0
0.0
0.0
0.0
0.0
0.0
0.0
0.0
0.0
0.0
0.0
0.0
0.0
0.0
0.0
0.0
0.0
0.0
0.0
0.0
0.0
0.0
0.0
0.0
0.0
0.0
0.0
0.0
0.0
0.0
0.0
0.0
0.0
0.0
0.0
0.0
0.0
0.0
0.0
0.0
0.0
0.0
0.0
0.0
0.0
0.0
-1.0
0.0
0.0
0.0
0.0
0.0
0.0
0.0
0.0
0.0
0.0
0.0
0.0
0.0
0.0
0.0
0.0
0.0
0.0
0.0
0.0
0.0
1.0
0.0
0.0
0.0
0.0
1.0
0.0
0.0
0.0
0.0
0.0
0.0
0.0
0.0
0.0
0.0
0.0
0.0
-1.0
0.0
0.0
0.0
0.0
0.0
0.0
0.0
0.0
0.0
0.0
0.0
0.0
0.0
0.0
1.0
1.0
0.0
0.0
0.0
0.0
0.0
0.0
0.0
0.0
0.0
0.0
0.0
0.0
0.0
0.0
0.0
0.0
0.0
0.0
0.0
0.0
0.0
0.0
0.0
-1.0
0.0
0.0
0.0
0.0
0.0
0.0
0.0
0.0
0.0
0.0
0.0
0.0
0.0
0.0
2.0
0.0
0.0
0.0
0.0
0.0
0.0
0.0
0.0
0.0
0.0
0.0
0.0
0.0
0.0
0.0
0.0
0.0
0.0
0.0
0.0
0.0
0.0
0.0
0.0
0.0
0.0
0.0
0.0
0.0
0.0
0.0
0.0
0.0
0.0
0.0
0.0
0.0
0.0
0.0
0.0
0.0
0.0
0.0
0.0
1.0
0.0
0.0
0.0
0.0
0.0
0.0
0.0
0.0
0.0
0.0
0.0
0.0
0.0
0.0
0.0
0.0
0.0
0.0
0.0
0.0
0.0
0.0
0.0
0.0
1.0
0.0
0.0
0.0
0.0
0.0
0.0
0.0
0.0
0.0
0.0
0.0
0.0
0.0
0.0
0.0
0.0
0.0
0.0
0.0
0.0
0.0
0.0
0.0
0.0
0.0
0.0
0.0
0.0
0.0
0.0
0.0
0.0
0.0
0.0
0.0
0.0
0.0
0.0
0.0
1.0
0.0
0.0
0.0
0.0
0.0
0.0
0.0
0.0
0.0
0.0
0.0
0.0
0.0
0.0
0.0
0.0
0.0
0.0
0.0
0.0
0.0
0.0
0.0
0.0
0.0
0.0
0.0
0.0
0.0
0.0
0.0
0.0
0.0
0.0
0.0
0.0
0.0
0.0
0.0
-1.0
0.0
0.0
1.0
0.0
0.0
0.0
0.0
0.0
0.0
0.0
0.0
0.0
1.0
0.0
0.0
0.0
0.0
0.0
0.0
0.0
0.0
0.0
0.0
0.0
0.0
0.0
0.0
0.0
0.0
0.0
0.0
0.0
0.0
0.0
0.0
0.0
0.0
0.0
0.0
0.0
0.0
0.0
0.0
0.0
0.0
0.0
0.0
0.0
0.0
0.0
0.0
0.0
0.0
0.0
0.0
0.0
0.0
0.0
0.0
1.0
0.0
0.0
0.0
0.0
0.0
0.0
0.0
0.0
0.0
0.0
0.0
0.0
0.0
0.0
0.0
0.0
0.0
0.0
0.0
0.0
0.0
0.0
0.0
0.0
0.0
0.0
0.0
0.0
0.0
0.0
0.0
0.0
0.0
0.0
0.0
0.0
0.0
0.0
0.0
0.0
0.0
0.0
0.0
0.0
0.0
0.0
0.0
0.0
0.0
0.0
0.0
0.0
0.0
0.0
0.0
0.0
0.0
0.0
0.0
0.0
0.0
0.0
0.0
0.0
0.0
0.0
0.0
0.0
0.0
0.0
0.0
0.0
0.0
0.0
0.0
0.0
0.0
0.0
0.0
0.0
0.0
0.0
0.0
0.0
0.0
0.0
0.0
0.0
0.0
0.0
0.0
0.0
0.0
0.0
0.0
0.0
0.0
0.0
0.0
0.0
0.0
0.0
0.0
0.0
0.0
0.0
0.0
0.0
0.0
0.0
0.0
0.0
0.0
0.0
0.0
0.0
0.0
0.0
0.0
0.0
0.0
0.0
0.0
0.0
0.0
0.0
0.0
0.0
0.0
0.0
0.0
0.0
0.0
1140.0
397312.0
16176.0
409600.0
0.0
0.0
0.0
0.0
0.0
0.0
0.0
0.0
0.0
0.0
0.0
0.0
24.0
405508.0
0.0
0.0
0.0
0.0
164.0
397536.0
0.0
0.0
1701604500.0
0.0
