0.11220807
0.0071739396
0.006980941
0.0018574054
0.0090560885
0.0016611076
0.0021262837
0.002594759
0.024162766
0.07439189
0.0069116596
0.0021543263
0.005133433
0.004853008
0.0008528229
0.005883983
0.002894979
0.0036636745
0.0013361442
0.0005921923
0.0034162402
0.0029494145
0.0008033361
0.0004239371
0.004592377
0.001723791
0.0015555357
0.0006070383
0.0018161663
0.0022071123
0.0010474711
0.00045197963
0.0014466648
0.0011134535
0.0017980211
0.000529509
0.012226544
0.0019250374
0.0019068922
0.000856122
0.0014928525
0.0030318927
0.0013757336
0.0005427055
0.0008396264
0.006840728
0.0014747073
0.0007225076
0.001317999
0.0024050595
0.0022961886
0.00078849
0.0011645899
0.0010821118
0.00079508824
0.00041733886
0.0010276763
0.003086328
0.0019992676
0.0012718113
0.00066642254
0.0007225076
0.00056414976
0.000285374
0.0036818194
0.0018903966
0.003732956
0.0038929633
0.005186219
0.013523099
0.00091715576
0.0006251835
0.0008016865
0.0023143338
0.0036372815
0.0022203086
0.0023126842
0.0048035206
0.008846594
0.00054765417
0.0015538862
0.0006466278
0.0014153231
0.0015753305
0.0018557558
0.0059681106
0.0025040333
0.0022467016
0.0013146999
0.00095509563
0.0030170465
0.001603373
0.0016759537
0.004442267
0.00383028
0.0016479112
0.0017930726
0.010712247
0.028751843
0.004983323
0.004062868
0.0038764677
0.0064448337
0.0007192085
0.0013245973
0.0008957115
0.0029725083
0.000706012
0.0015109977
0.0009616939
0.0030698325
0.0015819287
0.0019167896
0.011480942
0.029301148
0.0047738287
0.0067005157
0.0063887485
0.0044142245
0.000706012
0.0012322218
0.0011596412
0.0019398835
0.0010425224
0.0014334683
0.0044026775
0.0039160573
0.0013889301
0.0022351549
0.0026541431
0.002718476
0.006331014
0.0023011372
0.005418807
0.005568917
0.00050641515
0.0017617309
0.020979114
0.0011711881
0.019458218
0.004156893
0.007325699
0.0032578823
0.00035960425
0.011358875
0.0009534461
0.014270349
0.000706012
0.012307373
0.002009165
0.006980941
0.00042063798
0.0014598613
0.0071722902
0.0006680721
0.00048002216
0.00074230233
0.0010755135
0.0014582117
0.00029692092
0.0013344947
0.001167889
0.0015951252
0.0011926324
0.0014054257
0.0012157263
0.0018936957
0.0041816365
0.0016429625
0.00064827735
0.00085447246
0.00048991956
0.0009715913
0.0006169357
0.0006251835
0.00091715576
0.00087591674
0.001006232
0.0019464816
0.00089901057
0.0016462615
0.0018425593
0.003800588
0.007114555
0.0025139304
0.0008231308
0.001032625
0.0014219213
0.0024825889
0.00108871
0.0014054257
0.0029659101
0.004587428
0.0019250374
0.0016627572
0.0025353748
0.002606306
0.001982772
0.001791423
0.009353009
0.001738637
0.003165507
0.0009682921
0.00071261026
0.00161492
0.0017056458
0.0010689154
0.0016182191
0.0058641885
0.0012586148
0.0026772371
0.0007357041
0.00085117336
0.0008643698
0.0015340914
0.001644612
0.002124634
0.001141496
0.0008346777
0.0015340914
0.0010821118
0.00039754412
0.00071590935
0.0008445751
0.0013806823
0.0013674858
0.0011876837
0.00044208227
0.0012850078
0.004224525
0.0019134905
0.0026178528
0.0067120628
0.0031341654
0.0011282995
0.0066774217
0.0026310494
0.00604729
0.00088416453
0.0027679629
0.0011118039
0.0040727654
0.0042311233
0.00065652514
0.0029081756
0.0025518704
0.0018260637
0.0023192824
0.0027399203
0.00088416453
0.001479656
0.0064943205
0.0020372076
0.0092078475
0.0034871714
0.036417354
0.042301185
0.0
0.0
0.0
0.0
0.0
0.0
0.0
0.0
0.0
0.0
0.0
0.0
0.0
0.0
0.0
0.0
0.0
0.0
0.0
0.0
0.0
0.0
0.0
0.0
0.0
0.0
0.0
0.0
0.0
0.0
0.0
0.0
0.0
0.0
0.0
0.0
0.0
0.0
0.0
0.0
0.0
0.0
0.0
0.0
0.0
0.0
0.0
0.0056924834
4.626692e-05
3.30478e-06
8.26195e-07
2.5612046e-05
0.0
8.26195e-07
0.00021233212
2.478585e-06
1.65239e-05
5.783365e-06
3.30478e-06
1.65239e-06
0.0
1.817629e-05
0.0007386183
0.0
0.0
0.0
0.0
0.0
0.0
0.0
0.0
0.0
0.0
0.0
0.0
0.0
0.0
0.0
0.0
0.0
0.0
0.0
0.0
0.0
0.0
0.0
0.0
0.0
0.0
0.0
0.0
0.0
0.0
0.0
0.0
0.0
0.0
0.0
0.0
0.0
0.0
0.0
0.0
0.0
0.0
0.0
0.0
0.0
0.0
0.0
0.0
0.0057800603
5.948604e-05
7.766233e-05
0.00022307265
5.7007455e-05
8.096711e-05
0.0014450151
0.0012913428
0.0002470323
2.3959656e-05
2.3959656e-05
0.00040896653
7.187897e-05
0.00010823154
0.00010575296
0.0001478889
0.009479761
0.00020572255
0.00025859903
0.00034204475
0.00025612046
0.00024124894
0.0032279438
0.0024967613
0.00031808508
0.00022224645
0.00010244818
0.00048084548
0.0002643824
0.00013549598
0.00015532465
0.00042549043
0.04588522
0.0013384359
0.001224421
0.0010327437
0.0015962088
0.0009435147
0.019654352
0.019786544
0.002622343
0.0020704446
0.0012359878
0.0010798369
0.0012045923
0.0012673831
0.0010624868
0.0012103757
0.011683224
0.00030156117
0.00038500686
0.00031808508
0.0008881596
0.00043457857
0.003330392
0.0035063715
0.00084684987
0.0007749709
0.00041722847
0.00051802426
0.00072374684
0.00086667854
0.0008592428
0.0012186377
0.008825415
0.00019498203
0.00035856862
0.0005899032
0.0013227382
0.00069730857
0.00232987
0.002550464
0.00043292617
0.00044201434
0.00038665926
0.0008757667
0.00074853265
0.0010120888
0.0010575296
0.0018638959
0.011884815
0.00093938375
0.001478889
0.0008922906
0.0022414671
0.00095012423
0.001355786
0.0017275738
0.0046960926
0.0013475241
0.0005072837
0.0018506768
0.0016862641
0.0012715141
0.0012839071
0.006495545
0.052183304
0.007558858
0.011937692
0.00403431
0.022569995
0.012008744
0.003957474
0.009873857
0.04393292
0.0100424
0.0037228346
0.007970303
0.015092105
0.0053694416
0.011284172
0.0322687
0.036202215
0.0073737903
0.00854864
0.0043573524
0.012505287
0.008087623
0.014157678
0.01662139
0.020050926
0.015491983
0.0045729894
0.006219596
0.008139674
0.005148847
0.010940474
0.016166983
0.037515864
0.012094669
0.013894121
0.008119845
0.017549207
0.012858073
0.024831291
0.024070365
0.013186072
0.032001838
0.009797021
0.013502505
0.011132152
0.008917123
0.017691314
0.022026358
949.0
8.537408
8102.0
0.010367811
0.0017279685
0.005060479
0.0022216737
0.003085658
0.005801037
0.0056776106
0.0025919527
0.0023451
0.015058011
0.0033325106
0.0033325106
0.0022216737
0.03949642
0.003949642
0.003085658
0.003949642
0.013330042
0.012712911
0.0037027895
0.004319921
0.0040730685
0.0051839054
0.0025919527
0.004319921
0.017649963
0.022093311
0.002715379
0.0040730685
0.002715379
0.003949642
0.0007405579
0.0022216737
0.0046902
0.007775858
0.0049370527
0.0056776106
0.011848927
0.0048136264
0.004319921
0.001974821
0.013823748
0.013823748
0.003085658
0.015304863
0.012712911
0.030116022
0.0022216737
0.0018513948
0.003455937
0.0037027895
0.015058011
0.003949642
0.002715379
0.003455937
0.0009874105
0.001974821
0.0040730685
0.010984942
0.0140706
0.0060478896
0.013453469
0.014564306
0.038138732
0.0018513948
0.0351765
0.025549248
0.030609727
0.0117255
0.03924957
0.0257961
0.007405579
0.007899284
0.026042953
0.003949642
0.0009874105
0.01678598
0.017032832
0.02147618
0.021229327
0.0095038265
0.005801037
0.05134535
0.027030364
0.046778575
0.012836337
0.022710443
0.0022216737
0.0038262159
0.007899284
0.003085658
0.0009874105
0.005060479
0.003949642
0.007899284
0.0009874105
5.939227
0.0
0.0
0.0
2.0
606222.0
319488.0
0.0
0.0
76.0
0.0
1.0
0.0
0.0
52.0
1393483300.0
0.0
0.0
0.0
0.0
0.0
1.0
0.0
0.0
0.0
0.0
0.0
0.0
-1.0
0.0
0.0
-1.0
1.0
0.0
0.0
0.0
0.0
0.0
0.0
0.0
0.0
0.0
0.0
0.0
-1.0
0.0
0.0
0.0
0.0
0.0
0.0
0.0
0.0
0.0
0.0
0.0
0.0
-1.0
0.0
0.0
0.0
0.0
0.0
0.0
0.0
0.0
1.0
0.0
2.0
56.0
4.0
0.0
4.0
0.0
245760.0
1024.0
4096.0
6.0
1.0
0.0
1.0
5.0
0.0
0.0
0.0
0.0
0.0
0.0
0.0
0.0
0.0
0.0
0.0
0.0
0.0
0.0
9728.0
0.0
0.0
0.0
0.0
0.0
0.0
0.0
0.0
0.0
0.0
0.0
0.0
0.0
0.0
0.0
0.0
0.0
-1024.0
0.0
0.0
0.0
0.0
0.0
0.0
0.0
0.0
-245760.0
-2560.0
26624.0
0.0
0.0
0.0
0.0
0.0
0.0
0.0
0.0
0.0
0.0
0.0
0.0
0.0
0.0
0.0
0.0
0.0
0.0
0.0
0.0
5.1368194
0.0
0.0
0.0
0.0
0.0
0.0
0.0
0.0
0.0
0.0
0.0
0.0
0.0
0.0
0.0
0.0
0.0
-1.0677483
0.0
0.0
0.0
0.0
0.0
0.0
0.0
0.0
-5.6699314
-4.7209964
5.9838166
0.0
0.0
0.0
0.0
0.0
0.0
0.0
0.0
0.0
0.0
0.0
0.0
0.0
0.0
0.0
0.0
0.0
0.0
0.0
0.0
9384.0
0.0
0.0
0.0
0.0
0.0
0.0
0.0
0.0
0.0
0.0
0.0
0.0
0.0
0.0
18576.0
0.0
0.0
-608.0
0.0
0.0
0.0
0.0
0.0
0.0
0.0
0.0
-245368.0
-2212.0
26552.0
0.0
0.0
0.0
0.0
0.0
0.0
0.0
0.0
0.0
-1.0
0.0
0.0
0.0
0.0
0.0
1.0
0.0
0.0
0.0
0.0
0.0
0.0
0.0
0.0
0.0
0.0
0.0
0.0
0.0
0.0
0.0
0.0
0.0
0.0
0.0
0.0
0.0
0.0
0.0
0.0
0.0
0.0
0.0
0.0
0.0
-2.0
0.0
0.0
0.0
1.0
0.0
0.0
0.0
0.0
0.0
0.0
1.0
0.0
0.0
0.0
0.0
0.0
0.0
0.0
0.0
0.0
0.0
0.0
0.0
-1.0
0.0
0.0
0.0
0.0
0.0
0.0
0.0
0.0
0.0
1.0
0.0
0.0
0.0
0.0
1.0
0.0
0.0
0.0
0.0
0.0
0.0
0.0
0.0
1.0
0.0
0.0
0.0
0.0
0.0
0.0
0.0
0.0
0.0
0.0
0.0
0.0
0.0
0.0
0.0
0.0
0.0
0.0
0.0
0.0
0.0
0.0
0.0
0.0
0.0
0.0
0.0
0.0
0.0
0.0
0.0
0.0
0.0
0.0
0.0
0.0
0.0
0.0
0.0
0.0
0.0
0.0
0.0
0.0
0.0
0.0
0.0
0.0
0.0
0.0
0.0
0.0
0.0
0.0
0.0
0.0
0.0
0.0
0.0
0.0
0.0
0.0
0.0
0.0
0.0
0.0
0.0
0.0
0.0
0.0
0.0
0.0
0.0
0.0
0.0
0.0
0.0
0.0
0.0
0.0
0.0
0.0
0.0
0.0
0.0
0.0
0.0
0.0
0.0
0.0
0.0
0.0
0.0
0.0
0.0
0.0
0.0
0.0
0.0
0.0
0.0
0.0
0.0
0.0
0.0
0.0
0.0
0.0
0.0
0.0
0.0
0.0
0.0
0.0
0.0
0.0
0.0
0.0
0.0
0.0
0.0
0.0
0.0
0.0
0.0
0.0
0.0
0.0
0.0
1.0
0.0
0.0
0.0
0.0
0.0
0.0
0.0
0.0
0.0
0.0
0.0
0.0
0.0
0.0
0.0
0.0
0.0
0.0
0.0
0.0
0.0
0.0
0.0
0.0
0.0
0.0
0.0
0.0
0.0
0.0
0.0
0.0
0.0
0.0
0.0
0.0
0.0
0.0
0.0
0.0
0.0
0.0
0.0
0.0
0.0
0.0
0.0
0.0
0.0
0.0
0.0
0.0
0.0
0.0
0.0
0.0
0.0
0.0
0.0
0.0
0.0
0.0
0.0
0.0
0.0
0.0
0.0
0.0
0.0
0.0
0.0
0.0
0.0
0.0
0.0
0.0
0.0
0.0
0.0
0.0
0.0
0.0
0.0
1.0
0.0
0.0
0.0
0.0
0.0
0.0
0.0
0.0
0.0
0.0
0.0
0.0
0.0
0.0
0.0
0.0
0.0
0.0
0.0
0.0
0.0
0.0
0.0
0.0
0.0
0.0
0.0
0.0
0.0
-1.0
0.0
0.0
0.0
0.0
0.0
0.0
0.0
0.0
0.0
0.0
0.0
0.0
0.0
0.0
0.0
0.0
0.0
0.0
0.0
0.0
0.0
0.0
0.0
0.0
0.0
1.0
0.0
0.0
0.0
0.0
0.0
0.0
0.0
0.0
0.0
0.0
0.0
0.0
0.0
0.0
0.0
0.0
0.0
0.0
0.0
0.0
0.0
0.0
0.0
-1.0
0.0
0.0
0.0
0.0
0.0
0.0
0.0
0.0
0.0
0.0
0.0
0.0
0.0
0.0
0.0
0.0
0.0
0.0
0.0
0.0
0.0
-1.0
0.0
1.0
0.0
-1.0
-2.0
-1.0
0.0
0.0
0.0
0.0
0.0
0.0
0.0
0.0
0.0
1.0
0.0
0.0
0.0
0.0
0.0
0.0
0.0
0.0
0.0
0.0
0.0
0.0
0.0
0.0
0.0
0.0
0.0
0.0
0.0
0.0
0.0
0.0
0.0
0.0
0.0
0.0
0.0
0.0
0.0
0.0
0.0
0.0
0.0
0.0
0.0
0.0
0.0
0.0
0.0
0.0
0.0
0.0
0.0
0.0
0.0
0.0
0.0
1.0
0.0
0.0
0.0
0.0
0.0
0.0
0.0
0.0
0.0
0.0
0.0
0.0
0.0
0.0
0.0
0.0
0.0
0.0
0.0
0.0
0.0
0.0
0.0
0.0
0.0
0.0
0.0
0.0
0.0
0.0
0.0
0.0
0.0
0.0
0.0
0.0
0.0
0.0
0.0
0.0
0.0
0.0
0.0
0.0
-1.0
0.0
0.0
0.0
0.0
-1.0
0.0
0.0
0.0
0.0
0.0
0.0
0.0
0.0
0.0
0.0
0.0
0.0
0.0
0.0
0.0
0.0
0.0
0.0
0.0
0.0
0.0
0.0
0.0
0.0
0.0
0.0
0.0
0.0
0.0
0.0
0.0
0.0
0.0
0.0
0.0
0.0
0.0
0.0
0.0
0.0
0.0
0.0
0.0
0.0
0.0
0.0
0.0
0.0
0.0
0.0
0.0
0.0
0.0
0.0
0.0
0.0
0.0
0.0
0.0
0.0
0.0
0.0
0.0
0.0
0.0
0.0
0.0
0.0
0.0
0.0
0.0
0.0
0.0
0.0
0.0
0.0
1.0
0.0
0.0
0.0
0.0
0.0
0.0
0.0
0.0
0.0
0.0
0.0
0.0
0.0
0.0
0.0
0.0
-1.0
0.0
0.0
0.0
0.0
0.0
0.0
0.0
0.0
0.0
0.0
0.0
0.0
0.0
0.0
0.0
0.0
0.0
-1.0
0.0
0.0
-1.0
0.0
0.0
0.0
-1.0
0.0
0.0
0.0
0.0
1.0
0.0
0.0
0.0
0.0
0.0
0.0
0.0
0.0
0.0
0.0
0.0
0.0
0.0
0.0
0.0
0.0
0.0
0.0
0.0
0.0
0.0
0.0
0.0
0.0
0.0
0.0
0.0
0.0
0.0
0.0
0.0
0.0
0.0
0.0
0.0
0.0
0.0
0.0
0.0
0.0
1.0
0.0
0.0
0.0
0.0
0.0
0.0
0.0
0.0
1.0
0.0
0.0
0.0
0.0
0.0
0.0
0.0
0.0
0.0
0.0
0.0
0.0
0.0
0.0
0.0
0.0
0.0
0.0
0.0
0.0
0.0
0.0
0.0
0.0
1.0
0.0
0.0
0.0
0.0
0.0
0.0
0.0
0.0
0.0
0.0
0.0
0.0
0.0
0.0
0.0
0.0
0.0
0.0
0.0
0.0
0.0
0.0
0.0
0.0
0.0
0.0
0.0
0.0
0.0
0.0
0.0
0.0
0.0
0.0
0.0
0.0
0.0
0.0
0.0
0.0
0.0
0.0
0.0
0.0
0.0
0.0
0.0
0.0
0.0
0.0
0.0
0.0
0.0
0.0
0.0
0.0
0.0
0.0
0.0
0.0
0.0
0.0
0.0
0.0
0.0
0.0
0.0
0.0
0.0
0.0
0.0
0.0
-1.0
0.0
0.0
0.0
0.0
-1.0
0.0
0.0
0.0
0.0
0.0
0.0
0.0
1.0
0.0
0.0
0.0
0.0
0.0
0.0
0.0
0.0
0.0
0.0
0.0
0.0
0.0
0.0
0.0
0.0
0.0
0.0
0.0
0.0
0.0
-1.0
0.0
0.0
0.0
0.0
0.0
0.0
0.0
0.0
0.0
0.0
0.0
-1.0
0.0
0.0
0.0
0.0
0.0
0.0
0.0
0.0
0.0
0.0
0.0
0.0
0.0
0.0
0.0
0.0
0.0
1.0
0.0
0.0
0.0
0.0
0.0
0.0
0.0
-1.0
0.0
0.0
0.0
0.0
0.0
0.0
0.0
0.0
0.0
0.0
0.0
0.0
0.0
0.0
0.0
0.0
0.0
0.0
0.0
0.0
0.0
0.0
0.0
0.0
0.0
0.0
0.0
0.0
0.0
0.0
0.0
0.0
0.0
0.0
0.0
0.0
0.0
0.0
0.0
0.0
0.0
0.0
0.0
0.0
-1.0
0.0
0.0
0.0
0.0
0.0
0.0
0.0
0.0
0.0
0.0
0.0
0.0
0.0
0.0
0.0
0.0
0.0
0.0
0.0
-1.0
0.0
0.0
0.0
-1.0
0.0
0.0
0.0
0.0
0.0
0.0
0.0
-1.0
0.0
0.0
0.0
0.0
0.0
0.0
0.0
0.0
0.0
-1.0
0.0
0.0
0.0
0.0
0.0
0.0
0.0
0.0
0.0
0.0
0.0
0.0
1.0
0.0
0.0
0.0
-1.0
0.0
0.0
-1.0
-1.0
0.0
0.0
0.0
0.0
0.0
0.0
0.0
0.0
0.0
0.0
0.0
0.0
0.0
0.0
0.0
0.0
0.0
0.0
0.0
0.0
0.0
0.0
0.0
0.0
0.0
0.0
0.0
0.0
0.0
0.0
0.0
0.0
0.0
0.0
0.0
1.0
0.0
0.0
0.0
-1.0
0.0
0.0
0.0
0.0
0.0
0.0
0.0
0.0
0.0
0.0
0.0
0.0
-1.0
0.0
0.0
0.0
0.0
0.0
1.0
0.0
0.0
0.0
0.0
0.0
0.0
0.0
0.0
0.0
0.0
0.0
0.0
0.0
0.0
0.0
0.0
0.0
0.0
0.0
0.0
0.0
0.0
0.0
0.0
0.0
0.0
0.0
1.0
0.0
0.0
0.0
0.0
0.0
0.0
0.0
0.0
0.0
0.0
0.0
0.0
0.0
-1.0
0.0
0.0
0.0
-1.0
0.0
1.0
0.0
0.0
1.0
1.0
0.0
0.0
0.0
0.0
0.0
0.0
0.0
0.0
0.0
0.0
0.0
1.0
0.0
0.0
0.0
0.0
0.0
0.0
0.0
1.0
0.0
0.0
0.0
1.0
0.0
0.0
0.0
0.0
0.0
-1.0
0.0
0.0
0.0
0.0
0.0
0.0
0.0
0.0
0.0
0.0
0.0
0.0
0.0
0.0
0.0
1.0
0.0
0.0
1.0
0.0
0.0
0.0
0.0
0.0
0.0
0.0
0.0
0.0
0.0
0.0
1.0
0.0
0.0
0.0
0.0
0.0
0.0
0.0
0.0
-1.0
0.0
0.0
0.0
0.0
0.0
0.0
0.0
0.0
0.0
1.0
0.0
0.0
0.0
0.0
2.0
0.0
0.0
0.0
0.0
0.0
0.0
0.0
0.0
0.0
0.0
0.0
0.0
0.0
0.0
0.0
0.0
0.0
0.0
0.0
0.0
0.0
0.0
0.0
0.0
1.0
0.0
0.0
0.0
0.0
0.0
0.0
0.0
1.0
0.0
0.0
0.0
0.0
0.0
0.0
0.0
0.0
0.0
-1.0
0.0
0.0
0.0
0.0
0.0
0.0
0.0
0.0
0.0
0.0
0.0
0.0
0.0
0.0
0.0
-1.0
0.0
-1.0
0.0
0.0
0.0
0.0
0.0
0.0
0.0
0.0
1.0
0.0
0.0
0.0
0.0
0.0
0.0
0.0
0.0
0.0
0.0
0.0
0.0
1.0
0.0
0.0
0.0
0.0
0.0
0.0
0.0
0.0
0.0
0.0
0.0
0.0
0.0
0.0
0.0
0.0
0.0
0.0
0.0
0.0
0.0
0.0
0.0
0.0
-1.0
0.0
0.0
0.0
0.0
0.0
0.0
0.0
0.0
0.0
0.0
0.0
0.0
0.0
0.0
0.0
0.0
0.0
0.0
0.0
0.0
0.0
0.0
0.0
0.0
0.0
0.0
0.0
1.0
0.0
0.0
0.0
0.0
0.0
0.0
0.0
0.0
0.0
0.0
0.0
0.0
0.0
-2.0
0.0
0.0
0.0
0.0
0.0
0.0
0.0
0.0
0.0
0.0
0.0
0.0
1.0
0.0
0.0
0.0
0.0
0.0
0.0
0.0
0.0
0.0
0.0
0.0
-1.0
0.0
0.0
0.0
1.0
0.0
0.0
0.0
0.0
0.0
0.0
0.0
0.0
0.0
0.0
0.0
0.0
0.0
0.0
0.0
1.0
0.0
0.0
0.0
0.0
0.0
0.0
0.0
0.0
0.0
0.0
0.0
0.0
0.0
0.0
1.0
0.0
0.0
0.0
0.0
0.0
0.0
0.0
0.0
0.0
0.0
0.0
0.0
0.0
0.0
0.0
0.0
0.0
0.0
0.0
0.0
0.0
0.0
0.0
0.0
0.0
0.0
0.0
0.0
0.0
0.0
0.0
0.0
0.0
0.0
0.0
0.0
0.0
0.0
0.0
0.0
0.0
0.0
0.0
0.0
0.0
0.0
0.0
0.0
0.0
0.0
0.0
0.0
0.0
0.0
0.0
0.0
0.0
0.0
0.0
0.0
0.0
0.0
0.0
0.0
0.0
0.0
0.0
0.0
0.0
0.0
0.0
0.0
0.0
0.0
0.0
0.0
0.0
0.0
0.0
0.0
0.0
0.0
0.0
0.0
0.0
0.0
0.0
0.0
0.0
0.0
0.0
0.0
0.0
0.0
0.0
0.0
0.0
0.0
0.0
0.0
0.0
0.0
0.0
0.0
0.0
0.0
0.0
0.0
0.0
0.0
0.0
0.0
0.0
0.0
0.0
0.0
0.0
0.0
0.0
0.0
0.0
0.0
0.0
0.0
0.0
0.0
0.0
0.0
0.0
0.0
0.0
0.0
0.0
2212.0
286720.0
26552.0
290816.0
0.0
0.0
0.0
0.0
0.0
0.0
0.0
0.0
0.0
0.0
0.0
0.0
0.0
0.0
0.0
0.0
0.0
0.0
0.0
0.0
0.0
0.0
0.0
0.0
