0.22395542
0.0123203825
0.0077726403
0.006783622
0.009317203
0.0030505122
0.0046884967
0.0028711436
0.005804568
0.0027814594
0.004561444
0.002912249
0.0037654955
0.0025285992
0.0023828624
0.0034578284
0.003335758
0.0034192144
0.002422722
0.0026880382
0.0033606705
0.0023504763
0.0027690032
0.0025211256
0.0027802137
0.0026058275
0.002788933
0.0022558095
0.0027328802
0.0023405114
0.0023816167
0.002137476
0.0042973734
0.0022271604
0.0021598972
0.003141442
0.008949747
0.0023380201
0.0034055125
0.0021262656
0.0040694256
0.0021586516
0.0025659679
0.003669583
0.002380371
0.003031828
0.0023990553
0.0022433533
0.003180056
0.0030891262
0.0024264588
0.004294882
0.0024912308
0.0027328802
0.0023504763
0.0022919325
0.0025684591
0.0027764768
0.0022196868
0.0024837572
0.002040318
0.0038389869
0.0018920898
0.0023305465
0.0038539341
0.0033332668
0.0032996354
0.0043621454
0.004492935
0.008161272
0.0028001436
0.0026120555
0.0026456872
0.0026506695
0.0026133012
0.0025659679
0.0033581792
0.0034902145
0.0024899852
0.0024376693
0.0031377054
0.0024924765
0.0026668627
0.0030766702
0.003501425
0.004776935
0.0024912308
0.0027802137
0.003035565
0.002617038
0.0024314413
0.0023430027
0.0027254065
0.0039074956
0.002076441
0.0029384068
0.0022296517
0.0034092495
0.002714196
0.0032136878
0.0027939153
0.004217654
0.0041391803
0.002866161
0.002665617
0.0033320212
0.002523617
0.0024575992
0.0032298807
0.0029384068
0.0030841439
0.0038601623
0.0030691964
0.0033806004
0.0035587233
0.0033631616
0.004689742
0.0040320572
0.0027440907
0.0025472837
0.0028823542
0.0026319853
0.0024339326
0.0024277044
0.002503687
0.00311653
0.0027129503
0.0021873007
0.003035565
0.003122758
0.0021337392
0.0043708645
0.0025273538
0.0033706354
0.002062739
0.002224669
0.0025348275
0.01072724
0.002222178
0.012068768
0.0024040379
0.0045527243
0.002222178
0.0020590024
0.0075359736
0.0022147042
0.0020091776
0.0019979673
0.0023317921
0.0025672135
0.0019743005
0.002080178
0.0025410554
0.002044055
0.0020477918
0.0020913882
0.0027104593
0.0021611429
0.002080178
0.0021063357
0.002627003
0.0023704062
0.0021586516
0.002218441
0.002386599
0.002386599
0.0019095285
0.0021138093
0.0029981963
0.0021611429
0.002222178
0.002244599
0.0024737923
0.0023305465
0.0019394233
0.0021324935
0.0028885822
0.0027278978
0.0024264588
0.0024252133
0.0027129503
0.002280722
0.0023928273
0.0022583008
0.0030393016
0.0021723532
0.0021138093
0.0029757752
0.0030941088
0.0020116689
0.0024102658
0.0023492307
0.004197724
0.0025821608
0.0026606345
0.0030106525
0.0032336176
0.0025734415
0.0025746871
0.005697445
0.0026705994
0.0026955118
0.0022682657
0.00203409
0.0023280552
0.0021461954
0.0022533182
0.0020751953
0.0040345485
0.002111318
0.0025721958
0.0021985113
0.0021686165
0.0022620377
0.0023305465
0.002189792
0.0026282487
0.0023168446
0.0022732483
0.0024264588
0.0026930205
0.0023043884
0.0024625817
0.002040318
0.0028424945
0.0023367745
0.002044055
0.0020453006
0.002465073
0.0030044245
0.0022159498
0.0021075814
0.0052328305
0.0029957052
0.002080178
0.0029097577
0.0033955476
0.0022558095
0.0023081254
0.0022122131
0.0025746871
0.0022408622
0.0021648796
0.0024414062
0.0040021623
0.002072704
0.0026768276
0.0024787746
0.0030816526
0.002351722
0.002627003
0.002465073
0.0031003368
0.0038489518
0.0038800922
0.01630386
0.09833972
0.0
0.0
0.0
0.0
0.0
0.0
0.0
0.0
0.0
0.0
0.0
0.0
0.0
0.0
0.0
0.0061381254
1.1224856e-05
1.8708093e-05
1.0601253e-05
1.808449e-05
1.4966475e-05
1.3719269e-05
1.1224856e-05
2.806214e-05
7.4832374e-06
8.730443e-06
6.8596346e-06
1.18484595e-05
1.5590078e-05
1.5590078e-05
5.4877077e-05
0.0023896473
1.0601253e-05
1.8708093e-05
6.8596346e-06
1.4342872e-05
1.0601253e-05
2.5567728e-05
1.6213682e-05
7.4832374e-06
4.3652217e-06
1.8708093e-06
8.730443e-06
8.106841e-06
4.988825e-06
4.988825e-06
2.1202506e-05
0.007698381
0.00011287216
4.8017442e-05
2.8685745e-05
4.2405012e-05
3.180376e-05
2.806214e-05
0.00017897409
2.3073315e-05
2.0578904e-05
1.2472063e-05
6.734914e-05
3.180376e-05
1.0601253e-05
3.4298173e-05
0.00057059684
0.011756166
0.00026503133
0.00036480784
0.00011786099
6.797274e-05
0.00020391823
0.00031367238
0.00024881764
5.6747886e-05
7.2961564e-05
0.00010975415
9.166966e-05
9.354047e-05
6.360752e-05
7.0467155e-05
0.00015153555
0.026117122
0.00044899425
0.00096596126
0.00049638806
0.0003822687
0.00029496427
0.00062796834
0.0004577247
0.0003186612
0.00026752576
0.0004171905
0.00026752576
0.00028498663
0.0001583952
0.00021451947
0.00020828344
0.008774096
0.000157148
0.00032115562
0.00016400762
0.00014529953
0.00013656908
0.0004171905
0.00024569963
0.00021140146
0.00010476533
0.00016837285
0.00015777159
0.000109130546
0.00013282747
0.0001222262
0.00012659143
0.0034759638
3.1180156e-05
7.233796e-05
0.00018022131
0.00016899644
0.00013469828
0.0007813747
0.00045523027
7.545598e-05
4.1781408e-05
3.055655e-05
0.00032427363
6.797274e-05
6.797274e-05
0.00010975415
0.00036792585
0.008546481
0.00020267101
0.0005013769
0.000435275
0.00070841314
0.00058119814
0.0025679977
0.0014105903
0.00021701389
0.00013220386
0.00020765985
0.00037291468
0.00016088961
9.790569e-05
0.00014966475
0.00031055434
0.023085788
0.003144207
0.005041831
0.0010189675
0.0009460059
0.0006154963
0.0015159792
0.0019512542
0.0007009299
0.0005737149
0.00044712346
0.00062422676
0.00035171217
0.0008000828
0.0006385696
0.0019668443
0.020461665
0.0025149914
0.0038301705
0.005659822
0.006274071
0.0048011206
0.006799145
0.005689755
0.0010563837
0.0007826219
0.00072400324
0.00068908144
0.0006391932
0.0008936233
0.00092106184
0.0021202506
0.013618869
0.0012185206
0.0010133551
0.0008817748
0.0015739743
0.0010513949
0.002498154
0.001462973
0.0009759389
0.00060863665
0.0006416876
0.0007813747
0.0008948705
0.0009378991
0.001233487
0.0025355704
0.0043920367
0.00039723518
0.00030494193
0.0002943407
0.00046208993
0.0003822687
0.0006335808
0.00044275823
0.00034298172
0.00040908364
0.0005188378
0.00044837064
0.00044649985
0.00054752355
0.0005849397
0.0008867636
0.02047975
0.0025199803
0.005947303
0.0024295577
0.009192534
0.0053561274
0.0018757982
0.0035065203
0.018070148
0.004161304
0.0016163794
0.0035732458
0.007167694
0.0036069206
0.004616534
0.011882758
0.011211137
0.0018427472
0.0029371707
0.0012740212
0.00494642
0.0033568556
0.0012640435
0.0022618086
0.008833962
0.0033032259
0.00136382
0.0018508541
0.0037235343
0.0017074253
0.0028841645
0.0059872135
0.032308254
0.030056424
0.02979264
0.029934822
0.030171167
0.029978473
0.030213572
0.029876202
0.030793523
0.030054552
0.030449294
0.031063542
0.031065414
0.030014642
0.030902654
0.031192005
3279.0
12.740774
41777.0
0.006917682
0.003063887
0.002609091
0.015917849
0.008880485
0.0034468726
0.0040931613
0.0031596334
0.002992077
0.0024654714
0.0026330277
0.0028963306
0.003542619
0.004356464
0.008641118
0.0031356968
0.008569309
0.010364555
0.009837949
0.009574646
0.008545372
0.007899083
0.009431027
0.0087608015
0.009239534
0.009885822
0.0054336116
0.0024415348
0.002609091
0.035880987
0.0026569644
0.003997415
0.0022500418
0.015032195
0.008976231
0.011920434
0.010699667
0.01273428
0.009790076
0.011657132
0.008688992
0.011944371
0.009024104
0.009670393
0.010125188
0.010484238
0.0100533785
0.009119851
0.009526773
0.01081935
0.010173062
0.014338033
0.009861886
0.009263471
0.008976231
0.010723604
0.008976231
0.008736865
0.008497499
0.004045288
0.0032793165
0.0041170977
0.00459583
0.01733011
0.002680901
0.024295665
0.013428441
0.021303589
0.014912511
0.03700601
0.01740192
0.014361969
0.012111927
0.022931278
0.008114513
0.00940709
0.019101419
0.018503005
0.019364722
0.02178232
0.012997583
0.020848792
0.024439285
0.021878067
0.031237284
0.013524188
0.011058716
0.012040118
0.01096297
0.012064055
0.008617181
0.0022500418
0.003303253
0.0031356968
0.0028484573
0.0027766475
6.282979
1.0
0.0
0.0
14.0
802816.0
253952.0
0.0
0.0
0.0
0.0
0.0
0.0
0.0
0.0
625629700.0
0.0
0.0
0.0
0.0
0.0
1.0
0.0
0.0
0.0
0.0
0.0
0.0
-1.0
0.0
-1.0
-1.0
0.0
0.0
0.0
0.0
0.0
0.0
0.0
0.0
0.0
0.0
0.0
0.0
-1.0
0.0
0.0
0.0
0.0
0.0
0.0
0.0
0.0
0.0
0.0
0.0
0.0
-1.0
0.0
0.0
0.0
0.0
0.0
0.0
0.0
0.0
0.0
0.0
5.0
12.0
4.0
0.0
4.0
0.0
13824.0
1024.0
4096.0
5.0
1.0
0.0
4.0
4.0
0.0
0.0
0.0
0.0
0.0
0.0
0.0
0.0
0.0
0.0
0.0
0.0
0.0
0.0
0.0
0.0
0.0
0.0
0.0
0.0
0.0
0.0
0.0
0.0
0.0
0.0
-31744.0
0.0
0.0
0.0
0.0
0.0
-128000.0
0.0
0.0
0.0
0.0
0.0
0.0
0.0
0.0
-9728.0
0.0
0.0
0.0
0.0
0.0
0.0
0.0
0.0
0.0
0.0
0.0
0.0
0.0
0.0
0.0
0.0
0.0
0.0
0.0
0.0
0.0
0.0
0.0
0.0
0.0
0.0
0.0
0.0
0.0
0.0
0.0
0.0
0.0
0.0
-6.047816
0.0
0.0
0.0
0.0
0.0
-7.97922
0.0
0.0
0.0
0.0
0.0
0.0
0.0
0.0
-0.70884293
0.0
0.0
0.0
0.0
0.0
0.0
0.0
0.0
0.0
0.0
0.0
0.0
0.0
0.0
0.0
0.0
0.0
0.0
0.0
0.0
0.0
0.0
0.0
0.0
0.0
0.0
0.0
0.0
0.0
0.0
0.0
0.0
0.0
0.0
-32768.0
0.0
0.0
0.0
0.0
0.0
-129024.0
0.0
0.0
0.0
0.0
0.0
0.0
0.0
0.0
-9256.0
0.0
0.0
0.0
65536.0
0.0
0.0
0.0
0.0
0.0
0.0
0.0
-1.0
0.0
0.0
0.0
0.0
0.0
1.0
0.0
0.0
0.0
0.0
0.0
0.0
0.0
0.0
0.0
0.0
0.0
0.0
0.0
0.0
0.0
0.0
0.0
0.0
0.0
0.0
0.0
0.0
0.0
0.0
0.0
0.0
0.0
0.0
0.0
-2.0
0.0
0.0
0.0
1.0
0.0
0.0
0.0
0.0
0.0
0.0
0.0
0.0
0.0
0.0
0.0
0.0
0.0
0.0
0.0
0.0
0.0
0.0
0.0
-1.0
0.0
0.0
0.0
0.0
0.0
0.0
0.0
0.0
0.0
1.0
0.0
0.0
0.0
0.0
1.0
0.0
0.0
0.0
0.0
0.0
0.0
0.0
0.0
0.0
0.0
0.0
0.0
0.0
0.0
0.0
0.0
0.0
0.0
0.0
0.0
0.0
0.0
0.0
0.0
0.0
0.0
0.0
0.0
0.0
0.0
0.0
0.0
0.0
0.0
0.0
0.0
0.0
0.0
0.0
0.0
0.0
0.0
0.0
0.0
0.0
0.0
0.0
0.0
0.0
0.0
0.0
0.0
0.0
0.0
0.0
0.0
0.0
0.0
0.0
0.0
0.0
0.0
0.0
0.0
0.0
0.0
0.0
0.0
0.0
0.0
0.0
0.0
0.0
0.0
0.0
0.0
0.0
0.0
0.0
0.0
0.0
0.0
0.0
0.0
0.0
0.0
0.0
0.0
0.0
0.0
0.0
0.0
0.0
0.0
0.0
0.0
0.0
0.0
0.0
0.0
0.0
0.0
0.0
0.0
0.0
0.0
0.0
0.0
0.0
0.0
0.0
0.0
0.0
0.0
0.0
0.0
0.0
0.0
0.0
0.0
0.0
0.0
0.0
0.0
0.0
0.0
0.0
0.0
0.0
0.0
0.0
0.0
0.0
0.0
0.0
0.0
0.0
0.0
0.0
0.0
0.0
0.0
0.0
0.0
0.0
0.0
0.0
0.0
0.0
0.0
0.0
0.0
0.0
0.0
0.0
0.0
0.0
0.0
0.0
0.0
0.0
0.0
0.0
0.0
0.0
0.0
0.0
0.0
0.0
0.0
0.0
0.0
0.0
0.0
0.0
0.0
0.0
0.0
0.0
0.0
0.0
0.0
0.0
0.0
0.0
0.0
0.0
0.0
0.0
0.0
0.0
0.0
0.0
0.0
0.0
0.0
0.0
0.0
0.0
0.0
0.0
0.0
0.0
0.0
0.0
0.0
0.0
0.0
0.0
0.0
0.0
0.0
0.0
0.0
0.0
0.0
0.0
0.0
0.0
0.0
0.0
0.0
0.0
0.0
0.0
0.0
0.0
0.0
0.0
0.0
0.0
0.0
0.0
0.0
0.0
0.0
0.0
0.0
0.0
0.0
0.0
0.0
0.0
0.0
0.0
0.0
0.0
0.0
0.0
0.0
0.0
0.0
0.0
0.0
0.0
0.0
0.0
0.0
0.0
0.0
0.0
0.0
0.0
0.0
0.0
0.0
0.0
0.0
0.0
0.0
0.0
0.0
0.0
0.0
0.0
0.0
0.0
0.0
0.0
0.0
0.0
0.0
0.0
0.0
0.0
0.0
0.0
0.0
0.0
0.0
0.0
0.0
0.0
0.0
0.0
0.0
0.0
0.0
0.0
0.0
0.0
0.0
0.0
0.0
0.0
0.0
0.0
0.0
0.0
0.0
0.0
0.0
0.0
0.0
0.0
0.0
0.0
0.0
0.0
0.0
0.0
0.0
0.0
0.0
0.0
0.0
0.0
0.0
0.0
0.0
0.0
0.0
0.0
0.0
0.0
0.0
0.0
0.0
0.0
0.0
0.0
0.0
0.0
0.0
0.0
0.0
0.0
0.0
0.0
0.0
0.0
0.0
0.0
0.0
0.0
0.0
0.0
0.0
0.0
0.0
0.0
0.0
0.0
0.0
0.0
0.0
0.0
0.0
0.0
0.0
0.0
0.0
0.0
0.0
0.0
0.0
0.0
0.0
0.0
0.0
0.0
0.0
0.0
0.0
0.0
0.0
0.0
0.0
0.0
0.0
0.0
0.0
0.0
0.0
0.0
0.0
0.0
0.0
0.0
0.0
0.0
0.0
0.0
0.0
0.0
0.0
0.0
0.0
0.0
0.0
0.0
0.0
0.0
0.0
0.0
0.0
0.0
0.0
0.0
0.0
0.0
0.0
0.0
0.0
0.0
0.0
0.0
0.0
0.0
0.0
0.0
0.0
0.0
0.0
0.0
0.0
0.0
0.0
0.0
0.0
0.0
0.0
0.0
0.0
0.0
0.0
0.0
0.0
0.0
0.0
0.0
0.0
0.0
0.0
0.0
0.0
0.0
0.0
0.0
0.0
0.0
0.0
0.0
0.0
0.0
0.0
0.0
0.0
0.0
0.0
0.0
0.0
0.0
0.0
0.0
0.0
0.0
0.0
0.0
0.0
0.0
0.0
0.0
0.0
0.0
0.0
0.0
0.0
0.0
0.0
0.0
0.0
0.0
0.0
0.0
0.0
0.0
0.0
0.0
0.0
0.0
0.0
0.0
0.0
0.0
0.0
0.0
0.0
0.0
0.0
0.0
0.0
0.0
0.0
0.0
0.0
0.0
0.0
0.0
0.0
0.0
0.0
0.0
0.0
0.0
0.0
0.0
0.0
0.0
0.0
0.0
0.0
0.0
0.0
0.0
0.0
0.0
0.0
0.0
0.0
0.0
0.0
0.0
0.0
0.0
0.0
0.0
0.0
0.0
0.0
0.0
0.0
0.0
0.0
0.0
0.0
0.0
0.0
0.0
0.0
0.0
0.0
0.0
0.0
0.0
0.0
0.0
0.0
0.0
0.0
0.0
0.0
0.0
0.0
0.0
0.0
0.0
0.0
0.0
0.0
0.0
0.0
0.0
0.0
0.0
0.0
0.0
0.0
0.0
0.0
0.0
0.0
0.0
0.0
0.0
0.0
0.0
0.0
0.0
0.0
0.0
0.0
0.0
0.0
0.0
0.0
0.0
0.0
0.0
0.0
0.0
0.0
0.0
0.0
0.0
0.0
0.0
0.0
0.0
0.0
0.0
0.0
0.0
0.0
0.0
0.0
0.0
0.0
0.0
0.0
0.0
0.0
0.0
0.0
0.0
0.0
0.0
0.0
0.0
0.0
0.0
0.0
0.0
0.0
0.0
0.0
0.0
0.0
0.0
0.0
0.0
0.0
0.0
0.0
0.0
0.0
0.0
0.0
0.0
0.0
0.0
0.0
0.0
0.0
0.0
0.0
0.0
0.0
0.0
0.0
0.0
0.0
0.0
0.0
0.0
0.0
0.0
0.0
0.0
0.0
0.0
0.0
0.0
0.0
0.0
0.0
0.0
0.0
0.0
0.0
0.0
0.0
0.0
0.0
0.0
0.0
0.0
0.0
0.0
0.0
0.0
0.0
0.0
0.0
0.0
0.0
0.0
0.0
0.0
0.0
0.0
0.0
0.0
0.0
0.0
0.0
0.0
0.0
0.0
0.0
0.0
0.0
0.0
0.0
0.0
0.0
0.0
0.0
0.0
0.0
0.0
0.0
0.0
0.0
0.0
0.0
0.0
0.0
0.0
0.0
0.0
0.0
0.0
0.0
0.0
0.0
0.0
0.0
0.0
0.0
0.0
0.0
0.0
0.0
0.0
0.0
0.0
0.0
0.0
0.0
0.0
0.0
0.0
0.0
0.0
0.0
0.0
0.0
0.0
0.0
0.0
0.0
0.0
0.0
0.0
0.0
0.0
0.0
0.0
0.0
0.0
0.0
0.0
0.0
0.0
0.0
0.0
0.0
0.0
0.0
0.0
0.0
0.0
0.0
0.0
0.0
0.0
0.0
0.0
0.0
0.0
0.0
0.0
0.0
0.0
0.0
0.0
0.0
0.0
0.0
0.0
0.0
0.0
0.0
0.0
0.0
0.0
0.0
0.0
0.0
0.0
0.0
0.0
0.0
0.0
0.0
0.0
0.0
0.0
0.0
0.0
0.0
0.0
0.0
0.0
0.0
0.0
0.0
0.0
0.0
0.0
0.0
0.0
0.0
0.0
0.0
0.0
0.0
0.0
0.0
0.0
0.0
0.0
0.0
0.0
0.0
0.0
0.0
0.0
0.0
0.0
0.0
0.0
0.0
0.0
0.0
0.0
0.0
0.0
0.0
0.0
0.0
0.0
0.0
0.0
0.0
0.0
0.0
0.0
0.0
0.0
0.0
0.0
0.0
0.0
0.0
0.0
0.0
0.0
0.0
0.0
0.0
0.0
0.0
0.0
0.0
0.0
0.0
0.0
0.0
0.0
0.0
0.0
0.0
0.0
0.0
0.0
0.0
0.0
0.0
0.0
0.0
0.0
0.0
0.0
0.0
0.0
0.0
0.0
0.0
0.0
0.0
0.0
0.0
0.0
0.0
0.0
0.0
0.0
0.0
0.0
0.0
0.0
0.0
0.0
0.0
0.0
0.0
0.0
0.0
0.0
0.0
0.0
0.0
0.0
0.0
0.0
0.0
0.0
0.0
0.0
0.0
0.0
0.0
0.0
0.0
0.0
0.0
0.0
0.0
0.0
0.0
0.0
0.0
0.0
0.0
0.0
0.0
0.0
0.0
0.0
0.0
0.0
0.0
0.0
0.0
0.0
0.0
0.0
0.0
0.0
0.0
0.0
0.0
0.0
0.0
0.0
0.0
0.0
0.0
0.0
0.0
0.0
0.0
0.0
0.0
0.0
0.0
0.0
0.0
0.0
0.0
0.0
0.0
0.0
0.0
0.0
0.0
0.0
0.0
0.0
0.0
0.0
0.0
0.0
0.0
0.0
0.0
0.0
0.0
0.0
0.0
0.0
0.0
0.0
0.0
0.0
0.0
0.0
0.0
0.0
0.0
0.0
0.0
0.0
0.0
0.0
0.0
0.0
0.0
0.0
0.0
0.0
0.0
0.0
0.0
0.0
0.0
0.0
0.0
0.0
0.0
0.0
0.0
0.0
0.0
0.0
0.0
0.0
0.0
0.0
0.0
0.0
0.0
0.0
0.0
0.0
0.0
0.0
0.0
0.0
0.0
0.0
0.0
0.0
0.0
0.0
0.0
0.0
0.0
0.0
0.0
0.0
0.0
0.0
0.0
0.0
0.0
0.0
0.0
0.0
0.0
0.0
0.0
0.0
0.0
0.0
0.0
0.0
0.0
0.0
0.0
0.0
0.0
0.0
0.0
0.0
0.0
0.0
0.0
0.0
0.0
0.0
0.0
0.0
0.0
0.0
0.0
0.0
0.0
0.0
0.0
0.0
0.0
0.0
0.0
0.0
0.0
0.0
0.0
0.0
0.0
0.0
0.0
0.0
0.0
0.0
0.0
0.0
0.0
0.0
0.0
0.0
0.0
0.0
0.0
0.0
0.0
0.0
0.0
0.0
0.0
0.0
0.0
0.0
0.0
0.0
0.0
0.0
0.0
0.0
0.0
0.0
0.0
0.0
0.0
0.0
0.0
0.0
0.0
0.0
0.0
0.0
0.0
0.0
0.0
0.0
0.0
0.0
0.0
0.0
0.0
0.0
0.0
0.0
0.0
0.0
0.0
0.0
0.0
0.0
0.0
0.0
0.0
0.0
0.0
0.0
0.0
0.0
0.0
0.0
0.0
0.0
0.0
0.0
0.0
0.0
0.0
0.0
0.0
0.0
0.0
0.0
0.0
0.0
0.0
0.0
0.0
0.0
0.0
0.0
0.0
0.0
0.0
0.0
0.0
0.0
0.0
0.0
0.0
0.0
0.0
0.0
0.0
0.0
0.0
0.0
0.0
0.0
0.0
0.0
0.0
0.0
0.0
0.0
0.0
0.0
0.0
0.0
0.0
0.0
0.0
0.0
0.0
0.0
0.0
0.0
0.0
0.0
0.0
0.0
0.0
0.0
0.0
0.0
0.0
0.0
0.0
0.0
0.0
0.0
0.0
0.0
0.0
0.0
0.0
0.0
0.0
0.0
0.0
0.0
0.0
0.0
0.0
0.0
0.0
0.0
0.0
0.0
0.0
0.0
0.0
0.0
0.0
0.0
0.0
0.0
0.0
0.0
0.0
0.0
0.0
0.0
0.0
0.0
0.0
0.0
0.0
0.0
0.0
0.0
0.0
0.0
0.0
0.0
0.0
0.0
0.0
0.0
0.0
0.0
0.0
0.0
0.0
0.0
0.0
0.0
0.0
0.0
0.0
0.0
0.0
0.0
0.0
0.0
0.0
0.0
0.0
0.0
0.0
0.0
0.0
0.0
0.0
0.0
0.0
0.0
0.0
0.0
0.0
0.0
0.0
0.0
0.0
0.0
0.0
0.0
0.0
0.0
0.0
0.0
0.0
0.0
0.0
0.0
0.0
0.0
0.0
0.0
0.0
0.0
0.0
0.0
0.0
0.0
0.0
0.0
0.0
0.0
0.0
0.0
0.0
0.0
0.0
0.0
0.0
0.0
0.0
0.0
0.0
0.0
0.0
0.0
0.0
0.0
0.0
0.0
0.0
0.0
0.0
0.0
0.0
0.0
0.0
0.0
0.0
0.0
0.0
0.0
0.0
0.0
0.0
0.0
0.0
0.0
0.0
0.0
0.0
0.0
0.0
0.0
0.0
0.0
0.0
0.0
0.0
0.0
0.0
0.0
0.0
0.0
40.0
17410.0
0.0
0.0
0.0
0.0
0.0
0.0
0.0
0.0
0.0
0.0
0.0
0.0
0.0
0.0
0.0
0.0
0.0
0.0
0.0
0.0
52.0
17502.0
0.0
0.0
0.0
0.0
