0.010428804
0.00025963588
0.00014109389
0.0001283723
0.00022898843
0.000106398664
5.1464573e-05
5.5512348e-05
0.00028854856
5.4934095e-05
6.534266e-05
3.98995e-05
0.00017983688
7.517297e-05
3.2960455e-05
0.00013184182
0.00016480227
2.6021413e-05
1.9082368e-05
2.0238876e-05
6.0138376e-05
8.615979e-05
1.734761e-05
1.6191101e-05
5.4934095e-05
1.445634e-05
1.2143326e-05
1.2143326e-05
3.2960455e-05
1.445634e-05
1.5034594e-05
1.9660623e-05
0.00026599667
2.0238876e-05
1.5612848e-05
2.3130144e-05
0.00013357658
2.717792e-05
1.272158e-05
6.9390435e-06
3.0647443e-05
2.6021413e-05
6.9390435e-06
3.2382202e-05
1.734761e-05
1.3878087e-05
7.170345e-05
9.252058e-06
6.881218e-05
1.6191101e-05
2.4864905e-05
0.00012490278
2.891268e-05
4.0477753e-05
2.1395384e-05
1.272158e-05
4.5682034e-05
3.98995e-05
2.6021413e-05
8.731629e-05
3.353871e-05
2.717792e-05
1.7925862e-05
1.7925862e-05
0.0005013459
6.649917e-05
3.0069188e-05
4.8573304e-05
0.00015150245
0.00023361447
9.59901e-05
6.823392e-05
6.881218e-05
4.9151557e-05
2.0238876e-05
1.3878087e-05
4.5682034e-05
0.00013820261
2.891268e-05
2.6599666e-05
0.00016306753
6.071663e-05
6.649917e-05
0.00010697692
4.3369022e-05
0.00010408565
9.656836e-05
8.500328e-05
3.411696e-05
8.615979e-05
1.3299833e-05
2.891268e-05
3.180395e-05
4.8573304e-05
6.1294886e-05
4.799505e-05
2.3130144e-05
0.00015150245
1.9660623e-05
6.0138376e-05
7.517297e-05
0.00028218777
6.1873136e-05
3.9321247e-05
0.000106398664
0.00014571991
0.000103507395
2.6021413e-05
0.000111024696
4.3369022e-05
0.00012432452
0.00015786324
0.00013935912
9.830312e-06
0.0001682718
0.00012027675
0.0003729736
0.00030936569
5.60906e-05
5.435584e-05
7.9799e-05
3.7586484e-05
1.0986819e-05
2.7756174e-05
3.2960455e-05
6.881218e-05
1.9660623e-05
1.5034594e-05
0.00013993737
4.1056006e-05
1.734761e-05
0.00039321245
6.592091e-05
0.00017925863
6.9390435e-06
9.830312e-06
9.078582e-05
0.00022204939
6.939044e-05
0.00055165397
1.6191101e-05
0.00019776274
2.1973638e-05
3.8164737e-05
0.9716066
5.782536e-06
5.2042824e-06
8.095551e-06
1.3299833e-05
4.799505e-05
1.9082368e-05
1.734761e-05
1.0986819e-05
8.673805e-06
3.4695217e-06
6.36079e-06
8.095551e-06
1.7347609e-06
9.830312e-06
0.0023442402
4.279077e-05
3.700823e-05
1.272158e-05
3.180395e-05
9.830312e-06
1.272158e-05
6.36079e-06
4.0477753e-06
1.9660623e-05
8.095551e-06
6.36079e-06
6.9390435e-06
7.517297e-06
5.782536e-07
2.3130144e-06
2.891268e-06
1.272158e-05
2.891268e-06
4.626029e-06
2.3130144e-05
5.5512348e-05
4.626029e-06
1.5034594e-05
2.255189e-05
3.0647443e-05
6.9390435e-06
1.1565072e-05
8.673805e-06
8.673805e-06
1.3299833e-05
2.8334427e-05
1.734761e-05
0.00015381546
8.615979e-05
2.6599666e-05
0.00012895056
9.888137e-05
6.9390435e-06
4.279077e-05
0.000111602945
4.452553e-05
3.8164737e-05
1.0986819e-05
9.252058e-06
4.5682034e-05
5.2042824e-06
1.1565072e-05
1.5034594e-05
2.1395384e-05
2.6021413e-05
3.2382202e-05
1.7925862e-05
1.3299833e-05
4.626029e-06
7.517297e-06
6.9390435e-06
3.1225696e-05
5.782536e-06
1.0986819e-05
1.6769354e-05
1.9082368e-05
1.1565072e-06
7.517297e-06
6.9390435e-06
4.452553e-05
1.445634e-05
5.782536e-06
5.2042824e-06
3.0647443e-05
1.2143326e-05
1.6769354e-05
6.36079e-06
0.00023361447
6.4764405e-05
1.1565072e-05
0.00014861117
8.326852e-05
5.2042824e-06
1.0408565e-05
1.6769354e-05
8.153376e-05
1.5612848e-05
3.4695217e-06
3.2382202e-05
7.401646e-05
5.2042824e-06
7.170345e-05
0.00010871168
0.00015034594
4.163426e-05
2.1973638e-05
2.4864905e-05
0.00016248926
2.4864905e-05
4.510378e-05
0.0007817989
0.0011855365
0.0
0.0
0.0
0.0
0.0
0.0
0.0
0.0
0.97273266
0.0
0.0
0.0
0.0
0.0
0.0
0.00064139377
0.0
2.0260634e-06
2.315501e-06
3.4732514e-06
2.0260634e-06
2.1418384e-05
8.972566e-06
0.0
0.0010963897
0.0
2.8943762e-07
0.0
0.0
0.0
0.0
0.0
0.0
0.0
0.0
0.0
0.0
0.0
0.0
0.0
0.0
0.0
0.0
0.0
0.0
0.0
0.0
0.0010497902
1.8524008e-05
1.823457e-05
1.4471881e-06
1.0130317e-05
1.3024693e-05
1.7366257e-05
8.393691e-06
1.1866942e-05
2.315501e-06
6.3676275e-06
2.315501e-06
3.1838138e-06
3.762689e-06
4.631002e-06
1.4182443e-05
0.00078466535
2.8943762e-07
5.7887524e-07
8.6831284e-07
1.707682e-05
9.840879e-06
4.6888894e-05
2.6338823e-05
0.0
0.00029638413
2.8943762e-07
1.1577505e-06
5.7887524e-07
2.8943762e-07
2.8943762e-07
0.0
0.0
0.0
0.0
0.0
0.0
0.0
0.0
0.0
0.0
0.0
0.0
0.0
0.0
0.0
0.0
0.0
0.0012466077
5.7887523e-06
6.1650215e-05
3.039095e-05
8.3358034e-05
4.3415643e-05
0.00018552951
8.480522e-05
1.09986295e-05
1.7366257e-06
8.6831284e-07
3.4732514e-06
3.762689e-06
8.6831284e-07
3.4732514e-06
1.1577505e-05
0.0018839494
2.3733885e-05
0.0001299575
6.946503e-05
7.409603e-05
4.515227e-05
0.00037916328
0.00021649933
4.5731143e-05
7.2359403e-06
8.683129e-06
1.1866942e-05
9.5514415e-06
6.657065e-06
5.7887523e-06
4.631002e-05
0.00076585193
2.4602197e-05
1.3603568e-05
1.1577505e-05
3.762689e-05
3.9652954e-05
1.8524008e-05
3.270645e-05
6.830728e-05
1.3024693e-05
6.657065e-06
4.9204396e-06
3.3864202e-05
6.657065e-06
3.415364e-05
7.3806594e-05
0.001143568
1.3893005e-05
9.7829914e-05
6.743897e-05
0.00016208507
7.8437595e-05
0.00040839647
0.00024862692
4.515227e-05
7.2359403e-06
3.762689e-06
1.5340194e-05
1.215638e-05
4.631002e-06
6.9465027e-06
5.557202e-05
0.00018060907
4.3415644e-06
3.4732515e-05
2.0839509e-05
3.3574765e-05
1.9102883e-05
0.00016034844
0.00011288067
2.315501e-06
5.4993147e-06
2.315501e-06
2.8943762e-06
1.1577505e-06
2.8943762e-06
2.315501e-06
6.9465027e-06
0.0
0.0
0.0
0.0
0.0
0.0
0.0
0.0
0.0
0.0
0.0
0.0
0.0
0.0
0.0
0.0
0.00029985738
3.0969826e-05
1.331413e-05
1.1866942e-05
8.827847e-05
6.8886155e-05
2.1128946e-05
3.4732515e-05
0.00020058027
3.039095e-05
7.814816e-06
1.4761318e-05
6.714953e-05
6.3676275e-06
8.104253e-05
0.00020839508
0.001628376
0.00022720853
0.00015861182
0.00020000139
0.0006202648
0.00040579154
0.00013632512
0.0003600604
0.00097395753
0.00011982717
7.178053e-05
9.7829914e-05
0.00037279565
8.76996e-05
0.00031953913
0.0007403814
0.0012440028
0.0002324184
0.00017800413
0.00021765709
0.00045383818
0.00034414133
0.00012330043
0.00038408372
0.0007033334
7.178053e-05
0.000102460916
0.00011056517
0.0003308272
0.00010940742
0.00024949524
0.00047959812
0.0
0.0
0.0
0.0
0.0
0.0
0.0
0.0
0.0
0.0
0.0
0.0
0.0
0.0
0.0
0.0
243.0
17.11111
4158.0
0.07022607
0.0021645022
0.0007215007
0.00024050025
0.000962001
0.0014430014
0.0
0.00024050025
0.005050505
0.0045695044
0.0
0.0004810005
0.0
0.0031265032
0.024050023
0.0012025012
0.00937951
0.0031265032
0.0062530064
0.013227513
0.001924002
0.0033670033
0.0055315057
0.0016835016
0.0031265032
0.0012025012
0.001924002
0.0004810005
0.00024050025
0.00024050025
0.00024050025
0.0004810005
0.0026455026
0.01034151
0.0033670033
0.008658009
0.013468013
0.008417509
0.0074555073
0.0074555073
0.006012506
0.0036075036
0.000962001
0.0014430014
0.0036075036
0.006974507
0.0024050025
0.0031265032
0.00937951
0.0007215007
0.008417509
0.013468013
0.0045695044
0.0031265032
0.005291005
0.00986051
0.0012025012
0.0007215007
0.0007215007
0.0004810005
0.0036075036
0.0004810005
0.0004810005
0.0007215007
0.0016835016
0.053631555
0.005050505
0.02068302
0.018518519
0.103174604
0.007936508
0.0115440115
0.013468013
0.05098605
0.0012025012
0.0067340066
0.036315538
0.015392016
0.044973545
0.055315055
0.02020202
0.0
0.04858105
0.036796536
0.05146705
0.022847522
0.006974507
0.008898509
0.02068302
0.004810005
0.0024050025
0.008417509
0.0
0.0
0.0
0.0012025012
5.303963
1.0
0.0
0.0
1.0
1729345.0
57344.0
0.0
0.0
54.0
0.0
1.0
0.0
0.0
0.0
1083884500.0
0.0
0.0
0.0
0.0
0.0
1.0
0.0
0.0
0.0
0.0
0.0
0.0
-1.0
0.0
-1.0
-1.0
0.0
0.0
0.0
0.0
0.0
0.0
0.0
0.0
0.0
0.0
0.0
0.0
-1.0
0.0
0.0
0.0
0.0
0.0
0.0
0.0
0.0
0.0
0.0
0.0
0.0
-1.0
0.0
0.0
0.0
0.0
0.0
0.0
0.0
0.0
0.0
0.0
6.0
0.0
4.0
0.0
4.0
0.0
24576.0
4096.0
4096.0
5.0
0.0
0.0
1.0
1.0
0.0
0.0
4096.0
0.0
0.0
0.0
0.0
0.0
0.0
0.0
0.0
0.0
0.0
0.0
4096.0
0.0
0.0
0.0
0.0
0.0
0.0
0.0
0.0
0.0
0.0
0.0
0.0
0.0
0.0
0.0
0.0
0.0
-8192.0
0.0
0.0
0.0
0.0
0.0
0.0
0.0
0.0
-24576.0
0.0
4096.0
0.0
0.0
0.0
0.0
0.0
0.0
0.0
0.0
0.0
0.0
0.0
0.0
0.0
0.0
0.0
0.0
0.0
0.0
0.0
0.0
5.297788
0.0
0.0
0.0
0.0
0.0
0.0
0.0
0.0
0.0
0.0
0.0
0.0
0.0
0.0
0.0
0.0
0.0
-3.429211
0.0
0.0
0.0
0.0
0.0
0.0
0.0
0.0
-6.5496798
0.0
3.7997313
0.0
0.0
0.0
0.0
0.0
0.0
0.0
0.0
3942.0
0.0
0.0
0.0
0.0
0.0
0.0
0.0
0.0
0.0
0.0
0.0
2476.0
0.0
0.0
0.0
0.0
0.0
0.0
0.0
0.0
0.0
0.0
0.0
0.0
0.0
0.0
0.0
0.0
0.0
-13432.0
0.0
0.0
0.0
0.0
0.0
0.0
0.0
0.0
-23376.0
0.0
2392.0
0.0
0.0
0.0
0.0
0.0
0.0
0.0
0.0
0.0
-1.0
0.0
0.0
0.0
0.0
0.0
1.0
0.0
0.0
0.0
0.0
0.0
0.0
0.0
0.0
0.0
0.0
0.0
0.0
0.0
0.0
0.0
0.0
0.0
0.0
0.0
0.0
0.0
0.0
0.0
0.0
0.0
0.0
0.0
0.0
0.0
-2.0
0.0
0.0
0.0
1.0
0.0
0.0
0.0
0.0
0.0
0.0
0.0
0.0
0.0
0.0
0.0
0.0
0.0
0.0
0.0
0.0
0.0
0.0
0.0
-1.0
0.0
0.0
0.0
0.0
0.0
0.0
0.0
0.0
0.0
1.0
0.0
0.0
0.0
0.0
1.0
0.0
0.0
0.0
0.0
0.0
0.0
0.0
0.0
0.0
0.0
0.0
0.0
0.0
0.0
0.0
0.0
0.0
0.0
0.0
0.0
0.0
0.0
0.0
0.0
0.0
0.0
0.0
0.0
0.0
0.0
0.0
0.0
0.0
0.0
0.0
0.0
0.0
0.0
0.0
0.0
0.0
0.0
0.0
0.0
0.0
0.0
0.0
0.0
0.0
0.0
0.0
-1.0
0.0
0.0
0.0
0.0
0.0
0.0
0.0
0.0
0.0
0.0
0.0
0.0
0.0
0.0
0.0
0.0
0.0
0.0
0.0
0.0
0.0
0.0
0.0
0.0
0.0
0.0
0.0
0.0
0.0
0.0
0.0
0.0
0.0
0.0
0.0
0.0
0.0
0.0
0.0
0.0
0.0
0.0
0.0
0.0
0.0
0.0
0.0
0.0
0.0
0.0
0.0
0.0
0.0
0.0
0.0
0.0
0.0
0.0
0.0
0.0
0.0
0.0
0.0
0.0
0.0
0.0
0.0
0.0
0.0
-1.0
0.0
0.0
0.0
0.0
0.0
0.0
0.0
0.0
0.0
0.0
0.0
0.0
0.0
0.0
0.0
0.0
1.0
0.0
0.0
0.0
0.0
0.0
0.0
0.0
0.0
0.0
0.0
0.0
0.0
0.0
0.0
0.0
0.0
0.0
0.0
0.0
0.0
0.0
0.0
0.0
0.0
0.0
0.0
0.0
0.0
0.0
0.0
0.0
0.0
0.0
0.0
0.0
0.0
0.0
0.0
0.0
0.0
0.0
0.0
0.0
0.0
0.0
0.0
0.0
0.0
0.0
0.0
0.0
0.0
0.0
0.0
0.0
0.0
0.0
0.0
0.0
0.0
0.0
0.0
0.0
0.0
0.0
0.0
0.0
0.0
0.0
0.0
0.0
0.0
0.0
0.0
0.0
0.0
0.0
0.0
0.0
0.0
0.0
0.0
0.0
0.0
0.0
0.0
0.0
0.0
0.0
0.0
0.0
0.0
0.0
0.0
0.0
0.0
0.0
0.0
0.0
0.0
0.0
0.0
0.0
0.0
0.0
0.0
0.0
0.0
0.0
0.0
0.0
0.0
0.0
0.0
0.0
0.0
0.0
0.0
0.0
0.0
0.0
0.0
0.0
0.0
0.0
0.0
0.0
0.0
0.0
0.0
0.0
0.0
0.0
0.0
0.0
0.0
0.0
0.0
0.0
0.0
0.0
0.0
0.0
0.0
0.0
0.0
0.0
0.0
0.0
0.0
0.0
0.0
0.0
0.0
0.0
0.0
0.0
0.0
0.0
0.0
0.0
0.0
0.0
0.0
0.0
0.0
0.0
0.0
0.0
0.0
0.0
0.0
0.0
0.0
0.0
0.0
0.0
0.0
0.0
0.0
0.0
0.0
0.0
0.0
0.0
-1.0
0.0
0.0
0.0
0.0
0.0
0.0
0.0
0.0
0.0
0.0
0.0
0.0
0.0
0.0
0.0
0.0
0.0
0.0
0.0
0.0
0.0
0.0
0.0
0.0
0.0
0.0
0.0
0.0
0.0
0.0
0.0
0.0
0.0
0.0
0.0
0.0
1.0
0.0
0.0
0.0
0.0
0.0
0.0
0.0
0.0
0.0
0.0
0.0
0.0
0.0
0.0
0.0
0.0
0.0
0.0
0.0
0.0
0.0
1.0
0.0
0.0
0.0
0.0
1.0
0.0
0.0
0.0
0.0
0.0
0.0
0.0
0.0
0.0
0.0
0.0
0.0
0.0
0.0
0.0
0.0
1.0
0.0
0.0
0.0
0.0
0.0
0.0
0.0
0.0
0.0
0.0
0.0
0.0
0.0
0.0
0.0
0.0
0.0
0.0
0.0
0.0
0.0
0.0
0.0
0.0
0.0
0.0
0.0
0.0
0.0
0.0
0.0
0.0
0.0
0.0
0.0
0.0
0.0
0.0
0.0
0.0
0.0
0.0
0.0
0.0
-1.0
0.0
0.0
0.0
0.0
0.0
0.0
0.0
0.0
0.0
0.0
0.0
0.0
0.0
0.0
0.0
0.0
0.0
0.0
0.0
0.0
0.0
0.0
0.0
0.0
0.0
0.0
0.0
0.0
0.0
0.0
0.0
0.0
0.0
0.0
0.0
0.0
0.0
0.0
0.0
0.0
0.0
0.0
0.0
0.0
0.0
0.0
0.0
-1.0
0.0
0.0
0.0
0.0
0.0
0.0
0.0
0.0
0.0
0.0
0.0
0.0
0.0
0.0
0.0
0.0
0.0
0.0
0.0
0.0
0.0
0.0
0.0
0.0
0.0
0.0
0.0
0.0
0.0
0.0
1.0
0.0
0.0
0.0
0.0
0.0
0.0
0.0
0.0
0.0
0.0
0.0
0.0
0.0
0.0
0.0
0.0
0.0
0.0
0.0
0.0
0.0
0.0
0.0
0.0
0.0
0.0
0.0
-1.0
0.0
0.0
0.0
0.0
0.0
0.0
0.0
0.0
0.0
0.0
0.0
0.0
0.0
0.0
0.0
0.0
0.0
0.0
0.0
0.0
0.0
0.0
0.0
0.0
0.0
0.0
0.0
0.0
0.0
0.0
0.0
0.0
0.0
0.0
0.0
0.0
0.0
0.0
0.0
0.0
0.0
0.0
-1.0
0.0
0.0
1.0
0.0
0.0
0.0
0.0
0.0
0.0
0.0
0.0
0.0
0.0
0.0
0.0
0.0
0.0
0.0
0.0
0.0
0.0
0.0
0.0
0.0
0.0
0.0
0.0
0.0
0.0
0.0
0.0
0.0
0.0
0.0
0.0
0.0
0.0
0.0
0.0
0.0
0.0
0.0
0.0
0.0
0.0
0.0
-1.0
0.0
0.0
0.0
-1.0
0.0
0.0
0.0
0.0
0.0
0.0
0.0
0.0
0.0
0.0
0.0
0.0
0.0
0.0
0.0
0.0
0.0
0.0
0.0
0.0
0.0
0.0
0.0
0.0
0.0
0.0
0.0
0.0
0.0
0.0
0.0
0.0
0.0
0.0
1.0
0.0
0.0
0.0
0.0
0.0
0.0
0.0
0.0
0.0
0.0
-1.0
0.0
0.0
0.0
0.0
0.0
0.0
0.0
0.0
0.0
0.0
0.0
0.0
0.0
0.0
0.0
0.0
0.0
0.0
0.0
0.0
0.0
0.0
0.0
0.0
0.0
0.0
0.0
0.0
0.0
0.0
1.0
0.0
0.0
0.0
0.0
0.0
0.0
0.0
0.0
0.0
0.0
0.0
0.0
0.0
0.0
0.0
0.0
0.0
0.0
0.0
0.0
0.0
0.0
0.0
0.0
0.0
0.0
0.0
0.0
0.0
0.0
0.0
0.0
0.0
0.0
0.0
0.0
0.0
0.0
-1.0
0.0
0.0
0.0
0.0
0.0
0.0
0.0
0.0
0.0
0.0
0.0
0.0
0.0
0.0
0.0
0.0
0.0
0.0
-1.0
0.0
0.0
0.0
0.0
0.0
0.0
0.0
0.0
0.0
0.0
0.0
0.0
0.0
0.0
0.0
0.0
0.0
0.0
0.0
0.0
0.0
0.0
0.0
0.0
0.0
0.0
0.0
0.0
0.0
0.0
0.0
0.0
0.0
0.0
0.0
0.0
0.0
0.0
0.0
0.0
0.0
0.0
0.0
0.0
0.0
0.0
0.0
0.0
0.0
0.0
0.0
0.0
0.0
0.0
0.0
0.0
0.0
0.0
0.0
0.0
0.0
0.0
0.0
0.0
0.0
0.0
0.0
0.0
1.0
0.0
0.0
-2.0
0.0
0.0
0.0
0.0
0.0
0.0
0.0
0.0
0.0
0.0
0.0
0.0
0.0
0.0
1.0
0.0
0.0
0.0
-1.0
0.0
0.0
0.0
0.0
0.0
0.0
0.0
0.0
0.0
0.0
0.0
-1.0
0.0
0.0
0.0
0.0
0.0
0.0
1.0
0.0
0.0
0.0
0.0
0.0
0.0
0.0
0.0
0.0
0.0
0.0
0.0
0.0
0.0
0.0
0.0
0.0
1.0
0.0
1.0
0.0
0.0
0.0
0.0
0.0
1.0
0.0
0.0
0.0
0.0
0.0
0.0
0.0
0.0
-1.0
0.0
0.0
0.0
0.0
0.0
0.0
0.0
0.0
0.0
0.0
0.0
0.0
0.0
0.0
1.0
0.0
0.0
0.0
0.0
0.0
0.0
0.0
0.0
0.0
0.0
0.0
0.0
0.0
0.0
0.0
0.0
0.0
0.0
0.0
0.0
0.0
0.0
0.0
0.0
0.0
0.0
0.0
0.0
0.0
0.0
0.0
0.0
0.0
0.0
0.0
0.0
0.0
0.0
0.0
0.0
0.0
0.0
0.0
0.0
0.0
0.0
0.0
0.0
-1.0
0.0
0.0
0.0
0.0
0.0
0.0
0.0
0.0
0.0
0.0
0.0
0.0
0.0
0.0
0.0
0.0
0.0
0.0
0.0
0.0
0.0
0.0
0.0
1.0
0.0
0.0
0.0
0.0
0.0
0.0
1.0
0.0
0.0
0.0
0.0
0.0
0.0
0.0
0.0
0.0
0.0
0.0
0.0
0.0
0.0
0.0
0.0
0.0
0.0
0.0
0.0
0.0
0.0
0.0
0.0
1.0
0.0
0.0
0.0
0.0
0.0
0.0
0.0
0.0
0.0
0.0
-1.0
0.0
0.0
0.0
0.0
0.0
0.0
0.0
0.0
0.0
-1.0
0.0
0.0
0.0
0.0
0.0
0.0
0.0
0.0
0.0
0.0
0.0
0.0
0.0
0.0
1.0
0.0
0.0
0.0
0.0
0.0
0.0
0.0
0.0
0.0
0.0
0.0
0.0
0.0
0.0
0.0
0.0
0.0
0.0
-1.0
1.0
0.0
0.0
0.0
0.0
0.0
0.0
0.0
0.0
0.0
0.0
0.0
0.0
0.0
0.0
0.0
0.0
0.0
1.0
0.0
0.0
0.0
-1.0
0.0
0.0
0.0
0.0
0.0
0.0
0.0
0.0
1.0
0.0
0.0
0.0
0.0
0.0
0.0
0.0
0.0
0.0
0.0
0.0
0.0
0.0
0.0
0.0
0.0
0.0
0.0
0.0
0.0
0.0
0.0
0.0
0.0
-1.0
0.0
0.0
0.0
0.0
0.0
0.0
0.0
0.0
0.0
0.0
0.0
0.0
0.0
0.0
0.0
0.0
0.0
0.0
0.0
0.0
0.0
0.0
-1.0
0.0
0.0
0.0
0.0
0.0
0.0
0.0
0.0
0.0
0.0
0.0
0.0
0.0
0.0
0.0
0.0
0.0
0.0
0.0
0.0
0.0
0.0
0.0
-1.0
0.0
0.0
0.0
0.0
0.0
0.0
0.0
0.0
0.0
0.0
0.0
0.0
0.0
0.0
0.0
0.0
0.0
0.0
0.0
0.0
0.0
0.0
0.0
0.0
0.0
-1.0
-1.0
0.0
0.0
0.0
0.0
0.0
0.0
0.0
0.0
0.0
0.0
0.0
0.0
0.0
0.0
0.0
0.0
0.0
0.0
0.0
0.0
0.0
0.0
0.0
0.0
-1.0
0.0
0.0
0.0
0.0
0.0
0.0
0.0
0.0
0.0
0.0
0.0
0.0
0.0
0.0
0.0
0.0
0.0
0.0
0.0
0.0
0.0
0.0
0.0
0.0
0.0
0.0
0.0
0.0
0.0
0.0
0.0
0.0
0.0
0.0
0.0
0.0
0.0
0.0
0.0
0.0
0.0
0.0
0.0
0.0
0.0
0.0
0.0
0.0
0.0
0.0
0.0
0.0
0.0
0.0
0.0
0.0
0.0
0.0
0.0
0.0
0.0
0.0
0.0
0.0
0.0
0.0
0.0
0.0
0.0
0.0
0.0
0.0
0.0
0.0
0.0
0.0
0.0
0.0
0.0
0.0
0.0
0.0
0.0
0.0
0.0
0.0
0.0
0.0
0.0
0.0
0.0
0.0
0.0
0.0
0.0
0.0
0.0
0.0
0.0
0.0
0.0
0.0
0.0
0.0
0.0
0.0
0.0
0.0
0.0
0.0
0.0
0.0
0.0
0.0
0.0
0.0
0.0
0.0
0.0
0.0
0.0
0.0
0.0
0.0
0.0
0.0
0.0
0.0
0.0
0.0
0.0
0.0
0.0
0.0
0.0
0.0
0.0
0.0
0.0
0.0
0.0
0.0
0.0
0.0
0.0
0.0
0.0
0.0
0.0
0.0
0.0
0.0
0.0
0.0
0.0
0.0
0.0
0.0
0.0
0.0
0.0
0.0
0.0
0.0
0.0
0.0
0.0
0.0
80.0
29892.0
2392.0
49152.0
0.0
0.0
0.0
0.0
0.0
0.0
0.0
0.0
0.0
0.0
0.0
0.0
0.0
0.0
0.0
0.0
0.0
0.0
228.0
28672.0
0.0
0.0
0.0
0.0
