0.24410993
0.009387627
0.0054506767
0.0050090225
0.007986799
0.0036289673
0.0031918294
0.0034609763
0.009407497
0.0018957697
0.0022371707
0.0015146288
0.0057848524
0.0023338108
0.0012870281
0.004808517
0.0050605037
0.002593926
0.0014821144
0.0014387618
0.0032207312
0.003722898
0.0010901353
0.000813763
0.0026210214
0.0015480464
0.0010449764
0.0010693623
0.0022272358
0.0010070429
0.0009907858
0.0012066453
0.0056448597
0.00094743323
0.0014044411
0.0009049839
0.0035955498
0.0010856194
0.0007505405
0.00084808376
0.0020890497
0.00086795364
0.0007117039
0.0015245638
0.001424311
0.000941111
0.001343025
0.00082008523
0.0030834482
0.0017684216
0.0015959147
0.0062039266
0.00214595
0.0020628576
0.0015435305
0.0016193973
0.0024087746
0.0026950818
0.001714231
0.0039450796
0.0020899528
0.0021811738
0.0014477937
0.0015137256
0.006150639
0.0023934206
0.0021992375
0.0056900186
0.005192368
0.013850228
0.0049584447
0.004256676
0.0025325099
0.0015426272
0.0012888344
0.0008336329
0.0018135805
0.009052549
0.0017115215
0.0012274183
0.00968387
0.0033426601
0.0029678415
0.004569175
0.002461159
0.0043117697
0.0037915395
0.0034862654
0.0016257196
0.0033047267
0.0007117039
0.0011786467
0.001958992
0.0032902758
0.0018786093
0.0016925548
0.0015570781
0.003143058
0.00092395063
0.002141434
0.0029055222
0.006316824
0.003983013
0.0013728299
0.0056078294
0.0035910339
0.0061307694
0.0009943985
0.0034167208
0.0014712763
0.003657869
0.0039026302
0.0025288973
0.0007035753
0.004399378
0.0036849645
0.009714578
0.008945974
0.0016446863
0.0023058122
0.0018885443
0.001281609
0.0008074407
0.0009916889
0.0015173383
0.0028459125
0.0011867753
0.0014026348
0.0037825077
0.0016446863
0.00093930465
0.011384553
0.0028928777
0.008285751
0.0011994198
0.0012725772
0.002644504
0.0090706125
0.0015245638
0.022947032
0.0015670131
0.018391404
0.0008815013
0.0009799476
0.0014866303
0.00067828636
0.00066654506
0.0013285741
0.0015525622
0.0029091348
0.0007559596
0.0007956994
0.0014044411
0.001501081
0.0006132576
0.0006791895
0.00135296
0.0010278161
0.0007035753
0.000661126
0.0013014788
0.0014532127
0.0006249989
0.0010458796
0.0011840658
0.0011885817
0.0007378961
0.000717123
0.0013249614
0.0007126071
0.00083814876
0.0007613787
0.0013863776
0.00068641495
0.0007920867
0.00067467365
0.0019716367
0.0007857645
0.00096910953
0.00094562693
0.0018560298
0.0015597877
0.0011768404
0.0013249614
0.002929908
0.0010260097
0.00073157385
0.00075415324
0.0013601854
0.0010242034
0.0010305255
0.0008941458
0.0068189907
0.0023166505
0.0021206609
0.003367949
0.0037292202
0.0010061398
0.005950134
0.0037680569
0.0027492724
0.0016979738
0.0009438206
0.000885114
0.016137073
0.00079028035
0.0011967103
0.0010359447
0.0018406758
0.0010693623
0.0011614864
0.0011334878
0.0019571858
0.0006394497
0.0009745286
0.00087969494
0.0027637233
0.0008634378
0.00073699286
0.001337606
0.0017991296
0.00087969494
0.0007857645
0.0008733727
0.0028070759
0.0008932426
0.0008327297
0.0006972531
0.0025063178
0.0011334878
0.0008968553
0.0009591746
0.018206254
0.0050939214
0.001231031
0.0038764381
0.0046107215
0.0008300202
0.00086253457
0.0011940007
0.0037734758
0.0012075484
0.0010007208
0.0013637982
0.0021911087
0.0008128598
0.0018063551
0.0019002856
0.0035232957
0.0018930602
0.0022949742
0.0029768732
0.010376607
0.004922318
0.0065390053
0.071810745
0.06933955
2.2605614e-06
9.042245e-07
2.2605614e-06
2.7126737e-06
1.808449e-06
1.808449e-06
1.3563368e-06
1.3563368e-06
0.0
0.0
0.0
9.94647e-06
0.0
0.0
8.0475984e-05
0.0
0.0
0.0
0.0
0.0
0.0
0.0
0.0
0.0
0.0
0.0
0.0
0.0
0.0
0.0
0.0
0.0033279983
7.459852e-05
8.6353444e-05
8.590133e-06
1.5371817e-05
5.8774594e-06
7.685909e-06
5.8774594e-06
4.973235e-06
4.973235e-06
5.4253474e-06
4.0690106e-06
1.763238e-05
3.1647858e-06
4.0690106e-06
0.00012704355
0.0032633464
0.000116644966
3.3004195e-05
5.741826e-05
3.0291521e-05
2.4414063e-05
2.2153501e-05
2.2605613e-05
4.385489e-05
6.781684e-06
1.763238e-05
9.042245e-06
1.1754919e-05
1.0398582e-05
2.6222511e-05
8.138021e-06
0.0030657733
0.00010534216
4.6567562e-05
1.5823929e-05
7.640697e-05
8.680556e-05
7.143374e-05
4.8376012e-05
5.9226706e-05
1.2659143e-05
1.989294e-05
1.2207031e-05
3.0743635e-05
1.5823929e-05
1.4467592e-05
2.2153501e-05
0.005896448
0.00014105903
0.00014558015
4.1142215e-05
0.0002029984
7.5954864e-05
0.00022741247
0.00014105903
4.2950665e-05
5.5157696e-05
5.4705586e-05
3.119575e-05
6.826895e-05
4.340278e-05
9.0874564e-05
0.00014919705
0.0055162217
0.00014648438
8.9970345e-05
8.4545e-05
0.0002956814
6.691262e-05
6.0130933e-05
0.000107150605
0.00023374204
9.358724e-05
7.143374e-05
6.23915e-05
8.9970345e-05
5.0184462e-05
7.279008e-05
0.00036621094
0.027851924
0.0007355867
0.0012618453
0.00060176145
0.0029545536
0.0010859737
0.0034609195
0.0018423575
0.0003318504
0.0005330404
0.0003530997
0.0003386321
0.00031060114
0.00020842375
0.00032597294
0.002247902
0.031890642
0.00080837676
0.0022225839
0.0010647244
0.0040165656
0.0022668908
0.007225206
0.004422562
0.0009901258
0.0013522678
0.00030788846
0.00026629414
0.000394694
0.00048330802
0.00025996455
0.0022130895
0.018542932
0.0012342664
0.0016185619
0.0008581091
0.003556315
0.0021769207
0.0077822083
0.0047015157
0.00084273727
0.00031467015
0.00034360532
0.00042860242
0.00047652633
0.00032687717
0.00052264176
0.002569806
0.014270471
0.00058548537
0.001300727
0.0010525173
0.002223036
0.001546224
0.004968714
0.002943703
0.00077085145
0.0010932075
0.0006207501
0.0005285192
0.0008413809
0.00038746023
0.0004643193
0.0015878183
0.012189851
0.0013604058
0.0014341001
0.011222783
0.001735659
0.0013414171
0.0019838687
0.0016443323
0.0018301505
0.0017460575
0.0012125651
0.0013233327
0.0016163014
0.0012948496
0.0015805844
0.0037059642
0.012051957
0.0012862594
0.0010281033
0.001538538
0.003194173
0.0018699364
0.0013215241
0.0015516493
0.0072564017
0.001623083
0.0013649269
0.0015810366
0.0031602648
0.0014992043
0.0042620623
0.013744213
0.059444625
0.011672635
0.0060221353
0.008554868
0.026579227
0.020995641
0.011331742
0.011665401
0.046989385
0.0048272028
0.0042381003
0.007650192
0.026100442
0.006498662
0.02187907
0.06073586
0.03981165
0.008822971
0.0053213616
0.008673774
0.015579336
0.014638944
0.008216688
0.012534813
0.025862178
0.002476671
0.0027809425
0.004086643
0.017404063
0.004885977
0.013203487
0.026811615
0.004885977
0.004027868
0.004268844
0.004235388
0.004248499
0.00409026
0.0043904623
0.004200123
0.0042177555
0.003975423
0.004030129
0.004010688
0.0040115924
0.0039853696
0.003954626
0.0041336627
4116.0
14.258018
58686.0
0.03193266
0.0013461473
0.0027263742
0.0017551035
0.005946904
0.0025218963
0.0014483863
0.003067171
0.008179123
0.002436697
0.0014483863
0.0020618206
0.0039873226
0.002845653
0.007599768
0.0036294858
0.0148417
0.010411342
0.008945916
0.010292063
0.010070545
0.008110964
0.0085539995
0.007276011
0.008417681
0.007804246
0.0073441705
0.007565689
0.008042804
0.0085539995
0.006764816
0.0072589717
0.005180111
0.013069557
0.003084211
0.011825648
0.014603142
0.007207852
0.006577378
0.008145043
0.0052823504
0.009099274
0.001686944
0.002027741
0.0061854618
0.007599768
0.006560338
0.004873394
0.01376819
0.002862693
0.007088573
0.023106022
0.00850288
0.0049074735
0.012490202
0.014040828
0.0054868283
0.0026411752
0.0016699042
0.0016528644
0.014449784
0.011127015
0.0037658045
0.0042769997
0.0035613263
0.028269093
0.0053505097
0.02014109
0.018811982
0.058412567
0.010701019
0.00945711
0.010837338
0.03511911
0.003799884
0.003067171
0.026803667
0.011297413
0.03390928
0.04457622
0.013870429
0.0016528644
0.041986164
0.031387385
0.049381454
0.01690352
0.005623147
0.015318816
0.0070715332
0.0073782504
0.001806223
0.0034761273
0.0027093345
0.001686944
0.0015676653
0.006032103
5.998551
38.0
24.0
6.0
9.0
1107202.0
217088.0
0.0
0.0
2.0
1.0
1.0
0.0
0.0
0.0
1155406700.0
0.0
0.0
0.0
0.0
0.0
1.0
0.0
0.0
0.0
0.0
0.0
0.0
-1.0
0.0
-1.0
-1.0
0.0
0.0
0.0
0.0
0.0
0.0
0.0
0.0
0.0
0.0
0.0
0.0
-1.0
0.0
0.0
0.0
0.0
0.0
0.0
0.0
0.0
0.0
0.0
0.0
0.0
-1.0
0.0
0.0
0.0
0.0
0.0
0.0
0.0
0.0
0.0
0.0
6.0
0.0
4.0
0.0
4.0
0.0
0.0
4096.0
4096.0
5.0
0.0
0.0
0.0
5.0
0.0
0.0
0.0
0.0
0.0
0.0
0.0
0.0
0.0
0.0
0.0
0.0
0.0
0.0
0.0
0.0
0.0
-80384.0
0.0
0.0
0.0
0.0
0.0
0.0
0.0
0.0
0.0
0.0
0.0
0.0
0.0
0.0
0.0
0.0
0.0
0.0
0.0
0.0
0.0
0.0
0.0
0.0
0.0
512.0
0.0
0.0
0.0
0.0
0.0
0.0
0.0
0.0
0.0
0.0
0.0
0.0
0.0
0.0
0.0
0.0
0.0
0.0
0.0
0.0
0.0
0.0
0.0
-30.829527
0.0
0.0
0.0
0.0
0.0
0.0
0.0
0.0
0.0
0.0
0.0
0.0
0.0
0.0
0.0
0.0
0.0
0.0
0.0
0.0
0.0
0.0
0.0
0.0
0.0
4.674848
0.0
0.0
0.0
0.0
0.0
0.0
0.0
0.0
0.0
0.0
0.0
0.0
0.0
0.0
0.0
0.0
0.0
0.0
0.0
0.0
0.0
0.0
0.0
-200704.0
0.0
0.0
0.0
0.0
0.0
0.0
0.0
0.0
0.0
0.0
0.0
0.0
0.0
0.0
0.0
0.0
0.0
0.0
0.0
0.0
0.0
0.0
0.0
0.0
0.0
12288.0
0.0
0.0
0.0
0.0
0.0
0.0
0.0
0.0
0.0
0.0
0.0
0.0
0.0
0.0
0.0
0.0
0.0
0.0
0.0
0.0
0.0
0.0
0.0
0.0
0.0
0.0
0.0
0.0
0.0
0.0
0.0
0.0
0.0
0.0
0.0
0.0
0.0
0.0
0.0
0.0
0.0
0.0
0.0
0.0
0.0
0.0
0.0
0.0
0.0
0.0
0.0
0.0
0.0
0.0
0.0
0.0
0.0
0.0
0.0
0.0
0.0
0.0
0.0
0.0
0.0
0.0
0.0
0.0
0.0
0.0
0.0
0.0
0.0
0.0
0.0
0.0
0.0
0.0
0.0
0.0
0.0
0.0
0.0
0.0
0.0
0.0
0.0
0.0
0.0
0.0
0.0
0.0
0.0
0.0
0.0
0.0
0.0
0.0
0.0
0.0
0.0
0.0
0.0
0.0
0.0
0.0
0.0
0.0
0.0
0.0
0.0
0.0
0.0
0.0
0.0
0.0
0.0
0.0
0.0
0.0
0.0
0.0
0.0
0.0
0.0
0.0
0.0
0.0
0.0
0.0
0.0
0.0
0.0
0.0
0.0
0.0
-1.0
0.0
0.0
0.0
0.0
0.0
0.0
0.0
0.0
0.0
0.0
0.0
0.0
0.0
0.0
0.0
0.0
0.0
0.0
0.0
0.0
0.0
0.0
0.0
0.0
0.0
0.0
0.0
0.0
0.0
0.0
0.0
0.0
0.0
0.0
0.0
0.0
0.0
0.0
0.0
0.0
0.0
0.0
0.0
0.0
0.0
0.0
0.0
0.0
0.0
0.0
0.0
0.0
0.0
0.0
0.0
0.0
0.0
0.0
0.0
0.0
0.0
0.0
0.0
0.0
0.0
0.0
0.0
0.0
0.0
0.0
0.0
0.0
0.0
0.0
0.0
0.0
0.0
0.0
0.0
0.0
0.0
0.0
0.0
0.0
0.0
0.0
1.0
0.0
0.0
0.0
0.0
0.0
0.0
0.0
0.0
0.0
0.0
0.0
0.0
0.0
0.0
0.0
0.0
0.0
0.0
0.0
0.0
0.0
0.0
0.0
0.0
0.0
0.0
0.0
0.0
0.0
0.0
0.0
0.0
0.0
0.0
0.0
0.0
0.0
0.0
0.0
0.0
0.0
0.0
0.0
0.0
0.0
0.0
0.0
0.0
0.0
0.0
0.0
0.0
0.0
0.0
0.0
0.0
0.0
0.0
0.0
0.0
0.0
0.0
0.0
0.0
0.0
0.0
0.0
0.0
0.0
0.0
0.0
0.0
0.0
0.0
0.0
0.0
0.0
0.0
0.0
0.0
0.0
0.0
0.0
0.0
0.0
0.0
0.0
0.0
0.0
0.0
0.0
0.0
0.0
0.0
0.0
0.0
0.0
0.0
0.0
0.0
0.0
0.0
0.0
0.0
0.0
0.0
0.0
0.0
0.0
0.0
0.0
0.0
0.0
0.0
0.0
0.0
0.0
0.0
0.0
0.0
0.0
0.0
0.0
0.0
0.0
0.0
0.0
0.0
0.0
0.0
0.0
0.0
0.0
0.0
0.0
0.0
0.0
0.0
0.0
0.0
0.0
0.0
0.0
0.0
0.0
0.0
0.0
0.0
0.0
0.0
0.0
0.0
0.0
0.0
0.0
0.0
0.0
0.0
0.0
0.0
0.0
0.0
0.0
0.0
0.0
0.0
0.0
0.0
0.0
0.0
0.0
0.0
0.0
0.0
0.0
0.0
0.0
0.0
0.0
0.0
0.0
0.0
0.0
0.0
0.0
0.0
0.0
0.0
0.0
0.0
0.0
0.0
0.0
0.0
0.0
0.0
0.0
0.0
0.0
0.0
0.0
0.0
0.0
0.0
0.0
0.0
0.0
0.0
0.0
0.0
0.0
0.0
0.0
0.0
0.0
0.0
0.0
0.0
0.0
0.0
0.0
0.0
0.0
0.0
0.0
0.0
0.0
0.0
0.0
0.0
0.0
0.0
0.0
0.0
0.0
0.0
0.0
0.0
0.0
0.0
0.0
0.0
0.0
0.0
0.0
0.0
0.0
0.0
0.0
0.0
0.0
0.0
0.0
0.0
0.0
0.0
0.0
0.0
0.0
0.0
0.0
0.0
0.0
0.0
0.0
0.0
0.0
0.0
0.0
0.0
0.0
0.0
0.0
0.0
0.0
0.0
0.0
0.0
0.0
0.0
0.0
0.0
0.0
0.0
0.0
0.0
0.0
0.0
0.0
0.0
0.0
0.0
0.0
0.0
0.0
0.0
0.0
0.0
0.0
0.0
0.0
0.0
0.0
0.0
0.0
0.0
0.0
0.0
0.0
0.0
0.0
0.0
0.0
0.0
0.0
0.0
0.0
0.0
0.0
0.0
0.0
0.0
0.0
0.0
0.0
0.0
0.0
0.0
0.0
0.0
0.0
0.0
0.0
0.0
0.0
0.0
0.0
0.0
0.0
0.0
0.0
0.0
0.0
0.0
0.0
0.0
0.0
0.0
0.0
0.0
0.0
0.0
0.0
0.0
0.0
0.0
0.0
0.0
0.0
0.0
0.0
0.0
0.0
0.0
0.0
0.0
0.0
0.0
0.0
0.0
0.0
0.0
0.0
0.0
0.0
0.0
0.0
0.0
0.0
0.0
0.0
0.0
0.0
0.0
0.0
0.0
0.0
0.0
0.0
0.0
0.0
0.0
0.0
0.0
0.0
0.0
0.0
0.0
0.0
0.0
0.0
0.0
0.0
0.0
0.0
0.0
0.0
0.0
0.0
0.0
0.0
0.0
0.0
0.0
0.0
0.0
0.0
0.0
-1.0
0.0
0.0
0.0
0.0
0.0
0.0
0.0
0.0
0.0
0.0
0.0
0.0
0.0
0.0
0.0
0.0
0.0
0.0
0.0
0.0
0.0
0.0
0.0
0.0
0.0
0.0
0.0
0.0
0.0
0.0
0.0
0.0
0.0
0.0
0.0
0.0
0.0
0.0
0.0
0.0
0.0
0.0
0.0
0.0
0.0
0.0
0.0
0.0
0.0
0.0
0.0
0.0
0.0
0.0
0.0
0.0
0.0
0.0
0.0
0.0
0.0
0.0
0.0
0.0
0.0
0.0
0.0
0.0
0.0
0.0
0.0
0.0
0.0
0.0
0.0
0.0
0.0
0.0
0.0
0.0
0.0
0.0
0.0
0.0
0.0
0.0
0.0
0.0
0.0
0.0
0.0
0.0
0.0
0.0
0.0
0.0
0.0
0.0
0.0
0.0
0.0
0.0
0.0
0.0
0.0
0.0
0.0
0.0
0.0
0.0
0.0
0.0
0.0
0.0
0.0
0.0
0.0
0.0
0.0
0.0
0.0
0.0
0.0
0.0
0.0
0.0
0.0
0.0
1.0
0.0
0.0
0.0
0.0
0.0
0.0
0.0
0.0
0.0
0.0
0.0
0.0
0.0
0.0
0.0
0.0
0.0
0.0
0.0
0.0
0.0
0.0
0.0
0.0
0.0
0.0
0.0
0.0
0.0
0.0
0.0
0.0
0.0
0.0
0.0
0.0
0.0
0.0
0.0
0.0
0.0
0.0
0.0
0.0
0.0
0.0
0.0
0.0
0.0
0.0
0.0
0.0
0.0
0.0
0.0
0.0
0.0
0.0
0.0
0.0
0.0
0.0
0.0
0.0
0.0
0.0
0.0
0.0
0.0
0.0
0.0
0.0
0.0
0.0
0.0
0.0
0.0
0.0
0.0
0.0
0.0
0.0
0.0
0.0
0.0
0.0
0.0
0.0
0.0
0.0
0.0
0.0
0.0
0.0
0.0
0.0
0.0
0.0
0.0
0.0
0.0
0.0
0.0
0.0
0.0
0.0
0.0
0.0
0.0
0.0
0.0
0.0
0.0
0.0
0.0
0.0
0.0
0.0
0.0
0.0
0.0
0.0
0.0
0.0
0.0
0.0
0.0
0.0
0.0
0.0
0.0
0.0
0.0
0.0
0.0
0.0
0.0
0.0
0.0
0.0
0.0
0.0
0.0
0.0
0.0
0.0
0.0
0.0
0.0
0.0
0.0
0.0
0.0
0.0
0.0
0.0
0.0
0.0
0.0
0.0
0.0
0.0
0.0
0.0
0.0
0.0
0.0
0.0
0.0
0.0
0.0
0.0
0.0
0.0
0.0
0.0
0.0
0.0
0.0
0.0
0.0
0.0
0.0
0.0
0.0
0.0
0.0
0.0
0.0
0.0
0.0
0.0
0.0
0.0
0.0
0.0
0.0
0.0
0.0
0.0
0.0
0.0
0.0
0.0
0.0
0.0
0.0
0.0
0.0
0.0
0.0
0.0
0.0
0.0
0.0
0.0
0.0
0.0
0.0
0.0
0.0
0.0
0.0
0.0
0.0
0.0
0.0
0.0
0.0
0.0
0.0
0.0
0.0
0.0
0.0
0.0
0.0
0.0
0.0
0.0
0.0
0.0
0.0
0.0
0.0
0.0
0.0
0.0
0.0
0.0
0.0
0.0
0.0
0.0
0.0
0.0
0.0
0.0
0.0
0.0
0.0
0.0
0.0
0.0
0.0
0.0
0.0
0.0
0.0
0.0
0.0
0.0
0.0
0.0
0.0
0.0
0.0
0.0
0.0
0.0
0.0
0.0
0.0
0.0
0.0
0.0
0.0
0.0
0.0
0.0
0.0
0.0
0.0
0.0
0.0
0.0
0.0
0.0
0.0
0.0
0.0
0.0
0.0
0.0
0.0
0.0
0.0
0.0
0.0
0.0
0.0
0.0
0.0
0.0
0.0
0.0
0.0
0.0
0.0
0.0
0.0
0.0
0.0
0.0
0.0
0.0
0.0
0.0
0.0
0.0
0.0
0.0
0.0
0.0
0.0
0.0
0.0
0.0
0.0
0.0
0.0
0.0
0.0
0.0
0.0
0.0
0.0
0.0
0.0
0.0
0.0
0.0
0.0
0.0
0.0
0.0
0.0
0.0
0.0
0.0
0.0
0.0
0.0
0.0
0.0
0.0
0.0
0.0
0.0
0.0
0.0
0.0
0.0
0.0
0.0
0.0
0.0
0.0
0.0
0.0
0.0
0.0
0.0
0.0
0.0
0.0
0.0
0.0
0.0
0.0
0.0
0.0
0.0
0.0
0.0
0.0
0.0
0.0
0.0
0.0
0.0
0.0
0.0
0.0
0.0
0.0
0.0
0.0
0.0
0.0
0.0
0.0
0.0
0.0
0.0
0.0
0.0
0.0
0.0
0.0
0.0
0.0
0.0
0.0
0.0
0.0
0.0
0.0
0.0
0.0
0.0
0.0
0.0
0.0
0.0
0.0
0.0
0.0
0.0
0.0
0.0
0.0
0.0
0.0
0.0
0.0
0.0
0.0
0.0
0.0
0.0
0.0
0.0
0.0
0.0
0.0
0.0
0.0
0.0
0.0
0.0
0.0
0.0
0.0
0.0
0.0
0.0
0.0
0.0
0.0
0.0
0.0
0.0
0.0
0.0
0.0
0.0
0.0
0.0
0.0
0.0
0.0
0.0
0.0
0.0
0.0
0.0
0.0
0.0
0.0
0.0
0.0
0.0
0.0
0.0
0.0
0.0
0.0
0.0
0.0
0.0
0.0
0.0
0.0
0.0
0.0
0.0
0.0
0.0
0.0
0.0
0.0
0.0
0.0
0.0
0.0
0.0
0.0
0.0
0.0
0.0
0.0
0.0
0.0
0.0
0.0
0.0
0.0
0.0
0.0
0.0
0.0
0.0
0.0
0.0
0.0
0.0
0.0
0.0
0.0
0.0
0.0
0.0
0.0
0.0
0.0
0.0
0.0
0.0
0.0
0.0
0.0
0.0
0.0
0.0
0.0
0.0
0.0
0.0
0.0
0.0
0.0
0.0
0.0
0.0
0.0
0.0
0.0
0.0
0.0
0.0
0.0
0.0
0.0
0.0
0.0
0.0
0.0
0.0
0.0
0.0
0.0
0.0
0.0
0.0
0.0
0.0
0.0
0.0
0.0
0.0
0.0
0.0
0.0
0.0
0.0
0.0
0.0
0.0
0.0
0.0
0.0
0.0
0.0
0.0
0.0
0.0
0.0
0.0
0.0
0.0
0.0
0.0
0.0
0.0
0.0
0.0
0.0
0.0
0.0
0.0
0.0
0.0
0.0
0.0
0.0
0.0
0.0
0.0
0.0
0.0
0.0
0.0
0.0
0.0
0.0
0.0
0.0
0.0
0.0
0.0
0.0
0.0
0.0
0.0
0.0
0.0
0.0
0.0
0.0
0.0
0.0
0.0
0.0
0.0
0.0
0.0
0.0
0.0
0.0
0.0
0.0
0.0
0.0
0.0
0.0
0.0
0.0
0.0
0.0
0.0
0.0
0.0
0.0
0.0
0.0
0.0
0.0
0.0
0.0
0.0
0.0
0.0
0.0
0.0
0.0
0.0
0.0
0.0
0.0
0.0
0.0
0.0
0.0
0.0
0.0
0.0
0.0
0.0
0.0
0.0
0.0
0.0
0.0
0.0
0.0
0.0
0.0
0.0
0.0
0.0
0.0
0.0
0.0
0.0
0.0
0.0
0.0
0.0
0.0
0.0
0.0
0.0
0.0
0.0
0.0
0.0
0.0
0.0
0.0
0.0
0.0
0.0
0.0
0.0
0.0
0.0
0.0
0.0
0.0
0.0
0.0
0.0
0.0
156.0
203746.0
9358.0
184320.0
0.0
0.0
0.0
0.0
8.0
203902.0
0.0
0.0
0.0
0.0
0.0
0.0
0.0
0.0
0.0
0.0
0.0
0.0
0.0
0.0
0.0
0.0
0.0
0.0
