0.0049804538
0.000625691
3.090552e-05
1.8659937e-05
1.9631809e-05
2.3130546e-05
2.4491166e-05
2.0409305e-05
2.2936172e-05
1.9631809e-05
2.9350525e-05
1.885431e-05
0.0004039099
2.4102419e-05
1.9631809e-05
1.7299317e-05
3.2071766e-05
2.0020558e-05
2.19643e-05
1.9826182e-05
1.3800578e-05
1.9437433e-05
1.5744321e-05
2.0798054e-05
1.32174555e-05
1.8076813e-05
2.4296793e-05
2.19643e-05
1.5355572e-05
2.2741799e-05
2.4296793e-05
2.0409305e-05
8.94122e-05
1.8465562e-05
1.5355572e-05
2.2936172e-05
2.0409305e-05
1.8076813e-05
2.4879915e-05
2.2936172e-05
2.4102419e-05
1.924306e-05
1.9826182e-05
1.9437433e-05
2.1769925e-05
1.8076813e-05
4.023549e-05
2.3130546e-05
3.3626762e-05
2.4296793e-05
2.6434911e-05
0.00071685255
2.235305e-05
1.7688066e-05
2.5851787e-05
2.7212407e-05
3.2460513e-05
1.8076813e-05
1.8271188e-05
1.7688066e-05
2.060368e-05
1.8271188e-05
2.1769925e-05
2.6240536e-05
3.3821136e-05
2.8573028e-05
2.1575552e-05
3.0711144e-05
3.537613e-05
3.7125497e-05
2.8767403e-05
3.2849264e-05
2.2741799e-05
2.5268664e-05
2.19643e-05
1.924306e-05
2.8378654e-05
2.7795531e-05
2.5657413e-05
2.7212407e-05
0.0007158807
1.5938696e-05
3.051677e-05
3.1877393e-05
3.226614e-05
0.00017940752
2.3324921e-05
3.1877393e-05
1.7688066e-05
2.0409305e-05
2.0798054e-05
2.8573028e-05
2.1575552e-05
1.2439958e-05
2.6046162e-05
2.2547423e-05
2.0214931e-05
6.7253524e-05
2.4685542e-05
4.2179232e-05
3.7319875e-05
0.000106905885
3.051677e-05
2.9933648e-05
2.8184279e-05
6.492103e-05
2.0409305e-05
2.6629285e-05
5.695168e-05
3.1877393e-05
6.045042e-05
7.211288e-05
3.6153626e-05
1.5549947e-05
6.58929e-05
5.248107e-05
6.122792e-05
3.4209883e-05
2.6823658e-05
3.3821136e-05
3.4793007e-05
2.3324921e-05
2.235305e-05
2.7018034e-05
1.1079337e-05
2.1769925e-05
1.9826182e-05
2.2936172e-05
2.9739274e-05
1.8076813e-05
2.4491166e-05
1.7688066e-05
2.235305e-05
1.749369e-05
1.32174555e-05
1.6716192e-05
2.2936172e-05
1.9826182e-05
1.43837015e-05
1.0496215e-05
1.3023081e-05
2.1186803e-05
1.20512095e-05
2.3130546e-05
0.98648417
2.8378654e-05
1.885431e-05
1.8271188e-05
1.7104941e-05
1.51611985e-05
1.885431e-05
1.8659937e-05
2.7795531e-05
2.0409305e-05
1.9048686e-05
1.32174555e-05
2.371367e-05
1.885431e-05
1.6521819e-05
1.4966824e-05
2.1186803e-05
2.2158674e-05
1.4189327e-05
1.47724495e-05
2.5463038e-05
1.5549947e-05
1.3411829e-05
1.9826182e-05
2.235305e-05
1.8076813e-05
1.5355572e-05
2.6629285e-05
2.3519295e-05
1.9631809e-05
1.4578076e-05
2.371367e-05
2.5657413e-05
1.788244e-05
1.6716192e-05
2.4685542e-05
2.3324921e-05
1.6716192e-05
1.51611985e-05
2.5657413e-05
2.2158674e-05
2.1769925e-05
2.3130546e-05
1.8076813e-05
2.2158674e-05
1.9631809e-05
1.924306e-05
2.2936172e-05
2.7795531e-05
1.9048686e-05
1.9631809e-05
1.9826182e-05
2.3519295e-05
1.7104941e-05
1.924306e-05
2.5268664e-05
2.2158674e-05
2.099243e-05
1.788244e-05
2.0409305e-05
2.371367e-05
2.060368e-05
2.1575552e-05
2.1381178e-05
1.885431e-05
1.924306e-05
2.1575552e-05
1.8076813e-05
2.0020558e-05
1.749369e-05
1.8076813e-05
1.4578076e-05
2.6046162e-05
2.6823658e-05
1.8076813e-05
2.0798054e-05
2.5463038e-05
2.0798054e-05
1.3023081e-05
1.7688066e-05
2.3908044e-05
2.0020558e-05
1.788244e-05
1.28287065e-05
2.099243e-05
2.3908044e-05
1.749369e-05
1.51611985e-05
1.8465562e-05
1.9437433e-05
1.8465562e-05
1.924306e-05
2.19643e-05
1.7299317e-05
2.0214931e-05
1.5549947e-05
2.5851787e-05
1.7688066e-05
1.5744321e-05
1.3800578e-05
2.1186803e-05
1.5938696e-05
1.788244e-05
1.6716192e-05
1.8271188e-05
2.2741799e-05
1.5355572e-05
1.32174555e-05
1.924306e-05
1.5549947e-05
1.5355572e-05
4.256798e-05
0.002787179
0.0
0.0
0.00039816843
0.0
0.00039816843
0.0
0.0
0.0
0.9864623
0.0
0.0
0.0
0.0
0.0
0.0
0.00018547494
0.0
6.8046364e-07
7.776727e-07
1.166509e-06
6.8046364e-07
7.1934724e-06
3.0134818e-06
0.0
0.0
0.0
9.720909e-08
0.0
0.0
0.0
0.0
0.0
0.0
0.0
0.0
0.0
0.0
0.0
0.0
0.0
0.0
0.0
0.0
0.0
0.0
0.0
0.0
0.00029697377
4.666036e-06
4.179991e-06
0.00013764806
1.6525545e-06
0.00014134201
9.720909e-07
5.832545e-07
3.499527e-06
4.8604545e-07
1.8469726e-06
2.9162726e-07
3.8883636e-07
1.0693e-06
4.8604545e-07
1.166509e-06
0.00063351163
2.333018e-06
2.7218546e-06
0.00010012536
8.262772e-06
0.000106249536
2.2260881e-05
1.1470673e-05
5.832545e-07
9.9833735e-05
4.8604545e-07
8.748818e-07
1.0693e-06
4.8604545e-07
1.3609273e-06
3.7911545e-06
0.0
0.0
0.0
0.0
0.0
0.0
0.0
0.0
0.0
0.0
0.0
0.0
0.0
0.0
0.0
0.0
0.00041867956
1.9441818e-06
2.0705536e-05
1.0206954e-05
2.7996217e-05
1.4581363e-05
6.2311025e-05
2.8482264e-05
3.6939452e-06
5.832545e-07
2.9162726e-07
1.166509e-06
1.2637181e-06
2.9162726e-07
1.166509e-06
3.8883636e-06
0.000632734
7.971145e-06
4.364688e-05
2.3330182e-05
2.4885527e-05
1.5164618e-05
0.00012734391
7.27124e-05
1.5359035e-05
2.4302271e-06
2.9162727e-06
3.9855727e-06
3.2079e-06
2.235809e-06
1.9441818e-06
1.5553454e-05
0.0
0.0
0.0
0.0
0.0
0.0
0.0
0.0
0.0
0.0
0.0
0.0
0.0
0.0
0.0
0.0
0.00077942247
2.0997162e-05
4.8507336e-05
4.1216652e-05
7.407332e-05
0.00020744419
0.000149702
9.7695134e-05
2.7218544e-05
1.8372517e-05
1.3609272e-05
2.6440872e-05
2.021949e-05
1.6525544e-05
1.915019e-05
3.2079e-05
6.0658473e-05
1.4581364e-06
1.1665091e-05
6.999054e-06
1.1276255e-05
6.4158e-06
5.3853833e-05
3.7911544e-05
7.776727e-07
1.8469726e-06
7.776727e-07
9.720909e-07
3.8883636e-07
9.720909e-07
7.776727e-07
2.333018e-06
0.0001732266
1.0595791e-05
1.1081836e-05
4.899338e-05
1.26371815e-05
5.02571e-05
8.262772e-06
9.137654e-06
9.040446e-06
1.0012536e-05
5.540918e-06
1.04013725e-05
1.0693e-05
9.915327e-06
1.0595791e-05
7.776727e-06
0.0
0.0
0.0
0.0
0.0
0.0
0.0
0.0
0.0
0.0
0.0
0.0
0.0
0.0
0.0
0.0
0.0
0.0
0.0
0.0
0.0
0.0
0.0
0.0
0.0
0.0
0.0
0.0
0.0
0.0
0.0
0.0
0.0
0.0
0.0
0.0
0.0
0.0
0.0
0.0
0.0
0.0
0.0
0.0
0.0
0.0
0.0
0.0
0.00026129803
0.00027189383
0.0002726715
0.00030018165
0.00028268402
0.0002877389
0.0002822952
0.00024574457
0.00023612088
0.00027442127
0.00028462822
0.00029026633
0.00030212585
0.00028482263
0.0002661585
0.00023680134
365.0
34.49863
12592.0
0.02366582
0.0011912326
0.00055590854
0.000317662
0.000317662
0.000952986
0.00055590854
0.001270648
0.0018265565
0.0023824652
0.0003970775
0.000794155
0.0008735705
0.00158831
0.008656289
0.0010324016
0.00317662
0.0015088945
0.002541296
0.2802573
0.0013500635
0.001429479
0.002541296
0.001429479
0.001429479
0.0011118171
0.0011912326
0.0010324016
0.00055590854
0.0003970775
0.0007147395
0.0007147395
0.001429479
0.003653113
0.001905972
0.0035736975
0.0050031766
0.003653113
0.002858958
0.00317662
0.0020648031
0.0016677255
0.001270648
0.000794155
0.0015088945
0.0029383735
0.001429479
0.001905972
0.2812103
0.0007147395
0.003017789
0.0041296063
0.0022236342
0.06623253
0.00158831
0.0037325285
0.000952986
0.000794155
0.000794155
0.0010324016
0.00158831
0.0010324016
0.0011118171
0.0008735705
0.001270648
0.018344982
0.0019853876
0.007703304
0.007147395
0.034545742
0.003335451
0.0045266836
0.005082592
0.017233163
0.0008735705
0.002541296
0.01270648
0.005876747
0.015406608
0.01890089
0.007465057
0.0003970775
0.016518425
0.012468234
0.016359594
0.007782719
0.0027795425
0.003811944
0.007306226
0.0026207115
0.001270648
0.003494282
7.94155e-05
0.0008735705
0.0007147395
0.000952986
3.8985653
1.0
0.0
0.0
1.0
5144712.0
77824.0
0.0
0.0
54.0
0.0
1.0
0.0
0.0
0.0
1083884500.0
0.0
0.0
0.0
0.0
0.0
1.0
0.0
0.0
0.0
0.0
0.0
0.0
-1.0
0.0
-1.0
-1.0
0.0
0.0
0.0
0.0
0.0
0.0
0.0
0.0
0.0
0.0
0.0
0.0
-1.0
0.0
0.0
0.0
0.0
0.0
0.0
0.0
0.0
0.0
0.0
0.0
0.0
-1.0
0.0
0.0
0.0
0.0
0.0
0.0
0.0
0.0
0.0
0.0
6.0
0.0
4.0
0.0
4.0
0.0
24576.0
4096.0
4096.0
10.0
0.0
0.0
3.0
2.0
0.0
0.0
0.0
0.0
0.0
0.0
4096.0
0.0
0.0
0.0
0.0
0.0
-4096.0
4096.0
4096.0
0.0
0.0
0.0
0.0
0.0
0.0
0.0
0.0
4096.0
0.0
0.0
0.0
0.0
0.0
0.0
0.0
0.0
-8192.0
0.0
0.0
0.0
0.0
0.0
0.0
0.0
4096.0
-24576.0
0.0
4096.0
-4096.0
0.0
0.0
0.0
0.0
0.0
0.0
0.0
0.0
0.0
0.0
0.0
0.0
0.0
0.0
0.0
0.0
0.0
0.0
0.0
5.297788
0.0
0.0
0.0
0.0
0.0
0.0
0.0
0.0
0.0
0.0
0.0
0.0
0.0
0.0
0.0
0.0
0.0
-3.429211
0.0
0.0
0.0
0.0
0.0
0.0
0.0
5.486761
-7.9730797
0.0
3.7997313
-5.1765885
0.0
0.0
0.0
0.0
0.0
0.0
0.0
0.0
0.0
0.0
0.0
3492.0
0.0
0.0
0.0
0.0
0.0
-3019.0
3461.0
2476.0
0.0
0.0
0.0
0.0
0.0
0.0
0.0
0.0
2010.0
0.0
0.0
0.0
0.0
0.0
0.0
0.0
0.0
-13432.0
0.0
0.0
0.0
0.0
0.0
0.0
0.0
1024.0
-23376.0
0.0
2392.0
-1024.0
0.0
0.0
0.0
0.0
0.0
0.0
0.0
0.0
-1.0
0.0
0.0
0.0
0.0
0.0
1.0
0.0
0.0
0.0
0.0
0.0
0.0
0.0
0.0
0.0
0.0
0.0
0.0
0.0
0.0
0.0
0.0
0.0
0.0
0.0
0.0
0.0
0.0
0.0
0.0
0.0
0.0
0.0
0.0
0.0
-2.0
0.0
0.0
0.0
1.0
0.0
0.0
0.0
0.0
0.0
0.0
0.0
0.0
0.0
0.0
0.0
0.0
0.0
0.0
0.0
0.0
0.0
0.0
0.0
-1.0
0.0
0.0
0.0
0.0
0.0
0.0
0.0
0.0
0.0
1.0
0.0
0.0
0.0
0.0
0.0
0.0
0.0
0.0
0.0
0.0
0.0
0.0
0.0
1.0
0.0
0.0
0.0
0.0
0.0
0.0
0.0
0.0
0.0
0.0
0.0
0.0
0.0
0.0
0.0
0.0
0.0
0.0
0.0
0.0
0.0
0.0
0.0
0.0
0.0
0.0
0.0
0.0
0.0
0.0
0.0
0.0
0.0
0.0
0.0
0.0
0.0
0.0
0.0
0.0
0.0
0.0
-1.0
0.0
0.0
0.0
0.0
0.0
0.0
0.0
0.0
0.0
0.0
0.0
0.0
0.0
0.0
0.0
0.0
0.0
0.0
0.0
0.0
0.0
0.0
0.0
0.0
0.0
0.0
0.0
0.0
0.0
0.0
0.0
0.0
0.0
0.0
0.0
0.0
0.0
0.0
0.0
0.0
0.0
0.0
0.0
0.0
0.0
0.0
0.0
0.0
0.0
0.0
0.0
0.0
0.0
0.0
0.0
0.0
0.0
0.0
0.0
0.0
0.0
0.0
0.0
0.0
0.0
0.0
0.0
0.0
0.0
-1.0
0.0
0.0
0.0
0.0
0.0
0.0
0.0
0.0
0.0
0.0
0.0
0.0
0.0
0.0
0.0
0.0
1.0
0.0
0.0
0.0
0.0
0.0
0.0
0.0
0.0
0.0
0.0
0.0
0.0
0.0
0.0
0.0
0.0
0.0
0.0
0.0
0.0
0.0
0.0
0.0
0.0
0.0
0.0
0.0
0.0
0.0
0.0
0.0
0.0
0.0
0.0
0.0
0.0
0.0
0.0
0.0
0.0
0.0
0.0
0.0
0.0
0.0
0.0
0.0
0.0
0.0
0.0
0.0
0.0
0.0
0.0
0.0
0.0
0.0
0.0
0.0
0.0
0.0
0.0
0.0
0.0
0.0
0.0
0.0
0.0
0.0
0.0
0.0
0.0
0.0
0.0
0.0
0.0
0.0
0.0
0.0
0.0
0.0
0.0
0.0
0.0
0.0
0.0
0.0
0.0
0.0
0.0
0.0
0.0
0.0
0.0
0.0
0.0
0.0
0.0
0.0
0.0
0.0
0.0
0.0
0.0
0.0
0.0
0.0
0.0
0.0
0.0
0.0
0.0
0.0
0.0
0.0
0.0
0.0
0.0
0.0
0.0
0.0
0.0
0.0
0.0
0.0
0.0
0.0
0.0
0.0
0.0
0.0
0.0
0.0
0.0
0.0
0.0
0.0
0.0
0.0
0.0
0.0
0.0
0.0
0.0
0.0
0.0
0.0
0.0
0.0
0.0
0.0
0.0
0.0
0.0
0.0
0.0
0.0
0.0
0.0
0.0
0.0
0.0
0.0
0.0
0.0
0.0
0.0
0.0
0.0
0.0
0.0
0.0
0.0
0.0
0.0
0.0
0.0
0.0
0.0
0.0
0.0
0.0
0.0
0.0
0.0
-1.0
0.0
0.0
0.0
0.0
0.0
0.0
0.0
0.0
0.0
0.0
0.0
0.0
0.0
0.0
0.0
0.0
0.0
0.0
0.0
0.0
0.0
0.0
0.0
0.0
0.0
0.0
0.0
0.0
0.0
0.0
0.0
0.0
0.0
0.0
0.0
0.0
1.0
0.0
0.0
0.0
0.0
0.0
0.0
0.0
0.0
0.0
0.0
0.0
0.0
0.0
0.0
0.0
0.0
0.0
0.0
0.0
0.0
0.0
1.0
0.0
0.0
0.0
0.0
1.0
0.0
0.0
0.0
0.0
0.0
0.0
0.0
0.0
0.0
0.0
0.0
0.0
0.0
0.0
0.0
0.0
1.0
0.0
0.0
0.0
0.0
0.0
0.0
0.0
0.0
0.0
0.0
0.0
0.0
0.0
0.0
0.0
0.0
0.0
0.0
0.0
0.0
0.0
0.0
0.0
0.0
0.0
0.0
0.0
0.0
0.0
0.0
0.0
0.0
0.0
0.0
0.0
0.0
0.0
0.0
0.0
0.0
0.0
0.0
0.0
0.0
-1.0
0.0
0.0
0.0
0.0
0.0
0.0
0.0
0.0
0.0
0.0
0.0
0.0
0.0
0.0
0.0
0.0
0.0
0.0
0.0
0.0
0.0
0.0
0.0
0.0
0.0
0.0
0.0
0.0
0.0
0.0
0.0
0.0
0.0
0.0
0.0
0.0
0.0
0.0
0.0
0.0
0.0
0.0
0.0
0.0
0.0
0.0
0.0
-1.0
0.0
0.0
0.0
0.0
0.0
0.0
0.0
0.0
0.0
0.0
0.0
0.0
0.0
0.0
0.0
0.0
0.0
0.0
0.0
0.0
0.0
0.0
0.0
0.0
0.0
0.0
0.0
0.0
0.0
0.0
1.0
0.0
0.0
0.0
0.0
0.0
0.0
0.0
0.0
0.0
0.0
0.0
0.0
0.0
0.0
0.0
0.0
0.0
0.0
0.0
0.0
0.0
0.0
0.0
0.0
0.0
0.0
0.0
-1.0
0.0
0.0
0.0
0.0
0.0
0.0
0.0
0.0
0.0
0.0
0.0
0.0
0.0
0.0
0.0
0.0
0.0
0.0
0.0
0.0
0.0
0.0
0.0
0.0
0.0
0.0
0.0
0.0
0.0
0.0
0.0
0.0
0.0
0.0
0.0
0.0
0.0
0.0
0.0
0.0
0.0
0.0
-1.0
0.0
0.0
1.0
0.0
0.0
0.0
0.0
0.0
0.0
0.0
0.0
0.0
0.0
0.0
0.0
0.0
0.0
0.0
0.0
0.0
0.0
0.0
0.0
0.0
0.0
0.0
0.0
0.0
0.0
0.0
0.0
0.0
0.0
0.0
0.0
0.0
0.0
0.0
0.0
0.0
0.0
0.0
0.0
0.0
0.0
0.0
-1.0
0.0
0.0
0.0
-1.0
0.0
0.0
0.0
0.0
0.0
0.0
0.0
0.0
0.0
0.0
0.0
0.0
0.0
0.0
0.0
0.0
0.0
0.0
0.0
0.0
0.0
0.0
0.0
0.0
0.0
0.0
0.0
0.0
0.0
0.0
0.0
0.0
0.0
0.0
1.0
0.0
0.0
0.0
0.0
0.0
0.0
0.0
0.0
0.0
0.0
-1.0
0.0
0.0
0.0
0.0
0.0
0.0
0.0
0.0
0.0
0.0
0.0
0.0
0.0
0.0
0.0
0.0
0.0
0.0
0.0
0.0
0.0
0.0
0.0
0.0
0.0
0.0
0.0
0.0
0.0
0.0
1.0
0.0
0.0
0.0
0.0
0.0
0.0
0.0
0.0
0.0
0.0
0.0
0.0
0.0
0.0
0.0
0.0
0.0
0.0
0.0
0.0
0.0
0.0
0.0
0.0
0.0
0.0
0.0
0.0
0.0
0.0
0.0
0.0
0.0
0.0
0.0
0.0
0.0
0.0
-1.0
0.0
0.0
0.0
0.0
0.0
0.0
0.0
0.0
0.0
0.0
0.0
0.0
0.0
0.0
0.0
0.0
0.0
0.0
-1.0
0.0
0.0
0.0
0.0
0.0
0.0
0.0
0.0
0.0
0.0
0.0
0.0
0.0
0.0
0.0
0.0
0.0
0.0
0.0
0.0
0.0
0.0
0.0
0.0
0.0
0.0
0.0
0.0
0.0
0.0
0.0
0.0
0.0
0.0
0.0
0.0
0.0
0.0
0.0
0.0
0.0
0.0
0.0
0.0
0.0
0.0
0.0
0.0
0.0
0.0
0.0
0.0
0.0
0.0
0.0
0.0
0.0
0.0
0.0
0.0
0.0
0.0
0.0
0.0
0.0
0.0
0.0
0.0
1.0
0.0
0.0
-2.0
0.0
0.0
0.0
0.0
0.0
0.0
0.0
0.0
0.0
0.0
0.0
0.0
0.0
0.0
1.0
0.0
0.0
0.0
-1.0
0.0
0.0
0.0
0.0
0.0
0.0
0.0
0.0
0.0
0.0
0.0
-1.0
0.0
0.0
0.0
0.0
0.0
0.0
1.0
0.0
0.0
0.0
0.0
0.0
0.0
0.0
0.0
0.0
0.0
0.0
0.0
0.0
0.0
0.0
0.0
0.0
1.0
0.0
1.0
0.0
0.0
0.0
0.0
0.0
1.0
0.0
0.0
0.0
0.0
0.0
0.0
0.0
0.0
-1.0
0.0
0.0
0.0
0.0
0.0
0.0
0.0
0.0
0.0
0.0
0.0
0.0
0.0
0.0
1.0
0.0
0.0
0.0
0.0
0.0
0.0
0.0
0.0
0.0
0.0
0.0
0.0
0.0
0.0
0.0
0.0
0.0
0.0
0.0
0.0
0.0
0.0
0.0
0.0
0.0
0.0
0.0
0.0
0.0
0.0
0.0
0.0
0.0
0.0
0.0
0.0
0.0
0.0
0.0
0.0
0.0
0.0
0.0
0.0
0.0
0.0
0.0
0.0
-1.0
0.0
0.0
0.0
0.0
0.0
0.0
0.0
0.0
0.0
0.0
0.0
0.0
0.0
0.0
0.0
0.0
0.0
0.0
0.0
0.0
0.0
0.0
0.0
1.0
0.0
0.0
0.0
0.0
0.0
0.0
1.0
0.0
0.0
0.0
0.0
0.0
0.0
0.0
0.0
0.0
0.0
0.0
0.0
0.0
0.0
0.0
0.0
0.0
0.0
0.0
0.0
0.0
0.0
0.0
0.0
1.0
0.0
0.0
0.0
0.0
0.0
0.0
0.0
0.0
0.0
0.0
-1.0
0.0
0.0
0.0
0.0
0.0
0.0
0.0
0.0
0.0
-1.0
0.0
0.0
0.0
0.0
0.0
0.0
0.0
0.0
0.0
0.0
0.0
0.0
0.0
0.0
1.0
0.0
0.0
0.0
0.0
0.0
0.0
0.0
0.0
0.0
0.0
0.0
0.0
0.0
0.0
0.0
0.0
0.0
0.0
-1.0
1.0
0.0
0.0
0.0
0.0
0.0
0.0
0.0
0.0
0.0
0.0
0.0
0.0
0.0
0.0
0.0
0.0
0.0
1.0
0.0
0.0
0.0
-1.0
0.0
0.0
0.0
0.0
0.0
0.0
0.0
0.0
1.0
0.0
0.0
0.0
0.0
0.0
0.0
0.0
0.0
0.0
0.0
0.0
0.0
0.0
0.0
0.0
0.0
0.0
0.0
0.0
0.0
0.0
0.0
0.0
0.0
-1.0
0.0
0.0
0.0
0.0
0.0
0.0
0.0
0.0
0.0
0.0
0.0
0.0
0.0
0.0
0.0
0.0
0.0
0.0
0.0
0.0
0.0
0.0
-1.0
0.0
0.0
0.0
0.0
0.0
0.0
0.0
0.0
0.0
0.0
0.0
0.0
0.0
0.0
0.0
0.0
0.0
0.0
0.0
0.0
0.0
0.0
0.0
-1.0
0.0
0.0
0.0
0.0
0.0
0.0
0.0
0.0
0.0
0.0
0.0
0.0
0.0
0.0
0.0
0.0
0.0
0.0
0.0
0.0
0.0
0.0
0.0
0.0
0.0
-1.0
-1.0
0.0
0.0
0.0
0.0
0.0
0.0
0.0
0.0
0.0
0.0
0.0
0.0
0.0
0.0
0.0
0.0
0.0
0.0
0.0
0.0
0.0
0.0
0.0
0.0
-1.0
0.0
0.0
0.0
0.0
0.0
0.0
0.0
0.0
0.0
0.0
0.0
0.0
0.0
0.0
0.0
0.0
0.0
0.0
0.0
0.0
0.0
0.0
0.0
0.0
0.0
0.0
0.0
0.0
0.0
0.0
0.0
0.0
0.0
0.0
0.0
0.0
0.0
0.0
0.0
0.0
0.0
0.0
0.0
0.0
0.0
0.0
0.0
0.0
0.0
0.0
0.0
0.0
0.0
0.0
0.0
0.0
0.0
0.0
0.0
0.0
0.0
0.0
0.0
0.0
0.0
0.0
0.0
0.0
0.0
0.0
0.0
0.0
0.0
0.0
0.0
0.0
0.0
0.0
0.0
0.0
0.0
0.0
0.0
0.0
0.0
0.0
0.0
0.0
0.0
0.0
0.0
0.0
0.0
0.0
0.0
0.0
0.0
0.0
0.0
0.0
0.0
0.0
0.0
0.0
0.0
0.0
0.0
0.0
0.0
0.0
0.0
0.0
0.0
0.0
0.0
0.0
0.0
0.0
0.0
0.0
0.0
0.0
0.0
0.0
0.0
0.0
0.0
0.0
0.0
0.0
0.0
0.0
0.0
0.0
0.0
0.0
0.0
0.0
0.0
0.0
0.0
0.0
0.0
0.0
0.0
0.0
0.0
0.0
0.0
0.0
0.0
0.0
0.0
0.0
0.0
0.0
0.0
0.0
0.0
0.0
0.0
0.0
0.0
0.0
0.0
0.0
0.0
0.0
80.0
29892.0
2392.0
49152.0
0.0
0.0
0.0
0.0
0.0
0.0
0.0
0.0
0.0
0.0
0.0
0.0
0.0
0.0
0.0
0.0
0.0
0.0
228.0
28672.0
0.0
0.0
0.0
0.0
