0.48324773
0.004658874
0.0037984513
0.0039453525
0.004237157
0.0019396985
0.0019516904
0.0018557548
0.00478379
0.0012991283
0.0016658822
0.0015519586
0.0030869287
0.0012681491
0.0015779412
0.0023893968
0.007325085
0.0032458222
0.0043940516
0.0010522939
0.0022364992
0.009729472
0.0008394367
0.0010423006
0.001965681
0.0007435011
0.00066555344
0.00077747833
0.0013750773
0.00094036903
0.000767485
0.0008144535
0.002487331
0.0008484307
0.00064656616
0.00093837036
0.0018507581
0.0016488936
0.00061558693
0.00084743137
0.0012291753
0.0009713482
0.00054063724
0.0013510934
0.0013101209
0.0008054595
0.0012061907
0.0007295105
0.0020846012
0.003008981
0.0009733469
0.0016189137
0.0012471632
0.0015139842
0.000673548
0.0007804763
0.0015589539
0.0009333737
0.00075449375
0.0011522268
0.0024953256
0.0013301075
0.0013161169
0.00089040253
0.021735415
0.0029959898
0.0018267742
0.005059605
0.0016179144
0.006600571
0.0012691484
0.0008234475
0.0018117843
0.0014270424
0.0008574247
0.0006545608
0.0015719453
0.00584208
0.00077248167
0.0009893362
0.009362717
0.0051005776
0.0055442797
0.0022305034
0.0028890613
0.0042461506
0.0023094504
0.0013071229
0.0011492289
0.0007145206
0.00084643206
0.0014570224
0.0012581558
0.0011202483
0.0008514287
0.0025652787
0.002390396
0.006054937
0.0015079881
0.0030709393
0.003837425
0.0035496182
0.0023834007
0.0010602885
0.0071721873
0.0018807381
0.0034766672
0.0009273777
0.0035236357
0.0018877333
0.0024253726
0.0022554866
0.002845091
0.0006725487
0.003221838
0.004241154
0.004831758
0.0031708723
0.0015579546
0.00092537905
0.0029160434
0.0009133871
0.000679544
0.0009563583
0.0010792759
0.0019157146
0.0010373039
0.0015059895
0.0058950447
0.0011971967
0.0006185849
0.003102918
0.0013251109
0.008565253
0.0005266466
0.00057761243
0.0011112543
0.0047777942
0.00073450716
0.010883697
0.0009733469
0.016715784
0.0004856741
0.00050266273
0.0037664727
0.0010432999
0.0005296446
0.00041672037
0.00097634486
0.002869075
0.0007325085
0.00043670696
0.0009923341
0.00044869893
0.0004107244
0.00045069758
0.0010722805
0.00063357485
0.0004546949
0.0004746815
0.0022055202
0.0024533537
0.00039773312
0.0005876057
0.0016009258
0.000509658
0.00039573447
0.0004896714
0.0009863381
0.00039773312
0.00041871905
0.00043270964
0.0014949968
0.00061158964
0.00040772642
0.0004037291
0.0015989271
0.0003937358
0.00042971165
0.00043970495
0.0009323744
0.00081145554
0.0005136553
0.00054063724
0.0020486254
0.00081245485
0.000427713
0.0004716835
0.00095435965
0.00077547965
0.00068054337
0.0009473643
0.003837425
0.0014850035
0.00077547965
0.0012091886
0.002736164
0.00042971165
0.0007355065
0.005392382
0.0025702755
0.0005706171
0.00030679413
0.0004846748
0.0014949968
0.00036975188
0.00045169692
0.00077448034
0.0033617443
0.0004926694
0.00049067073
0.0008354394
0.0019546885
0.00031678742
0.0014410331
0.0012151846
0.0018847353
0.0004377063
0.00041272305
0.001555956
0.001180208
0.00039273646
0.0008714153
0.0006545608
0.002129571
0.0011492289
0.0014050573
0.0006205836
0.00094436633
0.00055462786
0.00029680083
0.00072351453
0.0031318986
0.0007484978
0.00046268952
0.00171385
0.0016508922
0.0004886721
0.00048767278
0.0010702818
0.002047626
0.000512656
0.00045069758
0.0005596245
0.00074250175
0.00041672037
0.00083044276
0.0013450974
0.0013700806
0.0006925353
0.000767485
0.00120719
0.003515641
0.0027301682
0.005023629
0.0386001
0.35961163
0.0
0.0
0.0
1.0005763e-05
6.003458e-06
2.0011526e-06
1.5008645e-06
0.0
0.0
0.0
0.0
0.0
0.0
0.0
0.0
0.0
0.0
0.0
0.0
0.0
0.0
0.0
0.0
0.0
0.0
0.0
0.0
0.0
0.0
0.0
0.0
0.0018615723
8.504899e-06
8.504899e-06
2.5014408e-06
1.1506628e-05
7.004034e-06
1.3507781e-05
8.504899e-06
8.504899e-06
9.505475e-06
1.2507204e-05
1.4508357e-05
8.504899e-06
2.5014408e-06
8.00461e-06
6.3536594e-05
0.0018480645
1.4508357e-05
1.0005763e-05
4.002305e-06
2.5014408e-05
1.4508357e-05
2.7015561e-05
8.00461e-06
1.8010374e-05
1.650951e-05
3.502017e-06
5.0028816e-06
2.451412e-05
8.504899e-06
1.0005763e-05
1.2006916e-05
0.001772521
1.7009797e-05
1.0506052e-05
4.5025936e-06
4.65268e-05
2.3513543e-05
4.8527952e-05
8.504899e-06
2.5514697e-05
1.7510085e-05
4.5025936e-06
5.5031696e-06
2.6014985e-05
9.005187e-06
1.0506052e-05
1.901095e-05
0.0
0.0
0.0
0.0
0.0
0.0
0.0
0.0
0.0
0.0
0.0
0.0
0.0
0.0
0.0
0.0
0.004250448
3.502017e-05
0.00012357118
0.00015859134
0.00027665935
0.0001055608
0.0005283043
0.0003416968
0.00011506628
8.705014e-05
1.2507204e-05
1.9511239e-05
1.2507204e-05
4.5025936e-06
1.2006916e-05
6.453718e-05
0.015431888
0.0005283043
0.00042124264
0.00032368646
0.0011416576
0.0009855677
0.001949623
0.0010901279
0.00019311123
0.00020411758
4.7027086e-05
9.5054755e-05
5.9034002e-05
5.6532564e-05
6.7038614e-05
0.0009715596
0.013450747
0.0005593222
0.00064036885
0.000668385
0.00089701667
0.0009580518
0.0020546834
0.0012167008
0.00025014408
0.00023013256
9.755619e-05
0.00014208184
0.00012907435
0.00014558385
0.00018260517
0.00091852905
0.015352343
0.00048728066
0.0005848369
0.0006633821
0.0016519516
0.0017845279
0.0034439838
0.0020701925
0.00044225474
0.00020862017
0.00019461209
0.0002746582
0.0003291896
0.00039272622
0.00049378444
0.0013387711
0.016030734
0.00063636655
0.000727419
0.0009415423
0.0018825844
0.0012177014
0.0034239723
0.0021327285
0.00045025934
0.00030317463
0.0003416968
0.000406234
0.0005588219
0.0005233014
0.00063336483
0.0015523941
0.021809563
0.0014403296
0.0021692496
0.0024939366
0.007960085
0.0025749833
0.006459721
0.004631668
0.0020927053
0.0015944184
0.0008339804
0.0009995757
0.00086449797
0.00080946623
0.0010881268
0.002628514
0.00949597
0.0029406939
0.0013327677
0.0010631124
0.0040838523
0.0021992668
0.0025114466
0.0012967469
0.005978944
0.0012742339
0.00063086336
0.00074693025
0.0020186626
0.00066988583
0.0009420426
0.010970319
0.014259714
0.005652756
0.0012792369
0.0016014224
0.007668417
0.005857874
0.0041588955
0.002340348
0.011350538
0.0021262248
0.0011791792
0.0013717902
0.003526031
0.0015819112
0.0016349417
0.015353343
0.034053616
0.016186323
0.002515449
0.0059659365
0.021400327
0.018526671
0.0152652925
0.008603956
0.027653929
0.004651179
0.0051864875
0.0028966684
0.00918379
0.0073807514
0.006036477
0.01941118
0.013815958
0.009439437
0.008208228
0.008465376
0.008829586
0.008701512
0.00743078
0.0086795
0.009485464
0.0050043827
0.005257028
0.005812848
0.006906478
0.005933918
0.006473229
0.0075808666
4453.0
8.605884
38322.0
0.00910704
0.0018527217
0.0015134909
0.006001774
0.003496686
0.0016961537
0.001748343
0.003731538
0.007880591
0.0023485203
0.001748343
0.003731538
0.004149053
0.0024268045
0.0073586972
0.0031574552
0.0071760346
0.007697928
0.0075152656
0.0066802357
0.004149053
0.0069672773
0.0026616566
0.0025833724
0.0032357392
0.001904911
0.0021658577
0.0024789937
0.014900058
0.002870414
0.004149053
0.0027660353
0.027608162
0.009837691
0.002687751
0.011768697
0.004853609
0.00754136
0.0083242
0.0042012422
0.0054276916
0.011768697
0.0019310057
0.004044674
0.008611241
0.0074108867
0.004984082
0.006523668
0.020823548
0.0062888158
0.009811596
0.01938834
0.027660351
0.0059234905
0.017405147
0.0044882833
0.002948698
0.0025311832
0.0027921298
0.009707218
0.0032096447
0.0018005323
0.0013569229
0.04368248
0.0040968633
0.053807214
0.024137571
0.023302542
0.038046032
0.040812068
0.007463076
0.007254319
0.024789939
0.020353844
0.008350295
0.004618757
0.03144408
0.02051041
0.020249465
0.02977402
0.014560827
0.0016961537
0.04266479
0.024816032
0.03407964
0.00955065
0.022832837
0.006497573
0.0066280467
0.005793017
0.0028443192
0.003731538
0.001904911
0.0028443192
0.0090809455
0.0022702364
5.9374447
3.0
0.0
0.0
7.0
1000671.0
327680.0
0.0
0.0
1.0
0.0
1.0
0.0
0.0
0.0
1168305000.0
0.0
0.0
0.0
0.0
0.0
1.0
0.0
0.0
0.0
0.0
0.0
0.0
-1.0
0.0
-1.0
-1.0
1.0
0.0
0.0
0.0
0.0
0.0
0.0
0.0
0.0
0.0
0.0
0.0
-1.0
0.0
0.0
0.0
0.0
0.0
0.0
0.0
0.0
0.0
0.0
0.0
0.0
-1.0
0.0
0.0
0.0
0.0
0.0
0.0
0.0
0.0
1.0
0.0
6.0
0.0
4.0
0.0
4.0
0.0
126976.0
1024.0
4096.0
4.0
0.0
0.0
2.0
4.0
0.0
0.0
0.0
0.0
0.0
0.0
0.0
0.0
0.0
0.0
0.0
0.0
0.0
0.0
0.0
-125952.0
0.0
-2560.0
0.0
0.0
0.0
0.0
0.0
0.0
0.0
0.0
0.0
0.0
0.0
0.0
0.0
0.0
0.0
0.0
0.0
0.0
0.0
180224.0
0.0
0.0
0.0
0.0
0.0
8704.0
0.0
0.0
0.0
0.0
0.0
0.0
0.0
0.0
0.0
0.0
0.0
0.0
0.0
0.0
0.0
0.0
0.0
0.0
0.0
0.0
0.0
-6.578913
0.0
-4.023603
0.0
0.0
0.0
0.0
0.0
0.0
0.0
0.0
0.0
0.0
0.0
0.0
0.0
0.0
0.0
0.0
0.0
0.0
0.0
5.7565093
0.0
0.0
0.0
0.0
0.0
4.0408506
0.0
0.0
0.0
0.0
0.0
0.0
0.0
0.0
0.0
0.0
0.0
0.0
0.0
0.0
0.0
0.0
0.0
0.0
0.0
0.0
0.0
-126976.0
0.0
-4096.0
0.0
0.0
0.0
0.0
0.0
0.0
0.0
0.0
0.0
0.0
0.0
0.0
0.0
0.0
0.0
0.0
0.0
0.0
0.0
180224.0
0.0
0.0
0.0
0.0
0.0
12288.0
0.0
0.0
0.0
0.0
0.0
0.0
0.0
0.0
0.0
0.0
0.0
0.0
0.0
0.0
0.0
0.0
0.0
0.0
0.0
0.0
0.0
0.0
0.0
0.0
0.0
0.0
0.0
0.0
0.0
0.0
0.0
0.0
0.0
0.0
0.0
1.0
0.0
-1.0
0.0
0.0
0.0
0.0
0.0
0.0
-1.0
-1.0
0.0
0.0
0.0
0.0
0.0
0.0
0.0
0.0
0.0
0.0
0.0
0.0
0.0
0.0
0.0
0.0
0.0
0.0
0.0
0.0
0.0
0.0
0.0
-1.0
0.0
0.0
0.0
0.0
0.0
0.0
0.0
0.0
0.0
1.0
0.0
0.0
0.0
0.0
1.0
0.0
0.0
0.0
0.0
0.0
0.0
0.0
0.0
1.0
0.0
0.0
0.0
0.0
0.0
0.0
0.0
0.0
0.0
-1.0
0.0
0.0
0.0
0.0
0.0
0.0
0.0
0.0
0.0
0.0
0.0
0.0
0.0
-1.0
0.0
0.0
0.0
0.0
0.0
0.0
0.0
0.0
0.0
0.0
0.0
0.0
0.0
0.0
0.0
0.0
0.0
0.0
0.0
0.0
0.0
0.0
0.0
0.0
0.0
0.0
0.0
0.0
0.0
0.0
0.0
0.0
0.0
0.0
0.0
0.0
0.0
0.0
0.0
0.0
0.0
0.0
0.0
0.0
0.0
0.0
0.0
0.0
0.0
0.0
0.0
0.0
0.0
0.0
0.0
0.0
0.0
0.0
0.0
0.0
0.0
0.0
0.0
0.0
0.0
0.0
0.0
0.0
0.0
0.0
0.0
0.0
0.0
0.0
0.0
0.0
0.0
0.0
0.0
0.0
0.0
0.0
0.0
0.0
0.0
0.0
0.0
0.0
0.0
0.0
0.0
0.0
0.0
0.0
0.0
0.0
0.0
0.0
0.0
0.0
0.0
0.0
0.0
0.0
0.0
0.0
0.0
0.0
0.0
0.0
0.0
0.0
0.0
0.0
0.0
0.0
0.0
0.0
0.0
0.0
0.0
0.0
0.0
0.0
0.0
0.0
0.0
0.0
0.0
0.0
0.0
0.0
0.0
0.0
0.0
0.0
0.0
0.0
0.0
0.0
0.0
0.0
0.0
0.0
0.0
0.0
0.0
0.0
0.0
0.0
0.0
0.0
0.0
0.0
0.0
0.0
0.0
0.0
0.0
0.0
0.0
0.0
0.0
0.0
0.0
0.0
0.0
0.0
0.0
0.0
0.0
0.0
0.0
0.0
0.0
0.0
0.0
0.0
0.0
0.0
0.0
0.0
0.0
0.0
0.0
0.0
0.0
0.0
0.0
0.0
0.0
0.0
0.0
0.0
0.0
0.0
0.0
0.0
0.0
0.0
0.0
0.0
0.0
0.0
0.0
0.0
0.0
0.0
0.0
0.0
0.0
0.0
0.0
0.0
0.0
0.0
0.0
0.0
0.0
0.0
0.0
0.0
0.0
0.0
0.0
0.0
0.0
0.0
0.0
0.0
0.0
0.0
0.0
0.0
0.0
0.0
0.0
0.0
0.0
0.0
0.0
0.0
0.0
0.0
0.0
0.0
0.0
0.0
0.0
0.0
0.0
0.0
0.0
0.0
0.0
0.0
0.0
0.0
0.0
0.0
0.0
0.0
0.0
0.0
0.0
0.0
0.0
0.0
0.0
0.0
0.0
0.0
0.0
0.0
0.0
0.0
0.0
0.0
0.0
0.0
0.0
0.0
0.0
0.0
0.0
0.0
0.0
0.0
0.0
0.0
0.0
0.0
0.0
0.0
0.0
0.0
0.0
0.0
0.0
0.0
0.0
0.0
0.0
0.0
0.0
0.0
0.0
0.0
0.0
0.0
0.0
0.0
0.0
0.0
0.0
0.0
0.0
0.0
0.0
0.0
0.0
0.0
0.0
0.0
0.0
0.0
0.0
0.0
0.0
0.0
0.0
0.0
0.0
0.0
0.0
0.0
0.0
0.0
0.0
0.0
0.0
0.0
0.0
0.0
0.0
0.0
0.0
0.0
0.0
0.0
0.0
0.0
0.0
0.0
0.0
0.0
0.0
0.0
0.0
0.0
0.0
0.0
0.0
0.0
0.0
0.0
0.0
0.0
0.0
0.0
0.0
0.0
0.0
0.0
0.0
0.0
0.0
0.0
0.0
0.0
0.0
0.0
0.0
0.0
0.0
0.0
0.0
0.0
0.0
0.0
0.0
0.0
0.0
0.0
0.0
0.0
0.0
0.0
0.0
0.0
0.0
0.0
0.0
0.0
0.0
0.0
0.0
0.0
0.0
0.0
0.0
0.0
0.0
0.0
0.0
0.0
0.0
0.0
0.0
0.0
0.0
0.0
0.0
0.0
0.0
0.0
0.0
0.0
0.0
0.0
0.0
0.0
0.0
0.0
0.0
0.0
0.0
0.0
0.0
0.0
0.0
0.0
0.0
0.0
0.0
0.0
0.0
0.0
0.0
0.0
0.0
0.0
0.0
0.0
0.0
0.0
0.0
0.0
0.0
0.0
0.0
0.0
0.0
0.0
0.0
0.0
0.0
0.0
0.0
0.0
0.0
0.0
0.0
0.0
0.0
0.0
0.0
0.0
0.0
0.0
0.0
0.0
0.0
0.0
0.0
0.0
0.0
0.0
0.0
0.0
0.0
0.0
0.0
0.0
0.0
0.0
0.0
0.0
0.0
0.0
0.0
0.0
0.0
0.0
0.0
0.0
0.0
0.0
0.0
0.0
0.0
0.0
0.0
0.0
0.0
0.0
0.0
0.0
0.0
0.0
0.0
0.0
0.0
0.0
0.0
0.0
0.0
0.0
0.0
0.0
0.0
0.0
0.0
0.0
0.0
0.0
0.0
0.0
0.0
0.0
0.0
0.0
0.0
0.0
0.0
0.0
0.0
0.0
0.0
0.0
0.0
0.0
0.0
0.0
0.0
0.0
0.0
0.0
0.0
0.0
0.0
0.0
0.0
0.0
0.0
0.0
0.0
0.0
0.0
0.0
0.0
0.0
0.0
0.0
0.0
0.0
0.0
0.0
0.0
0.0
0.0
0.0
0.0
0.0
0.0
0.0
0.0
0.0
0.0
0.0
0.0
0.0
0.0
0.0
0.0
0.0
0.0
0.0
0.0
0.0
0.0
0.0
0.0
0.0
0.0
0.0
0.0
0.0
0.0
0.0
0.0
0.0
0.0
0.0
0.0
0.0
0.0
0.0
0.0
0.0
0.0
0.0
0.0
0.0
0.0
0.0
0.0
0.0
0.0
0.0
0.0
0.0
0.0
0.0
0.0
0.0
0.0
0.0
0.0
0.0
0.0
0.0
0.0
0.0
0.0
0.0
0.0
0.0
0.0
0.0
0.0
0.0
0.0
0.0
0.0
0.0
0.0
0.0
0.0
0.0
0.0
0.0
0.0
0.0
0.0
0.0
0.0
0.0
0.0
0.0
0.0
0.0
0.0
0.0
0.0
0.0
0.0
0.0
0.0
0.0
0.0
0.0
0.0
0.0
0.0
0.0
0.0
0.0
0.0
0.0
0.0
0.0
0.0
0.0
0.0
0.0
0.0
0.0
0.0
0.0
0.0
0.0
0.0
0.0
0.0
0.0
0.0
0.0
0.0
0.0
0.0
0.0
0.0
0.0
0.0
0.0
0.0
0.0
0.0
0.0
0.0
0.0
0.0
0.0
0.0
0.0
0.0
0.0
0.0
0.0
0.0
0.0
0.0
0.0
0.0
0.0
0.0
0.0
0.0
0.0
0.0
0.0
0.0
0.0
0.0
0.0
0.0
0.0
0.0
0.0
0.0
0.0
0.0
0.0
0.0
0.0
0.0
0.0
0.0
0.0
0.0
0.0
0.0
0.0
0.0
0.0
0.0
0.0
0.0
0.0
0.0
0.0
0.0
0.0
0.0
0.0
0.0
0.0
0.0
0.0
0.0
0.0
0.0
0.0
0.0
0.0
0.0
0.0
0.0
0.0
0.0
0.0
0.0
0.0
0.0
0.0
0.0
0.0
0.0
0.0
0.0
0.0
0.0
0.0
0.0
0.0
0.0
0.0
0.0
0.0
0.0
0.0
0.0
0.0
0.0
0.0
0.0
0.0
0.0
0.0
0.0
0.0
0.0
0.0
0.0
0.0
0.0
0.0
0.0
0.0
0.0
0.0
0.0
0.0
0.0
0.0
0.0
0.0
0.0
0.0
0.0
0.0
0.0
0.0
0.0
0.0
0.0
0.0
0.0
0.0
0.0
0.0
0.0
0.0
0.0
0.0
0.0
0.0
0.0
0.0
0.0
0.0
0.0
0.0
0.0
0.0
0.0
0.0
0.0
0.0
0.0
0.0
0.0
0.0
0.0
0.0
0.0
0.0
0.0
0.0
0.0
0.0
0.0
0.0
0.0
0.0
0.0
0.0
0.0
0.0
0.0
0.0
0.0
0.0
0.0
0.0
0.0
0.0
0.0
0.0
0.0
0.0
0.0
0.0
0.0
0.0
0.0
0.0
0.0
0.0
0.0
0.0
0.0
0.0
0.0
0.0
0.0
0.0
0.0
0.0
0.0
0.0
0.0
0.0
0.0
0.0
0.0
0.0
0.0
0.0
0.0
0.0
0.0
0.0
0.0
0.0
0.0
0.0
0.0
0.0
0.0
0.0
0.0
0.0
0.0
0.0
0.0
0.0
0.0
0.0
0.0
0.0
0.0
0.0
0.0
0.0
0.0
0.0
0.0
0.0
0.0
0.0
0.0
0.0
0.0
0.0
0.0
0.0
0.0
0.0
0.0
0.0
0.0
0.0
0.0
0.0
0.0
0.0
0.0
0.0
0.0
0.0
0.0
0.0
0.0
0.0
0.0
0.0
0.0
0.0
0.0
0.0
0.0
0.0
0.0
0.0
0.0
0.0
0.0
0.0
0.0
0.0
0.0
0.0
0.0
0.0
0.0
0.0
0.0
0.0
0.0
0.0
0.0
0.0
0.0
0.0
0.0
0.0
0.0
0.0
0.0
0.0
0.0
0.0
0.0
0.0
0.0
0.0
0.0
0.0
0.0
0.0
0.0
0.0
0.0
0.0
0.0
0.0
0.0
0.0
0.0
0.0
0.0
0.0
0.0
0.0
0.0
0.0
0.0
0.0
0.0
0.0
0.0
0.0
0.0
0.0
0.0
0.0
0.0
0.0
0.0
0.0
0.0
0.0
0.0
0.0
0.0
0.0
0.0
0.0
0.0
0.0
0.0
0.0
0.0
0.0
0.0
0.0
0.0
0.0
0.0
0.0
0.0
0.0
0.0
0.0
0.0
0.0
0.0
0.0
1.0
0.0
0.0
0.0
0.0
0.0
0.0
0.0
0.0
0.0
0.0
0.0
0.0
0.0
0.0
0.0
0.0
0.0
0.0
0.0
0.0
0.0
0.0
0.0
0.0
0.0
0.0
0.0
0.0
0.0
0.0
0.0
0.0
0.0
0.0
0.0
0.0
0.0
0.0
0.0
0.0
0.0
0.0
0.0
0.0
0.0
0.0
0.0
0.0
0.0
0.0
0.0
0.0
0.0
0.0
0.0
0.0
0.0
0.0
0.0
0.0
0.0
0.0
0.0
0.0
0.0
0.0
0.0
0.0
0.0
0.0
0.0
0.0
0.0
0.0
0.0
0.0
0.0
0.0
0.0
0.0
0.0
0.0
0.0
0.0
0.0
0.0
0.0
0.0
0.0
0.0
0.0
0.0
0.0
0.0
0.0
0.0
0.0
0.0
0.0
0.0
0.0
0.0
0.0
0.0
0.0
0.0
0.0
0.0
0.0
0.0
0.0
0.0
0.0
0.0
0.0
0.0
0.0
0.0
0.0
0.0
0.0
0.0
0.0
0.0
0.0
0.0
0.0
0.0
0.0
0.0
0.0
0.0
0.0
0.0
0.0
0.0
0.0
0.0
0.0
0.0
0.0
0.0
0.0
0.0
0.0
0.0
0.0
0.0
0.0
0.0
0.0
0.0
0.0
0.0
0.0
0.0
0.0
0.0
0.0
0.0
0.0
0.0
0.0
0.0
0.0
0.0
0.0
0.0
0.0
0.0
0.0
0.0
0.0
0.0
0.0
0.0
0.0
0.0
0.0
0.0
0.0
0.0
0.0
0.0
0.0
0.0
0.0
0.0
0.0
0.0
0.0
0.0
0.0
0.0
0.0
0.0
0.0
0.0
0.0
0.0
0.0
0.0
0.0
0.0
0.0
0.0
0.0
0.0
0.0
0.0
0.0
0.0
0.0
0.0
0.0
0.0
0.0
0.0
0.0
0.0
0.0
0.0
0.0
0.0
0.0
0.0
0.0
0.0
0.0
0.0
0.0
0.0
0.0
0.0
0.0
0.0
0.0
0.0
0.0
0.0
0.0
0.0
0.0
0.0
0.0
0.0
0.0
0.0
0.0
0.0
0.0
0.0
0.0
0.0
0.0
0.0
0.0
0.0
0.0
0.0
0.0
0.0
0.0
0.0
0.0
0.0
0.0
0.0
0.0
0.0
0.0
0.0
0.0
0.0
0.0
0.0
0.0
0.0
0.0
0.0
0.0
0.0
0.0
0.0
0.0
0.0
0.0
0.0
0.0
0.0
0.0
0.0
0.0
0.0
0.0
0.0
0.0
0.0
0.0
0.0
0.0
0.0
0.0
0.0
0.0
0.0
0.0
40.0
323584.0
8512.0
311296.0
0.0
0.0
0.0
0.0
0.0
0.0
0.0
0.0
0.0
0.0
0.0
0.0
0.0
0.0
0.0
0.0
0.0
0.0
0.0
0.0
0.0
0.0
0.0
0.0
