0.18711764
0.0051459344
0.004094443
0.0030110884
0.0042218966
0.0022304358
0.000860311
0.0018002804
0.0028199083
0.00071692583
0.000605404
0.00057354063
0.0021029825
0.0009240377
0.00082844764
0.0036642875
0.0016728269
0.0007647209
0.00041422382
0.00014338516
0.0015453735
0.0041263066
0.0004301555
0.0005416773
0.000605404
0.00027083865
0.00020711191
0.000302702
0.00055760896
0.0006372674
0.00028677032
0.00058947236
0.00074878917
0.00027083865
0.00027083865
0.000302702
0.0018002804
0.000302702
0.00036642875
0.0016250318
0.00079658424
0.00068506243
0.00019118022
0.00012745347
0.0007647209
0.0003186337
0.00079658424
0.0006372674
0.00066913076
0.0025331378
0.0016409636
0.002326026
0.0026127964
0.0038236044
0.0033456539
0.004094443
0.0041263066
0.0060381084
0.0036642875
0.004891027
0.004859164
0.00557609
0.00444494
0.005273388
0.015007647
0.00737637
0.004652052
0.005416773
0.004747642
0.009622738
0.005050344
0.0055920216
0.003791741
0.0042696916
0.003951058
0.0047795055
0.003951058
0.0052415244
0.006324879
0.0051777977
0.010833546
0.0046361205
0.0041103745
0.006579786
0.0039669895
0.0056557483
0.0059425184
0.0057832017
0.003935126
0.004620189
0.0036324242
0.005416773
0.004620189
0.005560158
0.0049706856
0.0053849095
0.003839536
0.0065001273
0.004795437
0.006420469
0.0066435128
0.009782054
0.0062452205
0.006739103
0.008730563
0.0059903134
0.008252613
0.0041900333
0.006723171
0.0045086667
0.005002549
0.0058309967
0.0083641345
0.003935126
0.0061018355
0.006133699
0.008587178
0.0074400967
0.0037598778
0.0061974255
0.004843232
0.003982921
0.004667984
0.0033137905
0.005815065
0.0045564617
0.0034571756
0.004620189
0.0064841956
0.003887331
0.003998853
0.008029569
0.0056079533
0.009941371
0.0036483558
0.00425376
0.0050822073
0.010275937
0.005353046
0.009320036
0.005209661
0.013016187
0.0033615856
0.0048750956
0.0049866172
0.0031704053
0.00444494
0.0029632933
0.0045723934
0.003887331
0.002628728
0.00283584
0.0031544736
0.0034571756
0.0021985725
0.00141792
0.0022622992
0.0013223299
0.0011152179
0.0012586031
0.001720622
0.002373821
0.001975529
0.0019914606
0.0020551872
0.0014975783
0.0010355596
0.0010514912
0.0014497833
0.0010992863
0.0016728269
0.0009877644
0.0024694111
0.001163013
0.0011470813
0.0010674229
0.0015613051
0.0011152179
0.0015931685
0.0011152179
0.0017843487
0.0016250318
0.0015772368
0.0010992863
0.002326026
0.00141792
0.0018640071
0.001163013
0.0025331378
0.0015613051
0.0019914606
0.0019436656
0.0043812133
0.0018002804
0.0025012745
0.002676523
0.0026127964
0.0011152179
0.0023897528
0.0019277339
0.0011311496
0.00033456538
0.0010514912
0.00023897528
0.0010196278
0.00015931686
0.00151351
0.0006531991
0.00078065257
0.0010674229
0.00047795055
0.00035049708
0.0004301555
0.00012745347
0.0002230436
0.00033456538
0.0010036961
0.0008443793
0.0006213357
0.0008125159
0.00071692583
0.0004460872
0.000302702
0.0002230436
0.0008443793
0.0006372674
0.0009877644
0.0007328575
0.00036642875
0.00074878917
0.0011789447
0.0004460872
0.0042856233
0.0012904665
0.00033456538
0.0025331378
0.0021507775
0.0003186337
0.00027083865
0.0008125159
0.0009877644
0.000302702
0.0021348458
0.0008125159
0.0008921744
0.0013860565
0.0014019883
0.0009877644
0.003042952
0.00082844764
0.0013382615
0.0009559011
0.0035209025
0.0010674229
0.0023897528
0.05638223
0.0
0.0
0.0
0.0
0.0
0.0
0.0
0.0
0.0
0.0
0.0
0.0
0.0
0.0
0.0
0.0
0.015250651
1.6276043e-05
1.6276043e-05
4.0690105e-05
0.0
0.0
0.0
4.8828126e-05
0.0
0.0
8.138021e-06
0.0
8.138021e-06
0.0
0.0
0.0012776692
0.0
0.0
0.0
0.0
0.0
0.0
0.0
0.0
0.0
0.0
0.0
0.0
0.0
0.0
0.0
0.0
0.014624024
0.00014648438
0.00013834635
7.324219e-05
0.00012207031
7.324219e-05
0.00020345052
8.951823e-05
0.00011393229
0.00012207031
0.00016276042
6.510417e-05
0.00010579427
0.0001546224
0.00012207031
0.00034993488
0.027539063
5.6966146e-05
0.0001953125
0.00020345052
0.0002766927
0.00024414062
0.00048828125
0.000382487
0.0003092448
0.00048014324
0.00021158854
0.00030110677
0.0005371094
0.00028483072
0.00034993488
0.0014729818
0.01237793
4.0690105e-05
5.6966146e-05
4.8828126e-05
0.0005859375
0.0002360026
0.0017496744
0.0013346354
4.0690105e-05
3.2552085e-05
3.2552085e-05
3.2552085e-05
3.2552085e-05
3.2552085e-05
1.6276043e-05
1.6276043e-05
0.012109375
6.510417e-05
8.138021e-05
6.510417e-05
0.00061035156
0.0002360026
0.0017903646
0.0013509115
6.510417e-05
3.2552085e-05
8.951823e-05
3.2552085e-05
3.2552085e-05
3.2552085e-05
5.6966146e-05
1.6276043e-05
0.0
0.0
0.0
0.0
0.0
0.0
0.0
0.0
0.0
0.0
0.0
0.0
0.0
0.0
0.0
0.0
0.010294597
0.00018717448
0.00017089843
0.00013834635
0.0001546224
0.00011393229
0.00024414062
0.0008707682
0.0001546224
0.00024414062
0.00017903646
0.00013834635
0.00030110677
0.00061035156
0.00059407554
0.0022705079
0.021883138
0.00022786458
0.00034179687
0.00034993488
0.0004231771
0.00032552084
0.00059407554
0.0003173828
0.001985677
0.0037109375
0.0013590495
0.0015950521
0.0021321615
0.0015218098
0.0026855469
0.027213542
0.023063151
0.0007324219
0.0010091146
0.0009928385
0.0021484375
0.0010253906
0.004174805
0.0033610025
0.0025960286
0.0005045573
0.00037434895
0.00056966144
0.0010335286
0.00091959635
0.0018636067
0.0056315106
0.006974284
5.6966146e-05
4.8828126e-05
0.0007486979
0.0009765625
0.0009602865
0.0014973958
0.0011962891
0.0010823568
0.0007324219
0.00046386718
0.00045572917
0.0001953125
0.0
0.0
0.0012776692
0.0035644532
0.00083007815
0.0011149088
0.04387207
0.05907389
0.05847982
0.07192383
0.054752603
0.05246582
0.032869466
0.015201823
0.015242513
0.0067301434
6.510417e-05
0.00013834635
0.00034179687
0.057381187
0.008479818
0.005729167
0.0106689455
0.022851562
0.018391928
0.012809245
0.01739909
0.036604818
0.0061442056
0.005419922
0.0068766274
0.011621093
0.0044596354
0.009700521
0.032128908
0.013175456
0.0024576823
0.0011555989
0.0025878907
0.0075927735
0.0052897134
0.004248047
0.004801432
0.0075276694
0.00079752604
0.0012451172
0.0009765625
0.003059896
0.0008707682
0.0027750651
0.008105469
0.0
0.0
0.0
0.0
0.0
0.0
0.0
0.0
0.0
0.0
0.0
0.0
0.0
0.0
0.0
0.0
891.0
18.026936
16062.0
0.0005603287
0.00018677625
0.0001245175
0.0001245175
0.000249035
6.225875e-05
6.225875e-05
0.0003735525
6.225875e-05
6.225875e-05
0.0001245175
6.225875e-05
0.000249035
0.00018677625
0.0018055036
0.00087162247
0.0006848462
0.003922301
0.005852322
0.008529448
0.0074710497
0.011082057
0.012202715
0.015066617
0.012576267
0.016498568
0.013634666
0.01743245
0.013759183
0.017183414
0.016436309
0.0188644
0.013074337
0.018241813
0.014070477
0.0188644
0.01487984
0.018241813
0.017743742
0.019798283
0.013572407
0.016062757
0.013883701
0.017494708
0.014008218
0.016872121
0.015315652
0.01544017
0.011580127
0.011766903
0.010583987
0.012763043
0.008218154
0.009899141
0.008965259
0.0074087908
0.0047939233
0.00597684
0.005416511
0.006163616
0.005167476
0.007595567
0.006599427
0.0067239446
0.0042958534
0.015564687
0.010148176
0.012763043
0.016125016
0.028452247
0.013821442
0.016436309
0.015564687
0.01593824
0.014381771
0.0097123645
0.020234093
0.013012079
0.013883701
0.015128875
0.013510148
0.009525589
0.017494708
0.01045947
0.019673765
0.012078197
0.009650106
0.011144316
0.011766903
0.009214294
0.012140456
0.0072842734
0.012700784
0.0089030005
0.0070352387
0.008404931
6.241164
0.0
0.0
0.0
3.0
62768.0
98304.0
0.0
0.0
28.0
0.0
1.0
0.0
0.0
0.0
1299095800.0
0.0
0.0
0.0
0.0
0.0
1.0
0.0
0.0
0.0
0.0
0.0
0.0
-1.0
0.0
-1.0
-1.0
0.0
0.0
0.0
0.0
0.0
0.0
0.0
0.0
0.0
0.0
0.0
0.0
-1.0
0.0
0.0
0.0
0.0
0.0
0.0
0.0
0.0
0.0
0.0
0.0
0.0
-1.0
0.0
0.0
0.0
0.0
0.0
0.0
0.0
0.0
0.0
0.0
2.0
50.0
4.0
0.0
4.0
0.0
18944.0
1024.0
4096.0
4.0
0.0
0.0
1.0
1.0
0.0
0.0
0.0
0.0
0.0
0.0
0.0
0.0
0.0
0.0
0.0
0.0
0.0
0.0
2048.0
0.0
0.0
0.0
0.0
0.0
0.0
0.0
0.0
0.0
0.0
0.0
0.0
0.0
0.0
0.0
0.0
0.0
-2560.0
0.0
0.0
0.0
0.0
0.0
0.0
0.0
0.0
-18944.0
0.0
10240.0
0.0
0.0
0.0
0.0
0.0
0.0
0.0
0.0
0.0
0.0
0.0
0.0
0.0
0.0
0.0
0.0
0.0
0.0
0.0
0.0
5.7255936
0.0
0.0
0.0
0.0
0.0
0.0
0.0
0.0
0.0
0.0
0.0
0.0
0.0
0.0
0.0
0.0
0.0
-2.3341854
0.0
0.0
0.0
0.0
0.0
0.0
0.0
0.0
-6.3390293
0.0
3.322294
0.0
0.0
0.0
0.0
0.0
0.0
0.0
0.0
0.0
0.0
0.0
0.0
0.0
0.0
0.0
0.0
0.0
0.0
0.0
0.0
1960.0
0.0
0.0
0.0
0.0
0.0
0.0
0.0
0.0
0.0
0.0
0.0
0.0
0.0
0.0
0.0
0.0
0.0
-57344.0
0.0
0.0
0.0
0.0
0.0
0.0
0.0
0.0
-18886.0
0.0
9820.0
0.0
0.0
0.0
0.0
0.0
0.0
0.0
0.0
0.0
-1.0
0.0
0.0
0.0
0.0
0.0
1.0
0.0
0.0
0.0
0.0
0.0
0.0
0.0
0.0
0.0
0.0
0.0
0.0
0.0
0.0
0.0
0.0
0.0
0.0
0.0
0.0
0.0
0.0
0.0
0.0
0.0
0.0
0.0
0.0
0.0
-2.0
0.0
0.0
0.0
1.0
0.0
0.0
0.0
0.0
0.0
0.0
0.0
0.0
0.0
0.0
0.0
0.0
0.0
0.0
0.0
0.0
0.0
0.0
0.0
-1.0
0.0
0.0
0.0
0.0
0.0
0.0
0.0
0.0
0.0
1.0
0.0
0.0
0.0
0.0
1.0
0.0
0.0
0.0
0.0
0.0
0.0
0.0
0.0
0.0
0.0
0.0
0.0
0.0
0.0
0.0
0.0
0.0
0.0
0.0
0.0
0.0
0.0
0.0
0.0
0.0
0.0
0.0
0.0
0.0
0.0
0.0
0.0
0.0
0.0
0.0
0.0
0.0
0.0
0.0
0.0
0.0
0.0
0.0
0.0
0.0
0.0
0.0
0.0
0.0
0.0
0.0
0.0
0.0
0.0
0.0
0.0
0.0
0.0
0.0
0.0
0.0
0.0
0.0
0.0
0.0
0.0
0.0
0.0
0.0
0.0
0.0
0.0
0.0
0.0
0.0
0.0
0.0
0.0
0.0
0.0
0.0
0.0
0.0
0.0
0.0
0.0
0.0
0.0
0.0
0.0
0.0
0.0
0.0
0.0
0.0
0.0
0.0
0.0
0.0
0.0
0.0
0.0
0.0
0.0
0.0
0.0
0.0
0.0
0.0
0.0
0.0
0.0
0.0
0.0
0.0
0.0
0.0
0.0
0.0
0.0
0.0
0.0
0.0
0.0
0.0
0.0
0.0
0.0
0.0
0.0
0.0
0.0
0.0
0.0
0.0
0.0
0.0
0.0
1.0
0.0
0.0
0.0
0.0
0.0
0.0
0.0
0.0
0.0
0.0
0.0
0.0
0.0
0.0
0.0
0.0
0.0
0.0
0.0
0.0
0.0
0.0
0.0
0.0
0.0
0.0
0.0
0.0
0.0
0.0
0.0
0.0
0.0
0.0
0.0
0.0
0.0
0.0
0.0
0.0
0.0
0.0
0.0
0.0
0.0
0.0
0.0
0.0
0.0
0.0
0.0
0.0
0.0
0.0
0.0
0.0
0.0
0.0
0.0
0.0
0.0
0.0
0.0
0.0
0.0
0.0
0.0
0.0
0.0
0.0
0.0
0.0
0.0
0.0
0.0
0.0
0.0
0.0
0.0
0.0
0.0
0.0
0.0
0.0
0.0
0.0
0.0
0.0
0.0
0.0
0.0
0.0
0.0
0.0
0.0
0.0
0.0
0.0
0.0
0.0
0.0
0.0
0.0
0.0
0.0
0.0
0.0
0.0
0.0
0.0
0.0
0.0
0.0
0.0
0.0
0.0
0.0
0.0
0.0
0.0
0.0
0.0
0.0
0.0
0.0
0.0
0.0
0.0
0.0
0.0
0.0
0.0
0.0
0.0
0.0
0.0
0.0
0.0
0.0
0.0
0.0
0.0
0.0
0.0
0.0
0.0
0.0
0.0
0.0
0.0
0.0
0.0
0.0
0.0
0.0
0.0
0.0
0.0
0.0
0.0
0.0
0.0
0.0
0.0
0.0
0.0
0.0
0.0
0.0
0.0
0.0
0.0
0.0
0.0
0.0
0.0
0.0
0.0
0.0
0.0
0.0
0.0
0.0
0.0
0.0
0.0
0.0
0.0
0.0
0.0
0.0
0.0
0.0
0.0
0.0
0.0
0.0
0.0
0.0
0.0
0.0
0.0
0.0
0.0
0.0
0.0
0.0
0.0
0.0
0.0
0.0
0.0
0.0
0.0
0.0
0.0
0.0
0.0
0.0
0.0
0.0
0.0
0.0
0.0
0.0
0.0
0.0
0.0
0.0
0.0
0.0
0.0
0.0
0.0
0.0
0.0
0.0
0.0
0.0
0.0
0.0
0.0
0.0
0.0
1.0
0.0
0.0
0.0
0.0
0.0
0.0
0.0
0.0
0.0
0.0
0.0
0.0
0.0
0.0
0.0
0.0
0.0
0.0
0.0
0.0
0.0
0.0
0.0
0.0
0.0
0.0
0.0
0.0
0.0
0.0
0.0
0.0
0.0
0.0
0.0
0.0
0.0
0.0
0.0
0.0
0.0
0.0
0.0
0.0
0.0
0.0
0.0
0.0
0.0
0.0
0.0
0.0
0.0
0.0
0.0
0.0
0.0
0.0
0.0
0.0
0.0
0.0
0.0
0.0
0.0
-1.0
0.0
0.0
0.0
0.0
0.0
0.0
0.0
0.0
0.0
0.0
0.0
0.0
0.0
0.0
0.0
0.0
0.0
0.0
0.0
0.0
0.0
0.0
0.0
0.0
0.0
0.0
0.0
0.0
0.0
0.0
0.0
0.0
0.0
0.0
0.0
0.0
0.0
0.0
0.0
0.0
0.0
0.0
0.0
0.0
0.0
0.0
0.0
0.0
0.0
0.0
0.0
0.0
0.0
0.0
0.0
0.0
0.0
0.0
0.0
0.0
0.0
0.0
0.0
0.0
0.0
0.0
0.0
0.0
0.0
0.0
0.0
0.0
0.0
0.0
0.0
0.0
0.0
0.0
0.0
0.0
0.0
0.0
0.0
0.0
0.0
0.0
0.0
0.0
0.0
0.0
0.0
0.0
0.0
0.0
0.0
-1.0
0.0
0.0
0.0
0.0
0.0
0.0
0.0
0.0
0.0
0.0
0.0
-1.0
0.0
0.0
0.0
0.0
0.0
0.0
0.0
0.0
0.0
0.0
0.0
0.0
0.0
0.0
0.0
0.0
0.0
0.0
0.0
0.0
0.0
0.0
0.0
0.0
0.0
0.0
0.0
0.0
0.0
0.0
0.0
0.0
0.0
0.0
1.0
0.0
0.0
0.0
0.0
0.0
0.0
0.0
0.0
0.0
0.0
1.0
0.0
0.0
0.0
0.0
0.0
0.0
0.0
0.0
0.0
0.0
0.0
0.0
0.0
0.0
0.0
0.0
0.0
0.0
0.0
-1.0
0.0
0.0
0.0
0.0
0.0
0.0
0.0
0.0
0.0
0.0
0.0
0.0
0.0
0.0
0.0
0.0
0.0
0.0
0.0
0.0
0.0
0.0
0.0
-1.0
0.0
0.0
0.0
0.0
0.0
0.0
0.0
0.0
0.0
0.0
0.0
0.0
0.0
0.0
0.0
0.0
0.0
0.0
0.0
0.0
0.0
0.0
0.0
0.0
0.0
0.0
0.0
0.0
0.0
0.0
0.0
0.0
0.0
0.0
0.0
0.0
0.0
0.0
0.0
0.0
0.0
0.0
0.0
0.0
0.0
0.0
0.0
0.0
0.0
-1.0
0.0
0.0
0.0
0.0
0.0
0.0
0.0
0.0
0.0
0.0
0.0
0.0
0.0
0.0
0.0
0.0
0.0
0.0
0.0
0.0
0.0
0.0
0.0
0.0
0.0
0.0
0.0
0.0
0.0
0.0
0.0
0.0
0.0
0.0
0.0
0.0
0.0
0.0
0.0
0.0
0.0
0.0
0.0
0.0
0.0
0.0
0.0
0.0
0.0
0.0
0.0
0.0
0.0
0.0
0.0
0.0
0.0
0.0
0.0
0.0
0.0
0.0
0.0
0.0
0.0
0.0
0.0
0.0
0.0
-1.0
0.0
0.0
0.0
0.0
0.0
0.0
0.0
0.0
0.0
0.0
0.0
0.0
0.0
0.0
0.0
0.0
0.0
0.0
0.0
0.0
0.0
0.0
0.0
0.0
0.0
0.0
0.0
0.0
0.0
0.0
0.0
0.0
0.0
0.0
0.0
0.0
0.0
0.0
0.0
0.0
0.0
0.0
0.0
0.0
0.0
0.0
0.0
0.0
0.0
0.0
0.0
0.0
0.0
0.0
0.0
0.0
0.0
0.0
0.0
0.0
0.0
0.0
0.0
0.0
0.0
0.0
0.0
0.0
0.0
0.0
0.0
0.0
0.0
0.0
0.0
0.0
0.0
0.0
0.0
0.0
0.0
0.0
0.0
0.0
0.0
0.0
0.0
0.0
0.0
0.0
-1.0
0.0
0.0
0.0
0.0
0.0
0.0
0.0
0.0
0.0
0.0
1.0
0.0
0.0
0.0
1.0
0.0
0.0
0.0
-1.0
0.0
0.0
0.0
0.0
0.0
0.0
0.0
0.0
0.0
0.0
0.0
-1.0
0.0
0.0
0.0
0.0
0.0
0.0
0.0
0.0
0.0
0.0
0.0
0.0
0.0
0.0
0.0
0.0
0.0
0.0
0.0
0.0
0.0
0.0
0.0
0.0
0.0
0.0
0.0
0.0
0.0
0.0
0.0
0.0
0.0
0.0
0.0
0.0
0.0
0.0
0.0
0.0
0.0
-1.0
0.0
0.0
0.0
0.0
0.0
0.0
0.0
0.0
0.0
0.0
0.0
0.0
0.0
0.0
1.0
0.0
0.0
0.0
0.0
0.0
0.0
0.0
0.0
0.0
0.0
0.0
0.0
0.0
0.0
0.0
0.0
0.0
0.0
0.0
0.0
0.0
0.0
0.0
0.0
0.0
0.0
0.0
0.0
0.0
0.0
0.0
0.0
0.0
0.0
-1.0
0.0
0.0
0.0
0.0
0.0
0.0
0.0
0.0
0.0
0.0
0.0
0.0
0.0
-1.0
0.0
0.0
0.0
0.0
0.0
0.0
0.0
0.0
0.0
0.0
0.0
0.0
0.0
0.0
0.0
0.0
0.0
0.0
0.0
0.0
0.0
0.0
0.0
0.0
0.0
0.0
0.0
0.0
0.0
0.0
1.0
0.0
0.0
0.0
0.0
0.0
0.0
0.0
0.0
0.0
0.0
0.0
0.0
0.0
0.0
0.0
0.0
0.0
0.0
0.0
0.0
0.0
0.0
0.0
0.0
0.0
0.0
0.0
0.0
0.0
0.0
0.0
0.0
0.0
0.0
0.0
0.0
0.0
0.0
0.0
0.0
0.0
0.0
0.0
0.0
0.0
-1.0
0.0
0.0
0.0
0.0
0.0
0.0
0.0
0.0
0.0
0.0
0.0
-1.0
0.0
0.0
1.0
0.0
0.0
0.0
0.0
0.0
0.0
0.0
0.0
0.0
0.0
0.0
0.0
0.0
0.0
0.0
0.0
0.0
0.0
0.0
0.0
0.0
0.0
0.0
0.0
0.0
0.0
0.0
0.0
0.0
0.0
0.0
0.0
0.0
0.0
0.0
0.0
0.0
1.0
0.0
0.0
0.0
0.0
0.0
0.0
0.0
0.0
0.0
0.0
0.0
0.0
0.0
0.0
0.0
0.0
0.0
0.0
0.0
0.0
0.0
0.0
0.0
0.0
0.0
0.0
0.0
0.0
0.0
0.0
0.0
0.0
0.0
0.0
0.0
0.0
0.0
0.0
0.0
0.0
0.0
0.0
0.0
0.0
0.0
0.0
0.0
0.0
0.0
0.0
0.0
0.0
0.0
0.0
0.0
0.0
0.0
0.0
0.0
0.0
0.0
0.0
0.0
0.0
0.0
0.0
0.0
0.0
0.0
0.0
0.0
0.0
0.0
0.0
0.0
0.0
0.0
0.0
0.0
0.0
0.0
0.0
0.0
0.0
-1.0
0.0
0.0
0.0
0.0
0.0
0.0
0.0
0.0
0.0
0.0
0.0
0.0
0.0
0.0
0.0
0.0
0.0
0.0
0.0
0.0
0.0
0.0
0.0
0.0
0.0
0.0
-1.0
0.0
0.0
0.0
0.0
0.0
0.0
0.0
0.0
0.0
0.0
0.0
0.0
0.0
0.0
0.0
0.0
0.0
0.0
0.0
0.0
0.0
0.0
0.0
0.0
-1.0
0.0
0.0
0.0
0.0
0.0
0.0
0.0
0.0
0.0
0.0
0.0
0.0
0.0
0.0
0.0
1.0
0.0
0.0
0.0
0.0
0.0
0.0
0.0
0.0
0.0
0.0
0.0
0.0
0.0
0.0
0.0
0.0
0.0
0.0
0.0
0.0
0.0
0.0
0.0
0.0
0.0
0.0
0.0
0.0
0.0
0.0
0.0
0.0
0.0
0.0
0.0
0.0
0.0
0.0
0.0
0.0
0.0
0.0
0.0
0.0
0.0
0.0
0.0
0.0
0.0
0.0
0.0
0.0
0.0
0.0
0.0
0.0
0.0
0.0
0.0
0.0
0.0
0.0
0.0
0.0
0.0
0.0
0.0
0.0
0.0
0.0
0.0
0.0
0.0
0.0
0.0
0.0
0.0
0.0
0.0
0.0
0.0
0.0
0.0
0.0
0.0
0.0
0.0
0.0
0.0
0.0
0.0
0.0
0.0
0.0
0.0
0.0
0.0
0.0
0.0
0.0
0.0
0.0
0.0
0.0
0.0
0.0
0.0
0.0
0.0
0.0
0.0
0.0
0.0
0.0
0.0
0.0
0.0
0.0
0.0
0.0
0.0
0.0
0.0
0.0
0.0
0.0
0.0
0.0
0.0
0.0
0.0
0.0
0.0
0.0
0.0
0.0
0.0
0.0
0.0
0.0
0.0
0.0
0.0
0.0
0.0
0.0
0.0
0.0
0.0
0.0
0.0
0.0
40.0
30452.0
9820.0
86016.0
0.0
0.0
0.0
0.0
0.0
0.0
0.0
0.0
0.0
0.0
0.0
0.0
0.0
0.0
0.0
0.0
0.0
0.0
116.0
30608.0
0.0
0.0
0.0
0.0
