0.029836519
0.0022480513
0.0015473857
0.0017763356
0.0016815978
0.0012730405
0.001095407
0.0021612083
0.001458569
0.0009236945
0.0010361958
0.004703342
0.0016559396
0.000994748
0.011228415
0.004954003
0.009193524
0.0014940957
0.0013875156
0.0022243669
0.023129864
0.0008526411
0.014299502
0.00094540534
0.008650755
0.0010105376
0.00077369285
0.0051553207
0.00077764026
0.00055263774
0.0011408023
0.0011309338
0.0014052789
0.0006611916
0.00069671834
0.00080527214
0.0012039609
0.0006671127
0.0007480347
0.0007815877
0.0010026428
0.00069474464
0.0008388252
0.001330278
0.0008782993
0.00058026967
0.00080527214
0.0008407989
0.00073224504
0.00077369285
0.0007440873
0.0011546182
0.000712508
0.00095132645
0.00095527386
0.000799351
0.00080527214
0.0008704045
0.0009730372
0.0009927743
0.0006611916
0.00057040114
0.00060790154
0.0014033052
0.00095330016
0.0065941527
0.0011743553
0.0057336167
0.0017664671
0.0018671261
0.004480313
0.005283612
0.008202723
0.0013717258
0.004683605
0.009726425
0.0025697656
0.0056211157
0.0033967486
0.0053842706
0.0015493594
0.0030789818
0.007815877
0.011317232
0.005658616
0.0041388622
0.0040697823
0.0075020576
0.0006355334
0.0012908039
0.004261232
0.0017723882
0.0013263306
0.0021316027
0.0016144917
0.0011269863
0.00074013986
0.0045730774
0.011441575
0.0054533505
0.01768046
0.014652795
0.005015188
0.0075316634
0.011277758
0.0114553915
0.004644131
0.0052204533
0.011297495
0.0045138663
0.011119861
0.004665842
0.007922457
0.0042572846
0.011246178
0.012229084
0.011293547
0.0011585656
0.0065428363
0.0022697623
0.0046934737
0.0043303114
0.0011506708
0.0016776504
0.0011822501
0.0010697488
0.0016519922
0.0010855384
0.00081119325
0.0021079183
0.0020112067
0.0022342354
0.0016065969
0.0021019971
0.001794099
0.001578965
0.0016973874
0.0036316195
0.029530594
0.11646841
0.012560667
0.0060829627
0.003367143
0.01382976
0.0028421371
0.0013204095
0.0022223932
0.008417857
0.0027770048
0.0029881913
0.002358579
0.008023116
0.0016796241
0.004125046
0.010188272
0.0050586094
0.0025145018
0.00093553675
0.00086053595
0.0039414912
0.0020684442
0.003406617
0.00090395747
0.0030355603
0.0010381695
0.00081908813
0.0011348812
0.0043914965
0.0009986954
0.002445422
0.0010598802
0.0055500623
0.00072829763
0.0007579032
0.00083093037
0.024089085
0.0010658014
0.0017644934
0.0013875156
0.00169344
0.0018927844
0.00068092864
0.00081908813
0.002236209
0.0013658047
0.0011842238
0.00069474464
0.0028954272
0.004954003
0.0015533068
0.0019776537
0.002936875
0.0014960694
0.0017487038
0.0014487004
0.0024809488
0.0026901616
0.0022046298
0.00164015
0.002936875
0.0016164654
0.0012533035
0.0016539659
0.0038270166
0.0042276788
0.0018750209
0.00344017
0.010827753
0.0035270131
0.002230288
0.0018829159
0.0017842305
0.0014151474
0.0008704045
0.0011467234
0.0030691132
0.0016835715
0.0011940923
0.0013125147
0.0031599037
0.0012118557
0.001444753
0.0025421337
0.003939518
0.0024296325
0.0021394975
0.0024967385
0.0015434383
0.00086645706
0.0011546182
0.0021177868
0.0025223966
0.0020783127
0.001995417
0.0022263406
0.0012375138
0.0020585756
0.001176329
0.009657345
0.0018533102
0.0027710837
0.0027098986
0.0010796173
0.0013559362
0.0022401565
0.00095132645
0.000961195
0.0029210853
0.0013223832
0.0018217309
0.0020664704
0.002176998
0.0008901415
0.0023072627
0.0021750242
0.01080012
0.0
0.0
0.0
0.0
0.0
0.0
0.0
0.0
0.0
0.0
0.0
0.0
0.0
0.0
0.0
0.0
0.0019610485
7.923428e-06
7.923428e-06
4.9521427e-06
1.6837284e-05
1.980857e-06
3.961714e-06
2.9712855e-06
1.0894713e-05
9.904285e-07
2.9712855e-06
9.904285e-07
9.904285e-07
9.904285e-07
1.980857e-06
9.904285e-07
1.3865999e-05
0.0
0.0
0.0
0.0
0.0
0.0
0.0
0.0018184268
0.0
8.913857e-06
1.287557e-05
4.9521427e-06
4.2588425e-05
2.6741569e-05
0.00010003328
0.003656662
3.961714e-05
2.8722427e-05
1.7827713e-05
2.7731998e-05
1.1885142e-05
1.8818142e-05
3.4664998e-05
0.0071231616
1.980857e-05
3.367457e-05
0.00014361214
8.814814e-05
0.00015549727
0.00013766956
0.0006328838
0.0
0.0
0.0
0.0
0.0
0.0
0.0
0.0
0.0
0.0
0.0
0.0
0.0
0.0
0.0
0.0
0.0016381687
8.9138564e-05
1.7827713e-05
8.913857e-06
3.7636284e-05
3.5655426e-05
0.00018620056
0.000106966276
0.0045430954
0.000499176
0.00024166456
0.000109937566
0.000109937566
0.0002674157
0.00010597585
0.00011588013
0.0016827381
1.7827713e-05
1.7827713e-05
1.5846856e-05
0.0110729905
0.009741855
0.03870991
0.013607497
0.004218235
0.0008081897
0.00036744899
0.00013667913
0.00023076985
0.000102014135
0.00014361214
0.00026246355
0.0
0.0
0.0
0.0
0.022299498
0.020002695
0.072661795
0.02702384
0.0
0.0
0.0
0.0
0.0
0.0
0.0
0.0
0.0014836619
9.210985e-05
5.5463996e-05
3.961714e-05
0.00010003328
0.00012677484
7.131085e-05
0.00011290885
0.0042063496
0.0018511108
0.0008210652
0.00013568871
0.00037834368
0.00019610484
0.00022086555
0.00025057842
0.007056803
0.0004417311
0.00027236785
0.00020898042
0.0004902621
0.0005516687
0.0011865334
0.0007953141
0.0075015053
0.0018530918
0.0014707863
0.00065467326
0.0010845192
0.0009102038
0.0012598251
0.0026593006
0.006635871
0.0016173697
0.0006348647
0.0003823054
0.0012608154
0.001557944
0.0006784435
0.0006150561
0.019468853
0.007808538
0.0022314354
0.0023592007
0.0048352717
0.0031327254
0.0031416393
0.006519991
0.0033318014
0.0021135744
0.0002188847
0.00033278397
0.0009508114
0.0010577777
0.00043578853
0.0006883478
0.0127220545
0.0032703949
0.002327507
0.0011370119
0.0022453014
0.0020333496
0.0029435535
0.0027306115
0.0054632034
0.0061396663
0.00073885964
0.00097458164
0.0024423967
0.0021601245
0.0010904617
0.0024087222
0.019750135
0.0047392
0.00443811
0.0032812897
0.0047936738
0.0023760379
0.0028306446
0.003310012
0.020892099
0.039006047
0.0040478813
0.0036467577
0.015425924
0.011423603
0.005683079
0.015097101
0.0799771
0.022877907
0.023570217
0.011279
0.01849229
0.011299799
0.012647772
0.010921455
0.0085414555
0.017790077
0.0021640863
0.0023403824
0.008015538
0.005912858
0.003734906
0.007128114
0.032950565
0.010690685
0.012384318
0.005004635
0.0075341896
0.005924743
0.008715771
0.0051839026
0.0056523755
0.005607806
0.0057672653
0.005769246
0.0064546224
0.0065536653
0.005924743
0.0058880975
0.007850137
0.006051518
0.00554739
0.0049461997
0.0057217055
0.0060901446
0.005510744
0.0059990254
384.0
294.59897
113126.0
0.0005127026
9.723671e-05
0.00015911461
0.00015027492
0.00015027492
0.00015911461
0.00016795432
9.723671e-05
0.00026519102
0.00018563372
0.00019447342
0.00014143522
0.00013259551
0.00020331312
0.00038894685
0.00010607641
8.8397006e-05
0.00015911461
0.00019447342
0.00015027492
0.00012375582
0.00024751163
0.00012375582
0.00014143522
0.00017679401
9.723671e-05
0.00012375582
0.00021215282
0.0002563513
0.00014143522
0.00012375582
0.00015027492
0.00022099252
0.015354561
0.00015911461
0.015725829
0.00021215282
0.00024751163
0.014709262
0.016008697
0.031186465
0.00024751163
0.014718102
0.015018652
0.00015911461
0.015849583
0.00020331312
0.015027491
0.00023867193
0.00012375582
0.00036242773
0.044843804
0.016194332
0.015160087
0.014930255
0.030063823
0.00013259551
0.00014143522
0.015275003
0.00027403072
0.00018563372
0.00023867193
0.00022983222
0.00037126744
0.00017679401
0.016477203
0.04672666
0.015487156
0.075217016
0.061860226
0.0153634
0.030320173
0.047150966
0.04692997
0.015513675
0.016044058
0.04639959
0.015876103
0.04586921
0.01599986
0.031053869
0.015761187
0.046019483
0.015893782
0.030938953
0.00031822923
0.016494881
0.00022983222
0.015752347
0.0155843925
0.00028287043
0.00015027492
0.00021215282
0.00011491611
0.00015027492
0.00019447342
5.1200457
0.0
0.0
0.0
37.0
506661.0
425984.0
0.0
0.0
39.0
0.0
1.0
0.0
1.0
0.0
327680.0
0.0
0.0
0.0
0.0
0.0
1.0
0.0
0.0
0.0
0.0
0.0
0.0
-1.0
0.0
-1.0
-1.0
1.0
0.0
0.0
0.0
0.0
0.0
0.0
0.0
0.0
0.0
0.0
0.0
-1.0
0.0
0.0
0.0
0.0
0.0
0.0
0.0
0.0
0.0
0.0
0.0
0.0
-1.0
0.0
0.0
0.0
0.0
0.0
0.0
0.0
0.0
1.0
0.0
2.0
24.0
4.0
0.0
4.0
0.0
5632.0
1024.0
4096.0
9.0
1.0
0.0
1.0
6.0
0.0
0.0
-512.0
0.0
0.0
0.0
0.0
0.0
-512.0
0.0
0.0
0.0
0.0
0.0
512.0
0.0
0.0
0.0
0.0
0.0
0.0
0.0
0.0
0.0
0.0
0.0
0.0
0.0
0.0
0.0
0.0
0.0
-369152.0
0.0
0.0
0.0
0.0
0.0
0.0
0.0
0.0
-5632.0
-2560.0
16384.0
0.0
0.0
0.0
0.0
0.0
0.0
0.0
0.0
-1.8050417
0.0
0.0
0.0
0.0
0.0
-1.3741854
0.0
0.0
0.0
0.0
0.0
4.7489166
0.0
0.0
0.0
0.0
0.0
0.0
0.0
0.0
0.0
0.0
0.0
0.0
0.0
0.0
0.0
0.0
0.0
-6.742135
0.0
0.0
0.0
0.0
0.0
0.0
0.0
0.0
-5.9819613
-9.484337
4.4009056
0.0
0.0
0.0
0.0
0.0
0.0
0.0
0.0
-32.0
0.0
0.0
0.0
0.0
0.0
-24.0
0.0
0.0
0.0
0.0
0.0
416.0
0.0
0.0
0.0
0.0
0.0
0.0
0.0
0.0
0.0
0.0
0.0
0.0
0.0
0.0
100.0
0.0
0.0
-368656.0
0.0
0.0
0.0
0.0
0.0
0.0
0.0
0.0
-5252.0
-2068.0
16176.0
0.0
0.0
0.0
0.0
0.0
0.0
0.0
0.0
0.0
-1.0
0.0
0.0
0.0
0.0
0.0
1.0
0.0
0.0
0.0
0.0
0.0
0.0
0.0
0.0
0.0
0.0
0.0
0.0
0.0
0.0
0.0
0.0
0.0
0.0
0.0
0.0
0.0
0.0
0.0
0.0
0.0
0.0
0.0
0.0
0.0
-2.0
0.0
0.0
0.0
1.0
0.0
0.0
0.0
0.0
0.0
0.0
1.0
0.0
-1.0
0.0
0.0
0.0
0.0
0.0
1.0
0.0
0.0
0.0
0.0
-1.0
0.0
0.0
0.0
0.0
0.0
0.0
0.0
1.0
1.0
0.0
0.0
0.0
0.0
0.0
1.0
0.0
0.0
0.0
0.0
0.0
0.0
0.0
1.0
0.0
0.0
0.0
0.0
0.0
0.0
0.0
0.0
1.0
0.0
0.0
-1.0
1.0
0.0
0.0
0.0
0.0
0.0
0.0
0.0
0.0
0.0
0.0
0.0
0.0
0.0
0.0
0.0
0.0
0.0
0.0
0.0
0.0
0.0
0.0
0.0
0.0
0.0
0.0
0.0
0.0
0.0
0.0
0.0
0.0
0.0
0.0
0.0
0.0
0.0
0.0
0.0
0.0
0.0
0.0
0.0
0.0
0.0
0.0
0.0
0.0
0.0
0.0
0.0
0.0
0.0
0.0
0.0
0.0
0.0
0.0
0.0
0.0
0.0
0.0
0.0
0.0
0.0
0.0
0.0
0.0
0.0
0.0
0.0
0.0
0.0
0.0
0.0
0.0
0.0
0.0
0.0
0.0
0.0
0.0
0.0
0.0
0.0
0.0
0.0
0.0
0.0
0.0
0.0
0.0
0.0
0.0
0.0
0.0
0.0
0.0
0.0
0.0
0.0
0.0
0.0
0.0
0.0
0.0
0.0
0.0
0.0
0.0
0.0
0.0
0.0
0.0
0.0
0.0
0.0
1.0
0.0
0.0
0.0
0.0
0.0
0.0
0.0
0.0
0.0
0.0
0.0
0.0
0.0
0.0
0.0
0.0
0.0
0.0
0.0
0.0
0.0
0.0
0.0
0.0
0.0
0.0
0.0
0.0
0.0
0.0
0.0
0.0
0.0
0.0
0.0
0.0
0.0
0.0
0.0
0.0
0.0
0.0
0.0
0.0
0.0
0.0
0.0
0.0
0.0
0.0
0.0
0.0
0.0
0.0
0.0
0.0
0.0
0.0
0.0
0.0
0.0
0.0
0.0
0.0
0.0
0.0
0.0
0.0
0.0
0.0
0.0
0.0
0.0
0.0
0.0
0.0
0.0
0.0
0.0
0.0
0.0
0.0
0.0
1.0
0.0
0.0
0.0
0.0
0.0
0.0
0.0
0.0
0.0
0.0
0.0
0.0
0.0
0.0
0.0
0.0
0.0
0.0
0.0
0.0
0.0
0.0
0.0
0.0
0.0
0.0
0.0
0.0
0.0
0.0
0.0
0.0
0.0
0.0
0.0
0.0
0.0
0.0
0.0
0.0
0.0
0.0
0.0
0.0
0.0
0.0
0.0
0.0
0.0
0.0
0.0
0.0
0.0
0.0
0.0
0.0
0.0
0.0
0.0
0.0
0.0
0.0
0.0
0.0
0.0
0.0
0.0
0.0
0.0
0.0
0.0
0.0
0.0
0.0
0.0
0.0
0.0
0.0
0.0
-1.0
0.0
0.0
0.0
0.0
0.0
0.0
0.0
0.0
0.0
0.0
0.0
0.0
0.0
0.0
0.0
0.0
0.0
0.0
0.0
0.0
0.0
0.0
0.0
0.0
0.0
0.0
-2.0
0.0
0.0
0.0
0.0
0.0
0.0
0.0
0.0
0.0
0.0
1.0
0.0
0.0
0.0
0.0
0.0
0.0
0.0
0.0
0.0
0.0
0.0
0.0
0.0
0.0
0.0
0.0
0.0
0.0
0.0
0.0
0.0
0.0
0.0
0.0
0.0
0.0
0.0
1.0
0.0
0.0
0.0
0.0
-1.0
0.0
0.0
1.0
0.0
0.0
0.0
0.0
0.0
0.0
0.0
0.0
0.0
0.0
0.0
0.0
0.0
0.0
0.0
0.0
0.0
0.0
0.0
0.0
0.0
0.0
0.0
0.0
0.0
0.0
0.0
0.0
0.0
0.0
0.0
0.0
0.0
0.0
0.0
0.0
0.0
0.0
0.0
0.0
0.0
0.0
0.0
0.0
0.0
0.0
0.0
0.0
0.0
0.0
0.0
0.0
0.0
0.0
0.0
0.0
0.0
0.0
0.0
0.0
0.0
0.0
0.0
0.0
0.0
0.0
0.0
0.0
0.0
0.0
0.0
0.0
0.0
0.0
0.0
0.0
0.0
0.0
0.0
0.0
0.0
0.0
0.0
0.0
0.0
0.0
0.0
0.0
0.0
0.0
0.0
0.0
0.0
0.0
0.0
0.0
0.0
0.0
0.0
0.0
0.0
0.0
0.0
0.0
0.0
0.0
0.0
0.0
0.0
0.0
0.0
0.0
0.0
0.0
0.0
0.0
0.0
0.0
0.0
0.0
0.0
0.0
0.0
0.0
0.0
0.0
0.0
0.0
0.0
0.0
0.0
0.0
0.0
0.0
0.0
0.0
0.0
0.0
0.0
0.0
0.0
0.0
0.0
0.0
0.0
0.0
0.0
0.0
0.0
0.0
0.0
0.0
0.0
0.0
0.0
0.0
0.0
0.0
0.0
0.0
0.0
0.0
0.0
0.0
0.0
0.0
0.0
0.0
0.0
0.0
0.0
0.0
0.0
0.0
0.0
0.0
0.0
0.0
0.0
0.0
-1.0
0.0
0.0
0.0
0.0
1.0
0.0
0.0
0.0
0.0
0.0
0.0
0.0
0.0
0.0
0.0
0.0
0.0
0.0
0.0
0.0
0.0
0.0
0.0
0.0
0.0
0.0
0.0
0.0
0.0
0.0
0.0
0.0
0.0
0.0
1.0
0.0
0.0
0.0
0.0
0.0
0.0
0.0
0.0
0.0
0.0
0.0
0.0
0.0
0.0
0.0
0.0
0.0
0.0
0.0
0.0
0.0
0.0
0.0
0.0
0.0
0.0
0.0
0.0
0.0
0.0
0.0
0.0
0.0
0.0
0.0
0.0
0.0
0.0
0.0
0.0
0.0
0.0
0.0
0.0
0.0
0.0
0.0
0.0
0.0
0.0
0.0
0.0
0.0
0.0
0.0
0.0
0.0
0.0
0.0
0.0
0.0
0.0
0.0
0.0
0.0
0.0
0.0
0.0
0.0
0.0
0.0
0.0
-1.0
0.0
0.0
0.0
0.0
0.0
0.0
0.0
0.0
0.0
0.0
0.0
0.0
0.0
0.0
0.0
0.0
0.0
0.0
0.0
0.0
0.0
0.0
0.0
0.0
0.0
0.0
0.0
0.0
0.0
0.0
0.0
0.0
0.0
1.0
0.0
0.0
0.0
0.0
0.0
0.0
0.0
0.0
0.0
0.0
0.0
0.0
-1.0
0.0
0.0
0.0
0.0
0.0
0.0
0.0
0.0
0.0
0.0
0.0
0.0
0.0
0.0
0.0
0.0
0.0
0.0
0.0
0.0
0.0
0.0
0.0
0.0
-1.0
0.0
0.0
0.0
0.0
0.0
0.0
0.0
0.0
0.0
0.0
0.0
0.0
0.0
0.0
0.0
0.0
1.0
0.0
0.0
0.0
0.0
0.0
0.0
0.0
0.0
0.0
0.0
0.0
0.0
0.0
0.0
0.0
0.0
0.0
0.0
0.0
0.0
0.0
0.0
0.0
0.0
0.0
0.0
0.0
0.0
0.0
0.0
0.0
0.0
0.0
0.0
0.0
0.0
0.0
0.0
-1.0
0.0
0.0
0.0
0.0
0.0
0.0
0.0
0.0
0.0
0.0
0.0
-1.0
0.0
0.0
0.0
0.0
0.0
0.0
0.0
0.0
0.0
0.0
0.0
0.0
0.0
0.0
0.0
0.0
0.0
0.0
0.0
0.0
0.0
0.0
0.0
0.0
0.0
0.0
0.0
0.0
0.0
0.0
0.0
0.0
0.0
0.0
0.0
0.0
0.0
0.0
0.0
0.0
0.0
0.0
0.0
0.0
0.0
0.0
0.0
0.0
0.0
0.0
0.0
0.0
-1.0
0.0
0.0
0.0
0.0
0.0
0.0
0.0
0.0
0.0
0.0
0.0
0.0
0.0
0.0
0.0
0.0
0.0
0.0
0.0
0.0
0.0
0.0
0.0
0.0
1.0
0.0
0.0
0.0
-1.0
0.0
0.0
0.0
0.0
0.0
0.0
0.0
0.0
0.0
0.0
0.0
0.0
0.0
0.0
0.0
0.0
0.0
0.0
0.0
0.0
0.0
0.0
0.0
0.0
0.0
0.0
1.0
-1.0
1.0
0.0
0.0
0.0
0.0
0.0
0.0
0.0
0.0
0.0
0.0
0.0
0.0
0.0
0.0
0.0
0.0
0.0
0.0
0.0
0.0
0.0
0.0
0.0
0.0
0.0
0.0
0.0
0.0
0.0
0.0
0.0
0.0
0.0
0.0
0.0
0.0
0.0
0.0
0.0
0.0
0.0
0.0
0.0
0.0
0.0
0.0
0.0
0.0
0.0
0.0
0.0
0.0
0.0
0.0
0.0
0.0
0.0
0.0
0.0
0.0
0.0
0.0
0.0
0.0
0.0
0.0
0.0
0.0
0.0
0.0
0.0
0.0
0.0
0.0
0.0
-1.0
0.0
0.0
0.0
0.0
0.0
0.0
0.0
0.0
0.0
0.0
0.0
0.0
0.0
0.0
0.0
0.0
0.0
0.0
0.0
0.0
0.0
1.0
0.0
0.0
0.0
0.0
1.0
0.0
0.0
0.0
0.0
0.0
0.0
0.0
0.0
0.0
0.0
0.0
0.0
-1.0
0.0
0.0
0.0
0.0
0.0
0.0
0.0
0.0
0.0
0.0
0.0
0.0
0.0
0.0
1.0
1.0
0.0
0.0
0.0
0.0
0.0
0.0
0.0
0.0
0.0
0.0
0.0
0.0
0.0
0.0
0.0
0.0
0.0
0.0
0.0
0.0
0.0
0.0
0.0
-1.0
0.0
0.0
0.0
0.0
0.0
0.0
0.0
0.0
0.0
0.0
0.0
0.0
0.0
0.0
2.0
0.0
0.0
0.0
0.0
0.0
0.0
0.0
0.0
0.0
0.0
0.0
0.0
0.0
0.0
0.0
0.0
0.0
0.0
0.0
0.0
0.0
0.0
0.0
0.0
0.0
0.0
0.0
0.0
0.0
0.0
0.0
0.0
0.0
0.0
0.0
0.0
0.0
0.0
0.0
0.0
0.0
0.0
0.0
0.0
1.0
0.0
0.0
0.0
0.0
0.0
0.0
0.0
0.0
0.0
0.0
0.0
0.0
0.0
0.0
0.0
0.0
0.0
0.0
0.0
0.0
0.0
0.0
0.0
0.0
1.0
0.0
0.0
0.0
0.0
0.0
0.0
0.0
0.0
0.0
0.0
0.0
0.0
0.0
0.0
0.0
0.0
0.0
0.0
0.0
0.0
0.0
0.0
0.0
0.0
0.0
0.0
0.0
0.0
0.0
0.0
0.0
0.0
0.0
0.0
0.0
0.0
0.0
0.0
0.0
1.0
0.0
0.0
0.0
0.0
0.0
0.0
0.0
0.0
0.0
0.0
0.0
0.0
0.0
0.0
0.0
0.0
0.0
0.0
0.0
0.0
0.0
0.0
0.0
0.0
0.0
0.0
0.0
0.0
0.0
0.0
0.0
0.0
0.0
0.0
0.0
0.0
0.0
0.0
0.0
-1.0
0.0
0.0
1.0
0.0
0.0
0.0
0.0
0.0
0.0
0.0
0.0
0.0
1.0
0.0
0.0
0.0
0.0
0.0
0.0
0.0
0.0
0.0
0.0
0.0
0.0
0.0
0.0
0.0
0.0
0.0
0.0
0.0
0.0
0.0
0.0
0.0
0.0
0.0
0.0
0.0
0.0
0.0
0.0
0.0
0.0
0.0
0.0
0.0
0.0
0.0
0.0
0.0
0.0
0.0
0.0
0.0
0.0
0.0
0.0
1.0
0.0
0.0
0.0
0.0
0.0
0.0
0.0
0.0
0.0
0.0
0.0
0.0
0.0
0.0
0.0
0.0
0.0
0.0
0.0
0.0
0.0
0.0
0.0
0.0
0.0
0.0
0.0
0.0
0.0
0.0
0.0
0.0
0.0
0.0
0.0
0.0
0.0
0.0
0.0
0.0
0.0
0.0
0.0
0.0
0.0
0.0
0.0
0.0
0.0
0.0
0.0
0.0
0.0
0.0
0.0
0.0
0.0
0.0
0.0
0.0
0.0
0.0
0.0
0.0
0.0
0.0
0.0
0.0
0.0
0.0
0.0
0.0
0.0
0.0
0.0
0.0
0.0
0.0
0.0
0.0
0.0
0.0
0.0
0.0
0.0
0.0
0.0
0.0
0.0
0.0
0.0
0.0
0.0
0.0
0.0
0.0
0.0
0.0
0.0
0.0
0.0
0.0
0.0
0.0
0.0
0.0
0.0
0.0
0.0
0.0
0.0
0.0
0.0
0.0
0.0
0.0
0.0
0.0
0.0
0.0
0.0
0.0
0.0
0.0
0.0
0.0
0.0
0.0
0.0
0.0
0.0
0.0
0.0
1140.0
397312.0
16176.0
409600.0
0.0
0.0
0.0
0.0
0.0
0.0
0.0
0.0
0.0
0.0
0.0
0.0
24.0
405508.0
0.0
0.0
0.0
0.0
164.0
397536.0
0.0
0.0
1919642500.0
0.0
