0.5474288
0.0057523996
0.0024388272
0.0025624325
0.003950615
0.0014927714
0.0009745801
0.0007606479
0.0052342084
0.00090326933
0.0012455609
0.0005181914
0.002904724
0.001354904
0.00047540493
0.0019158819
0.0025766946
0.0007273695
0.00032327534
0.00018540792
0.0017637523
0.002224895
0.00037556989
0.000289997
0.0009555639
0.00018065388
0.00017589983
0.00024245652
0.00045163467
0.00012360528
0.00027098082
0.00036606178
0.0032279994
0.0005704859
0.00016163767
0.0006275345
0.0009888422
0.0009175315
0.00015688363
0.00012835933
0.00040884822
0.0005134373
0.00016639172
0.0003945861
0.00036130776
0.000289997
0.00069884525
0.00020442411
0.0011980204
0.0010649071
0.0009365477
0.0019824386
0.0010173665
0.0009175315
0.0011885123
0.00078441814
0.0011267096
0.0013406419
0.0011219556
0.0026812837
0.0010173665
0.0013691662
0.0011314637
0.0010696611
0.0020062088
0.0012265447
0.0038365177
0.0055574835
0.0015165417
0.008333849
0.0010316287
0.0007654019
0.0013691662
0.00078441814
0.0006322886
0.00046589682
0.00096031796
0.0057238755
0.00073212356
0.00045163467
0.0032470156
0.0031329184
0.0022962058
0.0010791692
0.0009555639
0.0062230504
0.0011314637
0.0007891722
0.0007226155
0.00047540493
0.00091277744
0.0018303089
0.00060376426
0.0013929365
0.0009888422
0.0009793341
0.0008937613
0.002010963
0.0006370426
0.0014880174
0.0017019496
0.003185213
0.0012027745
0.0007891722
0.0031139022
0.0019776844
0.0033135724
0.000965072
0.0021298141
0.00079392624
0.0017637523
0.001739982
0.0011219556
0.0003280294
0.0020394872
0.0018493251
0.004335693
0.003750945
0.00060376426
0.0005276995
0.0007654019
0.0008985153
0.0007796641
0.000869991
0.00090326933
0.0025862027
0.00042786443
0.00041360228
0.0012408069
0.0013311338
0.0003470456
0.009636458
0.0015022795
0.004345201
0.0011932664
0.0005134373
0.0015070336
0.0055479757
0.0014737552
0.019577175
0.0012598231
0.004459298
0.00046114277
0.00045163467
0.0009270396
0.00036130776
0.00024245652
0.000289997
0.0013026095
0.0018873576
0.00032327534
0.00019491602
0.0005276995
0.00021868627
0.0005895021
0.00026622677
0.001159988
0.00025671866
0.00092228554
0.0003185213
0.0003945861
0.0006370426
0.00087949913
0.0008319586
0.0005609778
0.0005372076
0.00025671866
0.0002995051
0.00041835633
0.00013786744
0.00023294841
0.00037081583
0.00039934015
0.00032327534
0.000109343135
0.000109343135
0.000675075
0.00018065388
0.00021868627
0.00018065388
0.00066081283
0.00035179965
0.00017114577
0.00014262147
0.0010268746
0.0003090132
0.0003375375
0.00013786744
0.00048491303
0.00062278047
0.0010411368
0.00016639172
0.0029142322
0.0011980204
0.0007654019
0.0012360528
0.003470456
0.00019016197
0.0007891722
0.0022629274
0.0007463857
0.0009365477
0.0003375375
8.557289e-05
0.09997766
0.00021868627
0.0007463857
0.00032327534
0.0010126125
0.0002995051
0.000965072
0.00038983204
0.0006940912
0.00015212958
0.00025671866
0.0002519646
0.0009270396
9.5080984e-05
0.00019491602
0.00019967007
0.0009793341
0.00014737553
0.00048015898
0.00030425916
0.0012693312
0.00053245353
0.0005276995
0.00034229155
0.0008129424
0.0007226155
9.5080984e-05
0.00059425615
0.0049917516
0.0015926065
0.00038032394
0.002795381
0.0028143972
8.0818834e-05
0.00034229155
0.0009888422
0.0016116227
0.0005134373
0.0004421266
0.00062278047
0.0034229155
0.00034229155
0.00019016197
0.0010316287
0.003979139
0.0006085183
0.00075113977
0.00080343435
0.0055289594
0.001454739
0.0019206359
0.02352779
0.3969152
7.1806066e-06
0.0
0.0
2.8722427e-05
4.7870712e-06
6.462546e-05
2.6328891e-05
0.0
0.0
2.3935356e-06
0.0
0.063725494
4.7870712e-06
4.7870712e-06
0.0
0.013904048
4.308364e-05
7.1806066e-06
2.6328891e-05
1.9148285e-05
2.6328891e-05
4.7870712e-06
2.8722427e-05
1.1967678e-05
4.7870712e-06
9.5741425e-06
2.3935356e-06
0.00027286305
2.3935356e-06
0.0
0.00034227557
0.008894378
3.829657e-05
1.1967678e-05
4.5477176e-05
6.7019e-05
2.8722427e-05
6.9412534e-05
4.308364e-05
2.154182e-05
4.0690105e-05
4.7870712e-06
1.675475e-05
5.983839e-05
1.4361213e-05
1.9148285e-05
0.00042844287
0.015146293
0.00015797335
0.00014600567
8.616728e-05
0.00014600567
7.8986675e-05
0.00023935355
0.00011967678
0.000134038
4.0690105e-05
0.00038535922
3.829657e-05
0.0027453853
5.0264247e-05
3.35095e-05
5.983839e-05
0.020414464
9.813496e-05
0.00028483072
0.00034227557
0.00054811966
0.00043562346
0.0010268268
0.0006175322
0.0002632889
0.00012925093
8.3773746e-05
8.616728e-05
4.787071e-05
9.5741425e-06
6.462546e-05
5.7444853e-05
0.0198089
0.00017951516
0.00023696001
0.00083055685
0.0004451976
0.00037339155
0.0006414675
0.0004451976
0.00036142385
0.000303979
0.00014361214
0.00014361214
0.00013882507
0.00015797335
8.856082e-05
0.00021063113
0.0
0.0
0.0
0.0
0.0
0.0
0.0
0.0
0.0
0.0
0.0
0.0
0.0
0.0
0.0
0.0
0.009878121
9.813496e-05
0.0002225988
0.00017951516
0.000706093
0.00036621094
0.0013044769
0.00075157016
0.0002632889
0.00041168812
0.0001819087
0.00012446386
0.0036429612
0.00011728324
0.00025850185
0.0011010263
0.012645048
0.00037578508
0.00049546186
0.0002632889
0.00067258347
0.0003303079
0.0012566062
0.00083055685
0.0003159467
0.00016515395
0.00012446386
0.00017233456
0.00089278875
5.5051318e-05
0.00043562346
0.00057684205
0.008334291
8.138021e-05
0.0022810393
0.001886106
0.0011034199
0.0006247128
0.0051915785
0.0027429918
0.00025850185
0.00021302466
0.00014839921
0.00011967678
0.00018430223
0.0003087661
0.00040211398
0.00062949985
0.009315641
0.00020345052
0.00092869176
0.0006486481
0.0012302772
0.00071088003
0.0033054727
0.0017113779
0.0007539637
0.0009622013
0.000773112
0.0005122166
0.002927294
0.0003901463
0.0006941253
0.004344267
0.005612841
0.00048828125
0.0010220397
0.0071542775
0.0013834635
0.00072524126
0.002056047
0.0014456954
0.0013691023
0.0008185892
0.0005457261
0.000536152
0.0024366193
0.0007013059
0.0010387944
0.0020775888
0.013511508
0.0019866345
0.00055051316
0.0037554572
0.008595186
0.00785319
0.0049713734
0.0041049137
0.01314051
0.002757353
0.0011417165
0.001886106
0.014753753
0.0011177812
0.0038942823
0.0091169765
0.04460832
0.006967582
0.0034395105
0.0040977327
0.018746171
0.013667088
0.006364411
0.00804228
0.035402786
0.0033581303
0.0025012447
0.00276214
0.023834826
0.0042485255
0.011228075
0.026417451
0.003128351
0.00054333254
0.00019866345
0.00028004366
0.0011728324
0.0009957108
0.00042604932
0.00075157016
0.0022642845
0.00029919195
0.00039972045
0.0002561083
0.0012805415
0.00021781173
0.0007898667
0.0017018038
0.0
0.0
0.0
0.0
0.0
0.0
0.0
0.0
0.0
0.0
0.0
0.0
0.0
0.0
0.0
0.0
645.0
17.048061
10996.0
0.038468532
0.002910149
0.00081847946
0.00463805
0.0016369589
0.006093125
0.0009094216
0.0009094216
0.0026373228
0.002182612
0.00072753726
0.0015460168
0.0020007275
0.0038195706
0.0100036375
0.0014550745
0.008548563
0.008639505
0.009003274
0.008184794
0.008184794
0.0092761
0.012822845
0.008639505
0.010458348
0.013823208
0.011276828
0.011458713
0.009821753
0.011004002
0.0145507455
0.008548563
0.0074572572
0.0149145145
0.013095671
0.013641324
0.011731539
0.010549291
0.01391415
0.008912331
0.009185159
0.010822117
0.005638414
0.007911968
0.010276464
0.0077300835
0.011276828
0.006638778
0.008639505
0.006820662
0.00882139
0.009639869
0.0059112404
0.0064568934
0.006820662
0.0038195706
0.0047289925
0.0031829756
0.0033648598
0.0032739178
0.0037286286
0.0042742817
0.0032739178
0.0065478357
0.0042742817
0.030647509
0.008912331
0.018734084
0.021826118
0.0522008
0.010276464
0.01136777
0.017369952
0.027737359
0.004365224
0.008912331
0.03328483
0.01218625
0.02991997
0.030101854
0.014823572
0.0044561657
0.029283376
0.022008004
0.04001455
0.0145507455
0.0059112404
0.0059112404
0.008912331
0.007366315
0.003455802
0.003455802
0.00800291
0.0052746455
0.0031829756
0.0032739178
6.1350393
0.0
0.0
0.0
8.0
210347.0
331776.0
1.0
0.0
60.0
0.0
1.0
0.0
0.0
0.0
1149545500.0
0.0
0.0
0.0
0.0
0.0
1.0
0.0
0.0
0.0
0.0
0.0
0.0
-1.0
1.0
-1.0
-1.0
0.0
0.0
0.0
0.0
0.0
0.0
0.0
0.0
0.0
0.0
0.0
0.0
-1.0
0.0
0.0
0.0
0.0
0.0
0.0
0.0
0.0
0.0
0.0
0.0
0.0
-1.0
0.0
0.0
0.0
0.0
0.0
0.0
0.0
0.0
0.0
0.0
6.0
0.0
4.0
0.0
4.0
0.0
507904.0
4096.0
4096.0
6.0
0.0
0.0
2.0
4.0
0.0
0.0
0.0
0.0
0.0
-8192.0
0.0
0.0
0.0
0.0
0.0
0.0
0.0
0.0
8192.0
0.0
0.0
0.0
0.0
0.0
0.0
0.0
0.0
0.0
0.0
0.0
0.0
0.0
0.0
0.0
0.0
0.0
-8192.0
0.0
0.0
0.0
0.0
0.0
0.0
0.0
0.0
-147456.0
-4096.0
12288.0
0.0
0.0
0.0
0.0
0.0
0.0
0.0
0.0
0.0
0.0
0.0
-3.8209457
0.0
0.0
0.0
0.0
0.0
0.0
0.0
0.0
5.0046926
0.0
0.0
0.0
0.0
0.0
0.0
0.0
0.0
0.0
0.0
0.0
0.0
0.0
0.0
0.0
0.0
0.0
-0.7840683
0.0
0.0
0.0
0.0
0.0
0.0
0.0
0.0
-3.766125
-4.1501646
2.6590252
0.0
0.0
0.0
0.0
0.0
0.0
0.0
0.0
0.0
0.0
0.0
-77824.0
0.0
0.0
0.0
0.0
0.0
0.0
0.0
0.0
6726.0
0.0
0.0
0.0
0.0
0.0
0.0
0.0
0.0
0.0
0.0
0.0
0.0
0.0
0.0
0.0
0.0
0.0
-77796.0
0.0
0.0
0.0
0.0
0.0
0.0
0.0
0.0
-145520.0
-2470.0
10640.0
0.0
0.0
0.0
0.0
0.0
0.0
0.0
0.0
0.0
-1.0
0.0
0.0
0.0
0.0
0.0
1.0
0.0
0.0
0.0
0.0
0.0
0.0
0.0
0.0
0.0
0.0
0.0
0.0
0.0
0.0
0.0
0.0
0.0
0.0
0.0
0.0
0.0
0.0
0.0
0.0
0.0
0.0
0.0
0.0
0.0
-2.0
0.0
0.0
0.0
1.0
0.0
0.0
0.0
0.0
0.0
0.0
0.0
0.0
0.0
0.0
0.0
0.0
0.0
0.0
0.0
0.0
0.0
0.0
0.0
-1.0
0.0
0.0
0.0
0.0
0.0
0.0
0.0
0.0
0.0
1.0
0.0
0.0
0.0
0.0
1.0
0.0
0.0
0.0
0.0
0.0
0.0
0.0
0.0
1.0
0.0
0.0
0.0
0.0
0.0
0.0
0.0
0.0
0.0
0.0
0.0
0.0
0.0
0.0
0.0
0.0
0.0
0.0
0.0
0.0
0.0
0.0
0.0
0.0
0.0
0.0
0.0
0.0
0.0
0.0
0.0
0.0
0.0
0.0
0.0
0.0
0.0
0.0
0.0
0.0
0.0
0.0
-1.0
0.0
0.0
0.0
0.0
0.0
0.0
0.0
0.0
0.0
0.0
0.0
0.0
-1.0
0.0
0.0
0.0
0.0
0.0
0.0
0.0
0.0
0.0
0.0
0.0
0.0
0.0
0.0
0.0
0.0
0.0
0.0
0.0
0.0
0.0
0.0
0.0
0.0
0.0
0.0
0.0
0.0
0.0
0.0
0.0
0.0
0.0
0.0
0.0
0.0
0.0
0.0
0.0
0.0
0.0
0.0
0.0
0.0
0.0
0.0
0.0
0.0
0.0
0.0
0.0
0.0
0.0
0.0
0.0
0.0
-1.0
0.0
0.0
0.0
0.0
0.0
0.0
0.0
0.0
0.0
0.0
0.0
0.0
0.0
0.0
0.0
0.0
1.0
0.0
0.0
0.0
0.0
0.0
0.0
0.0
0.0
0.0
0.0
0.0
0.0
0.0
0.0
0.0
0.0
0.0
0.0
0.0
0.0
0.0
0.0
0.0
0.0
0.0
0.0
0.0
0.0
0.0
0.0
0.0
0.0
0.0
0.0
0.0
0.0
0.0
0.0
0.0
0.0
0.0
0.0
0.0
0.0
0.0
0.0
0.0
0.0
0.0
0.0
0.0
0.0
0.0
0.0
0.0
0.0
0.0
0.0
0.0
0.0
0.0
0.0
0.0
0.0
0.0
0.0
0.0
0.0
0.0
0.0
0.0
0.0
0.0
0.0
0.0
0.0
0.0
0.0
0.0
0.0
0.0
0.0
0.0
0.0
0.0
0.0
0.0
0.0
0.0
0.0
0.0
0.0
0.0
0.0
0.0
0.0
0.0
0.0
0.0
0.0
0.0
0.0
0.0
0.0
0.0
0.0
0.0
0.0
0.0
0.0
0.0
0.0
0.0
0.0
0.0
0.0
0.0
0.0
0.0
0.0
0.0
0.0
0.0
0.0
0.0
0.0
0.0
0.0
0.0
0.0
0.0
0.0
0.0
0.0
0.0
0.0
0.0
0.0
0.0
0.0
0.0
0.0
0.0
0.0
0.0
0.0
0.0
0.0
0.0
0.0
0.0
1.0
0.0
0.0
0.0
0.0
0.0
0.0
0.0
0.0
0.0
0.0
0.0
0.0
0.0
0.0
0.0
0.0
0.0
0.0
0.0
0.0
0.0
0.0
0.0
0.0
0.0
0.0
0.0
0.0
-1.0
0.0
0.0
0.0
0.0
0.0
0.0
0.0
0.0
0.0
0.0
0.0
0.0
0.0
0.0
0.0
0.0
0.0
0.0
0.0
0.0
0.0
0.0
0.0
0.0
0.0
0.0
0.0
0.0
0.0
0.0
0.0
0.0
0.0
0.0
0.0
0.0
0.0
0.0
0.0
0.0
0.0
0.0
0.0
0.0
0.0
0.0
0.0
0.0
0.0
0.0
0.0
0.0
0.0
0.0
0.0
0.0
0.0
0.0
0.0
0.0
0.0
0.0
0.0
1.0
0.0
0.0
0.0
0.0
0.0
0.0
0.0
0.0
0.0
0.0
0.0
0.0
0.0
0.0
0.0
0.0
0.0
0.0
0.0
0.0
0.0
0.0
0.0
0.0
-1.0
0.0
0.0
0.0
0.0
0.0
0.0
0.0
0.0
0.0
0.0
0.0
0.0
0.0
0.0
0.0
0.0
0.0
0.0
0.0
0.0
0.0
0.0
0.0
0.0
0.0
0.0
0.0
0.0
0.0
0.0
0.0
0.0
0.0
0.0
0.0
0.0
0.0
0.0
0.0
0.0
0.0
0.0
0.0
0.0
0.0
0.0
0.0
0.0
0.0
0.0
0.0
0.0
0.0
0.0
0.0
0.0
0.0
0.0
0.0
0.0
0.0
0.0
0.0
0.0
0.0
0.0
0.0
0.0
0.0
0.0
0.0
0.0
0.0
0.0
0.0
0.0
0.0
0.0
0.0
0.0
0.0
0.0
0.0
0.0
0.0
0.0
0.0
0.0
0.0
-1.0
0.0
0.0
0.0
0.0
0.0
0.0
0.0
0.0
0.0
0.0
0.0
0.0
0.0
0.0
0.0
0.0
0.0
0.0
0.0
0.0
0.0
0.0
0.0
0.0
0.0
0.0
0.0
0.0
0.0
0.0
1.0
0.0
0.0
0.0
0.0
0.0
0.0
0.0
0.0
0.0
0.0
0.0
0.0
0.0
0.0
0.0
-1.0
0.0
0.0
0.0
0.0
0.0
0.0
0.0
0.0
0.0
0.0
0.0
-1.0
0.0
0.0
0.0
0.0
0.0
0.0
0.0
0.0
0.0
0.0
0.0
0.0
0.0
0.0
0.0
0.0
0.0
0.0
0.0
0.0
0.0
0.0
0.0
0.0
0.0
0.0
0.0
0.0
0.0
0.0
0.0
0.0
0.0
0.0
0.0
0.0
0.0
0.0
0.0
0.0
0.0
0.0
-1.0
0.0
0.0
1.0
0.0
0.0
0.0
0.0
0.0
0.0
0.0
0.0
0.0
0.0
0.0
0.0
0.0
0.0
0.0
0.0
0.0
0.0
0.0
0.0
0.0
0.0
0.0
0.0
0.0
0.0
0.0
0.0
0.0
0.0
0.0
0.0
0.0
0.0
0.0
0.0
0.0
0.0
0.0
0.0
0.0
0.0
0.0
-1.0
0.0
0.0
0.0
-1.0
0.0
0.0
0.0
0.0
0.0
0.0
0.0
0.0
0.0
0.0
0.0
0.0
0.0
0.0
0.0
0.0
0.0
0.0
0.0
0.0
0.0
0.0
0.0
0.0
0.0
0.0
0.0
0.0
0.0
0.0
0.0
0.0
0.0
0.0
1.0
0.0
0.0
0.0
0.0
0.0
0.0
0.0
0.0
0.0
0.0
-1.0
0.0
1.0
0.0
0.0
0.0
0.0
0.0
0.0
0.0
0.0
0.0
0.0
0.0
0.0
0.0
0.0
0.0
0.0
0.0
0.0
0.0
0.0
0.0
0.0
0.0
0.0
0.0
0.0
0.0
0.0
1.0
0.0
0.0
0.0
0.0
0.0
0.0
0.0
0.0
0.0
0.0
0.0
0.0
0.0
0.0
0.0
0.0
0.0
0.0
0.0
0.0
0.0
0.0
0.0
0.0
0.0
0.0
0.0
0.0
0.0
0.0
0.0
0.0
0.0
0.0
0.0
0.0
0.0
0.0
-1.0
0.0
0.0
0.0
0.0
0.0
0.0
0.0
0.0
0.0
0.0
0.0
0.0
0.0
0.0
0.0
0.0
0.0
0.0
-1.0
0.0
0.0
0.0
0.0
0.0
0.0
0.0
0.0
0.0
0.0
0.0
0.0
0.0
0.0
0.0
0.0
0.0
0.0
0.0
0.0
0.0
0.0
0.0
0.0
0.0
0.0
0.0
0.0
0.0
0.0
0.0
0.0
0.0
0.0
0.0
0.0
0.0
0.0
0.0
0.0
0.0
0.0
0.0
0.0
0.0
0.0
0.0
0.0
0.0
0.0
0.0
0.0
1.0
0.0
0.0
0.0
0.0
0.0
0.0
0.0
0.0
0.0
0.0
0.0
0.0
0.0
0.0
0.0
1.0
0.0
0.0
-2.0
0.0
0.0
0.0
0.0
0.0
0.0
0.0
0.0
0.0
0.0
1.0
0.0
0.0
0.0
1.0
0.0
0.0
1.0
-1.0
0.0
0.0
0.0
0.0
0.0
0.0
0.0
0.0
0.0
0.0
0.0
-1.0
-1.0
0.0
0.0
0.0
0.0
0.0
1.0
0.0
0.0
0.0
0.0
0.0
0.0
0.0
0.0
0.0
0.0
0.0
0.0
0.0
0.0
0.0
0.0
0.0
1.0
0.0
1.0
0.0
0.0
0.0
0.0
0.0
1.0
0.0
0.0
0.0
0.0
0.0
0.0
0.0
0.0
-1.0
0.0
0.0
0.0
0.0
0.0
0.0
0.0
0.0
0.0
0.0
0.0
0.0
0.0
0.0
1.0
0.0
0.0
0.0
0.0
0.0
0.0
0.0
0.0
0.0
1.0
0.0
0.0
0.0
0.0
0.0
0.0
0.0
0.0
0.0
0.0
0.0
0.0
0.0
0.0
0.0
0.0
0.0
0.0
0.0
0.0
0.0
0.0
0.0
0.0
0.0
0.0
0.0
0.0
0.0
0.0
0.0
0.0
0.0
0.0
0.0
0.0
0.0
0.0
-1.0
0.0
0.0
0.0
0.0
0.0
0.0
0.0
0.0
0.0
0.0
0.0
0.0
0.0
0.0
0.0
0.0
0.0
0.0
-1.0
0.0
0.0
0.0
0.0
1.0
0.0
0.0
0.0
0.0
0.0
0.0
1.0
0.0
0.0
0.0
0.0
0.0
0.0
0.0
0.0
0.0
0.0
0.0
0.0
0.0
0.0
0.0
0.0
0.0
0.0
0.0
0.0
-1.0
0.0
0.0
0.0
0.0
0.0
0.0
0.0
0.0
0.0
0.0
0.0
0.0
0.0
-1.0
-1.0
0.0
0.0
0.0
0.0
0.0
0.0
0.0
0.0
0.0
-1.0
0.0
0.0
0.0
0.0
0.0
0.0
0.0
0.0
0.0
0.0
0.0
-1.0
0.0
0.0
1.0
0.0
0.0
0.0
0.0
0.0
0.0
0.0
0.0
0.0
0.0
0.0
0.0
0.0
0.0
0.0
0.0
-1.0
0.0
-1.0
1.0
0.0
0.0
0.0
0.0
1.0
0.0
0.0
0.0
0.0
0.0
0.0
0.0
0.0
0.0
0.0
0.0
0.0
1.0
0.0
0.0
0.0
-1.0
0.0
0.0
0.0
0.0
0.0
0.0
0.0
0.0
1.0
0.0
0.0
0.0
0.0
0.0
0.0
0.0
0.0
0.0
0.0
0.0
0.0
0.0
0.0
0.0
0.0
0.0
0.0
0.0
0.0
0.0
0.0
0.0
0.0
-1.0
0.0
0.0
0.0
0.0
0.0
0.0
0.0
0.0
0.0
0.0
0.0
0.0
0.0
0.0
0.0
0.0
0.0
0.0
0.0
0.0
0.0
0.0
-1.0
0.0
0.0
0.0
0.0
0.0
0.0
0.0
0.0
0.0
0.0
0.0
0.0
0.0
0.0
0.0
0.0
0.0
0.0
0.0
0.0
0.0
0.0
0.0
-1.0
0.0
0.0
0.0
0.0
0.0
0.0
0.0
0.0
0.0
0.0
0.0
0.0
0.0
0.0
0.0
0.0
0.0
0.0
0.0
0.0
0.0
0.0
0.0
0.0
0.0
-1.0
-1.0
0.0
0.0
0.0
0.0
0.0
0.0
0.0
0.0
0.0
0.0
0.0
0.0
0.0
0.0
0.0
0.0
0.0
0.0
0.0
0.0
0.0
0.0
0.0
0.0
-1.0
0.0
0.0
0.0
0.0
0.0
0.0
0.0
0.0
0.0
0.0
0.0
0.0
0.0
0.0
0.0
0.0
0.0
0.0
0.0
0.0
0.0
0.0
0.0
0.0
0.0
0.0
0.0
0.0
0.0
0.0
0.0
0.0
0.0
0.0
0.0
0.0
0.0
0.0
0.0
0.0
0.0
0.0
0.0
0.0
0.0
0.0
0.0
0.0
0.0
0.0
0.0
0.0
0.0
0.0
0.0
0.0
0.0
0.0
0.0
0.0
0.0
0.0
0.0
0.0
0.0
0.0
0.0
0.0
0.0
0.0
0.0
0.0
0.0
0.0
0.0
0.0
0.0
0.0
0.0
0.0
0.0
0.0
0.0
0.0
0.0
0.0
0.0
0.0
0.0
0.0
0.0
0.0
0.0
0.0
0.0
0.0
0.0
0.0
0.0
0.0
0.0
0.0
0.0
0.0
0.0
0.0
0.0
0.0
0.0
0.0
0.0
0.0
0.0
0.0
0.0
0.0
0.0
0.0
0.0
0.0
0.0
0.0
0.0
0.0
0.0
0.0
0.0
0.0
0.0
0.0
0.0
0.0
0.0
0.0
0.0
0.0
0.0
0.0
0.0
0.0
0.0
0.0
0.0
0.0
0.0
0.0
0.0
0.0
0.0
0.0
0.0
0.0
0.0
0.0
0.0
0.0
0.0
0.0
0.0
0.0
0.0
0.0
0.0
0.0
0.0
0.0
0.0
0.0
100.0
237568.0
10640.0
241664.0
0.0
0.0
0.0
0.0
0.0
0.0
28.0
151552.0
0.0
0.0
0.0
0.0
0.0
0.0
0.0
0.0
0.0
0.0
460.0
238128.0
0.0
0.0
0.0
0.0
