0.24654359
0.019317973
0.007840001
0.004397441
0.008179545
0.0047023376
0.006301659
0.0027884184
0.0076584495
0.0022936543
0.005834613
0.001617338
0.0042214324
0.0026983353
0.002242376
0.0060217087
0.007350781
0.0037918056
0.0028798874
0.0021204175
0.0031113317
0.0039692
0.0015272549
0.0012431467
0.0024377871
0.00092854886
0.0009604244
0.000939636
0.0018681849
0.0016298111
0.0011405906
0.00092993473
0.018615326
0.0010671383
0.0010879267
0.0011128727
0.0024045259
0.0027870324
0.0008107479
0.00075115444
0.003445332
0.0015757612
0.0014177694
0.001395595
0.0018210645
0.0027620865
0.0031667673
0.0011447483
0.0044958396
0.0027440698
0.001789189
0.0036199547
0.0018224503
0.00227148
0.0013041261
0.001057437
0.0021093304
0.002543115
0.001722666
0.003015705
0.0016783174
0.0027565428
0.0010366485
0.0014260848
0.010121183
0.009184319
0.005964887
0.0036532162
0.0032166597
0.008650749
0.0034314732
0.0017171224
0.0019804423
0.002622111
0.0024502603
0.0011031715
0.0021703097
0.0034009835
0.0018751144
0.0013914374
0.008338924
0.0017434544
0.0019222348
0.0054451767
0.0024350155
0.0042436067
0.0040772995
0.0036130252
0.0014926076
0.002296426
0.0009230053
0.0014233129
0.001173852
0.0022271313
0.0018335375
0.002649829
0.00090637454
0.00840406
0.0022437621
0.0060466547
0.005901136
0.01740267
0.0058290693
0.0029547256
0.010190478
0.011637351
0.0046011675
0.0012126571
0.0074838265
0.0040925443
0.009783025
0.01236633
0.0063778833
0.00064166886
0.01104003
0.009106709
0.018041566
0.010333224
0.0031917135
0.0024225423
0.0025542022
0.0026373558
0.0010255615
0.0011433624
0.0012154289
0.002543115
0.0011946405
0.00062088046
0.0036476725
0.0017850313
0.0007650134
0.013027402
0.0028355387
0.008031255
0.0009853705
0.0003991374
0.0011696944
0.008621645
0.00068324566
0.01492469
0.00081629143
0.006851859
0.0005709882
0.00048644873
0.012061434
0.0006971046
0.00031459788
0.0004213117
0.00066245726
0.0006499842
0.0004019092
0.00019402514
0.0007123494
0.00048229104
0.00031736968
0.00025500447
0.00063473935
0.0005016936
0.00030628254
0.00026193392
0.0026692315
0.0026013227
0.0007774864
0.0011031715
0.0005321832
0.0005155525
0.00027302108
0.00027302108
0.002285339
0.0002660916
0.00039497972
0.00033122863
0.00074561086
0.00023560195
0.0003617183
0.0002009546
0.0008523247
0.00025916213
0.000313212
0.00032152736
0.0007165071
0.0008966733
0.0009424078
0.0010518935
0.002153679
0.00059732026
0.00055712933
0.0005793036
0.0022936543
0.0007594698
0.00068324566
0.00063473935
0.0062032607
0.0016201099
0.002037264
0.0028369247
0.006655062
0.00032152736
0.0025292563
0.003091929
0.0018487823
0.0017018776
0.00040745278
0.00046427443
0.0038444696
0.00038943617
0.0006513701
0.0005709882
0.0030337216
0.00063751114
0.0013415453
0.0017725582
0.0009465655
0.00041853994
0.0009257771
0.0006998764
0.001893131
0.00048644873
0.0003631042
0.0012500762
0.0010241756
0.00037280543
0.0007192789
0.00045734496
0.0019430232
0.00044348603
0.00044071424
0.0004739757
0.0014330142
0.0007650134
0.0003589465
0.00039359386
0.009587614
0.002297812
0.0006333535
0.0035977804
0.0032208173
0.0003367722
0.00058761897
0.00048506283
0.0026941777
0.00084123755
0.0005848472
0.0006901751
0.0026858621
0.00039636562
0.0023823516
0.0012971966
0.0051070186
0.0011419764
0.0017115789
0.0013817361
0.0042394493
0.0017476121
0.0028826592
0.03588218
0.008523738
6.945679e-07
6.945679e-07
1.3891358e-06
2.0837037e-06
1.3891358e-06
3.4728396e-06
6.945679e-07
6.945679e-07
0.0
0.0
0.0
0.0
0.0
0.0
0.0
0.0013419052
4.1674075e-06
1.3891358e-06
9.029383e-06
1.7364198e-05
6.945679e-06
1.4585927e-05
9.723951e-06
7.6402475e-06
2.0837037e-06
6.945679e-07
2.7782717e-06
3.4728396e-06
0.0
0.0
6.945679e-07
0.0013113442
0.0
4.9314323e-05
7.6402475e-06
2.7782717e-06
6.945679e-07
2.986642e-05
2.0837038e-05
0.0
0.0
0.0
0.0
0.0
0.0
0.0
0.0
0.0037902573
7.57079e-05
6.390025e-05
2.0837038e-05
3.8201237e-05
3.1255557e-05
7.431877e-05
5.2092593e-05
2.2226173e-05
1.4585927e-05
1.1807655e-05
1.5280495e-05
1.5280495e-05
9.723951e-06
1.4585927e-05
1.7364198e-05
0.002279572
2.6393582e-05
2.0837038e-05
5.000889e-05
7.501333e-05
3.7506667e-05
0.00022504001
0.00010349062
1.0418519e-05
2.7782717e-06
7.6402475e-06
0.0
2.0837037e-06
1.3891358e-06
1.3891358e-06
1.3891358e-06
0.013192623
0.00012571679
0.0004327158
0.0002750489
0.000368121
0.00022365087
0.0011870166
0.0006501156
0.00010349062
8.056988e-05
5.7649137e-05
8.682099e-05
6.251111e-05
5.000889e-05
7.431877e-05
9.932321e-05
0.010271965
0.00010487976
0.0005973284
0.00021114865
0.00072026695
0.00036117533
0.0030019225
0.0014030272
5.4176297e-05
4.723062e-05
3.1950123e-05
4.306321e-05
5.000889e-05
3.6117533e-05
6.945679e-05
6.598395e-05
0.034020633
0.00044035606
0.0032922518
0.0010571324
0.0051523047
0.0023525015
0.023489593
0.011926426
0.00029727508
0.00016739087
0.00015280495
0.00021045408
0.00020211926
0.00017155828
0.00014794296
0.00084528915
0.039936267
0.0013252356
0.0039875144
0.0029248255
0.0049105952
0.002273321
0.01569932
0.0080965785
0.0004896704
0.0002035084
0.0001903116
0.00033061433
0.00025421186
0.00042160272
0.0004327158
0.0010272659
0.050061677
0.0063566854
0.008894637
0.002480302
0.0047480664
0.003332537
0.015941028
0.010828314
0.0014294208
0.0015377734
0.00087515556
0.000588299
0.0006084415
0.001141175
0.0008730719
0.0012564734
0.024892619
0.003508957
0.0063295974
0.0032241843
0.005492643
0.0031533383
0.011483986
0.006791485
0.0016023682
0.0030929109
0.00054106844
0.00059177185
0.0008362598
0.00076541386
0.00060705235
0.0010550487
0.019404145
0.0023240242
0.0031561167
0.0047689034
0.0034645048
0.0024087615
0.0064330883
0.004170186
0.0023900082
0.0020413352
0.00079319655
0.0007522171
0.0013314867
0.00073138
0.0009967049
0.001732947
0.01671964
0.00228235
0.0031436144
0.0031616732
0.0034908983
0.0027546564
0.0046772202
0.0036332847
0.0036659294
0.0021323236
0.00079597486
0.0007765269
0.0018690823
0.0010661618
0.0014328937
0.0038742998
0.049717173
0.009183577
0.0053995713
0.0064580925
0.013330842
0.013116915
0.010285856
0.011622205
0.025872655
0.0028637035
0.0033894915
0.003840266
0.012925214
0.0042368644
0.00979688
0.027064534
0.05558002
0.010865126
0.009810077
0.010437966
0.020948863
0.015579158
0.018291445
0.014572035
0.02942676
0.0065511647
0.0066074245
0.006253195
0.01689328
0.0075575938
0.012431377
0.028464783
0.0007299909
0.00023962594
0.00024170964
0.00033686543
0.00025837927
0.00025629558
0.00037298296
0.00032366865
0.00034033827
0.0001625289
0.00011321457
0.00012224396
0.00017989309
0.00016739087
0.0001514158
0.0002708815
5247.0
19.955784
104708.0
0.083241016
0.00059212284
0.0014134545
0.00073537836
0.0025021965
0.00776445
0.000181457
0.00073537836
0.002769607
0.0023398404
0.0004297666
0.00063032436
0.0018623219
0.010906521
0.009559919
0.0027791574
0.010304848
0.004689231
0.0053577567
0.0035622874
0.0022634373
0.0022825382
0.0022920885
0.0017381671
0.0027600566
0.002693204
0.005042595
0.0016426634
0.0018814226
0.0035049852
0.0018432211
0.0042690146
0.010027887
0.012644688
0.0032280246
0.011785155
0.010037437
0.008280169
0.0058448254
0.005577415
0.0028460098
0.009645873
0.0005730221
0.00181457
0.0056633684
0.005720671
0.0051667495
0.0038583488
0.0077357986
0.0015376094
0.005462811
0.011622799
0.00725828
0.0040971083
0.004431371
0.006427398
0.0030179166
0.0014803072
0.002024678
0.0015089583
0.0024066928
0.0014039042
0.0005539214
0.0086717345
0.0010982924
0.04045536
0.0090824
0.02668373
0.025079269
0.08189441
0.015490698
0.013084005
0.011823356
0.050607402
0.0015949116
0.0030274668
0.032280248
0.019368147
0.044647973
0.04742713
0.020657448
0.0008117813
0.04480078
0.040398058
0.061122358
0.016789548
0.0059594302
0.00518585
0.0072105285
0.0099132825
0.0019673759
0.0019100737
0.00051571993
0.0018050197
0.00023875921
0.00014325553
5.4691057
20.0
33.0
16.0
33.0
721556.0
49152.0
0.0
0.0
4.0
0.0
1.0
0.0
1.0
0.0
708992500.0
0.0
0.0
0.0
0.0
0.0
1.0
0.0
0.0
0.0
0.0
0.0
0.0
-1.0
1.0
-1.0
-1.0
0.0
1.0
0.0
0.0
0.0
0.0
0.0
0.0
0.0
0.0
0.0
0.0
-1.0
0.0
0.0
0.0
0.0
0.0
0.0
0.0
0.0
0.0
0.0
0.0
0.0
-1.0
0.0
0.0
0.0
0.0
0.0
0.0
0.0
0.0
0.0
0.0
2.0
25.0
4.0
0.0
4.0
0.0
14336.0
4096.0
4096.0
8.0
2.0
0.0
1.0
4.0
0.0
0.0
0.0
0.0
0.0
-1024.0
0.0
0.0
0.0
0.0
0.0
0.0
0.0
0.0
512.0
0.0
0.0
0.0
0.0
0.0
0.0
0.0
-512.0
0.0
0.0
0.0
0.0
0.0
0.0
0.0
0.0
0.0
0.0
0.0
0.0
-14336.0
0.0
0.0
0.0
0.0
0.0
0.0
-1536.0
512.0
0.0
0.0
0.0
0.0
0.0
0.0
0.0
0.0
0.0
0.0
0.0
0.0
0.0
0.0
0.0
0.0
0.0
0.0
0.0
0.0
2.163891
0.0
0.0
0.0
0.0
0.0
0.0
0.0
-3.2783492
0.0
0.0
0.0
0.0
0.0
0.0
0.0
0.0
0.0
0.0
0.0
0.0
-6.4271283
0.0
0.0
0.0
0.0
0.0
0.0
-4.37417
2.1711743
0.0
0.0
0.0
0.0
0.0
0.0
0.0
0.0
-8.0
0.0
0.0
-848.0
0.0
0.0
0.0
0.0
0.0
0.0
0.0
0.0
24.0
0.0
1533.0
0.0
0.0
0.0
0.0
0.0
-180.0
0.0
0.0
0.0
0.0
0.0
0.0
0.0
0.0
0.0
0.0
0.0
0.0
-14040.0
0.0
0.0
0.0
0.0
0.0
0.0
-1130.0
512.0
0.0
0.0
0.0
0.0
0.0
0.0
0.0
0.0
0.0
0.0
0.0
0.0
0.0
0.0
0.0
0.0
0.0
0.0
0.0
0.0
0.0
0.0
0.0
1.0
0.0
0.0
0.0
0.0
0.0
0.0
0.0
0.0
0.0
0.0
0.0
0.0
0.0
-1.0
0.0
0.0
0.0
0.0
1.0
0.0
0.0
0.0
0.0
0.0
1.0
0.0
0.0
0.0
0.0
0.0
0.0
0.0
0.0
0.0
0.0
0.0
0.0
0.0
0.0
0.0
0.0
0.0
0.0
0.0
0.0
-1.0
0.0
0.0
0.0
0.0
0.0
0.0
0.0
0.0
0.0
1.0
0.0
0.0
0.0
0.0
1.0
0.0
0.0
0.0
0.0
0.0
0.0
0.0
0.0
0.0
0.0
0.0
0.0
0.0
0.0
0.0
0.0
0.0
0.0
0.0
0.0
0.0
0.0
0.0
0.0
0.0
0.0
0.0
0.0
0.0
0.0
0.0
0.0
0.0
0.0
0.0
0.0
0.0
0.0
0.0
0.0
0.0
0.0
0.0
0.0
0.0
0.0
0.0
0.0
0.0
0.0
0.0
-1.0
0.0
0.0
0.0
0.0
0.0
0.0
0.0
0.0
0.0
0.0
0.0
0.0
0.0
0.0
0.0
0.0
0.0
0.0
0.0
0.0
0.0
0.0
0.0
0.0
0.0
0.0
0.0
0.0
0.0
0.0
0.0
0.0
0.0
0.0
0.0
0.0
0.0
0.0
0.0
0.0
0.0
0.0
0.0
0.0
0.0
0.0
0.0
0.0
0.0
0.0
0.0
0.0
0.0
0.0
0.0
0.0
0.0
0.0
0.0
0.0
0.0
0.0
0.0
0.0
0.0
0.0
0.0
0.0
0.0
-1.0
0.0
0.0
0.0
0.0
0.0
0.0
0.0
0.0
0.0
0.0
0.0
0.0
0.0
0.0
0.0
0.0
1.0
0.0
0.0
0.0
0.0
0.0
0.0
0.0
0.0
0.0
0.0
0.0
0.0
0.0
0.0
0.0
0.0
0.0
0.0
0.0
0.0
0.0
0.0
0.0
0.0
0.0
0.0
0.0
0.0
0.0
0.0
0.0
0.0
0.0
0.0
0.0
0.0
0.0
0.0
0.0
0.0
0.0
0.0
0.0
0.0
0.0
0.0
0.0
0.0
0.0
0.0
0.0
0.0
0.0
0.0
0.0
0.0
0.0
0.0
0.0
0.0
0.0
0.0
0.0
0.0
0.0
0.0
0.0
0.0
0.0
0.0
0.0
0.0
0.0
0.0
0.0
0.0
0.0
0.0
0.0
0.0
0.0
0.0
0.0
0.0
0.0
0.0
0.0
0.0
0.0
0.0
0.0
0.0
0.0
0.0
0.0
0.0
0.0
0.0
0.0
0.0
0.0
0.0
0.0
0.0
0.0
0.0
0.0
0.0
0.0
0.0
0.0
0.0
0.0
0.0
0.0
0.0
0.0
0.0
0.0
0.0
0.0
0.0
0.0
0.0
0.0
0.0
0.0
0.0
0.0
0.0
0.0
0.0
0.0
0.0
0.0
0.0
0.0
0.0
0.0
0.0
0.0
0.0
0.0
0.0
0.0
0.0
0.0
0.0
0.0
0.0
0.0
0.0
0.0
0.0
0.0
0.0
0.0
0.0
0.0
0.0
0.0
0.0
0.0
0.0
0.0
0.0
0.0
0.0
0.0
0.0
0.0
0.0
0.0
0.0
0.0
0.0
0.0
0.0
0.0
0.0
0.0
0.0
0.0
0.0
0.0
0.0
0.0
0.0
0.0
0.0
0.0
0.0
0.0
0.0
0.0
0.0
0.0
0.0
0.0
0.0
0.0
0.0
0.0
0.0
0.0
0.0
0.0
0.0
0.0
0.0
0.0
0.0
0.0
0.0
0.0
0.0
0.0
0.0
0.0
0.0
0.0
0.0
1.0
0.0
0.0
0.0
0.0
0.0
0.0
0.0
0.0
0.0
0.0
0.0
0.0
0.0
0.0
0.0
0.0
0.0
0.0
0.0
0.0
0.0
0.0
0.0
0.0
0.0
0.0
0.0
0.0
0.0
0.0
0.0
0.0
0.0
0.0
0.0
0.0
0.0
0.0
0.0
0.0
0.0
0.0
0.0
0.0
0.0
0.0
0.0
0.0
0.0
0.0
0.0
0.0
0.0
0.0
0.0
0.0
0.0
0.0
0.0
0.0
0.0
0.0
0.0
0.0
0.0
0.0
0.0
0.0
0.0
0.0
0.0
0.0
0.0
0.0
0.0
0.0
0.0
0.0
0.0
0.0
0.0
0.0
0.0
0.0
0.0
0.0
0.0
0.0
0.0
0.0
0.0
0.0
0.0
0.0
0.0
0.0
0.0
0.0
0.0
0.0
0.0
0.0
0.0
0.0
0.0
0.0
0.0
0.0
0.0
0.0
0.0
0.0
0.0
0.0
0.0
0.0
0.0
0.0
0.0
0.0
0.0
0.0
0.0
0.0
0.0
0.0
0.0
0.0
0.0
0.0
0.0
0.0
0.0
0.0
0.0
0.0
0.0
0.0
0.0
0.0
0.0
0.0
0.0
0.0
0.0
0.0
0.0
0.0
0.0
0.0
0.0
0.0
0.0
0.0
0.0
0.0
0.0
0.0
0.0
0.0
0.0
0.0
0.0
0.0
0.0
0.0
0.0
0.0
0.0
0.0
0.0
0.0
0.0
0.0
0.0
0.0
0.0
0.0
0.0
0.0
0.0
0.0
0.0
0.0
0.0
0.0
0.0
0.0
0.0
0.0
0.0
0.0
0.0
0.0
0.0
0.0
0.0
0.0
0.0
0.0
0.0
0.0
0.0
0.0
0.0
0.0
0.0
0.0
0.0
0.0
0.0
0.0
0.0
0.0
0.0
0.0
0.0
0.0
0.0
0.0
0.0
0.0
0.0
0.0
0.0
0.0
0.0
0.0
0.0
0.0
0.0
0.0
0.0
0.0
0.0
0.0
0.0
0.0
0.0
0.0
0.0
0.0
0.0
0.0
0.0
0.0
0.0
0.0
0.0
0.0
0.0
0.0
0.0
0.0
0.0
0.0
0.0
0.0
0.0
0.0
0.0
0.0
0.0
0.0
0.0
0.0
0.0
0.0
0.0
0.0
0.0
0.0
0.0
0.0
0.0
0.0
0.0
0.0
0.0
0.0
0.0
0.0
0.0
0.0
0.0
0.0
0.0
0.0
0.0
0.0
0.0
0.0
0.0
0.0
0.0
0.0
0.0
0.0
0.0
0.0
0.0
0.0
0.0
0.0
0.0
0.0
0.0
0.0
0.0
0.0
0.0
0.0
0.0
0.0
0.0
0.0
0.0
0.0
0.0
0.0
0.0
0.0
0.0
0.0
0.0
0.0
0.0
0.0
0.0
0.0
0.0
0.0
0.0
0.0
0.0
0.0
0.0
0.0
0.0
0.0
0.0
0.0
0.0
0.0
0.0
0.0
0.0
0.0
0.0
0.0
0.0
0.0
0.0
0.0
0.0
0.0
0.0
0.0
0.0
0.0
0.0
0.0
0.0
0.0
0.0
0.0
0.0
0.0
0.0
0.0
0.0
0.0
0.0
0.0
0.0
0.0
0.0
0.0
0.0
0.0
0.0
0.0
0.0
0.0
0.0
0.0
0.0
0.0
0.0
0.0
0.0
0.0
0.0
0.0
0.0
0.0
0.0
0.0
0.0
0.0
0.0
0.0
0.0
0.0
0.0
0.0
0.0
0.0
0.0
0.0
0.0
0.0
0.0
0.0
0.0
0.0
0.0
0.0
0.0
0.0
0.0
0.0
0.0
0.0
0.0
0.0
0.0
0.0
0.0
0.0
0.0
0.0
0.0
0.0
0.0
0.0
0.0
0.0
0.0
0.0
0.0
0.0
0.0
0.0
0.0
0.0
0.0
0.0
0.0
0.0
0.0
0.0
0.0
0.0
0.0
0.0
0.0
0.0
0.0
0.0
0.0
0.0
0.0
0.0
0.0
0.0
0.0
0.0
0.0
0.0
0.0
0.0
0.0
0.0
0.0
0.0
0.0
0.0
0.0
0.0
0.0
0.0
0.0
0.0
0.0
0.0
0.0
0.0
0.0
0.0
0.0
0.0
0.0
0.0
0.0
0.0
0.0
0.0
0.0
0.0
0.0
0.0
0.0
0.0
0.0
0.0
0.0
0.0
0.0
0.0
0.0
1.0
0.0
0.0
0.0
0.0
0.0
0.0
0.0
0.0
0.0
0.0
0.0
0.0
0.0
0.0
0.0
0.0
0.0
0.0
0.0
0.0
0.0
0.0
0.0
0.0
0.0
0.0
0.0
0.0
0.0
0.0
0.0
0.0
0.0
0.0
0.0
0.0
0.0
0.0
0.0
0.0
0.0
0.0
0.0
0.0
0.0
0.0
0.0
0.0
0.0
0.0
0.0
0.0
0.0
0.0
0.0
0.0
0.0
0.0
0.0
0.0
0.0
0.0
0.0
0.0
0.0
0.0
0.0
0.0
0.0
0.0
0.0
0.0
0.0
0.0
0.0
0.0
0.0
0.0
0.0
0.0
0.0
0.0
0.0
0.0
0.0
0.0
0.0
0.0
0.0
0.0
0.0
0.0
0.0
0.0
0.0
0.0
0.0
0.0
0.0
0.0
0.0
0.0
0.0
0.0
0.0
0.0
0.0
0.0
0.0
0.0
0.0
0.0
0.0
0.0
0.0
0.0
0.0
0.0
0.0
0.0
0.0
0.0
0.0
0.0
0.0
0.0
0.0
0.0
0.0
0.0
0.0
0.0
0.0
0.0
0.0
0.0
0.0
0.0
0.0
0.0
0.0
0.0
0.0
0.0
0.0
0.0
0.0
0.0
0.0
0.0
0.0
0.0
0.0
0.0
0.0
0.0
0.0
0.0
0.0
0.0
0.0
0.0
0.0
0.0
0.0
0.0
0.0
0.0
0.0
0.0
0.0
0.0
0.0
0.0
0.0
0.0
0.0
0.0
0.0
0.0
0.0
0.0
0.0
0.0
0.0
0.0
0.0
0.0
-1.0
0.0
0.0
0.0
0.0
0.0
0.0
0.0
0.0
0.0
1.0
0.0
0.0
0.0
0.0
0.0
0.0
0.0
0.0
0.0
0.0
0.0
0.0
0.0
0.0
0.0
0.0
0.0
0.0
0.0
0.0
0.0
0.0
0.0
0.0
0.0
0.0
0.0
0.0
0.0
0.0
0.0
0.0
0.0
0.0
0.0
0.0
0.0
0.0
0.0
0.0
0.0
0.0
0.0
0.0
0.0
0.0
0.0
0.0
0.0
0.0
0.0
0.0
0.0
0.0
0.0
0.0
0.0
0.0
0.0
0.0
0.0
0.0
0.0
0.0
0.0
0.0
0.0
0.0
0.0
0.0
0.0
0.0
0.0
0.0
0.0
0.0
0.0
0.0
0.0
0.0
0.0
0.0
0.0
0.0
0.0
0.0
0.0
0.0
0.0
0.0
0.0
0.0
0.0
0.0
0.0
0.0
0.0
0.0
0.0
0.0
0.0
0.0
0.0
0.0
0.0
0.0
0.0
0.0
0.0
0.0
0.0
0.0
0.0
0.0
0.0
0.0
0.0
0.0
0.0
0.0
0.0
0.0
0.0
0.0
0.0
0.0
0.0
0.0
0.0
0.0
0.0
0.0
0.0
0.0
0.0
0.0
0.0
0.0
0.0
0.0
0.0
0.0
0.0
0.0
0.0
0.0
0.0
0.0
0.0
0.0
0.0
0.0
0.0
0.0
0.0
0.0
0.0
0.0
0.0
0.0
0.0
0.0
0.0
0.0
0.0
0.0
0.0
0.0
0.0
0.0
0.0
0.0
0.0
0.0
0.0
0.0
0.0
0.0
0.0
0.0
0.0
0.0
0.0
0.0
0.0
0.0
0.0
0.0
0.0
0.0
0.0
0.0
0.0
0.0
0.0
0.0
0.0
0.0
0.0
0.0
0.0
0.0
0.0
0.0
0.0
0.0
0.0
0.0
0.0
0.0
0.0
0.0
0.0
0.0
0.0
0.0
0.0
0.0
0.0
0.0
0.0
0.0
0.0
0.0
0.0
0.0
0.0
0.0
0.0
0.0
0.0
0.0
0.0
0.0
0.0
0.0
0.0
0.0
0.0
0.0
0.0
0.0
0.0
0.0
0.0
0.0
0.0
0.0
0.0
0.0
0.0
0.0
0.0
0.0
0.0
0.0
0.0
0.0
0.0
0.0
0.0
0.0
0.0
0.0
0.0
0.0
0.0
0.0
0.0
0.0
0.0
0.0
0.0
0.0
0.0
0.0
0.0
0.0
0.0
0.0
0.0
0.0
0.0
0.0
0.0
0.0
0.0
0.0
0.0
0.0
0.0
0.0
0.0
0.0
0.0
0.0
0.0
0.0
0.0
0.0
0.0
0.0
0.0
0.0
0.0
0.0
0.0
0.0
0.0
0.0
0.0
0.0
0.0
0.0
0.0
0.0
0.0
0.0
0.0
0.0
0.0
0.0
0.0
0.0
0.0
0.0
0.0
0.0
0.0
0.0
0.0
0.0
0.0
0.0
0.0
0.0
0.0
0.0
0.0
0.0
0.0
0.0
0.0
0.0
0.0
0.0
0.0
0.0
0.0
0.0
0.0
0.0
0.0
0.0
0.0
0.0
0.0
0.0
1130.0
28672.0
512.0
45056.0
0.0
0.0
0.0
0.0
0.0
0.0
0.0
0.0
0.0
0.0
0.0
0.0
24.0
36864.0
0.0
0.0
0.0
0.0
0.0
0.0
0.0
0.0
0.0
0.0
