0.0066344175
0.000152103
7.031176e-05
7.461657e-05
0.000115512186
5.5484114e-05
3.252517e-05
4.1852243e-05
0.00013727535
3.6112506e-05
4.065646e-05
2.8459524e-05
9.040084e-05
4.3765485e-05
2.3437255e-05
6.600696e-05
8.5139414e-05
2.2241476e-05
1.5545118e-05
1.7219209e-05
3.372095e-05
4.3287175e-05
1.5305963e-05
1.6262586e-05
3.1090236e-05
1.267525e-05
8.370448e-06
1.8414987e-05
2.1045698e-05
1.19577835e-05
1.5305963e-05
1.3392717e-05
0.00013153562
1.6262586e-05
1.3631873e-05
1.9132453e-05
6.289794e-05
1.6740896e-05
1.19577835e-05
1.0522849e-05
2.032823e-05
1.5784273e-05
5.9788917e-06
2.1284854e-05
1.4110185e-05
1.267525e-05
4.017815e-05
1.2196939e-05
3.6590816e-05
1.3153562e-05
2.0567388e-05
6.074554e-05
2.152401e-05
2.4633033e-05
2.1284854e-05
1.19577835e-05
2.7024591e-05
2.1763166e-05
1.6740896e-05
4.2569707e-05
2.0806543e-05
1.6740896e-05
1.2914406e-05
1.4110185e-05
0.00021715334
4.7352823e-05
2.4154722e-05
3.6351663e-05
7.365995e-05
0.00010929414
5.3331714e-05
4.304802e-05
4.1134776e-05
3.0133613e-05
1.5545118e-05
1.1479472e-05
3.037277e-05
7.2703326e-05
1.7458364e-05
2.0089075e-05
8.418279e-05
3.1807704e-05
3.7786594e-05
5.9310605e-05
2.7502902e-05
5.117931e-05
4.9983533e-05
4.7113666e-05
2.2719789e-05
4.137393e-05
1.0762005e-05
2.0567388e-05
1.8893297e-05
2.6307123e-05
3.1807704e-05
2.7742057e-05
2.0089075e-05
8.84876e-05
1.6740896e-05
3.802575e-05
5.022269e-05
0.00015999514
3.7069127e-05
2.8459524e-05
5.9549762e-05
8.131292e-05
5.022269e-05
2.1045698e-05
6.8876834e-05
3.3481792e-05
7.509488e-05
8.84876e-05
7.198586e-05
7.652981e-06
9.6140575e-05
6.911599e-05
0.00018845467
0.00014660243
3.1329393e-05
2.9176992e-05
4.017815e-05
2.2480632e-05
7.17467e-06
1.8414987e-05
2.0089075e-05
3.5634195e-05
1.5545118e-05
1.3871028e-05
6.839852e-05
2.7742057e-05
1.4110185e-05
0.00017960591
3.3481792e-05
8.466111e-05
6.6963585e-06
8.609604e-06
4.472211e-05
9.8053824e-05
3.419926e-05
0.00024322131
1.1479472e-05
9.374902e-05
1.3392717e-05
1.9610765e-05
0.9847122
5.9788917e-06
5.022269e-06
8.609604e-06
8.8487595e-06
2.5828813e-05
1.6262586e-05
1.0522849e-05
8.370448e-06
5.022269e-06
6.457203e-06
7.4138256e-06
5.9788917e-06
3.1090237e-06
7.652981e-06
3.2286014e-05
2.4633033e-05
2.1284854e-05
9.087916e-06
1.7458364e-05
8.370448e-06
8.609604e-06
7.17467e-06
4.783113e-06
1.2914406e-05
5.2614246e-06
6.457203e-06
4.783113e-06
7.4138256e-06
4.304802e-06
5.739736e-06
3.8264907e-06
1.3392717e-05
7.652981e-06
5.2614246e-06
1.3871028e-05
2.8459524e-05
6.457203e-06
1.7219209e-05
1.8654142e-05
1.6740896e-05
5.739736e-06
1.0762005e-05
9.327071e-06
7.17467e-06
1.0522849e-05
1.7697519e-05
1.0762005e-05
7.294248e-05
4.6157045e-05
2.2241476e-05
6.289794e-05
4.42438e-05
7.4138256e-06
2.2958944e-05
5.117931e-05
2.2719789e-05
2.152401e-05
6.6963585e-06
8.131293e-06
2.31981e-05
6.935514e-06
8.131293e-06
1.1001161e-05
1.602343e-05
1.434934e-05
1.7936674e-05
1.1718627e-05
8.370448e-06
7.4138256e-06
9.087916e-06
7.17467e-06
2.2958944e-05
9.087916e-06
1.1240316e-05
1.937161e-05
1.5545118e-05
8.370448e-06
7.4138256e-06
9.805382e-06
2.7024591e-05
1.3392717e-05
6.6963585e-06
5.022269e-06
1.9132453e-05
8.8487595e-06
9.805382e-06
5.9788917e-06
0.00010283694
3.0851083e-05
8.8487595e-06
7.461657e-05
4.42438e-05
6.6963585e-06
1.0522849e-05
1.19577835e-05
4.4961263e-05
1.1001161e-05
3.587335e-06
1.6740896e-05
3.6590816e-05
6.2180475e-06
3.8982373e-05
5.117931e-05
6.863767e-05
2.2002321e-05
1.1479472e-05
1.6740896e-05
7.629066e-05
1.434934e-05
2.4633033e-05
0.0003372095
0.0029397355
0.0
0.0
0.0
0.0
0.0
0.0
0.0
0.0
0.9845664
0.0
0.0
0.0
0.0
0.0
0.0
0.0
0.0
0.0
0.0
0.0
0.0
0.0
0.0
0.0
0.0
0.0
0.0
0.0
0.0
0.0
0.0
0.00022559981
3.9473985e-06
4.186635e-06
2.3923627e-07
5.980907e-07
5.980907e-07
2.3923627e-07
4.7847254e-07
3.7081625e-06
1.1961814e-07
1.674654e-06
2.3923627e-07
3.5885444e-07
1.1961814e-06
5.980907e-07
1.1961814e-06
0.00043038608
6.2201434e-06
7.535943e-06
1.3157995e-06
4.4258713e-06
2.511981e-06
8.732124e-06
1.25599045e-05
4.7847257e-06
1.1961814e-06
2.631599e-06
7.177089e-07
7.177089e-07
1.9138902e-06
1.0765633e-06
3.2296898e-06
0.0
0.0
0.0
0.0
0.0
0.0
0.0
0.0
0.0
0.0
0.0
0.0
0.0
0.0
0.0
0.0
1.2918759e-05
0.0
0.0
0.0
8.0144155e-06
3.8277803e-06
2.3923629e-05
1.25599045e-05
0.0
0.00018373347
0.0
0.0
0.0
0.0
0.0
0.0
0.0006588567
2.9904536e-06
3.22969e-05
1.351685e-05
4.629222e-05
2.5359046e-05
0.00012954645
6.184258e-05
1.5550359e-06
1.3157995e-06
8.37327e-07
1.0765633e-06
9.569451e-07
1.0765633e-06
8.37327e-07
1.5550359e-06
0.00059175096
5.263198e-06
4.1866348e-05
1.6866157e-05
3.720124e-05
2.0215466e-05
0.00016985775
8.134034e-05
2.511981e-06
2.0335083e-06
1.9138902e-06
1.1961814e-06
2.511981e-06
1.674654e-06
8.37327e-07
2.8708355e-06
0.0002973707
5.263198e-06
1.7225013e-05
1.160296e-05
1.2081432e-05
1.3397232e-05
4.4737186e-05
3.720124e-05
1.2320668e-05
2.1531266e-06
2.511981e-06
1.7942721e-06
9.569451e-06
2.7512172e-06
5.861289e-06
1.411494e-05
0.0004385201
6.4593796e-06
3.5646204e-05
2.5837518e-05
6.4115324e-05
3.3134223e-05
0.00015179542
8.9115514e-05
2.4521718e-05
6.3158375e-05
8.37327e-07
5.980907e-06
6.937852e-06
2.7512172e-06
5.023962e-06
2.6076754e-05
0.00012607752
1.5550359e-06
4.7847257e-06
1.2918759e-05
1.2320668e-05
3.1100717e-06
2.6555228e-05
1.8540812e-05
1.3756086e-05
1.1961814e-07
4.7847254e-07
1.7942721e-06
2.3923628e-06
4.7847254e-07
1.5550359e-06
1.8540812e-05
0.0
0.0
0.0
0.0
0.0
0.0
0.0
0.0
0.0
0.0
0.0
0.0
0.0
0.0
0.0
0.0
0.00033325615
3.468926e-05
2.2847065e-05
2.0813557e-05
5.5143963e-05
4.9163056e-05
3.5765825e-05
3.8875896e-05
0.000112201815
2.2607828e-05
1.2201051e-05
2.0813557e-05
4.2942913e-05
1.6985776e-05
5.0239618e-05
0.00011136449
0.0007364889
0.00010251275
7.18905e-05
8.827819e-05
0.0002788299
0.0001813411
0.00010753671
0.00017894874
0.0004101706
5.334969e-05
3.397155e-05
4.61726e-05
0.00016076678
4.2225205e-05
0.00013756086
0.00030969136
0.0005598129
0.00011172334
8.3373845e-05
9.9881145e-05
0.00020203504
0.00015753708
6.208182e-05
0.00017248935
0.00031567228
3.8756276e-05
4.6651076e-05
5.155542e-05
0.00015024039
5.2273128e-05
0.000120096614
0.00022559981
0.00020119772
9.844573e-05
0.00010119694
9.138826e-05
0.00011973776
9.533566e-05
0.0001516758
0.00010825442
8.038339e-05
5.1316183e-05
4.74884e-05
6.782349e-05
6.0526778e-05
7.236897e-05
6.1244486e-05
6.1483726e-05
440.0
13.263637
5836.0
0.054660726
0.0029129542
0.0010281014
0.0011994516
0.0013708019
0.0017135025
0.0005140507
0.0013708019
0.005140507
0.0044551063
0.0011994516
0.0018848527
0.0011994516
0.003427005
0.019876627
0.0015421521
0.008738862
0.0030843043
0.0066826595
0.012165867
0.0032556546
0.0039410554
0.0053118574
0.0023989032
0.004283756
0.0011994516
0.0017135025
0.0008567512
0.0008567512
0.00068540097
0.00068540097
0.0013708019
0.0030843043
0.016106922
0.005140507
0.010795065
0.012679918
0.010109664
0.009938314
0.010109664
0.007710761
0.0047978065
0.0015421521
0.0029129542
0.0061686086
0.008224811
0.0029129542
0.004283756
0.0119945165
0.0005140507
0.009081563
0.014050719
0.006339959
0.0037697053
0.0058259084
0.009938314
0.0022275532
0.0013708019
0.0010281014
0.0018848527
0.003598355
0.0013708019
0.00068540097
0.0017135025
0.0020562029
0.047806717
0.005140507
0.018505827
0.020733379
0.09784099
0.008738862
0.011823166
0.012679918
0.046778616
0.0017135025
0.0058259084
0.03598355
0.014050719
0.04215216
0.049006168
0.019362576
0.0005140507
0.047464017
0.03461275
0.05106237
0.02141878
0.0073680603
0.008053461
0.017649075
0.00685401
0.0020562029
0.0070253597
0.00034270048
0.00068540097
0.00068540097
0.0013708019
5.5259943
1.0
0.0
0.0
1.0
4181377.0
69632.0
0.0
0.0
3.0
0.0
1.0
0.0
0.0
0.0
1083884500.0
0.0
0.0
0.0
0.0
0.0
1.0
0.0
0.0
0.0
0.0
0.0
0.0
-1.0
0.0
-1.0
-1.0
0.0
0.0
0.0
0.0
0.0
0.0
0.0
0.0
0.0
0.0
0.0
0.0
-1.0
0.0
0.0
0.0
0.0
0.0
0.0
0.0
0.0
0.0
0.0
0.0
0.0
-1.0
0.0
0.0
0.0
0.0
0.0
0.0
0.0
0.0
0.0
0.0
6.0
0.0
4.0
0.0
4.0
0.0
20480.0
4096.0
4096.0
4.0
0.0
0.0
4.0
4.0
0.0
0.0
0.0
0.0
0.0
0.0
0.0
0.0
0.0
0.0
0.0
0.0
0.0
0.0
0.0
0.0
0.0
0.0
0.0
1024.0
0.0
0.0
0.0
0.0
0.0
0.0
0.0
0.0
0.0
0.0
0.0
0.0
0.0
-36864.0
0.0
0.0
0.0
0.0
0.0
-18944.0
0.0
0.0
0.0
3072.0
0.0
0.0
0.0
0.0
0.0
0.0
0.0
0.0
0.0
0.0
0.0
0.0
0.0
0.0
0.0
0.0
0.0
0.0
0.0
0.0
0.0
0.0
0.0
0.0
0.0
4.409516
0.0
0.0
0.0
0.0
0.0
0.0
0.0
0.0
0.0
0.0
0.0
0.0
0.0
-5.6700864
0.0
0.0
0.0
0.0
0.0
-3.2757804
0.0
0.0
0.0
3.533309
0.0
0.0
0.0
0.0
0.0
0.0
0.0
0.0
0.0
0.0
0.0
0.0
0.0
0.0
0.0
0.0
0.0
0.0
0.0
0.0
0.0
0.0
0.0
0.0
0.0
1194.0
0.0
0.0
0.0
0.0
0.0
0.0
0.0
0.0
0.0
0.0
0.0
0.0
0.0
-36864.0
0.0
0.0
0.0
0.0
0.0
-20480.0
0.0
0.0
0.0
4096.0
0.0
0.0
0.0
0.0
0.0
0.0
0.0
0.0
1.0
0.0
0.0
0.0
0.0
0.0
-1.0
1.0
0.0
0.0
0.0
1.0
0.0
0.0
0.0
0.0
0.0
0.0
0.0
0.0
0.0
0.0
0.0
0.0
0.0
0.0
0.0
1.0
0.0
-2.0
0.0
0.0
0.0
0.0
0.0
0.0
0.0
0.0
0.0
0.0
1.0
0.0
0.0
0.0
0.0
0.0
0.0
0.0
0.0
0.0
0.0
0.0
0.0
0.0
0.0
0.0
0.0
0.0
0.0
0.0
0.0
-1.0
0.0
0.0
0.0
0.0
0.0
0.0
0.0
0.0
0.0
1.0
0.0
0.0
0.0
0.0
1.0
0.0
0.0
0.0
0.0
0.0
0.0
0.0
0.0
1.0
0.0
0.0
0.0
0.0
0.0
0.0
0.0
0.0
0.0
0.0
0.0
0.0
0.0
0.0
0.0
0.0
0.0
0.0
0.0
0.0
0.0
0.0
0.0
0.0
0.0
0.0
0.0
0.0
0.0
0.0
0.0
0.0
0.0
0.0
0.0
0.0
0.0
0.0
0.0
0.0
0.0
0.0
-1.0
0.0
0.0
0.0
0.0
0.0
0.0
0.0
0.0
0.0
0.0
0.0
0.0
0.0
0.0
0.0
0.0
0.0
0.0
0.0
0.0
0.0
0.0
0.0
0.0
0.0
0.0
0.0
0.0
0.0
0.0
0.0
0.0
0.0
0.0
0.0
0.0
0.0
0.0
0.0
0.0
0.0
0.0
0.0
0.0
0.0
0.0
0.0
0.0
0.0
0.0
0.0
0.0
0.0
0.0
0.0
0.0
0.0
0.0
0.0
0.0
0.0
0.0
0.0
0.0
0.0
0.0
0.0
0.0
0.0
-1.0
0.0
0.0
0.0
0.0
0.0
0.0
0.0
0.0
0.0
0.0
0.0
0.0
0.0
0.0
0.0
0.0
1.0
0.0
0.0
0.0
0.0
0.0
0.0
0.0
0.0
0.0
0.0
0.0
0.0
0.0
0.0
0.0
0.0
0.0
0.0
0.0
0.0
0.0
0.0
0.0
0.0
0.0
0.0
0.0
0.0
0.0
0.0
0.0
0.0
0.0
0.0
0.0
0.0
0.0
0.0
0.0
0.0
0.0
0.0
0.0
0.0
0.0
0.0
0.0
0.0
0.0
0.0
0.0
0.0
0.0
0.0
0.0
0.0
0.0
0.0
0.0
0.0
0.0
0.0
0.0
0.0
0.0
0.0
0.0
0.0
0.0
0.0
0.0
0.0
0.0
0.0
0.0
0.0
0.0
0.0
0.0
0.0
0.0
0.0
0.0
0.0
0.0
0.0
0.0
0.0
0.0
0.0
0.0
0.0
0.0
0.0
0.0
0.0
0.0
0.0
0.0
0.0
0.0
0.0
0.0
0.0
0.0
0.0
0.0
0.0
0.0
0.0
0.0
0.0
0.0
0.0
0.0
0.0
0.0
0.0
0.0
0.0
0.0
0.0
0.0
0.0
0.0
0.0
0.0
0.0
0.0
0.0
0.0
0.0
0.0
0.0
0.0
0.0
0.0
0.0
0.0
0.0
0.0
0.0
0.0
0.0
0.0
0.0
0.0
0.0
0.0
0.0
0.0
0.0
0.0
0.0
0.0
0.0
0.0
0.0
0.0
0.0
0.0
0.0
0.0
0.0
0.0
0.0
0.0
0.0
0.0
0.0
0.0
0.0
0.0
0.0
0.0
0.0
0.0
0.0
0.0
0.0
-1.0
0.0
0.0
0.0
0.0
0.0
0.0
0.0
0.0
0.0
0.0
0.0
0.0
0.0
0.0
0.0
0.0
0.0
0.0
0.0
0.0
0.0
0.0
0.0
0.0
0.0
0.0
0.0
0.0
0.0
0.0
0.0
0.0
0.0
0.0
0.0
0.0
0.0
0.0
0.0
0.0
0.0
1.0
0.0
0.0
0.0
0.0
0.0
0.0
0.0
0.0
0.0
0.0
0.0
0.0
0.0
0.0
0.0
0.0
0.0
0.0
0.0
0.0
0.0
0.0
0.0
0.0
0.0
0.0
0.0
0.0
0.0
0.0
0.0
0.0
0.0
0.0
0.0
0.0
0.0
0.0
0.0
0.0
0.0
0.0
0.0
0.0
0.0
0.0
0.0
0.0
0.0
0.0
0.0
0.0
0.0
0.0
0.0
0.0
0.0
0.0
0.0
0.0
0.0
0.0
0.0
0.0
0.0
0.0
0.0
0.0
0.0
0.0
0.0
0.0
0.0
0.0
0.0
0.0
0.0
0.0
0.0
0.0
0.0
0.0
0.0
0.0
0.0
0.0
0.0
0.0
0.0
0.0
0.0
0.0
0.0
0.0
0.0
0.0
0.0
0.0
0.0
0.0
0.0
0.0
0.0
0.0
0.0
0.0
0.0
0.0
0.0
0.0
0.0
0.0
0.0
0.0
0.0
0.0
0.0
0.0
0.0
0.0
0.0
0.0
0.0
0.0
0.0
0.0
0.0
0.0
0.0
0.0
0.0
0.0
0.0
0.0
0.0
0.0
0.0
0.0
0.0
0.0
0.0
0.0
0.0
0.0
0.0
0.0
0.0
0.0
0.0
0.0
0.0
0.0
0.0
0.0
0.0
0.0
0.0
0.0
0.0
0.0
0.0
0.0
0.0
0.0
0.0
0.0
0.0
0.0
0.0
0.0
0.0
0.0
0.0
0.0
0.0
0.0
0.0
0.0
0.0
0.0
0.0
0.0
0.0
0.0
0.0
0.0
0.0
0.0
0.0
0.0
0.0
0.0
0.0
0.0
0.0
0.0
0.0
0.0
0.0
0.0
0.0
0.0
0.0
0.0
0.0
0.0
0.0
0.0
0.0
0.0
0.0
0.0
0.0
0.0
0.0
0.0
0.0
0.0
0.0
0.0
0.0
0.0
0.0
0.0
0.0
0.0
0.0
0.0
0.0
0.0
0.0
0.0
0.0
0.0
0.0
0.0
0.0
0.0
0.0
0.0
0.0
0.0
0.0
0.0
0.0
0.0
0.0
0.0
0.0
0.0
0.0
0.0
0.0
0.0
0.0
0.0
0.0
0.0
0.0
0.0
0.0
0.0
0.0
0.0
0.0
0.0
0.0
0.0
0.0
0.0
0.0
0.0
0.0
0.0
0.0
0.0
0.0
0.0
0.0
0.0
0.0
0.0
0.0
0.0
0.0
0.0
0.0
0.0
0.0
0.0
0.0
0.0
0.0
0.0
0.0
0.0
0.0
0.0
0.0
0.0
0.0
0.0
0.0
0.0
0.0
0.0
0.0
0.0
0.0
0.0
0.0
0.0
0.0
0.0
0.0
0.0
0.0
0.0
0.0
0.0
0.0
0.0
0.0
0.0
1.0
0.0
0.0
0.0
0.0
0.0
0.0
0.0
0.0
0.0
0.0
0.0
0.0
0.0
0.0
0.0
0.0
0.0
0.0
0.0
0.0
0.0
0.0
0.0
0.0
0.0
0.0
0.0
0.0
0.0
0.0
0.0
0.0
0.0
0.0
0.0
0.0
0.0
0.0
0.0
0.0
0.0
0.0
0.0
0.0
0.0
0.0
0.0
0.0
0.0
0.0
0.0
0.0
0.0
0.0
0.0
0.0
0.0
0.0
0.0
0.0
0.0
0.0
0.0
0.0
0.0
0.0
0.0
0.0
0.0
0.0
0.0
0.0
0.0
0.0
0.0
0.0
0.0
0.0
0.0
0.0
0.0
0.0
0.0
0.0
0.0
0.0
0.0
0.0
0.0
0.0
0.0
0.0
0.0
0.0
0.0
0.0
0.0
0.0
0.0
0.0
0.0
0.0
0.0
0.0
0.0
0.0
0.0
0.0
0.0
0.0
0.0
0.0
0.0
0.0
0.0
0.0
0.0
0.0
0.0
0.0
0.0
0.0
0.0
0.0
0.0
0.0
0.0
0.0
0.0
0.0
0.0
0.0
0.0
0.0
0.0
0.0
0.0
0.0
0.0
0.0
0.0
0.0
0.0
0.0
0.0
0.0
0.0
0.0
0.0
0.0
0.0
0.0
0.0
0.0
0.0
0.0
0.0
0.0
0.0
0.0
0.0
0.0
0.0
0.0
0.0
0.0
0.0
0.0
0.0
0.0
0.0
0.0
0.0
0.0
0.0
0.0
0.0
0.0
0.0
0.0
0.0
0.0
0.0
0.0
0.0
0.0
0.0
0.0
0.0
0.0
0.0
0.0
0.0
0.0
0.0
0.0
0.0
0.0
0.0
0.0
0.0
0.0
0.0
0.0
0.0
0.0
0.0
0.0
0.0
0.0
0.0
0.0
0.0
0.0
0.0
0.0
0.0
0.0
0.0
0.0
0.0
0.0
0.0
0.0
0.0
0.0
0.0
0.0
0.0
0.0
0.0
0.0
0.0
0.0
0.0
0.0
0.0
0.0
0.0
0.0
0.0
0.0
0.0
0.0
0.0
0.0
0.0
0.0
0.0
0.0
0.0
0.0
0.0
0.0
0.0
0.0
0.0
0.0
0.0
0.0
0.0
0.0
0.0
0.0
0.0
0.0
0.0
0.0
0.0
0.0
0.0
0.0
0.0
0.0
0.0
0.0
0.0
0.0
0.0
0.0
0.0
0.0
0.0
0.0
0.0
0.0
0.0
0.0
0.0
0.0
0.0
0.0
0.0
0.0
0.0
0.0
0.0
0.0
0.0
0.0
0.0
0.0
0.0
0.0
0.0
0.0
0.0
0.0
0.0
0.0
0.0
0.0
0.0
0.0
0.0
0.0
0.0
0.0
0.0
0.0
0.0
0.0
0.0
0.0
0.0
0.0
0.0
0.0
0.0
0.0
0.0
0.0
0.0
0.0
0.0
0.0
0.0
0.0
0.0
0.0
0.0
0.0
0.0
0.0
0.0
0.0
0.0
0.0
0.0
0.0
0.0
0.0
0.0
0.0
0.0
0.0
0.0
0.0
0.0
0.0
0.0
0.0
0.0
0.0
0.0
0.0
0.0
0.0
0.0
0.0
0.0
0.0
0.0
0.0
0.0
0.0
0.0
0.0
0.0
0.0
0.0
0.0
0.0
0.0
0.0
0.0
0.0
0.0
0.0
0.0
0.0
0.0
0.0
0.0
0.0
0.0
0.0
0.0
0.0
0.0
0.0
0.0
0.0
0.0
0.0
0.0
0.0
0.0
0.0
0.0
0.0
0.0
0.0
0.0
0.0
0.0
0.0
0.0
0.0
0.0
0.0
0.0
0.0
0.0
0.0
0.0
0.0
0.0
0.0
0.0
0.0
0.0
0.0
0.0
0.0
0.0
0.0
0.0
0.0
0.0
0.0
0.0
0.0
0.0
0.0
0.0
0.0
0.0
0.0
0.0
0.0
0.0
0.0
0.0
0.0
0.0
0.0
0.0
0.0
0.0
0.0
0.0
0.0
0.0
0.0
0.0
0.0
0.0
0.0
0.0
0.0
0.0
0.0
0.0
0.0
0.0
0.0
0.0
0.0
0.0
0.0
0.0
0.0
0.0
0.0
0.0
0.0
0.0
0.0
0.0
0.0
0.0
0.0
0.0
0.0
0.0
0.0
0.0
0.0
0.0
0.0
0.0
0.0
0.0
0.0
0.0
0.0
0.0
0.0
0.0
0.0
0.0
0.0
0.0
0.0
0.0
0.0
0.0
0.0
0.0
0.0
0.0
0.0
0.0
0.0
0.0
0.0
0.0
0.0
0.0
0.0
0.0
0.0
0.0
0.0
0.0
0.0
0.0
0.0
0.0
0.0
0.0
0.0
0.0
0.0
0.0
0.0
0.0
0.0
0.0
0.0
0.0
0.0
0.0
0.0
0.0
0.0
0.0
0.0
0.0
0.0
0.0
0.0
0.0
0.0
0.0
0.0
0.0
0.0
0.0
0.0
0.0
0.0
0.0
0.0
0.0
0.0
0.0
0.0
0.0
0.0
0.0
0.0
0.0
0.0
0.0
0.0
0.0
0.0
0.0
0.0
0.0
0.0
0.0
0.0
0.0
0.0
0.0
0.0
0.0
0.0
0.0
0.0
0.0
0.0
0.0
0.0
0.0
0.0
0.0
0.0
0.0
0.0
0.0
0.0
0.0
0.0
0.0
0.0
0.0
0.0
0.0
0.0
0.0
0.0
0.0
0.0
0.0
0.0
0.0
0.0
0.0
0.0
0.0
0.0
0.0
0.0
0.0
0.0
0.0
0.0
0.0
0.0
0.0
0.0
0.0
0.0
0.0
0.0
0.0
0.0
0.0
0.0
0.0
0.0
0.0
0.0
0.0
0.0
0.0
0.0
0.0
0.0
0.0
0.0
0.0
0.0
0.0
0.0
0.0
0.0
0.0
0.0
0.0
0.0
0.0
0.0
0.0
0.0
0.0
0.0
0.0
0.0
0.0
0.0
0.0
0.0
0.0
0.0
0.0
0.0
0.0
0.0
0.0
0.0
0.0
0.0
0.0
0.0
0.0
0.0
0.0
0.0
0.0
0.0
0.0
0.0
0.0
0.0
0.0
0.0
0.0
0.0
0.0
0.0
0.0
0.0
0.0
0.0
0.0
0.0
0.0
0.0
0.0
0.0
0.0
0.0
0.0
0.0
0.0
0.0
0.0
0.0
0.0
0.0
0.0
0.0
0.0
0.0
0.0
0.0
0.0
0.0
0.0
80.0
65536.0
2392.0
61440.0
0.0
0.0
0.0
0.0
0.0
0.0
0.0
0.0
0.0
0.0
0.0
0.0
0.0
0.0
0.0
0.0
0.0
0.0
0.0
0.0
0.0
0.0
0.0
0.0
