0.0010382432
6.5281725e-05
5.0774677e-05
5.8028203e-05
4.1872623e-05
3.1981454e-05
4.747762e-05
4.6818208e-05
4.0224095e-05
4.05538e-05
4.7147914e-05
5.440144e-05
3.0332923e-05
5.6709378e-05
3.7256745e-05
4.286174e-05
4.220233e-05
3.692704e-05
2.8684395e-05
3.1651747e-05
2.3409104e-05
2.5387339e-05
3.4619097e-05
5.0115264e-05
3.297057e-05
1.7804108e-05
4.3191445e-05
5.3082615e-05
3.2311156e-05
3.5608216e-05
3.3959685e-05
4.1872623e-05
6.0006434e-05
2.7365573e-05
2.7365573e-05
2.2090282e-05
2.7035867e-05
2.8354689e-05
2.3409104e-05
2.373881e-05
4.121321e-05
2.143087e-05
2.0771458e-05
3.0003217e-05
3.2640863e-05
4.121321e-05
3.5608216e-05
4.0883504e-05
4.8796443e-05
3.3959685e-05
3.2311156e-05
5.8687612e-05
4.1542917e-05
5.2752912e-05
4.220233e-05
6.0665847e-05
3.1651747e-05
3.1651747e-05
3.0662628e-05
3.2640863e-05
2.8684395e-05
2.5717043e-05
2.143087e-05
3.3300275e-05
4.220233e-05
4.0883504e-05
3.9234976e-05
5.3742027e-05
5.8028203e-05
3.7256745e-05
4.516968e-05
4.4180564e-05
3.0332923e-05
2.670616e-05
2.4727928e-05
3.297057e-05
3.428939e-05
3.7586447e-05
2.7695278e-05
3.593792e-05
5.5390556e-05
2.9673512e-05
3.3959685e-05
4.516968e-05
3.8575567e-05
3.2640863e-05
3.8575567e-05
3.6597332e-05
2.9014102e-05
2.9673512e-05
2.1760576e-05
4.05538e-05
2.6376456e-05
3.0003217e-05
3.428939e-05
5.5720262e-05
3.8575567e-05
4.0883504e-05
3.132204e-05
4.3850858e-05
3.7586447e-05
5.5720262e-05
2.7695278e-05
3.132204e-05
3.6267626e-05
3.824586e-05
3.297057e-05
4.7147914e-05
5.3082615e-05
4.220233e-05
5.5390556e-05
8.341554e-05
4.2532036e-05
1.681499e-05
4.9455855e-05
5.1104384e-05
5.440144e-05
4.813703e-05
3.527851e-05
4.1872623e-05
3.2311156e-05
2.670616e-05
3.2311156e-05
3.9234976e-05
3.7586447e-05
3.5608216e-05
3.6597332e-05
6.231438e-05
6.231438e-05
3.8575567e-05
3.593792e-05
5.4071734e-05
3.132204e-05
4.6818208e-05
4.3191445e-05
3.0332923e-05
4.05538e-05
3.362998e-05
2.143087e-05
4.4180564e-05
2.9343806e-05
4.220233e-05
2.1101165e-05
3.9234976e-05
0.98956776
1.7804108e-05
2.1760576e-05
3.0992334e-05
3.4948804e-05
3.1981454e-05
2.7695278e-05
3.8905273e-05
2.373881e-05
1.912293e-05
2.4727928e-05
3.0992334e-05
2.3079398e-05
2.1760576e-05
2.1101165e-05
2.8024984e-05
2.6376456e-05
3.8575567e-05
2.8024984e-05
3.527851e-05
2.1101165e-05
2.7695278e-05
2.9343806e-05
2.4068515e-05
2.5387339e-05
2.2090282e-05
1.846352e-05
2.5717043e-05
1.7804108e-05
2.4068515e-05
1.846352e-05
3.1651747e-05
4.64885e-05
2.8684395e-05
2.1101165e-05
2.604675e-05
2.5717043e-05
2.1760576e-05
3.0662628e-05
5.3082615e-05
4.6158795e-05
2.604675e-05
3.0332923e-05
3.4948804e-05
4.352115e-05
2.8024984e-05
4.5829092e-05
5.8357906e-05
3.824586e-05
4.4180564e-05
3.6267626e-05
3.0662628e-05
3.1651747e-05
2.7695278e-05
2.7365573e-05
2.8024984e-05
2.9343806e-05
2.9343806e-05
3.0662628e-05
2.670616e-05
3.5608216e-05
3.7916154e-05
3.527851e-05
2.8354689e-05
3.362998e-05
2.670616e-05
2.0771458e-05
2.7365573e-05
3.0332923e-05
2.4398221e-05
2.604675e-05
3.4948804e-05
3.527851e-05
2.9673512e-05
3.0332923e-05
4.05538e-05
3.3300275e-05
3.8905273e-05
3.428939e-05
4.8796443e-05
3.9564682e-05
3.593792e-05
2.604675e-05
3.132204e-05
2.0441752e-05
2.8024984e-05
2.9343806e-05
3.428939e-05
4.121321e-05
3.7586447e-05
2.9673512e-05
3.6597332e-05
2.4068515e-05
3.593792e-05
2.9673512e-05
4.1542917e-05
5.1434086e-05
3.362998e-05
3.8905273e-05
3.4948804e-05
4.747762e-05
4.0224095e-05
5.0115264e-05
4.4180564e-05
6.791937e-05
2.9673512e-05
3.8905273e-05
4.286174e-05
5.5390556e-05
4.8796443e-05
6.462231e-05
0.0002670616
0.0
0.0
0.0
0.0
0.0
0.0
0.0
0.0
0.0
0.98952705
0.0
0.0
0.0
0.0
0.0
0.0
0.0
0.0
0.0
0.0
0.0
0.0
0.0
0.0
0.0
0.0
0.0
0.0
0.0
0.0
0.0
0.0
0.0
0.0
0.0
0.0
0.0
0.0
0.0
0.0
0.0
0.0
0.0
0.0
0.0
0.0
0.0
0.0
0.0
0.0
0.0
0.0
0.0
0.0
0.0
0.0
0.0
0.0
0.0
0.0
0.0
0.0
0.0
0.0
0.0
0.0
0.0
0.0
0.0
0.0
0.0
0.0
0.0
0.0
0.0
0.0
0.0
0.0
0.0
0.0
0.0
0.0
0.0
0.0
0.0
0.0
0.0
0.0
0.0
0.0
0.0
0.0
0.0
0.0
0.0
0.0
0.00012635927
1.6495989e-07
1.8145587e-06
2.6393582e-06
5.9385557e-06
2.9692778e-06
1.8640467e-05
9.072794e-06
0.0
0.00016891892
1.6495989e-07
3.2991977e-07
3.2991977e-07
1.6495989e-07
1.6495989e-07
1.6495989e-07
0.00022566512
1.6495989e-06
6.5983954e-06
9.732633e-06
1.2371991e-05
4.9487962e-06
4.008525e-05
1.9795185e-05
5.1137563e-06
0.0
3.2991977e-07
1.1547191e-06
2.6393582e-06
1.6495989e-07
1.6495989e-06
5.9385557e-06
0.0
0.0
0.0
0.0
0.0
0.0
0.0
0.0
0.0
0.0
0.0
0.0
0.0
0.0
0.0
0.0
0.00018887906
2.1444785e-06
5.773596e-06
1.8970386e-05
1.2866871e-05
2.1444785e-06
2.2599505e-05
2.2599505e-05
2.2929424e-05
3.2991977e-07
1.6495989e-07
5.773596e-06
3.6291174e-06
1.6495989e-07
2.1444785e-06
2.6723501e-05
0.000172713
6.1035157e-06
5.443676e-06
1.5011349e-05
1.303183e-05
6.2684753e-06
8.083034e-06
1.8805427e-05
2.8867978e-05
3.7940772e-06
1.3196791e-06
9.402714e-06
7.2582347e-06
6.1035157e-06
5.773596e-06
2.9857738e-05
0.0
0.0
0.0
0.0
0.0
0.0
0.0
0.0
0.0
0.0
0.0
0.0
0.0
0.0
0.0
0.0
0.0001426903
1.3691671e-05
1.303183e-05
1.2042071e-05
1.3196791e-05
1.5671189e-05
1.5836149e-05
1.1217272e-05
1.0887352e-05
9.732633e-06
7.0932747e-06
1.0887352e-05
8.907834e-06
9.8975925e-06
1.0887352e-05
3.2167176e-05
0.00011151288
1.9630226e-05
1.3196791e-05
9.8975925e-06
1.8475506e-05
1.6331029e-05
2.2434544e-05
1.9960145e-05
2.0290065e-05
1.0227513e-05
9.237753e-06
1.1547192e-05
1.352671e-05
1.484639e-05
1.1712152e-05
1.5011349e-05
0.0
0.0
0.0
0.0
0.0
0.0
0.0
0.0
0.0
0.0
0.0
0.0
0.0
0.0
0.0
0.0
0.00063179637
0.00051830395
0.00045479438
0.00053760427
0.0005324905
0.0005247374
0.0005616884
0.0005382641
0.0005252323
0.00040596628
0.0003959037
0.00052688183
0.0004806931
0.0004839923
0.0004872915
0.00084030564
214.0
6.9719625
1492.0
0.023458445
0.006702413
0.006702413
0.0060321717
0.007372654
0.0033512064
0.0020107238
0.0020107238
0.008713136
0.0040214476
0.0040214476
0.010723861
0.008713136
0.008713136
0.01005362
0.0060321717
0.013404826
0.006702413
0.0127345845
0.03150134
0.006702413
0.008713136
0.009383378
0.006702413
0.011394102
0.006702413
0.0026809652
0.004691689
0.0053619305
0.0033512064
0.0040214476
0.0040214476
0.01005362
0.017426273
0.006702413
0.015415549
0.04155496
0.014075067
0.0053619305
0.0127345845
0.004691689
0.01005362
0.0040214476
0.01005362
0.013404826
0.009383378
0.004691689
0.008042895
0.014075067
0.0026809652
0.0127345845
0.01005362
0.015415549
0.007372654
0.01005362
0.010723861
0.0060321717
0.0040214476
0.0033512064
0.0060321717
0.0053619305
0.0033512064
0.0040214476
0.009383378
0.007372654
0.021447722
0.004691689
0.012064343
0.014745308
0.028150134
0.008042895
0.010723861
0.011394102
0.014075067
0.004691689
0.007372654
0.019436996
0.01608579
0.02010724
0.02613941
0.014075067
0.0026809652
0.023458445
0.019436996
0.015415549
0.018766755
0.01005362
0.024798928
0.009383378
0.006702413
0.0053619305
0.027479893
0.0053619305
0.008042895
0.0040214476
0.009383378
6.2917323
0.0
0.0
0.0
2.0
3033008.0
69632.0
0.0
0.0
3.0
0.0
1.0
0.0
0.0
0.0
1083884500.0
0.0
0.0
0.0
0.0
0.0
1.0
0.0
0.0
0.0
0.0
0.0
0.0
-1.0
0.0
-1.0
-1.0
0.0
0.0
0.0
0.0
0.0
0.0
0.0
0.0
0.0
0.0
0.0
0.0
-1.0
0.0
0.0
0.0
0.0
0.0
0.0
0.0
0.0
0.0
0.0
0.0
0.0
-1.0
0.0
0.0
0.0
0.0
0.0
0.0
0.0
0.0
0.0
0.0
6.0
0.0
4.0
0.0
4.0
0.0
28672.0
4096.0
4096.0
3.0
1.0
0.0
2.0
3.0
0.0
0.0
0.0
0.0
0.0
0.0
0.0
0.0
0.0
0.0
0.0
0.0
0.0
0.0
0.0
0.0
0.0
0.0
0.0
0.0
0.0
0.0
0.0
0.0
-27648.0
0.0
0.0
0.0
0.0
0.0
0.0
0.0
0.0
0.0
0.0
0.0
0.0
0.0
0.0
0.0
0.0
0.0
0.0
3072.0
0.0
0.0
0.0
0.0
0.0
0.0
0.0
0.0
0.0
0.0
0.0
0.0
0.0
0.0
0.0
0.0
0.0
0.0
0.0
0.0
0.0
0.0
0.0
0.0
0.0
0.0
0.0
0.0
0.0
0.0
-7.880006
0.0
0.0
0.0
0.0
0.0
0.0
0.0
0.0
0.0
0.0
0.0
0.0
0.0
0.0
0.0
0.0
0.0
0.0
3.5175292
0.0
0.0
0.0
0.0
0.0
0.0
0.0
0.0
0.0
0.0
0.0
0.0
0.0
0.0
0.0
0.0
0.0
0.0
0.0
0.0
0.0
0.0
0.0
0.0
0.0
0.0
0.0
0.0
0.0
0.0
-28672.0
0.0
0.0
0.0
0.0
0.0
0.0
0.0
0.0
0.0
32768.0
0.0
0.0
0.0
0.0
0.0
0.0
0.0
0.0
4096.0
0.0
0.0
0.0
0.0
0.0
0.0
0.0
0.0
0.0
0.0
0.0
0.0
0.0
0.0
0.0
0.0
1.0
-1.0
0.0
0.0
0.0
0.0
0.0
0.0
0.0
0.0
0.0
0.0
0.0
0.0
0.0
0.0
0.0
0.0
0.0
2.0
0.0
0.0
0.0
0.0
0.0
0.0
0.0
0.0
0.0
0.0
0.0
0.0
2.0
1.0
0.0
1.0
0.0
0.0
0.0
0.0
0.0
0.0
0.0
0.0
0.0
0.0
0.0
0.0
0.0
0.0
0.0
0.0
0.0
-1.0
0.0
0.0
0.0
0.0
0.0
0.0
0.0
0.0
0.0
1.0
0.0
0.0
0.0
0.0
0.0
0.0
0.0
0.0
0.0
0.0
0.0
0.0
0.0
1.0
0.0
0.0
0.0
0.0
0.0
0.0
0.0
0.0
0.0
-1.0
0.0
0.0
0.0
0.0
0.0
0.0
0.0
0.0
0.0
0.0
0.0
0.0
0.0
0.0
0.0
0.0
0.0
0.0
0.0
0.0
0.0
0.0
0.0
0.0
0.0
0.0
0.0
0.0
0.0
0.0
0.0
0.0
-1.0
0.0
0.0
0.0
0.0
0.0
0.0
0.0
0.0
0.0
0.0
0.0
0.0
0.0
0.0
0.0
0.0
0.0
0.0
0.0
0.0
0.0
0.0
0.0
0.0
0.0
0.0
0.0
0.0
0.0
0.0
0.0
0.0
0.0
0.0
0.0
0.0
0.0
0.0
0.0
0.0
0.0
0.0
0.0
0.0
0.0
0.0
0.0
0.0
0.0
0.0
0.0
0.0
0.0
0.0
0.0
0.0
0.0
0.0
0.0
0.0
0.0
0.0
0.0
0.0
0.0
0.0
0.0
0.0
0.0
-1.0
0.0
0.0
0.0
0.0
0.0
0.0
0.0
0.0
0.0
0.0
0.0
0.0
0.0
0.0
0.0
0.0
1.0
0.0
0.0
0.0
0.0
0.0
0.0
0.0
0.0
0.0
0.0
0.0
0.0
0.0
0.0
0.0
0.0
0.0
0.0
0.0
0.0
0.0
0.0
0.0
0.0
0.0
0.0
0.0
0.0
0.0
0.0
0.0
0.0
0.0
0.0
0.0
0.0
0.0
0.0
0.0
0.0
0.0
0.0
0.0
0.0
0.0
0.0
0.0
0.0
0.0
0.0
0.0
0.0
0.0
0.0
0.0
0.0
0.0
0.0
0.0
0.0
0.0
0.0
0.0
0.0
0.0
0.0
0.0
0.0
0.0
0.0
0.0
0.0
0.0
0.0
0.0
0.0
0.0
0.0
0.0
0.0
0.0
0.0
0.0
0.0
0.0
0.0
0.0
0.0
0.0
0.0
0.0
0.0
0.0
0.0
0.0
0.0
0.0
0.0
0.0
0.0
0.0
0.0
0.0
0.0
0.0
0.0
0.0
0.0
0.0
0.0
0.0
0.0
0.0
0.0
0.0
0.0
0.0
0.0
0.0
0.0
0.0
0.0
0.0
0.0
0.0
0.0
0.0
0.0
0.0
0.0
0.0
0.0
0.0
0.0
0.0
0.0
0.0
0.0
0.0
0.0
0.0
0.0
0.0
0.0
0.0
0.0
0.0
0.0
0.0
0.0
0.0
0.0
0.0
0.0
0.0
0.0
0.0
0.0
0.0
0.0
0.0
0.0
0.0
0.0
0.0
0.0
0.0
0.0
0.0
0.0
0.0
0.0
0.0
0.0
0.0
0.0
0.0
0.0
0.0
0.0
0.0
0.0
0.0
0.0
0.0
0.0
0.0
0.0
0.0
0.0
0.0
0.0
0.0
0.0
0.0
0.0
0.0
0.0
0.0
0.0
0.0
0.0
0.0
0.0
0.0
0.0
0.0
0.0
0.0
0.0
0.0
0.0
0.0
0.0
0.0
0.0
0.0
0.0
0.0
0.0
0.0
0.0
0.0
0.0
0.0
0.0
0.0
0.0
0.0
0.0
0.0
0.0
0.0
0.0
0.0
0.0
0.0
0.0
0.0
0.0
0.0
0.0
0.0
0.0
0.0
0.0
0.0
0.0
0.0
0.0
0.0
0.0
0.0
0.0
0.0
0.0
0.0
0.0
0.0
0.0
0.0
0.0
0.0
0.0
0.0
0.0
0.0
0.0
0.0
0.0
0.0
0.0
0.0
0.0
0.0
0.0
0.0
0.0
0.0
0.0
0.0
0.0
0.0
0.0
0.0
0.0
0.0
0.0
0.0
0.0
0.0
0.0
0.0
0.0
0.0
0.0
0.0
0.0
0.0
0.0
0.0
0.0
0.0
0.0
0.0
0.0
0.0
0.0
0.0
0.0
0.0
0.0
0.0
0.0
0.0
0.0
0.0
0.0
0.0
0.0
0.0
0.0
0.0
0.0
0.0
0.0
0.0
0.0
0.0
0.0
0.0
0.0
0.0
0.0
0.0
0.0
0.0
0.0
0.0
0.0
0.0
0.0
0.0
0.0
0.0
0.0
0.0
0.0
0.0
0.0
0.0
0.0
0.0
0.0
0.0
0.0
0.0
0.0
0.0
0.0
0.0
0.0
0.0
0.0
0.0
0.0
0.0
0.0
0.0
0.0
0.0
0.0
0.0
0.0
0.0
0.0
0.0
0.0
0.0
0.0
0.0
0.0
0.0
0.0
0.0
0.0
0.0
0.0
0.0
0.0
0.0
0.0
0.0
0.0
0.0
0.0
0.0
0.0
0.0
0.0
0.0
0.0
0.0
0.0
0.0
0.0
0.0
0.0
0.0
0.0
0.0
0.0
0.0
0.0
0.0
0.0
0.0
0.0
0.0
0.0
0.0
0.0
0.0
0.0
0.0
0.0
0.0
0.0
0.0
0.0
0.0
0.0
0.0
0.0
0.0
0.0
0.0
0.0
0.0
0.0
0.0
0.0
0.0
0.0
0.0
0.0
0.0
0.0
0.0
0.0
0.0
0.0
0.0
0.0
0.0
0.0
0.0
0.0
0.0
0.0
0.0
0.0
0.0
0.0
0.0
0.0
0.0
0.0
0.0
0.0
0.0
0.0
0.0
0.0
0.0
0.0
0.0
0.0
0.0
0.0
0.0
0.0
0.0
0.0
0.0
0.0
0.0
0.0
0.0
0.0
0.0
0.0
0.0
0.0
0.0
0.0
0.0
0.0
0.0
0.0
0.0
0.0
0.0
0.0
0.0
0.0
0.0
0.0
0.0
0.0
0.0
0.0
0.0
0.0
0.0
0.0
0.0
0.0
0.0
0.0
0.0
0.0
0.0
0.0
0.0
0.0
0.0
0.0
0.0
0.0
0.0
0.0
0.0
0.0
0.0
0.0
0.0
0.0
0.0
0.0
0.0
0.0
0.0
0.0
0.0
0.0
0.0
1.0
0.0
0.0
0.0
0.0
0.0
0.0
0.0
0.0
0.0
0.0
0.0
0.0
0.0
0.0
0.0
0.0
0.0
0.0
0.0
0.0
0.0
0.0
0.0
0.0
0.0
0.0
0.0
0.0
0.0
0.0
0.0
0.0
0.0
0.0
0.0
0.0
0.0
0.0
0.0
0.0
0.0
0.0
0.0
0.0
0.0
0.0
0.0
0.0
0.0
0.0
0.0
0.0
0.0
0.0
0.0
0.0
0.0
0.0
0.0
0.0
0.0
0.0
0.0
0.0
0.0
0.0
0.0
0.0
0.0
0.0
0.0
0.0
0.0
0.0
0.0
0.0
0.0
0.0
0.0
0.0
0.0
0.0
0.0
0.0
0.0
0.0
0.0
0.0
0.0
0.0
0.0
0.0
0.0
0.0
0.0
0.0
0.0
0.0
0.0
0.0
0.0
0.0
0.0
0.0
0.0
0.0
0.0
0.0
0.0
0.0
0.0
0.0
0.0
0.0
0.0
0.0
0.0
0.0
0.0
0.0
0.0
0.0
0.0
0.0
0.0
0.0
0.0
0.0
0.0
0.0
0.0
0.0
0.0
0.0
0.0
0.0
0.0
0.0
0.0
0.0
0.0
0.0
0.0
0.0
0.0
0.0
0.0
0.0
0.0
0.0
0.0
0.0
0.0
0.0
0.0
0.0
0.0
0.0
0.0
0.0
0.0
0.0
0.0
0.0
0.0
0.0
0.0
0.0
0.0
0.0
0.0
0.0
0.0
0.0
0.0
0.0
0.0
0.0
0.0
0.0
0.0
0.0
0.0
0.0
0.0
0.0
0.0
0.0
0.0
0.0
0.0
0.0
0.0
0.0
0.0
0.0
0.0
0.0
0.0
0.0
0.0
0.0
0.0
0.0
0.0
0.0
0.0
0.0
0.0
0.0
0.0
0.0
0.0
0.0
0.0
0.0
0.0
0.0
0.0
0.0
0.0
0.0
0.0
0.0
0.0
0.0
0.0
0.0
0.0
0.0
0.0
0.0
0.0
0.0
0.0
0.0
0.0
0.0
0.0
0.0
0.0
0.0
0.0
0.0
0.0
0.0
0.0
0.0
0.0
0.0
0.0
0.0
0.0
0.0
0.0
0.0
0.0
0.0
0.0
0.0
0.0
0.0
0.0
0.0
0.0
0.0
0.0
0.0
0.0
0.0
0.0
0.0
0.0
0.0
0.0
0.0
0.0
0.0
0.0
0.0
0.0
0.0
0.0
0.0
0.0
0.0
0.0
0.0
0.0
0.0
0.0
0.0
0.0
0.0
0.0
0.0
0.0
0.0
0.0
0.0
0.0
0.0
0.0
0.0
0.0
0.0
0.0
0.0
0.0
0.0
0.0
0.0
0.0
0.0
0.0
0.0
0.0
0.0
0.0
0.0
0.0
0.0
0.0
0.0
0.0
0.0
0.0
0.0
0.0
0.0
0.0
0.0
1.0
0.0
0.0
0.0
0.0
0.0
0.0
0.0
0.0
0.0
0.0
0.0
0.0
0.0
0.0
0.0
0.0
0.0
0.0
0.0
0.0
0.0
0.0
0.0
0.0
0.0
0.0
0.0
0.0
0.0
0.0
0.0
1.0
0.0
0.0
0.0
0.0
0.0
0.0
0.0
0.0
0.0
0.0
0.0
0.0
0.0
0.0
0.0
0.0
0.0
0.0
0.0
0.0
0.0
0.0
0.0
0.0
0.0
0.0
0.0
0.0
0.0
0.0
0.0
0.0
0.0
0.0
0.0
0.0
0.0
0.0
0.0
0.0
0.0
0.0
0.0
0.0
0.0
0.0
0.0
0.0
0.0
0.0
0.0
0.0
0.0
0.0
0.0
0.0
0.0
0.0
0.0
0.0
0.0
0.0
0.0
0.0
0.0
0.0
0.0
0.0
0.0
0.0
0.0
0.0
0.0
0.0
0.0
0.0
0.0
0.0
0.0
0.0
0.0
0.0
0.0
0.0
0.0
0.0
0.0
0.0
0.0
0.0
0.0
0.0
0.0
0.0
0.0
0.0
0.0
0.0
0.0
0.0
0.0
0.0
0.0
0.0
0.0
0.0
0.0
0.0
0.0
0.0
0.0
0.0
0.0
0.0
0.0
0.0
0.0
0.0
0.0
0.0
0.0
0.0
0.0
0.0
0.0
0.0
0.0
0.0
0.0
0.0
0.0
0.0
0.0
0.0
0.0
0.0
0.0
0.0
0.0
0.0
0.0
0.0
0.0
0.0
0.0
0.0
0.0
0.0
0.0
0.0
0.0
0.0
0.0
0.0
0.0
0.0
0.0
0.0
0.0
0.0
0.0
0.0
0.0
0.0
0.0
0.0
0.0
0.0
0.0
0.0
0.0
0.0
0.0
0.0
0.0
0.0
0.0
0.0
0.0
0.0
0.0
0.0
0.0
0.0
0.0
0.0
0.0
0.0
0.0
0.0
0.0
0.0
0.0
0.0
0.0
0.0
0.0
0.0
0.0
0.0
0.0
0.0
0.0
0.0
0.0
0.0
0.0
0.0
0.0
0.0
0.0
0.0
0.0
0.0
0.0
0.0
0.0
0.0
0.0
0.0
0.0
0.0
0.0
0.0
0.0
0.0
0.0
0.0
0.0
0.0
0.0
0.0
0.0
0.0
0.0
0.0
0.0
0.0
0.0
0.0
0.0
0.0
0.0
0.0
0.0
0.0
0.0
0.0
0.0
0.0
0.0
0.0
0.0
0.0
0.0
0.0
0.0
0.0
0.0
0.0
0.0
0.0
0.0
0.0
0.0
0.0
0.0
0.0
0.0
0.0
0.0
0.0
0.0
0.0
0.0
0.0
0.0
0.0
0.0
0.0
0.0
0.0
0.0
0.0
0.0
0.0
0.0
0.0
0.0
0.0
0.0
0.0
0.0
0.0
0.0
0.0
0.0
0.0
0.0
0.0
0.0
0.0
0.0
0.0
0.0
0.0
0.0
0.0
0.0
0.0
0.0
0.0
0.0
0.0
0.0
0.0
0.0
0.0
0.0
0.0
0.0
0.0
0.0
0.0
0.0
0.0
0.0
0.0
0.0
0.0
0.0
0.0
0.0
0.0
0.0
0.0
0.0
0.0
0.0
0.0
0.0
0.0
0.0
0.0
0.0
0.0
0.0
0.0
0.0
0.0
0.0
0.0
0.0
0.0
0.0
0.0
0.0
0.0
0.0
0.0
0.0
0.0
0.0
0.0
0.0
0.0
0.0
0.0
0.0
0.0
0.0
0.0
0.0
0.0
0.0
0.0
0.0
0.0
0.0
244.0
67928.0
2392.0
65536.0
0.0
0.0
0.0
0.0
0.0
0.0
0.0
0.0
0.0
0.0
0.0
0.0
0.0
0.0
0.0
0.0
0.0
0.0
0.0
0.0
0.0
0.0
0.0
0.0
