0.028817663
0.00727275
0.0065650702
0.006495176
0.0067535355
0.00655883
0.0063454024
0.006292982
0.0071579237
0.006226832
0.0063042147
0.0063241846
0.006726077
0.0061906367
0.0061107576
0.0069669625
0.0068209334
0.0062992224
0.006372861
0.006339162
0.006537612
0.006486439
0.006194381
0.0061244867
0.006437763
0.0061207423
0.0061781555
0.0059734653
0.0062517943
0.0061968775
0.0061432086
0.0061968775
0.0063017188
0.006240561
0.0061107576
0.0061556897
0.006420289
0.0064327703
0.0061182464
0.0060433596
0.0061719147
0.0061918846
0.0061182464
0.006263027
0.006327929
0.0061644264
0.0063516432
0.0062979744
0.006429026
0.0066012656
0.0064652213
0.0060795546
0.0062992224
0.0062667714
0.0062767565
0.0063778535
0.006193133
0.0066224835
0.00622808
0.0063516432
0.0061769076
0.0061669224
0.0061581857
0.0063678687
0.005849902
0.0047191125
0.0027758016
0.0031390022
0.0029280712
0.005036133
0.0028294704
0.002779546
0.0027932753
0.0028007638
0.002723381
0.0027845383
0.0028719062
0.0028182375
0.0029006128
0.0028407034
0.0038391931
0.002703411
0.0028506883
0.0032663096
0.0029655145
0.003302505
0.0030441456
0.0028669138
0.00275708
0.0029305676
0.002813245
0.002881891
0.0027408544
0.0030741005
0.0028082526
0.0028095006
0.0025860886
0.004313476
0.0031826862
0.0034298124
0.003379888
0.0047727814
0.0032950162
0.0032513323
0.0033723991
0.0038678998
0.00316022
0.0030054543
0.0036207736
0.0033312116
0.0038953582
0.003902847
0.0032064004
0.0026784488
0.0041225147
0.0038529225
0.004134996
0.0038092386
0.0028943722
0.0028981166
0.0028369592
0.003137754
0.002679697
0.0027208847
0.0027982676
0.0028881317
0.0026996667
0.002758328
0.0030641155
0.0027084036
0.0026385093
0.0041087857
0.0027982676
0.0034098427
0.0026310205
0.0026984187
0.002735862
0.004684165
0.0027283733
0.0050461176
0.0027745534
0.0033611662
0.0027121478
0.0026609753
0.004571835
0.002637261
0.0025785998
0.0026859376
0.00269093
0.0027782978
0.0026085547
0.0026821932
0.0026559827
0.0027059072
0.002636013
0.0026584791
0.0026996667
0.0026722082
0.0026647197
0.0026322687
0.002647246
0.002802012
0.0026634715
0.0026709603
0.0027096516
0.0026397575
0.0026759526
0.0026584791
0.0026921781
0.0025873366
0.0026410054
0.0026497422
0.0027495911
0.0026222838
0.0025985697
0.0026085547
0.002723381
0.0026871855
0.0026422536
0.00269093
0.0027121478
0.0026310205
0.002881891
0.002693426
0.0027545837
0.0027196365
0.002667216
0.00269093
0.002745847
0.0026285243
0.0026946743
0.0027533355
0.0033112417
0.0028531845
0.0028606732
0.0030266722
0.0029667628
0.0026759526
0.0028444477
0.0031639645
0.0028382072
0.0026122988
0.0027907789
0.0026547348
0.0027982676
0.0027059072
0.0026659677
0.0026834414
0.0029505373
0.0027745534
0.0027158922
0.0027146442
0.0027745534
0.0027683128
0.0027009149
0.0027308695
0.0029642666
0.0027096516
0.0028444477
0.0027857865
0.0028107488
0.0027957715
0.0026734564
0.002669712
0.0032862795
0.0026609753
0.0028294704
0.0027046592
0.0028219817
0.0028332148
0.0026784488
0.002724629
0.0034160833
0.0028868837
0.00275708
0.003247588
0.0030616194
0.0026422536
0.0026921781
0.0026984187
0.0029430487
0.002735862
0.0027146442
0.0028269743
0.0028606732
0.0026821932
0.00275708
0.0029180865
0.0032188816
0.0028294704
0.0027620723
0.0027271253
0.0032675578
0.0028057564
0.0028194855
0.004816465
0.0
0.0
0.0
0.0
0.0
0.0
0.0
0.0
0.0
0.0
0.0
0.0
0.0
0.0
0.0
0.0
0.0
0.0
0.0
0.0
0.0
0.0
0.0
0.0
0.0
0.0
0.0
0.0
0.0
0.0
0.0
0.0
0.0
0.0
0.0
0.0
0.0
0.0
0.0
0.0
0.0
0.0
0.0
0.0
0.0
0.0
0.0
0.0
0.0011453665
2.8134004e-05
1.2504001e-06
5.0016006e-06
4.5014403e-05
2.4382802e-05
6.2520007e-06
1.8756002e-06
6.252001e-07
6.252001e-07
0.0
1.5004802e-05
0.0
1.2504001e-06
5.6268004e-06
0.0
0.0011053537
4.3764003e-06
1.06284015e-05
5.0016006e-06
2.4382802e-05
1.8130802e-05
4.8765603e-05
1.6255202e-05
5.6268004e-06
7.502401e-06
1.8756002e-06
4.3764003e-06
1.0003201e-05
3.7512004e-06
3.7512004e-06
1.06284015e-05
0.0008740297
0.0
0.0
4.6890003e-05
3.6886802e-05
1.3129202e-05
0.0038881192
0.0015429937
0.0
0.0
0.0
0.0
0.0
0.0
0.0
0.0
0.0027258722
6.252001e-07
5.6268007e-05
0.00014567161
0.00019256162
0.00015004801
0.003684929
0.0019806337
1.2504001e-06
1.8756002e-06
6.252001e-07
6.252001e-07
2.0006402e-05
6.252001e-07
6.252001e-07
6.252001e-07
0.00065646006
0.0
0.0
0.00047702764
1.8756002e-05
8.752801e-06
0.0018387134
0.0008415193
0.0
0.0
0.0
0.0
0.0
0.0
0.0
0.0
0.0028071483
6.6271205e-05
6.3145206e-05
0.00022444682
0.0014567161
0.00077649846
0.00033448203
0.00014067002
4.6890003e-05
3.3760803e-05
2.8134004e-05
4.6890003e-05
0.00011441161
0.00018380882
3.5636403e-05
4.3138803e-05
0.0023363726
0.00019631282
7.0022405e-05
0.00042451086
0.0010528369
0.00025258082
0.0019081106
0.0008696533
5.3142005e-05
4.9390805e-05
4.3764005e-05
4.7515205e-05
0.00014254561
0.00010065721
4.3764005e-05
9.127921e-05
0.0012153889
8.127601e-05
7.189801e-05
6.439561e-05
0.0007389865
7.0022405e-05
0.00043951566
0.00020819162
6.126961e-05
5.2516807e-05
5.3142005e-05
5.2516807e-05
5.0641203e-05
5.0641203e-05
0.00037074363
0.00026008324
0.0039481386
0.00021444361
0.0002819652
0.00032135283
0.0020587838
0.00025320603
0.00076837087
0.0005157901
0.00031197484
0.00018193322
0.00014254561
0.00018130802
0.00020319002
0.0008427697
0.0006283261
0.00066958927
0.0008202625
6.0644405e-05
9.378001e-05
0.000105033614
0.00023445002
0.00011066041
0.000116287214
8.377681e-05
0.00027383762
5.5642806e-05
3.7512003e-05
5.3142005e-05
7.7524805e-05
2.0631602e-05
0.00024382802
0.00017380562
0.0055899136
0.0010653409
0.00044764325
0.0005895637
0.0022550966
0.0018362126
0.0006364537
0.0009090409
0.0038856184
0.0008358925
0.00019256162
0.00042075964
0.0013854434
0.0005976913
0.0014898517
0.002190701
0.0063964217
0.0012785342
0.0008596501
0.0007708717
0.0026295914
0.002271977
0.0009646837
0.0012410221
0.004146327
0.0014267066
0.00033323164
0.00066083646
0.0016699093
0.0007046005
0.0014760974
0.0026189631
0.097267374
0.09771064
0.097784415
0.09792884
0.04186465
0.04187465
0.04175086
0.041790247
0.04196718
0.041917164
0.041780245
0.04183276
0.0417915
0.041910913
0.041667085
0.041607063
6996.0
6.142653
42974.0
0.011378974
0.010238749
0.009470843
0.0105877975
0.010308559
0.011123004
0.010494717
0.010308559
0.010331828
0.010355098
0.009680272
0.010471448
0.009540653
0.01009913
0.011285894
0.009796621
0.012728627
0.012542468
0.013263834
0.011402243
0.011611672
0.011239354
0.010634337
0.011565132
0.010541257
0.010773957
0.011029925
0.009982781
0.009517383
0.009657002
0.009726811
0.01002932
0.0044910875
0.008842556
0.0059338203
0.008237539
0.0066086473
0.008935636
0.00600363
0.006678457
0.0053753434
0.0073765535
0.005072835
0.0053055338
0.0072136642
0.006399218
0.008912366
0.0079583
0.007818681
0.0049797553
0.00814446
0.009191604
0.0086563965
0.0062363287
0.006911156
0.006445758
0.0054916926
0.005072835
0.0053055338
0.004933215
0.004840136
0.005072835
0.004421278
0.004793596
0.0049099457
0.031111835
0.012379578
0.01612603
0.01598641
0.041094616
0.008446968
0.012635547
0.012891516
0.024619536
0.0064922976
0.0093079535
0.019290734
0.013915391
0.025410714
0.024456648
0.011425513
0.005072835
0.03034393
0.0241076
0.023176804
0.012891516
0.0073532835
0.008423698
0.006794806
0.012589008
0.005794201
0.0048866756
0.0042816587
0.0047470564
0.004584167
0.005072835
6.377171
2.0
0.0
0.0
5.0
801210.0
98304.0
0.0
0.0
6.0
0.0
0.0
0.0
0.0
0.0
1141321900.0
0.0
0.0
0.0
0.0
0.0
1.0
0.0
0.0
0.0
0.0
0.0
0.0
-1.0
0.0
-1.0
-1.0
0.0
0.0
0.0
0.0
0.0
0.0
0.0
0.0
0.0
0.0
0.0
0.0
-1.0
0.0
0.0
0.0
0.0
0.0
0.0
0.0
0.0
0.0
0.0
0.0
0.0
-1.0
0.0
0.0
0.0
0.0
0.0
0.0
0.0
0.0
0.0
0.0
2.0
50.0
4.0
0.0
4.0
0.0
42496.0
4096.0
4096.0
3.0
0.0
0.0
1.0
1.0
0.0
0.0
0.0
0.0
0.0
0.0
0.0
0.0
0.0
0.0
0.0
0.0
0.0
0.0
26112.0
0.0
0.0
0.0
0.0
0.0
0.0
0.0
0.0
0.0
0.0
0.0
0.0
0.0
0.0
0.0
0.0
0.0
-16384.0
0.0
0.0
0.0
0.0
0.0
0.0
0.0
0.0
-42496.0
0.0
0.0
0.0
0.0
0.0
0.0
0.0
0.0
0.0
0.0
0.0
0.0
0.0
0.0
0.0
0.0
0.0
0.0
0.0
0.0
0.0
0.0
5.2029037
0.0
0.0
0.0
0.0
0.0
0.0
0.0
0.0
0.0
0.0
0.0
0.0
0.0
0.0
0.0
0.0
0.0
-4.8618274
0.0
0.0
0.0
0.0
0.0
0.0
0.0
0.0
-6.4578476
0.0
0.0
0.0
0.0
0.0
0.0
0.0
0.0
0.0
0.0
0.0
0.0
0.0
0.0
0.0
0.0
0.0
0.0
0.0
0.0
0.0
0.0
25860.0
0.0
0.0
0.0
0.0
0.0
0.0
0.0
0.0
0.0
0.0
0.0
0.0
0.0
0.0
0.0
0.0
0.0
-16832.0
0.0
0.0
0.0
0.0
0.0
0.0
0.0
0.0
-42342.0
0.0
0.0
0.0
0.0
0.0
0.0
0.0
0.0
0.0
0.0
0.0
-1.0
0.0
0.0
0.0
0.0
0.0
1.0
0.0
0.0
0.0
0.0
0.0
0.0
0.0
0.0
0.0
0.0
0.0
0.0
0.0
0.0
0.0
0.0
0.0
0.0
0.0
0.0
0.0
0.0
0.0
0.0
0.0
0.0
0.0
0.0
0.0
-2.0
0.0
0.0
0.0
1.0
0.0
0.0
0.0
0.0
0.0
0.0
0.0
0.0
0.0
0.0
0.0
0.0
0.0
0.0
0.0
0.0
0.0
0.0
0.0
-1.0
0.0
0.0
0.0
0.0
0.0
0.0
0.0
0.0
0.0
1.0
0.0
0.0
0.0
0.0
1.0
0.0
0.0
0.0
0.0
0.0
0.0
0.0
0.0
0.0
0.0
0.0
0.0
0.0
0.0
0.0
0.0
0.0
0.0
0.0
0.0
0.0
0.0
0.0
0.0
0.0
0.0
0.0
0.0
0.0
0.0
0.0
0.0
0.0
0.0
0.0
0.0
0.0
0.0
0.0
0.0
0.0
0.0
0.0
0.0
0.0
0.0
0.0
0.0
0.0
0.0
0.0
-1.0
0.0
0.0
0.0
0.0
0.0
0.0
0.0
0.0
0.0
0.0
0.0
0.0
0.0
0.0
0.0
0.0
0.0
0.0
0.0
0.0
-1.0
0.0
0.0
0.0
0.0
0.0
0.0
0.0
0.0
0.0
0.0
0.0
0.0
0.0
0.0
0.0
0.0
0.0
0.0
0.0
0.0
0.0
0.0
0.0
0.0
0.0
0.0
0.0
0.0
0.0
0.0
0.0
0.0
0.0
0.0
0.0
0.0
0.0
0.0
0.0
0.0
0.0
0.0
0.0
0.0
0.0
0.0
0.0
0.0
-1.0
0.0
0.0
0.0
0.0
0.0
0.0
0.0
0.0
0.0
0.0
0.0
0.0
0.0
0.0
0.0
0.0
1.0
0.0
0.0
0.0
0.0
0.0
0.0
0.0
0.0
0.0
0.0
0.0
0.0
0.0
0.0
0.0
0.0
0.0
0.0
0.0
0.0
0.0
0.0
0.0
0.0
0.0
0.0
0.0
0.0
0.0
0.0
0.0
0.0
0.0
0.0
0.0
0.0
0.0
0.0
0.0
0.0
0.0
0.0
0.0
0.0
0.0
0.0
0.0
0.0
0.0
0.0
0.0
0.0
0.0
0.0
0.0
0.0
0.0
0.0
0.0
0.0
0.0
0.0
0.0
0.0
0.0
0.0
0.0
0.0
0.0
0.0
0.0
0.0
0.0
0.0
0.0
0.0
0.0
0.0
0.0
0.0
0.0
0.0
0.0
0.0
0.0
0.0
0.0
0.0
0.0
0.0
0.0
0.0
0.0
0.0
0.0
0.0
0.0
0.0
0.0
0.0
1.0
0.0
0.0
0.0
0.0
0.0
0.0
0.0
0.0
0.0
0.0
0.0
0.0
-1.0
0.0
0.0
0.0
0.0
0.0
0.0
0.0
0.0
0.0
0.0
0.0
0.0
0.0
0.0
0.0
0.0
0.0
0.0
0.0
0.0
0.0
0.0
0.0
0.0
0.0
0.0
0.0
0.0
0.0
0.0
0.0
0.0
0.0
0.0
0.0
0.0
0.0
0.0
0.0
0.0
0.0
0.0
0.0
0.0
0.0
0.0
0.0
0.0
0.0
0.0
0.0
0.0
0.0
0.0
0.0
0.0
0.0
0.0
0.0
0.0
0.0
0.0
0.0
0.0
0.0
0.0
0.0
0.0
0.0
0.0
0.0
0.0
0.0
0.0
0.0
0.0
0.0
0.0
0.0
0.0
0.0
0.0
0.0
0.0
0.0
0.0
0.0
0.0
0.0
0.0
0.0
0.0
0.0
0.0
0.0
0.0
0.0
0.0
0.0
0.0
0.0
0.0
0.0
0.0
0.0
0.0
0.0
0.0
0.0
0.0
0.0
0.0
0.0
0.0
0.0
0.0
0.0
0.0
0.0
0.0
0.0
0.0
0.0
0.0
0.0
0.0
0.0
0.0
0.0
0.0
0.0
0.0
0.0
0.0
0.0
0.0
0.0
0.0
0.0
0.0
0.0
0.0
0.0
0.0
0.0
0.0
0.0
0.0
0.0
0.0
0.0
0.0
0.0
0.0
0.0
0.0
0.0
0.0
0.0
0.0
0.0
0.0
0.0
0.0
0.0
0.0
0.0
0.0
0.0
0.0
0.0
0.0
0.0
0.0
0.0
0.0
0.0
0.0
0.0
0.0
0.0
0.0
0.0
0.0
0.0
0.0
0.0
0.0
0.0
0.0
0.0
0.0
0.0
0.0
0.0
0.0
0.0
0.0
0.0
0.0
0.0
0.0
0.0
0.0
0.0
0.0
0.0
0.0
0.0
0.0
0.0
0.0
0.0
0.0
0.0
0.0
1.0
0.0
0.0
0.0
0.0
0.0
0.0
0.0
0.0
0.0
0.0
0.0
0.0
0.0
0.0
0.0
0.0
0.0
0.0
0.0
0.0
0.0
0.0
0.0
0.0
0.0
0.0
0.0
0.0
0.0
0.0
0.0
0.0
0.0
0.0
0.0
0.0
0.0
0.0
0.0
0.0
0.0
0.0
0.0
0.0
0.0
0.0
0.0
0.0
0.0
0.0
0.0
0.0
0.0
0.0
0.0
0.0
0.0
0.0
0.0
0.0
0.0
0.0
0.0
0.0
0.0
0.0
0.0
0.0
0.0
0.0
0.0
0.0
0.0
0.0
0.0
0.0
0.0
0.0
0.0
0.0
0.0
0.0
0.0
0.0
0.0
0.0
0.0
0.0
0.0
0.0
0.0
0.0
0.0
0.0
0.0
0.0
0.0
0.0
0.0
0.0
0.0
0.0
0.0
0.0
0.0
0.0
0.0
0.0
0.0
0.0
0.0
0.0
0.0
0.0
0.0
0.0
0.0
0.0
0.0
0.0
0.0
0.0
0.0
0.0
0.0
0.0
0.0
0.0
0.0
0.0
0.0
0.0
0.0
0.0
0.0
0.0
0.0
0.0
0.0
0.0
0.0
0.0
0.0
0.0
0.0
0.0
0.0
0.0
0.0
0.0
0.0
0.0
0.0
0.0
0.0
0.0
0.0
0.0
0.0
0.0
0.0
0.0
0.0
0.0
0.0
0.0
0.0
0.0
0.0
0.0
0.0
0.0
0.0
0.0
0.0
0.0
0.0
0.0
0.0
0.0
0.0
0.0
0.0
0.0
0.0
0.0
0.0
0.0
0.0
0.0
0.0
0.0
0.0
0.0
0.0
0.0
0.0
0.0
0.0
0.0
0.0
0.0
0.0
0.0
0.0
0.0
0.0
0.0
0.0
0.0
0.0
0.0
0.0
0.0
0.0
0.0
0.0
0.0
0.0
0.0
0.0
0.0
0.0
0.0
0.0
0.0
0.0
0.0
0.0
0.0
0.0
0.0
0.0
0.0
0.0
0.0
0.0
0.0
0.0
0.0
0.0
0.0
0.0
0.0
0.0
0.0
0.0
0.0
0.0
0.0
0.0
0.0
0.0
0.0
0.0
0.0
0.0
0.0
0.0
0.0
0.0
0.0
0.0
0.0
0.0
0.0
0.0
0.0
0.0
1.0
0.0
0.0
0.0
0.0
0.0
0.0
0.0
0.0
0.0
0.0
0.0
0.0
0.0
0.0
0.0
0.0
0.0
0.0
0.0
0.0
0.0
0.0
0.0
0.0
0.0
0.0
0.0
0.0
0.0
0.0
0.0
0.0
0.0
0.0
0.0
0.0
0.0
0.0
0.0
0.0
0.0
0.0
0.0
0.0
0.0
0.0
0.0
0.0
0.0
0.0
0.0
0.0
0.0
0.0
0.0
0.0
0.0
0.0
0.0
0.0
0.0
0.0
1.0
0.0
0.0
0.0
0.0
0.0
0.0
0.0
0.0
0.0
0.0
0.0
0.0
0.0
0.0
0.0
0.0
0.0
0.0
0.0
0.0
0.0
0.0
0.0
0.0
0.0
0.0
0.0
0.0
0.0
0.0
0.0
0.0
0.0
0.0
0.0
0.0
0.0
0.0
0.0
0.0
0.0
0.0
0.0
0.0
0.0
0.0
0.0
0.0
0.0
0.0
0.0
0.0
0.0
0.0
0.0
0.0
0.0
0.0
0.0
0.0
0.0
0.0
0.0
-1.0
0.0
0.0
0.0
0.0
0.0
0.0
0.0
0.0
0.0
0.0
0.0
0.0
0.0
0.0
0.0
0.0
0.0
0.0
0.0
0.0
1.0
0.0
0.0
0.0
0.0
0.0
0.0
0.0
0.0
0.0
0.0
0.0
0.0
0.0
0.0
0.0
0.0
0.0
0.0
0.0
0.0
0.0
0.0
0.0
0.0
0.0
0.0
0.0
0.0
0.0
0.0
0.0
0.0
0.0
0.0
0.0
0.0
0.0
0.0
0.0
0.0
0.0
0.0
0.0
0.0
0.0
0.0
0.0
0.0
0.0
0.0
0.0
0.0
0.0
0.0
0.0
0.0
0.0
0.0
0.0
0.0
0.0
0.0
0.0
0.0
0.0
0.0
0.0
0.0
0.0
0.0
0.0
0.0
0.0
0.0
0.0
0.0
0.0
0.0
0.0
0.0
0.0
0.0
0.0
0.0
0.0
0.0
0.0
0.0
0.0
0.0
0.0
0.0
0.0
0.0
0.0
0.0
0.0
0.0
0.0
0.0
0.0
0.0
0.0
0.0
0.0
0.0
0.0
0.0
0.0
0.0
0.0
0.0
0.0
0.0
0.0
0.0
0.0
0.0
0.0
0.0
0.0
0.0
0.0
0.0
0.0
0.0
0.0
0.0
0.0
0.0
0.0
0.0
0.0
0.0
0.0
0.0
0.0
0.0
0.0
0.0
0.0
0.0
0.0
0.0
0.0
0.0
0.0
0.0
0.0
0.0
0.0
0.0
0.0
0.0
0.0
0.0
0.0
0.0
0.0
0.0
0.0
0.0
0.0
0.0
0.0
0.0
0.0
0.0
0.0
0.0
0.0
0.0
0.0
0.0
0.0
0.0
0.0
0.0
0.0
0.0
0.0
0.0
0.0
0.0
0.0
0.0
0.0
0.0
0.0
0.0
0.0
0.0
0.0
0.0
0.0
0.0
0.0
0.0
0.0
0.0
0.0
0.0
0.0
0.0
0.0
0.0
0.0
0.0
0.0
0.0
0.0
0.0
0.0
0.0
0.0
0.0
0.0
0.0
0.0
0.0
0.0
0.0
0.0
0.0
0.0
0.0
0.0
0.0
0.0
0.0
0.0
0.0
0.0
0.0
0.0
0.0
0.0
0.0
0.0
0.0
0.0
0.0
0.0
0.0
0.0
0.0
0.0
0.0
0.0
0.0
0.0
0.0
0.0
0.0
0.0
0.0
0.0
0.0
0.0
0.0
0.0
0.0
0.0
0.0
0.0
0.0
0.0
0.0
0.0
0.0
0.0
0.0
0.0
0.0
0.0
0.0
0.0
0.0
0.0
0.0
0.0
0.0
0.0
0.0
0.0
0.0
0.0
0.0
0.0
0.0
0.0
0.0
0.0
0.0
0.0
0.0
0.0
0.0
0.0
0.0
0.0
0.0
0.0
0.0
0.0
0.0
0.0
0.0
0.0
0.0
0.0
0.0
0.0
0.0
0.0
0.0
0.0
0.0
0.0
0.0
0.0
0.0
0.0
0.0
0.0
0.0
0.0
0.0
0.0
0.0
0.0
0.0
0.0
0.0
0.0
0.0
0.0
0.0
0.0
0.0
0.0
0.0
0.0
0.0
0.0
0.0
0.0
0.0
0.0
-1.0
0.0
0.0
0.0
0.0
0.0
0.0
0.0
0.0
0.0
0.0
0.0
0.0
0.0
0.0
0.0
0.0
0.0
0.0
0.0
0.0
0.0
0.0
0.0
0.0
0.0
0.0
0.0
0.0
0.0
0.0
0.0
0.0
0.0
0.0
0.0
0.0
0.0
0.0
0.0
0.0
0.0
0.0
0.0
0.0
0.0
0.0
0.0
0.0
0.0
0.0
0.0
0.0
0.0
0.0
0.0
0.0
0.0
0.0
0.0
0.0
0.0
0.0
0.0
0.0
0.0
0.0
0.0
0.0
0.0
0.0
0.0
0.0
0.0
0.0
0.0
0.0
0.0
0.0
0.0
0.0
0.0
0.0
0.0
0.0
0.0
0.0
0.0
0.0
0.0
0.0
0.0
0.0
0.0
0.0
0.0
0.0
0.0
0.0
0.0
0.0
0.0
0.0
0.0
0.0
0.0
0.0
0.0
0.0
0.0
0.0
0.0
0.0
0.0
0.0
0.0
0.0
0.0
0.0
0.0
0.0
0.0
0.0
0.0
0.0
0.0
0.0
0.0
0.0
0.0
0.0
0.0
0.0
0.0
0.0
0.0
0.0
0.0
0.0
0.0
0.0
0.0
0.0
0.0
0.0
0.0
0.0
0.0
0.0
0.0
0.0
0.0
0.0
0.0
0.0
0.0
0.0
0.0
0.0
0.0
0.0
0.0
0.0
0.0
0.0
0.0
0.0
0.0
0.0
0.0
0.0
0.0
0.0
0.0
0.0
0.0
0.0
0.0
0.0
0.0
0.0
0.0
0.0
0.0
0.0
0.0
0.0
0.0
0.0
0.0
0.0
0.0
0.0
0.0
140.0
91260.0
0.0
0.0
0.0
0.0
0.0
0.0
0.0
0.0
0.0
0.0
0.0
0.0
0.0
0.0
0.0
0.0
0.0
0.0
0.0
0.0
0.0
0.0
0.0
0.0
0.0
0.0
