0.5348984
0.0052356557
0.0025948866
0.002758023
0.003854095
0.001621167
0.00045882084
0.0008309755
0.005572124
0.0009431317
0.0012592083
0.000535291
0.003349392
0.0012745023
0.0004384288
0.0020748898
0.0023654762
0.00083607354
0.00035686063
0.00025490046
0.0019066555
0.0025337106
0.00039764473
0.00029058653
0.0009788178
0.00023450842
0.00025999846
0.0002701945
0.000550585
0.0002243124
0.00030588056
0.00037215467
0.0031811579
0.000550585
0.00021411639
0.00047411484
0.0010399938
0.0010297978
0.0002192144
0.0001631363
0.0003925467
0.00057607505
0.00020901838
0.0004486248
0.00041293874
0.00035686063
0.0006372511
0.00020901838
0.001147052
0.0008768576
0.001157248
0.002248222
0.00084117154
0.0009839158
0.001090974
0.00070862327
0.001106268
0.001121562
0.001096072
0.002681553
0.0011317581
0.001656853
0.0012796003
0.00095332775
0.0019219494
0.001080778
0.0042109555
0.005674084
0.0014223446
0.008967399
0.0008819556
0.00069842726
0.0012235222
0.0006117611
0.0006321531
0.00029568453
0.0008105835
0.0062195715
0.00056587905
0.0003823507
0.0031556678
0.0032321378
0.0024470445
0.0010246999
0.0006423492
0.0065560397
0.0010348959
0.00068313326
0.0005047029
0.00039764473
0.00096862175
0.001661951
0.0004486248
0.0014376387
0.0008717596
0.00095842575
0.00068313326
0.0018403813
0.0006270551
0.0012694043
0.0014886187
0.003283118
0.0011419541
0.0007647014
0.00322704
0.0017639112
0.0035635084
0.0008717596
0.0021258697
0.00080038747
0.0016721471
0.0016721471
0.001116464
0.00025999846
0.0018097933
0.0017486172
0.0043944838
0.003889781
0.000555683
0.00047411484
0.00067803526
0.0008717596
0.0008207795
0.00084117154
0.0008309755
0.002747827
0.00042823277
0.00037215467
0.0011929341
0.0013407764
0.00031097856
0.010252097
0.0014631286
0.004389386
0.0012439142
0.0004894089
0.0015497948
0.005623104
0.0014937167
0.020249292
0.0011827381
0.004761541
0.00040274273
0.00041803677
0.00073921133
0.00030588056
0.00019882237
0.00024980246
0.0012846984
0.001697637
0.00037725267
0.00017843032
0.0003823507
0.00020901838
0.0004945069
0.0002650965
0.001121562
0.00025999846
0.0010348959
0.00030588056
0.00036195866
0.0007239173
0.00095842575
0.0009329357
0.000540389
0.000555683
0.00035686063
0.00031607656
0.0004537228
0.00017333232
0.00025999846
0.00040784074
0.00030078256
0.0003823507
0.00017843032
0.00014274426
0.00080038747
0.0001682343
0.00023960644
0.00014784226
0.0006576432
0.0003262726
0.00014274426
0.00011725421
0.0011929341
0.00035686063
0.00041293874
0.00015294028
0.00047411484
0.0006219571
0.001085876
0.00014274426
0.0031046877
0.0013152864
0.00086666155
0.0013101883
0.0036756645
0.00015803828
0.0008870536
0.0024623384
0.0008819556
0.00105019
0.00029058653
0.00013254824
0.10667584
0.0002243124
0.0007748974
0.00036705667
0.0012133262
0.0003211746
0.001080778
0.0004435268
0.0007697994
0.00019882237
0.00031097856
0.00025490046
0.0010552879
0.00015803828
0.00031097856
0.0002650965
0.0010654839
0.00012235223
0.000535291
0.00036195866
0.0013764625
0.00058627105
0.00056587905
0.00042313477
0.00095842575
0.0008309755
0.00013764625
0.0006117611
0.0053070276
0.0017639112
0.0004537228
0.0030078255
0.0026458667
0.00013254824
0.0003823507
0.0006423492
0.0015650889
0.00023450842
0.000535291
0.0007748974
0.0035889985
0.00031607656
0.00017333232
0.0011521501
0.00420076
0.00069842726
0.0007697994
0.0008309755
0.0056944764
0.0015345007
0.0014427366
0.024169661
0.39457494
2.5699014e-06
5.139803e-06
0.0
2.8268914e-05
5.139803e-06
7.452714e-05
2.8268914e-05
0.0
2.5699014e-06
2.5699014e-06
0.0
0.06842105
5.139803e-06
0.0
7.709704e-06
0.014722965
4.6258225e-05
7.709704e-06
2.8268914e-05
2.0559211e-05
1.2849507e-05
5.139803e-06
3.0838815e-05
1.2849507e-05
5.139803e-06
2.5699013e-05
2.5699014e-06
0.00049856084
2.5699014e-06
0.0
0.0003674959
0.009552323
3.854852e-05
1.0279606e-05
3.854852e-05
6.938734e-05
3.0838815e-05
7.1957234e-05
5.3967928e-05
2.3129112e-05
4.6258225e-05
1.0279606e-05
1.5419408e-05
6.167763e-05
2.3129112e-05
1.5419408e-05
0.00046515214
0.016056743
0.00017218338
0.00015676398
9.765625e-05
0.00016190378
7.1957234e-05
0.00025956004
0.000120785364
0.00014134457
4.1118423e-05
0.00042660363
4.1118423e-05
0.003150699
5.3967928e-05
3.5978617e-05
6.4247535e-05
0.013237562
8.737665e-05
0.00027754935
0.00014134457
0.00028011925
0.00015162418
0.0008146587
0.00044202304
8.480674e-05
2.5699013e-05
3.3408716e-05
3.3408716e-05
2.0559211e-05
1.0279606e-05
7.966694e-05
6.938734e-05
0.012541118
0.00017989309
0.00025699014
0.00076583057
0.0001876028
0.00012592516
0.00036492597
0.00024928042
0.00014905428
0.00014905428
0.00011050576
7.709704e-05
0.00012592516
0.0001927426
8.480674e-05
0.00022872121
0.0
0.0
0.0
0.0
0.0
0.0
0.0
0.0
0.0
0.0
0.0
0.0
0.0
0.0
0.0
0.0
0.009724506
6.938734e-05
0.000120785364
0.00011307566
0.00068102387
0.00028268914
0.0019042969
0.00095086347
4.3688324e-05
0.00032894738
9.251645e-05
0.00011564556
0.0002107319
0.00012592516
0.00016190378
0.00086348684
0.007272821
0.0002004523
0.00023900082
0.00017989309
0.00047800163
0.00031095807
0.00012849507
0.000208162
0.0005268298
0.00015933388
0.00026726973
0.00015162418
0.0044947574
0.00018246299
0.0003700658
0.0006193462
0.012386925
0.00022101152
0.0025467721
0.0021946956
0.0012721012
0.0007529811
0.005676912
0.0030838817
0.0004137541
0.0003520765
0.00025442024
0.00021330181
0.00033665707
0.00048057156
0.0005268298
0.00086605677
0.009667968
0.00012335526
0.00084549753
0.0007786801
0.0014185855
0.00093287416
0.0036287007
0.0018888775
0.0010613692
0.0011487459
0.00091488485
0.0006347656
0.0031095806
0.0004034745
0.000573088
0.004448499
0.0059416117
0.0005550987
0.0010356703
0.0079512745
0.0015265214
0.0007966694
0.0021792764
0.0015856291
0.0013620477
0.00089946546
0.0006167763
0.0005319696
0.0027395147
0.0007272821
0.0010305304
0.0020996095
0.0101870885
0.0015239515
0.00045744242
0.0016781456
0.005409642
0.0043971012
0.0027575041
0.0025544818
0.0096397
0.001642167
0.0007221423
0.0015702097
0.009760485
0.00089689554
0.0027009663
0.007259971
0.049539987
0.008138877
0.0037931744
0.0051398026
0.021728516
0.016203228
0.007144326
0.009046053
0.039656147
0.003333162
0.00286544
0.003076172
0.030831106
0.004921361
0.01328382
0.028667249
0.0050395764
0.00083007815
0.0003700658
0.00053967925
0.0016961349
0.0012695312
0.00067331415
0.0009174548
0.0028782894
0.0006193462
0.00068873353
0.00055766857
0.0013877467
0.00050627056
0.0010536596
0.0020250822
0.0
0.0
0.0
0.0
0.0
0.0
0.0
0.0
0.0
0.0
0.0
0.0
0.0
0.0
0.0
0.0
545.0
16.423853
8951.0
0.043123674
0.0033515808
0.0013406323
0.001228913
0.0021226679
0.007708636
0.0018992291
0.0016757904
0.002792984
0.0023461066
0.0010054742
0.0016757904
0.002457826
0.0050273715
0.009160988
0.0017875098
0.011171936
0.009831304
0.012624288
0.008937549
0.007932074
0.009049268
0.011730533
0.006479723
0.011842253
0.010948498
0.011730533
0.009049268
0.010836778
0.015975868
0.017539939
0.010054743
0.0048039327
0.013406323
0.015082113
0.0116188135
0.010166462
0.011283656
0.011953971
0.008267233
0.006814881
0.008490671
0.0051390906
0.0056976876
0.008267233
0.008043794
0.009384426
0.005585968
0.007150039
0.004915652
0.007932074
0.008714111
0.004021897
0.0060328455
0.005585968
0.0030164227
0.0033515808
0.0020109485
0.0016757904
0.0020109485
0.0021226679
0.0025695453
0.0017875098
0.006479723
0.0022343872
0.03150486
0.008937549
0.017651659
0.019997766
0.057982348
0.010613339
0.010948498
0.017875098
0.029270472
0.0032398615
0.008825829
0.03675567
0.013629762
0.03184002
0.03340409
0.016534466
0.0033515808
0.02971735
0.02446654
0.043570552
0.016311027
0.0059211263
0.0056976876
0.008602391
0.007820356
0.0030164227
0.003128142
0.008378952
0.00525081
0.0026812647
0.0030164227
6.0476675
0.0
0.0
0.0
3.0
196155.0
401408.0
1.0
0.0
60.0
0.0
1.0
0.0
0.0
0.0
766310200.0
0.0
0.0
0.0
0.0
0.0
1.0
0.0
0.0
0.0
0.0
0.0
0.0
-1.0
1.0
-1.0
-1.0
0.0
0.0
0.0
0.0
0.0
0.0
0.0
0.0
0.0
0.0
0.0
0.0
-1.0
0.0
0.0
0.0
0.0
0.0
0.0
0.0
0.0
0.0
0.0
0.0
0.0
-1.0
0.0
0.0
0.0
0.0
0.0
0.0
0.0
0.0
0.0
0.0
6.0
0.0
4.0
0.0
4.0
0.0
147456.0
4096.0
4096.0
8.0
2.0
0.0
3.0
6.0
0.0
0.0
0.0
0.0
0.0
-8192.0
0.0
0.0
0.0
0.0
0.0
0.0
0.0
0.0
8192.0
0.0
0.0
0.0
0.0
0.0
0.0
0.0
0.0
0.0
0.0
0.0
0.0
0.0
0.0
0.0
0.0
0.0
-8192.0
0.0
0.0
0.0
0.0
0.0
0.0
0.0
0.0
-147456.0
-4096.0
12288.0
0.0
0.0
0.0
0.0
0.0
0.0
0.0
0.0
0.0
0.0
0.0
-3.8801706
0.0
0.0
0.0
0.0
0.0
0.0
0.0
0.0
4.953013
0.0
0.0
0.0
0.0
0.0
0.0
0.0
0.0
0.0
0.0
0.0
0.0
0.0
0.0
0.0
0.0
0.0
-0.78428787
0.0
0.0
0.0
0.0
0.0
0.0
0.0
0.0
-3.7920485
-4.1501646
2.6579566
0.0
0.0
0.0
0.0
0.0
0.0
0.0
0.0
0.0
0.0
0.0
-32768.0
0.0
0.0
0.0
0.0
0.0
0.0
0.0
0.0
6690.0
0.0
0.0
0.0
0.0
0.0
0.0
0.0
0.0
0.0
0.0
0.0
0.0
0.0
110592.0
0.0
0.0
0.0
-77796.0
0.0
0.0
0.0
0.0
0.0
0.0
0.0
0.0
-147456.0
1626.0
10640.0
0.0
0.0
0.0
0.0
0.0
0.0
0.0
0.0
0.0
-1.0
0.0
0.0
0.0
0.0
0.0
1.0
0.0
0.0
0.0
0.0
0.0
0.0
0.0
0.0
0.0
0.0
0.0
0.0
0.0
0.0
0.0
0.0
0.0
0.0
0.0
0.0
0.0
0.0
0.0
0.0
0.0
0.0
0.0
0.0
0.0
-2.0
0.0
0.0
0.0
1.0
0.0
0.0
0.0
0.0
0.0
0.0
0.0
0.0
0.0
0.0
0.0
0.0
0.0
0.0
0.0
0.0
0.0
0.0
0.0
-1.0
0.0
0.0
0.0
0.0
0.0
0.0
0.0
0.0
0.0
1.0
0.0
0.0
0.0
0.0
1.0
0.0
0.0
0.0
0.0
0.0
0.0
0.0
0.0
1.0
0.0
0.0
0.0
0.0
0.0
0.0
0.0
0.0
0.0
0.0
0.0
0.0
0.0
0.0
0.0
0.0
0.0
0.0
0.0
0.0
0.0
0.0
0.0
0.0
0.0
0.0
0.0
0.0
0.0
0.0
0.0
0.0
0.0
0.0
0.0
0.0
0.0
0.0
0.0
0.0
0.0
0.0
-1.0
0.0
0.0
0.0
0.0
0.0
0.0
0.0
0.0
0.0
0.0
0.0
0.0
-1.0
0.0
0.0
0.0
0.0
0.0
0.0
0.0
0.0
0.0
0.0
0.0
0.0
0.0
0.0
0.0
0.0
0.0
0.0
0.0
0.0
0.0
0.0
0.0
0.0
0.0
0.0
0.0
0.0
0.0
0.0
0.0
0.0
0.0
0.0
0.0
0.0
0.0
0.0
0.0
0.0
0.0
0.0
0.0
0.0
0.0
0.0
0.0
0.0
0.0
0.0
0.0
0.0
0.0
0.0
0.0
0.0
-1.0
0.0
0.0
0.0
0.0
0.0
0.0
0.0
0.0
0.0
0.0
0.0
0.0
0.0
0.0
0.0
0.0
1.0
0.0
0.0
0.0
0.0
0.0
0.0
0.0
0.0
0.0
0.0
0.0
0.0
0.0
0.0
0.0
0.0
0.0
0.0
0.0
0.0
0.0
0.0
0.0
0.0
0.0
0.0
0.0
0.0
0.0
0.0
0.0
0.0
0.0
0.0
0.0
0.0
0.0
0.0
0.0
0.0
0.0
0.0
0.0
0.0
0.0
0.0
0.0
0.0
0.0
0.0
0.0
0.0
0.0
0.0
0.0
0.0
0.0
0.0
0.0
0.0
0.0
0.0
0.0
0.0
0.0
0.0
0.0
0.0
0.0
0.0
0.0
0.0
0.0
0.0
0.0
0.0
0.0
0.0
0.0
0.0
0.0
0.0
0.0
0.0
0.0
0.0
0.0
0.0
0.0
0.0
0.0
0.0
0.0
0.0
0.0
0.0
0.0
0.0
0.0
0.0
0.0
0.0
0.0
0.0
0.0
0.0
0.0
0.0
0.0
0.0
0.0
0.0
0.0
0.0
0.0
0.0
0.0
0.0
0.0
0.0
0.0
0.0
0.0
0.0
0.0
0.0
0.0
0.0
0.0
0.0
0.0
0.0
0.0
0.0
0.0
0.0
0.0
0.0
0.0
0.0
0.0
0.0
0.0
0.0
0.0
0.0
0.0
0.0
0.0
0.0
0.0
1.0
0.0
0.0
0.0
0.0
0.0
0.0
0.0
0.0
0.0
0.0
0.0
0.0
0.0
0.0
0.0
0.0
0.0
0.0
0.0
0.0
0.0
0.0
0.0
0.0
0.0
0.0
0.0
0.0
-1.0
0.0
0.0
0.0
0.0
0.0
0.0
0.0
0.0
0.0
0.0
0.0
0.0
0.0
0.0
0.0
0.0
0.0
0.0
0.0
0.0
0.0
0.0
0.0
0.0
0.0
0.0
0.0
0.0
0.0
0.0
0.0
0.0
0.0
0.0
0.0
0.0
0.0
0.0
0.0
0.0
0.0
0.0
0.0
0.0
0.0
0.0
0.0
0.0
0.0
0.0
0.0
0.0
0.0
0.0
0.0
0.0
0.0
0.0
0.0
0.0
0.0
0.0
0.0
1.0
0.0
0.0
0.0
0.0
0.0
0.0
0.0
0.0
0.0
0.0
0.0
0.0
0.0
0.0
0.0
0.0
0.0
0.0
0.0
0.0
0.0
0.0
0.0
0.0
-1.0
0.0
0.0
0.0
0.0
0.0
0.0
0.0
0.0
0.0
0.0
0.0
0.0
0.0
0.0
0.0
0.0
0.0
0.0
0.0
0.0
0.0
0.0
0.0
0.0
0.0
0.0
0.0
0.0
0.0
0.0
0.0
0.0
0.0
0.0
0.0
0.0
0.0
0.0
0.0
0.0
0.0
0.0
0.0
0.0
0.0
0.0
0.0
0.0
0.0
0.0
0.0
0.0
0.0
0.0
0.0
0.0
0.0
0.0
0.0
0.0
0.0
0.0
0.0
0.0
0.0
0.0
0.0
0.0
0.0
0.0
0.0
0.0
0.0
0.0
0.0
0.0
0.0
0.0
0.0
0.0
0.0
0.0
0.0
0.0
0.0
0.0
0.0
0.0
0.0
-1.0
0.0
0.0
0.0
0.0
0.0
0.0
0.0
0.0
0.0
0.0
0.0
0.0
0.0
0.0
0.0
0.0
0.0
0.0
0.0
0.0
0.0
0.0
0.0
0.0
0.0
0.0
0.0
0.0
0.0
0.0
1.0
0.0
0.0
0.0
0.0
0.0
0.0
0.0
0.0
0.0
0.0
0.0
0.0
0.0
0.0
0.0
-1.0
0.0
0.0
0.0
0.0
0.0
0.0
0.0
0.0
0.0
0.0
0.0
-1.0
0.0
0.0
0.0
0.0
0.0
0.0
0.0
0.0
0.0
0.0
0.0
0.0
0.0
0.0
0.0
0.0
0.0
0.0
0.0
0.0
0.0
0.0
0.0
0.0
0.0
0.0
0.0
0.0
0.0
0.0
0.0
0.0
0.0
0.0
0.0
0.0
0.0
0.0
0.0
0.0
0.0
0.0
-1.0
0.0
0.0
1.0
0.0
0.0
0.0
0.0
0.0
0.0
0.0
0.0
0.0
0.0
0.0
0.0
0.0
0.0
0.0
0.0
0.0
0.0
0.0
0.0
0.0
0.0
0.0
0.0
0.0
0.0
0.0
0.0
0.0
0.0
0.0
0.0
0.0
0.0
0.0
0.0
0.0
0.0
0.0
0.0
0.0
0.0
0.0
-1.0
0.0
0.0
0.0
-1.0
0.0
0.0
0.0
0.0
0.0
0.0
0.0
0.0
0.0
0.0
0.0
0.0
0.0
0.0
0.0
0.0
0.0
0.0
0.0
0.0
0.0
0.0
0.0
0.0
0.0
0.0
0.0
0.0
0.0
0.0
0.0
0.0
0.0
0.0
1.0
0.0
0.0
0.0
0.0
0.0
0.0
0.0
0.0
0.0
0.0
-1.0
0.0
1.0
0.0
0.0
0.0
0.0
0.0
0.0
0.0
0.0
0.0
0.0
0.0
0.0
0.0
0.0
0.0
0.0
0.0
0.0
0.0
0.0
0.0
0.0
0.0
0.0
0.0
0.0
0.0
0.0
1.0
0.0
0.0
0.0
0.0
0.0
0.0
0.0
0.0
0.0
0.0
0.0
0.0
0.0
0.0
0.0
0.0
0.0
0.0
0.0
0.0
0.0
0.0
0.0
0.0
0.0
0.0
0.0
0.0
0.0
0.0
0.0
0.0
0.0
0.0
0.0
0.0
0.0
0.0
-1.0
0.0
0.0
0.0
0.0
0.0
0.0
0.0
0.0
0.0
0.0
0.0
0.0
0.0
0.0
0.0
0.0
0.0
0.0
-1.0
0.0
0.0
0.0
0.0
0.0
0.0
0.0
0.0
0.0
0.0
0.0
0.0
0.0
0.0
0.0
0.0
0.0
0.0
0.0
0.0
0.0
0.0
0.0
0.0
0.0
0.0
0.0
0.0
0.0
0.0
0.0
0.0
0.0
0.0
0.0
0.0
0.0
0.0
0.0
0.0
0.0
0.0
0.0
0.0
0.0
0.0
0.0
0.0
0.0
0.0
0.0
0.0
1.0
0.0
0.0
0.0
0.0
0.0
0.0
0.0
0.0
0.0
0.0
0.0
0.0
0.0
0.0
0.0
1.0
0.0
0.0
-2.0
0.0
0.0
0.0
0.0
0.0
0.0
0.0
0.0
0.0
0.0
1.0
0.0
0.0
0.0
1.0
0.0
0.0
1.0
-1.0
0.0
0.0
0.0
0.0
0.0
0.0
0.0
0.0
0.0
0.0
0.0
-1.0
-1.0
0.0
0.0
0.0
0.0
0.0
1.0
0.0
0.0
0.0
0.0
0.0
0.0
0.0
0.0
0.0
0.0
0.0
0.0
0.0
0.0
0.0
0.0
0.0
1.0
0.0
1.0
0.0
0.0
0.0
0.0
0.0
1.0
0.0
0.0
0.0
0.0
0.0
0.0
0.0
0.0
-1.0
0.0
0.0
0.0
0.0
0.0
0.0
0.0
0.0
0.0
0.0
0.0
0.0
0.0
0.0
1.0
0.0
0.0
0.0
0.0
0.0
0.0
0.0
0.0
0.0
1.0
0.0
0.0
0.0
0.0
0.0
0.0
0.0
0.0
0.0
0.0
0.0
0.0
0.0
0.0
0.0
0.0
0.0
0.0
0.0
0.0
0.0
0.0
0.0
0.0
0.0
0.0
0.0
0.0
0.0
0.0
0.0
0.0
0.0
0.0
0.0
0.0
0.0
0.0
-1.0
0.0
0.0
0.0
0.0
0.0
0.0
0.0
0.0
0.0
0.0
0.0
0.0
0.0
0.0
0.0
0.0
0.0
0.0
-1.0
0.0
0.0
0.0
0.0
1.0
0.0
0.0
0.0
0.0
0.0
0.0
1.0
0.0
0.0
0.0
0.0
0.0
0.0
0.0
0.0
0.0
0.0
0.0
0.0
0.0
0.0
0.0
0.0
0.0
0.0
0.0
0.0
-1.0
0.0
0.0
0.0
0.0
0.0
0.0
0.0
0.0
0.0
0.0
0.0
0.0
0.0
-1.0
-1.0
0.0
0.0
0.0
0.0
0.0
0.0
0.0
0.0
0.0
-1.0
0.0
0.0
0.0
0.0
0.0
0.0
0.0
0.0
0.0
0.0
0.0
-1.0
0.0
0.0
1.0
0.0
0.0
0.0
0.0
0.0
0.0
0.0
0.0
0.0
0.0
0.0
0.0
0.0
0.0
0.0
0.0
-1.0
0.0
-1.0
1.0
0.0
0.0
0.0
0.0
1.0
0.0
0.0
0.0
0.0
0.0
0.0
0.0
0.0
0.0
0.0
0.0
0.0
1.0
0.0
0.0
0.0
-1.0
0.0
0.0
0.0
0.0
0.0
0.0
0.0
0.0
1.0
0.0
0.0
0.0
0.0
0.0
0.0
0.0
0.0
0.0
0.0
0.0
0.0
0.0
0.0
0.0
0.0
0.0
0.0
0.0
0.0
0.0
0.0
0.0
0.0
-1.0
0.0
0.0
0.0
0.0
0.0
0.0
0.0
0.0
0.0
0.0
0.0
0.0
0.0
0.0
0.0
0.0
0.0
0.0
0.0
0.0
0.0
0.0
-1.0
0.0
0.0
0.0
0.0
0.0
0.0
0.0
0.0
0.0
0.0
0.0
0.0
0.0
0.0
0.0
0.0
0.0
0.0
0.0
0.0
0.0
0.0
0.0
-1.0
0.0
0.0
0.0
0.0
0.0
0.0
0.0
0.0
0.0
0.0
0.0
0.0
0.0
0.0
0.0
0.0
0.0
0.0
0.0
0.0
0.0
0.0
0.0
0.0
0.0
-1.0
-1.0
0.0
0.0
0.0
0.0
0.0
0.0
0.0
0.0
0.0
0.0
0.0
0.0
0.0
0.0
0.0
0.0
0.0
0.0
0.0
0.0
0.0
0.0
0.0
0.0
-1.0
0.0
0.0
0.0
0.0
0.0
0.0
0.0
0.0
0.0
0.0
0.0
0.0
0.0
0.0
0.0
0.0
0.0
0.0
0.0
0.0
0.0
0.0
0.0
0.0
0.0
0.0
0.0
0.0
0.0
0.0
0.0
0.0
0.0
0.0
0.0
0.0
0.0
0.0
0.0
0.0
0.0
0.0
0.0
0.0
0.0
0.0
0.0
0.0
0.0
0.0
0.0
0.0
0.0
0.0
0.0
0.0
0.0
0.0
0.0
0.0
0.0
0.0
0.0
0.0
0.0
0.0
0.0
0.0
0.0
0.0
0.0
0.0
0.0
0.0
0.0
0.0
0.0
0.0
0.0
0.0
0.0
0.0
0.0
0.0
0.0
0.0
0.0
0.0
0.0
0.0
0.0
0.0
0.0
0.0
0.0
0.0
0.0
0.0
0.0
0.0
0.0
0.0
0.0
0.0
0.0
0.0
0.0
0.0
0.0
0.0
0.0
0.0
0.0
0.0
0.0
0.0
0.0
0.0
0.0
0.0
0.0
0.0
0.0
0.0
0.0
0.0
0.0
0.0
0.0
0.0
0.0
0.0
0.0
0.0
0.0
0.0
0.0
0.0
0.0
0.0
0.0
0.0
0.0
0.0
0.0
0.0
0.0
0.0
0.0
0.0
0.0
0.0
0.0
0.0
0.0
0.0
0.0
0.0
0.0
0.0
0.0
0.0
0.0
0.0
0.0
0.0
0.0
0.0
100.0
237568.0
10640.0
241664.0
0.0
0.0
0.0
0.0
0.0
0.0
28.0
151552.0
0.0
0.0
0.0
0.0
0.0
0.0
0.0
0.0
0.0
0.0
460.0
238128.0
0.0
0.0
0.0
0.0
