0.54581535
0.005245858
0.00255883
0.0027536908
0.0038459369
0.0015947819
0.000425617
0.00081533863
0.005574045
0.0009076411
0.0012306998
0.0005281753
0.0033280174
0.0012614673
0.000425617
0.0019947593
0.0023434577
0.0007794432
0.0003281866
0.00022050038
0.0018973289
0.0025383183
0.00037946578
0.0002922912
0.0009589203
0.0001948608
0.00023075621
0.0002512679
0.00051279156
0.00021024454
0.00028203538
0.00037433786
0.003163924
0.0005435591
0.00019998872
0.00044100077
0.0010153273
0.0010101994
0.00018973289
0.0001589654
0.0003845937
0.0005538149
0.00018973289
0.00040510535
0.0003897216
0.00033844245
0.0006050941
0.00021024454
0.0011281415
0.0008666178
0.0010871182
0.0022255154
0.0008717457
0.0009384086
0.0010307111
0.0007127803
0.0011076299
0.0010101994
0.0010255831
0.00255883
0.0011640369
0.0015127352
0.0011948044
0.00092815276
0.0019075847
0.0009691761
0.004143356
0.005604812
0.0014512002
0.008922573
0.0007845711
0.00066662906
0.001215316
0.000487152
0.00055894285
0.00019998872
0.0008461061
0.006112476
0.00049740786
0.00033844245
0.0031536683
0.0031434125
0.0023947367
0.000912769
0.0006820128
0.006476558
0.00094866444
0.0006563732
0.000487152
0.0002922912
0.0009025132
0.0015537585
0.00049227994
0.0013230023
0.0007794432
0.0009332807
0.00066662906
0.0017178518
0.00056407077
0.0011383974
0.0014665839
0.0030870053
0.0010204553
0.0006768849
0.0031331566
0.0016819563
0.0035382619
0.00075893156
0.0019998872
0.0005897103
0.0015588864
0.0016306773
0.0009999436
0.00018973289
0.0017691309
0.0016973402
0.0042920657
0.0037587623
0.0005179195
0.00040510535
0.000548687
0.00082046655
0.00075893156
0.0007691874
0.0007127803
0.0025998533
0.00036920994
0.00030254704
0.0010614786
0.0012614673
0.0002922912
0.010219936
0.0013178744
0.004266426
0.0011999323
0.00039997743
0.0014563281
0.0055843005
0.0014409444
0.020306546
0.0010512228
0.0045946124
0.00036920994
0.00036920994
0.00062560575
0.00024613997
0.00017434914
0.00014870956
0.0011537811
0.0015332468
0.00030254704
0.00011281415
0.0003486983
0.00012819789
0.00047689618
0.00021537246
0.0011230136
0.00020511664
0.0009999436
0.00027177954
0.00033844245
0.0006768849
0.0009384086
0.0008973853
0.00050766364
0.00049740786
0.00029741912
0.00028716328
0.000425617
0.00011281415
0.00024613997
0.00036920994
0.00027177954
0.00033331453
0.000117942065
0.000117942065
0.0007691874
0.000117942065
0.00019998872
0.000117942065
0.0006358616
0.00026665162
0.00012306999
8.204665e-05
0.0011589089
0.00029741912
0.0003845937
0.00012306999
0.00046664034
0.0005538149
0.0010614786
0.00011281415
0.0030767496
0.0012306998
0.00082046655
0.001276851
0.0036664598
0.00012306999
0.0008409782
0.002430632
0.00085636193
0.0010101994
0.0002615237
9.74304e-05
0.107270874
0.00018973289
0.00075380364
0.0003486983
0.0011537811
0.00030767496
0.0010204553
0.0003948495
0.0007384199
0.00016922122
0.0002615237
0.00025639578
0.0010307111
0.00012306999
0.00028203538
0.00023075621
0.0010460948
7.179082e-05
0.0005230474
0.00033331453
0.0013383861
0.00056407077
0.000548687
0.00040510535
0.0009384086
0.00081533863
0.000117942065
0.0005897103
0.005307393
0.0017127239
0.00043074493
0.0029741912
0.0026511324
0.00010768623
0.00036408202
0.0006307337
0.0015332468
0.00020511664
0.00049740786
0.00073329196
0.003584413
0.00027177954
0.00012819789
0.001097374
0.00415874
0.0006768849
0.0007486757
0.00082046655
0.0057124984
0.001522991
0.0013845373
0.024224274
0.41253564
2.5834986e-06
5.166997e-06
0.0
2.8418486e-05
5.166997e-06
7.492146e-05
2.8418486e-05
0.0
2.5834986e-06
2.5834986e-06
0.0
0.06878307
5.166997e-06
0.0
7.7504965e-06
0.014800864
4.6502977e-05
7.7504965e-06
2.8418486e-05
2.0667989e-05
1.2917493e-05
5.166997e-06
3.1001986e-05
1.2917493e-05
5.166997e-06
2.5834986e-05
2.5834986e-06
0.00050119875
2.5834986e-06
0.0
0.0003694403
0.009602864
3.875248e-05
1.0333994e-05
3.875248e-05
6.975447e-05
3.1001986e-05
7.233796e-05
5.4253473e-05
2.3251489e-05
4.6502977e-05
1.0333994e-05
1.5500993e-05
6.200397e-05
2.3251489e-05
1.5500993e-05
0.00046761325
0.020758413
0.0002195974
0.00022734789
0.000113673945
0.00025834987
0.000108506945
0.0003694403
0.00020667989
0.0002040964
5.942047e-05
0.00044177828
5.942047e-05
0.0031854538
5.942047e-05
0.000103339946
8.008846e-05
0.008745143
3.875248e-05
0.0002040964
0.00013175844
0.0001885954
0.00011625744
0.00068204367
0.00034877233
2.3251489e-05
7.7504965e-06
1.808449e-05
1.2917493e-05
2.5834986e-06
5.166997e-06
7.7504965e-06
4.9086473e-05
0.012607474
0.0001808449
0.00025834987
0.0007698826
0.0001885954
0.00012659143
0.0003668568
0.00025059938
0.00014984292
0.00014984292
0.00011109044
7.750496e-05
0.00012659143
0.0001937624
8.525546e-05
0.00022993138
0.0
0.0
0.0
0.0
0.0
0.0
0.0
0.0
0.0
0.0
0.0
0.0
0.0
0.0
0.0
0.0
0.009775959
6.975447e-05
0.00012142444
0.00011625744
0.00068462716
0.00028418485
0.0019117891
0.00095589453
4.3919477e-05
0.00033068782
9.3005954e-05
0.00011625744
0.0002118469
0.00012659143
0.00016276042
0.00086805556
0.003673735
0.00010592345
0.00015759341
7.492146e-05
0.0003746073
0.00022476439
4.3919477e-05
0.000108506945
0.0004185268
3.3585482e-05
0.00014984292
6.458747e-05
0.0043919478
4.3919477e-05
0.00025576638
0.00045986276
0.011760086
0.00010592345
0.0024543237
0.0023974867
0.0015811012
0.0010721519
0.006050554
0.0032965443
0.00057353673
0.0004185268
0.00021443039
0.00015500993
0.0002015129
0.00033327134
0.00042627729
0.0007052951
0.0070736194
0.00012400794
0.0008499711
0.0005554522
0.0011005704
0.0006122892
0.0031828703
0.0015216807
0.00068979413
0.00091197505
0.0007957176
0.00051411625
0.0030691964
0.0004056093
0.0005761202
0.0044720364
0.005973049
0.00055803574
0.00104115
0.007998512
0.0015345982
0.00080088456
0.00218564
0.0015940187
0.0013692543
0.0009042245
0.0006200397
0.0005347842
0.0027540096
0.00073113013
0.001035983
0.0021107185
0.010277158
0.0015397652
0.00046761325
0.0013072503
0.0048285592
0.0038158277
0.0017800306
0.0017438616
0.008866567
0.001087653
0.00049861526
0.0013511698
0.009721706
0.00090164103
0.002715257
0.007298384
0.049802102
0.008181941
0.003813244
0.005166997
0.021843482
0.016288958
0.0071821264
0.009093915
0.039865967
0.0033507978
0.002880601
0.003092448
0.030994233
0.0049474
0.013354105
0.028818928
0.0033507978
0.0006200397
0.0001808449
0.00030226936
0.0014648438
0.0010747354
0.00048311424
0.00068204367
0.0026196677
0.0003901083
0.00047019677
0.0003591063
0.0011083209
0.0002195974
0.00083963707
0.0017076926
0.0
0.0
0.0
0.0
0.0
0.0
0.0
0.0
0.0
0.0
0.0
0.0
0.0
0.0
0.0
0.0
529.0
15.913043
8418.0
0.04585412
0.003563792
0.0014255168
0.0011879306
0.0022570682
0.008196721
0.001900689
0.001781896
0.0029698266
0.0024946544
0.0010691376
0.001781896
0.0026134474
0.0053456877
0.009741032
0.001900689
0.01164172
0.0104537895
0.012235685
0.009265859
0.009265859
0.009384652
0.011285341
0.007246377
0.012829651
0.009622238
0.011285341
0.007483963
0.012948444
0.014967926
0.017106201
0.0103349965
0.0052268947
0.012235685
0.014849133
0.0102162035
0.011998099
0.009978618
0.011166547
0.008434308
0.00736517
0.0070087905
0.0042765504
0.003920171
0.0102162035
0.0065336186
0.008315515
0.0055832737
0.007959135
0.003563792
0.008315515
0.00736517
0.0053456877
0.0052268947
0.00582086
0.003563792
0.003920171
0.0021382752
0.0021382752
0.001900689
0.0030886196
0.0029698266
0.0028510336
0.007246377
0.0028510336
0.03302447
0.009859825
0.018412925
0.021026373
0.059634116
0.011047754
0.010810168
0.016987408
0.031361368
0.0034449988
0.008671894
0.0359943
0.0100974105
0.031717747
0.034568783
0.015561891
0.0033262058
0.031717747
0.025184128
0.04312188
0.014611547
0.0055832737
0.0051081018
0.0070087905
0.007840342
0.0032074128
0.0026134474
0.005702067
0.0032074128
0.002019482
0.0024946544
6.031685
0.0
0.0
0.0
3.0
195011.0
262144.0
1.0
0.0
60.0
1.0
1.0
0.0
0.0
0.0
1317416200.0
0.0
0.0
0.0
0.0
0.0
1.0
0.0
0.0
0.0
0.0
0.0
0.0
-1.0
1.0
-1.0
-1.0
0.0
0.0
0.0
0.0
0.0
0.0
0.0
0.0
0.0
0.0
0.0
0.0
-1.0
0.0
0.0
0.0
0.0
0.0
0.0
0.0
0.0
0.0
0.0
0.0
0.0
-1.0
0.0
0.0
0.0
0.0
0.0
0.0
0.0
0.0
0.0
0.0
6.0
0.0
4.0
0.0
4.0
0.0
147456.0
4096.0
4096.0
6.0
0.0
0.0
1.0
2.0
0.0
0.0
0.0
0.0
0.0
-8192.0
0.0
0.0
0.0
0.0
0.0
0.0
0.0
0.0
8192.0
0.0
0.0
0.0
0.0
0.0
0.0
0.0
0.0
0.0
0.0
0.0
0.0
0.0
0.0
0.0
0.0
0.0
-8192.0
0.0
0.0
0.0
0.0
0.0
0.0
0.0
0.0
-147456.0
-4096.0
12288.0
0.0
0.0
0.0
0.0
0.0
0.0
0.0
0.0
0.0
0.0
0.0
-5.952877
0.0
0.0
0.0
0.0
0.0
0.0
0.0
0.0
4.953459
0.0
0.0
0.0
0.0
0.0
0.0
0.0
0.0
0.0
0.0
0.0
0.0
0.0
0.0
0.0
0.0
0.0
-0.78428787
0.0
0.0
0.0
0.0
0.0
0.0
0.0
0.0
-3.749054
-4.1501646
2.6588376
0.0
0.0
0.0
0.0
0.0
0.0
0.0
0.0
0.0
0.0
0.0
-4594.0
0.0
0.0
0.0
0.0
0.0
0.0
0.0
0.0
6690.0
0.0
0.0
0.0
0.0
0.0
0.0
0.0
0.0
0.0
0.0
0.0
0.0
0.0
0.0
0.0
0.0
0.0
-77796.0
0.0
0.0
0.0
0.0
0.0
0.0
0.0
0.0
-144576.0
-2470.0
10640.0
0.0
0.0
0.0
0.0
0.0
0.0
0.0
0.0
0.0
-1.0
0.0
0.0
0.0
0.0
0.0
1.0
0.0
0.0
0.0
0.0
0.0
0.0
0.0
0.0
0.0
0.0
0.0
0.0
0.0
0.0
0.0
0.0
0.0
0.0
0.0
0.0
0.0
0.0
0.0
0.0
0.0
0.0
0.0
0.0
0.0
-2.0
0.0
0.0
0.0
1.0
0.0
0.0
0.0
0.0
0.0
0.0
0.0
0.0
0.0
0.0
0.0
0.0
0.0
0.0
0.0
0.0
0.0
0.0
0.0
-1.0
0.0
0.0
0.0
0.0
0.0
0.0
0.0
0.0
0.0
1.0
0.0
0.0
0.0
0.0
1.0
0.0
0.0
0.0
0.0
0.0
0.0
0.0
0.0
0.0
0.0
0.0
0.0
0.0
0.0
0.0
0.0
0.0
0.0
0.0
0.0
0.0
0.0
0.0
0.0
0.0
0.0
0.0
0.0
0.0
0.0
0.0
0.0
0.0
0.0
0.0
0.0
0.0
0.0
0.0
0.0
0.0
0.0
0.0
0.0
0.0
0.0
0.0
0.0
0.0
0.0
0.0
-1.0
0.0
0.0
0.0
0.0
0.0
0.0
0.0
0.0
0.0
0.0
0.0
0.0
-1.0
0.0
0.0
0.0
0.0
0.0
0.0
0.0
0.0
0.0
0.0
0.0
0.0
0.0
0.0
0.0
0.0
0.0
0.0
0.0
0.0
0.0
0.0
0.0
0.0
0.0
0.0
0.0
0.0
0.0
0.0
0.0
0.0
0.0
0.0
0.0
0.0
0.0
0.0
0.0
0.0
0.0
0.0
0.0
0.0
0.0
0.0
0.0
0.0
0.0
0.0
0.0
0.0
0.0
0.0
0.0
0.0
-1.0
0.0
0.0
0.0
0.0
0.0
0.0
0.0
0.0
0.0
0.0
0.0
0.0
0.0
0.0
0.0
0.0
1.0
0.0
0.0
0.0
0.0
0.0
0.0
0.0
0.0
0.0
0.0
0.0
0.0
0.0
0.0
0.0
0.0
0.0
0.0
0.0
0.0
0.0
0.0
0.0
0.0
0.0
0.0
0.0
0.0
0.0
0.0
0.0
0.0
0.0
0.0
0.0
0.0
0.0
0.0
0.0
0.0
0.0
0.0
0.0
0.0
0.0
0.0
0.0
0.0
0.0
0.0
0.0
0.0
0.0
0.0
0.0
0.0
0.0
0.0
0.0
0.0
0.0
0.0
0.0
0.0
0.0
0.0
0.0
0.0
0.0
0.0
0.0
0.0
0.0
0.0
0.0
0.0
0.0
0.0
0.0
0.0
0.0
0.0
0.0
0.0
0.0
0.0
0.0
0.0
0.0
0.0
0.0
0.0
0.0
0.0
0.0
0.0
0.0
0.0
0.0
0.0
0.0
0.0
0.0
0.0
0.0
0.0
0.0
0.0
0.0
0.0
0.0
0.0
0.0
0.0
0.0
0.0
0.0
0.0
0.0
0.0
0.0
0.0
0.0
0.0
0.0
0.0
0.0
0.0
0.0
0.0
0.0
0.0
0.0
0.0
0.0
0.0
0.0
0.0
0.0
0.0
0.0
0.0
0.0
0.0
0.0
0.0
0.0
0.0
0.0
0.0
0.0
1.0
0.0
0.0
0.0
0.0
0.0
0.0
0.0
0.0
0.0
0.0
0.0
0.0
0.0
0.0
0.0
0.0
0.0
0.0
0.0
0.0
0.0
0.0
0.0
0.0
0.0
0.0
0.0
0.0
-1.0
0.0
0.0
0.0
0.0
0.0
0.0
0.0
0.0
0.0
0.0
0.0
0.0
0.0
0.0
0.0
0.0
0.0
0.0
0.0
0.0
0.0
0.0
0.0
0.0
0.0
0.0
0.0
0.0
0.0
0.0
0.0
0.0
0.0
0.0
0.0
0.0
0.0
0.0
0.0
0.0
0.0
0.0
0.0
0.0
0.0
0.0
0.0
0.0
0.0
0.0
0.0
0.0
0.0
0.0
0.0
0.0
0.0
0.0
0.0
0.0
0.0
0.0
0.0
1.0
0.0
0.0
0.0
0.0
0.0
0.0
0.0
0.0
0.0
0.0
0.0
0.0
0.0
0.0
0.0
0.0
0.0
0.0
0.0
0.0
0.0
0.0
0.0
0.0
-1.0
0.0
0.0
0.0
0.0
0.0
0.0
0.0
0.0
0.0
0.0
0.0
0.0
0.0
0.0
0.0
0.0
0.0
0.0
0.0
0.0
0.0
0.0
0.0
0.0
0.0
0.0
0.0
0.0
0.0
0.0
0.0
0.0
0.0
0.0
0.0
0.0
0.0
0.0
0.0
0.0
0.0
0.0
0.0
0.0
0.0
0.0
0.0
0.0
0.0
0.0
0.0
0.0
0.0
0.0
0.0
0.0
0.0
0.0
0.0
0.0
0.0
0.0
0.0
0.0
0.0
0.0
0.0
0.0
0.0
0.0
0.0
0.0
0.0
0.0
0.0
0.0
0.0
0.0
0.0
0.0
0.0
0.0
0.0
0.0
0.0
0.0
0.0
0.0
0.0
-1.0
0.0
0.0
0.0
0.0
0.0
0.0
0.0
0.0
0.0
0.0
0.0
0.0
0.0
0.0
0.0
0.0
0.0
0.0
0.0
0.0
0.0
0.0
0.0
0.0
0.0
0.0
0.0
0.0
0.0
0.0
1.0
0.0
0.0
0.0
0.0
0.0
0.0
0.0
0.0
0.0
0.0
0.0
0.0
0.0
0.0
0.0
-1.0
0.0
0.0
0.0
0.0
0.0
0.0
0.0
0.0
0.0
0.0
0.0
-1.0
0.0
0.0
0.0
0.0
0.0
0.0
0.0
0.0
0.0
0.0
0.0
0.0
0.0
0.0
0.0
0.0
0.0
0.0
0.0
0.0
0.0
0.0
0.0
0.0
0.0
0.0
0.0
0.0
0.0
0.0
0.0
0.0
0.0
0.0
0.0
0.0
0.0
0.0
0.0
0.0
0.0
0.0
-1.0
0.0
0.0
1.0
0.0
0.0
0.0
0.0
0.0
0.0
0.0
0.0
0.0
0.0
0.0
0.0
0.0
0.0
0.0
0.0
0.0
0.0
0.0
0.0
0.0
0.0
0.0
0.0
0.0
0.0
0.0
0.0
0.0
0.0
0.0
0.0
0.0
0.0
0.0
0.0
0.0
0.0
0.0
0.0
0.0
0.0
0.0
-1.0
0.0
0.0
0.0
-1.0
0.0
0.0
0.0
0.0
0.0
0.0
0.0
0.0
0.0
0.0
0.0
0.0
0.0
0.0
0.0
0.0
0.0
0.0
0.0
0.0
0.0
0.0
0.0
0.0
0.0
0.0
0.0
0.0
0.0
0.0
0.0
0.0
0.0
0.0
1.0
0.0
0.0
0.0
0.0
0.0
0.0
0.0
0.0
0.0
0.0
-1.0
0.0
1.0
0.0
0.0
0.0
0.0
0.0
0.0
0.0
0.0
0.0
0.0
0.0
0.0
0.0
0.0
0.0
0.0
0.0
0.0
0.0
0.0
0.0
0.0
0.0
0.0
0.0
0.0
0.0
0.0
1.0
0.0
0.0
0.0
0.0
0.0
0.0
0.0
0.0
0.0
0.0
0.0
0.0
0.0
0.0
0.0
0.0
0.0
0.0
0.0
0.0
0.0
0.0
0.0
0.0
0.0
0.0
0.0
0.0
0.0
0.0
0.0
0.0
0.0
0.0
0.0
0.0
0.0
0.0
-1.0
0.0
0.0
0.0
0.0
0.0
0.0
0.0
0.0
0.0
0.0
0.0
0.0
0.0
0.0
0.0
0.0
0.0
0.0
-1.0
0.0
0.0
0.0
0.0
0.0
0.0
0.0
0.0
0.0
0.0
0.0
0.0
0.0
0.0
0.0
0.0
0.0
0.0
0.0
0.0
0.0
0.0
0.0
0.0
0.0
0.0
0.0
0.0
0.0
0.0
0.0
0.0
0.0
0.0
0.0
0.0
0.0
0.0
0.0
0.0
0.0
0.0
0.0
0.0
0.0
0.0
0.0
0.0
0.0
0.0
0.0
0.0
1.0
0.0
0.0
0.0
0.0
0.0
0.0
0.0
0.0
0.0
0.0
0.0
0.0
0.0
0.0
0.0
1.0
0.0
0.0
-2.0
0.0
0.0
0.0
0.0
0.0
0.0
0.0
0.0
0.0
0.0
1.0
0.0
0.0
0.0
1.0
0.0
0.0
1.0
-1.0
0.0
0.0
0.0
0.0
0.0
0.0
0.0
0.0
0.0
0.0
0.0
-1.0
-1.0
0.0
0.0
0.0
0.0
0.0
1.0
0.0
0.0
0.0
0.0
0.0
0.0
0.0
0.0
0.0
0.0
0.0
0.0
0.0
0.0
0.0
0.0
0.0
1.0
0.0
1.0
0.0
0.0
0.0
0.0
0.0
1.0
0.0
0.0
0.0
0.0
0.0
0.0
0.0
0.0
-1.0
0.0
0.0
0.0
0.0
0.0
0.0
0.0
0.0
0.0
0.0
0.0
0.0
0.0
0.0
1.0
0.0
0.0
0.0
0.0
0.0
0.0
0.0
0.0
0.0
1.0
0.0
0.0
0.0
0.0
0.0
0.0
0.0
0.0
0.0
0.0
0.0
0.0
0.0
0.0
0.0
0.0
0.0
0.0
0.0
0.0
0.0
0.0
0.0
0.0
0.0
0.0
0.0
0.0
0.0
0.0
0.0
0.0
0.0
0.0
0.0
0.0
0.0
0.0
-1.0
0.0
0.0
0.0
0.0
0.0
0.0
0.0
0.0
0.0
0.0
0.0
0.0
0.0
0.0
0.0
0.0
0.0
0.0
-1.0
0.0
0.0
0.0
0.0
1.0
0.0
0.0
0.0
0.0
0.0
0.0
1.0
0.0
0.0
0.0
0.0
0.0
0.0
0.0
0.0
0.0
0.0
0.0
0.0
0.0
0.0
0.0
0.0
0.0
0.0
0.0
0.0
-1.0
0.0
0.0
0.0
0.0
0.0
0.0
0.0
0.0
0.0
0.0
0.0
0.0
0.0
-1.0
-1.0
0.0
0.0
0.0
0.0
0.0
0.0
0.0
0.0
0.0
-1.0
0.0
0.0
0.0
0.0
0.0
0.0
0.0
0.0
0.0
0.0
0.0
-1.0
0.0
0.0
1.0
0.0
0.0
0.0
0.0
0.0
0.0
0.0
0.0
0.0
0.0
0.0
0.0
0.0
0.0
0.0
0.0
-1.0
0.0
-1.0
1.0
0.0
0.0
0.0
0.0
1.0
0.0
0.0
0.0
0.0
0.0
0.0
0.0
0.0
0.0
0.0
0.0
0.0
1.0
0.0
0.0
0.0
-1.0
0.0
0.0
0.0
0.0
0.0
0.0
0.0
0.0
1.0
0.0
0.0
0.0
0.0
0.0
0.0
0.0
0.0
0.0
0.0
0.0
0.0
0.0
0.0
0.0
0.0
0.0
0.0
0.0
0.0
0.0
0.0
0.0
0.0
-1.0
0.0
0.0
0.0
0.0
0.0
0.0
0.0
0.0
0.0
0.0
0.0
0.0
0.0
0.0
0.0
0.0
0.0
0.0
0.0
0.0
0.0
0.0
-1.0
0.0
0.0
0.0
0.0
0.0
0.0
0.0
0.0
0.0
0.0
0.0
0.0
0.0
0.0
0.0
0.0
0.0
0.0
0.0
0.0
0.0
0.0
0.0
-1.0
0.0
0.0
0.0
0.0
0.0
0.0
0.0
0.0
0.0
0.0
0.0
0.0
0.0
0.0
0.0
0.0
0.0
0.0
0.0
0.0
0.0
0.0
0.0
0.0
0.0
-1.0
-1.0
0.0
0.0
0.0
0.0
0.0
0.0
0.0
0.0
0.0
0.0
0.0
0.0
0.0
0.0
0.0
0.0
0.0
0.0
0.0
0.0
0.0
0.0
0.0
0.0
-1.0
0.0
0.0
0.0
0.0
0.0
0.0
0.0
0.0
0.0
0.0
0.0
0.0
0.0
0.0
0.0
0.0
0.0
0.0
0.0
0.0
0.0
0.0
0.0
0.0
0.0
0.0
0.0
0.0
0.0
0.0
0.0
0.0
0.0
0.0
0.0
0.0
0.0
0.0
0.0
0.0
0.0
0.0
0.0
0.0
0.0
0.0
0.0
0.0
0.0
0.0
0.0
0.0
0.0
0.0
0.0
0.0
0.0
0.0
0.0
0.0
0.0
0.0
0.0
0.0
0.0
0.0
0.0
0.0
0.0
0.0
0.0
0.0
0.0
0.0
0.0
0.0
0.0
0.0
0.0
0.0
0.0
0.0
0.0
0.0
0.0
0.0
0.0
0.0
0.0
0.0
0.0
0.0
0.0
0.0
0.0
0.0
0.0
0.0
0.0
0.0
0.0
0.0
0.0
0.0
0.0
0.0
0.0
0.0
0.0
0.0
0.0
0.0
0.0
0.0
0.0
0.0
0.0
0.0
0.0
0.0
0.0
0.0
0.0
0.0
0.0
0.0
0.0
0.0
0.0
0.0
0.0
0.0
0.0
0.0
0.0
0.0
0.0
0.0
0.0
0.0
0.0
0.0
0.0
0.0
0.0
0.0
0.0
0.0
0.0
0.0
0.0
0.0
0.0
0.0
0.0
0.0
0.0
0.0
0.0
0.0
0.0
0.0
0.0
0.0
0.0
0.0
0.0
0.0
100.0
237568.0
10640.0
241664.0
0.0
0.0
0.0
0.0
3636.0
253952.0
28.0
151552.0
0.0
0.0
0.0
0.0
0.0
0.0
0.0
0.0
0.0
0.0
460.0
238128.0
0.0
0.0
0.0
0.0
