0.8098115
0.002965245
0.0022925118
0.0013101151
0.004267774
0.0010914844
0.0008824122
0.0010553747
0.0025269215
0.00059474824
0.0015143323
0.0010810157
0.0019330835
0.00087361236
0.00041192386
0.0006903328
0.0009798174
0.0007170358
0.00087983295
0.0005527214
0.001386431
0.00046639188
0.00049977057
0.0004946121
0.00086086773
0.00057775545
0.0006519473
0.0011089324
0.0011397318
0.00027340214
0.0005328459
0.00069943606
0.00092443905
0.00043362004
0.00064208533
0.00094674213
0.00077393133
0.000524046
0.00036792463
0.00052328745
0.0014449955
0.00033909755
0.00086284016
0.00044211643
0.0009883138
0.00033879408
0.00057199004
0.00077377964
0.00094765244
0.0008091307
0.00083173724
0.0006061274
0.0010083411
0.0005704728
0.0007446491
0.00047397794
0.0006827467
0.00041677893
0.00093794224
0.00037323489
0.0011517179
0.0003931104
0.0004996189
0.00096585904
0.003940207
0.001057347
0.000730539
0.0011626418
0.0008889362
0.0009264114
0.00071096694
0.0006496714
0.0009189771
0.00052905286
0.0004715504
0.00056288677
0.0008271856
0.0006305545
0.0006871466
0.00073600095
0.0009349078
0.00081307546
0.0008016964
0.00065118866
0.00080366875
0.0004964327
0.00050781184
0.0005744176
0.00086162635
0.00061477546
0.00053314934
0.0004547093
0.0008563161
0.0004311925
0.0006038515
0.00065118866
0.0008385647
0.00069761544
0.00036049026
0.0005392182
0.0012497299
0.0012212063
0.0005540869
0.00052965974
0.0012318268
0.000892881
0.00040418605
0.00066863664
0.0031538347
0.0006813812
0.000818234
0.0010858707
0.00102852
0.00059869303
0.00081170996
0.00080291013
0.0019115391
0.0006437543
0.00038673807
0.0005289011
0.0013028325
0.00046715047
0.00027309867
0.00027901583
0.00041905476
0.00048050197
0.0004037309
0.0015660692
0.0008288545
0.00030162232
0.0003175531
0.00023987168
0.00040206197
0.00045137145
0.00032453227
0.00042482017
0.00031542897
0.0003381872
0.000878164
0.00037717962
0.00031300145
0.00038355193
0.00026171957
0.00051084626
0.0003070843
0.0002773469
0.00029828446
0.0003451664
0.0003471388
0.00026414712
0.00031952545
0.00036337296
0.0002985879
0.00029949824
0.0003580627
0.00027416073
0.00029054665
0.00035821446
0.00047321935
0.0007414629
0.00046047472
0.00046214365
0.00067182275
0.00041146867
0.00033409073
0.00029130527
0.00024184406
0.00040130335
0.00038097266
0.00030162232
0.00036504192
0.00032422884
0.00043680618
0.00046487464
0.00041010318
0.00048126056
0.00035518
0.00030587052
0.00029464313
0.00032498743
0.00037020043
0.00047959163
0.0003211944
0.0005049291
0.0005392182
0.00039538622
0.0005712314
0.00029236733
0.000601424
0.00022576159
0.0003453181
0.00085950224
0.0006734917
0.0003177048
0.00050250156
0.00045197833
0.00055363175
0.00030602224
0.0003990275
0.000521315
0.0003262012
0.00028083648
0.00020907221
0.00037930373
0.00042679257
0.00029069837
0.0002485198
0.00054953527
0.00065604376
0.00044014404
0.00030556708
0.00032604949
0.0005490801
0.00028462952
0.00047686064
0.00043877854
0.00033970442
0.00025640932
0.0004060067
0.00050462567
0.00041966164
0.0003134566
0.00034031132
0.0005803347
0.00085935055
0.00081292377
0.00048823978
0.00037960717
0.00046548154
0.00022879601
0.00028569158
0.00059960334
0.00065831956
0.00026520918
0.0003509318
0.00041950992
0.00052692875
0.00038673807
0.0002838709
0.0007347872
0.0010309475
0.0006153824
0.0003233185
0.00054028025
0.0010606849
0.0025700103
0.00044090266
0.00042178575
0.0013058669
0.00047261245
0.0006288856
0.001173414
0.0017660381
0.0015826069
0.0045944303
0.014855051
0.7497974
1.4417006e-06
1.1381848e-06
3.0351592e-07
9.864268e-07
0.0
2.0487325e-06
1.3658217e-06
0.0
0.0
0.0
0.0
3.0351592e-07
2.2763695e-07
3.0351592e-07
2.2763695e-07
0.00073982007
1.8210956e-06
9.105478e-07
3.6421911e-06
7.5878984e-06
5.387408e-06
4.932134e-06
2.6557643e-06
6.0703187e-06
6.0703184e-07
7.587898e-08
1.5175796e-07
7.5878984e-07
7.587898e-08
2.2763695e-07
2.2763695e-06
0.0006993766
1.3658217e-06
1.5175797e-06
4.704497e-06
2.3370727e-05
1.418937e-05
2.23843e-05
7.663777e-06
4.552739e-07
7.587898e-08
0.0
4.552739e-07
3.0351592e-07
1.5175796e-07
2.2763695e-07
7.5878984e-07
0.0005407136
3.3386752e-06
3.1110383e-06
1.04713e-05
2.458479e-05
1.2823548e-05
1.0016026e-05
3.869828e-06
4.704497e-06
8.346688e-07
7.587898e-08
6.8291087e-07
2.2004904e-06
2.2763695e-07
6.0703184e-07
3.3386752e-06
0.00051279017
5.159771e-06
4.6286177e-06
1.5099918e-05
3.3083237e-05
1.707277e-05
1.0774816e-05
4.097465e-06
4.780376e-06
8.346688e-07
2.2763695e-07
1.0623057e-06
2.5798854e-06
6.0703184e-07
1.1381848e-06
7.663777e-06
0.00070301874
1.2747669e-05
1.2368274e-05
3.740834e-05
7.254031e-05
4.0064104e-05
1.2595911e-05
5.23565e-06
9.636631e-06
1.5175797e-06
8.346688e-07
1.5934586e-06
3.490433e-06
9.864268e-07
1.5934586e-06
1.6769254e-05
0.0011903136
8.475682e-05
2.3826e-05
0.00038136778
0.0005498191
0.00037044118
2.1929025e-05
8.270809e-06
4.0519375e-05
6.5255927e-06
9.864268e-07
2.0487325e-06
4.8562547e-06
2.4281273e-06
3.7939492e-06
0.000105320025
0.008148568
0.00021375109
0.00038721046
0.0010081282
0.0010148814
0.00073557085
0.0016417935
0.000998188
3.9988223e-05
1.2216517e-05
7.967293e-06
9.7883885e-06
2.693704e-05
9.181357e-06
1.2595911e-05
0.00018544823
0.0035336842
0.0002029004
0.00018817988
0.00033037708
0.00036854422
0.00022566409
0.00039259787
0.00028826424
6.3890104e-05
2.2080783e-05
1.5479312e-05
1.418937e-05
4.3706295e-05
1.563107e-05
2.3826e-05
0.00033159115
0.008655364
0.0006586296
0.00054632867
0.0005948912
0.0012070829
0.00050770625
0.0008393733
0.00067714404
0.00020510089
0.00012133049
9.8718556e-05
0.00012520033
0.00014067964
9.841504e-05
0.00015357907
0.0016874727
0.024680246
0.0025480161
0.0023454952
0.0023367691
0.003091765
0.0014428388
0.0035568273
0.0018427211
0.0005080098
0.0004833491
0.0004289439
0.00043228257
0.0006434538
0.00040489025
0.00082730857
0.009283338
0.0208715
0.002479118
0.0025089385
0.002030294
0.0036009129
0.0016937706
0.0036418117
0.0020081373
0.0006549115
0.00050391234
0.0005181776
0.00053380866
0.00063260307
0.00052007457
0.0009819499
0.008568331
0.0014816889
0.0002227807
0.00013020834
0.00011450138
0.0005408654
0.00013931381
0.00017952967
9.750449e-05
0.00011943352
9.56834e-05
7.929354e-05
0.00013605102
6.851872e-05
7.405788e-05
0.000103574814
0.00030199834
0.0011747584
0.00020426622
0.000108431064
0.00012117873
0.00031800882
0.00012269632
0.00014591528
0.00013096712
0.00012284807
0.00011776418
0.000103119535
0.00014712935
0.00011488078
0.000119661156
0.0001357475
0.0002314309
0.0024022528
0.00048418378
0.00037560097
0.0004209007
0.00040891184
0.00039479835
0.00043410365
0.0005315323
0.00041323694
0.0003577694
0.00038963856
0.0004498106
0.00048820538
0.00044738248
0.00048782598
0.001148656
0.008206236
0.00469873
0.0042614397
0.003987896
0.004142841
0.0048501086
0.00401157
0.0052979463
0.004476329
0.0038925917
0.004797373
0.0049337274
0.004264399
0.004945109
0.0050133243
0.011514863
3567.0
18.00056
64208.0
0.0028656865
0.0014795664
0.0026164963
0.0011525044
0.0022582856
0.001744331
0.0032238974
0.0023361575
0.0035665338
0.0029902817
0.0028656865
0.0016508846
0.0025230502
0.00076314475
0.0035976826
0.0015885871
0.011525043
0.012708697
0.01400137
0.013082482
0.011602916
0.013284949
0.013191503
0.012599676
0.015216173
0.015169449
0.0031615999
0.00076314475
0.0011836531
0.0015574383
0.001059058
0.000529529
0.00062297535
0.017427735
0.015185024
0.017521182
0.018891728
0.020028656
0.018175306
0.017116247
0.0145464735
0.018035136
0.01289559
0.0164154
0.015107152
0.016539995
0.0136431595
0.015730128
0.017396586
0.011057812
0.015823573
0.023143534
0.018595813
0.015434214
0.013954648
0.019577
0.014811238
0.013409544
0.01602604
0.0026320708
0.0029902817
0.0014016945
0.0011680787
0.0065723895
0.001868926
0.01854909
0.005373162
0.013705458
0.015792424
0.050102793
0.0063543483
0.010325816
0.0062453276
0.024031274
0.0032861948
0.0066969846
0.018206455
0.018113008
0.019265512
0.02614939
0.007117493
0.0013861201
0.024887864
0.020604908
0.03133566
0.01161849
0.0064010713
0.008269997
0.00707077
0.006463369
0.0028968353
0.0012770995
0.001059058
0.0027410914
0.0006541241
0.0024140293
6.0970902
27.0
0.0
0.0
34.0
6591024.0
212992.0
0.0
0.0
1.0
0.0
1.0
0.0
0.0
0.0
1309306000.0
0.0
0.0
0.0
0.0
0.0
1.0
0.0
0.0
0.0
0.0
0.0
0.0
-1.0
0.0
-1.0
-1.0
0.0
0.0
0.0
0.0
0.0
0.0
0.0
0.0
0.0
0.0
0.0
0.0
-1.0
0.0
0.0
0.0
0.0
0.0
0.0
0.0
0.0
0.0
0.0
0.0
0.0
-1.0
0.0
0.0
0.0
0.0
0.0
0.0
0.0
0.0
1.0
0.0
6.0
0.0
4.0
0.0
4.0
0.0
192512.0
4096.0
4096.0
3.0
1.0
0.0
1.0
1.0
0.0
0.0
0.0
0.0
0.0
0.0
0.0
0.0
0.0
0.0
0.0
0.0
0.0
0.0
0.0
0.0
0.0
0.0
0.0
0.0
0.0
0.0
0.0
0.0
0.0
0.0
0.0
0.0
0.0
0.0
0.0
0.0
0.0
0.0
0.0
0.0
0.0
0.0
0.0
0.0
0.0
-192512.0
0.0
4096.0
0.0
0.0
0.0
0.0
0.0
0.0
0.0
0.0
0.0
0.0
0.0
0.0
0.0
0.0
0.0
0.0
0.0
0.0
0.0
0.0
0.0
0.0
0.0
0.0
0.0
0.0
0.0
0.0
0.0
0.0
0.0
0.0
0.0
0.0
0.0
0.0
0.0
0.0
0.0
0.0
0.0
0.0
0.0
0.0
0.0
0.0
0.0
-6.517805
0.0
0.0
0.0
0.0
0.0
0.0
0.0
0.0
0.0
0.0
0.0
0.0
0.0
0.0
0.0
0.0
0.0
0.0
0.0
0.0
0.0
0.0
0.0
0.0
0.0
0.0
0.0
0.0
0.0
0.0
0.0
0.0
0.0
0.0
0.0
0.0
0.0
0.0
0.0
0.0
-9180.0
0.0
0.0
0.0
0.0
0.0
0.0
0.0
0.0
-189928.0
0.0
16.0
0.0
0.0
0.0
0.0
0.0
0.0
0.0
0.0
0.0
-1.0
0.0
0.0
0.0
0.0
0.0
1.0
0.0
0.0
0.0
0.0
0.0
0.0
0.0
0.0
0.0
0.0
0.0
0.0
0.0
0.0
0.0
0.0
0.0
0.0
0.0
0.0
0.0
0.0
0.0
0.0
0.0
0.0
0.0
0.0
0.0
-2.0
0.0
0.0
0.0
1.0
0.0
0.0
0.0
0.0
0.0
0.0
0.0
0.0
0.0
0.0
0.0
0.0
0.0
0.0
0.0
0.0
0.0
0.0
0.0
-1.0
0.0
0.0
0.0
0.0
0.0
0.0
0.0
0.0
0.0
1.0
0.0
0.0
0.0
0.0
1.0
0.0
0.0
0.0
0.0
0.0
0.0
0.0
0.0
0.0
0.0
0.0
0.0
0.0
0.0
0.0
0.0
0.0
0.0
0.0
0.0
0.0
0.0
0.0
0.0
0.0
0.0
0.0
0.0
0.0
0.0
0.0
0.0
-1.0
0.0
0.0
0.0
0.0
0.0
0.0
0.0
0.0
0.0
0.0
0.0
0.0
0.0
0.0
0.0
0.0
0.0
0.0
0.0
0.0
0.0
0.0
0.0
0.0
0.0
0.0
0.0
0.0
0.0
0.0
0.0
0.0
0.0
0.0
0.0
0.0
0.0
0.0
0.0
0.0
0.0
0.0
0.0
0.0
0.0
0.0
0.0
0.0
0.0
0.0
0.0
0.0
0.0
0.0
0.0
0.0
0.0
0.0
0.0
0.0
0.0
0.0
0.0
0.0
0.0
0.0
0.0
0.0
0.0
0.0
0.0
0.0
0.0
0.0
0.0
0.0
0.0
0.0
0.0
0.0
0.0
0.0
0.0
0.0
0.0
0.0
0.0
0.0
0.0
0.0
0.0
0.0
0.0
0.0
0.0
0.0
0.0
0.0
0.0
0.0
0.0
0.0
0.0
0.0
0.0
0.0
0.0
0.0
0.0
0.0
0.0
0.0
0.0
0.0
0.0
0.0
0.0
0.0
0.0
0.0
0.0
0.0
0.0
0.0
0.0
0.0
0.0
0.0
0.0
0.0
0.0
0.0
0.0
0.0
0.0
0.0
0.0
0.0
0.0
0.0
0.0
0.0
0.0
0.0
0.0
0.0
0.0
0.0
0.0
0.0
0.0
0.0
0.0
0.0
0.0
0.0
0.0
0.0
0.0
0.0
0.0
0.0
0.0
0.0
0.0
0.0
0.0
0.0
0.0
0.0
0.0
0.0
0.0
0.0
0.0
0.0
0.0
0.0
0.0
0.0
0.0
0.0
0.0
0.0
0.0
0.0
0.0
0.0
0.0
0.0
0.0
0.0
0.0
0.0
0.0
0.0
0.0
0.0
0.0
0.0
0.0
0.0
0.0
0.0
0.0
0.0
0.0
0.0
0.0
0.0
0.0
0.0
0.0
0.0
0.0
0.0
0.0
0.0
0.0
0.0
0.0
0.0
0.0
0.0
0.0
0.0
0.0
0.0
0.0
0.0
0.0
0.0
0.0
0.0
0.0
0.0
0.0
0.0
0.0
0.0
0.0
0.0
0.0
0.0
0.0
0.0
0.0
0.0
0.0
0.0
0.0
0.0
0.0
0.0
0.0
0.0
0.0
0.0
0.0
0.0
0.0
0.0
0.0
0.0
0.0
0.0
0.0
0.0
0.0
0.0
0.0
0.0
0.0
0.0
0.0
0.0
0.0
0.0
0.0
0.0
0.0
0.0
0.0
0.0
0.0
0.0
0.0
0.0
0.0
0.0
0.0
0.0
0.0
0.0
0.0
0.0
0.0
0.0
0.0
0.0
0.0
0.0
0.0
0.0
0.0
0.0
0.0
0.0
0.0
0.0
0.0
0.0
0.0
0.0
0.0
0.0
0.0
0.0
0.0
0.0
0.0
0.0
0.0
0.0
0.0
0.0
0.0
0.0
0.0
0.0
0.0
0.0
0.0
0.0
0.0
0.0
0.0
0.0
0.0
0.0
0.0
0.0
0.0
0.0
0.0
0.0
0.0
0.0
0.0
0.0
0.0
0.0
0.0
0.0
0.0
0.0
0.0
0.0
0.0
0.0
0.0
0.0
0.0
0.0
0.0
0.0
0.0
0.0
0.0
0.0
0.0
0.0
0.0
0.0
0.0
0.0
0.0
0.0
0.0
0.0
0.0
0.0
0.0
0.0
0.0
0.0
0.0
0.0
0.0
0.0
0.0
0.0
0.0
0.0
0.0
0.0
0.0
0.0
0.0
0.0
0.0
0.0
0.0
0.0
0.0
0.0
0.0
0.0
0.0
0.0
0.0
0.0
0.0
0.0
0.0
0.0
0.0
0.0
0.0
0.0
0.0
0.0
0.0
0.0
0.0
0.0
0.0
0.0
0.0
0.0
0.0
0.0
0.0
0.0
0.0
0.0
0.0
0.0
0.0
0.0
0.0
0.0
0.0
0.0
0.0
0.0
0.0
0.0
0.0
0.0
0.0
0.0
0.0
0.0
0.0
0.0
0.0
0.0
0.0
0.0
0.0
0.0
0.0
0.0
0.0
0.0
0.0
0.0
0.0
0.0
0.0
0.0
0.0
0.0
0.0
0.0
0.0
0.0
0.0
0.0
0.0
0.0
0.0
0.0
0.0
0.0
0.0
0.0
0.0
0.0
0.0
0.0
0.0
0.0
0.0
0.0
0.0
0.0
0.0
0.0
0.0
0.0
0.0
0.0
0.0
0.0
0.0
0.0
0.0
0.0
0.0
0.0
0.0
0.0
0.0
0.0
0.0
0.0
0.0
0.0
0.0
0.0
0.0
0.0
0.0
0.0
0.0
0.0
0.0
0.0
0.0
0.0
0.0
0.0
0.0
0.0
0.0
0.0
0.0
0.0
0.0
0.0
0.0
0.0
0.0
0.0
0.0
0.0
0.0
0.0
0.0
0.0
0.0
0.0
0.0
0.0
0.0
0.0
0.0
0.0
0.0
0.0
0.0
0.0
0.0
0.0
0.0
0.0
0.0
0.0
0.0
0.0
0.0
0.0
0.0
0.0
0.0
0.0
0.0
0.0
0.0
0.0
0.0
0.0
0.0
0.0
0.0
0.0
0.0
0.0
0.0
0.0
0.0
0.0
0.0
0.0
0.0
0.0
0.0
0.0
0.0
0.0
0.0
0.0
0.0
0.0
0.0
0.0
0.0
0.0
0.0
0.0
0.0
0.0
0.0
0.0
0.0
0.0
0.0
0.0
0.0
0.0
0.0
0.0
0.0
0.0
0.0
0.0
0.0
0.0
0.0
0.0
0.0
0.0
0.0
0.0
0.0
0.0
0.0
0.0
0.0
0.0
0.0
0.0
0.0
0.0
0.0
0.0
0.0
0.0
0.0
0.0
0.0
0.0
0.0
0.0
0.0
0.0
0.0
0.0
0.0
0.0
0.0
0.0
0.0
0.0
0.0
0.0
0.0
0.0
0.0
0.0
0.0
0.0
0.0
0.0
0.0
0.0
0.0
0.0
0.0
0.0
0.0
0.0
0.0
0.0
0.0
0.0
0.0
0.0
0.0
0.0
0.0
0.0
0.0
0.0
0.0
0.0
0.0
0.0
0.0
0.0
0.0
0.0
0.0
0.0
0.0
0.0
0.0
0.0
0.0
0.0
0.0
0.0
0.0
0.0
0.0
0.0
0.0
0.0
0.0
0.0
0.0
0.0
0.0
0.0
0.0
0.0
0.0
0.0
0.0
1.0
0.0
0.0
0.0
0.0
0.0
0.0
0.0
0.0
0.0
0.0
0.0
0.0
0.0
0.0
0.0
0.0
0.0
0.0
0.0
0.0
0.0
0.0
0.0
0.0
0.0
0.0
0.0
0.0
0.0
0.0
0.0
0.0
0.0
0.0
0.0
0.0
0.0
0.0
0.0
0.0
0.0
0.0
0.0
0.0
0.0
0.0
0.0
0.0
0.0
0.0
0.0
0.0
0.0
0.0
0.0
0.0
0.0
0.0
0.0
0.0
0.0
0.0
0.0
0.0
0.0
0.0
0.0
0.0
0.0
0.0
0.0
0.0
0.0
0.0
0.0
0.0
0.0
0.0
0.0
0.0
0.0
0.0
0.0
0.0
0.0
0.0
0.0
0.0
0.0
0.0
0.0
0.0
0.0
0.0
0.0
0.0
0.0
0.0
0.0
0.0
0.0
0.0
0.0
0.0
0.0
0.0
0.0
0.0
0.0
0.0
0.0
0.0
0.0
0.0
0.0
0.0
0.0
0.0
0.0
0.0
0.0
0.0
0.0
0.0
0.0
0.0
0.0
0.0
0.0
0.0
0.0
0.0
0.0
0.0
0.0
0.0
0.0
0.0
0.0
0.0
0.0
0.0
0.0
0.0
0.0
0.0
0.0
0.0
0.0
0.0
0.0
0.0
0.0
0.0
0.0
0.0
0.0
0.0
0.0
0.0
0.0
0.0
0.0
0.0
0.0
0.0
0.0
0.0
0.0
0.0
0.0
0.0
0.0
0.0
0.0
0.0
0.0
0.0
0.0
0.0
0.0
0.0
0.0
0.0
0.0
0.0
0.0
0.0
0.0
0.0
0.0
0.0
0.0
0.0
0.0
0.0
0.0
0.0
0.0
0.0
0.0
0.0
0.0
0.0
0.0
0.0
0.0
0.0
0.0
0.0
0.0
0.0
0.0
0.0
0.0
0.0
0.0
0.0
0.0
0.0
0.0
0.0
0.0
0.0
0.0
0.0
0.0
0.0
0.0
0.0
0.0
0.0
0.0
0.0
0.0
0.0
0.0
0.0
0.0
0.0
0.0
0.0
0.0
0.0
0.0
0.0
0.0
0.0
0.0
0.0
0.0
0.0
0.0
0.0
0.0
0.0
0.0
0.0
0.0
0.0
0.0
0.0
0.0
0.0
0.0
0.0
0.0
0.0
0.0
0.0
0.0
0.0
0.0
0.0
0.0
0.0
0.0
0.0
0.0
0.0
0.0
0.0
0.0
0.0
0.0
0.0
0.0
0.0
0.0
0.0
0.0
0.0
0.0
0.0
0.0
0.0
0.0
0.0
0.0
0.0
0.0
0.0
0.0
0.0
0.0
0.0
0.0
0.0
0.0
0.0
0.0
0.0
0.0
0.0
0.0
0.0
0.0
0.0
0.0
0.0
0.0
0.0
0.0
0.0
0.0
0.0
0.0
0.0
0.0
0.0
0.0
0.0
0.0
0.0
0.0
0.0
0.0
0.0
0.0
0.0
0.0
0.0
0.0
0.0
0.0
0.0
0.0
0.0
0.0
0.0
0.0
0.0
0.0
0.0
0.0
0.0
0.0
0.0
0.0
0.0
0.0
0.0
0.0
0.0
0.0
0.0
0.0
0.0
0.0
0.0
0.0
0.0
0.0
0.0
0.0
0.0
0.0
0.0
0.0
0.0
0.0
0.0
0.0
0.0
0.0
0.0
0.0
0.0
0.0
0.0
0.0
0.0
0.0
0.0
0.0
0.0
0.0
0.0
0.0
0.0
0.0
0.0
0.0
0.0
0.0
0.0
0.0
0.0
0.0
0.0
0.0
0.0
0.0
0.0
0.0
0.0
0.0
0.0
0.0
0.0
0.0
0.0
0.0
0.0
0.0
0.0
0.0
0.0
0.0
0.0
0.0
0.0
0.0
0.0
0.0
0.0
0.0
0.0
0.0
0.0
0.0
0.0
0.0
0.0
0.0
0.0
0.0
0.0
0.0
0.0
0.0
0.0
0.0
0.0
0.0
0.0
0.0
0.0
0.0
0.0
0.0
0.0
0.0
0.0
0.0
0.0
0.0
0.0
0.0
0.0
0.0
0.0
0.0
0.0
0.0
0.0
0.0
0.0
0.0
0.0
0.0
0.0
0.0
0.0
0.0
0.0
0.0
0.0
0.0
0.0
0.0
0.0
0.0
0.0
0.0
0.0
0.0
0.0
0.0
0.0
0.0
0.0
0.0
0.0
0.0
0.0
0.0
0.0
0.0
0.0
0.0
0.0
0.0
0.0
0.0
0.0
0.0
0.0
0.0
0.0
0.0
0.0
0.0
0.0
0.0
0.0
0.0
0.0
0.0
0.0
0.0
0.0
0.0
0.0
0.0
0.0
0.0
0.0
0.0
0.0
0.0
0.0
0.0
0.0
0.0
0.0
0.0
0.0
0.0
0.0
0.0
0.0
0.0
0.0
0.0
0.0
0.0
0.0
0.0
0.0
0.0
0.0
0.0
0.0
0.0
0.0
0.0
0.0
0.0
0.0
0.0
0.0
0.0
0.0
0.0
0.0
0.0
0.0
0.0
0.0
0.0
0.0
0.0
0.0
0.0
0.0
0.0
0.0
0.0
0.0
0.0
0.0
0.0
0.0
0.0
0.0
0.0
0.0
0.0
0.0
0.0
0.0
0.0
0.0
0.0
0.0
0.0
0.0
0.0
0.0
0.0
0.0
0.0
0.0
0.0
0.0
0.0
0.0
0.0
0.0
0.0
0.0
0.0
0.0
0.0
0.0
0.0
0.0
0.0
0.0
0.0
0.0
0.0
0.0
0.0
0.0
0.0
0.0
0.0
0.0
0.0
0.0
0.0
0.0
0.0
0.0
0.0
0.0
0.0
0.0
0.0
0.0
0.0
0.0
0.0
0.0
0.0
0.0
0.0
0.0
0.0
0.0
0.0
0.0
0.0
0.0
40.0
193476.0
16.0
208896.0
0.0
0.0
0.0
0.0
0.0
0.0
0.0
0.0
0.0
0.0
0.0
0.0
0.0
0.0
0.0
0.0
0.0
0.0
0.0
0.0
0.0
0.0
0.0
0.0
