0.05785194
0.006983538
0.0076164366
0.0025932193
0.010301259
0.0014739878
0.0019703137
0.0011159005
0.006184087
0.0014806499
0.00094601704
0.001302439
0.0053096875
0.0014473395
0.0017537958
0.0070268414
0.0126546435
0.040652085
0.0045335535
0.0020952278
0.004037228
0.0027647682
0.0011109038
0.0012474768
0.002748113
0.011861855
0.029857831
0.005496226
0.005003231
0.0043453495
0.0033760152
0.0011342212
0.0046051713
0.0011958455
0.0020069552
0.0034176533
0.014888111
0.0015739192
0.0031661591
0.0019353378
0.0013673943
0.0030212586
0.0032977355
0.0009893207
0.0008827272
0.0008294305
0.0014423429
0.001222494
0.0008494167
0.00262653
0.0007361612
0.0016205539
0.00088772376
0.0040722038
0.0008627409
0.0011958455
0.0019020273
0.0020585863
0.01140217
0.03027088
0.0046951096
0.0036674817
0.006851962
0.0033143908
0.0043070423
0.0020236105
0.0036574886
0.005932593
0.005181442
0.015599288
0.00088772376
0.0020152829
0.001700499
0.00064788846
0.0025216017
0.0034609567
0.0018237476
0.0024766328
0.0007811303
0.0019370032
0.001553933
0.0015489364
0.0011825213
0.0028413823
0.0025965504
0.0077047097
0.0046784543
0.0018603893
0.0012041731
0.00064122636
0.0015689227
0.0033010666
0.0018187511
0.0054029566
0.0028030751
0.009042124
0.0012724596
0.0023733703
0.010336236
0.039584484
0.0041071796
0.0028030751
0.002486626
0.003442636
0.0008893893
0.0015106293
0.0009326929
0.002231801
0.0015472709
0.0011192315
0.0023383943
0.0048133614
0.0012458112
0.00040805314
0.0032244525
0.0017104922
0.004598509
0.004327029
0.0017138232
0.0025898882
0.0011858523
0.00083775807
0.000977662
0.0022601148
0.0017221508
0.0033510323
0.0018337409
0.0032011352
0.006009207
0.0012025076
0.00069785415
0.007588123
0.0028014097
0.0065071983
0.0015256191
0.0042204354
0.0023067493
0.024253346
0.0006662092
0.023378946
0.0010809244
0.007311646
0.0022567837
0.0016738506
0.013865479
0.0007311646
0.00091603765
0.0005546192
0.003840696
0.0025199363
0.0018887031
0.0012158318
0.0022984217
0.0008410891
0.0067053954
0.00067120575
0.0068969307
0.002594885
0.0026165366
0.0019569895
0.0015122949
0.0049999002
0.00084608566
0.0066537643
0.0011458799
0.006627116
0.0015372777
0.0035725469
0.00534966
0.0008011166
0.0029346514
0.0005729399
0.0007844613
0.00054462603
0.00087273406
0.002143528
0.0022301353
0.00068452995
0.0008294305
0.00085774437
0.0011125694
0.00052463973
0.0023200735
0.0011059073
0.0040422245
0.00090771005
0.0011375522
0.0018170855
0.0025532467
0.0008560788
0.0024949536
0.0012874493
0.00692691
0.0009859896
0.0015822469
0.0026798265
0.008862248
0.0011758592
0.0073932568
0.009470164
0.0033227184
0.0016538644
0.0010626037
0.0037157817
0.0010026449
0.0007977855
0.00061291247
0.0008710685
0.002454981
0.0015072983
0.0026714988
0.0010259622
0.0007911234
0.0009859896
0.0010792589
0.002175173
0.0053429976
0.0008710685
0.0019320067
0.0015356122
0.0012591354
0.0010609381
0.0009793275
0.00074282323
0.0018553926
0.002653178
0.0009793275
0.0013290873
0.0010309587
0.0020802382
0.001910355
0.001120897
0.00871235
0.0028763583
0.00090271345
0.0017138232
0.010249629
0.00037474267
0.006137452
0.0007678061
0.0029612998
0.0011808558
0.00094268605
0.0038973237
0.003104535
0.0005729399
0.0014390119
0.0015272846
0.0036474953
0.0023850289
0.0018587237
0.0021635145
0.0025915538
0.0033060631
0.004755068
0.038375314
0.0
0.0
0.0
0.0
0.0
0.0
0.0
0.0
0.0
0.0
0.0
0.0
0.0
0.0
0.0
0.0
0.0
0.0
0.0
0.0
0.0
0.0
0.0
0.0
0.0
0.0
0.0
0.0
0.0
0.0
0.0
0.0
0.0
0.0
0.0
0.0
0.0
0.0
0.0
0.0
0.0
0.0
0.0
0.0
0.0
0.0
0.0
0.0
0.005750868
4.6741454e-05
3.3386752e-06
8.346688e-07
2.5874733e-05
0.0
8.346688e-07
0.00021450988
2.5040065e-06
1.6693377e-05
5.8426817e-06
3.3386752e-06
1.6693376e-06
0.0
1.8362714e-05
0.0007461939
0.0
0.0
0.0
0.0
0.0
0.0
0.0
0.0
0.0
0.0
0.0
0.0
0.0
0.0
0.0
0.0
0.0
0.0
0.0
0.0
0.0
0.0
0.0
0.0
0.0
0.0
0.0
0.0
0.0
0.0
0.0
0.0
0.0
0.0
0.0
0.0
0.0
0.0
0.0
0.0
0.0
0.0
0.0
0.0
0.0
0.0
0.0
0.0
0.0022160457
0.0016100762
8.346688e-05
0.0009390024
0.00010016026
6.42695e-05
0.0009974292
0.00010349893
6.0930823e-05
7.5120195e-05
1.0850695e-05
0.00038895567
1.5858708e-05
3.4221423e-05
3.9229435e-05
9.849092e-05
0.0018371061
0.0029722557
0.000259582
0.0015024039
0.00016943777
0.00015858708
0.002479801
0.00037560097
3.0048077e-05
8.764023e-05
2.754407e-05
7.261619e-05
0.000101829595
5.508814e-05
6.0930823e-05
6.593884e-05
0.0025457398
0.03269815
0.0012002537
0.016535623
0.001428953
0.00154998
0.018300949
0.0012328058
0.0008930956
0.0008955996
0.0009039463
0.0007979434
0.00088057556
0.0007545406
0.0007036258
0.00072950055
0.003319478
0.011562667
0.00046407586
0.0058794073
0.0010591947
0.0007186498
0.0068634814
0.0012111044
0.0010149573
0.00070779916
0.000645199
0.00036475027
0.00066272705
0.0005350227
0.00034137955
0.00054754276
0.003397102
0.002736879
0.00023120326
0.0018512954
0.0013513288
0.0004957933
0.002794471
0.0012394831
0.00050414
0.00031467015
0.0002921341
0.0003772703
0.0004098224
0.00028712608
0.00021617922
0.00059511885
0.009205562
0.0064453124
0.0016501403
0.0033144697
0.003034021
0.0012269631
0.0038202791
0.002890458
0.005982906
0.0018629808
0.00092898635
0.0011334802
0.0022093684
0.0014231103
0.001038328
0.0068250867
0.055098157
0.012183661
0.013927284
0.0061907386
0.025322182
0.0140733505
0.004785991
0.011346487
0.05223691
0.012142762
0.0048953327
0.008232338
0.016887855
0.0060455063
0.012510016
0.03813852
0.019350126
0.020812467
0.009179687
0.01244825
0.011742121
0.010435864
0.01141493
0.006418603
0.01943109
0.011985844
0.007444411
0.0047918335
0.010876569
0.004843583
0.010385784
0.01305422
0.012152778
0.04175347
0.018910257
0.02832365
0.010763889
0.021082064
0.030245058
0.010123698
0.013479066
0.022082832
0.02578125
0.008625467
0.020094652
0.012470786
0.019453626
0.014059162
987.0
8.241135
8134.0
0.0099582
0.0038111631
0.0076223263
0.0199164
0.0036882223
0.006024096
0.011187607
0.0023358741
0.0008605852
0.0034423408
0.011679371
0.0011064666
0.0017211704
0.0045488076
0.0099582
0.0022129333
0.0035652816
0.016228179
0.0049176295
0.0029505778
0.0019670518
0.008728793
0.0030735186
0.0019670518
0.0022129333
0.0028276371
0.024465207
0.025325794
0.0017211704
0.0009835259
0.009466438
0.0055323336
0.0018441111
0.0050405706
0.0020899926
0.016965823
0.0024588148
0.013892304
0.004302926
0.0045488076
0.0035652816
0.010081141
0.017826408
0.0041799853
0.015613474
0.0024588148
0.0039341035
0.0034423408
0.0011064666
0.0039341035
0.0023358741
0.0232358
0.0034423408
0.0068846815
0.006269978
0.0039341035
0.0013523481
0.0020899926
0.0023358741
0.018072288
0.019547578
0.0142611265
0.02003934
0.04597984
0.0055323336
0.034177527
0.022621097
0.052618638
0.018932875
0.04143103
0.012048192
0.011679371
0.0063929185
0.024956971
0.0013523481
0.008851733
0.0199164
0.013646423
0.019055815
0.02999754
0.009097615
0.0013523481
0.037619866
0.026432259
0.045242194
0.010449963
0.011187607
0.0049176295
0.0038111631
0.0061470373
0.0019670518
0.0008605852
0.0051635113
0.0014752889
0.0059011555
0.0020899926
5.9168825
0.0
0.0
0.0
2.0
600412.0
319488.0
0.0
0.0
76.0
0.0
1.0
0.0
0.0
38.0
1393483300.0
0.0
0.0
0.0
0.0
0.0
1.0
0.0
0.0
0.0
0.0
0.0
0.0
-1.0
0.0
0.0
-1.0
1.0
0.0
0.0
0.0
0.0
0.0
0.0
0.0
0.0
0.0
0.0
0.0
-1.0
0.0
0.0
0.0
0.0
0.0
0.0
0.0
0.0
0.0
0.0
0.0
0.0
-1.0
0.0
0.0
0.0
0.0
0.0
0.0
0.0
0.0
1.0
0.0
2.0
56.0
4.0
0.0
4.0
0.0
245760.0
1024.0
4096.0
6.0
1.0
0.0
1.0
5.0
0.0
0.0
0.0
0.0
0.0
0.0
0.0
0.0
0.0
0.0
0.0
0.0
0.0
0.0
9728.0
0.0
0.0
0.0
0.0
0.0
0.0
0.0
0.0
0.0
0.0
0.0
0.0
0.0
0.0
0.0
0.0
0.0
-1024.0
0.0
0.0
0.0
0.0
0.0
0.0
0.0
0.0
-245760.0
-2560.0
26624.0
0.0
0.0
0.0
0.0
0.0
0.0
0.0
0.0
0.0
0.0
0.0
0.0
0.0
0.0
0.0
0.0
0.0
0.0
0.0
0.0
5.1368194
0.0
0.0
0.0
0.0
0.0
0.0
0.0
0.0
0.0
0.0
0.0
0.0
0.0
0.0
0.0
0.0
0.0
-1.0677483
0.0
0.0
0.0
0.0
0.0
0.0
0.0
0.0
-6.0850806
-4.7209964
7.008039
0.0
0.0
0.0
0.0
0.0
0.0
0.0
0.0
0.0
0.0
0.0
0.0
0.0
0.0
0.0
0.0
0.0
0.0
0.0
0.0
9384.0
0.0
0.0
0.0
0.0
0.0
0.0
0.0
0.0
0.0
0.0
0.0
0.0
0.0
0.0
18576.0
0.0
0.0
-608.0
0.0
0.0
0.0
0.0
0.0
0.0
0.0
0.0
-245368.0
-2212.0
26552.0
0.0
0.0
0.0
0.0
0.0
0.0
0.0
0.0
0.0
-1.0
0.0
0.0
0.0
0.0
0.0
1.0
0.0
0.0
0.0
0.0
0.0
0.0
0.0
0.0
0.0
0.0
0.0
0.0
0.0
0.0
0.0
0.0
0.0
0.0
0.0
0.0
0.0
0.0
0.0
0.0
0.0
0.0
0.0
0.0
0.0
-2.0
0.0
0.0
0.0
1.0
0.0
0.0
0.0
0.0
0.0
0.0
1.0
0.0
0.0
0.0
0.0
0.0
0.0
0.0
0.0
0.0
0.0
0.0
0.0
-1.0
0.0
0.0
0.0
0.0
0.0
0.0
0.0
0.0
0.0
1.0
0.0
0.0
0.0
0.0
1.0
0.0
0.0
0.0
0.0
0.0
0.0
0.0
0.0
1.0
0.0
0.0
0.0
0.0
0.0
0.0
0.0
0.0
0.0
0.0
0.0
0.0
0.0
0.0
0.0
0.0
0.0
0.0
0.0
0.0
0.0
0.0
0.0
0.0
0.0
0.0
0.0
0.0
0.0
0.0
0.0
0.0
0.0
0.0
0.0
0.0
0.0
0.0
0.0
0.0
0.0
0.0
0.0
0.0
0.0
0.0
0.0
0.0
0.0
0.0
0.0
0.0
0.0
0.0
0.0
0.0
0.0
0.0
0.0
0.0
0.0
0.0
0.0
0.0
0.0
0.0
0.0
0.0
0.0
0.0
0.0
0.0
0.0
0.0
0.0
0.0
0.0
0.0
0.0
0.0
0.0
0.0
0.0
0.0
0.0
0.0
0.0
0.0
0.0
0.0
0.0
0.0
0.0
0.0
0.0
0.0
0.0
0.0
0.0
0.0
0.0
0.0
0.0
0.0
0.0
0.0
0.0
0.0
0.0
0.0
0.0
0.0
0.0
0.0
0.0
0.0
0.0
0.0
0.0
0.0
0.0
0.0
0.0
0.0
0.0
0.0
0.0
0.0
0.0
1.0
0.0
0.0
0.0
0.0
0.0
0.0
0.0
0.0
0.0
0.0
0.0
0.0
0.0
0.0
0.0
0.0
0.0
0.0
0.0
0.0
0.0
0.0
0.0
0.0
0.0
0.0
0.0
0.0
0.0
0.0
0.0
0.0
0.0
0.0
0.0
0.0
0.0
0.0
0.0
0.0
0.0
0.0
0.0
0.0
0.0
0.0
0.0
0.0
0.0
0.0
0.0
0.0
0.0
0.0
0.0
0.0
0.0
0.0
0.0
0.0
0.0
0.0
0.0
0.0
0.0
0.0
0.0
0.0
0.0
0.0
0.0
0.0
0.0
0.0
0.0
0.0
0.0
0.0
0.0
0.0
0.0
0.0
0.0
1.0
0.0
0.0
0.0
0.0
0.0
0.0
0.0
0.0
0.0
0.0
0.0
0.0
0.0
0.0
0.0
0.0
0.0
0.0
0.0
0.0
0.0
0.0
0.0
0.0
0.0
0.0
0.0
0.0
0.0
-1.0
0.0
0.0
0.0
0.0
0.0
0.0
0.0
0.0
0.0
0.0
0.0
0.0
0.0
0.0
0.0
0.0
0.0
0.0
0.0
0.0
0.0
0.0
0.0
0.0
0.0
1.0
0.0
0.0
0.0
0.0
0.0
0.0
0.0
0.0
0.0
0.0
0.0
0.0
0.0
0.0
0.0
0.0
0.0
0.0
0.0
0.0
0.0
0.0
0.0
-1.0
0.0
0.0
0.0
0.0
0.0
0.0
0.0
0.0
0.0
0.0
0.0
0.0
0.0
0.0
0.0
0.0
0.0
0.0
0.0
0.0
0.0
-1.0
0.0
1.0
0.0
-1.0
-2.0
-1.0
0.0
0.0
0.0
0.0
0.0
0.0
0.0
0.0
0.0
1.0
0.0
0.0
0.0
0.0
0.0
0.0
0.0
0.0
0.0
0.0
0.0
0.0
0.0
0.0
0.0
0.0
0.0
0.0
0.0
0.0
0.0
0.0
0.0
0.0
0.0
0.0
0.0
0.0
0.0
0.0
0.0
0.0
0.0
0.0
0.0
0.0
0.0
0.0
0.0
0.0
0.0
0.0
0.0
0.0
0.0
0.0
0.0
1.0
0.0
0.0
0.0
0.0
0.0
0.0
0.0
0.0
0.0
0.0
0.0
0.0
0.0
0.0
0.0
0.0
0.0
0.0
0.0
0.0
0.0
0.0
0.0
0.0
0.0
0.0
0.0
0.0
0.0
0.0
0.0
0.0
0.0
0.0
0.0
0.0
0.0
0.0
0.0
0.0
0.0
0.0
0.0
0.0
-1.0
0.0
0.0
0.0
0.0
-1.0
0.0
0.0
0.0
0.0
0.0
0.0
0.0
0.0
0.0
0.0
0.0
0.0
0.0
0.0
0.0
0.0
0.0
0.0
0.0
0.0
0.0
0.0
0.0
0.0
0.0
0.0
0.0
0.0
0.0
0.0
0.0
0.0
0.0
0.0
0.0
0.0
0.0
0.0
0.0
0.0
0.0
0.0
0.0
0.0
0.0
0.0
0.0
0.0
0.0
0.0
0.0
0.0
0.0
0.0
0.0
0.0
0.0
0.0
0.0
0.0
0.0
0.0
0.0
0.0
0.0
0.0
0.0
0.0
0.0
0.0
0.0
0.0
0.0
0.0
0.0
0.0
1.0
0.0
0.0
0.0
0.0
0.0
0.0
0.0
0.0
0.0
0.0
0.0
0.0
0.0
0.0
0.0
0.0
-1.0
0.0
0.0
0.0
0.0
0.0
0.0
0.0
0.0
0.0
0.0
0.0
0.0
0.0
0.0
0.0
0.0
0.0
-1.0
0.0
0.0
-1.0
0.0
0.0
0.0
-1.0
0.0
0.0
0.0
0.0
1.0
0.0
0.0
0.0
0.0
0.0
0.0
0.0
0.0
0.0
0.0
0.0
0.0
0.0
0.0
0.0
0.0
0.0
0.0
0.0
0.0
0.0
0.0
0.0
0.0
0.0
0.0
0.0
0.0
0.0
0.0
0.0
0.0
0.0
0.0
0.0
0.0
0.0
0.0
0.0
0.0
1.0
0.0
0.0
0.0
0.0
0.0
0.0
0.0
0.0
1.0
0.0
0.0
0.0
0.0
0.0
0.0
0.0
0.0
0.0
0.0
0.0
0.0
0.0
0.0
0.0
0.0
0.0
0.0
0.0
0.0
0.0
0.0
0.0
0.0
1.0
0.0
0.0
0.0
0.0
0.0
0.0
0.0
0.0
0.0
0.0
0.0
0.0
0.0
0.0
0.0
0.0
0.0
0.0
0.0
0.0
0.0
0.0
0.0
0.0
0.0
0.0
0.0
0.0
0.0
0.0
0.0
0.0
0.0
0.0
0.0
0.0
0.0
0.0
0.0
0.0
0.0
0.0
0.0
0.0
0.0
0.0
0.0
0.0
0.0
0.0
0.0
0.0
0.0
0.0
0.0
0.0
0.0
0.0
0.0
0.0
0.0
0.0
0.0
0.0
0.0
0.0
0.0
0.0
0.0
0.0
0.0
0.0
-1.0
0.0
0.0
0.0
0.0
-1.0
0.0
0.0
0.0
0.0
0.0
0.0
0.0
1.0
0.0
0.0
0.0
0.0
0.0
0.0
0.0
0.0
0.0
0.0
0.0
0.0
0.0
0.0
0.0
0.0
0.0
0.0
0.0
0.0
0.0
-1.0
0.0
0.0
0.0
0.0
0.0
0.0
0.0
0.0
0.0
0.0
0.0
-1.0
0.0
0.0
0.0
0.0
0.0
0.0
0.0
0.0
0.0
0.0
0.0
0.0
0.0
0.0
0.0
0.0
0.0
1.0
0.0
0.0
0.0
0.0
0.0
0.0
0.0
-1.0
0.0
0.0
0.0
0.0
0.0
0.0
0.0
0.0
0.0
0.0
0.0
0.0
0.0
0.0
0.0
0.0
0.0
0.0
0.0
0.0
0.0
0.0
0.0
0.0
0.0
0.0
0.0
0.0
0.0
0.0
0.0
0.0
0.0
0.0
0.0
0.0
0.0
0.0
0.0
0.0
0.0
0.0
0.0
0.0
-1.0
0.0
0.0
0.0
0.0
0.0
0.0
0.0
0.0
0.0
0.0
0.0
0.0
0.0
0.0
0.0
0.0
0.0
0.0
0.0
-1.0
0.0
0.0
0.0
-1.0
0.0
0.0
0.0
0.0
0.0
0.0
0.0
-1.0
0.0
0.0
0.0
0.0
0.0
0.0
0.0
0.0
0.0
-1.0
0.0
0.0
0.0
0.0
0.0
0.0
0.0
0.0
0.0
0.0
0.0
0.0
1.0
0.0
0.0
0.0
-1.0
0.0
0.0
-1.0
-1.0
0.0
0.0
0.0
0.0
0.0
0.0
0.0
0.0
0.0
0.0
0.0
0.0
0.0
0.0
0.0
0.0
0.0
0.0
0.0
0.0
0.0
0.0
0.0
0.0
0.0
0.0
0.0
0.0
0.0
0.0
0.0
0.0
0.0
0.0
0.0
1.0
0.0
0.0
0.0
-1.0
0.0
0.0
0.0
0.0
0.0
0.0
0.0
0.0
0.0
0.0
0.0
0.0
-1.0
0.0
0.0
0.0
0.0
0.0
1.0
0.0
0.0
0.0
0.0
0.0
0.0
0.0
0.0
0.0
0.0
0.0
0.0
0.0
0.0
0.0
0.0
0.0
0.0
0.0
0.0
0.0
0.0
0.0
0.0
0.0
0.0
0.0
1.0
0.0
0.0
0.0
0.0
0.0
0.0
0.0
0.0
0.0
0.0
0.0
0.0
0.0
-1.0
0.0
0.0
0.0
-1.0
0.0
1.0
0.0
0.0
1.0
1.0
0.0
0.0
0.0
0.0
0.0
0.0
0.0
0.0
0.0
0.0
0.0
1.0
0.0
0.0
0.0
0.0
0.0
0.0
0.0
1.0
0.0
0.0
0.0
1.0
0.0
0.0
0.0
0.0
0.0
-1.0
0.0
0.0
0.0
0.0
0.0
0.0
0.0
0.0
0.0
0.0
0.0
0.0
0.0
0.0
0.0
1.0
0.0
0.0
1.0
0.0
0.0
0.0
0.0
0.0
0.0
0.0
0.0
0.0
0.0
0.0
1.0
0.0
0.0
0.0
0.0
0.0
0.0
0.0
0.0
-1.0
0.0
0.0
0.0
0.0
0.0
0.0
0.0
0.0
0.0
1.0
0.0
0.0
0.0
0.0
2.0
0.0
0.0
0.0
0.0
0.0
0.0
0.0
0.0
0.0
0.0
0.0
0.0
0.0
0.0
0.0
0.0
0.0
0.0
0.0
0.0
0.0
0.0
0.0
0.0
1.0
0.0
0.0
0.0
0.0
0.0
0.0
0.0
1.0
0.0
0.0
0.0
0.0
0.0
0.0
0.0
0.0
0.0
-1.0
0.0
0.0
0.0
0.0
0.0
0.0
0.0
0.0
0.0
0.0
0.0
0.0
0.0
0.0
0.0
-1.0
0.0
-1.0
0.0
0.0
0.0
0.0
0.0
0.0
0.0
0.0
1.0
0.0
0.0
0.0
0.0
0.0
0.0
0.0
0.0
0.0
0.0
0.0
0.0
1.0
0.0
0.0
0.0
0.0
0.0
0.0
0.0
0.0
0.0
0.0
0.0
0.0
0.0
0.0
0.0
0.0
0.0
0.0
0.0
0.0
0.0
0.0
0.0
0.0
-1.0
0.0
0.0
0.0
0.0
0.0
0.0
0.0
0.0
0.0
0.0
0.0
0.0
0.0
0.0
0.0
0.0
0.0
0.0
0.0
0.0
0.0
0.0
0.0
0.0
0.0
0.0
0.0
1.0
0.0
0.0
0.0
0.0
0.0
0.0
0.0
0.0
0.0
0.0
0.0
0.0
0.0
-2.0
0.0
0.0
0.0
0.0
0.0
0.0
0.0
0.0
0.0
0.0
0.0
0.0
1.0
0.0
0.0
0.0
0.0
0.0
0.0
0.0
0.0
0.0
0.0
0.0
-1.0
0.0
0.0
0.0
1.0
0.0
0.0
0.0
0.0
0.0
0.0
0.0
0.0
0.0
0.0
0.0
0.0
0.0
0.0
0.0
1.0
0.0
0.0
0.0
0.0
0.0
0.0
0.0
0.0
0.0
0.0
0.0
0.0
0.0
0.0
1.0
0.0
0.0
0.0
0.0
0.0
0.0
0.0
0.0
0.0
0.0
0.0
0.0
0.0
0.0
0.0
0.0
0.0
0.0
0.0
0.0
0.0
0.0
0.0
0.0
0.0
0.0
0.0
0.0
0.0
0.0
0.0
0.0
0.0
0.0
0.0
0.0
0.0
0.0
0.0
0.0
0.0
0.0
0.0
0.0
0.0
0.0
0.0
0.0
0.0
0.0
0.0
0.0
0.0
0.0
0.0
0.0
0.0
0.0
0.0
0.0
0.0
0.0
0.0
0.0
0.0
0.0
0.0
0.0
0.0
0.0
0.0
0.0
0.0
0.0
0.0
0.0
0.0
0.0
0.0
0.0
0.0
0.0
0.0
0.0
0.0
0.0
0.0
0.0
0.0
0.0
0.0
0.0
0.0
0.0
0.0
0.0
0.0
0.0
0.0
0.0
0.0
0.0
0.0
0.0
0.0
0.0
0.0
0.0
0.0
0.0
0.0
0.0
0.0
0.0
0.0
0.0
0.0
0.0
0.0
0.0
0.0
0.0
0.0
0.0
0.0
0.0
0.0
0.0
0.0
0.0
0.0
0.0
0.0
2212.0
286720.0
26552.0
290816.0
0.0
0.0
0.0
0.0
0.0
0.0
0.0
0.0
0.0
0.0
0.0
0.0
0.0
0.0
0.0
0.0
0.0
0.0
0.0
0.0
0.0
0.0
0.0
0.0
