0.1439818
0.008788047
0.0050323447
0.0023982397
0.012690548
0.0009104734
0.001926509
0.0013706584
0.008469712
0.0009830474
0.006102811
0.001575185
0.007912212
0.0006185281
0.0008675888
0.008319615
0.01207202
0.00093026634
0.0061885803
0.0008741864
0.005932922
0.0005772929
0.00075213023
0.0051708953
0.0030184174
0.00048162724
0.0005772929
0.00087748526
0.002779253
0.00058553996
0.0007257397
0.00091542164
0.0018572338
0.000630074
0.0004304956
0.00072738907
0.017389713
0.0006614128
0.002088151
0.0015867308
0.0020205253
0.0017978551
0.002076605
0.004451753
0.0007042974
0.00057894236
0.00070264796
0.0017302294
0.0019116643
0.0026885357
0.00061357993
0.0013970488
0.0008708876
0.00036616865
0.00058224116
0.0006927515
0.001538898
0.0011892234
0.00087583583
0.0029656363
0.00088738167
0.0011529365
0.002193713
0.0012848891
0.0060780696
0.00225804
0.003671583
0.0064838245
0.011659668
0.018946754
0.0064376406
0.0019166125
0.0029656363
0.0007867678
0.0011859246
0.0036550888
0.0014877664
0.0029145046
0.002601117
0.0009698521
0.0025516348
0.00056739646
0.0007653255
0.0020749557
0.0021838166
0.007481716
0.0008675888
0.0011694306
0.0016725
0.0008247042
0.0013211761
0.0023256657
0.0015768344
0.0053424337
0.0010308803
0.0017813611
0.0007537796
0.0009780992
0.0009929439
0.0020419676
0.0009253181
0.0017120859
0.0013690089
0.0011133506
0.0008461465
0.001898469
0.00079171604
0.0020370192
0.0010836613
0.0005080178
0.0008098595
0.008247042
0.0015652885
0.0062496085
0.0013558137
0.003526435
0.005403462
0.0046513313
0.004143314
0.0011958211
0.0014036465
0.00070594676
0.0006581139
0.0023240163
0.0014465312
0.0033268568
0.0012997338
0.002076605
0.002475762
0.0012156139
0.0025582323
0.009096487
0.0037342606
0.007376154
0.0099310875
0.028645275
0.0044682473
0.03147896
0.0007042974
0.030685592
0.00097644975
0.00892
0.0007438832
0.0017582693
0.015552271
0.00037276628
0.00045853553
0.001845688
0.0015454956
0.0022943271
0.0019133136
0.0012073669
0.0016576553
0.0004370932
0.00063832104
0.0014663241
0.0013393196
0.0008082101
0.0009500592
0.0009698521
0.0013442679
0.000872537
0.0011413905
0.0028584248
0.001764867
0.00037111688
0.0017318787
0.0017417752
0.0023965903
0.00084449706
0.0007933654
0.0037738464
0.0012551998
0.0026225592
0.0009269675
0.0014399335
0.001296435
0.00047008137
0.0005327589
0.0012997338
0.0012040681
0.0005690459
0.0027396672
0.0013739571
0.0041647563
0.0015718861
0.010269216
0.023261607
0.005533765
0.0029771822
0.002993676
0.003462108
0.006081369
0.0011529365
0.0014910651
0.0044451556
0.003348299
0.0012799408
0.001753321
0.012888477
0.0022959765
0.0019809394
0.0029375963
0.003942086
0.0046430845
0.00048327664
0.0022085577
0.0019050667
0.0021524779
0.00078346895
0.0027891495
0.00091872044
0.0011001554
0.00032493344
0.0005591494
0.001126546
0.0025862723
0.0005195636
0.0015141568
0.0020865016
0.0024807102
0.0005921376
0.0014712722
0.0037754958
0.0018341421
0.00063502224
0.0012634468
0.0014432323
0.0032790238
0.011565652
0.022029499
0.0032064498
0.011535962
0.004898743
0.0032691273
0.0020205253
0.0045870044
0.00064491865
0.0018209468
0.0008692382
0.0016312648
0.0006102811
0.0018770267
0.0011628328
0.003938787
0.0018522856
0.0023817457
0.0012370562
0.0039701257
0.000945111
0.0022431954
0.002790799
0.003983321
0.0040097116
0.005926324
0.05104589
0.03891709
0.0
0.0
0.0
0.0
0.0
0.0
0.0
0.0
0.0
0.0
0.0
0.0
0.0
0.0
0.0
0.001592904
0.0
2.478585e-06
8.26195e-07
1.65239e-05
0.0
8.26195e-07
6.60956e-06
8.26195e-07
3.30478e-06
4.130975e-06
3.30478e-06
1.65239e-06
0.0
1.4045315e-05
4.461453e-05
0.0015235036
6.60956e-06
4.95717e-06
6.60956e-06
4.130975e-06
5.783365e-06
9.170765e-05
4.130975e-06
7.435755e-06
4.95717e-06
7.435755e-06
3.30478e-06
4.95717e-06
6.60956e-06
4.95717e-06
4.95717e-06
0.004163197
4.461453e-05
2.478585e-06
8.26195e-07
1.982868e-05
0.0
8.26195e-07
0.00018837246
8.26195e-07
3.30478e-06
4.130975e-06
3.30478e-06
1.65239e-06
0.0
1.7350096e-05
0.0006254296
0.0027685794
1.4045315e-05
5.5355067e-05
2.5612046e-05
0.00011979828
1.65239e-05
0.00019250343
7.270516e-05
1.65239e-05
1.982868e-05
1.2392925e-05
2.2307266e-05
1.321912e-05
7.435755e-06
6.60956e-06
2.0654876e-05
0.0
0.0
0.0
0.0
0.0
0.0
0.0
0.0
0.0
0.0
0.0
0.0
0.0
0.0
0.0
0.0
0.0
0.0
0.0
0.0
0.0
0.0
0.0
0.0
0.0
0.0
0.0
0.0
0.0
0.0
0.0
0.0
0.0055743377
5.7007455e-05
0.000110710134
0.0002313346
0.000110710134
8.675048e-05
0.00024455372
0.0001321912
0.0001644128
0.00022224645
4.791931e-05
0.00043953574
9.501242e-05
9.170765e-05
0.00018176291
0.00067004416
0.0037426634
5.618126e-05
9.7491014e-05
0.0002660348
0.00015119369
0.00017267476
0.0008782453
0.00037922352
7.766233e-05
4.461453e-05
2.478585e-05
0.00040483556
5.783365e-05
6.0312235e-05
8.014092e-05
0.00027429673
0.005198419
6.857418e-05
0.000110710134
0.00025777283
0.00048910745
0.0002478585
0.0010377009
0.00063369155
0.0010699226
0.0001635866
9.99696e-05
0.0012219424
0.000199113
0.0001338436
0.0012310306
0.0013731361
0.008367703
0.0002478585
0.00030817074
0.00023959656
0.00027016576
0.0003156065
0.0003288256
0.00031891128
0.0049885656
0.0003296518
0.0003660044
0.0048605055
0.00051719806
0.0007130063
0.005089361
0.0015036749
0.017178247
0.0008873334
0.0008757667
0.000999696
0.0017564906
0.00087411434
0.0015788587
0.0011566731
0.010030834
0.0008650262
0.0007981044
0.009316175
0.0011409753
0.0013400883
0.0097267935
0.0023885297
0.011430408
0.00087246194
0.0019638655
0.000923686
0.002558726
0.0011550207
0.0010484415
0.0015135893
0.0059981756
0.0015681181
0.00046762638
0.0016722187
0.0015962088
0.0011459325
0.0019498202
0.0064368853
0.055971406
0.008642
0.014458412
0.0045515085
0.024454545
0.013119977
0.0029412543
0.009674744
0.051246397
0.010690137
0.0037286181
0.008770886
0.015714228
0.00529591
0.013443845
0.038175993
0.020793676
0.0050348323
0.0066897008
0.0026826551
0.0116914855
0.0073837047
0.0024843684
0.005309955
0.023318527
0.0070928843
0.0025190685
0.0065765125
0.008284258
0.0030519643
0.009816849
0.014325395
0.03444572
0.026569605
0.0147806285
0.011036313
0.03244385
0.010185332
0.015287086
0.021979265
0.047871392
0.012473892
0.017825983
0.030318052
0.02525678
0.012952259
0.033261783
0.023870425
629.0
10.077902
6339.0
0.01230478
0.0017352895
0.0011042751
0.0048903613
0.0028395646
0.0048903613
0.0015775359
0.004574854
0.0031550718
0.001893043
0.0017352895
0.008203187
0.0012620287
0.0039438396
0.004574854
0.018614924
0.008518694
0.01624862
0.008203187
0.0055213757
0.0033128255
0.004259347
0.002366304
0.004259347
0.0044171005
0.005363622
0.013409055
0.005048115
0.0031550718
0.001893043
0.0011042751
0.0020507968
0.0025240574
0.0059946366
0.0031550718
0.01009623
0.008991955
0.01845717
0.008676447
0.009938476
0.0041015935
0.011989273
0.0063101435
0.0017352895
0.005679129
0.004732608
0.0063101435
0.0022085502
0.0020507968
0.0017352895
0.0039438396
0.018772677
0.004259347
0.005048115
0.002681811
0.0015775359
0.0012620287
0.014197823
0.0012620287
0.018141663
0.006625651
0.017510649
0.02019246
0.05095441
0.0022085502
0.041173685
0.018930431
0.03912289
0.013093548
0.049534626
0.012147026
0.009780723
0.0077299257
0.032654993
0.004259347
0.019876951
0.02019246
0.020507967
0.023189778
0.02729137
0.010727244
0.01624862
0.037387602
0.033601515
0.056002524
0.012620287
0.0070989113
0.0033128255
0.004574854
0.008991955
0.002366304
0.0020507968
0.0063101435
0.0052058683
0.002681811
0.0015775359
5.899169
0.0
0.0
0.0
1.0
606278.0
352256.0
0.0
0.0
76.0
0.0
1.0
0.0
0.0
55.0
1393483300.0
0.0
0.0
0.0
0.0
0.0
1.0
0.0
0.0
0.0
0.0
0.0
0.0
-1.0
0.0
0.0
-1.0
1.0
0.0
0.0
0.0
0.0
0.0
0.0
0.0
0.0
0.0
0.0
0.0
-1.0
0.0
0.0
0.0
0.0
0.0
0.0
0.0
0.0
0.0
0.0
0.0
0.0
-1.0
0.0
0.0
0.0
0.0
0.0
0.0
0.0
0.0
1.0
0.0
2.0
56.0
4.0
0.0
4.0
0.0
245760.0
512.0
4096.0
2.0
0.0
0.0
2.0
2.0
0.0
0.0
0.0
0.0
0.0
0.0
0.0
0.0
0.0
0.0
0.0
0.0
0.0
0.0
0.0
0.0
0.0
0.0
0.0
0.0
0.0
0.0
0.0
0.0
0.0
0.0
0.0
0.0
0.0
0.0
0.0
0.0
0.0
0.0
0.0
0.0
0.0
0.0
0.0
0.0
0.0
-285184.0
0.0
30208.0
0.0
0.0
0.0
0.0
0.0
0.0
0.0
0.0
0.0
0.0
0.0
0.0
0.0
0.0
0.0
0.0
0.0
0.0
0.0
0.0
0.0
0.0
0.0
0.0
0.0
0.0
0.0
0.0
0.0
0.0
0.0
0.0
0.0
0.0
0.0
0.0
0.0
0.0
0.0
0.0
0.0
0.0
0.0
0.0
0.0
0.0
0.0
-5.779121
0.0
5.6625295
0.0
0.0
0.0
0.0
0.0
0.0
0.0
0.0
0.0
0.0
0.0
0.0
0.0
0.0
0.0
0.0
0.0
0.0
0.0
0.0
0.0
0.0
0.0
0.0
0.0
0.0
0.0
0.0
0.0
0.0
0.0
0.0
0.0
0.0
0.0
0.0
0.0
0.0
0.0
0.0
0.0
0.0
0.0
0.0
0.0
0.0
0.0
-315392.0
0.0
32768.0
0.0
0.0
0.0
0.0
0.0
0.0
0.0
0.0
0.0
-1.0
0.0
0.0
0.0
0.0
0.0
1.0
0.0
0.0
0.0
0.0
0.0
0.0
0.0
0.0
0.0
0.0
0.0
0.0
0.0
0.0
0.0
0.0
0.0
0.0
0.0
0.0
0.0
0.0
0.0
0.0
0.0
0.0
0.0
0.0
0.0
-2.0
0.0
0.0
0.0
1.0
0.0
0.0
0.0
0.0
0.0
0.0
1.0
0.0
0.0
0.0
0.0
0.0
0.0
0.0
0.0
0.0
0.0
0.0
0.0
-1.0
0.0
0.0
0.0
0.0
0.0
0.0
0.0
0.0
0.0
1.0
0.0
0.0
0.0
0.0
1.0
0.0
0.0
0.0
0.0
0.0
0.0
0.0
0.0
1.0
0.0
0.0
0.0
0.0
0.0
0.0
0.0
0.0
0.0
0.0
0.0
0.0
0.0
0.0
0.0
0.0
0.0
0.0
0.0
0.0
0.0
0.0
0.0
0.0
0.0
0.0
0.0
0.0
0.0
0.0
0.0
0.0
0.0
0.0
0.0
0.0
0.0
0.0
0.0
0.0
0.0
0.0
0.0
0.0
0.0
0.0
0.0
0.0
0.0
0.0
0.0
0.0
0.0
0.0
0.0
0.0
0.0
0.0
0.0
0.0
0.0
0.0
0.0
0.0
0.0
0.0
0.0
0.0
0.0
0.0
0.0
0.0
0.0
0.0
0.0
0.0
0.0
0.0
0.0
0.0
0.0
0.0
0.0
0.0
0.0
0.0
0.0
0.0
0.0
0.0
0.0
0.0
0.0
0.0
0.0
0.0
0.0
0.0
0.0
0.0
0.0
0.0
0.0
0.0
0.0
0.0
0.0
0.0
0.0
0.0
0.0
0.0
0.0
0.0
0.0
0.0
0.0
0.0
0.0
0.0
0.0
0.0
0.0
0.0
0.0
0.0
0.0
0.0
0.0
1.0
0.0
0.0
0.0
0.0
0.0
0.0
0.0
0.0
0.0
0.0
0.0
0.0
0.0
0.0
0.0
0.0
0.0
0.0
0.0
0.0
0.0
0.0
0.0
0.0
0.0
0.0
0.0
0.0
0.0
0.0
0.0
0.0
0.0
0.0
0.0
0.0
0.0
0.0
0.0
0.0
0.0
0.0
0.0
0.0
0.0
0.0
0.0
0.0
0.0
0.0
0.0
0.0
0.0
0.0
0.0
0.0
0.0
0.0
0.0
0.0
0.0
0.0
0.0
0.0
0.0
0.0
0.0
0.0
0.0
0.0
0.0
0.0
0.0
0.0
0.0
0.0
0.0
0.0
0.0
0.0
0.0
0.0
0.0
1.0
0.0
0.0
0.0
0.0
0.0
0.0
0.0
0.0
0.0
0.0
0.0
0.0
0.0
0.0
0.0
0.0
0.0
0.0
0.0
0.0
0.0
0.0
0.0
0.0
0.0
0.0
0.0
0.0
0.0
-1.0
0.0
0.0
0.0
0.0
0.0
0.0
0.0
0.0
0.0
0.0
0.0
0.0
0.0
0.0
0.0
0.0
0.0
0.0
0.0
0.0
0.0
0.0
0.0
0.0
0.0
1.0
0.0
0.0
0.0
0.0
0.0
0.0
0.0
0.0
0.0
0.0
0.0
0.0
0.0
0.0
0.0
0.0
0.0
0.0
0.0
0.0
0.0
0.0
0.0
-1.0
0.0
0.0
0.0
0.0
0.0
0.0
0.0
0.0
0.0
0.0
0.0
0.0
0.0
0.0
0.0
0.0
0.0
0.0
0.0
0.0
0.0
-1.0
0.0
1.0
0.0
-1.0
-2.0
-1.0
0.0
0.0
0.0
0.0
0.0
0.0
0.0
0.0
0.0
1.0
0.0
0.0
0.0
0.0
0.0
0.0
0.0
0.0
0.0
0.0
0.0
0.0
0.0
0.0
0.0
0.0
0.0
0.0
0.0
0.0
0.0
0.0
0.0
0.0
0.0
0.0
0.0
0.0
0.0
0.0
0.0
0.0
0.0
0.0
0.0
0.0
0.0
0.0
0.0
0.0
0.0
0.0
0.0
0.0
0.0
0.0
0.0
1.0
0.0
0.0
0.0
0.0
0.0
0.0
0.0
0.0
0.0
0.0
0.0
0.0
0.0
0.0
0.0
0.0
0.0
0.0
0.0
0.0
0.0
0.0
0.0
0.0
0.0
0.0
0.0
0.0
0.0
0.0
0.0
0.0
0.0
0.0
0.0
0.0
0.0
0.0
0.0
0.0
0.0
0.0
0.0
0.0
-1.0
0.0
0.0
0.0
0.0
-1.0
0.0
0.0
0.0
0.0
0.0
0.0
0.0
0.0
0.0
0.0
0.0
0.0
0.0
0.0
0.0
0.0
0.0
0.0
0.0
0.0
0.0
0.0
0.0
0.0
0.0
0.0
0.0
0.0
0.0
0.0
0.0
0.0
0.0
0.0
0.0
0.0
0.0
0.0
0.0
0.0
0.0
0.0
0.0
0.0
0.0
0.0
0.0
0.0
0.0
0.0
0.0
0.0
0.0
0.0
0.0
0.0
0.0
0.0
0.0
0.0
0.0
0.0
0.0
0.0
0.0
0.0
0.0
0.0
0.0
0.0
0.0
0.0
0.0
0.0
0.0
0.0
1.0
0.0
0.0
0.0
0.0
0.0
0.0
0.0
0.0
0.0
0.0
0.0
0.0
0.0
0.0
0.0
0.0
-1.0
0.0
0.0
0.0
0.0
0.0
0.0
0.0
0.0
0.0
0.0
0.0
0.0
0.0
0.0
0.0
0.0
0.0
-1.0
0.0
0.0
-1.0
0.0
0.0
0.0
-1.0
0.0
0.0
0.0
0.0
1.0
0.0
0.0
0.0
0.0
0.0
0.0
0.0
0.0
0.0
0.0
0.0
0.0
0.0
0.0
0.0
0.0
0.0
0.0
0.0
0.0
0.0
0.0
0.0
0.0
0.0
0.0
0.0
0.0
0.0
0.0
0.0
0.0
0.0
0.0
0.0
0.0
0.0
0.0
0.0
0.0
1.0
0.0
0.0
0.0
0.0
0.0
0.0
0.0
0.0
1.0
0.0
0.0
0.0
0.0
0.0
0.0
0.0
0.0
0.0
0.0
0.0
0.0
0.0
0.0
0.0
0.0
0.0
0.0
0.0
0.0
0.0
0.0
0.0
0.0
1.0
0.0
0.0
0.0
0.0
0.0
0.0
0.0
0.0
0.0
0.0
0.0
0.0
0.0
0.0
0.0
0.0
0.0
0.0
0.0
0.0
0.0
0.0
0.0
0.0
0.0
0.0
0.0
0.0
0.0
0.0
0.0
0.0
0.0
0.0
0.0
0.0
0.0
0.0
0.0
0.0
0.0
0.0
0.0
0.0
0.0
0.0
0.0
0.0
0.0
0.0
0.0
0.0
0.0
0.0
0.0
0.0
0.0
0.0
0.0
0.0
0.0
0.0
0.0
0.0
0.0
0.0
0.0
0.0
0.0
0.0
0.0
0.0
-1.0
0.0
0.0
0.0
0.0
-1.0
0.0
0.0
0.0
0.0
0.0
0.0
0.0
1.0
0.0
0.0
0.0
0.0
0.0
0.0
0.0
0.0
0.0
0.0
0.0
0.0
0.0
0.0
0.0
0.0
0.0
0.0
0.0
0.0
0.0
-1.0
0.0
0.0
0.0
0.0
0.0
0.0
0.0
0.0
0.0
0.0
0.0
-1.0
0.0
0.0
0.0
0.0
0.0
0.0
0.0
0.0
0.0
0.0
0.0
0.0
0.0
0.0
0.0
0.0
0.0
1.0
0.0
0.0
0.0
0.0
0.0
0.0
0.0
-1.0
0.0
0.0
0.0
0.0
0.0
0.0
0.0
0.0
0.0
0.0
0.0
0.0
0.0
0.0
0.0
0.0
0.0
0.0
0.0
0.0
0.0
0.0
0.0
0.0
0.0
0.0
0.0
0.0
0.0
0.0
0.0
0.0
0.0
0.0
0.0
0.0
0.0
0.0
0.0
0.0
0.0
0.0
0.0
0.0
-1.0
0.0
0.0
0.0
0.0
0.0
0.0
0.0
0.0
0.0
0.0
0.0
0.0
0.0
0.0
0.0
0.0
0.0
0.0
0.0
-1.0
0.0
0.0
0.0
-1.0
0.0
0.0
0.0
0.0
0.0
0.0
0.0
-1.0
0.0
0.0
0.0
0.0
0.0
0.0
0.0
0.0
0.0
-1.0
0.0
0.0
0.0
0.0
0.0
0.0
0.0
0.0
0.0
0.0
0.0
0.0
1.0
0.0
0.0
0.0
-1.0
0.0
0.0
-1.0
-1.0
0.0
0.0
0.0
0.0
0.0
0.0
0.0
0.0
0.0
0.0
0.0
0.0
0.0
0.0
0.0
0.0
0.0
0.0
0.0
0.0
0.0
0.0
0.0
0.0
0.0
0.0
0.0
0.0
0.0
0.0
0.0
0.0
0.0
0.0
0.0
1.0
0.0
0.0
0.0
-1.0
0.0
0.0
0.0
0.0
0.0
0.0
0.0
0.0
0.0
0.0
0.0
0.0
-1.0
0.0
0.0
0.0
0.0
0.0
1.0
0.0
0.0
0.0
0.0
0.0
0.0
0.0
0.0
0.0
0.0
0.0
0.0
0.0
0.0
0.0
0.0
0.0
0.0
0.0
0.0
0.0
0.0
0.0
0.0
0.0
0.0
0.0
1.0
0.0
0.0
0.0
0.0
0.0
0.0
0.0
0.0
0.0
0.0
0.0
0.0
0.0
-1.0
0.0
0.0
0.0
-1.0
0.0
1.0
0.0
0.0
1.0
1.0
0.0
0.0
0.0
0.0
0.0
0.0
0.0
0.0
0.0
0.0
0.0
1.0
0.0
0.0
0.0
0.0
0.0
0.0
0.0
1.0
0.0
0.0
0.0
1.0
0.0
0.0
0.0
0.0
0.0
-1.0
0.0
0.0
0.0
0.0
0.0
0.0
0.0
0.0
0.0
0.0
0.0
0.0
0.0
0.0
0.0
1.0
0.0
0.0
1.0
0.0
0.0
0.0
0.0
0.0
0.0
0.0
0.0
0.0
0.0
0.0
1.0
0.0
0.0
0.0
0.0
0.0
0.0
0.0
0.0
-1.0
0.0
0.0
0.0
0.0
0.0
0.0
0.0
0.0
0.0
1.0
0.0
0.0
0.0
0.0
2.0
0.0
0.0
0.0
0.0
0.0
0.0
0.0
0.0
0.0
0.0
0.0
0.0
0.0
0.0
0.0
0.0
0.0
0.0
0.0
0.0
0.0
0.0
0.0
0.0
1.0
0.0
0.0
0.0
0.0
0.0
0.0
0.0
1.0
0.0
0.0
0.0
0.0
0.0
0.0
0.0
0.0
0.0
-1.0
0.0
0.0
0.0
0.0
0.0
0.0
0.0
0.0
0.0
0.0
0.0
0.0
0.0
0.0
0.0
-1.0
0.0
-1.0
0.0
0.0
0.0
0.0
0.0
0.0
0.0
0.0
1.0
0.0
0.0
0.0
0.0
0.0
0.0
0.0
0.0
0.0
0.0
0.0
0.0
1.0
0.0
0.0
0.0
0.0
0.0
0.0
0.0
0.0
0.0
0.0
0.0
0.0
0.0
0.0
0.0
0.0
0.0
0.0
0.0
0.0
0.0
0.0
0.0
0.0
-1.0
0.0
0.0
0.0
0.0
0.0
0.0
0.0
0.0
0.0
0.0
0.0
0.0
0.0
0.0
0.0
0.0
0.0
0.0
0.0
0.0
0.0
0.0
0.0
0.0
0.0
0.0
0.0
1.0
0.0
0.0
0.0
0.0
0.0
0.0
0.0
0.0
0.0
0.0
0.0
0.0
0.0
-2.0
0.0
0.0
0.0
0.0
0.0
0.0
0.0
0.0
0.0
0.0
0.0
0.0
1.0
0.0
0.0
0.0
0.0
0.0
0.0
0.0
0.0
0.0
0.0
0.0
-1.0
0.0
0.0
0.0
1.0
0.0
0.0
0.0
0.0
0.0
0.0
0.0
0.0
0.0
0.0
0.0
0.0
0.0
0.0
0.0
1.0
0.0
0.0
0.0
0.0
0.0
0.0
0.0
0.0
0.0
0.0
0.0
0.0
0.0
0.0
1.0
0.0
0.0
0.0
0.0
0.0
0.0
0.0
0.0
0.0
0.0
0.0
0.0
0.0
0.0
0.0
0.0
0.0
0.0
0.0
0.0
0.0
0.0
0.0
0.0
0.0
0.0
0.0
0.0
0.0
0.0
0.0
0.0
0.0
0.0
0.0
0.0
0.0
0.0
0.0
0.0
0.0
0.0
0.0
0.0
0.0
0.0
0.0
0.0
0.0
0.0
0.0
0.0
0.0
0.0
0.0
0.0
0.0
0.0
0.0
0.0
0.0
0.0
0.0
0.0
0.0
0.0
0.0
0.0
0.0
0.0
0.0
0.0
0.0
0.0
0.0
0.0
0.0
0.0
0.0
0.0
0.0
0.0
0.0
0.0
0.0
0.0
0.0
0.0
0.0
0.0
0.0
0.0
0.0
0.0
0.0
0.0
0.0
0.0
0.0
0.0
0.0
0.0
0.0
0.0
0.0
0.0
0.0
0.0
0.0
0.0
0.0
0.0
0.0
0.0
0.0
0.0
0.0
0.0
0.0
0.0
0.0
0.0
0.0
0.0
0.0
0.0
0.0
0.0
0.0
0.0
0.0
0.0
0.0
100.0
286720.0
26560.0
319488.0
0.0
0.0
0.0
0.0
0.0
0.0
0.0
0.0
0.0
0.0
0.0
0.0
0.0
0.0
0.0
0.0
0.0
0.0
0.0
0.0
0.0
0.0
0.0
0.0
