0.7104829
0.0025695409
0.001513883
0.0014984156
0.0019895092
0.0009995882
0.0006322347
0.0007366404
0.0029813636
0.0007308401
0.0008971159
0.00056843116
0.0017980987
0.00088938215
0.00052009523
0.0013147388
0.0014829481
0.00070377195
0.0005007608
0.0005142949
0.0011155945
0.0014539465
0.0005548971
0.0004659589
0.0007501745
0.0004156895
0.00045822514
0.0004717592
0.0006245009
0.00047369266
0.00052782893
0.00049496046
0.0017168942
0.0005258955
0.0004176229
0.00056843116
0.00080044393
0.0007598417
0.00039055475
0.0004756261
0.0005258955
0.00060516654
0.0004408242
0.0005529637
0.0005142949
0.00048722673
0.00058003183
0.00044855796
0.00086618087
0.00076370855
0.00075210794
0.0013379401
0.00066897005
0.0008565137
0.0008971159
0.0007443742
0.00085071335
0.0008951824
0.0007366404
0.0015738197
0.00090098276
0.0009879875
0.00090098276
0.00077724265
0.0008797149
0.0009976547
0.0020397785
0.0028170212
0.00097252004
0.0045223148
0.0008236452
0.0006496356
0.0009299844
0.0006341681
0.00054716336
0.0006264344
0.0007559748
0.003186308
0.00066897005
0.0005026942
0.0016608244
0.0017420289
0.0013688751
0.000783043
0.0006090334
0.0032752464
0.0007366404
0.0006477022
0.00052009523
0.00049496046
0.00051816175
0.00071343913
0.00058196526
0.0009280509
0.0008217117
0.0007559748
0.000589699
0.0010962602
0.0006515691
0.00091451686
0.0009473853
0.0015757531
0.0008913156
0.00074244075
0.0016917594
0.0010807926
0.001834834
0.00073277357
0.0012141999
0.00067477033
0.0010382569
0.001003455
0.000831379
0.00055683055
0.001082726
0.0011639305
0.002221522
0.002080381
0.0006883044
0.0005742315
0.0007115057
0.00076564203
0.00067863724
0.0006264344
0.0007211729
0.0016395566
0.00052202865
0.0005046277
0.0008236452
0.00097252004
0.00047755954
0.0048432657
0.0010363235
0.0021944537
0.00046015857
0.0004659589
0.0010382569
0.0029136932
0.00093578466
0.00930371
0.00092418405
0.002362663
0.0005162283
0.00052202865
0.0008197783
0.00054329645
0.00046402545
0.00047369266
0.0008835818
0.0010247229
0.00052782893
0.0004156895
0.0005142949
0.0004659589
0.0007250398
0.00046789233
0.00080044393
0.00047949297
0.0004156895
0.0004408242
0.00055683055
0.001100127
0.00056649774
0.0005780984
0.00056069746
0.00048335985
0.0004176229
0.0004756261
0.000589699
0.00038668787
0.0004910936
0.00050849456
0.0005142949
0.0005877656
0.00043115698
0.00040795573
0.0006129003
0.0004369573
0.0004156895
0.0004176229
0.000589699
0.00045435826
0.00043889074
0.0003480191
0.0008101111
0.00049302704
0.00051816175
0.0004118226
0.0005974328
0.0006225675
0.00086038053
0.00045822514
0.0016434235
0.0009899209
0.0007250398
0.0009299844
0.0018561018
0.00041955637
0.0006515691
0.0014597467
0.0007057054
0.000831379
0.000541363
0.00040988915
0.045147743
0.0006225675
0.00080624426
0.000541363
0.0008236452
0.00051236147
0.0008197783
0.0005761649
0.00069410476
0.00036542004
0.00048142642
0.00047755954
0.0007714423
0.00040408885
0.00046982578
0.00043889074
0.00077337574
0.00041955637
0.00055683055
0.0005355627
0.0010653251
0.00056069746
0.00074244075
0.00050849456
0.0010440573
0.00080044393
0.0004214898
0.00056069746
0.002586942
0.0010537244
0.000541363
0.0016511573
0.001597021
0.00045242484
0.0005374962
0.00056843116
0.0011349289
0.00042342322
0.0008913156
0.0008545802
0.0020397785
0.0005297624
0.0005142949
0.0008797149
0.00224859
0.0007095723
0.0007095723
0.00068057067
0.0028576234
0.00093965157
0.0008971159
0.009988148
0.64875525
2.906436e-06
1.9376241e-06
9.688121e-07
1.5500993e-05
0.0
1.9376241e-06
3.8752482e-06
3.8752482e-06
6.781684e-06
0.0
9.688121e-07
0.027777778
0.0
1.9376241e-06
1.3563368e-05
0.005745055
1.8407429e-05
8.719308e-06
1.0656932e-05
2.2282677e-05
1.453218e-05
4.5534165e-05
3.390842e-05
4.84406e-06
1.9376241e-06
1.0656932e-05
1.9376241e-06
0.0018785265
9.688121e-07
0.0
0.00013854011
0.0054030647
4.9409413e-05
4.1658917e-05
1.8407429e-05
3.6814858e-05
1.0656932e-05
1.6469805e-05
3.293961e-05
5.328466e-05
1.937624e-05
1.7438617e-05
1.0656932e-05
2.6157924e-05
2.1313865e-05
1.1625744e-05
0.00018310547
0.0098828515
9.397476e-05
0.00010947575
4.6502977e-05
0.000105600506
4.4565353e-05
0.00016857329
8.9130706e-05
7.556734e-05
2.906436e-05
4.0690105e-05
2.42203e-05
0.00093102833
4.0690105e-05
2.42203e-05
0.00019860646
0.0032387385
2.0345053e-05
8.428664e-05
4.9409413e-05
7.3629715e-05
4.747179e-05
0.00027708022
0.00014241536
8.719308e-06
1.9376241e-06
5.812872e-06
2.906436e-06
9.688121e-07
9.688121e-07
9.688121e-07
1.2594556e-05
0.0016983275
1.6469805e-05
9.106833e-05
1.937624e-05
8.0411395e-05
3.390842e-05
9.397476e-05
6.878565e-05
3.778367e-05
3.293961e-05
1.5500993e-05
1.1625744e-05
0.0015578497
4.0690105e-05
2.2282677e-05
0.00014725943
0.0
0.0
0.0
0.0
0.0
0.0
0.0
0.0
0.0
0.0
0.0
0.0
0.0
0.0
0.0
0.0
0.0048605297
5.5222285e-05
6.3941596e-05
0.0004514664
0.0002809555
0.00013175844
0.00076342386
0.00039236885
3.293961e-05
0.0001530723
6.1035156e-05
6.878565e-05
0.00011044457
7.169209e-05
9.0099515e-05
0.00034877233
0.0012148903
2.3251489e-05
9.68812e-06
1.7438617e-05
5.9097532e-05
5.1347037e-05
1.9376241e-06
1.937624e-05
8.9130706e-05
2.906436e-06
4.84406e-06
1.937624e-05
0.00032164558
7.7504965e-06
6.878565e-05
7.26609e-05
0.004262773
5.6191097e-05
0.0009261843
0.00079733226
0.0006151956
0.00034199064
0.0024956597
0.001299177
0.00010269407
0.00010656932
6.878565e-05
5.4253473e-05
7.653615e-05
0.00013272725
0.00016857329
0.00040011934
0.0027553013
3.778367e-05
0.00030323816
0.0002838619
0.0004030258
0.0002741738
0.00096493674
0.0005095951
0.0003962441
0.00040883868
0.00019473121
0.0002092634
0.0011538551
0.00014338418
0.00020732576
0.001675076
0.010409885
0.0007324219
0.000855461
0.003654359
0.0010375977
0.00079636346
0.0013263036
0.0011635432
0.0010405041
0.00088258774
0.0007343595
0.00067332434
0.0015035962
0.0007508293
0.00087677484
0.001339867
0.006204272
0.0009436229
0.00036427332
0.0013059586
0.004084511
0.002788241
0.0018368675
0.0018688383
0.006492978
0.0009959388
0.00048343718
0.0006306966
0.005009727
0.0006849501
0.0019608755
0.0040273513
0.021073598
0.0035642593
0.0015733507
0.0021720766
0.008942135
0.0060870457
0.0028570266
0.0040835426
0.016125876
0.001226516
0.0014348106
0.0014193096
0.012616838
0.0017496744
0.006080264
0.012168279
0.0
0.0
0.0
0.0
0.0
0.0
0.0
0.0
0.0
0.0
0.0
0.0
0.0
0.0
0.0
0.0
0.0054563493
0.0054020956
0.0053565614
0.0055842325
0.0056472053
0.0053798133
0.0055793882
0.005514478
0.005224803
0.005525135
0.005575513
0.0053449357
0.005410815
0.005476694
0.005203489
0.0056200786
833.0
13.4994
11245.0
0.03530458
0.003646065
0.0019564251
0.0022232104
0.0024010672
0.00729213
0.0033792797
0.0027567807
0.0032903512
0.0035571365
0.002134282
0.0020453534
0.0023121387
0.005424633
0.008537128
0.0026678524
0.010760338
0.009604269
0.010404624
0.00951534
0.008181414
0.010849266
0.014673188
0.008537128
0.011027123
0.012449978
0.009604269
0.012094264
0.012449978
0.012449978
0.018408181
0.0102267675
0.006313917
0.014228546
0.012094264
0.013517119
0.0102267675
0.010760338
0.014317474
0.00898177
0.008092485
0.00951534
0.0046242774
0.009248555
0.0098710535
0.006491774
0.011827479
0.006491774
0.0073810583
0.006491774
0.008359271
0.010493552
0.005335705
0.0058692754
0.008270343
0.0038239218
0.0048910626
0.0029346377
0.003468208
0.0033792797
0.0033792797
0.004268564
0.003646065
0.007914629
0.0041796356
0.02747888
0.009337483
0.016629614
0.01796354
0.04935527
0.010404624
0.01120498
0.015829258
0.026056025
0.004268564
0.00898177
0.03139173
0.011738551
0.026767451
0.02801245
0.016273899
0.006047132
0.025522454
0.021076033
0.03761672
0.014939973
0.006224989
0.0059582037
0.009604269
0.008892842
0.004268564
0.004713206
0.008537128
0.0070253448
0.0029346377
0.004090707
6.212447
0.0
0.0
0.0
5.0
517213.0
585728.0
1.0
0.0
62.0
0.0
1.0
0.0
0.0
0.0
1198996700.0
0.0
0.0
0.0
0.0
0.0
1.0
0.0
0.0
0.0
0.0
0.0
0.0
-1.0
1.0
-1.0
-1.0
0.0
0.0
0.0
0.0
0.0
0.0
0.0
0.0
0.0
0.0
0.0
0.0
-1.0
0.0
0.0
0.0
0.0
0.0
0.0
0.0
0.0
0.0
0.0
0.0
0.0
-1.0
0.0
0.0
0.0
0.0
0.0
0.0
0.0
0.0
0.0
0.0
6.0
0.0
4.0
0.0
4.0
0.0
155648.0
4096.0
4096.0
6.0
0.0
0.0
2.0
4.0
0.0
0.0
0.0
0.0
0.0
-311296.0
0.0
0.0
0.0
0.0
0.0
0.0
0.0
0.0
8192.0
0.0
0.0
0.0
0.0
0.0
0.0
0.0
0.0
0.0
0.0
0.0
0.0
0.0
0.0
0.0
0.0
0.0
-16384.0
0.0
0.0
0.0
0.0
0.0
0.0
0.0
0.0
-155648.0
-4096.0
12288.0
0.0
0.0
0.0
0.0
0.0
0.0
0.0
0.0
0.0
0.0
0.0
-2.0081086
0.0
0.0
0.0
0.0
0.0
0.0
0.0
0.0
4.9525633
0.0
0.0
0.0
0.0
0.0
0.0
0.0
0.0
0.0
0.0
0.0
0.0
0.0
0.0
0.0
0.0
0.0
-0.44404593
0.0
0.0
0.0
0.0
0.0
0.0
0.0
0.0
-3.8974419
-4.1785336
2.659511
0.0
0.0
0.0
0.0
0.0
0.0
0.0
0.0
0.0
0.0
0.0
-311296.0
0.0
0.0
0.0
0.0
0.0
0.0
0.0
0.0
6748.0
0.0
0.0
0.0
0.0
0.0
0.0
0.0
0.0
0.0
0.0
0.0
0.0
0.0
0.0
0.0
0.0
0.0
-87716.0
0.0
0.0
0.0
0.0
0.0
0.0
0.0
0.0
-154512.0
-2532.0
10640.0
0.0
0.0
0.0
0.0
0.0
0.0
0.0
0.0
0.0
-1.0
0.0
0.0
0.0
0.0
0.0
1.0
0.0
0.0
0.0
0.0
0.0
0.0
0.0
0.0
0.0
0.0
0.0
0.0
0.0
0.0
0.0
0.0
0.0
0.0
0.0
0.0
0.0
0.0
0.0
0.0
0.0
0.0
0.0
0.0
0.0
-2.0
0.0
0.0
0.0
1.0
0.0
0.0
0.0
0.0
0.0
0.0
0.0
0.0
0.0
0.0
0.0
0.0
0.0
0.0
0.0
0.0
0.0
0.0
0.0
-1.0
0.0
0.0
0.0
0.0
0.0
0.0
0.0
0.0
0.0
1.0
0.0
0.0
0.0
0.0
1.0
0.0
0.0
0.0
0.0
0.0
0.0
0.0
0.0
1.0
0.0
0.0
0.0
0.0
0.0
0.0
0.0
0.0
0.0
0.0
0.0
0.0
0.0
0.0
0.0
0.0
0.0
0.0
0.0
0.0
0.0
0.0
0.0
0.0
0.0
0.0
0.0
0.0
0.0
0.0
0.0
0.0
0.0
0.0
0.0
0.0
0.0
0.0
0.0
0.0
0.0
0.0
-1.0
0.0
0.0
0.0
0.0
0.0
0.0
0.0
0.0
0.0
0.0
0.0
0.0
-1.0
0.0
0.0
0.0
0.0
0.0
0.0
0.0
0.0
0.0
0.0
0.0
0.0
0.0
0.0
0.0
0.0
0.0
0.0
0.0
0.0
0.0
0.0
0.0
0.0
0.0
0.0
0.0
0.0
0.0
0.0
0.0
0.0
0.0
0.0
0.0
0.0
0.0
0.0
0.0
0.0
0.0
0.0
0.0
0.0
0.0
0.0
0.0
0.0
0.0
0.0
0.0
0.0
0.0
0.0
0.0
0.0
-1.0
0.0
0.0
0.0
0.0
0.0
0.0
0.0
0.0
0.0
0.0
0.0
0.0
0.0
0.0
0.0
0.0
1.0
0.0
0.0
0.0
0.0
0.0
0.0
0.0
0.0
0.0
0.0
0.0
0.0
0.0
0.0
0.0
0.0
0.0
0.0
0.0
0.0
0.0
0.0
0.0
0.0
0.0
0.0
0.0
0.0
0.0
0.0
0.0
0.0
0.0
0.0
0.0
0.0
0.0
0.0
0.0
0.0
0.0
0.0
0.0
0.0
0.0
0.0
0.0
0.0
0.0
0.0
0.0
0.0
0.0
0.0
0.0
0.0
0.0
0.0
0.0
0.0
0.0
0.0
0.0
0.0
0.0
0.0
0.0
0.0
0.0
0.0
0.0
0.0
0.0
0.0
0.0
0.0
0.0
0.0
0.0
0.0
0.0
0.0
0.0
0.0
0.0
0.0
0.0
0.0
0.0
0.0
0.0
0.0
0.0
0.0
0.0
0.0
0.0
0.0
0.0
0.0
0.0
0.0
0.0
0.0
0.0
0.0
0.0
0.0
0.0
0.0
0.0
0.0
0.0
0.0
0.0
0.0
0.0
0.0
0.0
0.0
0.0
0.0
0.0
0.0
0.0
0.0
0.0
0.0
0.0
0.0
0.0
0.0
0.0
0.0
0.0
0.0
0.0
0.0
0.0
0.0
0.0
0.0
0.0
0.0
0.0
0.0
0.0
0.0
0.0
0.0
0.0
1.0
0.0
0.0
0.0
0.0
0.0
0.0
0.0
0.0
0.0
0.0
0.0
0.0
0.0
0.0
0.0
0.0
0.0
0.0
0.0
0.0
0.0
0.0
0.0
0.0
0.0
0.0
0.0
0.0
-1.0
0.0
0.0
0.0
0.0
0.0
0.0
0.0
0.0
0.0
0.0
0.0
0.0
0.0
0.0
0.0
0.0
0.0
0.0
0.0
0.0
0.0
0.0
0.0
0.0
0.0
0.0
0.0
0.0
0.0
0.0
0.0
0.0
0.0
0.0
0.0
0.0
0.0
0.0
0.0
0.0
0.0
0.0
0.0
0.0
0.0
0.0
0.0
0.0
0.0
0.0
0.0
0.0
0.0
0.0
0.0
0.0
0.0
0.0
0.0
0.0
1.0
0.0
0.0
1.0
0.0
0.0
0.0
0.0
0.0
0.0
0.0
0.0
0.0
0.0
0.0
0.0
0.0
0.0
0.0
0.0
0.0
0.0
0.0
0.0
0.0
0.0
0.0
0.0
-1.0
0.0
0.0
0.0
0.0
0.0
0.0
0.0
0.0
0.0
0.0
0.0
0.0
0.0
0.0
0.0
0.0
0.0
0.0
0.0
0.0
0.0
0.0
0.0
0.0
0.0
0.0
0.0
0.0
0.0
0.0
0.0
0.0
0.0
0.0
0.0
0.0
0.0
0.0
0.0
0.0
0.0
0.0
0.0
0.0
0.0
0.0
0.0
0.0
0.0
0.0
0.0
0.0
0.0
0.0
0.0
0.0
0.0
0.0
0.0
0.0
0.0
0.0
0.0
0.0
0.0
0.0
0.0
0.0
0.0
0.0
0.0
0.0
0.0
0.0
0.0
0.0
0.0
0.0
0.0
0.0
0.0
0.0
0.0
0.0
0.0
0.0
0.0
0.0
0.0
-1.0
0.0
0.0
0.0
0.0
0.0
0.0
0.0
0.0
0.0
0.0
0.0
0.0
0.0
0.0
0.0
0.0
0.0
0.0
0.0
0.0
0.0
0.0
0.0
0.0
0.0
0.0
0.0
0.0
0.0
0.0
1.0
0.0
0.0
0.0
0.0
0.0
0.0
0.0
0.0
0.0
0.0
0.0
0.0
0.0
0.0
0.0
-1.0
0.0
0.0
0.0
0.0
0.0
0.0
0.0
0.0
0.0
0.0
0.0
-1.0
0.0
-1.0
0.0
0.0
0.0
0.0
0.0
0.0
0.0
0.0
0.0
0.0
0.0
0.0
0.0
0.0
0.0
0.0
0.0
0.0
0.0
0.0
0.0
0.0
0.0
0.0
0.0
0.0
0.0
0.0
0.0
0.0
0.0
0.0
0.0
0.0
0.0
0.0
0.0
0.0
0.0
0.0
-1.0
0.0
0.0
1.0
0.0
0.0
0.0
0.0
0.0
0.0
0.0
0.0
0.0
0.0
0.0
0.0
0.0
0.0
0.0
0.0
0.0
0.0
0.0
0.0
0.0
0.0
0.0
0.0
0.0
0.0
0.0
0.0
0.0
0.0
0.0
0.0
0.0
0.0
0.0
0.0
0.0
0.0
0.0
0.0
0.0
0.0
0.0
-1.0
0.0
0.0
0.0
-1.0
0.0
0.0
0.0
0.0
0.0
0.0
0.0
0.0
0.0
0.0
0.0
0.0
0.0
0.0
0.0
0.0
0.0
0.0
0.0
0.0
0.0
0.0
0.0
0.0
0.0
0.0
0.0
0.0
0.0
0.0
0.0
0.0
0.0
0.0
1.0
0.0
0.0
0.0
0.0
0.0
0.0
0.0
0.0
0.0
0.0
-1.0
0.0
1.0
0.0
0.0
0.0
0.0
0.0
0.0
0.0
0.0
0.0
0.0
0.0
0.0
0.0
0.0
0.0
0.0
0.0
0.0
0.0
0.0
0.0
0.0
0.0
0.0
0.0
0.0
0.0
0.0
1.0
0.0
0.0
0.0
0.0
0.0
0.0
0.0
0.0
0.0
0.0
0.0
0.0
0.0
0.0
0.0
0.0
0.0
0.0
0.0
0.0
0.0
0.0
0.0
0.0
0.0
0.0
0.0
0.0
0.0
0.0
0.0
0.0
0.0
0.0
0.0
0.0
0.0
0.0
-1.0
0.0
0.0
0.0
0.0
0.0
0.0
0.0
0.0
0.0
0.0
0.0
0.0
0.0
0.0
0.0
0.0
0.0
0.0
-1.0
0.0
0.0
0.0
0.0
0.0
0.0
0.0
0.0
0.0
0.0
0.0
0.0
0.0
0.0
0.0
0.0
0.0
0.0
0.0
0.0
0.0
0.0
0.0
0.0
0.0
0.0
0.0
0.0
0.0
0.0
0.0
0.0
0.0
0.0
0.0
0.0
0.0
0.0
0.0
0.0
0.0
0.0
0.0
0.0
0.0
0.0
0.0
0.0
0.0
0.0
0.0
0.0
1.0
0.0
0.0
0.0
0.0
0.0
0.0
0.0
0.0
0.0
0.0
0.0
0.0
0.0
0.0
0.0
1.0
0.0
0.0
-2.0
0.0
0.0
0.0
0.0
0.0
0.0
0.0
0.0
0.0
0.0
1.0
0.0
0.0
0.0
1.0
0.0
0.0
1.0
-1.0
0.0
0.0
0.0
0.0
0.0
0.0
0.0
0.0
0.0
0.0
0.0
-1.0
-1.0
0.0
0.0
0.0
0.0
0.0
1.0
0.0
0.0
0.0
0.0
0.0
0.0
0.0
0.0
0.0
0.0
0.0
0.0
0.0
0.0
0.0
0.0
0.0
1.0
0.0
1.0
0.0
0.0
0.0
0.0
0.0
1.0
0.0
0.0
0.0
0.0
0.0
0.0
0.0
0.0
-1.0
0.0
0.0
0.0
0.0
0.0
0.0
0.0
0.0
0.0
0.0
0.0
0.0
0.0
0.0
1.0
0.0
0.0
0.0
0.0
0.0
0.0
0.0
0.0
0.0
1.0
0.0
0.0
0.0
0.0
0.0
0.0
0.0
0.0
0.0
0.0
0.0
0.0
0.0
0.0
0.0
0.0
0.0
0.0
0.0
0.0
0.0
0.0
0.0
0.0
0.0
0.0
0.0
0.0
0.0
0.0
0.0
0.0
0.0
0.0
0.0
0.0
0.0
0.0
-1.0
0.0
0.0
0.0
0.0
0.0
0.0
0.0
0.0
0.0
0.0
0.0
0.0
0.0
0.0
0.0
0.0
0.0
0.0
-1.0
0.0
0.0
0.0
0.0
1.0
0.0
0.0
0.0
0.0
0.0
0.0
1.0
0.0
0.0
0.0
0.0
0.0
0.0
0.0
0.0
0.0
0.0
0.0
0.0
0.0
0.0
0.0
0.0
0.0
0.0
0.0
0.0
-1.0
0.0
0.0
0.0
0.0
0.0
0.0
0.0
0.0
0.0
0.0
0.0
0.0
0.0
-1.0
-1.0
0.0
0.0
0.0
0.0
0.0
0.0
0.0
0.0
0.0
-1.0
0.0
0.0
0.0
0.0
0.0
0.0
0.0
0.0
0.0
0.0
0.0
-1.0
0.0
0.0
1.0
0.0
0.0
0.0
0.0
0.0
0.0
0.0
0.0
0.0
0.0
0.0
0.0
0.0
0.0
0.0
0.0
-1.0
0.0
-1.0
1.0
0.0
0.0
0.0
0.0
1.0
0.0
0.0
0.0
0.0
0.0
0.0
0.0
0.0
0.0
0.0
0.0
0.0
1.0
0.0
0.0
0.0
-1.0
0.0
0.0
0.0
0.0
0.0
0.0
0.0
0.0
1.0
0.0
0.0
0.0
0.0
0.0
0.0
0.0
0.0
0.0
0.0
0.0
0.0
0.0
0.0
0.0
0.0
0.0
0.0
0.0
0.0
0.0
0.0
0.0
0.0
-1.0
0.0
0.0
0.0
0.0
0.0
0.0
0.0
0.0
0.0
0.0
0.0
0.0
0.0
0.0
0.0
0.0
0.0
0.0
0.0
0.0
0.0
0.0
-1.0
0.0
0.0
0.0
0.0
0.0
0.0
0.0
0.0
0.0
0.0
0.0
0.0
0.0
0.0
0.0
0.0
0.0
0.0
0.0
0.0
0.0
0.0
0.0
-1.0
0.0
0.0
0.0
0.0
0.0
0.0
0.0
0.0
0.0
0.0
0.0
0.0
0.0
0.0
0.0
0.0
0.0
0.0
0.0
0.0
0.0
0.0
0.0
0.0
0.0
-1.0
-1.0
0.0
0.0
0.0
0.0
0.0
0.0
0.0
0.0
0.0
0.0
0.0
0.0
0.0
0.0
0.0
0.0
0.0
0.0
0.0
0.0
0.0
0.0
0.0
0.0
-1.0
0.0
0.0
0.0
0.0
0.0
0.0
0.0
0.0
0.0
0.0
0.0
0.0
0.0
0.0
0.0
0.0
0.0
0.0
0.0
0.0
0.0
0.0
0.0
0.0
0.0
0.0
0.0
0.0
0.0
0.0
0.0
0.0
0.0
0.0
0.0
0.0
0.0
0.0
0.0
0.0
0.0
0.0
0.0
0.0
0.0
0.0
0.0
0.0
0.0
0.0
0.0
0.0
0.0
0.0
0.0
0.0
0.0
0.0
0.0
0.0
0.0
0.0
0.0
0.0
0.0
0.0
0.0
0.0
0.0
0.0
0.0
0.0
0.0
0.0
0.0
0.0
0.0
0.0
0.0
0.0
0.0
0.0
0.0
0.0
0.0
0.0
0.0
0.0
0.0
0.0
0.0
0.0
0.0
0.0
0.0
0.0
0.0
0.0
0.0
0.0
0.0
0.0
0.0
0.0
0.0
0.0
0.0
0.0
0.0
0.0
0.0
0.0
0.0
0.0
0.0
0.0
0.0
0.0
0.0
0.0
0.0
0.0
0.0
0.0
0.0
0.0
0.0
0.0
0.0
0.0
0.0
0.0
0.0
0.0
0.0
0.0
0.0
0.0
0.0
0.0
0.0
0.0
0.0
0.0
0.0
0.0
0.0
0.0
0.0
0.0
0.0
0.0
0.0
0.0
0.0
0.0
0.0
0.0
0.0
0.0
0.0
0.0
0.0
0.0
0.0
0.0
0.0
0.0
100.0
258048.0
10640.0
262144.0
0.0
0.0
0.0
0.0
0.0
0.0
28.0
159744.0
0.0
0.0
0.0
0.0
0.0
0.0
0.0
0.0
0.0
0.0
468.0
258616.0
0.0
0.0
0.0
0.0
