0.6742489
0.00391223
0.0020844608
0.002103017
0.0025761956
0.0010515085
0.00032163787
0.0006092564
0.0040792343
0.0006185344
0.000791724
0.00035565728
0.0023318746
0.0008690408
0.00026287712
0.001509224
0.0017937497
0.0006185344
0.00022885772
0.00017318963
0.0011628446
0.0017133403
0.00025050642
0.000188653
0.0006494611
0.00015154092
0.00016391161
0.00016700428
0.00040204736
0.00013917024
0.000197931
0.00024741376
0.0021277582
0.00022267237
0.00013298489
0.0002752478
0.0006587391
0.0006587391
0.00017009696
0.00013917024
0.0003309159
0.00014535557
0.00013607756
0.0003185452
0.00032163787
0.00020411635
0.0003834913
0.00015154092
0.0007855387
0.0005907003
0.0006154417
0.0015865407
0.00055358827
0.00072368525
0.00085048476
0.00068348047
0.00080718735
0.000989655
0.00067729515
0.0018834372
0.0009463576
0.0011473813
0.00081955804
0.00079790934
0.0009370796
0.0011968641
0.002780312
0.003930786
0.0010267671
0.006757488
0.0007669826
0.00055668096
0.0009463576
0.0005814223
0.00041441803
0.00034019392
0.00064327574
0.004663749
0.0004917348
0.00034328658
0.0022236311
0.0024030062
0.0016453015
0.00066492445
0.0005164762
0.0048029195
0.00070822187
0.00052575424
0.00038039865
0.00041132537
0.00033710123
0.00056595897
0.00041441803
0.0010267671
0.00069894386
0.00069585117
0.0004731788
0.0013174783
0.0005041055
0.0008040947
0.0010669718
0.0021370363
0.0009772843
0.0006154417
0.0022205384
0.0012834589
0.0024030062
0.000575237
0.0014721118
0.0006370904
0.001224698
0.0011226399
0.0007948167
0.00035874994
0.001206142
0.0011566593
0.003120506
0.0028143316
0.0006247197
0.0005071982
0.00051338354
0.00055668096
0.00053812494
0.00025669177
0.00065255375
0.002130851
0.0004082327
0.0003061745
0.0008906895
0.0010917132
0.0003092672
0.007273964
0.0009061529
0.0030462819
0.00038039865
0.00027834048
0.0010546012
0.004277165
0.0010669718
0.014387109
0.0008257434
0.003157618
0.00042060338
0.00045771545
0.0006247197
0.00033710123
0.00032782322
0.00022267237
0.0005999784
0.001224698
0.0003309159
0.00017937497
0.00042678873
0.00047627147
0.0004082327
0.00021030169
0.00034947193
0.00014226291
0.00015154092
0.000120614204
0.0003309159
0.001178308
0.0003309159
0.0003742133
0.00033710123
0.00018556032
0.00011752153
9.278016e-05
0.00026287712
0.00013607756
0.00014226291
0.00025978443
0.0003309159
0.00014535557
0.00013917024
0.000105150844
0.00042369607
0.00014844825
0.00012679955
0.00015154092
0.00038039865
0.00022885772
0.00015154092
7.4224125e-05
0.0007391486
0.0002535991
0.00023813573
9.89655e-05
0.0004298814
0.0003649353
0.0007886313
0.00015772627
0.0021339436
0.0010824351
0.0006463684
0.0009030602
0.0023968208
0.00014844825
0.00043606674
0.0017380816
0.000621627
0.00067420246
0.00024432107
5.8760765e-05
0.07188297
0.0004515301
0.0003834913
0.00023504306
0.0007855387
0.00021648704
0.0007391486
0.00027834048
0.00048864214
0.00012679955
0.00011752153
0.00011752153
0.0006587391
0.00020411635
0.00020102368
9.278016e-05
0.0007267779
0.00013917024
0.00011442886
0.00011752153
0.0011226399
0.00040514002
0.00051956886
0.000197931
0.0011659373
0.0007453339
0.00034637927
0.000105150844
0.0036493528
0.0012649028
0.00026287712
0.0020102367
0.0020009587
0.00016391161
0.00026287712
0.00021030169
0.0013329416
0.00012679955
0.0009370796
0.000612349
0.0026658832
0.0003834913
0.000197931
0.00055668096
0.0031823595
0.0004948275
0.0005041055
0.00036184263
0.003940064
0.00097419164
0.0010546012
0.017909663
0.5858753
1.0885251e-05
1.3995323e-05
3.1100717e-06
3.2655753e-05
1.5550359e-06
1.5550359e-06
7.775179e-06
1.7105394e-05
7.775179e-06
3.1100717e-06
3.1100717e-06
0.04775204
1.5550359e-06
1.5550359e-06
2.4880574e-05
0.0061330614
2.4880574e-05
1.3995323e-05
1.5550359e-06
3.5765825e-05
2.3325538e-05
7.308668e-05
3.8875896e-05
7.775179e-06
3.1100717e-06
6.2201434e-06
3.1100717e-06
3.1100717e-06
1.5550359e-06
0.0
0.0
0.011665879
0.00010107733
9.174711e-05
3.732086e-05
9.330215e-05
3.732086e-05
4.0430932e-05
5.7536326e-05
0.00010574244
3.1100717e-05
4.0430932e-05
2.0215466e-05
4.3541004e-05
3.8875896e-05
1.866043e-05
0.00031567228
0.015553468
0.0001430633
0.00019282445
8.708201e-05
0.00018038416
8.24169e-05
0.00037476362
0.00018504927
0.00011196258
4.0430932e-05
5.287122e-05
4.0430932e-05
0.0016390077
6.5311506e-05
3.5765825e-05
0.00032344746
0.0025891347
1.2440287e-05
9.330215e-05
2.7990645e-05
5.598129e-05
3.732086e-05
0.00020681976
0.00013684315
0.0
0.0
0.0
1.5550359e-06
4.6651076e-06
0.0
0.0
1.866043e-05
0.007503048
9.330215e-06
3.8875896e-05
0.00016638884
0.00022703523
0.0002037097
0.0004431852
0.00028301653
0.00018193919
0.00012440287
5.4426255e-05
5.287122e-05
1.866043e-05
0.0
1.5550359e-06
0.00024569567
0.0025284882
5.9091362e-05
0.00011351761
4.3541004e-05
0.00014617336
5.9091362e-05
5.9091362e-05
0.00010885251
9.9522294e-05
4.509604e-05
4.0430932e-05
3.1100717e-05
0.00238076
0.0001259579
6.3756466e-05
0.00046495572
0.0058935857
4.509604e-05
7.308668e-05
6.997661e-05
0.0004385201
0.00018349422
0.0011911575
0.00058469345
4.6651076e-05
0.0001212928
6.997661e-05
8.24169e-05
9.9522294e-05
7.9306825e-05
6.842158e-05
0.0005069417
0.003910915
7.464172e-05
6.5311506e-05
0.00067955063
0.00013995322
0.00011507265
5.287122e-05
6.997661e-05
0.00016638884
4.509604e-05
4.1985968e-05
7.775179e-05
0.00056292297
5.598129e-05
0.00014461833
0.00016638884
0.007919798
0.000118182725
0.0014601786
0.0013217805
0.001041874
0.0005815834
0.0040539782
0.0019142492
0.0002565809
0.0005986888
0.00029701184
0.00033744276
0.00042452477
0.0003078971
0.00034832803
0.0044956086
0.004948124
6.5311506e-05
0.00051471684
0.0004385201
0.0008474945
0.00043074493
0.0015488156
0.0010138834
0.0009470168
0.00038875896
0.0001601687
0.00013684315
0.0015799165
0.00018504927
0.00055825786
0.0021599447
0.002086858
0.00033744276
0.0005007215
0.0053073373
0.0012471387
0.0009703424
0.0019375746
0.0011382862
0.0009065859
0.000606464
0.00040586435
0.00045873557
0.0017929563
0.0003296676
0.00034366292
0.000738642
0.011140277
0.0016872139
0.0006826607
0.002427411
0.0074906074
0.0052373605
0.0035423716
0.0035656972
0.011353317
0.0018971437
0.0010045532
0.0011600567
0.008240134
0.0010636445
0.003340217
0.0062310286
0.03270396
0.0055732485
0.0024865023
0.003433519
0.013832044
0.009454618
0.0045251544
0.0064036376
0.025343973
0.0019780055
0.0022734625
0.0023232235
0.019913789
0.0028705962
0.009582131
0.01972252
0.0
0.0
0.0
0.0
0.0
0.0
0.0
0.0
0.0
0.0
0.0
0.0
0.0
0.0
0.0
0.0
0.0
0.0
0.0
0.0
0.0
0.0
0.0
0.0
0.0
0.0
0.0
0.0
0.0
0.0
0.0
0.0
659.0
17.383915
11456.0
0.033694133
0.0027060055
0.0010474861
0.0010474861
0.00174581
0.005935754
0.0011347765
0.0014839385
0.0025314246
0.0020076816
0.0006110335
0.0011347765
0.0019203911
0.0036662011
0.0070705307
0.0014839385
0.009601955
0.0076815644
0.009165503
0.009165503
0.007943436
0.009863826
0.012569833
0.010824022
0.010824022
0.016410615
0.011696927
0.010562151
0.011784218
0.0144902235
0.015188548
0.013268156
0.0073324023
0.016759777
0.013093576
0.013006285
0.010998603
0.013530028
0.014315642
0.009776536
0.009514665
0.012657123
0.0067213685
0.008030727
0.01038757
0.009776536
0.011609637
0.0068959496
0.00864176
0.0078561455
0.0076815644
0.009078212
0.005324721
0.0067213685
0.0064594974
0.0030551676
0.0041899444
0.0039280728
0.0026187152
0.0030551676
0.003317039
0.002444134
0.0023568436
0.0061103352
0.0031424582
0.028369414
0.008118017
0.016236033
0.019553073
0.048969973
0.011435056
0.011173184
0.015450419
0.02627444
0.004888268
0.009165503
0.0330831
0.014141061
0.028194832
0.028456705
0.014752095
0.005586592
0.025663408
0.021211592
0.037534915
0.015450419
0.008205308
0.006546788
0.007943436
0.008118017
0.0042772344
0.0042772344
0.009951117
0.0072451117
0.0048009777
0.0042772344
6.1671686
0.0
0.0
0.0
4.0
323345.0
389120.0
1.0
0.0
62.0
0.0
1.0
0.0
0.0
0.0
1049385800.0
0.0
0.0
0.0
0.0
0.0
1.0
0.0
0.0
0.0
0.0
0.0
0.0
-1.0
1.0
-1.0
-1.0
0.0
0.0
0.0
0.0
0.0
0.0
0.0
0.0
0.0
0.0
0.0
0.0
-1.0
0.0
0.0
0.0
0.0
0.0
0.0
0.0
0.0
0.0
0.0
0.0
0.0
-1.0
0.0
0.0
0.0
0.0
0.0
0.0
0.0
0.0
0.0
0.0
6.0
0.0
4.0
0.0
4.0
0.0
155648.0
4096.0
4096.0
6.0
0.0
0.0
2.0
4.0
0.0
0.0
0.0
0.0
0.0
-110592.0
0.0
0.0
0.0
0.0
0.0
0.0
0.0
0.0
8192.0
0.0
0.0
0.0
0.0
0.0
0.0
0.0
0.0
0.0
0.0
0.0
0.0
0.0
0.0
0.0
0.0
0.0
-16384.0
0.0
0.0
0.0
0.0
0.0
0.0
0.0
0.0
-155648.0
-4096.0
16384.0
0.0
0.0
0.0
0.0
0.0
0.0
0.0
0.0
0.0
0.0
0.0
-0.49693018
0.0
0.0
0.0
0.0
0.0
0.0
0.0
0.0
4.957458
0.0
0.0
0.0
0.0
0.0
0.0
0.0
0.0
0.0
0.0
0.0
0.0
0.0
0.0
0.0
0.0
0.0
-0.43904936
0.0
0.0
0.0
0.0
0.0
0.0
0.0
0.0
-3.8995326
-4.1785336
2.9225397
0.0
0.0
0.0
0.0
0.0
0.0
0.0
0.0
0.0
0.0
0.0
-110592.0
0.0
0.0
0.0
0.0
0.0
0.0
0.0
0.0
6748.0
0.0
0.0
0.0
0.0
0.0
0.0
0.0
0.0
0.0
0.0
0.0
0.0
0.0
0.0
0.0
0.0
0.0
-87716.0
0.0
0.0
0.0
0.0
0.0
0.0
0.0
0.0
-154608.0
-2532.0
13404.0
0.0
0.0
0.0
0.0
0.0
0.0
0.0
0.0
0.0
-1.0
0.0
0.0
0.0
0.0
0.0
1.0
0.0
0.0
0.0
0.0
0.0
0.0
0.0
0.0
0.0
0.0
0.0
0.0
0.0
0.0
0.0
0.0
0.0
0.0
0.0
0.0
0.0
0.0
0.0
0.0
0.0
0.0
0.0
0.0
0.0
-2.0
0.0
0.0
0.0
1.0
0.0
0.0
0.0
0.0
0.0
0.0
0.0
0.0
0.0
0.0
0.0
0.0
0.0
0.0
0.0
0.0
0.0
0.0
0.0
-1.0
0.0
0.0
0.0
0.0
0.0
0.0
0.0
0.0
0.0
1.0
0.0
0.0
0.0
0.0
1.0
0.0
0.0
0.0
0.0
0.0
0.0
0.0
0.0
1.0
0.0
0.0
0.0
0.0
0.0
0.0
0.0
0.0
0.0
0.0
0.0
0.0
0.0
0.0
0.0
0.0
0.0
0.0
0.0
0.0
0.0
0.0
0.0
0.0
0.0
0.0
0.0
0.0
0.0
0.0
0.0
0.0
0.0
0.0
0.0
0.0
0.0
0.0
0.0
0.0
0.0
0.0
-1.0
0.0
0.0
0.0
0.0
0.0
0.0
0.0
0.0
0.0
0.0
0.0
0.0
-1.0
0.0
0.0
0.0
0.0
0.0
0.0
0.0
0.0
0.0
0.0
0.0
0.0
0.0
0.0
0.0
0.0
0.0
0.0
0.0
0.0
0.0
0.0
0.0
0.0
0.0
0.0
0.0
0.0
0.0
0.0
0.0
0.0
0.0
0.0
0.0
0.0
0.0
0.0
0.0
0.0
0.0
0.0
0.0
0.0
0.0
0.0
0.0
0.0
0.0
0.0
0.0
0.0
0.0
0.0
0.0
0.0
-1.0
0.0
0.0
0.0
0.0
0.0
0.0
0.0
0.0
0.0
0.0
0.0
0.0
0.0
0.0
0.0
0.0
1.0
0.0
0.0
0.0
0.0
0.0
0.0
0.0
0.0
0.0
0.0
0.0
0.0
0.0
0.0
0.0
0.0
0.0
0.0
0.0
0.0
0.0
0.0
0.0
0.0
0.0
0.0
0.0
0.0
0.0
0.0
0.0
0.0
0.0
0.0
0.0
0.0
0.0
0.0
0.0
0.0
0.0
0.0
0.0
0.0
0.0
0.0
0.0
0.0
0.0
0.0
0.0
0.0
0.0
0.0
0.0
0.0
0.0
0.0
0.0
0.0
0.0
0.0
0.0
0.0
0.0
0.0
0.0
0.0
0.0
0.0
0.0
0.0
0.0
0.0
0.0
0.0
0.0
0.0
0.0
0.0
0.0
0.0
0.0
0.0
0.0
0.0
0.0
0.0
0.0
0.0
0.0
0.0
0.0
0.0
0.0
0.0
0.0
0.0
0.0
0.0
0.0
0.0
0.0
0.0
0.0
0.0
0.0
0.0
0.0
0.0
0.0
0.0
0.0
0.0
0.0
0.0
0.0
0.0
0.0
0.0
0.0
0.0
0.0
0.0
0.0
0.0
0.0
0.0
0.0
0.0
0.0
0.0
0.0
0.0
0.0
0.0
0.0
0.0
0.0
0.0
0.0
0.0
0.0
0.0
0.0
0.0
0.0
0.0
0.0
0.0
0.0
1.0
0.0
0.0
0.0
0.0
0.0
0.0
0.0
0.0
0.0
0.0
0.0
0.0
0.0
0.0
0.0
0.0
0.0
0.0
0.0
0.0
0.0
0.0
0.0
0.0
0.0
0.0
0.0
0.0
-1.0
0.0
0.0
0.0
0.0
0.0
0.0
0.0
0.0
0.0
0.0
0.0
0.0
0.0
0.0
0.0
0.0
0.0
0.0
0.0
0.0
0.0
0.0
0.0
0.0
0.0
0.0
0.0
0.0
0.0
0.0
0.0
0.0
0.0
0.0
0.0
0.0
0.0
0.0
0.0
0.0
0.0
0.0
0.0
0.0
0.0
0.0
0.0
0.0
0.0
0.0
0.0
0.0
0.0
0.0
0.0
0.0
0.0
0.0
0.0
0.0
1.0
0.0
0.0
1.0
0.0
0.0
0.0
0.0
0.0
0.0
0.0
0.0
0.0
0.0
0.0
0.0
0.0
0.0
0.0
0.0
0.0
0.0
0.0
0.0
0.0
0.0
0.0
0.0
-1.0
0.0
0.0
0.0
0.0
0.0
0.0
0.0
0.0
0.0
0.0
0.0
0.0
0.0
0.0
0.0
0.0
0.0
0.0
0.0
0.0
0.0
0.0
0.0
0.0
0.0
0.0
0.0
0.0
0.0
0.0
0.0
0.0
0.0
0.0
0.0
0.0
0.0
0.0
0.0
0.0
0.0
0.0
0.0
0.0
0.0
0.0
0.0
0.0
0.0
0.0
0.0
0.0
0.0
0.0
0.0
0.0
0.0
0.0
0.0
0.0
0.0
0.0
0.0
0.0
0.0
0.0
0.0
0.0
0.0
0.0
0.0
0.0
0.0
0.0
0.0
0.0
0.0
0.0
0.0
0.0
0.0
0.0
0.0
0.0
0.0
0.0
0.0
0.0
0.0
-1.0
0.0
0.0
0.0
0.0
0.0
0.0
0.0
0.0
0.0
0.0
0.0
0.0
0.0
0.0
0.0
0.0
0.0
0.0
0.0
0.0
0.0
0.0
0.0
0.0
0.0
0.0
0.0
0.0
0.0
0.0
1.0
0.0
0.0
0.0
0.0
0.0
0.0
0.0
0.0
0.0
0.0
0.0
0.0
0.0
0.0
0.0
-1.0
0.0
0.0
0.0
0.0
0.0
0.0
0.0
0.0
0.0
0.0
0.0
-1.0
0.0
-1.0
0.0
0.0
0.0
0.0
0.0
0.0
0.0
0.0
0.0
0.0
0.0
0.0
0.0
0.0
0.0
0.0
0.0
0.0
0.0
0.0
0.0
0.0
0.0
0.0
0.0
0.0
0.0
0.0
0.0
0.0
0.0
0.0
0.0
0.0
0.0
0.0
0.0
0.0
0.0
0.0
-1.0
0.0
0.0
1.0
0.0
0.0
0.0
0.0
0.0
0.0
0.0
0.0
0.0
0.0
0.0
0.0
0.0
0.0
0.0
0.0
0.0
0.0
0.0
0.0
0.0
0.0
0.0
0.0
0.0
0.0
0.0
0.0
0.0
0.0
0.0
0.0
0.0
0.0
0.0
0.0
0.0
0.0
0.0
0.0
0.0
0.0
0.0
-1.0
0.0
0.0
0.0
-1.0
0.0
0.0
0.0
0.0
0.0
0.0
0.0
0.0
0.0
0.0
0.0
0.0
0.0
0.0
0.0
0.0
0.0
0.0
0.0
0.0
0.0
0.0
0.0
0.0
0.0
0.0
0.0
0.0
0.0
0.0
0.0
0.0
0.0
0.0
1.0
0.0
0.0
0.0
0.0
0.0
0.0
0.0
0.0
0.0
0.0
-1.0
0.0
1.0
0.0
0.0
0.0
0.0
0.0
0.0
0.0
0.0
0.0
0.0
0.0
0.0
0.0
0.0
0.0
0.0
0.0
0.0
0.0
0.0
0.0
0.0
0.0
0.0
0.0
0.0
0.0
0.0
1.0
0.0
0.0
0.0
0.0
0.0
0.0
0.0
0.0
0.0
0.0
0.0
0.0
0.0
0.0
0.0
0.0
0.0
0.0
0.0
0.0
0.0
0.0
0.0
0.0
0.0
0.0
0.0
0.0
0.0
0.0
0.0
0.0
0.0
0.0
0.0
0.0
0.0
0.0
-1.0
0.0
0.0
0.0
0.0
0.0
0.0
0.0
0.0
0.0
0.0
0.0
0.0
0.0
0.0
0.0
0.0
0.0
0.0
-1.0
0.0
0.0
0.0
0.0
0.0
0.0
0.0
0.0
0.0
0.0
0.0
0.0
0.0
0.0
0.0
0.0
0.0
0.0
0.0
0.0
0.0
0.0
0.0
0.0
0.0
0.0
0.0
0.0
0.0
0.0
0.0
0.0
0.0
0.0
0.0
0.0
0.0
0.0
0.0
0.0
0.0
0.0
0.0
0.0
0.0
0.0
0.0
0.0
0.0
0.0
0.0
0.0
1.0
0.0
0.0
0.0
0.0
0.0
0.0
0.0
0.0
0.0
0.0
0.0
0.0
0.0
0.0
0.0
1.0
0.0
0.0
-2.0
0.0
0.0
0.0
0.0
0.0
0.0
0.0
0.0
0.0
0.0
1.0
0.0
0.0
0.0
1.0
0.0
0.0
1.0
-1.0
0.0
0.0
0.0
0.0
0.0
0.0
0.0
0.0
0.0
0.0
0.0
-1.0
-1.0
0.0
0.0
0.0
0.0
0.0
1.0
0.0
0.0
0.0
0.0
0.0
0.0
0.0
0.0
0.0
0.0
0.0
0.0
0.0
0.0
0.0
0.0
0.0
1.0
0.0
1.0
0.0
0.0
0.0
0.0
0.0
1.0
0.0
0.0
0.0
0.0
0.0
0.0
0.0
0.0
-1.0
0.0
0.0
0.0
0.0
0.0
0.0
0.0
0.0
0.0
0.0
0.0
0.0
0.0
0.0
1.0
0.0
0.0
0.0
0.0
0.0
0.0
0.0
0.0
0.0
1.0
0.0
0.0
0.0
0.0
0.0
0.0
0.0
0.0
0.0
0.0
0.0
0.0
0.0
0.0
0.0
0.0
0.0
0.0
0.0
0.0
0.0
0.0
0.0
0.0
0.0
0.0
0.0
0.0
0.0
0.0
0.0
0.0
0.0
0.0
0.0
0.0
0.0
0.0
-1.0
0.0
0.0
0.0
0.0
0.0
0.0
0.0
0.0
0.0
0.0
0.0
0.0
0.0
0.0
0.0
0.0
0.0
0.0
-1.0
0.0
0.0
0.0
0.0
1.0
0.0
0.0
0.0
0.0
0.0
0.0
1.0
0.0
0.0
0.0
0.0
0.0
0.0
0.0
0.0
0.0
0.0
0.0
0.0
0.0
0.0
0.0
0.0
0.0
0.0
0.0
0.0
-1.0
0.0
0.0
0.0
0.0
0.0
0.0
0.0
0.0
0.0
0.0
0.0
0.0
0.0
-1.0
-1.0
0.0
0.0
0.0
0.0
0.0
0.0
0.0
0.0
0.0
-1.0
0.0
0.0
0.0
0.0
0.0
0.0
0.0
0.0
0.0
0.0
0.0
-1.0
0.0
0.0
1.0
0.0
0.0
0.0
0.0
0.0
0.0
0.0
0.0
0.0
0.0
0.0
0.0
0.0
0.0
0.0
0.0
-1.0
0.0
-1.0
1.0
0.0
0.0
0.0
0.0
1.0
0.0
0.0
0.0
0.0
0.0
0.0
0.0
0.0
0.0
0.0
0.0
0.0
1.0
0.0
0.0
0.0
-1.0
0.0
0.0
0.0
0.0
0.0
0.0
0.0
0.0
1.0
0.0
0.0
0.0
0.0
0.0
0.0
0.0
0.0
0.0
0.0
0.0
0.0
0.0
0.0
0.0
0.0
0.0
0.0
0.0
0.0
0.0
0.0
0.0
0.0
-1.0
0.0
0.0
0.0
0.0
0.0
0.0
0.0
0.0
0.0
0.0
0.0
0.0
0.0
0.0
0.0
0.0
0.0
0.0
0.0
0.0
0.0
0.0
-1.0
0.0
0.0
0.0
0.0
0.0
0.0
0.0
0.0
0.0
0.0
0.0
0.0
0.0
0.0
0.0
0.0
0.0
0.0
0.0
0.0
0.0
0.0
0.0
-1.0
0.0
0.0
0.0
0.0
0.0
0.0
0.0
0.0
0.0
0.0
0.0
0.0
0.0
0.0
0.0
0.0
0.0
0.0
0.0
0.0
0.0
0.0
0.0
0.0
0.0
-1.0
-1.0
0.0
0.0
0.0
0.0
0.0
0.0
0.0
0.0
0.0
0.0
0.0
0.0
0.0
0.0
0.0
0.0
0.0
0.0
0.0
0.0
0.0
0.0
0.0
0.0
-1.0
0.0
0.0
0.0
0.0
0.0
0.0
0.0
0.0
0.0
0.0
0.0
0.0
0.0
0.0
0.0
0.0
0.0
0.0
0.0
0.0
0.0
0.0
0.0
0.0
0.0
0.0
0.0
0.0
0.0
0.0
0.0
0.0
0.0
0.0
0.0
0.0
0.0
0.0
0.0
0.0
0.0
0.0
0.0
0.0
0.0
0.0
0.0
0.0
0.0
0.0
0.0
0.0
0.0
0.0
0.0
0.0
0.0
0.0
0.0
0.0
0.0
0.0
0.0
0.0
0.0
0.0
0.0
0.0
0.0
0.0
0.0
0.0
0.0
0.0
0.0
0.0
0.0
0.0
0.0
0.0
0.0
0.0
0.0
0.0
0.0
0.0
0.0
0.0
0.0
0.0
0.0
0.0
0.0
0.0
0.0
0.0
0.0
0.0
0.0
0.0
0.0
0.0
0.0
0.0
0.0
0.0
0.0
0.0
0.0
0.0
0.0
0.0
0.0
0.0
0.0
0.0
0.0
0.0
0.0
0.0
0.0
0.0
0.0
0.0
0.0
0.0
0.0
0.0
0.0
0.0
0.0
0.0
0.0
0.0
0.0
0.0
0.0
0.0
0.0
0.0
0.0
0.0
0.0
0.0
0.0
0.0
0.0
0.0
0.0
0.0
0.0
0.0
0.0
0.0
0.0
0.0
0.0
0.0
0.0
0.0
0.0
0.0
0.0
0.0
0.0
0.0
0.0
0.0
100.0
258048.0
13404.0
262144.0
0.0
0.0
0.0
0.0
0.0
0.0
28.0
159744.0
0.0
0.0
0.0
0.0
0.0
0.0
0.0
0.0
0.0
0.0
468.0
258616.0
0.0
0.0
0.0
0.0
