0.718169
0.0033360957
0.0015671151
0.0016255499
0.0023427042
0.0010093283
0.00028154947
0.0005099764
0.0034210917
0.00051263254
0.00068528083
0.00033467202
0.0018539767
0.0010624508
0.00027623723
0.0012032256
0.0015007119
0.00052325707
0.00022311468
0.00017796052
0.0010943244
0.0013864983
0.0002842056
0.00018858502
0.000605597
0.00013015023
0.00011155734
0.00016202376
0.00046747838
0.00013015023
0.00016733601
0.00024967594
0.0017875736
0.00021780243
0.00012483797
0.00039841907
0.0005604428
0.000605597
0.00014874311
0.00010624508
0.00027623723
0.00019124115
0.00013280635
0.00023373919
0.0003320159
0.00019389729
0.00033467202
0.000146087
0.00075965235
0.00054450607
0.00048341515
0.0014236842
0.0005312254
0.00053388154
0.0007437156
0.0006215338
0.00069324917
0.000751684
0.0007038737
0.0016414865
0.0007915259
0.001065107
0.0008552729
0.0006082531
0.0009137077
0.00093230064
0.0024409809
0.0034529653
0.0009747987
0.005235227
0.00068793696
0.00059497246
0.0007782453
0.00052060094
0.00037717004
0.00026826884
0.000584348
0.0036893606
0.00046216612
0.0003107669
0.0021036528
0.0020930283
0.0015166486
0.0006162215
0.00067200017
0.0039337245
0.0007994943
0.0005312254
0.000438261
0.00037451394
0.00027889336
0.0005152887
0.00046747838
0.00095620577
0.0006374705
0.00060294085
0.00051263254
0.0010385457
0.00039576294
0.00082074327
0.0011102612
0.0017849174
0.00084996066
0.0004993519
0.00338125
0.0011394785
0.0022072417
0.00055247446
0.0013333758
0.00054450607
0.001086356
0.0010916683
0.0007251227
0.0002151463
0.0010358896
0.0010119844
0.0026986252
0.0024675422
0.00045951
0.0004488855
0.000605597
0.00047013452
0.000292174
0.00032670365
0.0013280635
0.001734451
0.00038779457
0.0004116997
0.0008313678
0.00090308324
0.00024967594
0.006260492
0.0008685536
0.00267472
0.00027092497
0.00030811076
0.00079683814
0.0038699773
0.00091105164
0.012404114
0.0006640318
0.002820807
0.0003824823
0.00032670365
0.0005923164
0.00023905144
0.00023905144
0.00020186567
0.0007543401
0.0011819766
0.0002151463
0.00017530439
0.00027092497
0.00022577081
0.0002735811
0.00023108306
0.00047013452
0.00029483013
0.0034901511
0.00011155734
0.0003532649
0.00047013452
0.000108901215
0.00038513844
0.00022311468
0.00018327277
0.00010624508
0.00038513844
0.00045951
0.00027889336
0.00047810288
0.00022842693
0.00020186567
0.00015139925
9.82767e-05
0.00011155734
0.00029483013
0.00012218185
0.00010358896
0.00010093283
0.0002443637
0.00014343087
0.0001274941
9.82767e-05
0.00057372346
0.00022842693
0.00020452178
0.00013280635
0.0002549882
0.0007198105
0.0006215338
0.00017796052
0.0020824037
0.0008605852
0.00052060094
0.00080480654
0.0022258346
0.00010093283
0.00033732815
0.0013758739
0.00048607128
0.0005923164
0.00017796052
6.6403176e-05
0.06144419
0.00011155734
0.00016202376
0.00015139925
0.000584348
0.00019389729
0.0010252651
0.000502008
0.00049669575
0.00017264826
0.00020186567
0.00017796052
0.00063215825
4.515416e-05
0.00013546248
9.296445e-05
0.00067731243
5.0466417e-05
0.00017530439
0.000116869596
0.000772933
0.00031607912
0.00034264041
6.374705e-05
0.0005763796
0.0004409171
6.905931e-05
0.00015936763
0.0032882853
0.0009747987
0.00021249017
0.0016653917
0.0016760163
4.2498035e-05
0.00018061664
0.00018327277
0.0009482374
0.00013811862
6.905931e-05
0.00026826884
0.0025180085
0.00018061664
6.374705e-05
0.0005976286
0.002029281
0.00040373133
0.0003931068
0.0002735811
0.0032962537
0.0008393362
0.0010890121
0.011400098
0.6500878
9.3387125e-06
4.002305e-06
1.600922e-05
2.2679731e-05
1.8677425e-05
2.6682035e-05
2.6682035e-05
3.4686647e-05
1.600922e-05
4.002305e-06
1.3341017e-06
0.0382527
4.002305e-06
0.0
0.0
0.007843184
2.1345628e-05
1.3341018e-05
2.0011526e-05
4.0023053e-05
3.3352546e-05
4.5359462e-05
4.5359462e-05
4.9361766e-05
2.6682035e-05
2.2679731e-05
1.7343324e-05
9.3387125e-06
9.3387125e-06
0.0
0.0
0.007820505
3.201844e-05
6.670509e-06
1.7343324e-05
6.537099e-05
3.201844e-05
0.00027215676
0.00010405994
9.3387125e-06
1.2006916e-05
4.002305e-06
2.6682035e-06
0.0024293994
0.0
2.6682035e-06
0.00011873506
0.006518421
2.1345628e-05
2.6682035e-05
3.735485e-05
4.8027665e-05
2.935024e-05
0.00010272583
4.5359462e-05
1.600922e-05
2.4013832e-05
1.7343324e-05
1.3341018e-05
0.0010646132
0.00019744707
1.8677425e-05
1.600922e-05
0.004638672
9.4721225e-05
0.00010405994
1.2006916e-05
6.403688e-05
3.3352546e-05
9.0718924e-05
7.070739e-05
8.138021e-05
3.868895e-05
2.4013832e-05
4.4025357e-05
1.8677425e-05
3.602075e-05
3.201844e-05
8.138021e-05
0.0021852588
7.070739e-05
5.202997e-05
1.3341018e-05
6.003458e-05
2.4013832e-05
2.5347934e-05
6.136868e-05
5.336407e-05
2.1345628e-05
1.8677425e-05
8.00461e-06
2.2679731e-05
1.8677425e-05
1.0672814e-05
8.6716616e-05
0.0
0.0
0.0
0.0
0.0
0.0
0.0
0.0
0.0
0.0
0.0
0.0
0.0
0.0
0.0
0.0
0.0018544014
2.0011526e-05
0.0003001729
8.404841e-05
0.00019077655
8.138021e-05
0.00041757384
0.00024147241
7.47097e-05
9.3387125e-06
8.00461e-06
8.00461e-06
0.0019064314
8.0046106e-05
3.4686647e-05
0.0001534217
0.007612385
0.0001547558
0.00019077655
0.00085115695
0.0006070163
0.00049094943
0.0018250513
0.00057366374
0.00017343323
6.403688e-05
9.205302e-05
9.338713e-05
0.0004989541
7.3375595e-05
0.00012673967
0.00023346781
0.006937329
0.00016409451
0.0009071892
0.0010526063
0.0007497652
0.00056299096
0.0032205216
0.001534217
0.0004442559
0.002005155
0.00013741248
0.0001520876
0.00014274889
0.00036154158
0.00020945398
0.0005443135
0.0050122202
0.00013474427
0.00088317535
0.0006176891
0.00094454404
0.00094587816
0.0028669848
0.001271399
0.00056565914
0.0020518485
0.00010005763
0.00011339865
0.00010539404
0.00012407146
0.00013741248
0.0005189656
0.001978473
0.0003602075
0.000524302
0.004315819
0.00078044954
0.00061235274
0.0010499381
0.0007657744
0.00079379056
0.00028549778
0.00035887337
0.0003001729
0.0026148395
0.00035220286
0.00042958077
0.00087116845
0.004821444
0.0006750555
0.00028683187
0.0019304453
0.004028987
0.003734151
0.0034780034
0.0028282958
0.005936753
0.0017596802
0.0007591039
0.000956551
0.0043865265
0.00057366374
0.0013180926
0.0035100218
0.027335746
0.0044078724
0.0018557356
0.0028456391
0.01177078
0.007825841
0.0031804987
0.005240352
0.021853922
0.001887754
0.001901095
0.0019477886
0.01783027
0.003001729
0.0074456222
0.016281378
0.0059434236
0.0012353782
0.0006150209
0.0007004034
0.0025121137
0.0017530097
0.0011606686
0.0013781271
0.004129045
0.00049228355
0.0006910647
0.0003708803
0.002476093
0.00046293333
0.0012260395
0.00217592
0.0
0.0
0.0
0.0
0.0
0.0
0.0
0.0
0.0
0.0
0.0
0.0
0.0
0.0
0.0
0.0
703.0
18.109531
12731.0
0.03189066
0.0021208075
0.0007069358
0.004634357
0.0013353232
0.006833713
0.0018066138
0.0013353232
0.0021208075
0.0019637106
0.0011782264
0.0012567748
0.0018851622
0.0028277433
0.0067551644
0.0022779044
0.009033069
0.0074621006
0.0076977457
0.0074621006
0.007854843
0.0074621006
0.013196136
0.009504359
0.009897102
0.012175006
0.011860812
0.009818553
0.011546618
0.012175006
0.016652266
0.008404681
0.008404681
0.0148456525
0.009897102
0.011075328
0.010839683
0.00895452
0.0148456525
0.011860812
0.0074621006
0.012017909
0.006283874
0.0067551644
0.010289844
0.0067551644
0.011153877
0.0067551644
0.010368392
0.009111618
0.0074621006
0.008875972
0.007933391
0.0058911317
0.011153877
0.0051056477
0.0055769384
0.0058125835
0.002435001
0.003141937
0.0041630664
0.007226455
0.0028277433
0.0054198415
0.003534679
0.023878722
0.0076977457
0.01743775
0.018773073
0.044929698
0.009897102
0.010368392
0.05451261
0.026627917
0.004634357
0.007933391
0.031655014
0.012803393
0.026549367
0.028670175
0.013510329
0.004398712
0.023564527
0.021286624
0.034325663
0.016023878
0.007069358
0.008090488
0.008090488
0.008169036
0.0037703244
0.0054983897
0.009504359
0.0058911317
0.003691776
0.0033775822
6.151993
0.0
0.0
0.0
3.0
376488.0
466944.0
1.0
0.0
65.0
0.0
1.0
0.0
0.0
0.0
2429832200.0
0.0
0.0
0.0
0.0
0.0
1.0
0.0
0.0
0.0
0.0
0.0
0.0
-1.0
1.0
-1.0
-1.0
0.0
0.0
0.0
0.0
0.0
0.0
0.0
0.0
0.0
0.0
0.0
0.0
-1.0
0.0
0.0
0.0
0.0
0.0
0.0
0.0
0.0
0.0
0.0
0.0
0.0
-1.0
0.0
0.0
0.0
0.0
0.0
0.0
0.0
0.0
0.0
0.0
6.0
0.0
4.0
0.0
4.0
0.0
155648.0
4096.0
4096.0
10.0
1.0
0.0
5.0
7.0
32768.0
0.0
0.0
0.0
0.0
-36864.0
0.0
0.0
0.0
0.0
0.0
0.0
0.0
0.0
8192.0
0.0
0.0
-73728.0
0.0
0.0
0.0
0.0
0.0
32768.0
0.0
0.0
0.0
0.0
0.0
0.0
0.0
0.0
-8192.0
0.0
0.0
0.0
0.0
0.0
0.0
0.0
0.0
-155648.0
-4096.0
12288.0
0.0
0.0
0.0
0.0
0.0
0.0
0.025603045
0.0
0.0
0.0
0.0
-1.2099655
0.0
0.0
0.0
0.0
0.0
0.0
0.0
0.0
5.0600343
0.0
0.0
0.0
0.0
0.0
0.0
0.0
0.0
0.047643203
0.0
0.0
0.0
0.0
0.0
0.0
0.0
0.0
-0.87149626
0.0
0.0
0.0
0.0
0.0
0.0
0.0
0.0
-3.923332
-4.224419
3.8648512
0.0
0.0
0.0
0.0
0.0
0.0
32768.0
0.0
-4096.0
0.0
0.0
-36864.0
0.0
0.0
0.0
0.0
0.0
0.0
0.0
0.0
7214.0
0.0
0.0
-94208.0
0.0
0.0
0.0
0.0
0.0
32768.0
0.0
0.0
0.0
0.0
0.0
0.0
0.0
0.0
-78360.0
0.0
0.0
0.0
0.0
0.0
0.0
0.0
0.0
-155408.0
-2633.0
9065.0
0.0
0.0
0.0
0.0
0.0
0.0
0.0
0.0
0.0
-1.0
0.0
0.0
0.0
0.0
0.0
1.0
0.0
0.0
0.0
0.0
0.0
0.0
0.0
0.0
0.0
0.0
0.0
0.0
0.0
0.0
0.0
0.0
0.0
0.0
0.0
0.0
0.0
0.0
0.0
0.0
0.0
0.0
0.0
0.0
0.0
-2.0
0.0
0.0
0.0
1.0
0.0
0.0
0.0
0.0
0.0
0.0
0.0
0.0
0.0
0.0
0.0
0.0
0.0
0.0
0.0
0.0
0.0
0.0
0.0
-1.0
0.0
0.0
0.0
0.0
0.0
0.0
0.0
0.0
0.0
1.0
0.0
0.0
0.0
0.0
1.0
0.0
0.0
0.0
0.0
0.0
0.0
0.0
0.0
0.0
0.0
0.0
0.0
0.0
0.0
0.0
0.0
0.0
0.0
0.0
0.0
0.0
0.0
0.0
0.0
0.0
0.0
0.0
0.0
0.0
0.0
0.0
0.0
0.0
0.0
0.0
0.0
0.0
0.0
0.0
0.0
0.0
0.0
0.0
0.0
0.0
0.0
0.0
0.0
0.0
0.0
0.0
-1.0
0.0
0.0
0.0
0.0
0.0
0.0
0.0
0.0
0.0
0.0
0.0
0.0
-1.0
0.0
0.0
0.0
0.0
0.0
0.0
0.0
0.0
0.0
0.0
0.0
0.0
0.0
0.0
0.0
0.0
0.0
0.0
0.0
0.0
0.0
0.0
0.0
0.0
0.0
0.0
0.0
0.0
0.0
0.0
0.0
0.0
0.0
0.0
0.0
0.0
0.0
0.0
0.0
0.0
0.0
0.0
0.0
0.0
0.0
0.0
0.0
0.0
0.0
0.0
0.0
0.0
0.0
0.0
0.0
0.0
-1.0
0.0
0.0
0.0
0.0
0.0
0.0
0.0
0.0
0.0
0.0
0.0
0.0
0.0
0.0
0.0
0.0
1.0
0.0
0.0
0.0
0.0
0.0
0.0
0.0
0.0
0.0
0.0
0.0
0.0
0.0
0.0
0.0
0.0
0.0
0.0
0.0
0.0
0.0
0.0
0.0
0.0
0.0
0.0
0.0
0.0
0.0
0.0
0.0
0.0
0.0
0.0
0.0
0.0
0.0
0.0
0.0
0.0
0.0
0.0
0.0
0.0
0.0
0.0
0.0
0.0
0.0
0.0
0.0
0.0
0.0
0.0
0.0
0.0
0.0
0.0
0.0
0.0
0.0
0.0
0.0
0.0
0.0
0.0
0.0
0.0
0.0
0.0
0.0
0.0
0.0
0.0
0.0
0.0
0.0
0.0
0.0
0.0
0.0
0.0
0.0
0.0
0.0
0.0
0.0
0.0
0.0
0.0
0.0
0.0
0.0
0.0
0.0
0.0
0.0
0.0
0.0
0.0
0.0
0.0
0.0
0.0
0.0
0.0
0.0
0.0
0.0
0.0
0.0
0.0
0.0
0.0
0.0
0.0
0.0
0.0
0.0
0.0
0.0
0.0
0.0
0.0
0.0
0.0
0.0
0.0
0.0
0.0
0.0
0.0
0.0
0.0
0.0
0.0
0.0
0.0
0.0
-1.0
0.0
0.0
0.0
0.0
0.0
0.0
0.0
0.0
0.0
0.0
0.0
1.0
0.0
0.0
0.0
0.0
0.0
0.0
0.0
0.0
0.0
0.0
0.0
0.0
0.0
0.0
0.0
0.0
0.0
0.0
0.0
0.0
0.0
0.0
0.0
0.0
0.0
0.0
0.0
0.0
-1.0
0.0
0.0
0.0
0.0
0.0
0.0
0.0
0.0
0.0
0.0
0.0
0.0
0.0
0.0
0.0
0.0
0.0
0.0
0.0
0.0
0.0
0.0
0.0
0.0
0.0
0.0
0.0
0.0
0.0
0.0
0.0
0.0
0.0
0.0
0.0
0.0
0.0
0.0
0.0
0.0
0.0
0.0
0.0
0.0
0.0
0.0
0.0
0.0
0.0
0.0
0.0
0.0
0.0
0.0
0.0
0.0
0.0
0.0
0.0
0.0
0.0
0.0
0.0
1.0
0.0
0.0
0.0
0.0
0.0
0.0
0.0
0.0
0.0
0.0
0.0
0.0
0.0
0.0
0.0
0.0
0.0
0.0
0.0
0.0
0.0
0.0
0.0
0.0
-1.0
0.0
0.0
0.0
0.0
0.0
0.0
0.0
0.0
0.0
0.0
0.0
0.0
0.0
0.0
0.0
0.0
0.0
0.0
0.0
0.0
0.0
0.0
0.0
0.0
0.0
0.0
0.0
0.0
0.0
0.0
0.0
0.0
0.0
0.0
0.0
0.0
0.0
0.0
0.0
0.0
0.0
0.0
0.0
0.0
0.0
0.0
0.0
0.0
0.0
0.0
0.0
0.0
0.0
0.0
0.0
0.0
0.0
0.0
0.0
0.0
0.0
0.0
0.0
0.0
0.0
0.0
0.0
0.0
0.0
0.0
0.0
0.0
0.0
0.0
0.0
0.0
0.0
0.0
0.0
0.0
0.0
0.0
0.0
0.0
0.0
0.0
0.0
0.0
0.0
-1.0
0.0
0.0
0.0
0.0
0.0
0.0
0.0
0.0
0.0
0.0
0.0
0.0
0.0
0.0
0.0
0.0
0.0
0.0
0.0
0.0
0.0
0.0
0.0
0.0
0.0
0.0
0.0
0.0
0.0
0.0
1.0
0.0
0.0
0.0
0.0
0.0
0.0
0.0
0.0
0.0
0.0
0.0
0.0
0.0
0.0
0.0
-1.0
0.0
0.0
0.0
0.0
0.0
0.0
0.0
0.0
0.0
0.0
0.0
-1.0
0.0
0.0
0.0
0.0
0.0
0.0
-1.0
0.0
0.0
0.0
0.0
0.0
0.0
0.0
0.0
0.0
0.0
0.0
0.0
0.0
0.0
0.0
0.0
0.0
0.0
0.0
0.0
0.0
0.0
0.0
0.0
0.0
0.0
0.0
0.0
0.0
0.0
0.0
0.0
0.0
0.0
0.0
-1.0
0.0
0.0
1.0
0.0
0.0
0.0
0.0
0.0
0.0
0.0
0.0
0.0
0.0
0.0
0.0
0.0
0.0
0.0
0.0
0.0
0.0
0.0
0.0
0.0
0.0
0.0
0.0
0.0
0.0
0.0
0.0
0.0
0.0
0.0
0.0
0.0
0.0
0.0
0.0
0.0
0.0
0.0
0.0
0.0
0.0
0.0
-1.0
0.0
0.0
0.0
-1.0
0.0
0.0
0.0
0.0
0.0
0.0
0.0
0.0
0.0
0.0
0.0
0.0
0.0
0.0
0.0
0.0
0.0
0.0
0.0
0.0
0.0
0.0
0.0
0.0
0.0
0.0
0.0
0.0
0.0
0.0
0.0
0.0
0.0
0.0
1.0
0.0
0.0
0.0
0.0
0.0
0.0
0.0
0.0
0.0
0.0
-1.0
0.0
1.0
0.0
0.0
0.0
0.0
0.0
0.0
0.0
0.0
0.0
0.0
0.0
0.0
0.0
0.0
0.0
0.0
0.0
0.0
0.0
0.0
0.0
0.0
0.0
0.0
0.0
0.0
0.0
0.0
1.0
0.0
0.0
0.0
0.0
0.0
0.0
0.0
0.0
0.0
0.0
0.0
0.0
0.0
0.0
0.0
0.0
0.0
0.0
0.0
0.0
0.0
0.0
0.0
0.0
0.0
0.0
0.0
0.0
0.0
0.0
0.0
0.0
0.0
0.0
0.0
0.0
0.0
0.0
-1.0
0.0
0.0
0.0
0.0
0.0
0.0
0.0
0.0
0.0
0.0
0.0
0.0
0.0
0.0
0.0
0.0
0.0
0.0
-1.0
0.0
0.0
0.0
0.0
0.0
0.0
0.0
0.0
0.0
0.0
0.0
0.0
0.0
0.0
0.0
0.0
0.0
0.0
0.0
0.0
0.0
0.0
0.0
0.0
0.0
0.0
0.0
0.0
0.0
0.0
0.0
0.0
0.0
0.0
0.0
0.0
0.0
0.0
0.0
0.0
0.0
0.0
0.0
0.0
0.0
0.0
0.0
0.0
0.0
0.0
0.0
0.0
1.0
0.0
0.0
0.0
0.0
0.0
0.0
0.0
0.0
0.0
0.0
0.0
0.0
0.0
0.0
0.0
1.0
0.0
0.0
-2.0
0.0
0.0
0.0
0.0
0.0
0.0
0.0
0.0
0.0
0.0
1.0
0.0
0.0
0.0
1.0
0.0
0.0
1.0
-1.0
0.0
0.0
0.0
0.0
0.0
0.0
0.0
0.0
0.0
0.0
0.0
-1.0
-1.0
0.0
0.0
0.0
0.0
0.0
1.0
0.0
0.0
0.0
0.0
0.0
0.0
0.0
0.0
0.0
0.0
0.0
0.0
0.0
0.0
0.0
0.0
0.0
1.0
0.0
1.0
0.0
0.0
0.0
0.0
0.0
0.0
0.0
0.0
0.0
0.0
0.0
0.0
0.0
0.0
-1.0
0.0
0.0
0.0
0.0
0.0
0.0
0.0
0.0
0.0
0.0
0.0
0.0
0.0
0.0
1.0
0.0
0.0
0.0
0.0
0.0
0.0
0.0
0.0
0.0
1.0
0.0
0.0
0.0
0.0
0.0
0.0
0.0
0.0
0.0
0.0
0.0
0.0
0.0
0.0
0.0
0.0
0.0
0.0
0.0
0.0
0.0
0.0
0.0
0.0
0.0
0.0
0.0
0.0
0.0
0.0
0.0
0.0
0.0
0.0
0.0
-1.0
0.0
0.0
-1.0
0.0
0.0
0.0
0.0
0.0
0.0
0.0
0.0
0.0
0.0
0.0
0.0
0.0
0.0
0.0
0.0
0.0
0.0
-1.0
0.0
0.0
0.0
0.0
1.0
0.0
0.0
0.0
0.0
0.0
0.0
1.0
0.0
0.0
0.0
0.0
0.0
0.0
0.0
0.0
0.0
0.0
0.0
0.0
0.0
0.0
0.0
0.0
0.0
0.0
0.0
0.0
-1.0
0.0
0.0
0.0
0.0
0.0
0.0
0.0
0.0
0.0
0.0
0.0
0.0
0.0
-1.0
-1.0
0.0
0.0
0.0
0.0
0.0
0.0
0.0
0.0
0.0
-1.0
0.0
0.0
0.0
0.0
0.0
0.0
0.0
0.0
0.0
0.0
0.0
-1.0
0.0
0.0
1.0
0.0
0.0
0.0
0.0
0.0
0.0
0.0
0.0
0.0
0.0
0.0
0.0
0.0
0.0
0.0
0.0
-1.0
0.0
-1.0
1.0
0.0
0.0
0.0
0.0
1.0
0.0
0.0
0.0
0.0
0.0
0.0
0.0
0.0
0.0
0.0
0.0
0.0
1.0
0.0
0.0
0.0
-1.0
0.0
0.0
0.0
0.0
0.0
0.0
0.0
0.0
1.0
0.0
0.0
0.0
0.0
0.0
0.0
0.0
0.0
0.0
0.0
0.0
0.0
0.0
0.0
0.0
0.0
0.0
1.0
0.0
0.0
0.0
0.0
0.0
0.0
-1.0
0.0
0.0
0.0
0.0
0.0
0.0
0.0
0.0
0.0
0.0
0.0
0.0
0.0
0.0
0.0
0.0
0.0
0.0
0.0
0.0
0.0
0.0
-1.0
0.0
0.0
0.0
0.0
0.0
0.0
0.0
0.0
0.0
0.0
0.0
0.0
0.0
0.0
0.0
0.0
0.0
0.0
0.0
0.0
0.0
0.0
0.0
-1.0
0.0
0.0
0.0
0.0
0.0
0.0
0.0
0.0
0.0
0.0
0.0
0.0
0.0
0.0
0.0
0.0
0.0
0.0
0.0
0.0
0.0
0.0
0.0
0.0
0.0
-1.0
-1.0
0.0
0.0
0.0
0.0
0.0
0.0
0.0
0.0
0.0
0.0
0.0
0.0
0.0
0.0
0.0
0.0
0.0
0.0
0.0
0.0
0.0
0.0
0.0
0.0
-1.0
0.0
0.0
0.0
0.0
0.0
0.0
0.0
0.0
0.0
0.0
0.0
0.0
0.0
0.0
0.0
0.0
0.0
0.0
0.0
0.0
0.0
0.0
0.0
0.0
0.0
0.0
0.0
0.0
0.0
0.0
0.0
0.0
0.0
0.0
0.0
0.0
0.0
0.0
0.0
0.0
0.0
0.0
0.0
0.0
0.0
0.0
0.0
0.0
0.0
0.0
0.0
0.0
0.0
0.0
0.0
0.0
0.0
0.0
0.0
0.0
0.0
0.0
0.0
0.0
0.0
0.0
0.0
0.0
0.0
0.0
0.0
0.0
0.0
0.0
0.0
0.0
0.0
0.0
0.0
0.0
0.0
0.0
0.0
0.0
0.0
0.0
0.0
0.0
0.0
0.0
0.0
0.0
0.0
0.0
0.0
0.0
0.0
0.0
0.0
0.0
0.0
0.0
0.0
0.0
0.0
0.0
0.0
0.0
0.0
0.0
0.0
0.0
0.0
0.0
0.0
0.0
0.0
0.0
0.0
0.0
0.0
0.0
0.0
0.0
0.0
0.0
0.0
0.0
0.0
0.0
0.0
0.0
0.0
0.0
0.0
0.0
0.0
0.0
0.0
0.0
0.0
0.0
0.0
0.0
0.0
0.0
0.0
0.0
0.0
0.0
0.0
0.0
0.0
0.0
0.0
0.0
0.0
0.0
0.0
0.0
0.0
0.0
0.0
0.0
0.0
0.0
0.0
0.0
100.0
249856.0
9065.0
253952.0
0.0
0.0
0.0
0.0
0.0
0.0
28.0
159744.0
0.0
0.0
0.0
0.0
0.0
0.0
0.0
0.0
0.0
0.0
484.0
250440.0
0.0
0.0
0.0
0.0
