0.10147836
0.009246614
0.0041569103
0.0051758075
0.007294923
0.0020019182
0.001217415
0.0011504452
0.0041880035
0.0008921332
0.00088017434
0.00088495784
0.0029036186
0.001509212
0.0008012456
0.003190632
0.003661812
0.0007605854
0.0006194705
0.0005644596
0.0021669508
0.0024300464
0.0005525007
0.0005190158
0.0017412144
0.0007581936
0.00058120204
0.00067208963
0.0016742446
0.00075580186
0.0017149048
0.0012700341
0.0025161505
0.0005453254
0.0006075116
0.000743843
0.033532728
0.00063621294
0.0005022734
0.0006481718
0.0012102397
0.00042812826
0.00044965427
0.00077732786
0.0012102397
0.0007103581
0.00047357206
0.00036355027
0.0012437246
0.0004663967
0.00083233876
0.002379819
0.0014589846
0.0007510183
0.00042573648
0.00035159136
0.0014159326
0.00077732786
0.00044965427
0.0019445155
0.00089930854
0.0006481718
0.00039464337
0.00085864833
0.0022913234
0.0010763002
0.0036761628
0.0046520084
0.014745312
0.0032169414
0.0017388227
0.0010954343
0.001303519
0.0007199252
0.00046161315
0.00045922137
0.0032743441
0.0013728805
0.00086582365
0.0005859856
0.0038555462
0.0016407598
0.0013561381
0.0015546557
0.0026811832
0.0011934972
0.0021238988
0.0017651322
0.0007510183
0.0013728805
0.00044965427
0.0012078478
0.0015881406
0.0012580752
0.0018464526
0.0014422422
0.000937577
0.0010212893
0.0004042105
0.0007605854
0.001595316
0.0019349484
0.0012413329
0.0005381501
0.0017723076
0.0009710619
0.0028677417
0.0003922516
0.0012126315
0.0008419059
0.0009830208
0.0010715165
0.0016981624
0.0003587667
0.0017292555
0.0010404234
0.0040995074
0.0040157954
0.0007175334
0.0005453254
0.0008969168
0.0005237994
0.00040899403
0.0004137776
0.0015498721
0.00090887566
0.0006433883
0.0006481718
0.0023893863
0.0010786919
0.00035159136
0.0056206784
0.012807971
0.0024467888
0.00042573648
0.0003922516
0.005417377
0.005269087
0.0037646587
0.01228178
0.0019229895
0.005278654
0.00029179693
0.00039464337
0.00083233876
0.00023678603
0.0002726627
0.00036115848
0.001487686
0.0003348489
0.00020808469
0.00021047647
0.00037550915
0.00022721892
0.00017699157
0.0003491996
0.0008682154
0.00025352847
0.00025831204
0.00021526002
0.0007031827
0.00085864833
0.0004472625
0.00049270625
0.0006433883
0.00035159136
0.00022243535
0.00024396136
0.0004974898
0.00025352847
0.0003372407
0.00035637492
0.0004233447
0.0002176518
0.00022721892
0.0002941887
0.0009662783
0.0006194705
0.00041856116
0.00045922137
0.0005166241
0.00022243535
0.0005453254
0.00027505448
0.0008395141
0.0004233447
0.00033006538
0.00028940514
0.00054054183
0.00028701336
0.0005022734
0.00049270625
0.004436748
0.0012915601
0.0012867766
0.0022100029
0.0018129677
0.00037311736
0.023032822
0.0017459979
0.0008419059
0.0009734536
0.0005118405
0.0005883774
0.0062353653
0.00030853937
0.00065773894
0.00067208963
0.00078928674
0.00073427585
0.0008347305
0.00072231697
0.00047118028
0.00030853937
0.00060511986
0.00050705695
0.0010523823
0.00048553094
0.00041138582
0.00060272805
0.00059076917
0.00023678603
0.00034680782
0.00030853937
0.0016144501
0.0013537464
0.00043291182
0.0006409965
0.000808421
0.00047118028
0.0003276736
0.00033006538
0.0053575826
0.0010404234
0.00043291182
0.0018631951
0.0011193521
0.0004663967
0.00039464337
0.00051423226
0.0020664963
0.0009830208
0.0006409965
0.00094953587
0.00062664587
0.0004042105
0.0011193521
0.0007629772
0.0018990717
0.0008203799
0.0004903145
0.00049509807
0.0024109122
0.00081798807
0.0011911055
0.49563143
0.0073950016
7.1982495e-06
2.3994164e-06
9.597666e-06
0.0
2.3994164e-06
0.0
2.3994164e-06
2.3994164e-06
0.0
3.5991247e-06
0.0
1.4396499e-05
2.3994164e-06
0.0
0.42499065
0.0001451647
2.3994164e-05
2.1594748e-05
1.0797374e-05
1.5596206e-05
9.597666e-06
1.4396499e-05
6.4784246e-05
2.8792998e-05
8.397958e-06
1.3196791e-05
9.597666e-06
3.959037e-05
1.9195331e-05
1.0797374e-05
0.009392516
0.00013316762
2.3994164e-05
1.5596206e-05
1.0797374e-05
8.397958e-06
8.397958e-06
7.1982495e-06
4.798833e-06
2.1594748e-05
5.998541e-06
1.5596206e-05
7.1982495e-06
4.5588913e-05
1.1997082e-05
3.5991247e-06
0.004590084
0.004909206
0.00012117053
8.75787e-05
4.918804e-05
0.00016915885
7.0782786e-05
0.00016795915
9.357724e-05
5.2787163e-05
4.918804e-05
3.2392123e-05
2.8792998e-05
0.00012596937
7.19825e-05
7.558162e-05
0.0086367
0.0023802212
0.00010077549
6.4784246e-05
4.7988327e-05
5.7585996e-05
4.1989788e-05
4.918804e-05
3.8390663e-05
9.5976655e-05
4.918804e-05
2.9992705e-05
2.6393582e-05
0.00013436732
5.2787163e-05
5.7585996e-05
0.006600795
0.0048744148
8.158016e-05
5.5186578e-05
3.4791537e-05
0.00019315303
5.398687e-05
3.599125e-05
8.158016e-05
0.000143965
4.3189495e-05
9.7176366e-05
4.1989788e-05
0.00019195331
4.918804e-05
0.00012956849
0.0037202951
0.0043189498
0.000110373156
0.00010077549
8.2779865e-05
0.00024114136
0.00011517199
0.00019435273
0.00018355536
0.00012836877
6.118512e-05
0.00018595478
3.599125e-05
0.00011157287
6.118512e-05
0.00014756412
0.0037490882
0.009423709
0.000538669
0.00041629875
0.00052187307
0.0007702127
0.00034671568
0.0007714124
0.0005422681
0.00034551596
0.0002627361
0.00012836877
0.00025433814
0.0006958308
0.0003779081
0.00028793
0.013800244
0.00333039
0.0003527142
0.00021594748
0.00012476965
0.00032272152
0.00012716907
0.00017155828
0.00012956849
0.0002051501
0.00013916615
7.918074e-05
9.957578e-05
0.00041869818
0.00018115595
0.00017155828
0.0062156883
0.004140193
0.00019915156
0.00040430168
0.0001895539
0.0008206004
0.00043189497
0.002459402
0.0013472723
0.00020994894
5.998541e-05
5.0387745e-05
5.7585996e-05
0.00025673755
7.558162e-05
0.000103174905
0.0014792403
0.003515145
0.00021474778
0.00030952474
0.00019195331
0.0005134751
0.00025193873
0.001094134
0.00096456544
0.00019915156
0.0001739577
0.00013676674
0.000143965
0.0003647113
0.00022194603
0.00021954661
0.0037694832
0.022049438
0.0008134022
0.0070866765
0.0011001325
0.0014192548
0.0009489692
0.0021966659
0.00180916
0.00842915
0.0011961091
0.0006850334
0.00076781324
0.0063596535
0.0011097301
0.001270491
0.0017263802
0.00719585
0.00050267775
0.0025265855
0.00043909322
0.0007582156
0.0005422681
0.0005854576
0.00069343136
0.0032836015
0.00057945907
0.00030832502
0.00034311655
0.0018367533
0.00059265585
0.0006094518
0.00131608
0.041376736
0.008327175
0.020120306
0.0061521037
0.019446071
0.012123052
0.005411884
0.007321819
0.027121805
0.0023922182
0.0025109893
0.0030160665
0.021306818
0.0032764033
0.006898322
0.009758427
0.031148024
0.0090553975
0.014030588
0.006274474
0.016907489
0.011079306
0.005362696
0.0069175176
0.020043526
0.0016579968
0.0023058392
0.0028888974
0.015195505
0.0028912968
0.0072018486
0.011658764
0.0
0.0
0.0
0.0
0.0
0.0
0.0
0.0
0.0
0.0
0.0
0.0
0.0
0.0
0.0
0.0
520.0
11.66923
6068.0
0.03625577
0.0009887937
0.00065919576
0.00082399475
0.032135796
0.0023071852
0.00016479894
0.0014831905
0.0042847726
0.00065919576
0.00082399475
0.0011535926
0.002801582
0.003295979
0.0046143704
0.0013183915
0.0060975607
0.0013183915
0.0036255769
0.0074159526
0.00313118
0.00065919576
0.002801582
0.0011535926
0.005108767
0.0039551747
0.0016479895
0.0072511537
0.0036255769
0.00082399475
0.0009887937
0.002801582
0.0049439683
0.01400791
0.0023071852
0.008075148
0.015326302
0.006427159
0.008899143
0.007910349
0.005438365
0.0041199736
0.0011535926
0.0014831905
0.012359921
0.005767963
0.00313118
0.0039551747
0.017963085
0.006427159
0.012689519
0.017963085
0.0121951215
0.005273566
0.009558339
0.00939354
0.0014831905
0.002636783
0.0013183915
0.0019775874
0.0021423863
0.003460778
0.005438365
0.005273566
0.002636783
0.035266973
0.005108767
0.023236651
0.022907054
0.08454186
0.0075807516
0.009558339
0.012854318
0.039881345
0.008569545
0.002636783
0.030158207
0.011865524
0.04054054
0.040210944
0.062129203
0.0009887937
0.046473302
0.027027028
0.061799604
0.023731047
0.0060975607
0.0039551747
0.006921556
0.009063942
0.0019775874
0.00016479894
0.0023071852
0.00016479894
0.00032959788
0.002636783
5.5672026
0.0
0.0
0.0
4.0
418099.0
413696.0
0.0
0.0
144.0
0.0
1.0
0.0
0.0
0.0
1158758100.0
0.0
0.0
0.0
0.0
0.0
1.0
0.0
0.0
0.0
0.0
0.0
0.0
-1.0
0.0
-1.0
-1.0
0.0
0.0
0.0
0.0
0.0
0.0
0.0
0.0
0.0
0.0
0.0
0.0
-1.0
0.0
0.0
0.0
0.0
0.0
0.0
0.0
0.0
0.0
0.0
0.0
0.0
-1.0
0.0
0.0
0.0
0.0
0.0
0.0
0.0
0.0
0.0
0.0
7.0
10.0
4.0
0.0
4.0
0.0
184320.0
4096.0
4096.0
4.0
0.0
0.0
1.0
1.0
0.0
0.0
0.0
0.0
0.0
0.0
0.0
0.0
0.0
0.0
0.0
0.0
0.0
0.0
12288.0
0.0
0.0
0.0
0.0
0.0
0.0
0.0
0.0
0.0
0.0
0.0
0.0
0.0
0.0
0.0
0.0
0.0
-4096.0
0.0
0.0
0.0
0.0
0.0
0.0
0.0
0.0
-184320.0
0.0
200704.0
0.0
0.0
0.0
0.0
0.0
0.0
0.0
0.0
0.0
0.0
0.0
0.0
0.0
0.0
0.0
0.0
0.0
0.0
0.0
0.0
5.029084
0.0
0.0
0.0
0.0
0.0
0.0
0.0
0.0
0.0
0.0
0.0
0.0
0.0
0.0
0.0
0.0
0.0
-1.9793888
0.0
0.0
0.0
0.0
0.0
0.0
0.0
0.0
-6.405959
0.0
0.33920345
0.0
0.0
0.0
0.0
0.0
0.0
0.0
0.0
0.0
0.0
0.0
0.0
0.0
0.0
0.0
0.0
0.0
0.0
0.0
0.0
12028.0
0.0
0.0
0.0
0.0
0.0
0.0
0.0
0.0
0.0
0.0
0.0
0.0
0.0
0.0
0.0
0.0
0.0
-10432.0
0.0
0.0
0.0
0.0
0.0
0.0
0.0
0.0
-181668.0
0.0
196888.0
0.0
0.0
0.0
0.0
0.0
0.0
0.0
0.0
0.0
-1.0
0.0
0.0
0.0
0.0
0.0
1.0
0.0
0.0
0.0
0.0
0.0
0.0
0.0
0.0
0.0
0.0
0.0
0.0
0.0
0.0
0.0
0.0
0.0
0.0
0.0
0.0
0.0
0.0
0.0
0.0
0.0
0.0
0.0
0.0
0.0
-2.0
0.0
0.0
0.0
1.0
0.0
0.0
0.0
0.0
0.0
0.0
0.0
0.0
0.0
0.0
0.0
0.0
0.0
0.0
0.0
0.0
0.0
0.0
0.0
-1.0
0.0
0.0
0.0
0.0
0.0
0.0
0.0
0.0
0.0
1.0
0.0
0.0
0.0
0.0
1.0
0.0
0.0
0.0
0.0
0.0
0.0
0.0
0.0
0.0
0.0
0.0
0.0
0.0
0.0
0.0
0.0
0.0
0.0
0.0
0.0
0.0
0.0
0.0
0.0
0.0
0.0
0.0
0.0
0.0
0.0
0.0
0.0
0.0
0.0
0.0
0.0
0.0
0.0
0.0
0.0
0.0
0.0
0.0
0.0
0.0
0.0
0.0
0.0
0.0
0.0
0.0
-1.0
0.0
0.0
0.0
0.0
0.0
0.0
0.0
0.0
0.0
0.0
0.0
0.0
0.0
0.0
0.0
0.0
0.0
0.0
0.0
0.0
0.0
0.0
0.0
0.0
0.0
0.0
0.0
0.0
0.0
0.0
0.0
0.0
0.0
0.0
0.0
0.0
0.0
0.0
0.0
0.0
0.0
0.0
0.0
0.0
0.0
0.0
0.0
0.0
0.0
0.0
0.0
0.0
0.0
0.0
0.0
0.0
0.0
0.0
0.0
0.0
0.0
0.0
0.0
0.0
0.0
0.0
0.0
0.0
0.0
-1.0
0.0
0.0
0.0
0.0
0.0
0.0
0.0
0.0
0.0
0.0
0.0
0.0
0.0
0.0
0.0
0.0
1.0
0.0
0.0
0.0
0.0
0.0
0.0
0.0
0.0
0.0
0.0
0.0
0.0
0.0
0.0
0.0
0.0
0.0
0.0
0.0
0.0
0.0
0.0
0.0
0.0
0.0
0.0
0.0
0.0
0.0
0.0
0.0
0.0
0.0
0.0
0.0
0.0
0.0
0.0
0.0
0.0
0.0
0.0
0.0
0.0
0.0
0.0
0.0
0.0
0.0
0.0
0.0
0.0
0.0
0.0
0.0
0.0
0.0
0.0
0.0
0.0
0.0
0.0
0.0
0.0
0.0
0.0
0.0
0.0
0.0
0.0
0.0
0.0
0.0
0.0
0.0
0.0
0.0
0.0
0.0
0.0
0.0
0.0
0.0
0.0
0.0
0.0
0.0
0.0
0.0
0.0
0.0
0.0
0.0
0.0
0.0
0.0
0.0
0.0
0.0
0.0
0.0
0.0
0.0
0.0
0.0
0.0
0.0
0.0
0.0
0.0
0.0
0.0
0.0
0.0
0.0
0.0
0.0
0.0
0.0
0.0
0.0
0.0
0.0
0.0
0.0
0.0
0.0
0.0
0.0
0.0
0.0
0.0
0.0
0.0
0.0
0.0
0.0
0.0
0.0
-2.0
0.0
0.0
0.0
0.0
0.0
0.0
0.0
0.0
0.0
0.0
0.0
0.0
0.0
0.0
0.0
0.0
0.0
0.0
0.0
0.0
0.0
0.0
1.0
-1.0
0.0
0.0
0.0
0.0
0.0
0.0
0.0
0.0
0.0
0.0
0.0
0.0
0.0
0.0
0.0
0.0
0.0
0.0
0.0
0.0
0.0
0.0
0.0
0.0
0.0
0.0
-1.0
-1.0
0.0
0.0
0.0
0.0
0.0
0.0
0.0
0.0
0.0
0.0
0.0
0.0
0.0
0.0
0.0
0.0
0.0
0.0
-1.0
0.0
0.0
0.0
0.0
0.0
0.0
0.0
0.0
0.0
0.0
0.0
1.0
0.0
0.0
0.0
0.0
0.0
0.0
1.0
0.0
0.0
0.0
0.0
0.0
0.0
0.0
1.0
0.0
0.0
0.0
1.0
0.0
0.0
1.0
0.0
0.0
0.0
0.0
0.0
0.0
0.0
0.0
0.0
0.0
1.0
0.0
0.0
0.0
0.0
0.0
0.0
0.0
0.0
0.0
1.0
1.0
0.0
0.0
0.0
0.0
0.0
0.0
0.0
0.0
0.0
0.0
0.0
0.0
0.0
0.0
0.0
0.0
0.0
0.0
0.0
-1.0
0.0
0.0
0.0
0.0
0.0
0.0
0.0
0.0
0.0
0.0
0.0
0.0
0.0
1.0
0.0
0.0
0.0
0.0
1.0
0.0
0.0
0.0
0.0
0.0
-1.0
0.0
0.0
0.0
0.0
0.0
0.0
0.0
1.0
0.0
0.0
0.0
-1.0
0.0
0.0
0.0
0.0
0.0
0.0
-1.0
0.0
0.0
0.0
0.0
0.0
0.0
0.0
0.0
0.0
0.0
0.0
0.0
0.0
0.0
0.0
0.0
0.0
0.0
0.0
0.0
0.0
0.0
0.0
0.0
-1.0
0.0
0.0
0.0
-1.0
0.0
0.0
0.0
0.0
0.0
0.0
1.0
0.0
0.0
0.0
0.0
0.0
0.0
0.0
0.0
0.0
0.0
0.0
0.0
0.0
0.0
0.0
0.0
0.0
0.0
0.0
-1.0
0.0
0.0
0.0
1.0
0.0
0.0
0.0
0.0
0.0
0.0
0.0
0.0
0.0
0.0
0.0
0.0
0.0
0.0
0.0
0.0
0.0
0.0
0.0
0.0
0.0
0.0
0.0
0.0
0.0
0.0
0.0
-2.0
0.0
0.0
0.0
0.0
0.0
0.0
-1.0
0.0
0.0
0.0
0.0
0.0
0.0
0.0
0.0
0.0
0.0
0.0
0.0
0.0
0.0
0.0
0.0
0.0
0.0
0.0
0.0
1.0
0.0
0.0
0.0
0.0
0.0
0.0
1.0
0.0
0.0
0.0
0.0
0.0
0.0
0.0
-1.0
0.0
0.0
1.0
0.0
0.0
0.0
0.0
0.0
0.0
0.0
0.0
0.0
0.0
0.0
0.0
0.0
0.0
0.0
0.0
0.0
0.0
0.0
0.0
0.0
0.0
0.0
0.0
0.0
0.0
0.0
0.0
0.0
0.0
0.0
0.0
0.0
0.0
0.0
0.0
0.0
0.0
0.0
0.0
0.0
0.0
0.0
-1.0
0.0
0.0
0.0
-1.0
0.0
0.0
0.0
0.0
-1.0
0.0
0.0
0.0
0.0
0.0
1.0
0.0
1.0
-1.0
0.0
0.0
0.0
0.0
0.0
0.0
0.0
0.0
0.0
-1.0
0.0
1.0
0.0
0.0
0.0
0.0
0.0
1.0
0.0
0.0
1.0
0.0
0.0
0.0
0.0
-1.0
1.0
0.0
0.0
0.0
0.0
-1.0
0.0
0.0
0.0
0.0
0.0
0.0
0.0
0.0
0.0
0.0
0.0
0.0
-1.0
0.0
-2.0
0.0
0.0
0.0
0.0
0.0
0.0
0.0
0.0
0.0
0.0
0.0
0.0
0.0
0.0
0.0
1.0
0.0
0.0
0.0
0.0
0.0
-1.0
0.0
0.0
0.0
0.0
1.0
0.0
0.0
0.0
0.0
0.0
0.0
0.0
0.0
0.0
0.0
1.0
0.0
0.0
0.0
0.0
0.0
0.0
0.0
0.0
0.0
0.0
0.0
0.0
0.0
0.0
0.0
0.0
-2.0
1.0
0.0
0.0
0.0
0.0
0.0
1.0
0.0
0.0
0.0
0.0
0.0
0.0
0.0
0.0
0.0
0.0
0.0
-1.0
0.0
0.0
0.0
0.0
0.0
0.0
-1.0
0.0
0.0
0.0
0.0
0.0
-1.0
1.0
0.0
0.0
0.0
0.0
0.0
0.0
0.0
0.0
0.0
0.0
0.0
0.0
0.0
0.0
0.0
0.0
0.0
0.0
0.0
0.0
0.0
0.0
0.0
0.0
0.0
0.0
0.0
-1.0
0.0
0.0
0.0
0.0
0.0
0.0
0.0
0.0
0.0
0.0
0.0
0.0
0.0
0.0
-1.0
0.0
0.0
0.0
0.0
-1.0
0.0
0.0
0.0
0.0
0.0
0.0
1.0
0.0
0.0
-2.0
0.0
0.0
0.0
0.0
0.0
0.0
0.0
0.0
0.0
0.0
1.0
-1.0
0.0
0.0
2.0
0.0
0.0
1.0
-1.0
0.0
0.0
0.0
0.0
0.0
0.0
-1.0
0.0
0.0
0.0
0.0
-1.0
0.0
0.0
0.0
-1.0
0.0
0.0
0.0
0.0
-1.0
0.0
0.0
0.0
0.0
0.0
0.0
0.0
0.0
0.0
0.0
0.0
1.0
0.0
0.0
0.0
1.0
0.0
1.0
0.0
0.0
0.0
0.0
0.0
1.0
0.0
0.0
0.0
0.0
1.0
0.0
0.0
0.0
-1.0
0.0
0.0
0.0
0.0
0.0
0.0
0.0
0.0
0.0
0.0
0.0
0.0
0.0
0.0
1.0
0.0
0.0
0.0
0.0
0.0
0.0
0.0
0.0
0.0
1.0
0.0
0.0
0.0
0.0
0.0
0.0
0.0
0.0
0.0
0.0
1.0
0.0
0.0
0.0
0.0
0.0
0.0
0.0
0.0
0.0
1.0
0.0
1.0
0.0
-1.0
0.0
0.0
0.0
0.0
0.0
0.0
0.0
0.0
0.0
0.0
0.0
0.0
0.0
-1.0
-1.0
0.0
0.0
0.0
0.0
0.0
0.0
0.0
0.0
1.0
1.0
0.0
1.0
0.0
0.0
0.0
0.0
0.0
0.0
0.0
0.0
0.0
0.0
1.0
0.0
0.0
0.0
0.0
0.0
0.0
1.0
0.0
0.0
0.0
0.0
0.0
0.0
0.0
0.0
0.0
0.0
0.0
0.0
0.0
0.0
0.0
0.0
0.0
0.0
0.0
0.0
1.0
0.0
0.0
0.0
2.0
0.0
0.0
0.0
0.0
0.0
0.0
0.0
0.0
0.0
0.0
-1.0
0.0
0.0
0.0
0.0
0.0
0.0
0.0
0.0
0.0
-1.0
-1.0
0.0
0.0
0.0
0.0
0.0
0.0
0.0
0.0
0.0
0.0
0.0
0.0
0.0
1.0
0.0
0.0
-1.0
0.0
0.0
0.0
0.0
-1.0
0.0
0.0
0.0
0.0
0.0
0.0
0.0
0.0
0.0
0.0
-1.0
1.0
0.0
0.0
0.0
0.0
0.0
0.0
0.0
0.0
0.0
0.0
0.0
0.0
0.0
0.0
0.0
0.0
0.0
1.0
0.0
0.0
0.0
-1.0
0.0
0.0
0.0
0.0
0.0
0.0
0.0
0.0
1.0
0.0
0.0
0.0
0.0
0.0
0.0
0.0
0.0
0.0
0.0
0.0
0.0
-1.0
0.0
0.0
0.0
0.0
0.0
0.0
1.0
0.0
0.0
0.0
0.0
-1.0
0.0
0.0
0.0
0.0
0.0
0.0
-2.0
1.0
0.0
0.0
0.0
0.0
0.0
0.0
0.0
1.0
0.0
0.0
0.0
0.0
0.0
0.0
-1.0
0.0
0.0
0.0
0.0
0.0
0.0
0.0
0.0
-1.0
0.0
0.0
-1.0
0.0
0.0
0.0
0.0
0.0
0.0
0.0
0.0
0.0
0.0
0.0
-1.0
1.0
0.0
0.0
0.0
0.0
0.0
0.0
0.0
0.0
0.0
0.0
0.0
0.0
0.0
0.0
0.0
0.0
0.0
0.0
0.0
0.0
1.0
0.0
0.0
0.0
-1.0
-1.0
1.0
0.0
1.0
0.0
0.0
0.0
0.0
0.0
1.0
0.0
0.0
0.0
0.0
0.0
0.0
0.0
0.0
0.0
-1.0
0.0
0.0
0.0
0.0
0.0
-1.0
0.0
0.0
0.0
0.0
0.0
1.0
0.0
0.0
0.0
0.0
0.0
0.0
0.0
0.0
0.0
1.0
-1.0
0.0
0.0
0.0
0.0
0.0
0.0
0.0
0.0
0.0
0.0
0.0
0.0
0.0
0.0
0.0
0.0
0.0
0.0
0.0
0.0
0.0
0.0
0.0
0.0
0.0
0.0
0.0
0.0
0.0
0.0
0.0
0.0
0.0
0.0
0.0
0.0
0.0
0.0
0.0
0.0
0.0
0.0
0.0
0.0
0.0
0.0
0.0
0.0
0.0
0.0
0.0
0.0
0.0
0.0
0.0
0.0
0.0
0.0
0.0
0.0
0.0
0.0
0.0
0.0
0.0
0.0
0.0
0.0
0.0
0.0
0.0
0.0
0.0
0.0
0.0
0.0
0.0
0.0
0.0
0.0
0.0
0.0
0.0
0.0
0.0
0.0
0.0
0.0
0.0
0.0
0.0
0.0
0.0
0.0
0.0
0.0
0.0
0.0
0.0
0.0
0.0
0.0
0.0
0.0
0.0
0.0
0.0
0.0
0.0
0.0
0.0
0.0
0.0
0.0
0.0
0.0
0.0
0.0
0.0
0.0
0.0
0.0
0.0
0.0
0.0
0.0
0.0
0.0
0.0
0.0
0.0
0.0
0.0
0.0
0.0
0.0
0.0
0.0
0.0
0.0
0.0
0.0
0.0
0.0
0.0
0.0
0.0
0.0
0.0
0.0
0.0
80.0
197124.0
196888.0
212992.0
0.0
0.0
0.0
0.0
0.0
0.0
0.0
0.0
0.0
0.0
0.0
0.0
0.0
0.0
72.0
194256.0
0.0
0.0
588.0
188416.0
0.0
0.0
0.0
0.0
