0.28840223
0.011161158
0.00859494
0.004868265
0.016359635
0.004080474
0.003306835
0.0039106505
0.0096657695
0.002184115
0.005726815
0.0039672586
0.0071420087
0.003306835
0.0015284087
0.0025850863
0.0036747851
0.0025614998
0.003170033
0.0020803341
0.0052456497
0.001745405
0.0018586204
0.00180673
0.0032549445
0.0021935496
0.002410546
0.0042550145
0.004339926
0.0010189392
0.0020001398
0.0025756517
0.0033870293
0.0016416241
0.0024246979
0.0036087427
0.0029200155
0.0019388148
0.0013444336
0.001971836
0.005481515
0.0012783912
0.0032832483
0.0016510588
0.0037313928
0.0012500874
0.002094486
0.002882277
0.0036060626
0.0030589616
0.0031246287
0.0023605316
0.0039689736
0.0021723753
0.0028890849
0.0018838152
0.0026212167
0.0015722583
0.003552135
0.0014057587
0.0043965336
0.0014387798
0.0018633378
0.0035710044
0.013996261
0.0039707962
0.0027066644
0.004398785
0.0033133747
0.0035024425
0.00281795
0.0025472406
0.003629381
0.001983361
0.0018839224
0.0021391932
0.0031718018
0.0023512577
0.0027003388
0.0027519076
0.0035559412
0.0032241212
0.0031155695
0.00244287
0.003091018
0.0019026309
0.0020588918
0.0021777358
0.0033226486
0.0024174075
0.0020491355
0.00168408
0.0031747501
0.0016038857
0.0022737437
0.0024011112
0.0031794675
0.002471871
0.0013066952
0.0019340975
0.0046559856
0.004306905
0.0020142917
0.0019293801
0.0045569222
0.0032124887
0.0014765183
0.002471871
0.012057447
0.0024624362
0.0029105807
0.0038776295
0.0038493257
0.0022548747
0.002882277
0.0028586905
0.007024076
0.0023256342
0.0014104759
0.0019199455
0.0048918515
0.0017076666
0.0010000699
0.0010189392
0.0015425606
0.0017689916
0.0015048222
0.0057787057
0.0030756867
0.001108568
0.0011651758
0.0008868544
0.0014859529
0.0016699281
0.0011934796
0.0015472779
0.0011510239
0.0012500874
0.0033162695
0.001396324
0.0011604584
0.0014246278
0.0009812006
0.0018916416
0.0011274373
0.0010283737
0.0010896988
0.001273674
0.001273674
0.000971766
0.0011793277
0.0013491509
0.0010991334
0.001108568
0.0013114124
0.0010142218
0.0010708296
0.0013255643
0.0017878608
0.0027596268
0.0017123838
0.0016699281
0.0024954574
0.0015095394
0.0012265008
0.0010755468
0.00089157175
0.0014812356
0.0014010413
0.0011180027
0.0013538682
0.0012076315
0.0016274722
0.0017123838
0.0015378434
0.0017784262
0.0013161297
0.0011274373
0.0010896988
0.0012123489
0.0013633028
0.0017595569
0.0011887624
0.0018633378
0.0019388148
0.0014293452
0.0020520303
0.0010802642
0.0022265706
0.0008302467
0.0012783912
0.0031936194
0.002457719
0.0011698931
0.0018633378
0.0016463415
0.0020567474
0.0011368719
0.0014765183
0.0019340975
0.0012029143
0.0010330911
0.0007689217
0.0014246278
0.001608603
0.0010708296
0.00091987563
0.0020237265
0.0024058286
0.001622755
0.0011274373
0.0011981969
0.0020237265
0.001047243
0.0017548397
0.001622755
0.00124537
0.00093874487
0.0014953875
0.0018869244
0.0015614299
0.0011604584
0.0012689566
0.0021416591
0.003127577
0.0029671886
0.0018020128
0.0013916068
0.0017406878
0.00084439863
0.0010425257
0.0022265706
0.0024246979
0.0009812006
0.0012925431
0.0015661472
0.0019954224
0.0014246278
0.0010519603
0.0027737787
0.003811587
0.0022643092
0.0011934796
0.0020048572
0.0040238663
0.0099063525
0.001622755
0.0015519953
0.004825809
0.0017595569
0.0023256342
0.0044531412
0.0066561257
0.0060004196
0.017609721
0.05653697
0.06891826
2.198016e-06
2.5464822e-06
2.144406e-06
6.2723875e-06
3.9939564e-06
7.532226e-06
5.039354e-06
0.0
0.0
0.0
0.0
6.1651673e-07
5.361015e-07
8.0415225e-07
4.288812e-07
0.0010930573
0.0
0.0
9.247751e-06
1.6994418e-05
1.7155247e-05
1.1955063e-05
4.4228373e-06
0.0
0.0
0.0
0.0
0.0
0.0
0.0
0.0
0.0015355287
4.5300576e-06
4.396032e-06
2.460706e-05
4.5568628e-05
3.650851e-05
2.7421593e-05
1.0025098e-05
5.4146253e-06
6.701269e-07
8.041523e-08
1.0453979e-06
1.2866436e-06
3.216609e-07
5.6290656e-07
3.833126e-06
0.0027653188
1.5573749e-05
1.4421131e-05
5.4199863e-05
0.00011086579
7.44645e-05
5.779174e-05
2.0988375e-05
1.9889365e-05
4.2620068e-06
5.6290656e-07
3.6186852e-06
1.3134487e-05
2.198016e-06
4.5568627e-06
2.2167796e-05
0.0028606912
2.8440185e-05
2.5974117e-05
7.368715e-05
0.0001636986
9.920559e-05
7.0765396e-05
2.6000924e-05
2.3856517e-05
5.012549e-06
1.393864e-06
5.816701e-06
1.6726366e-05
3.7527104e-06
7.2909806e-06
4.6185145e-05
0.0022543336
4.747179e-05
4.610473e-05
4.9937855e-05
0.00014043179
6.982722e-05
6.8594185e-05
2.6751464e-05
3.179082e-05
6.2187773e-06
3.511465e-06
7.4250056e-06
1.6351096e-05
5.5486507e-06
8.684844e-06
7.164996e-05
0.0055927983
0.00032399295
0.00012560858
0.002873102
0.004111041
0.0030533124
9.220946e-05
3.8733335e-05
0.00017967442
2.530399e-05
6.2455824e-06
1.1981869e-05
2.334722e-05
1.1445767e-05
1.6887197e-05
0.0004225284
0.028588498
0.0007863805
0.0013155662
0.0034656015
0.0032698172
0.0023944974
0.0055126515
0.0033725342
0.00014638252
4.2378822e-05
2.857421e-05
3.200526e-05
0.00010236858
3.2166092e-05
3.6910587e-05
0.0007199575
0.011374546
0.00074124074
0.0006116918
0.00084988173
0.00095680717
0.000535485
0.0014154152
0.0010450763
0.00019833074
7.363354e-05
4.377269e-05
3.602602e-05
0.00012769937
4.0609688e-05
6.682505e-05
0.0011517337
0.032581434
0.0024621265
0.002091037
0.0023606694
0.0047250916
0.002107817
0.0031614979
0.0025392985
0.0007788215
0.0004530594
0.00034902888
0.0004600555
0.0005097253
0.00035243313
0.00057081407
0.0063657765
0.092838734
0.009631198
0.008995488
0.008883041
0.011090868
0.0054058866
0.013208844
0.0068871086
0.0018914465
0.0017843066
0.0015941515
0.0015055607
0.0024101783
0.0015160147
0.0031319319
0.03607636
0.07873865
0.009505455
0.009740776
0.007714313
0.01342634
0.0064154193
0.01368308
0.0074592093
0.0024944
0.0019299655
0.0018998634
0.0019542775
0.0023870456
0.0019183856
0.0036591876
0.033219878
0.0045811213
0.0007084045
0.00033752952
0.0003357872
0.0015678288
0.0003760484
0.00051621214
0.00028654624
0.0003566147
0.00025263784
0.00025708746
0.00041901693
0.00021945316
0.00023213195
0.00031817623
0.00087352376
0.0038035866
0.0007126397
0.00034023682
0.0003961254
0.001306667
0.00041427245
0.00048887095
0.00042400268
0.00041974068
0.00041899012
0.0003242074
0.00052441447
0.0003439359
0.000381329
0.00045616878
0.00071824196
0.009089172
0.0018377291
0.0014379314
0.0015673195
0.0015423908
0.0015130392
0.001616641
0.0019733093
0.0015880667
0.0013443817
0.0014924798
0.0016889074
0.001829366
0.0016605476
0.0017940905
0.0043663057
0.030181764
0.017387487
0.0158032
0.0148142
0.015365125
0.01796637
0.014888558
0.01962287
0.016571969
0.014431155
0.017799802
0.018301567
0.015794704
0.018346224
0.018582297
0.042498
35992.0
20.161758
725662.0
0.00254664
0.0013339544
0.0024253717
0.0010914173
0.0020615659
0.0015764915
0.002910446
0.0020615659
0.003152983
0.0026679088
0.00254664
0.0015764915
0.002304103
0.0007276115
0.003152983
0.001455223
0.013634447
0.013637203
0.014840242
0.016662028
0.015445207
0.013886631
0.014363436
0.015321183
0.015844842
0.0153156705
0.0027891772
0.0007276115
0.0010914173
0.001455223
0.00097014866
0.00048507433
0.0006063429
0.01815997
0.015737355
0.020673538
0.017145723
0.020793427
0.021872442
0.01988529
0.018357031
0.01751642
0.01520267
0.016186599
0.015567854
0.016058441
0.01581728
0.015445207
0.017924324
0.015336341
0.018002871
0.023144385
0.020039633
0.016289953
0.017881604
0.019845327
0.016535247
0.015456231
0.016901808
0.0024253717
0.0026679088
0.0013339544
0.0010914173
0.0059421603
0.0016977601
0.016371258
0.0047294744
0.012005589
0.013824618
0.043899227
0.0056996234
0.0090951435
0.005457086
0.020979464
0.002910446
0.0059421603
0.016007453
0.015886184
0.0169776
0.022798494
0.006305966
0.0012126858
0.021707077
0.018069018
0.027406698
0.01018656
0.0056996234
0.007276115
0.0061846976
0.0056996234
0.00254664
0.0012126858
0.00097014866
0.00254664
0.0006063429
0.0021828345
6.0879354
264.0
0.0
0.0
441.0
18654696.0
212992.0
0.0
0.0
1.0
0.0
1.0
0.0
0.0
0.0
1309306000.0
0.0
0.0
0.0
0.0
0.0
1.0
0.0
0.0
0.0
0.0
0.0
0.0
-1.0
0.0
-1.0
-1.0
0.0
0.0
0.0
0.0
0.0
0.0
0.0
0.0
0.0
0.0
0.0
0.0
-1.0
0.0
0.0
0.0
0.0
0.0
0.0
0.0
0.0
0.0
0.0
0.0
0.0
-1.0
0.0
0.0
0.0
0.0
0.0
0.0
0.0
0.0
1.0
0.0
6.0
0.0
4.0
0.0
4.0
0.0
192512.0
4096.0
4096.0
3.0
1.0
0.0
1.0
1.0
0.0
0.0
0.0
0.0
0.0
0.0
0.0
0.0
0.0
0.0
0.0
0.0
0.0
0.0
0.0
0.0
0.0
0.0
0.0
0.0
0.0
0.0
0.0
0.0
0.0
0.0
0.0
0.0
0.0
0.0
0.0
0.0
0.0
0.0
0.0
0.0
0.0
0.0
0.0
0.0
0.0
-192512.0
0.0
4096.0
0.0
0.0
0.0
0.0
0.0
0.0
0.0
0.0
0.0
0.0
0.0
0.0
0.0
0.0
0.0
0.0
0.0
0.0
0.0
0.0
0.0
0.0
0.0
0.0
0.0
0.0
0.0
0.0
0.0
0.0
0.0
0.0
0.0
0.0
0.0
0.0
0.0
0.0
0.0
0.0
0.0
0.0
0.0
0.0
0.0
0.0
0.0
-6.517805
0.0
0.0
0.0
0.0
0.0
0.0
0.0
0.0
0.0
0.0
0.0
0.0
0.0
0.0
0.0
0.0
0.0
0.0
0.0
0.0
0.0
0.0
0.0
0.0
0.0
0.0
0.0
0.0
0.0
0.0
0.0
0.0
0.0
0.0
0.0
0.0
0.0
0.0
0.0
0.0
-9180.0
0.0
0.0
0.0
0.0
0.0
0.0
0.0
0.0
-189928.0
0.0
16.0
0.0
0.0
0.0
0.0
0.0
0.0
0.0
0.0
0.0
-1.0
0.0
0.0
0.0
0.0
0.0
1.0
0.0
0.0
0.0
0.0
0.0
0.0
0.0
0.0
0.0
0.0
0.0
0.0
0.0
0.0
0.0
0.0
0.0
0.0
0.0
0.0
0.0
0.0
0.0
0.0
0.0
0.0
0.0
0.0
0.0
-2.0
0.0
0.0
0.0
1.0
0.0
0.0
0.0
0.0
0.0
0.0
0.0
0.0
0.0
0.0
0.0
0.0
0.0
0.0
0.0
0.0
0.0
0.0
0.0
-1.0
0.0
0.0
0.0
0.0
0.0
0.0
0.0
0.0
0.0
1.0
0.0
0.0
0.0
0.0
1.0
0.0
0.0
0.0
0.0
0.0
0.0
0.0
0.0
0.0
0.0
0.0
0.0
0.0
0.0
0.0
0.0
0.0
0.0
0.0
0.0
0.0
0.0
0.0
0.0
0.0
0.0
0.0
0.0
0.0
0.0
0.0
0.0
-1.0
0.0
0.0
0.0
0.0
0.0
0.0
0.0
0.0
0.0
0.0
0.0
0.0
0.0
0.0
0.0
0.0
0.0
0.0
0.0
0.0
0.0
0.0
0.0
0.0
0.0
0.0
0.0
0.0
0.0
0.0
0.0
0.0
0.0
0.0
0.0
0.0
0.0
0.0
0.0
0.0
0.0
0.0
0.0
0.0
0.0
0.0
0.0
0.0
0.0
0.0
0.0
0.0
0.0
0.0
0.0
0.0
0.0
0.0
0.0
0.0
0.0
0.0
0.0
0.0
0.0
0.0
0.0
0.0
0.0
0.0
0.0
0.0
0.0
0.0
0.0
0.0
0.0
0.0
0.0
0.0
0.0
0.0
0.0
0.0
0.0
0.0
0.0
0.0
0.0
0.0
0.0
0.0
0.0
0.0
0.0
0.0
0.0
0.0
0.0
0.0
0.0
0.0
0.0
0.0
0.0
0.0
0.0
0.0
0.0
0.0
0.0
0.0
0.0
0.0
0.0
0.0
0.0
0.0
0.0
0.0
0.0
0.0
0.0
0.0
0.0
0.0
0.0
0.0
0.0
0.0
0.0
0.0
0.0
0.0
0.0
0.0
0.0
0.0
0.0
0.0
0.0
0.0
0.0
0.0
0.0
0.0
0.0
0.0
0.0
0.0
0.0
0.0
0.0
0.0
0.0
0.0
0.0
0.0
0.0
0.0
0.0
0.0
0.0
0.0
0.0
0.0
0.0
0.0
0.0
0.0
0.0
0.0
0.0
0.0
0.0
0.0
0.0
0.0
0.0
0.0
0.0
0.0
0.0
0.0
0.0
0.0
0.0
0.0
0.0
0.0
0.0
0.0
0.0
0.0
0.0
0.0
0.0
0.0
0.0
0.0
0.0
0.0
0.0
0.0
0.0
0.0
0.0
0.0
0.0
0.0
0.0
0.0
0.0
0.0
0.0
0.0
0.0
0.0
0.0
0.0
0.0
0.0
0.0
0.0
0.0
0.0
0.0
0.0
0.0
0.0
0.0
0.0
0.0
0.0
0.0
0.0
0.0
0.0
0.0
0.0
0.0
0.0
0.0
0.0
0.0
0.0
0.0
0.0
0.0
0.0
0.0
0.0
0.0
0.0
0.0
0.0
0.0
0.0
0.0
0.0
0.0
0.0
0.0
0.0
0.0
0.0
0.0
0.0
0.0
0.0
0.0
0.0
0.0
0.0
0.0
0.0
0.0
0.0
0.0
0.0
0.0
0.0
0.0
0.0
0.0
0.0
0.0
0.0
0.0
0.0
0.0
0.0
0.0
0.0
0.0
0.0
0.0
0.0
0.0
0.0
0.0
0.0
0.0
0.0
0.0
0.0
0.0
0.0
0.0
0.0
0.0
0.0
0.0
0.0
0.0
0.0
0.0
0.0
0.0
0.0
0.0
0.0
0.0
0.0
0.0
0.0
0.0
0.0
0.0
0.0
0.0
0.0
0.0
0.0
0.0
0.0
0.0
0.0
0.0
0.0
0.0
0.0
0.0
0.0
0.0
0.0
0.0
0.0
0.0
0.0
0.0
0.0
0.0
0.0
0.0
0.0
0.0
0.0
0.0
0.0
0.0
0.0
0.0
0.0
0.0
0.0
0.0
0.0
0.0
0.0
0.0
0.0
0.0
0.0
0.0
0.0
0.0
0.0
0.0
0.0
0.0
0.0
0.0
0.0
0.0
0.0
0.0
0.0
0.0
0.0
0.0
0.0
0.0
0.0
0.0
0.0
0.0
0.0
0.0
0.0
0.0
0.0
0.0
0.0
0.0
0.0
0.0
0.0
0.0
0.0
0.0
0.0
0.0
0.0
0.0
0.0
0.0
0.0
0.0
0.0
0.0
0.0
0.0
0.0
0.0
0.0
0.0
0.0
0.0
0.0
0.0
0.0
0.0
0.0
0.0
0.0
0.0
0.0
0.0
0.0
0.0
0.0
0.0
0.0
0.0
0.0
0.0
0.0
0.0
0.0
0.0
0.0
0.0
0.0
0.0
0.0
0.0
0.0
0.0
0.0
0.0
0.0
0.0
0.0
0.0
0.0
0.0
0.0
0.0
0.0
0.0
0.0
0.0
0.0
0.0
0.0
0.0
0.0
0.0
0.0
0.0
0.0
0.0
0.0
0.0
0.0
0.0
0.0
0.0
0.0
0.0
0.0
0.0
0.0
0.0
0.0
0.0
0.0
0.0
0.0
0.0
0.0
0.0
0.0
0.0
0.0
0.0
0.0
0.0
0.0
0.0
0.0
0.0
0.0
0.0
0.0
0.0
0.0
0.0
0.0
0.0
0.0
0.0
0.0
0.0
0.0
0.0
0.0
0.0
0.0
0.0
0.0
0.0
0.0
0.0
0.0
0.0
0.0
0.0
0.0
0.0
0.0
0.0
0.0
0.0
0.0
0.0
0.0
0.0
0.0
0.0
0.0
0.0
0.0
0.0
0.0
0.0
0.0
0.0
0.0
0.0
0.0
0.0
0.0
0.0
0.0
0.0
0.0
0.0
0.0
0.0
0.0
0.0
0.0
0.0
0.0
0.0
0.0
0.0
0.0
0.0
0.0
0.0
0.0
0.0
0.0
0.0
0.0
0.0
0.0
0.0
0.0
0.0
0.0
0.0
0.0
0.0
0.0
0.0
0.0
0.0
0.0
0.0
0.0
0.0
0.0
0.0
0.0
0.0
0.0
0.0
0.0
0.0
0.0
0.0
0.0
0.0
0.0
0.0
0.0
0.0
0.0
0.0
0.0
0.0
0.0
0.0
0.0
0.0
0.0
0.0
0.0
0.0
0.0
0.0
0.0
0.0
0.0
0.0
0.0
0.0
0.0
0.0
0.0
0.0
0.0
0.0
0.0
0.0
0.0
0.0
0.0
0.0
0.0
0.0
0.0
0.0
0.0
0.0
0.0
0.0
0.0
0.0
0.0
0.0
0.0
0.0
0.0
0.0
0.0
0.0
0.0
0.0
0.0
0.0
0.0
0.0
0.0
0.0
0.0
0.0
0.0
0.0
0.0
0.0
0.0
0.0
0.0
0.0
0.0
0.0
0.0
0.0
0.0
0.0
0.0
0.0
0.0
0.0
0.0
0.0
0.0
0.0
0.0
0.0
0.0
0.0
0.0
0.0
0.0
0.0
0.0
0.0
0.0
0.0
0.0
0.0
0.0
0.0
0.0
0.0
0.0
0.0
0.0
0.0
0.0
0.0
0.0
0.0
0.0
0.0
1.0
0.0
0.0
0.0
0.0
0.0
0.0
0.0
0.0
0.0
0.0
0.0
0.0
0.0
0.0
0.0
0.0
0.0
0.0
0.0
0.0
0.0
0.0
0.0
0.0
0.0
0.0
0.0
0.0
0.0
0.0
0.0
0.0
0.0
0.0
0.0
0.0
0.0
0.0
0.0
0.0
0.0
0.0
0.0
0.0
0.0
0.0
0.0
0.0
0.0
0.0
0.0
0.0
0.0
0.0
0.0
0.0
0.0
0.0
0.0
0.0
0.0
0.0
0.0
0.0
0.0
0.0
0.0
0.0
0.0
0.0
0.0
0.0
0.0
0.0
0.0
0.0
0.0
0.0
0.0
0.0
0.0
0.0
0.0
0.0
0.0
0.0
0.0
0.0
0.0
0.0
0.0
0.0
0.0
0.0
0.0
0.0
0.0
0.0
0.0
0.0
0.0
0.0
0.0
0.0
0.0
0.0
0.0
0.0
0.0
0.0
0.0
0.0
0.0
0.0
0.0
0.0
0.0
0.0
0.0
0.0
0.0
0.0
0.0
0.0
0.0
0.0
0.0
0.0
0.0
0.0
0.0
0.0
0.0
0.0
0.0
0.0
0.0
0.0
0.0
0.0
0.0
0.0
0.0
0.0
0.0
0.0
0.0
0.0
0.0
0.0
0.0
0.0
0.0
0.0
0.0
0.0
0.0
0.0
0.0
0.0
0.0
0.0
0.0
0.0
0.0
0.0
0.0
0.0
0.0
0.0
0.0
0.0
0.0
0.0
0.0
0.0
0.0
0.0
0.0
0.0
0.0
0.0
0.0
0.0
0.0
0.0
0.0
0.0
0.0
0.0
0.0
0.0
0.0
0.0
0.0
0.0
0.0
0.0
0.0
0.0
0.0
0.0
0.0
0.0
0.0
0.0
0.0
0.0
0.0
0.0
0.0
0.0
0.0
0.0
0.0
0.0
0.0
0.0
0.0
0.0
0.0
0.0
0.0
0.0
0.0
0.0
0.0
0.0
0.0
0.0
0.0
0.0
0.0
0.0
0.0
0.0
0.0
0.0
0.0
0.0
0.0
0.0
0.0
0.0
0.0
0.0
0.0
0.0
0.0
0.0
0.0
0.0
0.0
0.0
0.0
0.0
0.0
0.0
0.0
0.0
0.0
0.0
0.0
0.0
0.0
0.0
0.0
0.0
0.0
0.0
0.0
0.0
0.0
0.0
0.0
0.0
0.0
0.0
0.0
0.0
0.0
0.0
0.0
0.0
0.0
0.0
0.0
0.0
0.0
0.0
0.0
0.0
0.0
0.0
0.0
0.0
0.0
0.0
0.0
0.0
0.0
0.0
0.0
0.0
0.0
0.0
0.0
0.0
0.0
0.0
0.0
0.0
0.0
0.0
0.0
0.0
0.0
0.0
0.0
0.0
0.0
0.0
0.0
0.0
0.0
0.0
0.0
0.0
0.0
0.0
0.0
0.0
0.0
0.0
0.0
0.0
0.0
0.0
0.0
0.0
0.0
0.0
0.0
0.0
0.0
0.0
0.0
0.0
0.0
0.0
0.0
0.0
0.0
0.0
0.0
0.0
0.0
0.0
0.0
0.0
0.0
0.0
0.0
0.0
0.0
0.0
0.0
0.0
0.0
0.0
0.0
0.0
0.0
0.0
0.0
0.0
0.0
0.0
0.0
0.0
0.0
0.0
0.0
0.0
0.0
0.0
0.0
0.0
0.0
0.0
0.0
0.0
0.0
0.0
0.0
0.0
0.0
0.0
0.0
0.0
0.0
0.0
0.0
0.0
0.0
0.0
0.0
0.0
0.0
0.0
0.0
0.0
0.0
0.0
0.0
0.0
0.0
0.0
0.0
0.0
0.0
0.0
0.0
0.0
0.0
0.0
0.0
0.0
0.0
0.0
0.0
0.0
0.0
0.0
0.0
0.0
0.0
0.0
0.0
0.0
0.0
0.0
0.0
0.0
0.0
0.0
0.0
0.0
0.0
0.0
0.0
0.0
0.0
0.0
0.0
0.0
0.0
0.0
0.0
0.0
0.0
0.0
0.0
0.0
0.0
0.0
0.0
0.0
0.0
0.0
0.0
0.0
0.0
0.0
0.0
0.0
0.0
0.0
0.0
0.0
0.0
0.0
0.0
0.0
0.0
0.0
0.0
0.0
0.0
0.0
0.0
0.0
0.0
0.0
0.0
0.0
0.0
0.0
0.0
0.0
0.0
0.0
0.0
0.0
0.0
0.0
0.0
0.0
0.0
0.0
0.0
0.0
0.0
0.0
0.0
0.0
0.0
0.0
0.0
0.0
0.0
0.0
0.0
0.0
0.0
0.0
0.0
0.0
0.0
0.0
0.0
0.0
0.0
0.0
0.0
0.0
0.0
0.0
0.0
0.0
0.0
0.0
0.0
0.0
0.0
0.0
0.0
0.0
0.0
0.0
0.0
0.0
0.0
0.0
0.0
0.0
0.0
0.0
0.0
0.0
0.0
0.0
0.0
0.0
0.0
0.0
0.0
0.0
0.0
0.0
0.0
0.0
0.0
0.0
0.0
0.0
0.0
0.0
0.0
0.0
0.0
0.0
0.0
0.0
0.0
0.0
0.0
0.0
0.0
0.0
0.0
0.0
0.0
0.0
0.0
0.0
0.0
0.0
0.0
0.0
0.0
0.0
0.0
0.0
0.0
0.0
0.0
0.0
0.0
0.0
0.0
0.0
0.0
0.0
0.0
0.0
0.0
0.0
0.0
0.0
0.0
0.0
0.0
0.0
0.0
0.0
0.0
0.0
0.0
0.0
0.0
0.0
0.0
0.0
0.0
0.0
0.0
0.0
0.0
0.0
0.0
0.0
0.0
0.0
0.0
0.0
0.0
0.0
0.0
0.0
0.0
0.0
0.0
0.0
0.0
0.0
0.0
0.0
0.0
0.0
0.0
0.0
0.0
0.0
0.0
0.0
40.0
193476.0
16.0
208896.0
0.0
0.0
0.0
0.0
0.0
0.0
0.0
0.0
0.0
0.0
0.0
0.0
0.0
0.0
0.0
0.0
0.0
0.0
0.0
0.0
0.0
0.0
0.0
0.0
